Date,Open,High,Low,Close,Volume,Adj Close
2012-12-21,4.69,4.8375,4.59,4.83,9500,4.83
2012-12-20,4.53,4.70,4.50,4.70,7200,4.70
2012-12-19,4.54,4.70,4.50,4.58,6700,4.58
2012-12-18,4.70,4.70,4.6101,4.65,2500,4.65
2012-12-17,4.70,4.70,4.70,4.70,1000,4.70
2012-12-14,4.715,4.715,4.715,4.715,000,4.715
2012-12-13,4.81,4.9299,4.715,4.715,500,4.715
2012-12-12,4.70,4.76,4.60,4.736,8000,4.736
2012-12-11,4.75,4.83,4.71,4.73,3400,4.73
2012-12-10,4.79,4.97,4.78,4.86,3400,4.86
2012-12-07,4.70,4.71,4.65,4.70,7600,4.70
2012-12-06,4.69,4.85,4.60,4.85,7900,4.85
2012-12-05,4.70,4.73,4.69,4.7101,6800,4.7101
2012-12-04,4.61,4.70,4.61,4.6868,7300,4.6868
2012-12-03,4.53,4.70,4.50,4.70,14000,4.70
2012-11-30,4.6501,4.70,4.56,4.61,4300,4.61
2012-11-29,4.74,4.7736,4.66,4.71,29000,4.71
2012-11-28,4.83,4.85,4.68,4.76,3800,4.76
2012-11-27,4.65,4.72,4.50,4.62,6500,4.62
2012-11-26,4.58,5.03,4.51,4.62,5600,4.62
2012-11-23,4.95,5.08,4.50,4.50,18300,4.50
2012-11-22,4.4799,4.4799,4.4799,4.4799,000,4.4799
2012-11-21,4.48,4.48,4.4799,4.4799,1100,4.4799
2012-11-20,4.38,4.50,4.38,4.47,9000,4.47
2012-11-19,4.37,4.399,4.21,4.356,8300,4.356
2012-11-16,4.35,4.47,4.35,4.47,800,4.47
2012-11-15,4.39,4.39,4.3501,4.3501,1100,4.3501
2012-11-14,4.39,4.39,4.39,4.39,100,4.39
2012-11-13,4.41,4.75,4.40,4.74,11100,4.74
2012-11-12,4.35,4.35,4.35,4.35,000,4.35
2012-11-09,4.30,4.40,4.30,4.35,6600,4.35
2012-11-08,4.33,4.35,4.30,4.35,2400,4.35
2012-11-07,4.40,4.40,4.40,4.40,300,4.40
2012-11-06,4.35,4.40,4.35,4.40,27700,4.40
2012-11-05,4.20,4.35,4.18,4.35,3500,4.35
2012-11-02,4.465,4.465,4.465,4.465,200,4.465
2012-11-01,4.42,4.47,4.42,4.47,1500,4.47
2012-10-31,4.40,4.50,4.10,4.50,11300,4.50
2012-10-30,4.40,4.40,4.40,4.40,000,4.40
2012-10-29,4.40,4.40,4.40,4.40,000,4.40
2012-10-26,4.48,4.48,4.40,4.40,1400,4.40
2012-10-25,4.47,4.47,4.47,4.47,100,4.47
2012-10-24,4.46,4.46,4.46,4.46,100,4.46
2012-10-23,4.47,4.47,4.445,4.445,2200,4.445
2012-10-22,4.48,4.48,4.48,4.48,100,4.48
2012-10-19,4.38,4.63,4.36,4.50,3300,4.50
2012-10-18,4.60,4.60,4.60,4.60,000,4.60
2012-10-17,4.60,4.60,4.60,4.60,000,4.60
2012-10-16,4.60,4.60,4.60,4.60,000,4.60
2012-10-15,4.64,4.64,4.60,4.60,2500,4.60
2012-10-12,4.61,4.63,4.46,4.60,7800,4.60
2012-10-11,4.61,4.75,4.36,4.60,11800,4.60
2012-10-10,4.68,4.68,4.68,4.68,300,4.68
2012-10-09,4.60,4.60,4.60,4.60,100,4.60
2012-10-08,4.64,4.64,4.64,4.64,100,4.64
2012-10-05,4.68,4.75,4.53,4.60,6400,4.60
2012-10-04,4.69,4.69,4.69,4.69,100,4.69
2012-10-03,4.60,4.73,4.60,4.73,300,4.73
2012-10-02,4.73,4.73,4.73,4.73,100,4.73
2012-10-01,4.58,4.645,4.50,4.645,11800,4.645
2012-09-28,4.66,4.66,4.53,4.53,500,4.53
2012-09-27,4.73,4.73,4.60,4.62,700,4.62
2012-09-26,4.70,4.70,4.70,4.70,600,4.70
2012-09-25,4.65,4.65,4.65,4.65,100,4.65
2012-09-24,4.45,4.58,4.45,4.58,2000,4.58
2012-09-21,4.58,4.63,4.50,4.63,2600,4.63
2012-09-20,4.52,4.75,4.41,4.75,14800,4.75
2012-09-19,4.70,4.99,4.60,4.61,2300,4.61
2012-09-18,4.48,4.70,4.471,4.70,4900,4.70
2012-09-17,4.7792,4.7792,4.7792,4.7792,000,4.7792
2012-09-14,4.7792,4.7792,4.7792,4.7792,000,4.7792
2012-09-13,4.79,4.80,4.75,4.7792,3200,4.7792
2012-09-12,4.71,4.71,4.71,4.71,100,4.71
2012-09-11,4.68,4.68,4.68,4.68,000,4.68
2012-09-10,4.65,4.65,4.65,4.65,10000,4.65
2012-09-07,4.50,4.50,4.50,4.50,2300,4.50
2012-09-06,4.45,4.8472,4.41,4.50,2900,4.50
2012-09-05,4.60,4.9299,4.59,4.60,4300,4.60
2012-09-04,4.73,5.00,4.73,5.00,700,5.00
2012-09-03,4.54,4.54,4.54,4.54,000,4.54
2012-08-31,4.55,4.55,4.54,4.54,1000,4.54
2012-08-30,4.51,4.56,4.40,4.40,2500,4.40
2012-08-29,4.53,4.53,4.51,4.51,1000,4.51
2012-08-28,4.54,4.57,4.54,4.56,4100,4.56
2012-08-27,4.40,4.40,4.40,4.40,000,4.40
2012-08-24,4.40,4.40,4.40,4.40,000,4.40
2012-08-23,4.40,4.40,4.40,4.40,000,4.40
2012-08-22,4.40,4.40,4.40,4.40,000,4.40
2012-08-21,4.40,4.40,4.40,4.40,900,4.40
2012-08-20,4.48,4.48,4.48,4.48,100,4.48
2012-08-17,4.41,4.49,4.41,4.47,5800,4.47
2012-08-16,4.40,4.40,4.40,4.40,000,4.40
2012-08-15,4.39,4.40,4.39,4.40,10800,4.40
2012-08-14,4.46,4.46,4.39,4.40,11300,4.40
2012-08-13,4.45,4.45,4.42,4.42,3800,4.42
2012-08-10,4.40,4.42,4.40,4.42,5100,4.42
2012-08-09,4.35,4.35,4.35,4.35,000,4.35
2012-08-08,4.50,4.50,4.35,4.35,1900,4.35
2012-08-07,4.54,4.54,4.54,4.54,300,4.54
2012-08-06,4.34,4.34,4.34,4.34,000,4.34
2012-08-03,4.34,4.34,4.34,4.34,300,4.34
2012-08-02,4.40,4.40,4.40,4.40,000,4.40
2012-08-01,4.48,4.48,4.40,4.40,4000,4.40
2012-07-31,4.40,4.45,4.40,4.45,3300,4.45
2012-07-30,4.34,4.41,4.34,4.40,9100,4.40
2012-07-27,4.39,4.5499,4.35,4.45,2900,4.45
2012-07-26,4.34,4.376,4.34,4.35,1400,4.35
2012-07-25,4.34,4.516,4.34,4.35,1800,4.35
2012-07-24,4.39,4.39,4.34,4.34,1800,4.34
2012-07-23,4.45,4.51,4.40,4.51,300,4.51
2012-07-20,4.34,4.34,4.34,4.34,000,4.34
2012-07-19,4.29,4.34,4.29,4.34,4200,4.34
2012-07-18,4.45,4.45,4.45,4.45,100,4.45
2012-07-17,4.59,4.61,4.46,4.46,700,4.46
2012-07-16,4.29,4.29,4.29,4.29,500,4.29
2012-07-13,4.37,4.37,4.37,4.37,000,4.37
2012-07-12,4.37,4.37,4.37,4.37,000,4.37
2012-07-11,4.37,4.37,4.37,4.37,000,4.37
2012-07-10,4.38,4.41,4.36,4.37,1000,4.37
2012-07-09,4.34,4.34,4.34,4.34,000,4.34
2012-07-06,4.34,4.3652,4.33,4.34,1100,4.34
2012-07-05,4.66,4.66,4.66,4.66,100,4.66
2012-07-04,4.335,4.335,4.335,4.335,000,4.335
2012-07-03,4.335,4.335,4.335,4.335,000,4.335
2012-07-02,4.335,4.335,4.335,4.335,000,4.335
2012-06-29,4.335,4.335,4.335,4.335,000,4.335
2012-06-28,4.335,4.335,4.335,4.335,000,4.335
2012-06-27,4.28,4.335,4.28,4.335,600,4.335
2012-06-26,4.23,4.39,4.22,4.29,5300,4.29
2012-06-25,4.23,4.23,4.19,4.19,200,4.19
2012-06-22,4.18,4.27,4.18,4.27,700,4.27
2012-06-21,4.18,4.18,4.18,4.18,1500,4.18
2012-06-20,4.22,4.22,4.22,4.22,8400,4.22
2012-06-19,4.18,4.20,4.18,4.19,1500,4.19
2012-06-18,4.36,4.36,3.50,4.19,18800,4.19
2012-06-15,4.31,4.43,4.10,4.43,1800,4.43
2012-06-14,4.22,4.35,4.2001,4.2001,1600,4.2001
2012-06-13,4.40,4.40,4.08,4.08,10800,4.08
2012-06-12,4.26,4.31,4.22,4.25,5900,4.25
2012-06-11,4.30,4.35,4.25,4.34,3900,4.34
2012-06-08,4.27,4.27,4.27,4.27,100,4.27
2012-06-07,4.30,4.30,4.30,4.30,000,4.30
2012-06-06,4.31,4.31,4.29,4.30,3600,4.30
2012-06-05,4.31,4.31,4.01,4.16,5200,4.16
2012-06-04,4.32,4.42,4.30,4.42,11600,4.42
2012-06-01,4.32,4.32,4.26,4.26,400,4.26
2012-05-31,4.34,4.40,4.32,4.32,10900,4.32
2012-05-30,4.31,4.31,4.31,4.31,300,4.31
2012-05-29,4.215,4.40,4.215,4.39,2100,4.39
2012-05-28,4.20,4.20,4.20,4.20,000,4.20
2012-05-25,4.20,4.30,4.20,4.20,45600,4.20
2012-05-24,4.25,4.25,4.25,4.25,300,4.25
2012-05-23,4.30,4.30,4.214,4.25,19200,4.25
2012-05-22,4.06,4.30,4.06,4.30,10700,4.30
2012-05-21,4.15,4.15,3.76,4.09,22300,4.09
2012-05-18,4.30,4.30,3.99,4.10,15000,4.10
2012-05-17,4.29,4.30,4.28,4.30,7100,4.30
2012-05-16,4.21,4.26,4.21,4.26,1100,4.26
2012-05-15,4.09,4.15,4.06,4.15,1300,4.15
2012-05-14,4.37,4.37,4.35,4.37,1100,4.37
2012-05-11,4.49,4.50,4.49,4.50,2900,4.50
2012-05-10,4.45,4.50,4.45,4.49,21700,4.49
2012-05-09,4.49,4.7299,4.49,4.52,17500,4.52
2012-05-08,4.43,4.52,4.42,4.50,22200,4.50
2012-05-07,4.55,4.55,4.53,4.53,22500,4.53
2012-05-04,4.50,4.78,4.39,4.514,84100,4.514
2012-05-03,4.05,4.08,4.03,4.08,2900,4.08
2012-05-02,4.08,4.08,4.08,4.08,000,4.08
2012-05-01,4.08,4.08,4.08,4.08,000,4.08
2012-04-30,4.10,4.10,4.10,4.10,000,4.10
2012-04-27,4.10,4.10,4.10,4.10,000,4.10
2012-04-26,4.10,4.10,4.10,4.10,000,4.10
2012-04-25,4.03,4.16,4.03,4.10,3800,4.10
2012-04-24,4.05,4.05,4.03,4.03,700,4.03
2012-04-23,4.13,4.13,4.03,4.03,1900,4.03
2012-04-20,4.27,4.27,4.27,4.27,000,4.27
2012-04-19,4.27,4.27,4.27,4.27,100,4.27
2012-04-18,4.09,4.09,4.09,4.09,000,4.09
2012-04-17,4.15,4.15,4.09,4.09,900,4.09
2012-04-16,4.23,4.23,4.23,4.23,200,4.23
2012-04-13,4.42,4.42,4.18,4.18,400,4.18
2012-04-12,4.16,4.47,4.05,4.47,1400,4.47
2012-04-11,4.18,4.18,4.18,4.18,100,4.18
2012-04-10,4.11,4.25,4.11,4.20,4800,4.20
2012-04-09,4.08,4.08,4.08,4.08,200,4.08
2012-04-06,4.06,4.06,4.06,4.06,000,4.06
2012-04-05,4.06,4.06,4.06,4.06,200,4.06
2012-04-04,4.13,4.137,4.02,4.074,2400,4.074
2012-04-03,4.09,4.17,4.09,4.17,1800,4.17
2012-04-02,4.05,4.05,4.05,4.05,100,4.05
2012-03-30,4.0932,4.0932,4.05,4.05,2900,4.05
2012-03-29,4.17,4.17,4.17,4.17,1200,4.17
2012-03-28,3.94,4.09,3.94,4.05,6300,4.05
2012-03-27,3.90,3.90,3.90,3.90,100,3.90
2012-03-26,4.02,4.20,3.89,3.89,4100,3.89
2012-03-23,4.00,4.0101,4.00,4.0101,500,4.0101
2012-03-22,4.12,4.1201,3.81,3.81,3800,3.81
2012-03-21,4.16,4.16,4.10,4.10,4700,4.10
2012-03-20,4.17,4.17,4.17,4.17,200,4.17
2012-03-19,4.18,4.21,4.10,4.21,8700,4.21
2012-03-16,4.22,4.22,4.1301,4.22,7400,4.22
2012-03-15,4.22,4.22,4.20,4.22,500,4.22
2012-03-14,4.22,4.31,4.12,4.23,9900,4.23
2012-03-13,4.17,4.17,4.06,4.139,2100,4.139
2012-03-12,4.09,4.23,4.09,4.11,1000,4.11
2012-03-09,4.02,4.186,4.01,4.10,2100,4.10
2012-03-08,4.04,4.04,4.01,4.01,200,4.01
2012-03-07,3.99,4.011,3.99,4.01,8500,4.01
2012-03-06,3.83,4.59,3.83,3.883,4500,3.883
2012-03-05,3.80,4.01,3.80,3.851,3700,3.851
2012-03-02,3.94,3.94,3.78,3.80,14600,3.80
2012-03-01,3.75,4.50,3.60,3.81,25200,3.81
2012-02-29,3.58,3.70,3.55,3.70,4600,3.70
2012-02-28,3.65,3.81,3.65,3.78,5600,3.78
2012-02-27,3.604,3.604,3.604,3.604,000,3.604
2012-02-24,3.62,3.62,3.604,3.604,300,3.604
2012-02-23,3.53,3.631,3.53,3.60,3400,3.60
2012-02-22,3.54,3.55,3.53,3.55,4300,3.55
2012-02-21,3.56,3.65,3.55,3.55,8600,3.55
2012-02-20,3.54,3.54,3.54,3.54,000,3.54
2012-02-17,3.48,3.55,3.48,3.54,6800,3.54
2012-02-16,3.41,3.48,3.404,3.46,5700,3.46
2012-02-15,3.49,3.55,3.49,3.55,10200,3.55
2012-02-14,3.49,3.55,3.48,3.50,19000,3.50
2012-02-13,3.48,3.50,3.46,3.50,4300,3.50
2012-02-10,3.48,3.48,3.48,3.48,000,3.48
2012-02-09,3.55,3.55,3.48,3.48,1800,3.48
2012-02-08,3.44,3.60,3.44,3.5999,7900,3.5999
2012-02-07,3.43,3.43,3.40,3.43,6500,3.43
2012-02-06,3.45,3.496,3.37,3.46,14700,3.46
2012-02-03,3.45,3.45,3.44,3.45,20500,3.45
2012-02-02,3.45,3.47,3.35,3.45,44800,3.45
2012-02-01,3.46,3.49,3.45,3.49,35100,3.49
2012-01-31,3.40,3.47,3.40,3.45,34700,3.45
2012-01-30,3.46,3.46,3.40,3.40,1300,3.40
2012-01-27,3.50,3.53,3.50,3.52,1000,3.52
2012-01-26,3.40,3.44,3.35,3.43,4800,3.43
2012-01-25,3.45,3.46,3.45,3.45,2600,3.45
2012-01-24,3.40,3.50,3.40,3.46,4000,3.46
2012-01-23,3.45,3.45,3.40,3.40,2200,3.40
2012-01-20,3.42,3.42,3.40,3.40,1000,3.40
2012-01-19,3.43,3.54,3.43,3.45,9800,3.45
2012-01-18,3.31,3.36,3.31,3.35,1200,3.35
2012-01-17,3.33,3.47,3.33,3.47,4700,3.47
2012-01-16,3.4999,3.4999,3.4999,3.4999,000,3.4999
2012-01-13,3.50,3.50,3.49,3.4999,700,3.4999
2012-01-12,3.50,3.50,3.48,3.50,1100,3.50
2012-01-11,3.33,3.48,3.33,3.47,700,3.47
2012-01-10,3.38,3.38,3.35,3.35,1500,3.35
2012-01-09,3.43,3.43,3.43,3.43,100,3.43
2012-01-06,3.53,3.61,3.53,3.60,2500,3.60
2012-01-05,3.50,3.50,3.50,3.50,100,3.50
2012-01-04,3.49,3.4955,3.4801,3.4801,1300,3.4801
2012-01-03,3.48,3.48,3.48,3.48,000,3.48
2012-01-02,3.48,3.48,3.48,3.48,000,3.48
2011-12-30,3.41,3.48,3.41,3.48,3300,3.48
2011-12-29,3.50,3.50,3.36,3.40,14300,3.40
2011-12-28,3.36,3.44,3.31,3.44,5700,3.44
2011-12-27,3.54,3.54,3.31,3.31,3500,3.31
2011-12-26,3.4846,3.4846,3.4846,3.4846,000,3.4846
2011-12-23,3.49,3.58,3.3399,3.4846,11100,3.4846
2011-12-22,3.42,3.50,3.40,3.50,2300,3.50
2011-12-21,3.53,3.53,3.35,3.52,9700,3.52
2011-12-20,3.49,3.55,3.40,3.516,12000,3.516
2011-12-19,3.43,3.599,3.35,3.52,2500,3.52
2011-12-16,3.57,3.57,3.48,3.50,5900,3.50
2011-12-15,3.57,3.5912,3.57,3.59,2000,3.59
2011-12-14,3.6101,3.6101,3.6101,3.6101,000,3.6101
2011-12-13,3.65,3.69,3.50,3.6101,12600,3.6101
2011-12-12,3.65,3.65,3.65,3.65,200,3.65
2011-12-09,3.71,3.74,3.71,3.74,300,3.74
2011-12-08,3.80,3.84,3.70,3.70,2500,3.70
2011-12-07,3.85,3.86,3.80,3.82,5800,3.82
2011-12-06,3.82,3.82,3.82,3.82,4100,3.82
2011-12-05,3.82,3.82,3.701,3.71,2900,3.71
2011-12-02,3.80,3.82,3.60,3.75,11400,3.75
2011-12-01,3.77,3.80,3.77,3.77,5100,3.77
2011-11-30,3.45,3.88,3.45,3.77,18600,3.77
2011-11-29,4.70,4.70,3.55,3.62,77600,3.62
2011-11-28,5.14,5.22,5.05,5.22,22800,5.22
2011-11-25,5.15,5.15,5.05,5.05,3700,5.05
2011-11-24,5.05,5.05,5.05,5.05,000,5.05
2011-11-23,5.15,5.15,5.05,5.05,2200,5.05
2011-11-22,5.11,5.23,5.04,5.23,91700,5.23
2011-11-21,5.15,5.20,5.06,5.08,21000,5.08
2011-11-18,5.14,5.19,5.14,5.16,13000,5.16
2011-11-17,5.12,5.2321,5.10,5.12,9600,5.12
2011-11-16,5.25,5.28,5.15,5.15,13700,5.15
2011-11-15,5.15,5.20,5.15,5.20,13900,5.20
2011-11-14,5.23,5.23,5.15,5.15,300,5.15
2011-11-11,5.24,5.36,5.12,5.20,25800,5.20
2011-11-10,5.00,5.15,5.00,5.10,13800,5.10
2011-11-09,5.04,5.16,4.88,4.88,37100,4.88
2011-11-08,5.20,5.20,5.12,5.16,8100,5.16
2011-11-07,5.15,5.15,5.11,5.15,11700,5.15
2011-11-04,5.15,5.20,5.10,5.10,12700,5.10
2011-11-03,5.15,5.20,5.15,5.15,5900,5.15
2011-11-02,5.25,5.25,5.06,5.06,5100,5.06
2011-11-01,5.30,5.30,5.06,5.15,7700,5.15
2011-10-31,5.48,5.50,5.361,5.40,14700,5.40
2011-10-28,5.60,5.60,5.50,5.50,9200,5.50
2011-10-27,5.38,5.60,5.29,5.579,82400,5.579
2011-10-26,5.20,5.30,5.20,5.30,39700,5.30
2011-10-25,5.10,5.19,5.08,5.17,107800,5.17
2011-10-24,5.10,5.132,5.05,5.10,8800,5.10
2011-10-21,5.09,5.10,4.96,5.04,11600,5.04
2011-10-20,5.06,5.06,5.06,5.06,200,5.06
2011-10-19,5.40,5.40,4.95,5.06,21700,5.06
2011-10-18,5.10,5.12,4.83,5.12,33900,5.12
2011-10-17,5.10,5.10,4.92,5.00,3300,5.00
2011-10-14,5.04,5.20,5.00,5.12,12800,5.12
2011-10-13,5.00,5.05,4.99,5.00,22100,5.00
2011-10-12,4.95,5.00,4.90,4.98,18500,4.98
2011-10-11,4.90,4.96,4.90,4.95,4400,4.95
2011-10-10,4.86,4.88,4.83,4.88,1100,4.88
2011-10-06,4.88,4.90,4.80,4.80,4200,4.80
2011-10-05,4.89,4.90,4.80,4.90,3600,4.90
2011-10-04,4.81,4.95,4.66,4.95,4400,4.95
2011-09-29,4.95,4.95,4.83,4.91,500,4.91
2011-09-27,4.93,4.94,4.80,4.82,9700,4.82
2011-09-26,4.93,5.00,4.66,4.81,31400,4.81
2011-09-23,4.81,5.00,4.80,4.89,2000,4.89
2011-09-22,4.82,4.82,4.79,4.79,5800,4.79
2011-09-21,5.10,5.10,5.01,5.01,8100,5.01
2011-09-20,5.10,5.10,5.05,5.05,1400,5.05
2011-09-19,5.00,5.10,5.00,5.10,3300,5.10
2011-09-16,4.74,5.10,4.71,5.09,23200,5.09
2011-09-15,4.70,4.85,4.70,4.81,31200,4.81
2011-09-14,4.77,4.77,4.68,4.68,700,4.68
2011-09-12,5.48,5.54,4.74,4.75,3400,4.75
2011-09-09,4.75,4.75,4.68,4.70,9400,4.70
2011-09-08,4.72,4.78,4.72,4.74,1900,4.74
2011-09-07,4.55,4.84,4.55,4.70,1700,4.70
2011-09-06,4.65,4.65,4.35,4.48,4700,4.48
2011-09-02,4.52,4.85,4.52,4.60,9800,4.60
2011-09-01,4.54,4.55,4.50,4.55,1000,4.55
2011-08-31,4.70,4.85,4.60,4.60,1800,4.60
2011-08-30,4.83,4.90,4.75,4.75,4000,4.75
2011-08-29,4.81,4.89,4.80,4.89,600,4.89
2011-08-26,4.81,4.81,4.70,4.80,20100,4.80
2011-08-25,4.88,4.88,4.80,4.84,7200,4.84
2011-08-24,4.93,5.00,4.731,4.83,8300,4.83
2011-08-23,4.67,4.99,4.67,4.90,5700,4.90
2011-08-19,4.78,4.80,4.69,4.70,2400,4.70
2011-08-18,4.67,4.70,4.501,4.70,1100,4.70
2011-08-16,4.63,4.7469,4.501,4.65,12200,4.65
2011-08-15,4.60,4.65,4.60,4.65,10200,4.65
2011-08-12,4.64,4.65,4.51,4.60,10100,4.60
2011-08-11,4.55,4.64,4.55,4.64,3800,4.64
2011-08-10,4.55,4.57,4.511,4.511,20000,4.511
2011-08-09,4.65,4.70,4.55,4.55,17900,4.55
2011-08-08,4.90,4.90,4.61,4.61,6000,4.61
2011-08-05,5.07,5.15,4.7499,5.00,17700,5.00
2011-08-04,5.04,5.07,4.8728,5.03,18100,5.03
2011-08-03,5.13,5.13,5.01,5.02,4000,5.02
2011-08-02,5.15,5.15,5.05,5.10,10400,5.10
2011-08-01,5.00,5.15,5.00,5.15,7100,5.15
2011-07-29,5.31,5.341,4.89,5.10,84800,5.10
2011-07-28,5.51,5.72,5.25,5.25,381600,5.25
2011-07-27,4.55,4.6492,4.3701,4.55,2300,4.55
2011-07-26,4.59,4.60,4.52,4.52,10700,4.52
2011-07-25,4.54,4.54,4.38,4.389,1800,4.389
2011-07-22,4.67,4.67,4.64,4.65,11800,4.65
2011-07-20,4.60,4.7334,4.568,4.66,3400,4.66
2011-07-19,4.75,4.75,4.50,4.58,4200,4.58
2011-07-18,4.70,4.70,4.61,4.65,1300,4.65
2011-07-15,4.84,4.84,4.70,4.72,2200,4.72
2011-07-13,4.65,4.85,4.54,4.80,5200,4.80
2011-07-12,4.75,4.80,4.57,4.57,5400,4.57
2011-07-08,4.67,4.83,4.67,4.83,1400,4.83
2011-07-07,4.68,4.75,4.50,4.50,3800,4.50
2011-07-06,4.80,4.80,4.50,4.63,7800,4.63
2011-07-05,4.82,4.82,4.79,4.80,1300,4.80
2011-06-30,4.94,5.001,4.90,4.90,4600,4.90
2011-06-29,4.83,4.99,4.82,4.95,8900,4.95
2011-06-28,4.85,4.85,4.80,4.80,1700,4.80
2011-06-27,4.75,4.79,4.742,4.79,2300,4.79
2011-06-24,4.93,4.99,4.92,4.99,1000,4.99
2011-06-23,4.91,5.01,4.705,4.96,1300,4.96
2011-06-22,4.60,4.95,4.60,4.8499,8900,4.8499
2011-06-21,4.59,4.979,4.56,4.58,2400,4.58
2011-06-20,4.84,4.84,4.70,4.79,30500,4.79
2011-06-17,5.04,5.05,4.81,4.81,16700,4.81
2011-06-16,4.99,5.0501,4.99,5.05,12900,5.05
2011-06-15,5.02,5.1001,4.85,5.06,4200,5.06
2011-06-14,5.19,5.19,5.00,5.04,7100,5.04
2011-06-13,5.30,5.40,5.16,5.40,6900,5.40
2011-06-10,5.03,5.27,5.00,5.25,3600,5.25
2011-06-09,4.90,5.07,4.90,5.06,7300,5.06
2011-06-08,4.94,4.96,4.85,4.85,3800,4.85
2011-06-07,4.94,4.98,4.94,4.94,4700,4.94
2011-06-06,4.77,4.91,4.76,4.84,5400,4.84
2011-06-03,5.15,5.15,4.75,4.79,9500,4.79
2011-06-02,5.24,5.452,5.00,5.22,2200,5.22
2011-06-01,5.41,5.41,5.20,5.24,4300,5.24
2011-05-31,5.57,5.689,5.401,5.46,13400,5.46
2011-05-27,5.76,5.76,5.64,5.64,1200,5.64
2011-05-26,5.70,5.79,5.70,5.79,800,5.79
2011-05-25,5.66,5.991,5.66,5.77,3800,5.77
2011-05-24,5.50,5.76,5.50,5.76,1300,5.76
2011-05-23,5.39,5.56,5.39,5.50,3300,5.50
2011-05-20,6.01,6.01,5.50,5.50,25900,5.50
2011-05-19,6.19,6.412,6.01,6.0299,10000,6.0299
2011-05-18,6.32,6.32,6.10,6.10,14000,6.10
2011-05-17,6.68,6.68,6.30,6.30,46100,6.30
2011-05-16,6.80,6.979,6.65,6.65,19400,6.65
2011-05-13,6.88,6.95,6.79,6.80,12100,6.80
2011-05-12,6.76,6.79,6.7357,6.79,6400,6.79
2011-05-11,6.62,6.709,6.62,6.67,11300,6.67
2011-05-10,6.52,6.53,6.51,6.53,2300,6.53
2011-05-09,6.65,6.68,6.606,6.606,8300,6.606
2011-05-06,6.55,6.95,6.45,6.65,21400,6.65
2011-05-05,6.45,6.56,6.45,6.55,37400,6.55
2011-05-04,6.60,6.60,6.25,6.40,3600,6.40
2011-05-03,6.80,6.90,6.60,6.60,32500,6.60
2011-05-02,6.83,6.95,6.83,6.95,9600,6.95
2011-04-29,6.70,6.83,6.65,6.65,2800,6.65
2011-04-28,6.65,6.71,6.60,6.71,5500,6.71
2011-04-27,6.45,6.52,6.45,6.52,1900,6.52
2011-04-26,6.65,6.659,6.61,6.61,5500,6.61
2011-04-25,7.00,7.00,6.51,6.62,48000,6.62
2011-04-21,6.39,6.5999,6.39,6.46,15600,6.46
2011-04-20,6.25,6.60,6.249,6.25,46200,6.25
2011-04-19,6.15,6.40,6.15,6.26,14300,6.26
2011-04-18,6.30,6.4388,6.00,6.12,66900,6.12
2011-04-15,5.50,6.48,5.50,6.25,69800,6.25
2011-04-13,5.29,5.29,5.29,5.29,000,5.29
2011-04-12,5.28,5.50,5.28,5.40,1200,5.40
2011-04-11,5.30,5.30,5.16,5.271,900,5.271
2011-04-08,5.72,5.749,5.364,5.364,900,5.364
2011-04-07,5.34,5.40,5.10,5.15,7500,5.15
2011-04-06,5.21,5.26,5.10,5.15,3400,5.15
2011-04-05,5.15,5.27,5.15,5.27,400,5.27
2011-04-04,5.87,5.3401,5.17,5.321,2000,5.321
2011-03-31,5.56,5.56,5.55,5.55,2500,5.55
2011-03-28,5.50,5.508,5.45,5.45,2400,5.45
2011-03-25,5.09,5.34,5.09,5.32,3200,5.32
2011-03-24,4.98,5.00,4.98,5.00,1100,5.00
2011-03-23,4.87,4.99,4.81,4.99,1600,4.99
2011-03-21,5.00,5.08,4.94,5.08,5600,5.08
2011-03-18,4.90,4.9082,4.90,4.90,300,4.90
2011-03-17,4.91,4.96,4.91,4.95,800,4.95
2011-03-16,4.96,4.98,4.949,4.95,2000,4.95
2011-03-15,4.84,4.9599,4.83,4.94,1200,4.94
2011-03-14,4.87,4.88,4.80,4.80,3900,4.80
2011-03-11,4.65,4.76,4.65,4.76,5100,4.76
2011-03-10,4.72,4.92,4.70,4.90,1600,4.90
2011-03-09,4.78,5.00,4.78,4.9201,3500,4.9201
2011-03-08,4.95,4.98,4.95,4.98,200,4.98
2011-03-07,4.97,4.98,4.76,4.8001,7200,4.8001
2011-03-04,4.90,4.90,4.80,4.80,300,4.80
2011-03-02,4.63,4.69,4.62,4.667,15800,4.667
2011-03-01,4.74,4.75,4.6101,4.75,3100,4.75
2011-02-28,4.77,4.802,4.61,4.61,4500,4.61
2011-02-25,4.61,4.995,4.61,4.87,2400,4.87
2011-02-24,4.61,4.61,4.55,4.55,2000,4.55
2011-02-22,4.60,4.60,4.56,4.60,1600,4.60
2011-02-18,4.73,5.00,4.71,4.72,1800,4.72
2011-02-17,4.99,5.00,4.85,4.85,600,4.85
2011-02-16,4.75,4.75,4.63,4.65,2900,4.65
2011-02-15,4.52,4.60,4.52,4.60,700,4.60
2011-02-14,4.67,4.68,4.52,4.60,17200,4.60
2011-02-11,4.67,4.67,4.67,4.67,400,4.67
2011-02-10,4.82,4.82,4.75,4.75,800,4.75
2011-02-09,4.84,4.88,4.66,4.71,1300,4.71
2011-02-08,4.93,5.00,4.688,4.80,2600,4.80
2011-02-07,4.68,4.99,4.61,4.89,5500,4.89
2011-02-04,5.20,5.26,5.02,5.02,700,5.02
2011-02-03,4.84,5.87,4.84,5.201,7600,5.201
2011-02-02,4.89,4.90,4.89,4.8999,1200,4.8999
2011-02-01,4.65,4.90,4.42,4.80,4000,4.80
2011-01-31,4.66,5.08,4.65,5.03,800,5.03
2011-01-27,4.52,5.00,4.52,4.95,2400,4.95
2011-01-26,4.87,5.00,4.7718,4.90,15100,4.90
2011-01-25,4.52,5.00,4.301,4.89,8000,4.89
2011-01-24,4.56,4.65,4.40,4.4612,3900,4.4612
2011-01-21,4.70,4.70,4.50,4.60,2200,4.60
2011-01-20,4.49,4.86,4.47,4.86,4900,4.86
2011-01-19,4.75,4.9899,4.3301,4.915,1500,4.915
2011-01-18,5.00,5.17,4.75,5.00,2700,5.00
2011-01-14,4.90,4.90,4.862,4.90,1100,4.90
2011-01-13,4.98,5.0499,4.76,4.80,2900,4.80
2011-01-12,4.75,5.13,4.75,4.878,10800,4.878
2011-01-11,4.66,4.67,4.66,4.6699,500,4.6699
2011-01-10,4.69,4.81,4.66,4.67,7200,4.67
2011-01-07,4.59,4.98,4.50,4.67,17400,4.67
2011-01-06,4.18,4.39,4.18,4.36,28900,4.36
2011-01-04,4.13,4.13,4.13,4.13,000,4.13
2011-01-03,4.00,4.20,4.00,4.11,1300,4.11
2010-12-31,3.82,3.89,3.82,3.89,500,3.89
2010-12-30,3.72,4.084,3.72,4.084,500,4.084
2010-12-29,3.51,4.17,3.36,4.06,6700,4.06
2010-12-28,3.96,4.00,3.92,4.00,900,4.00
2010-12-27,3.96,3.96,3.96,3.96,100,3.96
2010-12-23,3.63,4.00,3.63,4.00,6300,4.00
2010-12-21,3.43,3.44,3.31,3.44,1300,3.44
2010-12-20,3.57,3.60,3.55,3.55,3100,3.55
2010-12-17,3.50,3.518,3.50,3.518,4000,3.518
2010-12-13,3.54,3.54,3.50,3.50,300,3.50
2010-12-09,3.50,3.59,3.50,3.59,500,3.59
2010-12-08,3.59,3.59,3.38,3.50,15100,3.50
2010-12-07,3.59,3.60,3.59,3.60,800,3.60
2010-12-06,3.60,3.64,3.57,3.57,9900,3.57
2010-12-03,3.59,3.60,3.57,3.60,1200,3.60
2010-12-02,3.60,3.65,3.30,3.31,6800,3.31
2010-12-01,3.38,3.40,3.30,3.30,14100,3.30
2010-11-30,3.41,3.41,3.30,3.30,29800,3.30
2010-11-26,3.65,3.65,3.60,3.60,400,3.60
2010-11-24,3.63,3.6699,3.63,3.63,200,3.63
2010-11-23,3.30,3.59,3.25,3.5899,7500,3.5899
2010-11-22,3.15,3.30,3.15,3.30,14300,3.30
2010-11-19,3.20,3.20,3.15,3.20,1100,3.20
2010-11-18,3.20,3.20,3.15,3.1501,2900,3.1501
2010-11-17,3.15,3.15,3.15,3.15,400,3.15
2010-11-16,3.07,3.10,3.03,3.05,38800,3.05
2010-11-15,3.10,3.11,3.06,3.06,1500,3.06
2010-11-11,3.09,3.10,3.08,3.09,400,3.09
2010-11-10,3.20,3.20,3.1999,3.20,5000,3.20
2010-11-09,3.19,3.30,3.19,3.20,2200,3.20
2010-11-08,3.25,3.25,3.25,3.25,400,3.25
2010-11-05,3.25,3.25,3.09,3.25,6200,3.25
2010-11-04,2.91,3.031,2.91,3.031,1700,3.031
2010-11-02,3.21,3.21,3.2099,3.2099,2000,3.2099
2010-11-01,3.09,3.17,3.03,3.16,15900,3.16
2010-10-29,2.87,2.93,2.8497,2.92,4500,2.92
2010-10-28,2.70,2.70,2.70,2.70,200,2.70
2010-10-27,2.70,2.70,2.70,2.70,1000,2.70
2010-10-25,2.68,2.68,2.65,2.66,4500,2.66
2010-10-22,2.68,2.68,2.68,2.68,1100,2.68
2010-10-21,2.77,2.77,2.67,2.67,5700,2.67
2010-10-20,2.72,2.96,2.701,2.78,7200,2.78
2010-10-19,2.75,2.76,2.72,2.75,8700,2.75
2010-10-18,2.82,2.85,2.75,2.85,5900,2.85
2010-10-15,2.69,2.98,2.65,2.97,6700,2.97
2010-10-14,2.76,2.76,2.74,2.74,8600,2.74
2010-10-11,2.79,2.79,2.79,2.79,100,2.79
2010-10-08,2.81,2.81,2.80,2.80,3600,2.80
2010-10-07,2.85,2.86,2.80,2.80,7100,2.80
2010-10-06,2.85,2.8501,2.85,2.85,900,2.85
2010-10-05,2.85,2.85,2.85,2.85,100,2.85
2010-10-04,2.83,2.886,2.80,2.81,1500,2.81
2010-09-30,2.80,2.84,2.80,2.84,500,2.84
2010-09-29,2.82,2.82,2.80,2.80,1600,2.80
2010-09-23,2.81,3.17,2.81,2.97,1700,2.97
2010-09-22,2.85,2.85,2.85,2.85,100,2.85
2010-09-21,2.95,2.99,2.9401,2.99,400,2.99
2010-09-20,3.15,3.15,3.10,3.10,200,3.10
2010-09-17,2.75,3.19,2.65,3.19,16500,3.19
2010-09-16,2.7696,2.7696,2.7696,2.7696,600,2.7696
2010-09-15,2.92,2.92,2.74,2.80,4700,2.80
2010-09-14,2.75,2.75,2.75,2.75,200,2.75
2010-09-09,2.79,2.79,2.75,2.79,400,2.79
2010-09-08,2.75,2.76,2.75,2.75,2600,2.75
2010-09-02,3.00,3.00,2.70,2.75,12500,2.75
2010-09-01,2.99,2.99,2.99,2.99,300,2.99
2010-08-26,3.00,3.00,3.00,3.00,300,3.00
2010-08-25,3.00,3.0001,2.95,3.00,4400,3.00
2010-08-23,2.95,2.95,2.90,2.90,1200,2.90
2010-08-19,3.14,3.15,2.93,3.00,3400,3.00
2010-08-16,2.94,3.13,2.94,3.05,4600,3.05
2010-08-12,2.96,2.96,2.96,2.96,400,2.96
2010-08-11,2.95,2.95,2.95,2.95,100,2.95
2010-08-10,2.95,2.95,2.95,2.95,300,2.95
2010-08-09,2.96,2.96,2.96,2.96,100,2.96
2010-08-06,3.00,3.30,2.95,3.00,5600,3.00
2010-08-05,3.29,3.29,2.90,3.09,6800,3.09
2010-08-04,2.46,3.42,2.46,3.25,16800,3.25
2010-08-03,2.46,2.46,2.46,2.46,000,2.46
2010-08-02,2.55,2.55,2.54,2.54,2700,2.54
2010-07-30,2.49,2.58,2.46,2.46,3000,2.46
2010-07-29,2.53,2.53,2.50,2.50,1500,2.50
2010-07-28,2.53,2.599,2.53,2.599,1300,2.599
2010-07-27,2.53,2.53,2.53,2.53,300,2.53
2010-07-26,2.53,2.53,2.53,2.53,400,2.53
2010-07-23,2.53,2.53,2.53,2.53,900,2.53
2010-07-20,2.57,2.57,2.53,2.57,500,2.57
2010-07-19,2.56,2.56,2.53,2.53,1000,2.53
2010-07-14,2.53,2.80,2.53,2.53,200,2.53
2010-07-12,2.60,2.605,2.50,2.50,1100,2.50
2010-07-09,2.76,2.77,2.51,2.60,800,2.60
2010-07-08,2.79,2.79,2.51,2.51,400,2.51
2010-07-07,2.79,2.79,2.79,2.79,100,2.79
2010-06-30,2.45,2.80,2.45,2.69,3800,2.69
2010-06-29,2.70,2.70,2.40,2.45,1700,2.45
2010-06-28,2.74,2.87,2.451,2.518,3100,2.518
2010-06-25,2.53,2.53,2.30,2.30,700,2.30
2010-06-24,2.40,2.53,2.35,2.53,3500,2.53
2010-06-23,2.62,2.62,2.499,2.60,9100,2.60
2010-06-21,2.62,2.646,2.62,2.62,1000,2.62
2010-06-18,2.62,2.62,2.62,2.62,300,2.62
2010-06-16,2.65,2.65,2.65,2.65,5300,2.65
2010-06-15,2.655,2.655,2.65,2.65,500,2.65
2010-06-14,2.66,2.66,2.65,2.6501,800,2.6501
2010-06-11,2.66,2.69,2.66,2.67,400,2.67
2010-06-10,2.67,2.67,2.66,2.66,400,2.66
2010-06-04,2.64,2.72,2.64,2.72,1100,2.72
2010-06-01,2.75,2.75,2.75,2.75,200,2.75
2010-05-28,2.76,2.84,2.62,2.84,1000,2.84
2010-05-27,2.48,3.0024,2.48,2.90,5000,2.90
2010-05-26,2.55,2.55,2.55,2.55,500,2.55
2010-05-25,2.77,2.80,2.31,2.46,19300,2.46
2010-05-24,2.80,2.80,2.80,2.80,5000,2.80
2010-05-21,2.90,2.90,2.90,2.90,1100,2.90
2010-05-20,2.90,2.90,2.80,2.80,1100,2.80
2010-05-19,2.79,3.12,2.79,2.89,900,2.89
2010-05-18,2.92,2.99,2.74,2.7401,3300,2.7401
2010-05-14,2.85,2.92,2.85,2.91,400,2.91
2010-05-13,2.85,2.85,2.85,2.85,1100,2.85
2010-05-12,2.77,2.9599,2.77,2.8955,2200,2.8955
2010-05-11,2.77,2.90,2.75,2.79,1100,2.79
2010-05-10,2.85,3.00,2.85,3.00,5100,3.00
2010-05-07,2.83,2.858,2.75,2.858,2500,2.858
2010-05-06,3.00,3.09,2.84,2.85,2900,2.85
2010-05-05,3.10,3.25,3.01,3.09,3500,3.09
2010-05-04,3.10,3.14,3.10,3.14,500,3.14
2010-05-03,3.20,3.20,3.1001,3.1001,500,3.1001
2010-04-30,3.20,3.20,3.1001,3.1001,200,3.1001
2010-04-29,3.20,3.30,3.18,3.30,1500,3.30
2010-04-28,3.32,3.32,3.10,3.20,3400,3.20
2010-04-27,3.13,3.38,3.10,3.21,3400,3.21
2010-04-26,2.83,3.135,2.825,3.10,19800,3.10
2010-04-23,2.96,3.00,2.62,2.82,17900,2.82
2010-04-22,2.87,2.90,2.868,2.892,6100,2.892
2010-04-21,3.01,3.01,3.01,3.01,1900,3.01
2010-04-20,2.98,3.185,2.93,3.04,6900,3.04
2010-04-19,2.94,2.95,2.94,2.95,1800,2.95
2010-04-16,2.84,2.85,2.58,2.73,7900,2.73
2010-04-15,2.84,2.84,2.5565,2.59,10200,2.59
2010-04-13,2.59,2.60,2.59,2.60,1600,2.60
2010-04-12,2.70,2.7001,2.54,2.60,3000,2.60
2010-04-08,2.54,2.58,2.54,2.54,400,2.54
2010-04-07,2.54,2.54,2.54,2.54,200,2.54
2010-04-06,2.53,2.70,2.53,2.70,2700,2.70
2010-04-05,2.53,2.60,2.53,2.60,200,2.60
2010-04-01,2.47,2.50,2.47,2.50,100,2.50
2010-03-31,2.47,2.55,2.47,2.50,500,2.50
2010-03-30,2.47,2.47,2.47,2.47,1100,2.47
2010-03-29,2.58,2.58,2.50,2.50,1100,2.50
2010-03-26,2.68,2.68,2.50,2.535,6400,2.535
2010-03-25,2.64,2.65,2.64,2.65,1100,2.65
2010-03-24,2.61,2.64,2.61,2.61,7100,2.61
2010-03-23,2.50,2.65,2.50,2.65,3000,2.65
2010-03-22,2.50,2.65,2.50,2.65,7800,2.65
2010-03-19,2.55,2.55,2.55,2.55,200,2.55
2010-03-16,2.50,2.5899,2.47,2.50,2300,2.50
2010-03-12,2.60,2.605,2.58,2.605,11300,2.605
2010-03-11,2.55,2.60,2.55,2.60,10700,2.60
2010-03-10,2.59,2.61,2.59,2.60,5200,2.60
2010-03-09,2.50,2.50,2.50,2.50,500,2.50
2010-03-05,2.54,2.69,2.50,2.50,1900,2.50
2010-03-03,2.55,2.68,2.51,2.51,1500,2.51
2010-03-01,2.53,2.53,2.5001,2.51,400,2.51
2010-02-26,2.57,2.94,2.57,2.77,600,2.77
2010-02-25,2.61,2.61,2.50,2.51,1700,2.51
2010-02-24,2.59,2.59,2.59,2.59,100,2.59
2010-02-23,2.72,2.72,2.49,2.50,8000,2.50
2010-02-22,2.93,2.93,2.52,2.58,1900,2.58
2010-02-19,2.58,3.00,2.51,2.862,8100,2.862
2010-02-18,2.57,2.57,2.35,2.432,7500,2.432
2010-02-17,2.67,2.67,2.40,2.46,11500,2.46
2010-02-16,2.61,2.75,2.61,2.75,2500,2.75
2010-02-12,2.46,2.901,2.36,2.71,5500,2.71
2010-02-11,2.60,2.80,2.56,2.6999,4600,2.6999
2010-02-10,2.60,2.60,2.3575,2.3575,600,2.3575
2010-02-09,3.06,3.06,2.61,2.61,2500,2.61
2010-02-08,2.66,2.8499,2.62,2.84,1000,2.84
2010-02-05,2.81,3.17,2.60,3.17,6300,3.17
2010-02-04,2.77,2.8299,2.60,2.8299,4600,2.8299
2010-02-02,2.99,2.99,2.99,2.99,200,2.99
2010-02-01,2.89,2.89,2.89,2.89,600,2.89
2010-01-29,2.80,2.9599,2.80,2.9599,600,2.9599
2010-01-26,2.62,2.62,2.62,2.62,300,2.62
2010-01-22,2.802,2.802,2.75,2.7501,600,2.7501
2010-01-20,3.02,3.07,2.91,2.97,1300,2.97
2010-01-13,3.14,3.20,3.14,3.14,300,3.14
2010-01-12,2.92,3.1701,2.76,3.1701,2000,3.1701
2010-01-07,3.00,3.00,3.00,3.00,100,3.00
2010-01-06,2.75,3.25,2.60,3.24,4100,3.24
2010-01-04,3.14,3.27,3.14,3.26,1000,3.26
2009-12-31,3.02,3.35,2.60,2.85,22700,2.85
2009-12-30,3.33,3.62,2.75,2.76,6800,2.76
2009-12-29,3.74,3.74,3.74,3.74,1500,3.74
2009-12-28,3.56,3.56,3.50,3.50,600,3.50
2009-12-23,3.50,3.50,3.15,3.48,2700,3.48
2009-12-22,3.83,3.83,3.50,3.501,4500,3.501
2009-12-21,3.12,3.56,3.02,3.31,4100,3.31
2009-12-18,2.50,3.99,2.30,3.94,26400,3.94
2009-12-16,2.73,2.73,2.47,2.47,900,2.47
2009-12-15,2.36,2.36,2.30,2.30,2400,2.30
2009-12-14,2.43,2.43,2.32,2.32,12500,2.32
2009-12-11,2.45,2.47,2.38,2.38,1300,2.38
2009-12-10,2.69,2.7299,2.69,2.69,600,2.69
2009-12-08,2.46,2.74,2.45,2.45,2800,2.45
2009-12-07,2.69,2.70,2.30,2.60,2200,2.60
2009-12-03,2.25,2.70,2.25,2.70,000,2.70
2009-12-02,2.62,2.6799,2.20,2.20,2900,2.20
2009-12-01,2.28,2.68,2.05,2.07,2900,2.07
2009-11-25,2.67,2.70,2.67,2.70,600,2.70
2009-11-23,2.15,2.689,2.01,2.15,4700,2.15
2009-11-13,2.71,2.71,2.22,2.22,200,2.22
2009-11-11,2.20,2.21,2.17,2.17,1400,2.17
2009-11-10,2.20,2.47,2.20,2.20,1000,2.20
2009-11-09,2.20,2.20,2.20,2.20,1000,2.20
2009-11-06,2.23,2.245,2.23,2.23,700,2.23
2009-11-05,2.28,2.28,2.23,2.23,4300,2.23
2009-11-04,2.23,2.23,2.23,2.23,500,2.23
2009-10-30,2.44,2.4401,2.44,2.4401,1800,2.4401
2009-10-29,2.45,2.45,2.45,2.45,200,2.45
2009-10-28,2.44,2.51,2.44,2.44,2000,2.44
2009-10-26,2.67,2.67,2.53,2.535,4400,2.535
2009-10-23,2.70,2.71,2.52,2.69,2500,2.69
2009-10-22,2.72,2.73,2.425,2.73,5600,2.73
2009-10-21,2.64,2.69,2.605,2.69,2500,2.69
2009-10-20,2.22,2.35,2.21,2.21,700,2.21
2009-10-19,2.36,2.40,2.36,2.3799,1300,2.3799
2009-10-16,2.38,2.38,2.2095,2.38,600,2.38
2009-10-15,2.35,2.44,2.25,2.25,1500,2.25
2009-10-14,2.59,2.67,2.31,2.31,8200,2.31
2009-10-13,2.75,2.75,2.2001,2.57,1500,2.57
2009-10-12,2.24,2.49,2.2301,2.456,1600,2.456
2009-10-09,2.48,2.48,2.48,2.48,200,2.48
2009-10-08,2.19,2.55,2.15,2.16,11600,2.16
2009-10-07,2.24,2.24,2.04,2.06,8200,2.06
2009-10-06,2.33,2.6885,2.15,2.26,900,2.26
2009-10-05,2.34,2.58,2.3306,2.58,1000,2.58
2009-10-01,2.59,2.59,2.59,2.59,100,2.59
2009-09-30,2.27,2.6212,2.15,2.60,5700,2.60
2009-09-29,2.321,2.70,2.32,2.32,1300,2.32
2009-09-28,2.34,2.34,2.34,2.34,200,2.34
2009-09-25,2.50,2.525,2.13,2.30,15700,2.30
2009-09-24,2.60,2.60,2.59,2.60,15000,2.60
2009-09-23,2.65,2.9605,2.55,2.56,9200,2.56
2009-09-22,2.60,2.70,2.5995,2.60,47000,2.60
2009-09-21,2.68,2.68,2.50,2.60,4900,2.60
2009-09-18,2.51,2.68,2.51,2.68,600,2.68
2009-09-17,2.671,2.671,2.671,2.671,100,2.671
2009-09-16,2.67,2.68,2.67,2.68,5500,2.68
2009-09-15,2.55,2.729,2.5057,2.5536,6600,2.5536
2009-09-14,2.44,2.73,2.38,2.73,1100,2.73
2009-09-11,2.7685,2.7685,2.7685,2.7685,100,2.7685
2009-09-10,2.6799,2.68,2.40,2.6799,8000,2.6799
2009-09-09,2.41,2.80,2.41,2.80,800,2.80
2009-09-08,2.9872,2.9872,2.9872,2.9872,100,2.9872
2009-09-04,2.85,2.85,2.85,2.85,000,2.85
2009-09-03,2.85,2.85,2.85,2.85,000,2.85
2009-09-02,2.35,2.85,2.35,2.85,500,2.85
2009-09-01,2.35,2.80,2.35,2.75,5100,2.75
2009-08-31,2.85,2.85,2.85,2.85,100,2.85
2009-08-28,2.7775,2.7775,2.35,2.7585,4900,2.7585
2009-08-27,2.50,2.50,2.50,2.50,000,2.50
2009-08-26,2.49,2.50,2.49,2.50,1600,2.50
2009-08-25,2.4899,2.4899,2.4899,2.4899,000,2.4899
2009-08-24,2.72,2.85,2.4899,2.4899,3700,2.4899
2009-08-21,2.20,2.41,2.00,2.20,5600,2.20
2009-08-20,2.20,2.20,2.20,2.20,000,2.20
2009-08-19,2.20,2.20,2.20,2.20,000,2.20
2009-08-18,2.20,2.20,2.20,2.20,000,2.20
2009-08-17,2.20,2.20,2.20,2.20,2800,2.20
2009-08-14,2.98,2.98,2.50,2.50,400,2.50
2009-08-13,2.70,2.70,2.70,2.70,100,2.70
2009-08-12,2.535,2.535,2.535,2.535,400,2.535
2009-08-11,2.55,2.65,2.50,2.56,6600,2.56
2009-08-10,2.55,2.55,2.55,2.55,1000,2.55
2009-08-07,2.7399,2.7399,2.7399,2.7399,000,2.7399
2009-08-06,2.7399,2.7399,2.7399,2.7399,200,2.7399
2009-08-05,2.60,2.60,2.60,2.60,000,2.60
2009-08-04,2.60,2.60,2.60,2.60,000,2.60
2009-08-03,2.60,2.60,2.60,2.60,300,2.60
2009-07-31,2.74,2.74,2.74,2.74,200,2.74
2009-07-30,2.60,2.60,2.60,2.60,000,2.60
2009-07-29,2.60,2.60,2.60,2.60,000,2.60
2009-07-28,2.60,2.60,2.60,2.60,100,2.60
2009-07-27,2.70,2.70,2.65,2.65,600,2.65
2009-07-24,2.74,2.74,2.55,2.5503,1600,2.5503
2009-07-23,2.335,2.50,2.33,2.50,2600,2.50
2009-07-22,2.34,2.34,2.34,2.34,500,2.34
2009-07-21,2.23,2.23,2.23,2.23,000,2.23
2009-07-20,2.20,2.23,2.20,2.23,800,2.23
2009-07-17,2.20,2.20,2.20,2.20,1000,2.20
2009-07-16,2.40,2.738,2.00,2.20,7400,2.20
2009-07-15,2.55,2.55,2.55,2.55,100,2.55
2009-07-14,2.48,2.48,2.48,2.48,000,2.48
2009-07-13,2.48,2.48,2.48,2.48,200,2.48
2009-07-06,2.5999,2.5999,2.5999,2.5999,100,2.5999
2009-06-30,2.50,2.50,2.40,2.40,700,2.40
2009-06-29,2.50,2.50,2.50,2.50,500,2.50
2009-06-26,2.50,2.5001,2.50,2.5001,400,2.5001
2009-06-25,2.56,2.56,2.50,2.51,700,2.51
2009-06-24,2.99,2.99,2.5686,2.60,1300,2.60
2009-06-22,2.56,2.9358,2.56,2.9358,1500,2.9358
2009-06-19,2.57,3.01,2.57,3.01,900,3.01
2009-06-18,2.83,3.02,2.56,3.02,1700,3.02
2009-06-16,3.0812,3.0812,3.0812,3.0812,100,3.0812
2009-06-15,2.70,2.71,2.65,2.65,2400,2.65
2009-06-12,2.56,3.30,2.56,2.99,000,2.99
2009-06-10,3.09,3.10,2.60,2.60,1700,2.60
2009-06-09,2.98,2.98,2.95,2.95,800,2.95
2009-06-08,3.01,3.01,2.66,2.66,5800,2.66
2009-06-05,3.20,3.25,3.20,3.25,1100,3.25
2009-06-03,3.005,3.02,2.97,2.97,500,2.97
2009-06-02,3.02,3.4704,3.02,3.30,600,3.30
2009-06-01,3.015,3.015,3.015,3.015,200,3.015
2009-05-28,3.1901,3.46,3.1901,3.45,800,3.45
2009-05-27,3.10,3.3599,3.10,3.19,1200,3.19
2009-05-26,3.02,3.48,3.02,3.48,2000,3.48
2009-05-22,3.50,3.59,3.50,3.59,300,3.59
2009-05-21,3.50,3.50,3.4001,3.4234,700,3.4234
2009-05-20,3.48,3.49,2.97,3.30,3300,3.30
2009-05-19,2.96,3.30,2.96,3.30,1900,3.30
2009-05-18,2.8999,2.99,2.80,2.97,11700,2.97
2009-05-15,2.4499,2.45,2.442,2.45,3100,2.45
2009-05-14,2.23,2.45,2.23,2.45,3800,2.45
2009-05-13,2.17,2.23,2.17,2.23,1000,2.23
2009-05-12,2.05,2.13,2.05,2.13,10900,2.13
2009-05-11,2.1299,2.13,2.1299,2.13,500,2.13
2009-05-08,2.13,2.17,2.05,2.05,17900,2.05
2009-05-07,2.12,2.12,2.09,2.10,1600,2.10
2009-05-06,2.33,2.33,2.265,2.265,4500,2.265
2009-05-05,2.30,2.35,2.30,2.30,6900,2.30
2009-05-04,2.25,2.30,2.18,2.30,6200,2.30
2009-04-30,2.10,2.11,2.10,2.10,17600,2.10
2009-04-29,2.15,2.15,2.05,2.05,3500,2.05
2009-04-28,2.10,2.10,2.0294,2.10,3000,2.10
2009-04-27,1.90,2.06,1.90,2.05,2000,2.05
2009-04-24,2.00,2.05,2.00,2.05,700,2.05
2009-04-23,1.90,1.95,1.90,1.95,3400,1.95
2009-04-22,1.90,1.90,1.90,1.90,4300,1.90
2009-04-21,1.90,1.95,1.90,1.95,3500,1.95
2009-04-20,1.95,1.95,1.95,1.95,9200,1.95
2009-04-17,1.952,1.952,1.952,1.952,1000,1.952
2009-04-16,1.95,1.95,1.95,1.95,500,1.95
2009-04-14,1.95,1.9999,1.95,1.982,19800,1.982
2009-04-13,1.95,1.95,1.91,1.95,3800,1.95
2009-04-09,1.90,1.90,1.90,1.90,500,1.90
2009-04-08,2.00,2.00,1.98,1.98,21400,1.98
2009-04-07,1.98,1.98,1.98,1.98,1000,1.98
2009-04-06,1.98,1.98,1.98,1.98,500,1.98
2009-04-01,1.97,1.98,1.97,1.98,800,1.98
2009-03-30,1.99,2.00,1.99,2.00,5300,2.00
2009-03-26,2.10,2.10,2.10,2.10,700,2.10
2009-03-25,2.20,2.21,1.85,1.85,3000,1.85
2009-03-24,1.99,1.99,1.98,1.99,1600,1.99
2009-03-23,1.65,1.65,1.65,1.65,700,1.65
2009-03-20,1.65,1.65,1.641,1.6499,4000,1.6499
2009-03-19,1.63,1.65,1.63,1.65,1200,1.65
2009-03-18,1.65,1.65,1.65,1.65,800,1.65
2009-03-17,1.65,1.66,1.65,1.66,700,1.66
2009-03-16,1.75,1.75,1.70,1.74,4300,1.74
2009-03-13,1.75,1.75,1.75,1.75,200,1.75
2009-03-11,1.75,1.75,1.72,1.75,2100,1.75
2009-03-10,1.61,1.76,1.61,1.72,2100,1.72
2009-03-06,1.45,1.852,1.30,1.852,400,1.852
2009-03-05,2.19,2.20,1.68,1.734,3300,1.734
2009-03-04,1.65,2.20,1.545,2.19,26500,2.19
2009-03-03,1.5001,1.693,1.50,1.52,3600,1.52
2009-03-02,1.42,1.50,1.42,1.50,1200,1.50
2009-02-27,1.42,1.74,1.42,1.73,2700,1.73
2009-02-25,2.22,2.24,2.09,2.09,2100,2.09
2009-02-24,2.2499,2.2499,2.05,2.05,1400,2.05
2009-02-20,2.06,2.4001,2.05,2.0501,3200,2.0501
2009-02-19,2.94,2.95,1.54,2.47,9600,2.47
2009-02-18,2.89,3.00,2.65,2.8001,91200,2.8001
2009-02-17,2.90,3.05,2.50,2.90,4100,2.90
2009-02-13,1.66,2.00,1.66,2.00,7500,2.00
2009-02-12,1.75,2.05,1.7499,2.00,10100,2.00
2009-02-11,1.8899,2.03,1.68,1.95,3100,1.95
2009-02-10,1.30,2.58,1.30,1.72,12100,1.72
2009-02-09,1.41,1.47,1.20,1.25,6100,1.25
2009-02-06,1.47,1.47,1.05,1.17,9300,1.17
2009-02-05,1.48,1.48,1.1596,1.47,800,1.47
2009-02-04,1.10,1.10,1.10,1.10,1900,1.10
2009-02-02,1.15,1.15,1.05,1.05,1100,1.05
2009-01-30,1.49,1.49,0.8801,1.05,4500,1.05
2009-01-29,1.64,1.65,1.25,1.26,2900,1.26
2009-01-28,1.60,1.60,1.35,1.60,5400,1.60
2009-01-26,1.495,1.55,1.495,1.55,200,1.55
2009-01-23,1.45,1.45,1.45,1.45,1500,1.45
2009-01-22,1.66,1.66,1.50,1.52,60100,1.52
2009-01-21,1.45,1.45,1.45,1.45,600,1.45
2009-01-20,1.62,1.62,1.6199,1.6199,1600,1.6199
2009-01-16,1.69,1.70,1.5004,1.5004,3000,1.5004
2009-01-15,1.45,1.45,1.35,1.45,3700,1.45
2009-01-14,1.69,1.69,1.46,1.46,300,1.46
2009-01-13,1.50,1.50,1.45,1.45,5000,1.45
2009-01-12,1.50,1.50,1.50,1.50,2100,1.50
2009-01-09,1.38,1.53,1.38,1.46,700,1.46
2009-01-08,1.39,1.51,1.38,1.38,1300,1.38
2009-01-07,1.485,1.79,1.45,1.45,2600,1.45
2009-01-06,1.52,2.26,1.40,1.46,5100,1.46
2009-01-05,2.28,2.28,1.38,1.38,300,1.38
2009-01-02,1.57,1.57,1.57,1.57,100,1.57
2008-12-31,1.54,1.54,1.35,1.39,22500,1.39
2008-12-30,1.45,1.64,1.45,1.56,10900,1.56
2008-12-29,1.74,1.74,1.45,1.45,14600,1.45
2008-12-26,1.74,1.91,1.65,1.70,33000,1.70
2008-12-24,1.78,1.80,1.7399,1.74,2900,1.74
2008-12-23,1.97,1.99,1.65,1.80,18500,1.80
2008-12-22,1.80,1.97,1.65,1.97,5600,1.97
2008-12-19,1.88,2.39,1.77,1.86,12300,1.86
2008-12-18,2.05,2.06,1.89,1.89,2700,1.89
2008-12-16,2.24,2.24,1.93,2.06,2100,2.06
2008-12-15,2.44,2.75,2.20,2.21,7900,2.21
2008-12-12,2.83,2.83,2.02,2.22,7600,2.22
2008-12-11,1.58,2.55,1.48,2.45,11400,2.45
2008-12-10,1.62,1.72,1.58,1.58,5800,1.58
2008-12-09,1.56,1.60,1.4999,1.55,26800,1.55
2008-12-08,1.76,1.76,1.35,1.35,22900,1.35
2008-12-05,1.64,2.02,1.60,1.735,28700,1.735
2008-12-04,2.27,2.36,1.02,1.56,17800,1.56
2008-12-03,2.04,2.40,2.00,2.14,9600,2.14
2008-12-02,2.55,2.55,1.99,2.0001,6100,2.0001
2008-12-01,2.39,2.40,2.032,2.36,5200,2.36
2008-11-26,2.22,2.50,2.14,2.16,6400,2.16
2008-11-25,2.58,2.58,2.01,2.06,8100,2.06
2008-11-24,2.33,2.81,2.32,2.38,10500,2.38
2008-11-21,2.55,2.60,2.34,2.60,1500,2.60
2008-11-20,2.61,2.89,2.55,2.63,400,2.63
2008-11-19,3.20,3.20,2.56,3.15,3500,3.15
2008-11-18,3.26,3.45,2.73,2.91,3200,2.91
2008-11-17,3.14,3.45,2.65,3.45,8300,3.45
2008-11-14,3.05,3.44,3.05,3.44,4100,3.44
2008-11-13,3.47,3.47,3.47,3.47,000,3.47
2008-11-12,3.47,3.47,3.47,3.47,100,3.47
2008-11-11,3.39,3.39,3.39,3.39,000,3.39
2008-11-10,3.39,3.39,3.39,3.39,000,3.39
2008-11-07,3.02,3.60,3.02,3.39,9200,3.39
2008-11-06,3.45,3.70,3.20,3.60,7400,3.60
2008-11-05,3.74,3.89,3.058,3.44,3600,3.44
2008-11-04,3.74,3.88,3.70,3.85,5900,3.85
2008-11-03,3.51,3.63,3.50,3.63,900,3.63
2008-10-31,3.62,3.62,3.62,3.62,000,3.62
2008-10-30,3.54,3.89,2.92,3.62,000,3.62
2008-10-29,3.58,3.89,3.01,3.89,6100,3.89
2008-10-28,3.28,3.59,2.61,3.57,4100,3.57
2008-10-27,3.75,3.76,2.55,2.936,19700,2.936
2008-10-24,3.40,3.75,3.15,3.70,7000,3.70
2008-10-23,3.05,3.75,2.78,3.56,7200,3.56
2008-10-22,3.16,3.78,3.16,3.38,000,3.38
2008-10-21,3.72,3.75,3.72,3.75,300,3.75
2008-10-20,3.73,3.78,3.07,3.78,9800,3.78
2008-10-17,3.50,3.67,2.60,3.39,19700,3.39
2008-10-16,3.89,3.96,2.56,3.74,8300,3.74
2008-10-15,2.93,3.85,2.80,3.85,2300,3.85
2008-10-14,3.79,3.90,3.79,3.89,5300,3.89
2008-10-13,3.80,3.80,3.51,3.70,1500,3.70
2008-10-10,3.23,3.90,3.22,3.90,1500,3.90
2008-10-09,3.65,3.90,3.65,3.87,1000,3.87
2008-10-08,3.97,3.97,3.00,3.97,400,3.97
2008-10-07,3.54,3.68,3.10,3.10,2200,3.10
2008-10-06,3.80,3.80,3.80,3.80,000,3.80
2008-10-03,3.80,3.80,3.80,3.80,100,3.80
2008-10-02,3.95,3.95,3.38,3.38,3900,3.38
2008-10-01,3.80,3.80,3.36,3.80,1600,3.80
2008-09-30,3.895,3.90,3.80,3.80,1300,3.80
2008-09-29,3.88,3.90,3.356,3.90,1500,3.90
2008-09-26,3.87,3.95,3.81,3.90,2400,3.90
2008-09-25,3.98,3.99,3.25,3.53,1900,3.53
2008-09-24,3.99,3.99,3.967,3.99,1700,3.99
2008-09-23,3.88,3.89,3.586,3.615,2300,3.615
2008-09-22,3.59,3.94,3.11,3.90,6700,3.90
2008-09-19,3.75,3.75,3.05,3.21,5500,3.21
2008-09-18,3.18,3.24,3.046,3.15,1800,3.15
2008-09-17,3.12,3.12,2.93,2.93,2000,2.93
2008-09-16,3.11,3.35,3.11,3.11,2300,3.11
2008-09-15,3.11,3.51,3.11,3.20,700,3.20
2008-09-12,3.38,3.50,3.26,3.47,4800,3.47
2008-09-11,3.57,3.58,3.57,3.58,600,3.58
2008-09-10,3.45,3.45,3.45,3.45,400,3.45
2008-09-09,3.44,3.79,3.44,3.61,3500,3.61
2008-09-08,3.75,3.90,3.515,3.90,12200,3.90
2008-09-05,3.81,3.87,3.67,3.86,2100,3.86
2008-09-04,4.03,4.16,3.64,3.69,14200,3.69
2008-09-03,3.94,3.95,3.79,3.79,3700,3.79
2008-09-02,3.53,4.00,3.53,4.00,8800,4.00
2008-08-29,3.95,3.95,3.41,3.50,12700,3.50
2008-08-28,3.17,3.92,3.04,3.87,16700,3.87
2008-08-27,2.58,2.72,2.58,2.69,5600,2.69
2008-08-26,2.71,2.71,2.67,2.67,6200,2.67
2008-08-25,2.70,2.70,2.70,2.70,1300,2.70
2008-08-22,2.81,2.85,2.71,2.75,3500,2.75
2008-08-21,2.76,3.25,2.60,2.75,13600,2.75
2008-08-20,2.90,2.90,2.83,2.88,7300,2.88
2008-08-19,2.52,3.05,2.52,2.843,12200,2.843
2008-08-18,2.40,2.54,2.32,2.32,900,2.32
2008-08-15,2.37,3.22,2.35,2.40,14900,2.40
2008-08-14,2.37,2.43,2.37,2.38,5600,2.38
2008-08-13,2.45,2.50,2.37,2.42,17200,2.42
2008-08-12,2.46,2.49,2.45,2.46,10600,2.46
2008-08-11,2.52,2.52,2.44,2.46,50100,2.46
2008-08-08,2.52,2.65,2.52,2.52,7100,2.52
2008-08-07,2.63,2.685,2.48,2.53,239800,2.53
2008-08-06,2.75,2.94,2.63,2.70,15500,2.70
2008-08-05,2.61,2.66,2.53,2.66,9900,2.66
2008-08-04,2.50,2.56,2.50,2.50,13000,2.50
2008-08-01,2.55,2.55,2.33,2.40,47100,2.40
2008-07-31,2.62,2.62,2.45,2.45,62000,2.45
2008-07-30,3.1099,3.1099,2.59,2.59,44800,2.59
2008-07-29,3.062,3.062,2.82,2.93,22900,2.93
2008-07-28,3.25,3.25,2.95,2.95,32600,2.95
2008-07-25,3.31,3.31,3.26,3.26,6700,3.26
2008-07-24,3.35,3.41,3.26,3.29,9000,3.29
2008-07-23,3.77,3.80,3.03,3.30,24700,3.30
2008-07-22,3.65,3.75,3.65,3.67,17100,3.67
2008-07-21,3.83,3.83,3.73,3.73,900,3.73
2008-07-18,3.68,4.00,3.68,3.78,12900,3.78
2008-07-17,3.68,3.68,3.68,3.68,400,3.68
2008-07-16,3.68,3.75,3.68,3.68,800,3.68
2008-07-15,3.68,3.689,3.68,3.68,2200,3.68
2008-07-14,3.75,3.75,3.69,3.75,10900,3.75
2008-07-11,3.68,3.69,3.68,3.68,1300,3.68
2008-07-10,3.71,3.71,3.69,3.69,400,3.69
2008-07-09,3.92,3.92,3.70,3.70,400,3.70
2008-07-08,4.00,4.00,3.70,4.00,2200,4.00
2008-07-07,3.72,3.72,3.72,3.72,7100,3.72
2008-07-03,3.68,3.68,3.68,3.68,600,3.68
2008-07-02,3.68,3.68,3.68,3.68,600,3.68
2008-07-01,3.68,3.68,3.68,3.68,500,3.68
2008-06-30,3.60,3.68,3.60,3.68,1100,3.68
2008-06-27,3.59,3.63,3.58,3.60,22400,3.60
2008-06-26,3.61,3.79,3.46,3.56,40500,3.56
2008-06-25,3.81,3.85,3.81,3.83,1100,3.83
2008-06-24,3.60,3.82,3.60,3.75,3700,3.75
2008-06-23,3.72,3.72,3.60,3.61,1500,3.61
2008-06-20,3.61,4.00,3.61,3.80,10000,3.80
2008-06-19,3.61,3.65,3.61,3.65,500,3.65
2008-06-18,3.69,3.69,3.69,3.69,000,3.69
2008-06-17,3.68,3.83,3.68,3.69,1100,3.69
2008-06-16,3.65,3.67,3.61,3.63,2000,3.63
2008-06-13,3.76,3.98,3.65,3.73,10200,3.73
2008-06-12,3.89,3.94,3.76,3.80,12900,3.80
2008-06-11,3.90,3.93,3.88,3.88,600,3.88
2008-06-10,3.89,4.02,3.88,3.88,2300,3.88
2008-06-09,4.01,4.01,3.87,3.91,900,3.91
2008-06-06,4.18,4.25,3.85,4.16,2800,4.16
2008-06-05,3.85,4.00,3.85,3.85,5700,3.85
2008-06-04,4.12,4.39,3.25,3.97,36100,3.97
2008-06-03,4.35,4.35,4.20,4.20,12200,4.20
2008-06-02,4.32,4.32,4.30,4.31,2600,4.31
2008-05-30,4.30,4.395,4.30,4.395,2700,4.395
2008-05-29,4.30,4.30,4.30,4.30,1700,4.30
2008-05-28,4.30,4.45,4.30,4.45,3200,4.45
2008-05-27,4.61,4.657,4.20,4.31,10000,4.31
2008-05-23,4.82,4.94,4.80,4.80,100500,4.80
2008-05-22,4.73,4.75,4.48,4.66,900,4.66
2008-05-21,4.80,4.80,4.46,4.55,7800,4.55
2008-05-20,4.87,4.87,4.53,4.83,4000,4.83
2008-05-19,4.93,4.98,4.86,4.95,2600,4.95
2008-05-16,4.86,5.31,4.86,4.95,1700,4.95
2008-05-15,4.91,5.03,4.85,4.87,2000,4.87
2008-05-14,5.19,5.25,4.90,4.97,12600,4.97
2008-05-13,5.05,5.25,5.05,5.24,700,5.24
2008-05-12,4.93,5.16,4.93,5.16,400,5.16
2008-05-09,5.03,5.92,4.93,4.93,5600,4.93
2008-05-08,5.21,5.46,5.03,5.03,700,5.03
2008-05-07,5.17,5.37,5.17,5.29,800,5.29
2008-05-06,5.13,5.37,5.13,5.30,1000,5.30
2008-05-05,5.15,5.48,5.15,5.26,900,5.26
2008-05-02,5.28,5.28,5.20,5.20,400,5.20
2008-05-01,5.34,5.44,5.34,5.36,1000,5.36
2008-04-30,5.02,5.30,5.02,5.30,1500,5.30
2008-04-29,5.02,5.05,5.02,5.04,600,5.04
2008-04-28,5.07,5.07,5.04,5.04,1300,5.04
2008-04-25,5.11,5.16,5.11,5.14,1100,5.14
2008-04-24,5.00,5.05,5.00,5.00,2300,5.00
2008-04-23,5.05,5.08,5.00,5.00,9200,5.00
2008-04-22,5.10,5.48,5.00,5.06,4600,5.06
2008-04-21,5.56,5.89,4.90,5.00,23800,5.00
2008-04-18,5.74,5.83,5.07,5.50,50900,5.50
2008-04-17,5.12,5.74,5.07,5.64,14400,5.64
2008-04-16,5.08,5.85,5.07,5.15,18200,5.15
2008-04-15,5.01,5.12,5.01,5.07,3600,5.07
2008-04-14,5.01,5.10,5.01,5.02,8800,5.02
2008-04-11,5.12,5.19,5.10,5.10,8000,5.10
2008-04-10,5.11,5.12,5.10,5.10,2200,5.10
2008-04-09,5.10,5.25,5.10,5.10,5000,5.10
2008-04-08,5.11,5.11,5.10,5.10,1000,5.10
2008-04-07,5.11,5.20,5.10,5.15,6600,5.15
2008-04-04,5.35,5.82,5.16,5.16,6900,5.16
2008-04-03,5.30,5.35,5.30,5.32,900,5.32
2008-04-02,5.16,5.35,5.16,5.24,2100,5.24
2008-04-01,5.13,5.26,5.10,5.16,26700,5.16
2008-03-31,5.19,5.32,5.19,5.23,4000,5.23
2008-03-28,5.15,5.16,5.06,5.06,12100,5.06
2008-03-27,5.34,5.45,5.31,5.31,13100,5.31
2008-03-26,5.51,5.51,5.42,5.50,24200,5.50
2008-03-25,5.56,5.87,5.56,5.56,21400,5.56
2008-03-24,5.04,5.75,4.95,5.61,101300,5.61
2008-03-20,5.10,5.10,4.98,5.10,56900,5.10
2008-03-19,5.19,5.50,5.00,5.00,30500,5.00
2008-03-18,5.84,5.84,5.18,5.18,2800,5.18
2008-03-17,5.59,5.59,5.59,5.59,000,5.59
2008-03-14,5.59,5.59,5.59,5.59,100,5.59
2008-03-13,5.53,5.88,5.53,5.66,16400,5.66
2008-03-12,5.30,5.54,5.30,5.35,21300,5.35
2008-03-11,5.20,5.30,5.18,5.30,2500,5.30
2008-03-10,5.27,5.27,5.13,5.21,1800,5.21
2008-03-07,5.48,5.49,5.27,5.31,6100,5.31
2008-03-06,5.60,5.60,5.46,5.46,1900,5.46
2008-03-05,5.46,5.50,5.45,5.50,200,5.50
2008-03-04,5.95,5.95,5.28,5.52,38600,5.52
2008-03-03,6.01,6.01,5.95,5.95,23500,5.95
2008-02-29,6.00,6.12,5.98,5.98,29900,5.98
2008-02-28,6.00,6.03,5.95,6.02,53400,6.02
2008-02-27,6.00,6.05,5.99,6.00,45600,6.00
2008-02-26,6.05,6.12,6.00,6.03,109900,6.03
2008-02-25,6.10,6.14,6.00,6.00,1600,6.00
2008-02-22,6.35,6.35,6.12,6.12,700,6.12
2008-02-21,6.40,6.40,6.12,6.12,600,6.12
2008-02-20,6.14,6.50,6.14,6.50,200,6.50
2008-02-19,6.10,6.19,6.10,6.14,600,6.14
2008-02-15,6.05,6.05,6.05,6.05,200,6.05
2008-02-14,6.02,6.09,6.02,6.05,000,6.05
2008-02-13,5.90,6.03,5.90,6.03,1600,6.03
2008-02-12,5.86,5.93,5.86,5.88,1000,5.88
2008-02-11,5.87,5.87,5.83,5.86,2100,5.86
2008-02-08,5.90,5.93,5.85,5.93,3400,5.93
2008-02-07,6.01,6.03,5.90,5.90,5200,5.90
2008-02-06,6.09,6.09,5.95,5.95,1000,5.95
2008-02-05,6.41,6.41,6.00,6.01,7600,6.01
2008-02-04,6.639,6.639,6.639,6.639,400,6.639
2008-02-01,6.39,6.69,6.39,6.59,400,6.59
2008-01-31,6.45,6.45,6.22,6.36,1600,6.36
2008-01-30,6.11,6.24,6.05,6.15,300,6.15
2008-01-29,6.21,6.21,6.21,6.21,000,6.21
2008-01-28,6.21,6.21,6.21,6.21,000,6.21
2008-01-25,6.42,6.42,6.42,6.42,000,6.42
2008-01-24,6.33,6.42,6.33,6.42,1500,6.42
2008-01-23,6.34,6.34,6.18,6.23,1000,6.23
2008-01-22,6.35,6.35,5.872,6.142,22100,6.142
2008-01-18,6.75,6.75,6.40,6.46,4400,6.46
2008-01-17,6.81,6.82,6.58,6.69,1300,6.69
2008-01-16,6.70,6.77,6.62,6.69,3000,6.69
2008-01-15,6.7968,6.95,6.57,6.77,1800,6.77
2008-01-14,7.07,7.07,6.80,6.95,1300,6.95
2008-01-11,6.99,7.03,6.94,7.03,3000,7.03
2008-01-10,7.07,7.09,7.00,7.00,1800,7.00
2008-01-09,6.93,6.93,6.75,6.75,400,6.75
2008-01-08,6.57,6.81,6.57,6.63,3300,6.63
2008-01-07,6.61,6.61,6.55,6.59,5300,6.59
2008-01-04,6.63,6.63,6.564,6.564,300,6.564
2008-01-03,6.59,6.592,6.51,6.53,2500,6.53
2008-01-02,6.52,6.52,6.52,6.52,000,6.52
2007-12-31,6.61,6.61,6.50,6.52,9900,6.52
2007-12-28,7.05,7.05,6.56,6.60,9900,6.60
2007-12-27,6.90,7.08,6.85,6.85,1100,6.85
2007-12-26,7.24,7.24,7.00,7.08,8300,7.08
2007-12-24,6.71,7.17,6.70,7.17,6200,7.17
2007-12-21,6.55,6.62,6.55,6.57,16100,6.57
2007-12-20,6.55,6.6032,6.50,6.55,6900,6.55
2007-12-19,6.46,6.60,6.45,6.51,27100,6.51
2007-12-18,6.53,6.53,6.40,6.45,7000,6.45
2007-12-17,6.61,6.63,6.54,6.54,5900,6.54
2007-12-14,6.79,6.79,6.25,6.79,5900,6.79
2007-12-13,6.90,7.07,6.90,7.07,2600,7.07
2007-12-12,6.96,7.10,6.96,6.96,4300,6.96
2007-12-11,7.18,7.18,7.00,7.06,2800,7.06
2007-12-10,7.12,7.24,6.976,7.20,3000,7.20
2007-12-07,7.11,7.11,6.64,6.81,2600,6.81
2007-12-06,7.29,7.37,6.25,6.76,8300,6.76
2007-12-05,7.37,7.37,7.37,7.37,1800,7.37
2007-12-04,7.47,7.50,7.37,7.37,2600,7.37
2007-12-03,7.56,7.76,7.40,7.49,11100,7.49
2007-11-30,7.51,7.77,7.47,7.51,3900,7.51
2007-11-29,7.42,7.55,7.42,7.55,1200,7.55
2007-11-28,7.46,7.76,7.42,7.76,1700,7.76
2007-11-27,7.70,7.77,7.70,7.77,900,7.77
2007-11-26,7.81,7.82,7.81,7.82,1900,7.82
2007-11-23,8.04,8.05,8.00,8.04,600,8.04
2007-11-21,8.85,8.85,7.84,7.84,1200,7.84
2007-11-20,7.66,7.86,7.40,7.74,10500,7.74
2007-11-19,7.99,7.99,7.63,7.63,1700,7.63
2007-11-16,7.76,7.76,7.50,7.50,13900,7.50
2007-11-15,7.84,8.09,7.84,8.00,12600,8.00
2007-11-14,7.41,8.44,7.40,7.84,18100,7.84
2007-11-13,8.19,8.19,7.40,7.45,8300,7.45
2007-11-12,8.51,8.54,8.43,8.43,1300,8.43
2007-11-09,8.24,8.68,8.11,8.54,2800,8.54
2007-11-08,8.04,8.25,7.88,8.25,1700,8.25
2007-11-07,8.18,8.18,7.84,7.974,8500,7.974
2007-11-06,8.13,8.20,8.108,8.108,1300,8.108
2007-11-05,8.47,8.50,7.50,8.11,291000,8.11
2007-11-02,8.76,8.76,8.59,8.59,5100,8.59
2007-11-01,9.20,9.20,8.98,8.98,2100,8.98
2007-10-31,9.56,9.57,9.01,9.01,1000,9.01
2007-10-30,9.43,9.43,9.17,9.194,1900,9.194
2007-10-29,9.72,9.72,9.72,9.72,000,9.72
2007-10-26,10.23,10.23,9.52,9.72,2200,9.72
2007-10-25,9.61,10.34,9.55,10.25,70300,10.25
2007-10-24,9.53,9.60,9.40,9.40,4500,9.40
2007-10-23,9.66,9.66,9.51,9.51,700,9.51
2007-10-22,9.72,9.72,9.72,9.72,000,9.72
2007-10-19,9.72,9.72,9.72,9.72,1400,9.72
2007-10-18,9.73,9.73,9.73,9.73,200,9.73
2007-10-17,9.78,9.78,9.78,9.78,100,9.78
2007-10-16,10.25,10.25,9.78,9.78,1500,9.78
2007-10-15,9.738,9.75,9.738,9.75,3800,9.75
2007-10-12,10.05,10.31,9.80,9.81,5700,9.81
2007-10-11,10.00,10.15,10.00,10.05,21400,10.05
2007-10-10,9.95,10.04,9.95,10.04,1500,10.04
2007-10-09,10.11,10.11,10.11,10.11,000,10.11
2007-10-08,10.05,10.12,10.05,10.11,1500,10.11
2007-10-05,10.24,10.34,10.05,10.07,15500,10.07
2007-10-04,10.11,10.11,10.11,10.11,000,10.11
2007-10-03,10.03,10.11,10.02,10.11,1800,10.11
2007-10-02,10.07,10.10,10.02,10.10,2600,10.10
2007-10-01,9.94,10.13,9.90,10.13,9100,10.13
2007-09-28,9.89,9.90,9.81,9.81,3200,9.81
2007-09-27,9.93,9.96,9.80,9.80,3600,9.80
2007-09-26,10.069,10.17,9.96,10.16,8900,10.16
2007-09-25,9.95,10.15,9.95,10.11,3700,10.11
2007-09-24,9.95,9.95,9.95,9.95,000,9.95
2007-09-21,9.81,10.05,9.73,9.95,64500,9.95
2007-09-20,9.931,9.95,9.931,9.95,1800,9.95
2007-09-19,9.946,9.946,9.75,9.89,2100,9.89
2007-09-18,10.06,10.06,9.88,9.88,200,9.88
2007-09-17,10.07,10.10,9.96,10.058,12300,10.058
2007-09-14,10.09,10.10,9.96,10.09,204000,10.09
2007-09-13,9.96,10.00,9.96,10.00,800,10.00
2007-09-12,10.09,10.15,9.93,9.95,12000,9.95
2007-09-11,10.10,10.10,10.00,10.00,4100,10.00
2007-09-10,10.05,10.09,9.99,10.07,10700,10.07
2007-09-07,9.84,10.00,9.83,9.91,15400,9.91
2007-09-06,9.90,9.91,9.85,9.85,300,9.85
2007-09-05,9.83,9.86,9.83,9.85,400,9.85
2007-09-04,9.9221,10.00,9.9221,9.95,19900,9.95
2007-08-31,9.95,9.98,9.92,9.96,13300,9.96
2007-08-30,10.04,10.05,9.95,9.95,19400,9.95
2007-08-29,9.95,10.03,9.85,9.97,25500,9.97
2007-08-28,9.98,10.00,9.91,9.95,14500,9.95
2007-08-27,9.90,10.04,9.90,9.95,36800,9.95
2007-08-24,9.89,10.00,9.88,9.94,93500,9.94
2007-08-23,9.99,9.99,9.44,9.80,41500,9.80
2007-08-22,9.94,10.04,9.86,9.86,6700,9.86
2007-08-21,9.787,9.89,9.50,9.80,26700,9.80
2007-08-20,9.72,9.72,9.40,9.58,16800,9.58
2007-08-17,9.95,9.95,9.72,9.72,23100,9.72
2007-08-16,9.60,9.65,9.27,9.65,18500,9.65
2007-08-15,9.79,9.99,9.57,9.99,16400,9.99
2007-08-14,10.00,10.024,9.80,10.024,14000,10.024
2007-08-13,9.91,10.10,9.91,10.06,12600,10.06
2007-08-10,9.89,10.14,9.878,10.14,50200,10.14
2007-08-09,10.04,10.17,9.96,10.02,45700,10.02
2007-08-08,10.57,10.66,10.08,10.66,12700,10.66
2007-08-07,9.85,10.45,9.85,10.45,13000,10.45
2007-08-06,9.67,9.94,9.52,9.80,13900,9.80
2007-08-03,10.05,10.15,9.50,9.67,146000,9.67
2007-08-02,11.55,11.55,9.82,9.88,68400,9.88
2007-08-01,11.66,11.96,11.66,11.92,000,11.92
2007-07-31,11.80,12.23,11.80,12.23,4500,12.23
2007-07-30,11.99,11.99,11.80,11.80,600,11.80
2007-07-27,12.71,12.71,11.95,11.95,6800,11.95
2007-07-26,12.71,12.75,12.57,12.694,1700,12.694
2007-07-25,12.43,12.84,12.43,12.84,4300,12.84
2007-07-24,12.43,12.51,12.37,12.49,3500,12.49
2007-07-23,12.43,12.52,12.40,12.52,7200,12.52
2007-07-20,12.70,12.70,12.41,12.59,1200,12.59
2007-07-19,12.26,12.55,12.26,12.55,1700,12.55
2007-07-18,12.64,12.65,12.32,12.406,1200,12.406
2007-07-17,12.81,12.81,12.768,12.768,1900,12.768
2007-07-16,12.93,12.94,12.93,12.94,1000,12.94
2007-07-13,12.70,12.85,12.70,12.85,300,12.85
2007-07-12,12.76,12.92,12.75,12.77,6100,12.77
2007-07-11,12.49,12.98,12.49,12.72,60600,12.72
2007-07-10,12.72,12.79,12.60,12.60,12300,12.60
2007-07-09,13.10,13.29,11.71,12.60,33700,12.60
2007-07-06,13.03,13.29,13.03,13.11,11800,13.11
2007-07-05,13.46,13.47,13.02,13.47,80000,13.47
2007-07-03,13.111,13.49,13.10,13.49,2000,13.49
2007-07-02,13.35,13.35,13.13,13.17,3600,13.17
2007-06-29,13.00,13.25,13.00,13.25,3300,13.25
2007-06-28,13.10,13.16,13.10,13.16,2200,13.16
2007-06-27,13.24,13.24,13.00,13.00,3200,13.00
2007-06-26,13.29,13.40,13.14,13.18,5400,13.18
2007-06-25,13.15,13.27,13.13,13.13,1700,13.13
2007-06-22,13.20,13.26,13.20,13.26,700,13.26
2007-06-21,13.40,13.51,13.36,13.45,45600,13.45
2007-06-20,13.75,13.75,13.25,13.25,50800,13.25
2007-06-19,13.80,13.86,13.80,13.86,1300,13.86
2007-06-18,13.93,13.93,13.87,13.87,200,13.87
2007-06-15,13.83,14.05,13.83,13.87,36000,13.87
2007-06-14,13.98,13.98,13.98,13.98,000,13.98
2007-06-13,13.99,14.24,13.92,13.98,2300,13.98
2007-06-12,14.14,14.19,13.91,14.19,2200,14.19
2007-06-11,14.24,14.25,14.13,14.15,3900,14.15
2007-06-08,14.18,14.49,14.18,14.22,9000,14.22
2007-06-07,14.37,14.49,14.35,14.35,109900,14.35
2007-06-06,14.20,14.36,14.20,14.25,1800,14.25
2007-06-05,14.50,14.64,14.47,14.64,8800,14.64
2007-06-04,14.24,14.75,14.24,14.64,14200,14.64
2007-06-01,14.39,14.43,14.32,14.32,18100,14.32
2007-05-31,14.19,14.27,14.19,14.27,1400,14.27
2007-05-30,14.00,14.26,14.00,14.17,65300,14.17
2007-05-29,13.67,14.19,13.67,14.04,14100,14.04
2007-05-25,13.41,13.90,13.41,13.636,2800,13.636
2007-05-24,13.53,13.62,13.38,13.40,19800,13.40
2007-05-23,13.75,13.75,13.55,13.75,22100,13.75
2007-05-22,13.85,13.85,13.64,13.64,2300,13.64
2007-05-21,13.31,13.79,13.31,13.79,93100,13.79
2007-05-18,13.34,13.61,13.34,13.45,18300,13.45
2007-05-17,13.29,13.42,13.29,13.35,19400,13.35
2007-05-16,12.91,13.50,12.91,13.19,233400,13.19
2007-05-15,12.81,12.90,12.70,12.90,71700,12.90
2007-05-14,13.18,13.18,12.75,12.75,13500,12.75
2007-05-11,12.86,13.08,12.86,13.08,18100,13.08
2007-05-10,13.25,13.33,12.90,12.92,16300,12.92
2007-05-09,13.35,13.45,13.35,13.45,8700,13.45
2007-05-08,13.75,13.75,13.33,13.42,11100,13.42
2007-05-07,14.20,14.20,13.85,13.90,12900,13.90
2007-05-04,14.27,14.29,14.25,14.25,2200,14.25
2007-05-03,14.25,14.45,14.25,14.35,12000,14.35
2007-05-02,14.23,14.39,14.23,14.31,2700,14.31
2007-05-01,14.27,14.47,14.27,14.47,16100,14.47
2007-04-30,14.31,14.45,14.30,14.30,6700,14.30
2007-04-27,14.55,14.55,14.55,14.55,000,14.55
2007-04-26,14.55,14.55,14.55,14.55,200,14.55
2007-04-25,14.53,14.67,14.53,14.67,1300,14.67
2007-04-24,14.76,14.85,14.32,14.364,6500,14.364
2007-04-23,14.81,14.81,14.81,14.81,100,14.81
2007-04-20,15.21,15.21,15.00,15.21,7300,15.21
2007-04-19,14.95,15.03,14.65,15.00,1700,15.00
2007-04-18,14.90,14.90,14.66,14.75,25700,14.75
2007-04-17,14.74,14.83,14.74,14.83,900,14.83
2007-04-16,14.82,15.01,14.7747,14.838,2900,14.838
2007-04-13,15.38,15.38,14.82,14.82,2000,14.82
2007-04-12,14.59,15.94,14.59,15.94,6200,15.94
2007-04-11,14.70,14.79,14.60,14.79,4300,14.79
2007-04-10,14.74,14.74,14.65,14.65,1000,14.65
2007-04-09,14.62,14.68,14.62,14.65,2500,14.65
2007-04-05,14.67,14.69,14.66,14.69,900,14.69
2007-04-04,14.91,14.94,14.91,14.94,2200,14.94
2007-04-03,15.29,15.38,14.57,14.90,11000,14.90
2007-04-02,15.12,15.38,15.00,15.38,1400,15.38
2007-03-30,15.37,15.54,15.37,15.54,4100,15.54
2007-03-29,15.81,15.81,15.50,15.51,2300,15.51
2007-03-28,15.38,15.85,15.29,15.85,4900,15.85
2007-03-27,15.10,15.48,15.09,15.48,3200,15.48
2007-03-26,14.93,15.38,14.93,15.38,3700,15.38
2007-03-23,15.89,15.89,15.16,15.39,6700,15.39
2007-03-22,15.15,15.40,15.15,15.40,5100,15.40
2007-03-21,15.12,15.22,15.12,15.22,300,15.22
2007-03-20,15.25,15.28,15.25,15.28,1100,15.28
2007-03-19,15.40,15.75,15.06,15.75,3000,15.75
2007-03-16,15.00,15.35,14.90,14.90,3700,14.90
2007-03-15,15.05,15.05,15.011,15.05,1400,15.05
2007-03-14,14.97,14.97,14.41,14.80,5100,14.80
2007-03-13,15.19,15.19,14.95,14.95,1600,14.95
2007-03-12,15.10,15.38,15.10,15.28,2500,15.28
2007-03-09,15.25,15.25,15.17,15.23,3800,15.23
2007-03-08,15.38,15.38,15.30,15.31,1800,15.31
2007-03-07,15.51,15.57,15.38,15.38,2800,15.38
2007-03-06,15.75,15.891,15.50,15.50,5000,15.50
2007-03-05,16.08,16.08,15.75,15.80,2900,15.80
2007-03-02,15.80,15.80,15.80,15.80,10200,15.80
2007-03-01,15.89,16.00,15.75,15.85,27400,15.85
2007-02-28,15.85,16.00,15.85,15.85,3000,15.85
2007-02-27,15.95,15.99,15.90,15.99,15900,15.99
2007-02-26,15.91,16.00,15.90,16.00,2200,16.00
2007-02-23,16.09,16.09,15.98,15.98,52800,15.98
2007-02-22,16.15,16.15,16.00,16.02,8700,16.02
2007-02-21,16.12,16.12,16.12,16.12,100,16.12
2007-02-20,16.15,16.15,16.05,16.10,2000,16.10
2007-02-16,16.01,16.30,16.01,16.14,31800,16.14
2007-02-15,15.89,16.15,15.89,16.15,800,16.15
2007-02-14,15.90,15.948,15.84,15.84,2000,15.84
2007-02-13,16.00,16.08,15.84,15.84,2800,15.84
2007-02-12,16.05,16.05,15.80,15.97,22600,15.97
2007-02-09,16.39,16.39,16.17,16.17,3000,16.17
2007-02-08,16.30,16.31,16.30,16.31,8500,16.31
2007-02-07,16.30,16.357,16.30,16.357,3900,16.357
2007-02-06,16.50,16.50,16.38,16.38,3700,16.38
2007-02-05,16.46,16.62,16.46,16.59,3200,16.59
2007-02-02,16.51,16.60,16.40,16.55,28800,16.55
2007-02-01,16.79,16.79,16.61,16.61,11000,16.61
2007-01-31,16.73,16.78,16.73,16.77,4300,16.77
2007-01-30,16.55,16.60,16.50,16.60,1600,16.60
2007-01-29,16.45,16.59,16.45,16.45,4200,16.45
2007-01-26,16.40,16.45,16.40,16.45,1200,16.45
2007-01-25,16.50,16.50,16.50,16.50,500,16.50
2007-01-24,16.60,16.60,16.57,16.57,400,16.57
2007-01-23,16.79,16.79,16.62,16.62,5500,16.62
2007-01-22,16.77,16.79,16.71,16.79,4700,16.79
2007-01-19,16.52,16.75,16.52,16.75,7100,16.75
2007-01-18,16.70,16.70,16.5054,16.58,3500,16.58
2007-01-17,16.35,16.50,16.35,16.50,2900,16.50
2007-01-16,16.40,16.463,16.40,16.463,400,16.463
2007-01-12,16.30,16.48,16.30,16.413,9800,16.413
2007-01-11,16.16,16.29,16.16,16.29,2100,16.29
2007-01-10,16.02,16.25,16.01,16.25,4600,16.25
2007-01-09,16.17,16.20,16.15,16.186,20900,16.186
2007-01-08,16.28,16.29,16.17,16.19,10500,16.19
2007-01-05,15.90,16.11,15.80,16.11,12500,16.11
2007-01-04,15.89,15.99,15.83,15.93,6600,15.93
2007-01-03,15.60,16.16,15.60,15.89,177600,15.89
2006-12-29,15.64,15.722,15.34,15.65,9600,15.65
2006-12-28,15.73,15.76,15.56,15.74,3800,15.74
2006-12-27,15.83,15.83,15.83,15.83,600,15.83
2006-12-26,15.73,15.88,15.73,15.85,8100,15.85
2006-12-22,15.80,15.89,15.70,15.87,23000,15.87
2006-12-21,15.84,15.84,15.84,15.84,400,15.84
2006-12-20,15.69,15.83,15.69,15.83,8300,15.83
2006-12-19,15.78,15.88,15.46,15.49,7100,15.49
2006-12-18,15.88,16.05,15.84,15.999,3100,15.999
2006-12-15,16.05,16.05,15.88,15.92,5100,15.92
2006-12-14,15.98,15.98,15.88,15.90,3500,15.90
2006-12-13,16.01,16.15,16.00,16.00,1800,16.00
2006-12-12,16.01,16.15,16.00,16.05,3500,16.05
2006-12-11,16.10,16.15,16.08,16.14,6200,16.14
2006-12-08,16.16,16.16,16.11,16.15,2200,16.15
2006-12-07,16.15,16.24,16.15,16.24,1300,16.24
2006-12-06,16.06,16.10,16.06,16.0869,3400,16.0869
2006-12-05,16.09,16.18,16.04,16.04,3400,16.04
2006-12-04,16.04,16.29,16.04,16.29,1100,16.29
2006-12-01,16.29,16.29,16.04,16.04,19800,16.04
2006-11-30,16.06,16.20,16.05,16.20,51500,16.20
2006-11-29,16.15,16.20,16.04,16.15,74200,16.15
2006-11-28,16.15,16.20,16.10,16.10,3200,16.10
2006-11-27,16.40,16.40,16.10,16.15,22000,16.15
2006-11-24,16.40,16.40,16.40,16.40,000,16.40
2006-11-22,16.25,16.48,16.25,16.40,3200,16.40
2006-11-21,16.51,16.51,16.30,16.30,1700,16.30
2006-11-20,15.62,16.60,15.62,16.60,8000,16.60
2006-11-17,15.90,15.90,15.90,15.90,2000,15.90
2006-11-16,15.60,15.85,15.60,15.818,14500,15.818
2006-11-15,15.719,15.72,15.66,15.66,1100,15.66
2006-11-14,16.00,16.00,15.62,15.88,2600,15.88
2006-11-13,15.672,15.90,15.60,15.83,28900,15.83
2006-11-10,15.94,15.95,15.94,15.95,700,15.95
2006-11-09,15.54,16.20,15.54,15.67,16600,15.67
2006-11-08,16.244,16.25,15.94,16.25,6000,16.25
2006-11-07,15.95,16.20,15.95,16.04,2200,16.04
2006-11-06,16.14,16.38,15.977,16.38,2700,16.38
2006-11-03,16.44,16.45,16.09,16.09,2800,16.09
2006-11-02,16.32,16.358,16.25,16.25,1500,16.25
2006-11-01,16.50,16.50,16.45,16.50,14100,16.50
2006-10-31,16.72,16.82,16.49,16.49,300,16.49
2006-10-30,16.35,16.83,16.35,16.83,1700,16.83
2006-10-27,17.10,17.10,16.58,17.08,1100,17.08
2006-10-26,17.10,17.10,17.10,17.10,300,17.10
2006-10-25,17.10,17.10,16.99,16.99,900,16.99
2006-10-24,17.20,17.20,17.10,17.20,400,17.20
2006-10-23,17.03,17.26,17.03,17.26,1900,17.26
2006-10-20,17.28,17.28,17.27,17.27,500,17.27
2006-10-19,17.40,17.40,17.30,17.30,2900,17.30
2006-10-18,16.65,17.39,16.65,17.34,2800,17.34
2006-10-17,16.32,16.82,16.32,16.82,300,16.82
2006-10-16,16.75,16.99,16.75,16.99,3000,16.99
2006-10-13,16.29,17.14,16.29,17.14,800,17.14
2006-10-12,17.10,17.22,17.10,17.139,800,17.139
2006-10-11,16.978,17.10,16.75,17.10,5500,17.10
2006-10-10,16.86,17.00,16.48,17.00,6000,17.00
2006-10-09,16.80,17.04,16.80,17.033,6600,17.033
2006-10-06,16.90,16.90,16.90,16.90,1000,16.90
2006-10-05,16.90,16.90,16.90,16.90,800,16.90
2006-10-04,16.85,16.98,16.85,16.98,2200,16.98
2006-10-03,17.00,17.00,16.899,16.90,1900,16.90
2006-10-02,17.03,17.04,16.90,17.04,3200,17.04
2006-09-29,16.72,16.92,16.60,16.80,1300,16.80
2006-09-28,16.45,16.86,16.45,16.61,4100,16.61
2006-09-27,16.95,17.10,16.15,16.535,9700,16.535
2006-09-26,16.61,16.65,16.55,16.55,2000,16.55
2006-09-25,16.55,16.74,16.55,16.74,2000,16.74
2006-09-22,16.72,16.80,16.60,16.70,1900,16.70
2006-09-21,16.76,16.80,16.652,16.72,900,16.72
2006-09-20,16.95,16.95,16.90,16.90,900,16.90
2006-09-19,16.90,16.90,16.90,16.90,800,16.90
2006-09-18,16.40,16.75,16.40,16.75,2900,16.75
2006-09-15,16.65,16.65,16.65,16.65,500,16.65
2006-09-14,16.50,17.10,16.41,16.93,1300,16.93
2006-09-13,16.783,16.783,16.76,16.76,200,16.76
2006-09-12,16.602,16.90,16.55,16.90,2300,16.90
2006-09-11,16.90,16.90,16.90,16.90,1700,16.90
2006-09-08,17.00,17.11,16.75,17.11,3200,17.11
2006-09-07,16.35,16.94,16.35,16.93,6800,16.93
2006-09-06,16.35,16.91,16.35,16.35,2300,16.35
2006-09-05,16.28,16.95,16.28,16.32,58200,16.32
2006-09-01,16.95,17.05,16.334,17.05,20600,17.05
2006-08-31,17.02,17.02,16.90,16.93,12200,16.93
2006-08-30,17.08,17.08,16.82,16.96,700,16.96
2006-08-29,16.90,17.00,16.90,17.00,2000,17.00
2006-08-28,16.33,17.00,16.33,17.00,4500,17.00
2006-08-25,16.50,16.50,16.50,16.50,200,16.50
2006-08-24,16.41,16.83,15.61,16.50,13800,16.50
2006-08-23,16.50,16.76,16.50,16.76,2500,16.76
2006-08-22,16.90,16.95,16.90,16.95,5200,16.95
2006-08-21,16.90,16.90,16.90,16.90,700,16.90
2006-08-18,16.95,16.95,16.54,16.65,1700,16.65
2006-08-17,16.79,16.93,16.70,16.93,2500,16.93
2006-08-16,16.45,16.75,16.34,16.48,2100,16.48
2006-08-15,16.52,16.70,16.52,16.70,2300,16.70
2006-08-14,16.55,16.55,16.45,16.45,500,16.45
2006-08-11,16.65,16.70,16.239,16.70,1700,16.70
2006-08-10,16.62,16.62,16.36,16.53,2100,16.53
2006-08-09,16.19,16.513,16.14,16.35,10600,16.35
2006-08-08,16.20,16.24,16.15,16.24,2800,16.24
2006-08-07,16.65,16.65,15.53,16.03,14200,16.03
2006-08-04,16.50,16.50,16.50,16.50,1900,16.50
2006-08-03,16.72,16.72,16.70,16.72,2300,16.72
2006-08-02,16.60,17.00,16.60,16.71,2600,16.71
2006-08-01,15.53,16.50,15.53,16.39,27300,16.39
2006-07-31,15.973,16.00,15.48,15.48,5800,15.48
2006-07-28,16.00,16.00,15.82,16.00,1800,16.00
2006-07-27,15.83,15.94,15.72,15.94,600,15.94
2006-07-26,16.00,16.00,15.79,15.94,600,15.94
2006-07-25,16.29,16.39,15.84,16.00,6400,16.00
2006-07-24,15.96,16.01,15.93,16.00,12000,16.00
2006-07-21,15.99,15.99,15.99,15.99,300,15.99
2006-07-20,16.35,16.35,16.10,16.10,1000,16.10
2006-07-19,16.173,16.30,16.173,16.30,2000,16.30
2006-07-18,15.993,15.993,15.993,15.993,400,15.993
2006-07-17,15.98,16.068,15.96,16.046,5000,16.046
2006-07-14,16.40,16.40,16.08,16.15,6200,16.15
2006-07-13,16.29,16.296,16.28,16.29,700,16.29
2006-07-12,16.35,16.35,16.29,16.29,600,16.29
2006-07-11,16.52,16.52,16.40,16.40,8900,16.40
2006-07-10,16.45,16.45,16.45,16.45,100,16.45
2006-07-07,16.52,16.52,16.52,16.52,100,16.52
2006-07-06,16.40,16.40,16.40,16.40,000,16.40
2006-07-05,16.43,16.50,16.40,16.40,2800,16.40
2006-07-03,16.483,16.483,16.483,16.483,100,16.483
2006-06-30,16.43,16.50,16.40,16.40,4500,16.40
2006-06-29,16.40,16.57,16.40,16.57,2000,16.57
2006-06-28,16.58,16.58,16.40,16.43,6100,16.43
2006-06-27,17.47,17.47,16.75,16.79,3500,16.79
2006-06-26,16.76,16.90,16.76,16.81,800,16.81
2006-06-23,16.90,16.90,16.90,16.90,100,16.90
2006-06-22,16.45,16.918,16.45,16.918,200,16.918
2006-06-21,16.78,16.88,16.454,16.83,2000,16.83
2006-06-20,16.50,16.90,16.50,16.90,1200,16.90
2006-06-19,16.77,16.77,16.58,16.65,27300,16.65
2006-06-16,16.57,16.66,16.51,16.66,400,16.66
2006-06-15,16.50,16.50,16.49,16.49,1100,16.49
2006-06-14,16.49,16.49,16.35,16.38,77400,16.38
2006-06-13,16.59,16.59,16.48,16.48,2300,16.48
2006-06-12,16.61,16.61,16.60,16.60,000,16.60
2006-06-09,16.50,16.60,16.50,16.60,1200,16.60
2006-06-08,16.75,16.75,16.50,16.51,11000,16.51
2006-06-07,16.93,16.94,16.69,16.78,9900,16.78
2006-06-06,19.44995,19.44995,19.00996,19.24996,7600,16.7391
2006-06-05,19.15796,19.33001,19.15796,19.33001,2200,16.8087
2006-06-02,19.05998,19.20005,18.86,18.86,4900,16.40
2006-06-01,18.96994,18.99995,18.96994,18.99995,3600,16.5217
2006-05-31,18.90002,18.96994,18.79997,18.79997,7600,16.3478
2006-05-30,18.96994,18.96994,18.79997,18.79997,1300,16.3478
2006-05-26,18.95004,18.95004,18.79997,18.79997,80300,16.3478
2006-05-25,18.74994,18.90002,18.74994,18.84999,16000,16.3913
2006-05-24,18.50005,18.65001,18.50005,18.65001,400,16.2174
2006-05-23,18.90002,18.90002,18.65001,18.65001,800,16.2174
2006-05-22,18.79997,18.79997,18.79997,18.79997,400,16.3478
2006-05-19,18.89001,18.95004,18.45003,18.60999,5400,16.1826
2006-05-18,18.70095,18.74994,18.70004,18.70004,5700,16.2609
2006-05-17,18.84999,18.84999,18.84999,18.84999,100,16.3913
2006-05-16,18.74994,18.74994,18.74994,18.74994,1600,16.3043
2006-05-15,18.70004,18.74994,18.60999,18.74994,10000,16.3043
2006-05-12,18.84999,18.84999,18.70004,18.70004,1600,16.2609
2006-05-11,18.75098,18.75098,18.74994,18.74994,400,16.3043
2006-05-10,18.74994,18.90002,18.74994,18.83999,6800,16.3826
2006-05-09,18.84999,18.84999,18.74994,18.74994,2600,16.3043
2006-05-08,18.84999,18.84999,18.80699,18.84999,1700,16.3913
2006-05-05,18.90002,18.92405,18.82998,18.84999,10000,16.3913
2006-05-04,18.84999,18.84999,18.66002,18.74994,14000,16.3043
2006-05-03,18.84999,18.84999,18.76995,18.81998,125900,16.3652
2006-05-02,18.74994,18.92601,18.72004,18.75995,45600,16.313
2006-05-01,18.71004,18.79997,18.70004,18.74994,8200,16.3043
2006-04-28,18.71004,18.79997,18.70004,18.79997,9200,16.3478
2006-04-27,18.74994,18.84999,18.72303,18.72303,2100,16.2809
2006-04-26,18.70004,18.70004,18.70004,18.70004,900,16.2609
2006-04-25,18.71004,18.74994,18.65001,18.65001,13900,16.2174
2006-04-24,18.67002,18.75995,18.65001,18.75995,7000,16.313
2006-04-21,18.74994,18.83205,18.69003,18.72004,13000,16.2783
2006-04-20,18.65001,18.75995,18.65001,18.67002,61000,16.2348
2006-04-19,18.65104,18.65104,18.65104,18.65104,200,16.2183
2006-04-18,18.95004,18.95004,18.95004,18.95004,400,16.4783
2006-04-17,18.65001,18.65001,18.65001,18.65001,000,16.2174
2006-04-13,18.65001,18.65001,18.65001,18.65001,000,16.2174
2006-04-12,18.65001,18.65001,18.65001,18.65001,000,16.2174
2006-04-11,18.71004,18.71004,18.65001,18.65001,200,16.2174
2006-04-10,18.70004,18.74994,18.65001,18.74994,17400,16.3043
2006-04-07,18.90002,18.90002,18.71004,18.86402,7300,16.4035
2006-04-06,18.84999,18.84999,18.71004,18.74994,3300,16.3043
2006-04-05,18.95004,18.95004,18.84999,18.84999,1300,16.3913
2006-04-04,18.73005,18.73005,18.70004,18.72004,800,16.2783
2006-04-03,18.93003,18.94004,18.72603,18.72603,6200,16.2835
2006-03-31,18.79997,18.79997,18.79997,18.79997,11500,16.3478
2006-03-30,18.80998,18.80998,18.70004,18.79997,1400,16.3478
2006-03-29,18.99995,18.99995,18.95004,18.99995,50300,16.5217
2006-03-28,18.98995,19.04998,18.71004,18.87001,23900,16.4087
2006-03-27,18.93003,18.99995,18.90002,18.93003,13100,16.4609
2006-03-24,18.93003,18.93003,18.93003,18.93003,200,16.4609
2006-03-23,18.95004,18.95004,18.66002,18.66002,5000,16.2261
2006-03-22,18.74994,18.93003,18.74994,18.93003,2300,16.4609
2006-03-21,18.74994,18.74994,18.74994,18.74994,000,16.3043
2006-03-20,18.74994,18.74994,18.74994,18.74994,000,16.3043
2006-03-17,18.75397,18.75397,18.74994,18.74994,1200,16.3043
2006-03-16,18.66002,18.84999,18.66002,18.75995,12800,16.313
2006-03-15,18.65001,18.74994,18.65001,18.74994,2300,16.3043
2006-03-14,18.65001,18.74994,18.65001,18.65001,3100,16.2174
2006-03-13,18.90002,18.95004,18.65001,18.74994,3900,16.3043
2006-03-10,18.65197,18.65197,18.65197,18.65197,200,16.2191
2006-03-09,18.79905,18.79905,18.78996,18.78996,1000,16.3391
2006-03-08,18.69003,18.82596,18.69003,18.82596,1200,16.3704
2006-03-07,18.64598,18.73005,18.64598,18.65001,1300,16.2174
2006-03-06,18.99995,18.99995,18.84999,18.95004,7300,16.4783
2006-03-03,18.79997,18.90002,18.79997,18.90002,1700,16.4348
2006-03-02,18.84999,18.84999,18.68002,18.68002,2000,16.2435
2006-03-01,18.73396,18.90002,18.65001,18.84999,8300,16.3913
2006-02-28,18.90002,18.90002,18.58998,18.58998,2800,16.1652
2006-02-27,18.55996,18.69003,18.29397,18.69003,2300,16.2522
2006-02-24,18.38999,18.49005,18.38999,18.49005,1000,16.0783
2006-02-23,18.29006,18.29006,18.29006,18.29006,000,15.9044
2006-02-22,18.25004,18.29006,18.25004,18.29006,400,15.9044
2006-02-21,17.87997,18.21301,17.87997,18.21301,1600,15.8374
2006-02-17,17.95,18.06006,17.84995,17.89998,3300,15.5652
2006-02-16,17.84995,17.89998,17.84995,17.89998,1600,15.5652
2006-02-15,17.64997,17.89998,17.64997,17.75002,65500,15.4348
2006-02-14,17.69999,17.84995,17.69999,17.69999,15600,15.3913
2006-02-13,17.67205,17.69999,17.65997,17.65997,1200,15.3565
2006-02-10,17.25103,17.68999,17.25,17.68999,21400,15.3826
2006-02-09,17.35005,17.35005,17.35005,17.35005,124200,15.087
2006-02-08,17.19997,17.33004,17.19997,17.33004,1900,15.0696
2006-02-07,17.33004,17.33004,17.33004,17.33004,100,15.0696
2006-02-06,16.92995,17.33004,16.92995,17.10004,3600,14.8696
2006-02-03,16.83301,17.15995,16.83301,17.15995,4100,14.9217
2006-02-02,16.99999,17.08003,16.94997,17.05002,26400,14.8261
2006-02-01,16.80,16.99999,16.72997,16.99999,22700,14.7826
2006-01-31,16.50997,16.88004,16.50997,16.80,11900,14.6087
2006-01-30,16.49997,16.53401,16.49997,16.49997,1600,14.3478
2006-01-27,16.65004,16.76999,16.59001,16.71996,7000,14.5391
2006-01-26,16.50997,16.50997,16.49997,16.49997,3700,14.3478
2006-01-25,16.50997,16.50997,16.50997,16.50997,000,14.3565
2006-01-24,16.50997,16.51998,16.50997,16.50997,1000,14.3565
2006-01-23,16.62199,16.79,16.62199,16.79,1600,14.60
2006-01-20,16.59001,16.63199,16.58001,16.63199,1700,14.4626
2006-01-19,16.51998,16.80,16.50595,16.80,1900,14.6087
2006-01-18,16.35001,16.91995,16.24996,16.767,14600,14.58
2006-01-17,16.24996,16.56805,16.24996,16.56,2300,14.40
2006-01-13,16.49997,16.49997,16.49997,16.49997,1100,14.3478
2006-01-12,16.37002,16.49997,16.37002,16.49997,900,14.3478
2006-01-11,16.409,16.409,16.409,16.409,200,14.2687
2006-01-10,16.24996,16.24996,16.24996,16.24996,400,14.1304
2006-01-09,16.20005,16.43005,16.12001,16.12001,2100,14.0174
2006-01-06,16.24996,16.38899,16.24996,16.38899,58900,14.2513
2006-01-05,16.031,16.031,16.031,16.031,500,13.94
2006-01-04,15.99995,16.15002,15.99995,16.00099,1800,13.9139
2006-01-03,15.99995,15.99995,15.99995,15.99995,800,13.913
2005-12-30,16.24996,16.24996,15.99995,16.00995,2300,13.9217
2005-12-29,15.99995,16.20005,15.99995,16.10,4100,14.00
2005-12-28,16.00995,16.00995,15.99995,15.99995,1000,13.913
2005-12-27,16.45995,16.45995,15.99995,16.00995,3500,13.9217
2005-12-23,16.69995,16.69995,16.04997,16.10,7000,14.00
2005-12-22,16.74998,16.94997,16.35001,16.94997,2700,14.7391
2005-12-21,16.49997,16.49997,16.49997,16.49997,800,14.3478
2005-12-20,16.44995,16.48996,16.24996,16.24996,3600,14.1304
2005-12-19,16.20005,16.51998,16.20005,16.44995,1100,14.3043
2005-12-16,16.24996,16.24996,16.24996,16.24996,000,14.1304
2005-12-15,16.42004,16.49997,16.24996,16.24996,24700,14.1304
2005-12-14,16.56598,16.69995,16.40003,16.69995,2100,14.5217
2005-12-13,16.40003,16.82001,16.40003,16.54401,1900,14.3861
2005-12-12,16.80,16.80,16.69995,16.74998,3500,14.5652
2005-12-09,16.74998,16.74998,16.69995,16.69995,1300,14.5217
2005-12-08,16.74998,16.93996,16.74998,16.77999,4500,14.5913
2005-12-07,16.90005,16.90005,16.70996,16.86003,9400,14.6609
2005-12-06,16.99895,16.99895,16.67994,16.74998,21200,14.5652
2005-12-05,16.69995,16.87901,16.60002,16.80,2600,14.6087
2005-12-02,16.71099,16.71099,16.69995,16.71099,300,14.5313
2005-12-01,16.44995,16.93996,16.44995,16.93996,800,14.7304
2005-11-30,16.38002,16.44995,16.38002,16.44995,300,14.3043
2005-11-29,16.73998,16.73998,16.38002,16.38002,1300,14.2435
2005-11-28,16.501,16.60002,16.501,16.60002,2000,14.4348
2005-11-25,16.61002,16.61497,16.49997,16.49997,1600,14.3478
2005-11-23,16.69995,16.69995,16.66005,16.69995,4900,14.5217
2005-11-22,16.75205,16.75205,16.52999,16.75205,800,14.567
2005-11-21,16.74998,16.74998,16.74998,16.74998,2000,14.5652
2005-11-18,16.74998,16.74998,16.49997,16.49997,700,14.3478
2005-11-17,16.49997,16.50997,16.49997,16.50997,600,14.3565
2005-11-16,16.99999,16.99999,16.49997,16.49997,5800,14.3478
2005-11-15,16.53999,16.99999,16.53999,16.99999,1200,14.7826
2005-11-14,16.53999,16.53999,16.49997,16.49997,1000,14.3478
2005-11-11,16.49997,16.74998,16.49997,16.74998,3500,14.5652
2005-11-10,16.49997,16.57196,16.49997,16.49997,3300,14.3478
2005-11-09,16.54999,16.54999,16.50997,16.50997,500,14.3565
2005-11-08,16.80,16.80,16.60002,16.60002,1900,14.4348
2005-11-07,16.69995,16.94997,16.69995,16.94997,600,14.7391
2005-11-04,16.60002,16.68995,16.54999,16.68995,10000,14.513
2005-11-03,16.69995,16.91305,16.54999,16.54999,2600,14.3913
2005-11-02,16.85003,16.89005,16.54999,16.77999,500,14.5913
2005-11-01,16.65004,16.74998,16.54999,16.56,600,14.40
2005-10-31,16.54999,16.99999,16.49997,16.62003,11400,14.4522
2005-10-28,16.64004,16.75998,16.64004,16.75998,400,14.5739
2005-10-27,16.54999,16.80,16.54999,16.60002,2600,14.4348
2005-10-26,16.54999,16.54999,16.54999,16.54999,000,14.3913
2005-10-25,16.49997,16.55804,16.49997,16.54999,600,14.3913
2005-10-24,16.53804,16.53804,16.49997,16.49997,200,14.3478
2005-10-21,16.60002,16.85003,16.49997,16.76999,17200,14.5826
2005-10-20,16.60002,16.60002,16.60002,16.60002,200,14.4348
2005-10-19,16.60002,16.77999,16.60002,16.61002,1700,14.4435
2005-10-18,16.49997,16.85003,16.49997,16.85003,2700,14.6522
2005-10-17,16.48996,16.80,16.44995,16.49997,30100,14.3478
2005-10-14,16.54999,16.69995,16.49997,16.69995,1300,14.5217
2005-10-13,16.53999,16.53999,16.44995,16.44995,400,14.3043
2005-10-12,16.44995,16.71996,16.44995,16.49997,4000,14.3478
2005-10-11,16.90005,16.90005,16.90005,16.90005,100,14.6957
2005-10-10,16.76999,16.76999,16.76999,16.76999,000,14.5826
2005-10-07,16.79,16.91006,16.76999,16.76999,4800,14.5826
2005-10-06,16.35001,16.74998,16.35001,16.74998,2800,14.5652
2005-10-05,16.42706,16.54999,16.42706,16.54999,1200,14.3913
2005-10-04,16.35001,16.49997,16.35001,16.36001,1100,14.2261
2005-10-03,16.22006,16.76999,16.21695,16.60002,1500,14.4348
2005-09-30,16.45995,16.60002,16.45995,16.60002,1300,14.4348
2005-09-29,16.20005,16.99999,16.20005,16.45995,29000,14.313
2005-09-28,16.20994,16.65004,16.20005,16.65004,5500,14.4783
2005-09-27,16.20005,16.20005,16.20005,16.20005,2900,14.087
2005-09-26,16.22995,16.22995,16.20005,16.20005,500,14.087
2005-09-23,16.22995,16.22995,16.22995,16.22995,200,14.113
2005-09-22,16.20005,16.20005,16.20005,16.20005,000,14.087
2005-09-21,16.20005,16.20005,16.20005,16.20005,000,14.087
2005-09-20,16.20005,16.48996,16.20005,16.20005,8400,14.087
2005-09-19,16.20005,16.20005,16.20005,16.20005,1200,14.087
2005-09-16,16.20005,16.20005,16.20005,16.20005,3500,14.087
2005-09-15,16.20005,16.20005,16.20005,16.20005,400,14.087
2005-09-14,16.20005,16.20005,16.20005,16.20005,000,14.087
2005-09-13,16.20005,16.24996,16.10,16.20005,71500,14.087
2005-09-12,16.49997,16.49997,16.20005,16.20005,700,14.087
2005-09-09,16.48996,16.69995,16.20005,16.20005,4800,14.087
2005-09-08,16.29998,16.29998,16.20005,16.20005,9800,14.087
2005-09-07,16.24996,16.24996,16.20005,16.20005,1300,14.087
2005-09-06,16.24996,16.24996,15.99995,16.20005,32700,14.087
2005-09-02,16.22006,16.22006,16.20005,16.20005,200,14.087
2005-09-01,16.29998,16.40003,16.29998,16.40003,9200,14.2609
2005-08-31,16.50997,16.58001,16.35001,16.35001,12700,14.2174
2005-08-30,16.24996,16.49997,16.24996,16.49997,1600,14.3478
2005-08-29,16.36001,16.36001,16.36001,16.36001,000,14.2261
2005-08-26,16.50997,16.51998,16.36001,16.36001,300,14.2261
2005-08-25,16.98998,16.98998,16.65004,16.75998,20300,14.5739
2005-08-24,17.06002,17.06002,16.92995,16.92995,800,14.7217
2005-08-23,16.24996,16.29998,16.24996,16.29998,2000,14.1739
2005-08-22,16.24996,16.38002,16.10,16.24996,5100,14.1304
2005-08-19,16.60002,16.60002,16.29998,16.29998,1100,14.1739
2005-08-18,16.49997,16.51998,16.49997,16.49997,2500,14.3478
2005-08-17,16.35795,16.67994,16.35795,16.67994,1400,14.5043
2005-08-16,16.29596,16.29596,16.29596,16.29596,000,14.1704
2005-08-15,16.90005,16.90005,16.20005,16.29596,1800,14.1704
2005-08-12,16.65602,16.65602,16.65602,16.65602,100,14.4835
2005-08-11,16.40003,16.40003,16.35403,16.35403,500,14.2209
2005-08-10,16.29998,16.40003,16.24996,16.40003,8800,14.2609
2005-08-09,16.40003,16.40003,16.40003,16.40003,4800,14.2609
2005-08-08,16.49997,16.49997,16.15002,16.48996,95600,14.3391
2005-08-05,16.49997,16.62003,15.99995,16.49997,6000,14.3478
2005-08-04,15.99995,16.49997,15.99995,16.49997,6200,14.3478
2005-08-03,16.39003,16.49997,16.24996,16.49997,3300,14.3478
2005-08-02,16.43005,16.43994,16.40003,16.40003,600,14.2609
2005-08-01,16.49997,16.49997,15.99995,15.99995,3900,13.913
2005-07-29,16.40003,16.90005,16.40003,16.74998,7800,14.5652
2005-07-28,15.95004,16.40003,15.85999,16.40003,11700,14.2609
2005-07-27,15.60998,15.60998,15.60998,15.60998,000,13.5739
2005-07-26,15.54995,15.79997,15.54995,15.60998,2700,13.5739
2005-07-25,15.69003,15.92002,15.54995,15.54995,4400,13.5217
2005-07-22,15.54995,15.94602,15.54995,15.75005,2800,13.6957
2005-07-21,15.84999,15.84999,15.84999,15.84999,000,13.7826
2005-07-20,15.84999,15.84999,15.84999,15.84999,000,13.7826
2005-07-19,15.99995,15.99995,15.70003,15.84999,2200,13.7826
2005-07-18,15.75005,15.75005,15.50004,15.50004,3400,13.4783
2005-07-15,15.95004,15.95004,15.82998,15.82998,1200,13.7652
2005-07-14,15.59998,15.61596,15.50004,15.50004,1800,13.4783
2005-07-13,15.70796,16.00995,15.70003,16.00995,6600,13.9217
2005-07-12,15.99995,16.00995,15.85999,15.90002,6300,13.8261
2005-07-11,15.61999,16.01996,15.61999,16.01996,400,13.9304
2005-07-08,16.07999,16.07999,16.00995,16.03997,400,13.9478
2005-07-07,15.54995,15.99995,15.54995,15.99995,6600,13.913
2005-07-06,15.50004,15.67001,15.50004,15.50004,4800,13.4783
2005-07-05,15.25003,15.25003,15.25003,15.25003,1700,13.2609
2005-07-01,15.00002,15.00002,14.99002,15.00002,1200,13.0435
2005-06-30,14.66997,15.31995,14.40996,15.25003,25400,13.2609
2005-06-29,14.60005,14.60005,14.60005,14.60005,1100,12.6957
2005-06-28,14.50,14.50,14.50,14.50,000,12.6087
2005-06-27,14.50,14.74001,14.39995,14.50,4900,12.6087
2005-06-24,14.50,14.50,14.50,14.50,1000,12.6087
2005-06-23,14.50,14.52001,14.50,14.52001,5800,12.6261
2005-06-22,14.39995,14.60005,14.39995,14.39995,3200,12.5217
2005-06-21,14.51794,14.51794,14.51794,14.51794,300,12.6243
2005-06-20,14.39995,14.39995,14.39995,14.39995,000,12.5217
2005-06-17,14.47999,14.60005,14.39995,14.39995,6200,12.5217
2005-06-16,14.86996,14.86996,14.86996,14.86996,100,12.9304
2005-06-15,14.41996,14.76002,14.40996,14.76002,1300,12.8348
2005-06-14,14.40996,14.47999,14.40996,14.47999,1000,12.5913
2005-06-13,14.66997,14.766,14.66997,14.766,500,12.84
2005-06-10,14.36005,14.36005,14.36005,14.36005,1100,12.487
2005-06-09,14.39995,14.66997,14.39995,14.47999,3500,12.5913
2005-06-08,14.39995,14.39995,14.39995,14.39995,800,12.5217
2005-06-07,14.24999,14.24999,14.24999,14.24999,000,12.3913
2005-06-06,14.24999,14.24999,14.24999,14.24999,1700,12.3913
2005-06-03,14.19997,14.19997,14.19997,14.19997,000,12.3478
2005-06-02,14.19997,14.24999,14.19997,14.19997,1800,12.3478
2005-06-01,14.50,14.50,14.50,14.50,300,12.6087
2005-05-31,14.54198,14.54198,14.54198,14.54198,000,12.6452
2005-05-27,14.54198,14.54198,14.54198,14.54198,000,12.6452
2005-05-26,14.43998,14.54198,14.19997,14.54198,1500,12.6452
2005-05-25,14.50,14.50,14.50,14.50,1100,12.6087
2005-05-24,14.60005,14.75002,14.50,14.75002,8900,12.8261
2005-05-23,14.60005,14.61006,14.50,14.50,600,12.6087
2005-05-20,14.80004,14.88997,14.80004,14.88997,1000,12.9478
2005-05-19,14.75002,14.89399,14.75002,14.89399,2800,12.9513
2005-05-18,14.75002,14.75002,14.75002,14.75002,500,12.8261
2005-05-17,14.50,14.75002,14.50,14.75002,1200,12.8261
2005-05-16,14.60005,14.60005,14.54003,14.54003,1200,12.6435
2005-05-13,14.75002,14.75002,14.60005,14.60005,2300,12.6957
2005-05-12,15.34997,15.34997,14.26,14.51001,16700,12.6174
2005-05-11,15.20001,15.34997,15.20001,15.34997,5100,13.3478
2005-05-10,15.22002,15.22002,15.22002,15.22002,000,13.2348
2005-05-09,15.25003,15.25003,15.22002,15.22002,1900,13.2348
2005-05-06,15.25003,15.25003,15.25003,15.25003,800,13.2609
2005-05-05,14.50,14.99899,14.50,14.99899,1600,13.0426
2005-05-04,15.14895,15.25003,15.14895,15.25003,2500,13.2609
2005-05-03,15.14998,15.14998,15.14998,15.14998,000,13.1739
2005-05-02,15.14998,15.14998,15.14998,15.14998,000,13.1739
2005-04-29,15.14998,15.14998,15.14998,15.14998,400,13.1739
2005-04-28,14.99002,15.00002,14.99002,15.00002,2200,13.0435
2005-04-27,14.50,14.50,14.50,14.50,000,12.6087
2005-04-26,14.50,14.50,14.50,14.50,000,12.6087
2005-04-25,14.50,14.50,14.50,14.50,900,12.6087
2005-04-22,15.00002,15.00002,15.00002,15.00002,000,13.0435
2005-04-21,15.00002,15.00002,15.00002,15.00002,000,13.0435
2005-04-20,15.00002,15.00002,15.00002,15.00002,000,13.0435
2005-04-19,14.89997,15.00002,14.89997,15.00002,500,13.0435
2005-04-18,15.20001,15.20001,14.75002,14.89997,1900,12.9565
2005-04-15,15.17,15.17,15.17,15.17,000,13.1913
2005-04-14,15.20001,15.20001,15.17,15.17,1800,13.1913
2005-04-13,15.50004,15.50004,15.50004,15.50004,200,13.4783
2005-04-12,15.25003,15.25003,15.25003,15.25003,1100,13.2609
2005-04-11,15.25003,15.50004,15.25003,15.50004,1000,13.4783
2005-04-08,15.43001,15.43001,15.43001,15.43001,000,13.4174
2005-04-07,15.33996,15.46002,15.33996,15.43001,800,13.4174
2005-04-06,15.75005,15.75005,15.25003,15.27005,1700,13.2783
2005-04-05,15.72004,16.28998,15.72004,15.99995,6600,13.913
2005-04-04,15.39999,16.10,15.39999,16.10,11200,14.00
2005-04-01,15.20001,15.29995,15.20001,15.29995,2300,13.3043
2005-03-31,15.45002,15.45002,15.45002,15.45002,000,13.4348
2005-03-30,15.45002,15.45002,15.45002,15.45002,600,13.4348
2005-03-29,15.25003,15.45002,15.25003,15.44301,800,13.4287
2005-03-28,15.79997,15.79997,15.29995,15.29995,1900,13.3043
2005-03-24,15.79997,15.87598,15.79997,15.87598,400,13.8052
2005-03-23,15.99995,15.99995,15.79997,15.81997,1700,13.7565
2005-03-22,15.99995,16.20005,15.99995,16.10,900,14.00
2005-03-21,16.40003,16.40003,15.99995,15.99995,400,13.913
2005-03-18,16.40003,16.40003,16.17003,16.17003,600,14.0609
2005-03-17,16.40003,16.40003,16.25996,16.25996,200,14.1391
2005-03-16,16.40003,16.40003,16.25996,16.25996,2500,14.1391
2005-03-15,16.40003,16.40003,16.40003,16.40003,000,14.2609
2005-03-14,16.40003,16.40003,16.40003,16.40003,1700,14.2609
2005-03-11,16.90005,16.99999,16.35001,16.35001,4700,14.2174
2005-03-10,16.93398,16.93398,16.93398,16.93398,000,14.7252
2005-03-09,16.93398,16.93398,16.93398,16.93398,2100,14.7252
2005-03-08,17.14995,17.35005,17.14006,17.14995,1800,14.913
2005-03-07,16.93202,16.94997,16.93202,16.94997,900,14.7391
2005-03-04,17.17904,17.20998,16.91006,17.20998,2700,14.9652
2005-03-03,16.85003,17.33004,16.85003,17.33004,4100,15.0696
2005-03-02,17.35994,17.37995,17.35994,17.37995,600,15.113
2005-03-01,17.35005,17.35005,16.94997,16.94997,900,14.7391
2005-02-28,17.05002,17.35005,17.05002,17.35005,2300,15.087
2005-02-25,17.05002,17.05002,17.05002,17.05002,100,14.8261
2005-02-24,16.44995,17.05002,16.44995,17.05002,3300,14.8261
2005-02-23,16.28998,16.92995,15.91002,16.51998,13300,14.3652
2005-02-22,15.83998,16.56,15.64,16.32,36900,14.1913
2005-02-18,16.98998,16.98998,16.80,16.80,10300,14.6087
2005-02-17,16.65004,16.91006,16.49997,16.90005,10000,14.6957
2005-02-16,16.53999,16.65004,16.53999,16.65004,1500,14.4783
2005-02-15,16.20994,16.53999,16.20994,16.53999,21400,14.3826
2005-02-14,16.43005,16.43005,16.38002,16.38002,500,14.2435
2005-02-11,16.27997,16.43005,16.22006,16.43005,2500,14.287
2005-02-10,16.17003,16.29998,16.17003,16.29998,13000,14.1739
2005-02-09,15.99995,15.99995,15.99995,15.99995,100,13.913
2005-02-08,16.16003,16.19005,16.16003,16.19005,2200,14.0783
2005-02-07,15.99995,16.13001,15.95004,16.13001,1600,14.0261
2005-02-04,15.50004,16.08999,15.50004,16.08999,1400,13.9913
2005-02-03,15.97994,15.99006,15.97994,15.99006,200,13.9044
2005-02-02,15.83998,15.99006,15.83998,15.99006,3100,13.9044
2005-02-01,15.60101,15.60101,15.59998,15.60101,700,13.5661
2005-01-31,16.04997,16.04997,15.60998,15.60998,500,13.5739
2005-01-28,15.90002,15.90002,15.59998,15.59998,800,13.5652
2005-01-27,15.70003,15.90002,15.70003,15.71003,400,13.6609
2005-01-26,15.99995,15.99995,15.99995,15.99995,1100,13.913
2005-01-25,15.79997,15.79997,15.60998,15.60998,2000,13.5739
2005-01-24,15.79997,15.79997,15.79997,15.79997,300,13.7391
2005-01-21,15.79997,15.83998,15.79997,15.83998,400,13.7739
2005-01-20,16.10,16.16003,15.80997,15.80997,900,13.7478
2005-01-19,15.75097,15.94003,15.71003,15.94003,1400,13.8609
2005-01-18,15.99995,15.99995,15.54995,15.54995,400,13.5217
2005-01-14,15.89104,15.89104,15.89104,15.89104,000,13.8183
2005-01-13,15.59998,15.90002,15.55996,15.89104,3100,13.8183
2005-01-12,15.76995,16.03997,15.61803,16.03997,3000,13.9478
2005-01-11,16.09896,16.09896,15.77098,15.92002,2300,13.8435
2005-01-10,15.42897,15.75005,15.42897,15.75005,3600,13.6957
2005-01-07,15.50004,15.59998,15.39999,15.45002,3100,13.4348
2005-01-06,15.50004,15.82998,15.50004,15.73004,8500,13.6783
2005-01-05,15.10996,15.70003,15.08996,15.52005,10800,13.4957
2005-01-04,15.00002,15.03901,15.00002,15.03199,1400,13.0713
2005-01-03,15.50004,15.51005,15.20001,15.25003,8900,13.2609
2004-12-31,15.50004,15.54995,15.50004,15.54995,6400,13.5217
2004-12-30,15.38999,15.51005,15.09996,15.50004,21400,13.4783
2004-12-29,15.46002,15.46002,15.14101,15.29995,1000,13.3043
2004-12-28,15.59998,15.59998,15.05994,15.26004,4600,13.2696
2004-12-27,15.09996,15.14998,15.07995,15.08996,3400,13.1217
2004-12-23,15.01003,15.01003,15.01003,15.01003,1100,13.0522
2004-12-22,14.88997,15.43001,14.88997,15.20001,2100,13.2174
2004-12-21,14.77002,15.58998,14.57004,15.49004,6300,13.4696
2004-12-20,14.79406,14.79406,14.77002,14.79406,2700,12.8644
2004-12-17,14.82994,14.82994,14.75002,14.75002,8300,12.8261
2004-12-16,14.84006,14.84006,14.77002,14.77002,2400,12.8435
2004-12-15,14.80004,14.84006,14.76002,14.82005,3900,12.887
2004-12-14,14.78003,14.78003,14.69999,14.78003,2700,12.8522
2004-12-13,14.78095,14.78095,14.78095,14.78095,100,12.853
2004-12-10,14.69999,14.80004,14.69999,14.80004,5400,12.8696
2004-12-09,14.73,14.84006,14.70999,14.70999,12100,12.7913
2004-12-08,15.00002,15.21001,14.69999,14.69999,6600,12.7826
2004-12-07,14.69999,14.75002,14.69999,14.69999,1800,12.7826
2004-12-06,14.69999,14.75002,14.69999,14.75002,1800,12.8261
2004-12-03,14.75002,14.75002,14.75002,14.75002,9400,12.8261
2004-12-02,14.84995,14.94896,14.69999,14.70999,9200,12.7913
2004-12-01,14.69999,14.84995,14.62995,14.70999,5800,12.7913
2004-11-30,14.89997,14.89997,14.72,14.72,400,12.80
2004-11-29,14.77002,14.77002,14.70999,14.70999,600,12.7913
2004-11-26,14.78003,14.78003,14.78003,14.78003,000,12.8522
2004-11-24,14.75002,14.98001,14.69999,14.78003,6000,12.8522
2004-11-23,14.84995,14.89997,14.72,14.72,5100,12.80
2004-11-22,14.69999,14.69999,14.69999,14.69999,100,12.7826
2004-11-19,14.84006,14.84006,14.84006,14.84006,000,12.9044
2004-11-18,14.69999,14.84006,14.69999,14.84006,3600,12.9044
2004-11-17,14.69999,14.73,14.69999,14.73,600,12.8087
2004-11-16,14.69999,14.69999,14.69999,14.69999,1100,12.7826
2004-11-15,14.69999,14.78003,14.69999,14.78003,2400,12.8522
2004-11-12,14.80004,14.80004,14.80004,14.80004,100,12.8696
2004-11-11,14.73,14.73,14.73,14.73,200,12.8087
2004-11-10,14.90998,14.90998,14.90998,14.90998,700,12.9652
2004-11-09,15.09996,15.09996,15.09996,15.09996,200,13.1304
2004-11-08,15.00002,15.09996,15.00002,15.09996,600,13.1304
2004-11-05,14.93999,15.00002,14.93999,15.00002,1400,13.0435
2004-11-04,14.95,14.95,14.95,14.95,600,13.00
2004-11-03,14.75002,14.80004,14.69999,14.69999,39600,12.7826
2004-11-02,14.98001,14.98001,14.78003,14.78003,5400,12.8522
2004-11-01,14.97001,14.97001,14.97001,14.97001,000,13.0174
2004-10-29,14.97001,14.97001,14.97001,14.97001,000,13.0174
2004-10-28,14.70999,15.08996,14.70999,14.97001,5600,13.0174
2004-10-27,15.00002,15.00002,15.00002,15.00002,100,13.0435
2004-10-26,15.20001,15.20001,15.20001,15.20001,000,13.2174
2004-10-25,15.19,15.20001,15.07995,15.20001,1900,13.2174
2004-10-22,14.85995,14.85995,14.75002,14.75002,1900,12.8261
2004-10-21,14.89997,14.89997,14.84995,14.84995,1000,12.913
2004-10-20,15.00002,15.00002,14.98001,14.98001,200,13.0261
2004-10-19,15.01003,15.14998,15.01003,15.05005,1000,13.087
2004-10-18,15.09996,15.28005,15.04005,15.04005,6500,13.0783
2004-10-15,15.00002,15.20001,14.98001,15.04005,1500,13.0783
2004-10-14,14.89997,15.23002,14.89997,15.23002,700,13.2435
2004-10-13,15.25003,15.28005,15.25003,15.25003,300,13.2609
2004-10-12,15.25003,15.25003,15.10996,15.10996,1000,13.1391
2004-10-11,14.98001,15.29995,14.98001,15.27005,2600,13.2783
2004-10-08,15.14998,15.14998,15.14998,15.14998,500,13.1739
2004-10-07,15.00002,15.14998,15.00002,15.14998,800,13.1739
2004-10-06,15.03004,15.03004,15.03004,15.03004,100,13.0696
2004-10-05,15.03004,15.03004,15.03004,15.03004,000,13.0696
2004-10-04,15.09996,15.11997,14.93999,15.03004,2000,13.0696
2004-10-01,15.18,15.20001,15.18,15.18,3000,13.20
2004-09-30,14.89997,15.25003,14.89997,15.20001,5700,13.2174
2004-09-29,14.99002,15.02003,14.98001,15.02003,1100,13.0609
2004-09-28,14.89997,14.99002,14.89997,14.89997,8200,12.9565
2004-09-27,14.98001,14.98001,14.85995,14.85995,200,12.9217
2004-09-24,14.99002,14.99002,14.81004,14.81004,600,12.8783
2004-09-23,14.89997,14.89997,14.80004,14.80004,4800,12.8696
2004-09-22,14.80004,14.80004,14.80004,14.80004,000,12.8696
2004-09-21,14.81004,14.95,14.69999,14.80004,3400,12.8696
2004-09-20,14.58004,14.58004,14.58004,14.58004,000,12.6783
2004-09-17,14.58004,14.58004,14.58004,14.58004,500,12.6783
2004-09-16,15.05994,15.15999,14.97001,14.97001,900,13.0174
2004-09-15,15.39999,15.39999,14.95,15.14101,3600,13.1661
2004-09-14,14.95,14.96001,14.95,14.96001,1300,13.0087
2004-09-13,15.38999,15.39999,14.95,14.95,5500,13.00
2004-09-10,15.00002,15.00002,14.52001,14.95,600,13.00
2004-09-09,15.14998,15.15999,14.58004,14.99002,2900,13.0348
2004-09-08,15.18,15.39999,14.98001,15.39999,1900,13.3913
2004-09-07,15.00002,15.29995,14.60005,15.29995,1100,13.3043
2004-09-03,14.63996,14.84995,14.57004,14.61006,3600,12.7044
2004-09-02,15.21001,15.29995,15.17,15.28994,1100,13.2956
2004-09-01,14.57004,14.57004,14.57004,14.57004,000,12.6696
2004-08-31,14.58004,14.58004,14.57004,14.57004,300,12.6696
2004-08-30,14.95,14.96001,14.76002,14.96001,1100,13.0087
2004-08-27,14.44998,14.96001,14.44998,14.92999,1400,12.9826
2004-08-26,15.05994,15.14998,14.55003,14.55003,2700,12.6522
2004-08-25,14.69999,14.70999,14.69999,14.69999,600,12.7826
2004-08-24,15.00002,15.00002,14.84006,14.84006,8300,12.9044
2004-08-23,14.76002,14.82005,14.61006,14.82005,9500,12.887
2004-08-20,14.62995,14.62995,14.62995,14.62995,000,12.7217
2004-08-19,14.64997,14.85995,14.44998,14.62995,6600,12.7217
