Date,Open,High,Low,Close,Volume,Adj Close
2012-08-08,30.99,31.02,30.98,30.98,2309500,30.98
2012-08-07,30.95,31.00,30.94,31.00,2965500,31.00
2012-08-06,30.96,30.97,30.94,30.94,7588500,30.94
2012-08-03,30.96,30.97,30.95,30.95,3405600,30.95
2012-08-02,30.96,30.965,30.95,30.96,1967400,30.96
2012-08-01,30.95,30.97,30.95,30.96,2944200,30.96
2012-07-31,30.82,30.92,30.79,30.79,2910900,30.79
2012-07-30,30.80,30.85,30.78,30.81,3247400,30.81
2012-07-27,30.79,30.83,30.79,30.80,2501200,30.80
2012-07-26,30.80,30.83,30.78,30.795,4770400,30.795
2012-07-25,30.80,30.83,30.79,30.795,3227700,30.795
2012-07-24,30.78,30.86,30.76,30.83,2564800,30.83
2012-07-23,30.79,30.80,30.75,30.77,2335900,30.77
2012-07-20,30.78,30.81,30.78,30.785,3179100,30.785
2012-07-19,30.80,30.81,30.77,30.785,6135200,30.785
2012-07-18,30.795,30.81,30.79,30.80,3152200,30.80
2012-07-17,30.79,30.82,30.79,30.805,1504000,30.805
2012-07-16,30.80,30.81,30.78,30.80,3736400,30.80
2012-07-13,30.79,30.80,30.77,30.79,3902400,30.79
2012-07-12,30.78,30.80,30.75,30.79,4503900,30.79
2012-07-11,30.79,30.81,30.76,30.76,9801200,30.76
2012-07-10,30.80,30.83,30.77,30.78,11580500,30.78
2012-07-09,30.75,30.77,30.73,30.74,10552800,30.74
2012-07-06,30.74,30.77,30.72,30.765,8434500,30.765
2012-07-05,30.72,30.79,30.72,30.74,10052500,30.74
2012-07-04,30.73,30.73,30.73,30.73,000,30.73
2012-07-03,30.74,30.77,30.71,30.73,25156200,30.73
2012-07-02,30.66,30.75,30.64,30.705,98427800,30.705
2012-06-29,28.19,28.49,28.01,28.20,2078000,28.20
2012-06-28,27.92,28.175,27.64,28.03,1601700,28.03
2012-06-27,27.97,28.20,27.67,28.04,1816700,28.04
2012-06-26,27.25,28.22,27.22,27.895,3477300,27.895
2012-06-25,27.53,27.73,27.25,27.46,1512000,27.46
2012-06-22,27.75,28.00,27.50,27.92,2388800,27.92
2012-06-21,27.47,27.80,27.25,27.80,1696200,27.80
2012-06-20,27.55,27.83,27.35,27.50,1536100,27.50
2012-06-19,27.97,27.97,27.32,27.51,1727700,27.51
2012-06-18,27.32,28.00,27.32,27.81,2019100,27.81
2012-06-15,27.60,27.70,27.11,27.39,3617100,27.39
2012-06-14,27.37,27.74,27.29,27.64,1681400,27.64
2012-06-13,27.49,27.605,27.26,27.34,2141900,27.34
2012-06-12,27.37,27.66,27.25,27.51,1635300,27.51
2012-06-11,27.59,27.69,27.10,27.33,1903400,27.33
2012-06-08,27.14,27.65,27.00,27.50,1699100,27.50
2012-06-07,27.44,27.73,27.134,27.15,1527100,27.15
2012-06-06,27.34,27.64,27.34,27.54,1610500,27.54
2012-06-05,27.33,27.765,27.08,27.35,3814300,27.35
2012-06-04,26.73,26.93,26.16,26.63,3186700,26.63
2012-06-01,26.14,27.00,25.99,26.73,6446100,26.73
2012-05-31,27.19,27.32,26.50,26.51,11015200,26.51
2012-05-30,27.93,28.08,26.80,27.44,5901600,27.44
2012-05-29,27.73,28.45,27.53,28.21,3858700,28.21
2012-05-28,27.96,27.96,27.96,27.96,000,27.96
2012-05-25,25.96,28.11,25.6501,27.96,8390400,27.96
2012-05-24,25.79,25.97,25.07,25.80,3040000,25.80
2012-05-23,26.50,26.54,24.97,25.81,5748100,25.81
2012-05-22,27.07,27.23,26.60,26.69,3821000,26.69
2012-05-21,26.65,27.23,26.5701,27.08,4069500,27.08
2012-05-18,27.48,27.51,26.67,26.80,4667300,26.80
2012-05-17,27.58,27.58,27.10,27.21,4209700,27.21
2012-05-16,27.20,28.02,27.10,27.54,4915400,27.54
2012-05-15,26.79,27.40,26.65,27.30,8632200,27.30
2012-05-14,25.67,25.73,25.01,25.65,1881600,25.65
2012-05-11,25.29,26.20,25.29,25.86,1440700,25.86
2012-05-10,25.40,25.94,25.34,25.43,1551700,25.43
2012-05-09,24.60,25.58,24.47,25.36,3113800,25.36
2012-05-08,24.85,25.11,24.50,24.79,3034500,24.79
2012-05-07,24.76,25.25,24.75,25.06,1262800,25.06
2012-05-04,25.43,25.43,24.90,24.92,2232100,24.92
2012-05-03,25.78,25.80,25.25,25.38,2545700,25.38
2012-05-02,25.55,26.10,25.48,25.82,2165800,25.82
2012-05-01,25.85,25.89,25.25,25.34,1973900,25.34
2012-04-30,25.42,25.95,25.18,25.91,2747500,25.91
2012-04-27,25.83,26.06,25.30,25.42,2695500,25.42
2012-04-26,26.33,26.49,25.44,25.73,3409000,25.73
2012-04-25,25.78,26.87,25.70,26.20,4100500,26.20
2012-04-24,25.70,26.23,25.41,25.55,4058300,25.55
2012-04-23,25.20,26.25,25.01,26.06,12329800,26.06
2012-04-20,22.88,23.25,22.25,22.92,3423700,22.92
2012-04-19,22.91,23.86,22.69,22.77,3461500,22.77
2012-04-18,23.32,23.50,22.61,22.67,3135100,22.67
2012-04-17,23.18,23.80,23.16,23.59,1600600,23.59
2012-04-16,23.69,23.70,22.89,23.22,2542500,23.22
2012-04-13,24.12,24.29,23.49,23.71,1791100,23.71
2012-04-12,23.75,24.40,23.70,24.28,3361500,24.28
2012-04-11,23.56,23.929,23.48,23.76,1707700,23.76
2012-04-10,23.71,24.07,23.31,23.48,4068200,23.48
2012-04-09,23.82,23.89,23.49,23.72,2990700,23.72
2012-04-06,24.12,24.12,24.12,24.12,000,24.12
2012-04-05,23.95,25.00,23.70,24.12,5813500,24.12
2012-04-04,24.25,24.44,23.45,23.88,4956100,23.88
2012-04-03,23.60,24.45,23.60,24.12,3403400,24.12
2012-04-02,24.70,24.70,23.50,23.60,5691700,23.60
2012-03-30,24.55,25.84,24.37,24.96,10426800,24.96
2012-03-29,22.96,25.07,22.82,24.80,14696000,24.80
2012-03-28,22.83,24.095,21.24,23.77,43291700,23.77
2012-03-27,15.88,15.9386,15.37,15.39,2255600,15.39
2012-03-26,15.44,15.97,15.38,15.88,2757700,15.88
2012-03-23,15.45,15.85,15.34,15.52,2707300,15.52
2012-03-22,15.21,15.475,15.18,15.41,2960800,15.41
2012-03-21,15.29,15.53,15.20,15.26,1759600,15.26
2012-03-20,15.59,15.66,15.24,15.27,1615900,15.27
2012-03-19,15.63,15.83,15.58,15.71,2277600,15.71
2012-03-16,15.71,15.7789,15.41,15.65,3284400,15.65
2012-03-15,15.68,15.81,15.52,15.69,2438800,15.69
2012-03-14,15.79,15.98,15.60,15.68,1439600,15.68
2012-03-13,15.70,15.85,15.60,15.84,1916200,15.84
2012-03-12,15.70,15.81,15.62,15.65,2024700,15.65
2012-03-09,15.79,16.00,15.67,15.79,3075400,15.79
2012-03-08,15.50,16.08,15.40,15.77,10378400,15.77
2012-03-07,16.09,16.29,16.03,16.17,2261500,16.17
2012-03-06,16.30,16.325,15.68,16.02,4144400,16.02
2012-03-05,17.20,17.20,16.51,16.66,2513100,16.66
2012-03-02,17.11,17.51,16.85,17.12,1705500,17.12
2012-03-01,17.07,17.28,16.72,17.20,3174000,17.20
2012-02-29,17.55,17.73,17.05,17.09,2433900,17.09
2012-02-28,17.80,17.83,17.55,17.69,2387700,17.69
2012-02-27,17.93,18.14,17.68,17.87,2265500,17.87
2012-02-24,17.85,18.12,17.62,17.99,2419900,17.99
2012-02-23,17.03,17.935,17.03,17.89,3183200,17.89
2012-02-22,17.23,17.50,17.01,17.43,2557700,17.43
2012-02-21,17.61,17.84,16.85,17.16,3704600,17.16
2012-02-20,17.70,17.70,17.70,17.70,000,17.70
2012-02-17,18.40,18.45,17.66,17.70,3370900,17.70
2012-02-16,17.74,18.35,17.71,18.07,4177000,18.07
2012-02-15,17.17,17.77,16.97,17.61,4391000,17.61
2012-02-14,17.58,17.67,16.98,17.01,3923100,17.01
2012-02-13,17.59,17.80,17.41,17.59,3364000,17.59
2012-02-10,16.61,17.27,16.60,17.17,3330200,17.17
2012-02-09,15.68,17.10,15.60,17.05,5449100,17.05
2012-02-08,16.64,16.96,16.11,16.47,6123900,16.47
2012-02-07,17.67,18.18,16.65,16.885,9430500,16.885
2012-02-06,16.50,17.43,16.35,16.68,6561600,16.68
2012-02-03,17.95,18.30,16.75,17.10,8923200,17.10
2012-02-02,15.57,17.93,15.55,17.76,14062400,17.76
2012-02-01,14.20,16.29,14.16,15.53,13503300,15.53
2012-01-31,14.40,14.41,14.10,14.24,6032300,14.24
2012-01-30,14.04,14.68,13.77,14.26,21001000,14.26
2012-01-27,12.29,12.4098,12.02,12.14,6419500,12.14
2012-01-26,11.60,11.99,11.47,11.94,3958900,11.94
2012-01-25,11.66,11.69,11.24,11.52,3492600,11.52
2012-01-24,11.05,11.655,11.05,11.43,3755800,11.43
2012-01-23,11.51,11.595,11.10,11.11,3289800,11.11
2012-01-20,11.63,11.68,11.345,11.43,2087000,11.43
2012-01-19,11.61,11.685,11.44,11.60,2838900,11.60
2012-01-18,11.54,11.669,11.25,11.61,1340200,11.61
2012-01-17,11.90,12.09,11.43,11.57,1379300,11.57
2012-01-16,11.79,11.79,11.79,11.79,000,11.79
2012-01-13,11.57,11.80,11.40,11.79,1804600,11.79
2012-01-12,11.13,11.80,11.11,11.47,3698500,11.47
2012-01-11,11.06,11.26,10.81,11.15,1821400,11.15
2012-01-10,10.98,11.26,10.93,11.17,1924200,11.17
2012-01-09,11.00,11.09,10.75,11.05,1402500,11.05
2012-01-06,11.22,11.40,10.915,11.02,2095300,11.02
2012-01-05,10.94,11.245,10.68,11.19,2084600,11.19
2012-01-04,11.29,11.3694,11.112,11.17,1046400,11.17
2012-01-03,11.58,11.62,11.17,11.34,2794500,11.34
2012-01-02,11.38,11.38,11.38,11.38,000,11.38
2011-12-30,11.54,11.72,11.38,11.38,1386600,11.38
2011-12-29,11.31,11.59,11.25,11.57,921800,11.57
2011-12-28,11.43,11.46,11.16,11.30,708800,11.30
2011-12-27,11.34,11.65,11.30,11.48,566800,11.48
2011-12-26,11.44,11.44,11.44,11.44,000,11.44
2011-12-23,11.30,11.50,11.18,11.44,642400,11.44
2011-12-22,10.97,11.55,10.9505,11.29,2318400,11.29
2011-12-21,10.61,11.05,10.47,11.04,2412900,11.04
2011-12-20,10.62,10.79,10.50,10.64,3030400,10.64
2011-12-19,10.40,10.69,10.21,10.43,2252100,10.43
2011-12-16,10.22,10.47,10.085,10.37,2125600,10.37
2011-12-15,10.17,10.27,9.99,10.14,1389600,10.14
2011-12-14,10.08,10.23,10.04,10.04,1236300,10.04
2011-12-13,10.59,10.65,10.07,10.15,1566900,10.15
2011-12-12,10.42,10.65,10.32,10.53,1742600,10.53
2011-12-09,10.49,10.61,10.405,10.45,2170500,10.45
2011-12-08,10.63,10.81,10.45,10.45,1151600,10.45
2011-12-07,10.99,10.99,10.60,10.70,1404200,10.70
2011-12-06,10.87,10.9401,10.54,10.79,1240600,10.79
2011-12-05,10.68,10.92,10.62,10.80,1841600,10.80
2011-12-02,10.93,10.94,10.48,10.50,1883500,10.50
2011-12-01,10.71,10.97,10.66,10.87,1397600,10.87
2011-11-30,10.54,10.80,10.46,10.80,2082800,10.80
2011-11-29,10.50,10.56,10.16,10.25,1774600,10.25
2011-11-28,10.24,10.68,10.16,10.55,1708300,10.55
2011-11-25,9.99,10.13,9.901,9.93,293400,9.93
2011-11-24,10.00,10.00,10.00,10.00,000,10.00
2011-11-23,10.01,10.19,9.80,10.00,1371100,10.00
2011-11-22,10.20,10.33,10.00,10.11,2088700,10.11
2011-11-21,9.87,10.28,9.65,10.21,2419900,10.21
2011-11-18,10.34,10.36,9.9299,9.96,1740600,9.96
2011-11-17,10.39,10.58,10.13,10.34,1888900,10.34
2011-11-16,10.47,10.66,10.37,10.43,1928600,10.43
2011-11-15,10.38,10.65,10.31,10.53,2362500,10.53
2011-11-14,10.29,10.59,10.16,10.45,3554800,10.45
2011-11-11,9.66,10.07,9.60,10.02,2804300,10.02
2011-11-10,9.97,10.02,9.36,9.48,3250600,9.48
2011-11-09,9.75,10.18,9.51,9.83,3977900,9.83
2011-11-08,9.94,10.22,8.95,9.73,14342200,9.73
2011-11-07,11.00,11.15,10.63,10.93,1073400,10.93
2011-11-04,11.13,11.41,11.12,11.17,861000,11.17
2011-11-03,11.28,11.40,10.77,11.31,1140700,11.31
2011-11-02,11.30,11.39,10.80,11.15,1693000,11.15
2011-11-01,11.14,11.32,10.65,11.14,2401700,11.14
2011-10-31,11.91,12.01,11.52,11.52,900000,11.52
2011-10-28,11.75,12.23,11.72,12.17,1757500,12.17
2011-10-27,11.61,11.91,11.45,11.82,3528400,11.82
2011-10-26,11.50,11.51,10.98,11.41,1615900,11.41
2011-10-25,11.72,11.79,11.27,11.33,1688300,11.33
2011-10-24,11.63,12.00,11.63,11.79,2058900,11.79
2011-10-21,11.71,12.09,11.4901,11.61,4202300,11.61
2011-10-20,11.20,11.80,10.63,11.55,7509900,11.55
2011-10-19,10.09,10.60,9.974,10.24,1695900,10.24
2011-10-18,10.04,10.36,9.655,10.29,1503300,10.29
2011-10-17,10.61,10.65,9.98,10.01,1030300,10.01
2011-10-14,10.69,10.70,10.33,10.69,981900,10.69
2011-10-13,10.15,10.63,10.05,10.56,1589200,10.56
2011-10-12,10.10,10.378,10.06,10.21,1355900,10.21
2011-10-11,10.17,10.42,10.06,10.09,1645800,10.09
2011-10-10,9.83,10.225,9.82,10.22,1533400,10.22
2011-10-07,9.78,9.84,9.50,9.66,1961500,9.66
2011-10-06,9.08,9.69,8.989,9.65,2252200,9.65
2011-10-05,8.77,9.41,8.63,9.13,2363400,9.13
2011-10-04,8.13,8.80,8.03,8.75,2070800,8.75
2011-10-03,9.14,9.22,8.24,8.26,2035700,8.26
2011-09-30,9.28,9.62,9.23,9.23,1173800,9.23
2011-09-29,9.54,9.67,9.12,9.45,1242600,9.45
2011-09-28,10.01,10.10,9.34,9.35,1622300,9.35
2011-09-27,10.16,10.22,9.84,10.01,1348600,10.01
2011-09-26,9.92,10.29,9.59,9.92,1063400,9.92
2011-09-23,9.54,10.03,9.47,9.81,1046500,9.81
2011-09-22,10.04,10.08,9.45,9.60,1656300,9.60
2011-09-21,10.51,10.92,10.32,10.34,1167100,10.34
2011-09-20,10.85,10.90,10.52,10.53,1328500,10.53
2011-09-19,10.92,11.05,10.65,10.83,1167000,10.83
2011-09-16,11.19,11.38,10.94,11.09,953200,11.09
2011-09-15,11.05,11.20,10.87,11.18,936100,11.18
2011-09-14,10.82,11.085,10.60,10.96,1006700,10.96
2011-09-13,10.62,10.83,10.39,10.78,1230000,10.78
2011-09-12,10.49,10.65,10.30,10.59,1363300,10.59
2011-09-09,11.23,11.39,10.50,10.63,1714900,10.63
2011-09-08,11.32,11.62,11.20,11.28,990500,11.28
2011-09-07,10.82,11.535,10.75,11.40,1753600,11.40
2011-09-06,10.31,10.725,10.2801,10.69,958100,10.69
2011-09-02,10.78,11.06,10.55,10.63,746600,10.63
2011-09-01,11.28,11.40,11.00,11.00,729400,11.00
2011-08-31,11.31,11.58,11.15,11.31,1096100,11.31
2011-08-30,10.75,11.35,10.65,11.27,1289200,11.27
2011-08-29,10.59,10.82,10.51,10.78,1653000,10.78
2011-08-26,10.05,10.51,9.84,10.50,844100,10.50
2011-08-25,10.52,10.73,10.075,10.10,1354100,10.10
2011-08-24,9.83,10.51,9.70,10.50,1458100,10.50
2011-08-23,9.56,9.84,9.4066,9.84,1384000,9.84
2011-08-22,10.24,10.24,9.46,9.53,1667800,9.53
2011-08-19,9.87,10.445,9.82,10.05,1543500,10.05
2011-08-18,10.38,10.38,9.83,9.94,1536800,9.94
2011-08-17,10.88,11.10,10.50,10.64,1596800,10.64
2011-08-16,10.74,10.91,10.50,10.84,1552600,10.84
2011-08-15,10.16,10.89,10.13,10.80,2416600,10.80
2011-08-12,10.16,10.31,9.84,10.11,2472300,10.11
2011-08-11,9.72,10.18,9.52,10.07,2944100,10.07
2011-08-10,10.25,10.40,9.66,9.69,2955500,9.69
2011-08-09,10.05,10.55,9.76,10.47,4488800,10.47
2011-08-08,10.31,10.34,9.54,9.95,3884400,9.95
2011-08-05,10.20,10.75,9.75,10.60,4629000,10.60
2011-08-04,10.48,10.63,9.9899,10.18,6135400,10.18
2011-08-03,11.17,11.31,10.47,10.97,2012000,10.97
2011-08-02,11.54,11.64,11.05,11.15,1819300,11.15
2011-08-01,12.05,12.20,11.50,11.58,1658600,11.58
2011-07-29,11.76,12.08,11.43,11.91,1428000,11.91
2011-07-28,11.98,12.241,11.75,11.81,1702500,11.81
2011-07-27,12.33,12.51,11.93,11.96,2238800,11.96
2011-07-26,13.16,13.30,12.22,12.33,4132900,12.33
2011-07-25,13.58,13.59,13.28,13.30,1281400,13.30
2011-07-22,13.47,13.69,13.30,13.65,1103100,13.65
2011-07-21,12.95,13.54,12.85,13.41,2069400,13.41
2011-07-20,12.89,12.98,12.695,12.95,1357000,12.95
2011-07-19,12.64,12.89,12.44,12.86,1858100,12.86
2011-07-18,12.73,12.7301,12.18,12.59,2467300,12.59
2011-07-15,13.01,13.0499,12.7199,12.83,1345900,12.83
2011-07-14,13.12,13.29,12.81,12.92,1569100,12.92
2011-07-13,13.32,13.52,13.08,13.10,2142000,13.10
2011-07-12,13.48,13.92,13.19,13.20,2653200,13.20
2011-07-11,14.09,14.10,13.37,13.43,2914700,13.43
2011-07-08,14.20,14.60,13.91,14.22,9022000,14.22
2011-07-07,13.54,13.89,13.51,13.71,1404100,13.71
2011-07-06,13.28,13.62,13.23,13.44,1629700,13.44
2011-07-05,13.53,13.555,13.16,13.27,750300,13.27
2011-07-01,13.39,13.74,13.22,13.54,1023100,13.54
2011-06-30,13.50,13.89,13.29,13.36,1893300,13.36
2011-06-29,12.96,13.43,12.95,13.37,2433700,13.37
2011-06-28,12.76,13.06,12.62,12.90,1411700,12.90
2011-06-27,11.96,12.75,11.94,12.68,2309800,12.68
2011-06-24,12.09,12.17,11.66,11.83,2446600,11.83
2011-06-23,12.23,12.23,11.85,12.12,1417200,12.12
2011-06-22,11.84,12.48,11.83,12.35,2354800,12.35
2011-06-21,12.04,12.13,11.72,11.82,1944500,11.82
2011-06-20,11.62,11.83,11.37,11.42,1387200,11.42
2011-06-17,12.01,12.09,11.54,11.655,1317600,11.655
2011-06-16,12.10,12.30,11.91,12.01,959400,12.01
2011-06-15,11.97,12.72,11.96,12.08,2404700,12.08
2011-06-14,12.17,12.28,12.00,12.00,920700,12.00
2011-06-13,12.22,12.29,12.04,12.05,1212300,12.05
2011-06-10,12.70,12.79,12.20,12.20,829200,12.20
2011-06-09,12.59,12.95,12.38,12.755,1323500,12.755
2011-06-08,13.43,13.43,12.88,12.93,1083400,12.93
2011-06-07,13.23,13.51,13.11,13.47,1007300,13.47
2011-06-06,13.47,13.47,13.11,13.21,1352800,13.21
2011-06-03,13.67,13.79,13.42,13.55,718500,13.55
2011-06-02,14.00,14.15,13.575,13.82,1289500,13.82
2011-06-01,13.86,14.28,13.86,14.04,2831500,14.04
2011-05-31,13.53,13.98,13.43,13.89,2157700,13.89
2011-05-27,13.32,13.60,13.24,13.45,634800,13.45
2011-05-26,13.34,13.37,12.96,13.28,904800,13.28
2011-05-25,13.20,13.35,13.07,13.33,777500,13.33
2011-05-24,13.65,13.77,13.15,13.18,1004700,13.18
2011-05-23,13.55,13.73,13.33,13.67,1017200,13.67
2011-05-20,13.42,13.715,13.14,13.69,920800,13.69
2011-05-19,13.69,13.83,13.33,13.45,1407700,13.45
2011-05-18,13.03,13.66,13.03,13.65,966700,13.65
2011-05-17,12.94,13.06,12.79,13.03,1001600,13.03
2011-05-16,13.42,13.56,12.94,12.97,1757200,12.97
2011-05-13,12.71,13.78,12.665,13.66,2923800,13.66
2011-05-12,12.48,12.67,12.33,12.66,974900,12.66
2011-05-11,13.16,13.16,12.45,12.51,2229400,12.51
2011-05-10,13.19,13.2887,12.99,13.05,1562200,13.05
2011-05-09,13.31,13.46,13.10,13.10,1453000,13.10
2011-05-06,13.31,13.61,13.16,13.30,1117200,13.30
2011-05-05,13.20,13.40,12.93,13.17,1084200,13.17
2011-05-04,13.33,13.53,13.03,13.21,1010200,13.21
2011-05-03,13.64,13.72,13.215,13.37,1309900,13.37
2011-05-02,13.37,13.85,13.36,13.64,1676100,13.64
2011-04-29,13.52,13.65,13.27,13.30,966400,13.30
2011-04-28,13.39,13.66,13.2501,13.48,1433800,13.48
2011-04-27,13.07,13.485,13.03,13.38,1445100,13.38
2011-04-26,12.97,13.19,12.86,13.05,1460400,13.05
2011-04-25,12.82,12.98,12.58,12.97,1380000,12.97
2011-04-21,12.72,12.89,12.47,12.88,1250700,12.88
2011-04-20,12.60,12.88,12.55,12.69,1522100,12.69
2011-04-19,12.46,12.635,12.32,12.49,2798900,12.49
2011-04-18,12.82,13.23,12.38,12.73,3690300,12.73
2011-04-15,12.50,13.45,12.28,13.09,10210100,13.09
2011-04-14,11.37,11.40,11.15,11.26,676900,11.26
2011-04-13,11.32,11.61,11.29,11.42,1281200,11.42
2011-04-12,11.17,11.36,11.12,11.28,1082400,11.28
2011-04-11,11.05,11.24,11.01,11.24,674800,11.24
2011-04-08,11.13,11.25,11.00,11.02,604200,11.02
2011-04-07,11.25,11.42,11.11,11.11,742200,11.11
2011-04-06,11.19,11.365,11.16,11.28,717900,11.28
2011-04-05,11.10,11.35,11.07,11.20,1230400,11.20
2011-04-04,11.45,11.45,11.01,11.15,1376700,11.15
2011-04-01,11.38,11.53,11.25,11.47,1185300,11.47
2011-03-31,11.04,11.38,11.04,11.37,1479900,11.37
2011-03-30,10.80,11.55,10.76,11.04,1773700,11.04
2011-03-29,10.57,10.855,10.54,10.75,776700,10.75
2011-03-28,10.55,10.76,10.49,10.62,819100,10.62
2011-03-25,10.60,10.77,10.53,10.54,671600,10.54
2011-03-24,10.35,10.60,10.33,10.58,664300,10.58
2011-03-23,10.51,10.59,10.25,10.35,758100,10.35
2011-03-22,10.65,10.66,10.35,10.4475,858700,10.4475
2011-03-21,10.46,10.66,10.425,10.61,1453700,10.61
2011-03-18,11.01,11.05,10.35,10.44,3174900,10.44
2011-03-17,11.14,11.20,10.93,10.94,1592300,10.94
2011-03-16,10.87,11.40,10.71,11.08,2713000,11.08
2011-03-15,11.16,11.33,11.02,11.03,1593300,11.03
2011-03-14,11.26,11.71,11.25,11.32,1472200,11.32
2011-03-11,11.21,11.39,11.21,11.34,760600,11.34
2011-03-10,11.41,11.65,11.13,11.255,2049500,11.255
2011-03-09,11.40,11.44,11.16,11.34,868600,11.34
2011-03-08,11.40,11.44,11.12,11.43,2511300,11.43
2011-03-07,11.08,11.45,11.07,11.45,2857400,11.45
2011-03-04,11.22,11.37,10.95,11.07,4289100,11.07
2011-03-03,11.35,12.06,11.00,11.20,22824500,11.20
2011-03-02,15.00,15.30,14.90,15.01,669500,15.01
2011-03-01,15.33,15.41,14.88,15.03,1565900,15.03
2011-02-28,15.49,15.78,15.22,15.30,685500,15.30
2011-02-25,15.26,15.58,15.20,15.505,650200,15.505
2011-02-24,15.09,15.3425,14.94,15.24,604100,15.24
2011-02-23,15.66,15.66,15.17,15.17,969400,15.17
2011-02-22,16.17,16.23,15.73,15.73,1858800,15.73
2011-02-18,16.22,16.3683,16.21,16.28,853800,16.28
2011-02-17,15.83,16.27,15.7744,16.23,979200,16.23
2011-02-16,15.51,15.98,15.45,15.85,901600,15.85
2011-02-15,15.52,15.60,15.22,15.5175,745300,15.5175
2011-02-14,15.39,15.61,15.38,15.53,718200,15.53
2011-02-11,15.39,15.50,15.241,15.38,824000,15.38
2011-02-10,15.43,15.59,15.25,15.52,872500,15.52
2011-02-09,15.85,15.88,15.31,15.44,1514600,15.44
2011-02-08,15.66,16.00,15.59,15.84,2343100,15.84
2011-02-07,16.42,16.50,16.02,16.07,1559000,16.07
2011-02-04,16.22,16.58,16.09,16.46,1528900,16.46
2011-02-03,16.12,16.255,15.98,16.19,1062300,16.19
2011-02-02,16.18,16.25,15.89,16.15,1923000,16.15
2011-02-01,16.24,16.35,16.00,16.23,2770300,16.23
2011-01-31,16.25,16.49,16.13,16.18,1740700,16.18
2011-01-28,16.43,16.45,16.00,16.20,2882700,16.20
2011-01-27,16.10,16.65,15.75,16.44,9507800,16.44
2011-01-26,15.05,15.34,14.9601,15.27,1818900,15.27
2011-01-25,14.97,15.12,14.66,15.05,1429100,15.05
2011-01-24,14.97,15.15,14.76,15.00,1561300,15.00
2011-01-21,14.91,15.03,14.7205,15.03,2111400,15.03
2011-01-20,14.64,14.95,14.39,14.88,1789300,14.88
2011-01-19,15.05,15.14,14.67,14.71,1850800,14.71
2011-01-18,14.51,15.26,14.42,15.02,2206600,15.02
2011-01-14,14.63,14.89,14.53,14.60,950800,14.60
2011-01-13,14.18,14.80,13.97,14.68,2441800,14.68
2011-01-12,14.35,14.40,14.16,14.22,1543000,14.22
2011-01-11,14.55,14.5999,14.25,14.32,1514200,14.32
2011-01-10,14.49,14.65,14.39,14.49,1123600,14.49
2011-01-07,14.71,14.835,14.375,14.55,2026400,14.55
2011-01-06,14.66,14.75,14.64,14.68,1130200,14.68
2011-01-05,14.72,14.76,14.50,14.68,1450300,14.68
2011-01-04,14.87,14.87,14.61,14.71,995500,14.71
2011-01-03,14.84,14.91,14.71,14.80,1622700,14.80
2010-12-31,14.84,14.90,14.61,14.71,890600,14.71
2010-12-30,14.78,14.96,14.70,14.89,987500,14.89
2010-12-29,15.05,15.06,14.80,14.83,1322400,14.83
2010-12-28,15.14,15.14,14.9609,15.01,1068400,15.01
2010-12-27,15.05,15.19,14.95,15.16,625700,15.16
2010-12-23,15.16,15.49,15.04,15.12,956800,15.12
2010-12-22,15.05,15.31,15.05,15.21,1643200,15.21
2010-12-21,15.06,15.2299,14.96,15.08,1631100,15.08
2010-12-20,15.29,15.38,14.925,15.09,1978300,15.09
2010-12-17,14.60,15.25,14.45,15.23,5512100,15.23
2010-12-16,13.83,14.73,13.81,14.68,2808100,14.68
2010-12-15,13.87,14.12,13.82,13.84,1268100,13.84
2010-12-14,13.72,13.9875,13.60,13.93,1684000,13.93
2010-12-13,13.80,14.16,13.59,13.63,2442500,13.63
2010-12-10,12.71,13.87,12.71,13.79,4471600,13.79
2010-12-09,12.76,12.7999,12.46,12.72,2806200,12.72
2010-12-08,12.90,12.94,12.68,12.69,2017900,12.69
2010-12-07,13.22,13.269,12.85,12.85,1848100,12.85
2010-12-06,12.96,13.2399,12.96,13.21,1088100,13.21
2010-12-03,12.89,13.18,12.81,13.12,906600,13.12
2010-12-02,12.93,13.01,12.87,12.97,1169200,12.97
2010-12-01,12.92,13.0382,12.72,12.94,1712300,12.94
2010-11-30,12.86,12.99,12.70,12.82,1066900,12.82
2010-11-29,13.03,13.11,12.66,12.98,1928900,12.98
2010-11-26,13.10,13.14,13.00,13.10,524700,13.10
2010-11-24,12.99,13.20,12.95,13.1825,1342700,13.1825
2010-11-23,13.23,13.28,12.89,12.90,2938200,12.90
2010-11-22,13.38,13.44,13.19,13.31,1319300,13.31
2010-11-19,13.23,13.48,13.0119,13.48,1614200,13.48
2010-11-18,13.41,13.47,13.23,13.26,1338300,13.26
2010-11-17,13.25,13.43,13.13,13.32,2042300,13.32
2010-11-16,13.31,13.43,13.12,13.23,2976900,13.23
2010-11-15,13.36,13.47,13.25,13.42,1927900,13.42
2010-11-12,13.30,13.4099,13.23,13.30,2775200,13.30
2010-11-11,13.27,13.45,13.24,13.35,2181900,13.35
2010-11-10,13.18,13.44,12.96,13.38,2570800,13.38
2010-11-09,13.35,13.45,12.91,13.01,1841200,13.01
2010-11-08,12.99,13.40,12.79,13.35,2498300,13.35
2010-11-05,12.99,13.12,12.70,13.05,3321700,13.05
2010-11-04,12.77,13.10,12.64,12.69,3266700,12.69
2010-11-03,13.17,13.17,12.65,12.73,2991200,12.73
2010-11-02,12.77,13.17,12.75,13.10,2356100,13.10
2010-11-01,13.07,13.07,12.65,12.75,2328500,12.75
2010-10-29,13.24,13.26,12.85,13.03,1831100,13.03
2010-10-28,13.32,13.55,13.11,13.22,2995100,13.22
2010-10-27,12.37,13.36,12.3175,13.21,9516200,13.21
2010-10-26,11.57,12.24,11.50,12.00,5825600,12.00
2010-10-25,11.43,11.72,11.31,11.55,5582200,11.55
2010-10-22,11.87,11.87,11.10,11.30,5472700,11.30
2010-10-21,11.38,12.00,11.08,11.48,11035900,11.48
2010-10-20,9.82,11.75,9.51,11.03,51205300,11.03
2010-10-19,21.00,21.179,20.43,20.49,1655600,20.49
2010-10-18,21.05,21.23,20.81,21.22,1988200,21.22
2010-10-15,21.15,21.31,20.57,21.04,2466800,21.04
2010-10-14,21.15,21.25,20.88,21.17,2242500,21.17
2010-10-13,21.71,21.71,21.10,21.14,1156000,21.14
2010-10-12,21.48,21.5064,21.06,21.45,1946300,21.45
2010-10-11,21.35,21.64,21.0019,21.41,1168300,21.41
2010-10-08,21.61,21.65,21.2695,21.35,1471600,21.35
2010-10-07,21.64,21.73,21.38,21.52,630000,21.52
2010-10-06,21.73,21.95,21.41,21.51,1352500,21.51
2010-10-05,21.54,21.8499,21.36,21.74,1850000,21.74
2010-10-04,21.15,21.47,21.12,21.23,2327200,21.23
2010-10-01,20.93,21.13,20.62,21.13,1829300,21.13
2010-09-30,20.80,21.13,20.40,20.85,1672800,20.85
2010-09-29,20.83,21.00,20.65,20.78,1302800,20.78
2010-09-28,21.00,21.16,20.75,20.83,1149700,20.83
2010-09-27,21.29,21.37,20.81,20.94,1999700,20.94
2010-09-24,21.65,22.00,21.13,21.24,2388900,21.24
2010-09-23,20.65,21.30,20.64,21.10,2010000,21.10
2010-09-22,20.85,21.29,20.56,20.82,1767400,20.82
2010-09-21,21.32,21.44,20.79,20.90,1881200,20.90
2010-09-20,21.79,21.91,21.40,21.48,1927900,21.48
2010-09-17,20.98,21.68,20.98,21.66,1254300,21.66
2010-09-16,21.40,21.76,20.85,20.93,1738100,20.93
2010-09-15,21.53,21.73,21.21,21.38,1011200,21.38
2010-09-14,21.72,21.89,21.54,21.70,705300,21.70
2010-09-13,22.09,22.09,21.565,21.76,966700,21.76
2010-09-10,21.57,22.02,21.52,21.90,934700,21.90
2010-09-09,21.94,22.02,21.23,21.50,916300,21.50
2010-09-08,21.35,21.795,21.19,21.75,1115400,21.75
2010-09-07,21.53,21.75,21.26,21.52,960100,21.52
2010-09-03,21.50,21.93,21.00,21.56,1159500,21.56
2010-09-02,21.00,21.48,20.74,21.44,1113000,21.44
2010-09-01,20.68,21.17,20.59,20.94,1614100,20.94
2010-08-31,20.45,20.75,20.33,20.54,1168400,20.54
2010-08-30,20.21,20.78,20.10,20.44,1718400,20.44
2010-08-27,19.90,20.41,19.80,20.35,1433100,20.35
2010-08-26,19.96,20.08,19.70,19.81,1573900,19.81
2010-08-25,18.96,19.96,18.89,19.90,1941800,19.90
2010-08-24,19.33,19.43,18.75,19.05,1148300,19.05
2010-08-23,19.94,20.00,19.49,19.50,543900,19.50
2010-08-20,19.50,20.00,19.36,19.85,1459900,19.85
2010-08-19,20.16,20.21,19.50,19.59,933600,19.59
2010-08-18,20.25,20.49,19.9001,20.22,1231900,20.22
2010-08-17,20.06,20.39,19.81,20.29,1287200,20.29
2010-08-16,19.66,20.07,19.41,19.97,1388000,19.97
2010-08-13,19.88,19.94,19.57,19.69,803900,19.69
2010-08-12,19.24,20.20,19.01,19.90,1195000,19.90
2010-08-11,19.68,19.68,19.19,19.58,1851900,19.58
2010-08-10,19.95,20.30,19.71,20.08,570400,20.08
2010-08-09,20.50,20.68,20.04,20.18,1140500,20.18
2010-08-06,19.76,20.39,19.71,20.33,836200,20.33
2010-08-05,20.06,20.34,19.91,19.96,1030800,19.96
2010-08-04,19.79,20.36,19.73,20.29,1514500,20.29
2010-08-03,19.30,19.77,19.29,19.71,1131900,19.71
2010-08-02,19.12,19.55,18.90,19.30,1562600,19.30
2010-07-30,18.52,19.05,18.4706,18.92,1295000,18.92
2010-07-29,18.90,19.02,18.47,18.74,1801900,18.74
2010-07-28,19.18,19.36,18.04,18.89,3323100,18.89
2010-07-27,19.88,19.88,19.04,19.26,1654000,19.26
2010-07-26,19.07,20.00,19.07,19.84,1624600,19.84
2010-07-23,18.34,19.15,18.18,19.11,1394200,19.11
2010-07-22,18.35,18.60,18.01,18.50,3201200,18.50
2010-07-21,18.65,19.12,18.42,18.62,1250900,18.62
2010-07-20,18.41,18.76,18.08,18.71,1176500,18.71
2010-07-19,18.62,18.89,18.32,18.59,945600,18.59
2010-07-16,18.65,18.89,18.24,18.47,1811400,18.47
2010-07-15,18.98,19.12,18.47,18.79,1227400,18.79
2010-07-14,18.99,19.32,18.60,18.90,2305300,18.90
2010-07-13,19.20,19.40,18.86,19.00,2628700,19.00
2010-07-12,19.10,19.61,18.73,18.95,1788500,18.95
2010-07-09,19.00,19.31,18.74,19.25,2062600,19.25
2010-07-08,18.73,18.97,18.28,18.95,1846700,18.95
2010-07-07,18.01,18.68,17.81,18.52,2312100,18.52
2010-07-06,18.65,18.90,17.85,18.01,2058400,18.01
2010-07-02,18.80,18.99,18.30,18.61,1561100,18.61
2010-07-01,19.02,19.02,18.03,18.76,3080700,18.76
2010-06-30,18.83,19.29,18.71,18.80,3013600,18.80
2010-06-29,18.91,19.18,18.37,18.92,3535300,18.92
2010-06-28,20.40,20.61,18.96,19.03,7163300,19.03
2010-06-25,18.25,19.48,18.18,19.31,4700400,19.31
2010-06-24,18.49,18.85,18.12,18.20,1803800,18.20
2010-06-23,18.50,19.05,18.20,18.63,2237000,18.63
2010-06-22,19.46,19.58,18.30,18.42,3766500,18.42
2010-06-21,19.98,19.99,19.31,19.44,3564700,19.44
2010-06-18,18.85,20.12,18.74,19.80,15257800,19.80
2010-06-17,16.72,16.96,16.18,16.51,2357000,16.51
2010-06-16,17.11,17.30,16.45,16.505,3443400,16.505
2010-06-15,17.70,17.70,16.57,17.31,5184100,17.31
2010-06-14,17.67,18.32,17.60,17.79,4508500,17.79
2010-06-11,15.51,17.13,15.44,17.02,3505500,17.02
2010-06-10,15.22,15.66,15.13,15.66,2189300,15.66
2010-06-09,15.23,15.51,14.93,14.96,1806800,14.96
2010-06-08,15.36,15.87,14.97,15.22,2240000,15.22
2010-06-07,16.04,16.24,15.46,15.50,1572000,15.50
2010-06-04,16.70,16.83,16.02,16.04,1942500,16.04
2010-06-03,16.91,17.06,16.54,16.95,1511700,16.95
2010-06-02,16.33,16.78,16.12,16.78,1524100,16.78
2010-06-01,16.32,16.75,16.20,16.21,1700400,16.21
2010-05-28,16.50,16.855,16.24,16.52,2035700,16.52
2010-05-27,16.71,16.89,16.42,16.49,1567500,16.49
2010-05-26,16.48,17.07,16.16,16.31,3929800,16.31
2010-05-25,15.30,16.01,14.85,15.93,3403900,15.93
2010-05-24,15.49,16.17,15.49,15.70,2311900,15.70
2010-05-21,15.57,16.12,15.27,15.68,3399400,15.68
2010-05-20,16.16,16.29,15.56,15.63,4701500,15.63
2010-05-19,16.65,16.88,16.30,16.62,1746500,16.62
2010-05-18,17.19,17.47,16.66,16.73,1880400,16.73
2010-05-17,17.00,17.34,16.56,17.13,2125800,17.13
2010-05-14,17.54,17.83,16.915,17.02,2133600,17.02
2010-05-13,18.25,18.27,17.77,17.86,1361200,17.86
2010-05-12,17.68,18.21,17.30,18.15,1938700,18.15
2010-05-11,17.30,18.11,17.2801,17.69,3423500,17.69
2010-05-10,18.36,18.67,17.49,17.50,3622900,17.50
2010-05-07,18.34,18.4905,17.00,17.06,7129700,17.06
2010-05-06,19.41,19.42,17.15,18.54,11629000,18.54
2010-05-05,19.98,20.33,19.27,19.73,2599500,19.73
2010-05-04,20.75,21.02,19.95,20.29,2691300,20.29
2010-05-03,20.71,21.12,20.36,21.08,2030000,21.08
2010-04-30,21.48,22.26,20.64,20.64,2755900,20.64
2010-04-29,20.53,21.60,20.321,21.52,3703600,21.52
2010-04-28,19.97,20.33,19.71,20.33,1868100,20.33
2010-04-27,20.80,21.11,19.89,20.01,1936200,20.01
2010-04-26,21.00,21.18,20.65,20.78,1761600,20.78
2010-04-23,20.49,21.18,20.47,21.10,2153600,21.10
2010-04-22,20.82,20.85,20.04,20.54,2782300,20.54
2010-04-21,20.95,21.29,20.76,20.85,2596300,20.85
2010-04-20,21.21,21.31,20.49,21.05,4001500,21.05
2010-04-19,21.55,21.98,21.09,21.14,4218800,21.14
2010-04-16,22.26,22.35,21.59,21.75,3642500,21.75
2010-04-15,22.64,22.88,22.345,22.37,2684500,22.37
2010-04-14,22.96,23.00,22.60,22.712,3779100,22.712
2010-04-13,23.32,23.49,22.79,22.85,2314900,22.85
2010-04-12,23.89,23.98,23.20,23.29,2273300,23.29
2010-04-09,23.35,24.0699,23.20,23.82,4346300,23.82
2010-04-08,23.15,24.209,22.92,23.89,5005800,23.89
2010-04-07,22.90,23.55,22.79,23.29,3253800,23.29
2010-04-06,22.72,23.01,22.70,22.83,1755900,22.83
2010-04-05,23.06,23.25,22.8271,22.89,1292100,22.89
2010-04-01,22.54,23.13,22.52,23.09,2319200,23.09
2010-03-31,22.95,23.00,22.46,22.49,2304000,22.49
2010-03-30,22.58,23.035,22.42,22.95,2438700,22.95
2010-03-29,22.68,22.89,22.44,22.67,1863200,22.67
2010-03-26,22.82,23.04,22.45,22.67,2234900,22.67
2010-03-25,23.06,23.29,22.82,22.82,2197200,22.82
2010-03-24,23.06,23.30,22.89,23.04,2528700,23.04
2010-03-23,23.01,23.38,22.91,23.06,2333300,23.06
2010-03-22,22.25,23.245,22.06,22.94,3465800,22.94
2010-03-19,22.68,22.95,22.45,22.49,4621700,22.49
2010-03-18,22.55,22.74,22.19,22.71,3160000,22.71
2010-03-17,22.74,22.98,21.96,22.64,6455700,22.64
2010-03-16,23.26,23.54,22.61,22.88,8287600,22.88
2010-03-15,22.30,23.93,21.48,23.50,29308100,23.50
2010-03-12,21.51,21.58,18.26,20.26,18249800,20.26
2010-03-11,21.45,21.45,19.66,21.19,12605800,21.19
2010-03-10,19.79,21.00,19.705,20.90,8201000,20.90
2010-03-09,20.18,20.40,19.62,19.63,4674500,19.63
2010-03-08,20.43,20.46,19.975,20.18,3667800,20.18
2010-03-05,18.99,19.995,18.94,19.83,4939800,19.83
2010-03-04,19.24,19.43,18.67,18.74,7639400,18.74
2010-03-03,20.11,20.46,19.72,19.72,5215300,19.72
2010-03-02,19.21,20.40,19.16,19.99,6302300,19.99
2010-03-01,19.28,19.43,18.99,19.19,4683500,19.19
2010-02-26,18.23,19.15,18.18,18.89,7349100,18.89
2010-02-25,17.06,17.65,16.98,17.60,3040800,17.60
2010-02-24,17.27,17.38,17.0766,17.17,2660400,17.17
2010-02-23,17.68,17.75,17.09,17.15,3240000,17.15
2010-02-22,17.91,18.10,17.66,17.76,3205200,17.76
2010-02-19,17.62,18.03,17.56,17.98,3145200,17.98
2010-02-18,18.43,18.50,17.82,17.82,3396800,17.82
2010-02-17,18.23,18.70,18.08,18.38,2943700,18.38
2010-02-16,18.15,18.15,17.90,18.15,2320900,18.15
2010-02-12,17.44,18.02,17.35,18.01,3026300,18.01
2010-02-11,17.38,17.815,17.34,17.50,2162500,17.50
2010-02-10,17.37,17.50,17.05,17.43,1012600,17.43
2010-02-09,17.51,17.79,17.29,17.43,1818400,17.43
2010-02-08,17.16,17.57,16.97,17.33,2227600,17.33
2010-02-05,17.25,17.31,16.51,17.16,4904000,17.16
2010-02-04,18.14,18.20,17.24,17.29,2798100,17.29
2010-02-03,18.12,18.395,17.97,18.35,2530600,18.35
2010-02-02,17.78,18.01,17.47,18.01,3587800,18.01
2010-02-01,18.01,18.10,17.51,17.83,2767900,17.83
2010-01-29,18.10,18.31,17.88,17.98,3551400,17.98
2010-01-28,19.00,19.00,17.95,17.98,4666500,17.98
2010-01-27,18.99,19.01,18.23,18.77,6025000,18.77
2010-01-26,19.95,19.99,18.90,19.01,19126200,19.01
2010-01-25,17.26,17.52,16.81,17.45,3396600,17.45
2010-01-22,17.36,17.78,17.14,17.24,4218300,17.24
2010-01-21,17.83,18.14,16.92,17.63,6807200,17.63
2010-01-20,16.54,17.82,16.50,17.69,7260100,17.69
2010-01-19,15.93,16.70,15.90,16.56,3744500,16.56
2010-01-15,16.26,16.51,15.935,16.01,2481700,16.01
2010-01-14,16.85,16.8741,16.17,16.44,3573700,16.44
2010-01-13,16.16,16.88,15.99,16.80,4474700,16.80
2010-01-12,15.81,16.28,15.13,15.99,8319000,15.99
2010-01-11,15.33,15.92,15.29,15.77,3328800,15.77
2010-01-08,15.15,15.35,14.96,15.34,2293400,15.34
2010-01-07,14.96,15.27,14.87,15.20,2654400,15.20
2010-01-06,14.70,15.08,14.47,14.93,3661900,14.93
2010-01-05,14.37,14.80,14.23,14.59,2034300,14.59
2010-01-04,14.23,14.7146,14.13,14.50,4054900,14.50
2009-12-31,14.08,14.30,14.06,14.19,1518200,14.19
2009-12-30,13.92,14.20,13.8715,14.13,2105200,14.13
2009-12-29,14.15,14.15,13.98,14.03,1455800,14.03
2009-12-28,14.25,14.2999,13.96,14.13,2187500,14.13
2009-12-24,13.87,14.30,13.69,14.27,1841400,14.27
2009-12-23,15.44,15.55,13.35,13.97,13796400,13.97
2009-12-22,15.48,15.63,15.25,15.45,2236300,15.45
2009-12-21,14.96,15.50,14.91,15.33,3058300,15.33
2009-12-18,14.74,15.00,14.68,14.90,2563800,14.90
2009-12-17,14.48,14.79,14.25,14.70,3778800,14.70
2009-12-16,14.36,14.475,14.16,14.35,1178800,14.35
2009-12-15,14.18,14.31,14.07,14.29,2402900,14.29
2009-12-14,13.97,14.12,13.90,14.02,2533400,14.02
2009-12-11,13.91,14.00,13.75,13.98,1317000,13.98
2009-12-10,13.80,14.05,13.69,13.82,1501300,13.82
2009-12-09,13.69,13.89,13.50,13.79,950900,13.79
2009-12-08,13.79,14.0399,13.61,13.79,1017800,13.79
2009-12-07,14.05,14.13,13.85,13.91,982300,13.91
2009-12-04,14.40,14.50,13.98,14.10,2642700,14.10
2009-12-03,14.39,14.58,14.25,14.27,2077200,14.27
2009-12-02,14.26,14.68,14.15,14.45,2645900,14.45
2009-12-01,14.32,14.58,14.02,14.38,2530600,14.38
2009-11-30,13.78,14.38,13.65,14.26,3775800,14.26
2009-11-27,13.45,14.00,13.25,13.80,2030900,13.80
2009-11-25,13.26,14.06,13.25,13.91,3427000,13.91
2009-11-24,13.36,13.40,12.47,13.24,4842100,13.24
2009-11-23,12.57,12.73,12.40,12.47,1157500,12.47
2009-11-20,12.74,12.77,12.42,12.44,1358700,12.44
2009-11-19,12.88,12.98,12.59,12.77,1198100,12.77
2009-11-18,13.00,13.13,12.85,12.90,1396800,12.90
2009-11-17,12.78,13.24,12.78,13.05,1928000,13.05
2009-11-16,12.70,12.93,12.64,12.92,1094900,12.92
2009-11-13,12.55,12.72,12.43,12.58,1235900,12.58
2009-11-12,12.73,12.75,12.44,12.53,1078400,12.53
2009-11-11,12.40,12.74,12.35,12.69,1494000,12.69
2009-11-10,12.31,12.49,12.21,12.37,1226000,12.37
2009-11-09,12.06,12.30,12.06,12.30,1466700,12.30
2009-11-06,11.90,12.12,11.90,12.07,1871000,12.07
2009-11-05,11.81,12.10,11.80,12.03,1942400,12.03
2009-11-04,12.35,12.38,11.75,11.76,3199600,11.76
2009-11-03,11.95,12.22,11.55,12.21,2868200,12.21
2009-11-02,11.70,12.75,11.40,12.13,14639300,12.13
2009-10-30,11.41,11.50,11.01,11.04,2190200,11.04
2009-10-29,11.40,11.72,11.35,11.41,3778600,11.41
2009-10-28,12.15,12.24,11.29,11.41,4129400,11.41
2009-10-27,12.37,12.48,12.05,12.26,1490100,12.26
2009-10-26,12.82,12.94,12.16,12.24,3048000,12.24
2009-10-23,13.13,13.2899,12.84,12.85,1961000,12.85
2009-10-22,13.10,13.21,12.91,13.05,2625100,13.05
2009-10-21,13.15,13.80,13.04,13.12,3774300,13.12
2009-10-20,13.67,13.67,13.13,13.14,2592200,13.14
2009-10-19,13.98,13.99,13.48,13.49,2506900,13.49
2009-10-16,13.94,14.02,13.75,13.89,2370800,13.89
2009-10-15,13.83,14.05,13.82,13.96,1996300,13.96
2009-10-14,13.88,14.23,13.82,13.95,1950000,13.95
2009-10-13,14.00,14.23,13.82,13.90,1683000,13.90
2009-10-12,14.32,14.41,14.00,14.06,1710200,14.06
2009-10-09,13.72,14.23,13.59,14.20,2754200,14.20
2009-10-08,13.69,13.823,13.50,13.71,2927800,13.71
2009-10-07,13.45,13.63,13.13,13.56,2777100,13.56
2009-10-06,13.25,13.65,13.24,13.39,3069900,13.39
2009-10-05,13.06,13.33,12.90,13.24,2818300,13.24
2009-10-02,13.00,13.12,12.75,13.02,2798300,13.02
2009-10-01,13.55,13.69,13.09,13.11,2959600,13.11
2009-09-30,13.58,13.78,13.221,13.69,3277400,13.69
2009-09-29,13.08,13.81,13.00,13.72,5542000,13.72
2009-09-28,12.86,13.20,12.65,13.13,4466400,13.13
2009-09-25,12.21,12.85,11.97,12.76,4568300,12.76
2009-09-24,12.55,12.57,11.73,12.20,7248600,12.20
2009-09-23,12.67,12.73,12.36,12.39,3657700,12.39
2009-09-22,13.19,13.19,12.50,12.64,4548500,12.64
2009-09-21,13.10,13.22,12.86,13.09,5568300,13.09
2009-09-18,13.85,13.97,13.10,13.10,7094500,13.10
2009-09-17,14.01,14.13,13.77,13.80,4058700,13.80
2009-09-16,13.83,14.6346,13.68,14.10,6008000,14.10
2009-09-15,13.19,13.74,13.0731,13.65,2482400,13.65
2009-09-14,12.50,13.11,12.47,13.11,1443700,13.11
2009-09-11,12.64,12.77,12.4709,12.58,1357000,12.58
2009-09-10,12.48,12.61,12.40,12.51,1155200,12.51
2009-09-09,12.53,12.6301,12.40,12.48,1137700,12.48
2009-09-08,12.79,12.97,12.4612,12.53,1383300,12.53
2009-09-04,12.50,12.80,12.28,12.79,1778900,12.79
2009-09-03,12.50,12.59,12.41,12.52,1949500,12.52
2009-09-02,12.49,12.67,12.43,12.51,2025900,12.51
2009-09-01,12.60,12.90,12.449,12.56,1964200,12.56
2009-08-31,12.90,12.90,12.52,12.60,1216400,12.60
2009-08-28,13.06,13.06,12.75,12.91,982500,12.91
2009-08-27,13.14,13.14,12.75,12.99,1475500,12.99
2009-08-26,13.14,13.26,13.045,13.10,914300,13.10
2009-08-25,13.23,13.42,13.01,13.22,1538900,13.22
2009-08-24,13.48,13.48,13.15,13.24,1363700,13.24
2009-08-21,13.36,13.72,13.20,13.48,2062400,13.48
2009-08-20,13.28,13.53,13.25,13.35,942700,13.35
2009-08-19,12.72,13.45,12.71,13.36,1830500,13.36
2009-08-18,13.00,13.075,12.81,12.98,1374000,12.98
2009-08-17,13.12,13.21,12.80,12.98,2127700,12.98
2009-08-14,13.45,13.59,13.17,13.23,1744800,13.23
2009-08-13,13.75,13.93,13.37,13.39,1723100,13.39
2009-08-12,13.56,14.07,13.54,13.58,2837300,13.58
2009-08-11,14.50,14.57,13.56,13.67,4254300,13.67
2009-08-10,14.83,14.83,14.43,14.43,2330600,14.43
2009-08-07,15.24,15.36,14.78,14.81,3473900,14.81
2009-08-06,15.53,15.69,14.88,14.98,3152800,14.98
2009-08-05,15.12,15.56,14.97,15.38,2087600,15.38
2009-08-04,14.58,15.07,14.52,14.98,1995500,14.98
2009-08-03,14.92,14.95,14.25,14.80,1883200,14.80
2009-07-31,15.04,15.04,14.46,14.71,1805200,14.71
2009-07-30,15.13,15.20,14.90,14.95,1557900,14.95
2009-07-29,15.10,15.275,14.85,14.89,1899600,14.89
2009-07-28,14.70,15.18,14.51,15.06,2653300,15.06
2009-07-27,14.16,14.73,14.16,14.73,2409800,14.73
2009-07-24,13.50,14.15,13.50,14.12,1976800,14.12
2009-07-23,13.02,13.98,12.98,13.72,3059700,13.72
2009-07-22,12.27,13.34,12.27,12.90,2459000,12.90
2009-07-21,13.16,13.34,12.96,13.34,2219800,13.34
2009-07-20,12.75,13.02,12.50,12.96,1733300,12.96
2009-07-17,12.53,12.91,12.53,12.63,1507200,12.63
2009-07-16,12.51,12.84,12.35,12.75,2222300,12.75
2009-07-15,12.19,12.46,12.05,12.45,2147900,12.45
2009-07-14,12.27,12.34,12.09,12.10,1541800,12.10
2009-07-13,12.30,12.30,11.85,12.20,1653300,12.20
2009-07-10,12.35,12.45,12.12,12.25,1769000,12.25
2009-07-09,12.49,12.54,12.20,12.40,1556000,12.40
2009-07-08,12.78,12.93,12.13,12.29,3267800,12.29
2009-07-07,12.65,12.92,12.44,12.46,1249500,12.46
2009-07-06,12.56,12.73,12.44,12.73,1374000,12.73
2009-07-02,13.34,13.34,12.83,12.88,2282300,12.88
2009-07-01,13.65,13.65,13.09,13.42,3794300,13.42
2009-06-30,13.50,13.68,13.14,13.50,1942500,13.50
2009-06-29,13.72,13.76,13.00,13.50,3901000,13.50
2009-06-26,12.61,14.30,12.53,13.69,9144700,13.69
2009-06-25,12.35,12.67,12.20,12.59,2904400,12.59
2009-06-24,11.68,12.59,11.64,12.38,3310800,12.38
2009-06-23,11.89,11.96,11.70,11.84,1615400,11.84
2009-06-22,12.15,12.32,11.75,11.94,2406700,11.94
2009-06-19,12.37,12.64,12.25,12.34,2902800,12.34
2009-06-18,11.76,12.32,11.72,12.27,3163700,12.27
2009-06-17,11.58,12.07,11.58,11.94,3789100,11.94
2009-06-16,11.67,11.87,11.38,11.63,3432700,11.63
2009-06-15,11.86,11.86,11.52,11.64,3114200,11.64
2009-06-12,11.32,12.05,11.24,11.93,3592300,11.93
2009-06-11,11.15,11.50,11.08,11.32,2969000,11.32
2009-06-10,11.26,11.37,11.06,11.16,3115500,11.16
2009-06-09,11.46,11.51,11.07,11.26,2521900,11.26
2009-06-08,11.50,11.70,11.28,11.49,4625200,11.49
2009-06-05,11.26,11.30,10.97,11.10,2192100,11.10
2009-06-04,11.12,11.28,10.9197,11.09,3159300,11.09
2009-06-03,11.00,11.39,11.00,11.21,2486800,11.21
2009-06-02,11.32,11.43,11.18,11.26,2530000,11.26
2009-06-01,11.18,11.53,11.18,11.26,3376100,11.26
2009-05-29,11.29,11.66,10.92,11.32,6015800,11.32
2009-05-28,11.63,11.85,11.195,11.24,4197100,11.24
2009-05-27,11.18,12.18,11.03,11.68,8730800,11.68
2009-05-26,11.03,11.38,10.90,11.06,2321900,11.06
2009-05-22,11.05,11.26,10.95,11.11,2110900,11.11
2009-05-21,11.17,11.28,10.87,11.01,1759300,11.01
2009-05-20,11.06,11.60,11.01,11.23,1800700,11.23
2009-05-19,10.88,11.24,10.80,11.09,2102200,11.09
2009-05-18,10.26,11.12,10.10,11.07,2669200,11.07
2009-05-15,10.45,10.68,10.36,10.50,1692700,10.50
2009-05-14,10.98,11.03,10.205,10.41,2793200,10.41
2009-05-13,11.20,11.25,10.52,10.61,2904900,10.61
2009-05-12,11.48,11.64,11.08,11.28,1702800,11.28
2009-05-11,11.53,11.68,11.40,11.46,2313600,11.46
2009-05-08,11.82,11.98,11.362,11.70,2406000,11.70
2009-05-07,11.80,12.39,11.69,11.71,3080800,11.71
2009-05-06,12.05,12.10,11.55,11.74,2933000,11.74
2009-05-05,12.25,12.60,11.56,11.85,7764300,11.85
2009-05-04,11.20,11.63,11.06,11.58,1666400,11.58
2009-05-01,11.56,11.69,10.95,11.01,1890700,11.01
2009-04-30,11.54,11.75,10.76,10.94,2857800,10.94
2009-04-29,10.97,11.40,10.86,11.34,2444500,11.34
2009-04-28,10.88,11.23,10.83,10.85,2099100,10.85
2009-04-27,11.23,11.41,10.96,10.98,2604500,10.98
2009-04-24,11.07,11.61,10.96,11.25,2782100,11.25
2009-04-23,11.16,11.42,10.85,10.99,3320600,10.99
2009-04-22,10.78,11.33,10.75,10.99,2697700,10.99
2009-04-21,10.22,10.92,10.17,10.80,3580200,10.80
2009-04-20,10.13,10.47,10.12,10.20,3077100,10.20
2009-04-17,10.34,10.43,9.65,10.18,4516300,10.18
2009-04-16,10.55,10.68,10.20,10.38,3078600,10.38
2009-04-15,10.01,10.62,10.00,10.51,5500100,10.51
2009-04-14,9.61,10.40,9.54,10.00,4835100,10.00
2009-04-13,9.63,9.88,9.57,9.79,2431800,9.79
2009-04-09,9.58,9.82,9.49,9.66,2570300,9.66
2009-04-08,9.36,9.45,9.11,9.41,2897100,9.41
2009-04-07,8.87,9.53,8.80,9.34,3471600,9.34
2009-04-06,9.37,9.72,9.065,9.32,3915900,9.32
2009-04-03,9.38,9.74,8.56,9.68,19154300,9.68
2009-04-02,12.16,12.21,9.87,10.32,12922600,10.32
2009-04-01,11.73,12.30,11.63,12.05,4419600,12.05
2009-03-31,12.85,13.50,11.65,11.75,13184300,11.75
2009-03-30,11.77,11.865,10.87,11.32,3224200,11.32
2009-03-27,13.17,13.23,11.95,12.00,3171100,12.00
2009-03-26,12.63,13.50,12.59,13.47,2705200,13.47
2009-03-25,12.39,12.86,12.00,12.47,1731500,12.47
2009-03-24,12.18,12.50,11.9699,12.27,1357200,12.27
2009-03-23,11.77,12.29,11.58,12.27,2078700,12.27
2009-03-20,12.21,12.21,11.30,11.35,1858800,11.35
2009-03-19,12.49,12.63,12.06,12.15,1480500,12.15
2009-03-18,11.65,12.63,11.65,12.30,1666000,12.30
2009-03-17,11.06,11.81,11.00,11.69,2095900,11.69
2009-03-16,11.25,11.77,11.00,11.06,2596700,11.06
2009-03-13,10.09,11.28,10.09,11.20,2242000,11.20
2009-03-12,9.31,10.09,9.14,10.06,2114900,10.06
2009-03-11,9.31,9.84,9.27,9.29,1495000,9.29
2009-03-10,8.89,9.28,8.66,9.28,1266200,9.28
2009-03-09,8.29,8.73,7.89,8.50,1498400,8.50
2009-03-06,8.24,8.64,8.13,8.41,2666800,8.41
2009-03-05,8.75,8.99,8.00,8.19,2526400,8.19
2009-03-04,9.14,9.48,8.63,9.02,1474900,9.02
2009-03-03,8.67,8.92,8.42,8.70,1712000,8.70
2009-03-02,8.79,8.90,8.39,8.58,2991000,8.58
2009-02-27,9.60,9.615,8.30,9.13,2944400,9.13
2009-02-26,10.45,10.55,9.76,9.82,1556000,9.82
2009-02-25,10.35,10.67,10.05,10.32,1789200,10.32
2009-02-24,10.38,10.57,10.06,10.436,1593600,10.436
2009-02-23,10.54,10.66,10.07,10.17,2311900,10.17
2009-02-20,10.82,11.07,10.26,10.47,2820400,10.47
2009-02-19,11.50,11.86,11.02,11.18,1688300,11.18
2009-02-18,12.02,12.27,11.34,11.36,1958800,11.36
2009-02-17,12.22,12.38,11.75,11.82,1909300,11.82
2009-02-13,12.93,13.00,12.51,12.63,1053800,12.63
2009-02-12,12.74,12.95,12.55,12.91,1712600,12.91
2009-02-11,13.13,13.27,12.72,12.77,1502200,12.77
2009-02-10,13.11,13.50,12.81,13.05,1817600,13.05
2009-02-09,13.52,13.6146,13.01,13.17,1384800,13.17
2009-02-06,13.30,14.13,13.13,13.44,3960900,13.44
2009-02-05,12.24,13.22,12.16,13.16,2725100,13.16
2009-02-04,11.87,12.95,11.85,12.37,3011100,12.37
2009-02-03,11.85,12.03,11.50,11.93,1961600,11.93
2009-02-02,11.53,11.94,11.33,11.80,3274500,11.80
2009-01-30,11.34,11.64,10.99,11.56,3130300,11.56
2009-01-29,10.73,11.62,10.7199,11.03,3808000,11.03
2009-01-28,10.80,11.27,10.50,10.66,4071300,10.66
2009-01-27,11.41,11.83,11.27,11.69,2831600,11.69
2009-01-26,10.90,11.53,10.82,11.25,1870800,11.25
2009-01-23,10.65,11.10,10.50,10.88,1716000,10.88
2009-01-22,10.90,11.05,10.51,10.92,1930600,10.92
2009-01-21,10.47,11.17,10.18,11.06,1992500,11.06
2009-01-20,11.38,11.59,10.16,10.23,2721700,10.23
2009-01-16,11.35,11.74,11.28,11.63,1700000,11.63
2009-01-15,11.16,11.29,10.27,11.28,3034500,11.28
2009-01-14,11.33,11.58,10.93,11.26,2113100,11.26
2009-01-13,10.83,11.67,10.7602,11.64,2813800,11.64
2009-01-12,11.48,11.61,10.90,11.00,1596800,11.00
2009-01-09,11.90,11.90,11.35,11.69,1657800,11.69
2009-01-08,11.28,11.77,11.05,11.76,1298700,11.76
2009-01-07,12.02,12.15,11.11,11.31,1981900,11.31
2009-01-06,11.42,12.46,11.42,12.15,2861500,12.15
2009-01-05,11.10,11.50,10.72,11.42,2424400,11.42
2009-01-02,10.85,10.99,10.33,10.96,1504200,10.96
2008-12-31,10.39,11.04,10.36,10.85,1959000,10.85
2008-12-30,10.10,10.48,10.01,10.46,1971900,10.46
2008-12-29,10.55,10.63,10.00,10.08,1402700,10.08
2008-12-26,10.68,10.72,10.11,10.67,872600,10.67
2008-12-24,10.78,10.96,10.51,10.67,421600,10.67
2008-12-23,10.45,11.00,10.42,10.72,1188300,10.72
2008-12-22,11.05,11.34,10.55,10.75,1735600,10.75
2008-12-19,11.33,11.35,10.65,11.00,6067900,11.00
2008-12-18,10.88,11.69,10.61,11.01,3075600,11.01
2008-12-17,11.56,11.90,11.32,11.38,3076600,11.38
2008-12-16,10.92,11.71,10.90,11.71,2476300,11.71
2008-12-15,11.01,11.35,10.49,10.85,2918600,10.85
2008-12-12,9.98,11.48,9.80,11.00,4968700,11.00
2008-12-11,9.55,11.40,9.25,10.05,9711000,10.05
2008-12-10,8.35,8.87,8.12,8.55,1671400,8.55
2008-12-09,8.87,9.10,8.23,8.26,2459000,8.26
2008-12-08,7.99,9.10,7.91,8.76,2226400,8.76
2008-12-05,7.47,8.34,7.15,8.34,3069500,8.34
2008-12-04,6.94,7.84,6.66,7.62,3254000,7.62
2008-12-03,6.11,7.15,6.11,7.14,2358300,7.14
2008-12-02,6.28,6.47,5.92,6.25,1944100,6.25
2008-12-01,7.31,7.343,5.99,6.06,2581700,6.06
2008-11-28,6.95,7.44,6.95,7.41,631600,7.41
2008-11-26,6.21,7.02,6.03,7.02,2131900,7.02
2008-11-25,6.27,6.45,5.99,6.21,2090300,6.21
2008-11-24,6.09,6.64,6.01,6.52,2630300,6.52
2008-11-21,6.15,6.22,5.50,6.05,3351100,6.05
2008-11-20,6.20,6.47,5.80,6.07,3775200,6.07
2008-11-19,7.22,7.50,6.14,6.14,3760700,6.14
2008-11-18,6.94,7.45,6.86,7.22,4553500,7.22
2008-11-17,7.49,7.49,6.50,6.91,2524600,6.91
2008-11-14,7.03,7.22,6.38,6.41,2834900,6.41
2008-11-13,6.35,7.27,6.338,7.26,3933300,7.26
2008-11-12,8.20,8.25,6.47,6.53,5289600,6.53
2008-11-11,8.34,8.78,8.08,8.34,3087600,8.34
2008-11-10,8.91,8.92,8.12,8.25,994700,8.25
2008-11-07,8.49,8.77,8.38,8.75,1822500,8.75
2008-11-06,8.79,8.95,8.17,8.45,2726600,8.45
2008-11-05,8.18,9.25,7.90,8.97,5931300,8.97
2008-11-04,11.47,11.47,6.90,7.94,13617000,7.94
2008-11-03,10.51,10.98,10.33,10.70,1735000,10.70
2008-10-31,9.81,10.55,9.67,10.21,2547300,10.21
2008-10-30,9.60,10.38,9.57,10.34,2023900,10.34
2008-10-29,8.55,9.85,8.20,9.58,3342000,9.58
2008-10-28,8.846,8.846,7.17,8.43,7887100,8.43
2008-10-27,9.59,9.71,7.97,8.31,8451200,8.31
2008-10-24,10.52,10.83,9.60,9.81,6188000,9.81
2008-10-23,11.93,12.00,10.71,11.34,3325000,11.34
2008-10-22,12.16,12.50,11.30,11.96,4103900,11.96
2008-10-21,13.21,13.48,12.65,12.72,2111700,12.72
2008-10-20,12.53,13.40,12.01,13.32,2749800,13.32
2008-10-17,13.25,15.90,12.44,12.61,3283800,12.61
2008-10-16,12.61,13.40,12.17,13.27,3013500,13.27
2008-10-15,13.64,14.45,12.25,12.40,2911000,12.40
2008-10-14,14.98,15.30,13.81,13.81,3533800,13.81
2008-10-13,12.99,14.43,12.77,14.38,2723800,14.38
2008-10-10,13.03,13.45,11.71,12.30,5786200,12.30
2008-10-09,15.34,15.34,13.43,13.68,3765300,13.68
2008-10-08,14.90,15.96,14.38,15.32,3186700,15.32
2008-10-07,16.45,16.90,15.37,15.39,4817900,15.39
2008-10-06,17.79,17.94,14.45,15.85,4357200,15.85
2008-10-03,19.81,20.00,16.72,17.17,4040700,17.17
2008-10-02,19.58,20.10,18.54,18.69,3213800,18.69
2008-10-01,20.47,20.47,19.42,19.79,1585500,19.79
2008-09-30,19.85,20.43,18.93,20.22,4568200,20.22
2008-09-29,20.37,20.81,19.36,19.36,3527200,19.36
2008-09-26,20.87,21.35,20.56,20.77,2393800,20.77
2008-09-25,21.25,22.197,21.25,22.197,2251300,22.197
2008-09-24,20.44,21.285,20.07,21.10,1265600,21.10
2008-09-23,20.49,21.03,20.34,20.39,1651100,20.39
2008-09-22,21.33,21.87,20.43,20.43,1821300,20.43
2008-09-19,22.59,23.01,20.10,21.47,8332500,21.47
2008-09-18,19.81,21.60,19.37,21.46,6955600,21.46
2008-09-17,21.46,21.46,19.37,19.57,5743200,19.57
2008-09-16,21.01,21.94,20.58,21.23,5376500,21.23
2008-09-15,19.85,21.77,19.63,21.13,4997000,21.13
2008-09-12,19.28,20.18,18.90,20.18,3595800,20.18
2008-09-11,19.06,19.52,18.75,19.48,4474400,19.48
2008-09-10,18.95,19.52,18.95,19.52,4035000,19.52
2008-09-09,20.16,20.43,18.55,18.88,8274600,18.88
2008-09-08,21.32,21.59,19.77,20.155,5665300,20.155
2008-09-05,21.12,21.31,20.15,21.11,4542100,21.11
2008-09-04,22.03,22.12,21.37,21.48,3965800,21.48
2008-09-03,21.69,22.29,21.30,22.27,4322100,22.27
2008-09-02,22.40,22.41,21.43,21.57,6139300,21.57
2008-08-29,22.29,22.29,21.79,21.98,6051900,21.98
2008-08-28,21.21,22.17,21.21,21.88,10662100,21.88
2008-08-27,23.81,24.00,19.915,20.48,36925600,20.48
2008-08-26,27.99,28.50,26.81,27.24,7665200,27.24
2008-08-25,27.24,28.00,27.03,27.77,4851000,27.77
2008-08-22,26.80,27.25,26.11,26.58,2890000,26.58
2008-08-21,25.81,26.75,25.72,26.68,3909400,26.68
2008-08-20,28.60,28.71,26.22,26.91,4799200,26.91
2008-08-19,28.71,29.37,27.59,28.51,8414800,28.51
2008-08-18,35.00,35.00,28.10,29.76,23015800,29.76
2008-08-15,34.79,34.80,33.72,34.21,1976300,34.21
2008-08-14,32.15,34.75,32.0536,34.60,3393400,34.60
2008-08-13,33.08,33.75,32.00,32.54,2394400,32.54
2008-08-12,32.99,33.56,32.77,33.23,1411500,33.23
2008-08-11,32.58,33.50,31.9501,33.24,1848100,33.24
2008-08-08,30.65,32.71,30.61,32.59,3446500,32.59
2008-08-07,31.382,31.96,30.04,30.14,2316300,30.14
2008-08-06,30.78,31.43,30.46,31.24,1972000,31.24
2008-08-05,30.60,31.33,30.60,31.00,2500100,31.00
2008-08-04,30.06,30.83,29.57,30.25,1990600,30.25
2008-08-01,31.21,31.55,29.53,30.60,3755100,30.60
2008-07-31,29.32,31.91,29.27,31.55,7060400,31.55
2008-07-30,28.46,28.46,27.03,27.48,2759800,27.48
2008-07-29,28.04,28.85,28.04,28.53,1929100,28.53
2008-07-28,29.29,29.84,27.87,27.97,1860000,27.97
2008-07-25,29.10,29.55,28.10,29.49,2901700,29.49
2008-07-24,29.15,29.2299,27.76,28.01,2845200,28.01
2008-07-23,28.58,29.57,28.03,29.38,4163800,29.38
2008-07-22,27.35,29.04,26.83,28.57,5958700,28.57
2008-07-21,26.37,26.93,25.85,26.60,3061600,26.60
2008-07-18,26.36,26.80,25.47,25.75,2141900,25.75
2008-07-17,26.57,27.11,25.85,26.32,4496800,26.32
2008-07-16,24.8901,26.54,24.8901,26.44,2702100,26.44
2008-07-15,24.45,25.75,24.45,25.33,2153800,25.33
2008-07-14,25.83,25.83,24.49,24.67,1788000,24.67
2008-07-11,25.87,26.05,24.86,25.63,1678800,25.63
2008-07-10,25.91,26.54,25.42,25.89,1960800,25.89
2008-07-09,26.07,27.32,25.52,25.96,2616500,25.96
2008-07-08,24.87,26.04,24.86,26.00,2167100,26.00
2008-07-07,24.69,25.40,24.21,24.87,2194300,24.87
2008-07-03,25.46,25.50,24.13,24.62,1672800,24.62
2008-07-02,26.02,26.30,25.39,25.51,1830400,25.51
2008-07-01,25.23,26.21,24.761,26.20,2279700,26.20
2008-06-30,26.03,26.4399,25.30,25.39,1982700,25.39
2008-06-27,25.66,26.40,25.63,26.17,1813000,26.17
2008-06-26,25.94,26.15,25.42,25.62,1911500,25.62
2008-06-25,26.09,26.61,26.09,26.61,1374500,26.61
2008-06-24,26.35,26.62,25.60,25.90,1585100,25.90
2008-06-23,25.96,26.95,25.83,26.43,2751200,26.43
2008-06-20,26.37,26.49,25.57,25.99,1807400,25.99
2008-06-19,25.95,26.52,25.50,26.42,2236800,26.42
2008-06-18,26.02,26.65,25.82,26.09,1641900,26.09
2008-06-17,27.00,27.00,25.85,26.20,2303500,26.20
2008-06-16,26.75,27.12,26.70,26.79,2337100,26.79
2008-06-13,26.18,27.37,26.18,27.03,2373300,27.03
2008-06-12,26.30,27.04,25.87,25.96,2831000,25.96
2008-06-11,27.52,27.63,25.75,26.34,6404300,26.34
2008-06-10,27.17,27.98,27.00,27.74,10312000,27.74
2008-06-09,27.15,27.96,26.28,26.84,11051500,26.84
2008-06-06,32.69,33.22,29.60,29.93,7775800,29.93
2008-06-05,31.56,32.90,31.35,32.77,2951700,32.77
2008-06-04,30.39,31.77,30.28,31.28,2713900,31.28
2008-06-03,31.40,31.60,30.11,30.56,3677500,30.56
2008-06-02,31.87,31.98,31.00,31.33,1750700,31.33
2008-05-30,32.22,32.52,31.69,31.77,4684200,31.77
2008-05-29,31.68,32.84,31.19,32.38,4522500,32.38
2008-05-28,31.25,31.68,30.63,30.98,2562800,30.98
2008-05-27,30.75,31.07,30.06,30.59,3303300,30.59
2008-05-23,29.80,30.77,29.50,30.58,2945600,30.58
2008-05-22,31.01,31.59,30.64,30.96,1901200,30.96
2008-05-21,31.60,31.73,30.48,31.00,2457100,31.00
2008-05-20,31.88,31.97,31.36,31.60,1687400,31.60
2008-05-19,32.23,32.52,31.30,31.95,2745600,31.95
2008-05-16,32.20,32.78,30.99,32.15,6706800,32.15
2008-05-15,29.49,30.74,29.28,30.63,2613700,30.63
2008-05-14,29.39,29.89,29.05,29.53,2208600,29.53
2008-05-13,29.61,29.62,29.149,29.62,2487200,29.62
2008-05-12,28.72,29.73,28.50,29.50,2675700,29.50
2008-05-09,27.97,28.76,27.71,28.48,2426700,28.48
2008-05-08,27.88,28.43,27.52,28.05,1382600,28.05
2008-05-07,28.09,28.35,27.50,27.68,1235000,27.68
2008-05-06,28.19,28.64,27.84,28.18,1119100,28.18
2008-05-05,28.35,28.65,27.78,28.34,1363500,28.34
2008-05-02,28.79,28.89,27.86,28.48,1421600,28.48
2008-05-01,27.50,28.71,27.11,28.49,1836100,28.49
2008-04-30,28.68,28.95,27.45,27.58,3251400,27.58
2008-04-29,29.14,29.38,28.21,28.71,1277200,28.71
2008-04-28,28.54,29.47,28.36,29.18,1738900,29.18
2008-04-25,28.37,28.70,27.87,28.54,1377300,28.54
2008-04-24,27.71,28.99,27.22,28.29,2262300,28.29
2008-04-23,27.42,28.20,26.90,27.79,2232100,27.79
2008-04-22,27.41,27.9099,26.60,27.56,4009600,27.56
2008-04-21,29.00,29.85,27.67,28.18,7472200,28.18
2008-04-18,30.82,31.47,30.20,31.41,2221400,31.41
2008-04-17,30.80,31.23,30.07,30.22,970300,30.22
2008-04-16,30.03,30.93,29.86,30.82,1520100,30.82
2008-04-15,29.78,30.06,29.20,29.59,800100,29.59
2008-04-14,29.68,30.36,29.14,29.57,1219600,29.57
2008-04-11,30.09,30.55,29.60,29.70,1626700,29.70
2008-04-10,29.79,31.37,29.67,30.27,2694500,30.27
2008-04-09,31.07,31.07,29.00,29.66,2456500,29.66
2008-04-08,31.17,32.00,30.67,31.03,1461800,31.03
2008-04-07,32.54,32.74,31.32,31.52,1608700,31.52
2008-04-04,30.89,33.17,30.81,32.32,3266900,32.32
2008-04-03,31.13,31.59,30.18,30.66,1909500,30.66
2008-04-02,31.63,32.35,31.09,31.35,2695200,31.35
2008-04-01,29.58,32.60,29.45,31.63,5910600,31.63
2008-03-31,28.04,29.47,28.04,29.21,1731700,29.21
2008-03-28,29.15,29.25,27.82,27.99,1790100,27.99
2008-03-27,28.70,29.25,28.54,28.54,1181800,28.54
2008-03-26,28.50,28.92,27.93,28.55,1174600,28.55
2008-03-25,29.02,29.85,28.30,28.70,1885200,28.70
2008-03-24,27.54,29.26,27.01,28.82,1902000,28.82
2008-03-20,26.64,27.66,26.40,27.58,1964700,27.58
2008-03-19,26.19,27.45,26.02,26.61,2714000,26.61
2008-03-18,25.15,25.93,24.65,25.91,1223700,25.91
2008-03-17,25.14,25.60,24.42,24.77,1356400,24.77
2008-03-14,25.79,26.50,25.00,25.67,2368100,25.67
2008-03-13,25.26,25.95,24.49,25.56,1982100,25.56
2008-03-12,25.11,26.78,24.99,25.58,2995100,25.58
2008-03-11,24.94,25.28,23.81,24.76,3042800,24.76
2008-03-10,25.42,25.45,24.06,24.64,4564000,24.64
2008-03-07,24.33,25.79,23.75,25.10,5759600,25.10
2008-03-06,24.14,24.94,24.05,24.44,3846900,24.44
2008-03-05,24.85,24.86,24.196,24.86,2723700,24.86
2008-03-04,24.95,25.08,23.80,24.87,3899000,24.87
2008-03-03,26.20,26.26,24.55,25.14,4336400,25.14
2008-02-29,27.31,27.32,26.28,26.47,2354700,26.47
2008-02-28,27.73,27.82,27.26,27.43,1603400,27.43
2008-02-27,28.57,29.089,27.86,29.089,2770700,29.089
2008-02-26,27.80,29.30,27.71,28.96,2641800,28.96
2008-02-25,27.08,28.21,27.01,27.94,2199300,27.94
2008-02-22,27.46,27.67,26.60,26.98,2664000,26.98
2008-02-21,28.39,28.39,27.23,27.55,1639800,27.55
2008-02-20,28.25,28.40,27.79,28.19,1747900,28.19
2008-02-19,29.10,29.28,28.17,28.30,1389300,28.30
2008-02-15,28.72,28.80,28.02,28.62,1632600,28.62
2008-02-14,29.19,29.34,28.79,28.92,1135700,28.92
2008-02-13,29.21,29.50,28.81,29.25,1440300,29.25
2008-02-12,29.93,30.40,28.71,28.92,3091600,28.92
2008-02-11,29.91,30.65,29.89,30.35,893200,30.35
2008-02-08,30.41,30.49,29.54,30.05,1564800,30.05
2008-02-07,30.31,30.68,29.91,30.49,1767500,30.49
2008-02-06,31.51,31.51,29.50,30.50,3580800,30.50
2008-02-05,31.75,32.17,31.11,31.32,1819100,31.32
2008-02-04,31.81,32.27,31.08,32.04,2146000,32.04
2008-02-01,29.61,31.98,29.61,31.81,4040200,31.81
2008-01-31,29.12,29.90,28.90,29.65,3081800,29.65
2008-01-30,30.29,30.34,28.41,29.34,6433700,29.34
2008-01-29,31.92,32.75,29.73,30.09,5134700,30.09
2008-01-28,32.47,33.24,31.89,32.71,2238700,32.71
2008-01-25,33.41,33.92,32.46,32.46,1704200,32.46
2008-01-24,34.37,34.75,33.02,33.31,1764300,33.31
2008-01-23,32.00,35.09,31.55,34.58,3336900,34.58
2008-01-22,32.57,33.95,31.50,32.47,3072200,32.47
2008-01-18,36.00,36.00,33.47,33.55,3029000,33.55
2008-01-17,35.23,36.31,34.77,35.48,1917000,35.48
2008-01-16,35.06,35.84,34.59,35.11,1909600,35.11
2008-01-15,35.50,35.89,34.54,35.16,2115500,35.16
2008-01-14,36.80,36.84,35.84,35.91,1367500,35.91
2008-01-11,34.94,36.83,34.93,36.46,2282200,36.46
2008-01-10,34.90,35.35,34.75,35.22,1936800,35.22
2008-01-09,35.57,35.97,34.87,35.32,1575700,35.32
2008-01-08,35.60,36.20,35.02,35.44,2014800,35.44
2008-01-07,36.05,36.349,35.75,36.349,2171000,36.349
2008-01-04,36.49,36.55,35.76,36.02,1506000,36.02
2008-01-03,37.04,37.14,36.47,36.65,1277700,36.65
2008-01-02,37.01,37.38,36.60,36.95,1188300,36.95
2007-12-31,36.64,37.39,36.64,37.00,883200,37.00
2007-12-28,37.12,37.4834,36.42,36.86,944200,36.86
2007-12-27,38.36,38.50,36.83,37.13,1421300,37.13
2007-12-26,38.01,38.82,38.01,38.69,554800,38.69
2007-12-24,38.00,38.58,37.79,38.24,419600,38.24
2007-12-21,38.87,39.00,37.96,38.28,2066100,38.28
2007-12-20,37.17,38.42,36.72,38.38,1682100,38.38
2007-12-19,37.47,37.75,36.75,37.00,1390100,37.00
2007-12-18,37.84,38.08,37.43,37.47,1444200,37.47
2007-12-17,38.39,38.59,37.41,37.65,1698000,37.65
2007-12-14,38.70,39.33,38.51,38.63,1058400,38.63
2007-12-13,38.66,38.96,38.32,38.87,1100300,38.87
2007-12-12,37.94,38.60,37.83,38.54,1636100,38.54
2007-12-11,38.81,39.73,37.86,37.95,2043300,37.95
2007-12-10,38.03,39.90,37.93,39.10,1851600,39.10
2007-12-07,38.86,38.86,38.01,38.16,1188300,38.16
2007-12-06,37.76,39.17,37.31,38.72,2670200,38.72
2007-12-05,36.69,37.78,36.69,37.58,1990400,37.58
2007-12-04,37.00,37.24,36.50,36.57,1537000,36.57
2007-12-03,37.88,37.88,37.02,37.06,1698500,37.06
2007-11-30,37.13,38.34,37.12,38.19,2989600,38.19
2007-11-29,37.16,37.25,35.83,37.15,4876600,37.15
2007-11-28,38.99,39.172,37.26,37.41,3007100,37.41
2007-11-27,38.80,39.25,38.19,38.85,1912200,38.85
2007-11-26,38.73,39.348,38.60,38.80,1416400,38.80
2007-11-23,38.90,39.47,38.68,38.83,370400,38.83
2007-11-21,38.63,39.61,38.53,38.85,2062300,38.85
2007-11-20,39.10,39.21,38.13,39.06,2741600,39.06
2007-11-19,40.50,40.58,38.56,38.67,2464200,38.67
2007-11-16,42.09,42.09,40.55,40.64,2208600,40.64
2007-11-15,41.67,42.46,40.81,42.00,3714200,42.00
2007-11-14,40.72,41.44,40.40,41.02,1977600,41.02
2007-11-13,40.06,41.03,40.03,41.03,1876300,41.03
2007-11-12,39.80,41.00,39.68,40.21,2894600,40.21
2007-11-09,39.61,40.74,39.25,39.78,2358600,39.78
2007-11-08,39.58,40.77,39.43,40.18,2956000,40.18
2007-11-07,40.74,41.00,39.39,39.60,2407900,39.60
2007-11-06,41.22,41.41,40.52,41.01,2264400,41.01
2007-11-05,42.99,43.02,40.80,41.17,2834900,41.17
2007-11-02,44.00,44.00,42.18,43.15,2846500,43.15
2007-11-01,44.00,44.50,43.43,43.53,4058600,43.53
2007-10-31,44.79,46.47,44.52,45.02,9797000,45.02
2007-10-30,46.47,46.91,45.94,46.80,872400,46.80
2007-10-29,47.20,47.28,45.91,46.58,2272100,46.58
2007-10-26,47.33,47.61,46.64,47.18,896200,47.18
2007-10-25,46.71,47.39,46.13,47.25,1270000,47.25
2007-10-24,46.61,47.48,45.66,46.42,1844100,46.42
2007-10-23,44.27,47.03,44.25,46.97,2218500,46.97
2007-10-22,45.29,46.03,43.97,44.09,1941000,44.09
2007-10-19,45.62,46.61,45.23,45.62,2003800,45.62
2007-10-18,45.88,46.56,45.11,45.69,2455300,45.69
2007-10-17,45.26,46.669,44.91,46.46,4321700,46.46
2007-10-16,47.49,47.93,43.91,45.41,9211800,45.41
2007-10-15,47.62,48.20,47.47,47.86,1212000,47.86
2007-10-12,47.24,48.16,46.73,47.67,1074800,47.67
2007-10-11,47.91,48.43,46.84,47.11,1873900,47.11
2007-10-10,47.59,48.16,46.41,47.83,1978700,47.83
2007-10-09,47.94,48.37,47.47,47.95,1806600,47.95
2007-10-08,50.59,50.67,47.85,48.03,3259400,48.03
2007-10-05,49.99,51.10,49.46,50.81,1050600,50.81
2007-10-04,50.06,50.29,49.82,49.89,819200,49.89
2007-10-03,49.03,50.85,49.03,50.18,1212500,50.18
2007-10-02,49.66,49.72,49.00,49.20,717600,49.20
2007-10-01,49.83,49.98,49.146,49.55,1534600,49.55
2007-09-28,49.86,50.09,49.66,50.00,1113100,50.00
2007-09-27,50.29,50.72,49.87,49.97,1664500,49.97
2007-09-26,49.99,50.37,49.70,49.99,1570500,49.99
2007-09-25,48.84,49.34,48.80,49.30,924100,49.30
2007-09-24,49.64,49.74,48.32,48.97,1914500,48.97
2007-09-21,47.99,49.76,47.99,49.60,2984300,49.60
2007-09-20,48.83,48.96,48.00,48.04,832200,48.04
2007-09-19,48.17,49.35,48.17,48.86,2185700,48.86
2007-09-18,47.75,48.29,47.00,48.00,1312500,48.00
2007-09-17,48.71,48.99,47.50,47.66,966300,47.66
2007-09-14,48.23,49.13,48.00,49.02,1499900,49.02
2007-09-13,48.68,48.71,47.52,48.16,1441300,48.16
2007-09-12,48.64,48.90,48.40,48.58,1185500,48.58
2007-09-11,48.70,48.83,48.12,48.72,1608400,48.72
2007-09-10,48.81,49.71,48.24,48.51,1968000,48.51
2007-09-07,48.26,48.30,47.33,48.04,2103200,48.04
2007-09-06,49.80,50.11,48.53,48.54,2128800,48.54
2007-09-05,49.54,50.22,49.46,49.80,1539800,49.80
2007-09-04,49.00,50.06,48.59,49.83,1451100,49.83
2007-08-31,49.12,49.24,48.53,49.03,775900,49.03
2007-08-30,48.15,49.35,48.15,49.00,1463800,49.00
2007-08-29,48.42,48.95,48.04,48.45,1388400,48.45
2007-08-28,49.17,49.74,48.01,48.01,1582700,48.01
2007-08-27,49.32,49.97,49.11,49.49,1291600,49.49
2007-08-24,50.08,50.18,49.26,49.60,672200,49.60
2007-08-23,49.87,50.09,49.29,50.07,1532600,50.07
2007-08-22,49.99,50.23,49.20,49.83,1715400,49.83
2007-08-21,49.00,50.19,48.94,49.93,1911100,49.93
2007-08-20,49.00,49.55,48.32,49.14,1291500,49.14
2007-08-17,47.83,49.24,47.06,49.20,1804500,49.20
2007-08-16,49.29,49.71,47.11,47.65,2345800,47.65
2007-08-15,48.02,50.38,48.02,49.26,2349300,49.26
2007-08-14,48.40,49.08,48.14,49.08,1260400,49.08
2007-08-13,49.87,50.10,48.47,48.50,2055700,48.50
2007-08-10,50.64,51.07,48.48,49.42,3187400,49.42
2007-08-09,50.04,52.21,50.04,52.21,2900000,52.21
2007-08-08,50.80,53.25,50.74,51.28,4333800,51.28
2007-08-07,49.08,50.87,48.88,50.64,2901300,50.64
2007-08-06,47.89,49.65,47.89,49.65,2407900,49.65
2007-08-03,47.91,49.34,47.56,47.87,2911200,47.87
2007-08-02,46.98,47.50,46.98,47.50,1362600,47.50
2007-08-01,46.50,47.27,46.09,46.72,1648500,46.72
2007-07-31,47.37,47.60,46.26,46.51,2203400,46.51
2007-07-30,46.90,47.70,46.59,47.15,2983000,47.15
2007-07-27,47.81,48.05,46.55,46.90,3718500,46.90
2007-07-26,47.12,48.33,46.56,47.60,4053500,47.60
2007-07-25,45.20,47.89,45.03,47.41,4826900,47.41
2007-07-24,44.08,46.76,44.01,44.93,7127200,44.93
2007-07-23,43.93,44.03,42.94,43.08,1597900,43.08
2007-07-20,43.93,43.93,43.00,43.57,1087300,43.57
2007-07-19,43.29,44.00,42.97,43.75,963800,43.75
2007-07-18,43.18,43.65,42.75,43.23,1432200,43.23
2007-07-17,43.38,43.54,42.74,42.96,1079700,42.96
2007-07-16,43.75,44.02,43.15,43.18,1012700,43.18
2007-07-13,44.14,44.20,43.48,43.97,1116900,43.97
2007-07-12,42.75,44.44,42.26,43.95,2837900,43.95
2007-07-11,41.87,42.71,41.50,42.66,1579500,42.66
2007-07-10,42.26,42.53,41.74,41.92,1583100,41.92
2007-07-09,42.13,42.81,41.80,42.68,1341500,42.68
2007-07-06,42.43,42.43,41.80,42.28,983000,42.28
2007-07-05,41.87,42.56,41.52,42.42,1321600,42.42
2007-07-03,41.72,42.24,41.64,41.90,580700,41.90
2007-07-02,41.20,41.875,40.86,41.79,2120300,41.79
2007-06-29,41.34,41.80,41.16,41.80,3090300,41.80
2007-06-28,41.26,41.61,40.80,41.41,1146100,41.41
2007-06-27,40.11,41.29,40.11,41.17,1786800,41.17
2007-06-26,40.94,41.1816,40.13,40.22,1592500,40.22
2007-06-25,41.40,41.87,40.50,40.83,2098600,40.83
2007-06-22,41.71,41.74,40.73,41.61,2164000,41.61
2007-06-21,40.09,42.03,39.75,41.77,3948200,41.77
2007-06-20,42.30,42.83,41.28,41.30,1683600,41.30
2007-06-19,42.19,42.29,41.57,41.99,1439500,41.99
2007-06-18,42.97,43.04,41.99,42.25,1284800,42.25
2007-06-15,43.00,43.36,42.59,42.97,2786500,42.97
2007-06-14,41.90,43.05,41.80,42.64,3844300,42.64
2007-06-13,41.22,41.31,41.22,41.31,2126000,41.31
2007-06-12,41.37,41.53,40.70,41.03,1380500,41.03
2007-06-11,40.99,41.99,40.99,41.62,1646400,41.62
2007-06-08,40.58,41.47,40.25,41.09,1612100,41.09
2007-06-07,42.00,42.48,40.46,40.83,3765300,40.83
2007-06-06,43.02,43.03,42.04,42.24,1760000,42.24
2007-06-05,43.00,43.55,42.57,43.025,5799600,43.025
2007-06-04,45.69,45.69,43.62,43.62,4611600,43.62
2007-06-01,46.16,46.93,45.97,46.76,1261800,46.76
2007-05-31,45.77,46.25,45.55,46.25,1258200,46.25
2007-05-30,45.20,46.04,45.03,45.82,1245600,45.82
2007-05-29,44.67,45.629,44.67,45.12,1004000,45.12
2007-05-25,44.48,45.03,44.28,44.91,2225200,44.91
2007-05-24,44.58,45.311,44.25,44.38,1211900,44.38
2007-05-23,45.46,45.46,44.53,44.64,1183800,44.64
2007-05-22,45.00,45.58,44.50,45.26,1826300,45.26
2007-05-21,42.63,45.31,42.45,45.19,2886200,45.19
2007-05-18,42.45,42.75,41.95,42.50,803200,42.50
2007-05-17,42.52,42.75,42.08,42.46,722900,42.46
2007-05-16,42.29,42.66,42.29,42.66,770400,42.66
2007-05-15,42.40,43.06,41.931,42.11,1057400,42.11
2007-05-14,41.75,43.49,41.74,42.61,1743600,42.61
2007-05-11,40.94,41.68,40.4401,41.59,669600,41.59
2007-05-10,41.74,41.90,40.63,41.90,1091700,41.90
2007-05-09,41.45,42.08,41.21,42.01,809100,42.01
2007-05-08,41.51,41.66,40.92,41.47,987600,41.47
2007-05-07,41.72,42.14,41.49,41.59,810300,41.59
2007-05-04,42.24,42.33,41.37,41.71,608800,41.71
2007-05-03,41.96,42.09,41.64,42.04,856700,42.04
2007-05-02,41.65,42.38,41.57,41.95,1165900,41.95
2007-05-01,41.25,41.72,40.80,41.55,1621500,41.55
2007-04-30,42.94,42.97,41.32,41.33,1429200,41.33
2007-04-27,42.22,43.01,41.73,43.01,1376000,43.01
2007-04-26,41.92,42.40,41.63,42.38,1187400,42.38
2007-04-25,41.55,42.31,41.43,42.24,1374600,42.24
2007-04-24,41.83,41.88,41.26,41.65,825100,41.65
2007-04-23,41.23,42.40,41.20,41.89,1498400,41.89
2007-04-20,42.69,42.79,41.16,41.33,3315100,41.33
2007-04-19,41.80,42.30,41.406,42.26,1363300,42.26
2007-04-18,41.80,42.16,41.70,41.96,1160700,41.96
2007-04-17,41.96,42.77,41.671,42.10,3093300,42.10
2007-04-16,40.55,42.24,40.55,41.94,3024100,41.94
2007-04-13,40.06,40.28,39.50,40.01,2838500,40.01
2007-04-12,38.09,39.19,38.09,38.95,1634900,38.95
2007-04-11,38.69,38.90,37.54,38.09,1970800,38.09
2007-04-10,39.09,40.00,39.08,39.24,1790300,39.24
2007-04-09,38.80,39.38,38.40,39.26,1320800,39.26
2007-04-05,38.02,38.84,38.00,38.83,1158100,38.83
2007-04-04,37.81,38.21,37.63,38.21,955300,38.21
2007-04-03,37.43,38.15,37.43,37.75,953300,37.75
2007-04-02,37.47,37.72,36.91,37.18,972600,37.18
2007-03-30,37.03,37.74,37.00,37.36,1071500,37.36
2007-03-29,37.24,37.49,36.73,37.20,1018500,37.20
2007-03-28,37.76,38.12,37.23,37.24,2375400,37.24
2007-03-27,37.50,38.89,37.33,38.27,4514600,38.27
2007-03-26,36.87,37.17,36.40,36.52,1826000,36.52
2007-03-23,37.30,37.52,36.73,36.98,1224300,36.98
2007-03-22,37.98,38.00,36.99,37.24,1871900,37.24
2007-03-21,37.51,37.92,36.97,37.91,1504200,37.91
2007-03-20,37.85,37.99,37.17,37.34,2310200,37.34
2007-03-19,37.82,38.08,37.34,37.64,1701400,37.64
2007-03-16,38.10,38.54,37.42,37.57,1662400,37.57
2007-03-15,38.39,38.71,37.90,38.20,1223000,38.20
2007-03-14,38.15,38.74,37.66,38.44,2056800,38.44
2007-03-13,37.75,38.65,37.67,37.99,2513000,37.99
2007-03-12,37.15,38.28,37.00,38.01,1703200,38.01
2007-03-09,36.35,37.24,36.33,37.13,1676000,37.13
2007-03-08,37.02,37.42,35.88,36.12,2464400,36.12
2007-03-07,37.01,37.38,36.65,36.90,1406100,36.90
2007-03-06,37.04,37.32,36.20,37.18,1599100,37.18
2007-03-05,36.36,37.90,35.89,36.80,2509400,36.80
2007-03-02,37.31,37.70,35.91,36.41,2680200,36.41
2007-03-01,38.31,38.35,37.15,37.37,2692000,37.37
2007-02-28,39.02,39.30,38.91,39.30,2221900,39.30
2007-02-27,40.50,40.50,39.01,39.20,2842400,39.20
2007-02-26,40.74,41.32,40.44,40.85,1588300,40.85
2007-02-23,40.58,40.66,39.94,40.15,970500,40.15
2007-02-22,40.80,40.82,39.97,40.58,1298100,40.58
2007-02-21,40.461,40.95,40.25,40.64,917600,40.64
2007-02-20,39.98,40.82,39.67,40.68,1055700,40.68
2007-02-16,40.05,40.53,39.76,40.02,1318600,40.02
2007-02-15,40.37,40.61,39.90,40.07,1111600,40.07
2007-02-14,40.40,40.88,40.25,40.52,1084700,40.52
2007-02-13,40.90,41.08,40.34,41.08,1275500,41.08
2007-02-12,40.94,41.11,40.31,40.64,1082500,40.64
2007-02-09,41.58,41.61,40.37,40.96,1997700,40.96
2007-02-08,41.26,41.85,41.23,41.66,1832400,41.66
2007-02-07,40.41,41.46,40.24,41.27,2508100,41.27
2007-02-06,39.97,40.41,39.48,40.38,1619900,40.38
2007-02-05,39.20,40.14,39.20,40.14,2920500,40.14
2007-02-02,38.47,38.87,38.20,38.57,1625000,38.57
2007-02-01,38.75,39.18,38.24,38.50,2496700,38.50
2007-01-31,39.05,39.42,38.58,38.83,3768200,38.83
2007-01-30,38.51,39.23,37.90,39.01,2348100,39.01
2007-01-29,38.83,39.32,38.37,38.51,1306100,38.51
2007-01-26,39.50,39.78,38.35,38.76,1996300,38.76
2007-01-25,39.20,39.81,38.65,39.29,1938500,39.29
2007-01-24,38.95,39.32,38.65,39.29,1314200,39.29
2007-01-23,39.35,39.65,38.81,39.10,1927300,39.10
2007-01-22,40.48,40.77,39.28,39.36,2267000,39.36
2007-01-19,40.49,40.82,40.19,40.35,1775600,40.35
2007-01-18,41.19,41.65,40.299,40.67,2282300,40.67
2007-01-17,40.92,41.27,40.55,40.91,1911500,40.91
2007-01-16,42.07,42.07,41.15,41.30,2251000,41.30
2007-01-12,39.71,42.45,39.71,42.05,3974900,42.05
2007-01-11,39.83,40.19,39.50,39.78,2038100,39.78
2007-01-10,38.10,39.83,38.09,39.62,2454300,39.62
2007-01-09,38.31,38.91,37.95,38.33,1874000,38.33
2007-01-08,37.72,38.47,37.68,38.08,2064600,38.08
2007-01-05,36.44,37.71,36.28,37.61,2014000,37.61
2007-01-04,36.35,37.37,35.85,36.49,1500700,36.49
2007-01-03,36.399,36.78,35.5501,36.32,2106300,36.32
2006-12-29,36.02,36.42,35.74,36.07,967100,36.07
2006-12-28,36.93,36.97,36.05,36.07,1044700,36.07
2006-12-27,37.00,37.32,36.35,36.93,1133800,36.93
2006-12-26,37.29,37.36,36.63,36.82,800900,36.82
2006-12-22,37.22,37.78,37.06,37.31,792400,37.31
2006-12-21,37.91,38.09,37.15,37.28,1592000,37.28
2006-12-20,38.33,38.37,37.82,37.93,1027800,37.93
2006-12-19,37.47,38.74,37.47,38.41,2330100,38.41
2006-12-18,38.26,38.57,37.46,37.75,2334200,37.75
2006-12-15,38.35,38.74,37.90,38.30,1964700,38.30
2006-12-14,37.09,38.29,37.08,38.10,2097700,38.10
2006-12-13,37.56,37.69,36.76,36.97,1258300,36.97
2006-12-12,38.58,38.58,37.38,37.60,1617700,37.60
2006-12-11,38.60,38.87,37.85,38.46,1692900,38.46
2006-12-08,38.41,39.70,38.00,38.97,3128100,38.97
2006-12-07,39.70,39.72,37.13,38.45,6501200,38.45
2006-12-06,38.98,39.59,38.96,39.51,1608000,39.51
2006-12-05,39.83,40.12,39.26,39.64,1234300,39.64
2006-12-04,39.29,40.00,39.28,39.90,1611700,39.90
2006-12-01,40.01,40.10,38.72,39.28,3658900,39.28
2006-11-30,41.24,41.37,39.90,40.00,2919000,40.00
2006-11-29,40.42,41.54,40.24,41.36,2252600,41.36
2006-11-28,40.98,41.52,40.80,41.25,1781400,41.25
2006-11-27,40.99,41.34,40.25,41.14,3042200,41.14
2006-11-24,41.22,41.55,40.68,41.04,598500,41.04
2006-11-22,42.29,42.29,40.80,41.55,2041000,41.55
2006-11-21,43.08,43.18,41.44,42.25,2462200,42.25
2006-11-20,43.40,43.46,42.02,42.86,2427000,42.86
2006-11-17,44.32,44.46,43.36,43.45,1520500,43.45
2006-11-16,44.59,44.80,44.15,44.59,883000,44.59
2006-11-15,44.92,45.17,44.31,44.46,1756400,44.46
2006-11-14,44.59,44.7728,44.07,44.64,1126500,44.64
2006-11-13,45.14,45.40,44.41,44.71,1792100,44.71
2006-11-10,43.94,45.00,43.92,44.94,1201100,44.94
2006-11-09,44.66,45.20,43.60,43.94,1728700,43.94
2006-11-08,44.07,44.89,43.50,44.67,1473100,44.67
2006-11-07,44.61,45.44,44.06,44.15,1221400,44.15
2006-11-06,43.84,44.96,43.76,44.68,1182600,44.68
2006-11-03,43.37,43.97,43.11,43.51,940400,43.51
2006-11-02,43.56,43.65,42.95,43.44,1402900,43.44
2006-11-01,44.01,44.38,43.46,43.62,1152200,43.62
2006-10-31,43.85,44.73,43.59,43.96,1194100,43.96
2006-10-30,44.61,44.73,43.88,43.94,1243600,43.94
2006-10-27,44.92,45.63,44.58,44.70,1509200,44.70
2006-10-26,44.37,45.27,43.81,45.16,1440400,45.16
2006-10-25,44.77,45.05,43.43,44.10,2924200,44.10
2006-10-24,45.73,45.83,44.85,45.83,2643600,45.83
2006-10-23,45.60,46.55,45.60,46.55,1808800,46.55
2006-10-20,46.50,46.65,45.77,46.65,2271900,46.65
2006-10-19,47.20,47.21,45.97,46.48,2539400,46.48
2006-10-18,47.35,47.88,46.57,47.45,1801800,47.45
2006-10-17,46.48,47.59,46.43,47.04,2215800,47.04
2006-10-16,46.80,47.81,46.80,47.81,2840400,47.81
2006-10-13,47.34,48.48,47.10,48.17,2058700,48.17
2006-10-12,47.55,47.93,46.95,47.45,1893200,47.45
2006-10-11,46.85,48.23,46.51,47.50,2113200,47.50
2006-10-10,45.65,47.43,45.58,47.13,2714100,47.13
2006-10-09,44.19,45.80,43.93,45.67,1919100,45.67
2006-10-06,43.91,44.69,43.30,44.39,1478000,44.39
2006-10-05,43.48,43.92,43.06,43.91,991300,43.91
2006-10-04,42.041,43.87,41.85,43.48,2110100,43.48
2006-10-03,42.51,42.81,41.80,42.13,1932300,42.13
2006-10-02,44.02,44.42,42.52,42.52,2118800,42.52
2006-09-29,44.36,44.58,43.85,44.07,1527300,44.07
2006-09-28,44.99,45.18,44.55,45.18,1414200,45.18
2006-09-27,43.96,45.43,43.95,44.96,1471700,44.96
2006-09-26,43.88,44.37,43.36,44.20,1258000,44.20
2006-09-25,44.15,44.428,42.18,44.17,2372200,44.17
2006-09-22,45.16,45.16,44.11,44.18,1230400,44.18
2006-09-21,45.31,46.09,45.01,45.11,1612900,45.11
2006-09-20,44.36,45.61,44.13,45.22,1740100,45.22
2006-09-19,44.88,45.074,43.63,44.14,1680700,44.14
2006-09-18,44.28,45.66,44.28,44.75,1723600,44.75
2006-09-15,45.83,46.25,44.30,44.43,2632200,44.43
2006-09-14,46.08,46.31,45.53,45.55,1185900,45.55
2006-09-13,46.36,46.55,45.86,46.28,1690200,46.28
2006-09-12,45.62,46.85,45.19,46.36,1133400,46.36
2006-09-11,45.16,46.16,44.63,45.64,1969500,45.64
2006-09-08,44.97,45.48,43.85,45.45,2162700,45.45
2006-09-07,45.20,45.29,44.31,45.23,1628600,45.23
2006-09-06,46.26,46.66,45.22,45.24,1379400,45.24
2006-09-05,46.62,46.86,45.84,46.45,1469100,46.45
2006-09-01,45.21,46.87,45.20,46.72,1262800,46.72
2006-08-31,44.73,45.62,44.73,45.62,1251300,45.62
2006-08-30,45.54,45.87,44.46,44.55,1801700,44.55
2006-08-29,45.57,46.16,45.00,45.68,988800,45.68
2006-08-28,45.55,46.63,45.00,46.21,1114300,46.21
2006-08-25,44.75,45.80,44.58,45.33,727700,45.33
2006-08-24,44.74,45.10,44.22,44.89,1511500,44.89
2006-08-23,45.46,45.64,44.49,44.57,1148300,44.57
2006-08-22,46.05,46.55,45.02,45.32,1430900,45.32
2006-08-21,46.51,47.48,46.13,47.48,1083200,47.48
2006-08-18,46.45,47.056,45.84,46.83,1394300,46.83
2006-08-17,46.00,46.71,45.53,46.25,1487900,46.25
2006-08-16,45.69,46.00,44.5201,46.00,1954500,46.00
2006-08-15,41.82,45.30,41.44,45.04,4036000,45.04
2006-08-14,41.739,42.55,40.82,41.02,1717300,41.02
2006-08-11,42.31,42.31,41.23,42.31,1782800,42.31
2006-08-10,42.51,43.30,41.36,42.23,2946200,42.23
2006-08-09,43.88,44.49,42.15,43.63,2875400,43.63
2006-08-08,45.00,45.40,43.31,45.40,5592900,45.40
2006-08-07,47.41,47.59,46.04,46.48,1014600,46.48
2006-08-04,48.95,49.49,46.85,47.62,1396000,47.62
2006-08-03,47.75,49.09,47.75,49.09,1868400,49.09
2006-08-02,47.59,48.53,47.59,48.53,1349500,48.53
2006-08-01,48.44,48.44,47.02,48.13,1553400,48.13
2006-07-31,48.29,48.90,47.60,48.80,1519300,48.80
2006-07-28,48.41,49.22,48.05,48.48,1446500,48.48
2006-07-27,50.00,50.09,48.37,48.44,1455500,48.44
2006-07-26,48.91,50.56,48.74,49.97,2724200,49.97
2006-07-25,47.90,49.87,47.22,49.72,3630400,49.72
2006-07-24,45.72,47.00,45.49,46.44,3233500,46.44
2006-07-21,48.14,48.24,45.50,45.71,5148600,45.71
2006-07-20,49.54,50.33,48.93,49.41,1745100,49.41
2006-07-19,47.85,49.99,47.73,49.70,2492300,49.70
2006-07-18,47.86,48.46,47.07,47.97,1840200,47.97
2006-07-17,48.13,49.32,47.61,47.81,1678600,47.81
2006-07-14,49.36,50.32,47.89,48.29,2331200,48.29
2006-07-13,49.52,50.09,49.52,50.09,2059800,50.09
2006-07-12,50.765,51.54,50.04,51.54,2968600,51.54
2006-07-11,49.86,51.45,49.84,51.21,2810400,51.21
2006-07-10,49.12,50.35,49.08,50.10,2782000,50.10
2006-07-07,49.31,49.44,48.75,49.00,1352800,49.00
2006-07-06,48.85,49.51,48.63,49.26,1618500,49.26
2006-07-05,48.47,49.46,47.97,49.05,2065000,49.05
2006-07-03,48.86,49.68,47.75,49.25,1419700,49.25
2006-06-30,47.83,49.37,47.83,49.37,12030200,49.37
2006-06-29,47.32,47.74,46.31,47.59,2467100,47.59
2006-06-28,46.51,47.16,45.62,47.11,1391100,47.11
2006-06-27,47.50,47.60,46.10,46.55,2060400,46.55
2006-06-26,47.11,47.44,46.34,47.40,1800800,47.40
2006-06-23,45.29,47.47,45.04,46.85,2280500,46.85
2006-06-22,44.54,45.75,44.17,45.66,1880500,45.66
2006-06-21,43.489,44.94,43.28,44.89,2837100,44.89
2006-06-20,42.50,43.40,42.50,43.40,1352700,43.40
2006-06-19,43.71,44.02,42.63,44.02,1774100,44.02
2006-06-16,44.06,44.68,43.64,43.90,3716200,43.90
2006-06-15,42.011,44.67,42.00,44.13,3441600,44.13
2006-06-14,42.50,43.75,41.75,42.07,3298300,42.07
2006-06-13,43.90,45.11,42.81,45.11,6365400,45.11
2006-06-12,45.80,46.54,44.60,45.62,3284600,45.62
2006-06-09,45.75,46.852,44.87,46.852,1942900,46.852
2006-06-08,44.53,45.80,44.53,45.80,3154400,45.80
2006-06-07,45.01,46.03,43.94,44.63,2025900,44.63
2006-06-06,45.26,45.90,43.82,44.86,2777500,44.86
2006-06-05,47.30,47.92,45.26,47.92,2542100,47.92
2006-06-02,46.95,47.93,46.95,47.93,2326600,47.93
2006-06-01,45.40,46.89,44.66,46.89,2103000,46.89
2006-05-31,43.80,45.73,43.53,45.45,3423500,45.45
2006-05-30,45.08,45.65,43.75,43.84,2259100,43.84
2006-05-26,42.865,45.24,42.16,45.02,2977300,45.02
2006-05-25,40.11,42.74,40.11,42.74,2849800,42.74
2006-05-24,38.82,40.50,38.16,39.96,2732400,39.96
2006-05-23,40.38,40.86,38.86,39.03,1864100,39.03
2006-05-22,40.26,40.49,39.38,40.03,2690300,40.03
2006-05-19,39.859,40.87,39.54,40.80,2358200,40.80
2006-05-18,40.50,41.47,39.60,39.64,1679200,39.64
2006-05-17,41.15,41.65,39.62,40.42,2437900,40.42
2006-05-16,42.00,42.41,40.99,41.34,1775000,41.34
2006-05-15,41.28,43.21,40.90,42.29,2624100,42.29
2006-05-12,42.36,42.52,40.33,41.36,3964700,41.36
2006-05-11,43.081,43.19,41.99,42.71,2746100,42.71
2006-05-10,43.76,43.86,42.32,43.29,2545900,43.29
2006-05-09,43.70,44.56,43.70,44.56,2238900,44.56
2006-05-08,43.81,44.06,43.29,43.85,1660200,43.85
2006-05-05,42.60,44.51,42.60,43.92,2077900,43.92
2006-05-04,42.00,43.16,41.88,42.62,2991600,42.62
2006-05-03,41.62,42.20,41.0901,42.00,2832000,42.00
2006-05-02,42.48,42.50,41.16,41.71,2200200,41.71
2006-05-01,43.82,43.84,42.24,42.33,2623000,42.33
2006-04-28,44.55,44.67,43.08,43.55,3274600,43.55
2006-04-27,43.50,45.46,42.30,44.51,8174200,44.51
2006-04-26,46.40,46.50,45.00,45.29,2098800,45.29
2006-04-25,46.76,47.00,45.731,46.31,2485300,46.31
2006-04-24,47.33,47.50,46.57,46.84,1641300,46.84
2006-04-21,48.07,48.15,47.35,47.53,1537300,47.53
2006-04-20,46.55,47.96,46.35,47.64,4261000,47.64
2006-04-19,49.00,49.00,48.92,49.00,2487300,49.00
2006-04-18,47.70,49.00,47.41,48.95,1993600,48.95
2006-04-17,48.60,49.08,46.94,47.46,2727700,47.46
2006-04-13,45.78,48.97,45.52,48.83,3592300,48.83
2006-04-12,44.49,46.25,44.49,45.81,1711700,45.81
2006-04-11,45.00,45.18,44.07,44.64,1935700,44.64
2006-04-10,45.75,45.83,44.05,44.87,2181200,44.87
2006-04-07,46.45,47.10,45.59,47.10,1496800,47.10
2006-04-06,46.48,46.74,46.00,46.74,2465400,46.74
2006-04-05,47.25,47.63,45.99,46.35,2275000,46.35
2006-04-04,46.92,47.70,46.92,47.70,3240600,47.70
2006-04-03,48.95,48.97,46.52,46.98,3841300,46.98
2006-03-31,48.59,49.08,47.60,48.95,2391300,48.95
2006-03-30,46.96,48.82,46.72,48.35,7216900,48.35
2006-03-29,45.27,46.99,44.77,46.86,1702700,46.86
2006-03-28,45.10,46.309,44.75,45.28,1498100,45.28
2006-03-27,46.10,46.19,44.42,45.34,1791600,45.34
2006-03-24,45.22,46.82,44.90,46.78,2272500,46.78
2006-03-23,45.77,45.77,44.59,44.67,1223700,44.67
2006-03-22,45.00,46.18,44.52,45.73,1153000,45.73
2006-03-21,46.35,46.75,44.95,45.07,1585300,45.07
2006-03-20,46.14,46.68,46.14,46.68,1778000,46.68
2006-03-17,46.38,47.00,45.77,46.42,2962900,46.42
2006-03-16,44.38,46.30,44.24,46.14,3332900,46.14
2006-03-15,43.69,44.15,43.50,43.89,1407100,43.89
2006-03-14,42.55,43.91,42.36,43.55,1112000,43.55
2006-03-13,41.71,43.54,41.71,42.52,1643400,42.52
2006-03-10,41.75,42.09,41.30,41.75,740700,41.75
2006-03-09,41.58,42.34,41.17,41.70,1014300,41.70
2006-03-08,41.69,41.90,41.43,41.90,1517600,41.90
2006-03-07,42.85,42.91,41.75,41.95,1026100,41.95
2006-03-06,43.95,43.95,43.07,43.95,1187200,43.95
2006-03-03,43.82,44.28,43.82,44.28,1182400,44.28
2006-03-02,44.24,44.28,43.09,43.79,1077700,43.79
2006-03-01,43.35,44.05,42.25,43.90,1674100,43.90
2006-02-28,43.95,43.97,43.19,43.38,1380500,43.38
2006-02-27,42.30,44.10,42.08,43.97,2628500,43.97
2006-02-24,40.88,41.89,40.79,41.76,1411300,41.76
2006-02-23,41.00,41.01,40.55,40.83,1131200,40.83
2006-02-22,39.92,40.97,39.81,40.91,1146100,40.91
2006-02-21,40.17,40.53,39.29,39.81,1431100,39.81
2006-02-17,39.30,40.32,39.13,39.99,1655500,39.99
2006-02-16,38.11,39.62,38.11,39.44,1634100,39.44
2006-02-15,37.05,38.35,36.90,38.11,1313000,38.11
2006-02-14,37.03,37.60,36.75,37.21,1270200,37.21
2006-02-13,37.145,37.73,36.99,37.73,1686300,37.73
2006-02-10,37.62,37.79,35.58,37.20,3982900,37.20
2006-02-09,37.15,39.38,37.15,38.10,3673400,38.10
2006-02-08,38.01,38.08,36.80,37.15,2055800,37.15
2006-02-07,38.325,39.07,37.40,37.74,1325700,37.74
2006-02-06,39.075,39.12,37.72,38.31,1899000,38.31
2006-02-03,39.19,39.75,38.97,39.37,2482600,39.37
2006-02-02,41.28,41.36,38.34,39.19,6125500,39.19
2006-02-01,42.025,42.13,41.33,41.46,2473300,41.46
2006-01-31,42.74,43.15,41.95,42.40,3709000,42.40
2006-01-30,43.78,44.83,42.96,44.83,3101400,44.83
2006-01-27,44.09,45.79,43.421,45.25,2662300,45.25
2006-01-26,43.25,44.35,42.92,44.33,3873700,44.33
2006-01-25,42.00,43.25,42.00,42.37,1185100,42.37
2006-01-24,43.385,43.55,42.92,43.55,2020900,43.55
2006-01-23,44.87,45.04,43.32,45.04,2154500,45.04
2006-01-20,44.10,44.99,43.56,44.74,2620400,44.74
2006-01-19,43.14,44.21,42.59,44.11,2030800,44.11
2006-01-18,43.41,43.69,42.95,43.69,1764100,43.69
2006-01-17,42.86,43.59,42.50,43.53,1464100,43.53
2006-01-13,43.18,43.31,42.60,43.28,786300,43.28
2006-01-12,44.38,44.40,43.45,44.40,1613000,44.40
2006-01-11,43.89,44.43,43.09,44.22,1976600,44.22
2006-01-10,43.055,44.15,43.055,44.15,3058100,44.15
2006-01-09,41.20,43.49,41.15,43.10,3594600,43.10
2006-01-06,40.88,43.39,40.47,41.97,7951100,41.97
2006-01-05,40.27,40.71,39.73,40.33,1177300,40.33
2006-01-04,39.91,40.73,39.79,40.13,1297200,40.13
2006-01-03,40.01,40.60,38.73,40.00,1240600,40.00
2005-12-30,39.50,40.029,39.253,39.92,959600,39.92
2005-12-29,40.17,40.17,39.71,40.17,574900,40.17
2005-12-28,40.74,40.74,39.61,39.84,1261000,39.84
2005-12-27,41.37,41.60,40.37,40.43,1153200,40.43
2005-12-23,41.425,42.00,41.41,42.00,694600,42.00
2005-12-22,41.07,42.30,41.00,41.43,1427400,41.43
2005-12-21,40.30,42.36,40.30,41.40,2807900,41.40
2005-12-20,39.17,40.97,38.98,40.33,2315600,40.33
2005-12-19,38.905,39.37,38.905,39.37,1688300,39.37
2005-12-16,39.20,39.52,37.80,39.00,2421700,39.00
2005-12-15,39.82,39.84,38.50,39.20,736400,39.20
2005-12-14,39.59,39.95,38.92,39.38,1746100,39.38
2005-12-13,38.25,39.51,38.17,39.39,1858100,39.39
2005-12-12,37.55,38.25,37.39,38.14,700900,38.14
2005-12-09,38.04,38.04,37.25,37.61,736000,37.61
2005-12-08,37.76,38.01,37.35,37.86,1088900,37.86
2005-12-07,37.48,37.78,37.25,37.70,537800,37.70
2005-12-06,37.94,38.00,37.48,37.52,829700,37.52
2005-12-05,37.60,38.16,37.23,37.94,1237800,37.94
2005-12-02,37.40,37.66,37.16,37.50,842400,37.50
2005-12-01,37.31,37.79,37.31,37.79,1388500,37.79
2005-11-30,37.60,38.00,37.40,37.40,2599700,37.40
2005-11-29,37.55,37.98,37.35,37.61,1205400,37.61
2005-11-28,38.52,38.59,37.50,38.59,1452500,38.59
2005-11-25,38.71,38.94,37.95,38.36,547200,38.36
2005-11-23,38.71,39.10,38.21,38.61,1524300,38.61
2005-11-22,37.50,39.57,37.28,38.61,3406100,38.61
2005-11-21,36.59,37.97,36.59,37.97,1655400,37.97
2005-11-18,36.09,36.87,35.80,36.59,1763600,36.59
2005-11-17,35.14,36.03,35.00,35.82,3066400,35.82
2005-11-16,34.99,35.39,34.40,34.89,2193300,34.89
2005-11-15,34.20,34.42,33.80,34.21,1341900,34.21
2005-11-14,33.91,34.85,33.91,34.20,1331400,34.20
2005-11-11,34.08,34.18,33.76,34.01,1057700,34.01
2005-11-10,34.17,34.21,33.75,34.14,1041800,34.14
2005-11-09,34.31,34.49,33.69,34.17,2154700,34.17
2005-11-08,34.48,34.70,34.14,34.35,1889900,34.35
2005-11-07,35.09,35.52,34.50,34.67,1475700,34.67
2005-11-04,34.94,35.24,34.54,35.15,1467900,35.15
2005-11-03,34.88,35.75,34.46,34.80,2550400,34.80
2005-11-02,33.24,34.59,33.10,34.58,2283700,34.58
2005-11-01,33.38,33.53,32.98,33.27,2027300,33.27
2005-10-31,33.45,34.00,33.00,33.55,2047600,33.55
2005-10-28,33.88,34.46,33.26,33.52,3687600,33.52
2005-10-27,33.35,34.97,32.63,33.87,11568300,33.87
2005-10-26,37.70,39.29,37.58,37.99,5166500,37.99
2005-10-25,36.82,38.41,36.35,37.55,3795000,37.55
2005-10-24,36.03,36.78,35.66,36.48,2033500,36.48
2005-10-21,36.22,36.34,35.85,36.05,2569900,36.05
2005-10-20,36.45,37.00,35.75,35.96,1942600,35.96
2005-10-19,36.23,36.57,35.34,36.56,2320900,36.56
2005-10-18,36.78,37.43,36.05,36.23,3455900,36.23
2005-10-17,36.689,37.24,36.689,37.24,1773000,37.24
2005-10-14,35.72,36.75,35.50,36.65,2116400,36.65
2005-10-13,34.02,36.00,34.00,35.21,3514700,35.21
2005-10-12,33.72,34.00,33.36,33.83,2444800,33.83
2005-10-11,34.27,34.93,33.60,33.72,2204700,33.72
2005-10-10,34.76,34.94,33.64,34.00,2544500,34.00
2005-10-07,35.47,35.70,34.62,34.96,2259100,34.96
2005-10-06,35.40,36.22,34.82,35.13,2857200,35.13
2005-10-05,36.72,37.40,35.01,35.56,4575600,35.56
2005-10-04,36.68,39.17,36.54,36.74,5435300,36.74
2005-10-03,35.25,37.65,34.40,36.54,5913500,36.54
2005-09-30,34.71,35.47,34.60,34.79,3120500,34.79
2005-09-29,33.66,34.98,33.66,34.98,3672700,34.98
2005-09-28,33.00,33.98,33.00,33.98,3057600,33.98
2005-09-27,32.01,33.36,31.98,32.69,2957000,32.69
2005-09-26,30.50,32.13,30.50,31.77,2592300,31.77
2005-09-23,30.10,30.75,30.08,30.39,1201200,30.39
2005-09-22,30.45,30.50,30.12,30.15,1328000,30.15
2005-09-21,31.10,31.15,30.49,30.50,1673000,30.50
2005-09-20,31.15,31.75,30.46,30.72,2360400,30.72
2005-09-19,30.15,31.26,30.15,30.26,2119700,30.26
2005-09-16,29.94,30.35,29.92,30.14,2171800,30.14
2005-09-15,30.50,30.73,29.90,30.02,1943800,30.02
2005-09-14,31.05,31.32,30.25,30.44,1450000,30.44
2005-09-13,31.20,31.60,30.92,31.05,1002500,31.05
2005-09-12,31.14,31.79,31.01,31.31,1672800,31.31
2005-09-09,31.45,32.09,31.16,32.09,2007800,32.09
2005-09-08,31.65,32.10,31.28,31.62,1439300,31.62
2005-09-07,31.49,32.24,30.80,31.90,2768600,31.90
2005-09-06,30.91,32.45,30.682,31.49,3121000,31.49
2005-09-02,32.00,32.413,30.67,30.73,3408000,30.73
2005-09-01,32.88,33.10,31.96,32.16,2593300,32.16
2005-08-31,31.68,32.87,31.499,32.75,2446200,32.75
2005-08-30,31.47,32.25,31.45,31.70,4849500,31.70
2005-08-29,30.60,33.09,30.50,32.66,6983100,32.66
2005-08-26,30.45,30.94,29.40,30.77,4650700,30.77
2005-08-25,28.71,31.10,28.70,30.34,15425400,30.34
2005-08-24,27.89,29.10,27.11,28.86,8180800,28.86
2005-08-23,28.12,28.79,26.47,28.00,32204500,28.00
2005-08-22,22.00,22.17,21.55,21.93,1345100,21.93
2005-08-19,21.81,22.10,21.37,22.00,2116400,22.00
2005-08-18,21.20,21.83,21.12,21.72,1889500,21.72
2005-08-17,20.77,21.43,20.68,21.29,2014000,21.29
2005-08-16,20.64,20.98,20.32,20.86,1613300,20.86
2005-08-15,20.24,20.97,20.16,20.59,2822700,20.59
2005-08-12,19.50,20.00,19.50,19.89,1698600,19.89
2005-08-11,19.58,19.70,19.27,19.62,1479300,19.62
2005-08-10,18.97,19.71,18.97,19.68,2188600,19.68
2005-08-09,19.32,20.00,18.96,19.02,2533400,19.02
2005-08-08,19.38,19.75,19.16,19.38,1518900,19.38
2005-08-05,20.01,20.58,19.34,19.45,3510600,19.45
2005-08-04,19.71,20.99,19.70,20.03,5993300,20.03
2005-08-03,21.42,21.55,21.01,21.45,1997800,21.45
2005-08-02,20.58,22.38,20.46,21.71,5714500,21.71
2005-08-01,19.01,20.69,19.01,20.69,5868500,20.69
2005-07-29,18.50,18.95,18.50,18.66,2373500,18.66
2005-07-28,19.01,19.11,18.50,18.54,2899100,18.54
2005-07-27,19.80,20.10,18.75,18.98,4059700,18.98
2005-07-26,19.55,20.02,19.10,19.86,6155400,19.86
2005-07-25,20.98,21.00,19.66,19.77,7850300,19.77
2005-07-22,21.87,22.00,20.97,21.21,3064000,21.21
2005-07-21,22.00,22.30,21.53,21.94,1258000,21.94
2005-07-20,21.55,22.20,21.50,22.04,2134700,22.04
2005-07-19,21.97,22.089,21.50,21.60,2490900,21.60
2005-07-18,21.84,22.12,21.55,21.89,2634900,21.89
2005-07-15,21.65,22.11,21.30,21.78,2754700,21.78
2005-07-14,22.21,22.41,21.35,21.89,4103500,21.89
2005-07-13,23.419,23.47,22.20,23.47,5879800,23.47
2005-07-12,22.64,23.47,22.33,23.365,3913400,23.365
2005-07-11,21.75,22.89,21.74,22.64,4020500,22.64
2005-07-08,21.00,21.82,20.67,21.74,2717500,21.74
2005-07-07,20.26,20.93,20.25,20.93,1449200,20.93
2005-07-06,21.38,21.38,20.50,20.68,3271700,20.68
2005-07-05,21.00,21.37,20.85,21.32,1646600,21.32
2005-07-01,20.98,21.20,20.90,21.00,1653800,21.00
2005-06-30,21.49,21.73,20.69,20.93,3204100,20.93
2005-06-29,20.60,22.55,20.51,21.30,4273100,21.30
2005-06-28,19.58,20.56,19.58,20.51,3168600,20.51
2005-06-27,19.95,19.95,19.41,19.58,1608700,19.58
2005-06-24,19.85,20.08,19.55,19.73,4000200,19.73
2005-06-23,19.65,20.00,19.55,19.96,2504000,19.96
2005-06-22,19.45,19.96,19.45,19.58,2620500,19.58
2005-06-21,19.98,19.99,19.15,19.45,4382200,19.45
2005-06-20,20.53,20.59,19.82,20.00,5318300,20.00
2005-06-17,20.23,20.57,19.91,20.10,8141600,20.10
2005-06-16,19.09,19.87,18.93,19.86,6665400,19.86
2005-06-15,18.69,19.00,18.24,18.76,4976400,18.76
2005-06-14,18.32,18.85,18.00,18.66,16867900,18.66
2005-06-13,16.25,17.92,16.19,17.63,11549900,17.63
2005-06-10,15.84,16.04,15.39,15.94,3328100,15.94
2005-06-09,15.14,15.92,14.84,15.51,4193700,15.51
2005-06-08,15.13,15.15,14.50,14.65,3399800,14.65
2005-06-07,15.26,15.56,14.98,15.05,2364800,15.05
2005-06-06,15.80,16.60,15.03,15.35,2787800,15.35
2005-06-03,16.25,16.35,15.60,15.67,4670100,15.67
2005-06-02,15.95,16.05,15.74,15.96,2926700,15.96
2005-06-01,16.14,16.35,15.91,15.95,2045600,15.95
2005-05-31,16.13,16.48,15.61,15.98,4295600,15.98
2005-05-27,16.17,16.83,16.17,16.60,1477600,16.60
2005-05-26,16.25,16.34,16.03,16.20,1665300,16.20
2005-05-25,16.50,16.60,16.00,16.23,2256900,16.23
2005-05-24,16.70,16.98,16.48,16.54,1518500,16.54
2005-05-23,16.70,16.85,16.43,16.62,2498100,16.62
2005-05-20,16.90,16.98,16.71,16.73,1365700,16.73
2005-05-19,17.13,17.15,16.70,16.98,1581400,16.98
2005-05-18,17.07,17.13,16.88,16.98,2548700,16.98
2005-05-17,17.50,17.56,16.95,16.98,2824200,16.98
2005-05-16,17.73,17.849,17.47,17.54,1310500,17.54
2005-05-13,17.80,17.88,17.50,17.55,1562500,17.55
2005-05-12,17.61,17.89,17.45,17.70,2550600,17.70
2005-05-11,17.66,17.86,17.38,17.51,2156000,17.51
2005-05-10,16.99,17.85,16.85,17.77,3516800,17.77
2005-05-09,16.74,17.04,16.68,16.80,1974900,16.80
2005-05-06,16.72,16.99,16.36,16.63,2162500,16.63
2005-05-05,16.13,16.52,16.00,16.40,2838100,16.40
2005-05-04,16.205,16.25,16.00,16.25,4852200,16.25
2005-05-03,16.96,16.96,15.98,15.98,5073100,15.98
2005-05-02,17.99,18.06,16.48,16.76,7854000,16.76
2005-04-29,17.00,17.45,16.01,17.00,19946000,17.00
2005-04-28,18.79,18.99,17.88,18.18,2088100,18.18
2005-04-27,19.08,19.18,18.16,18.42,2229700,18.42
2005-04-26,19.18,19.56,18.98,19.03,2260700,19.03
2005-04-25,18.58,19.20,18.49,19.05,2329000,19.05
2005-04-22,18.36,18.57,18.13,18.31,1680800,18.31
2005-04-21,18.01,18.44,17.80,18.24,1565000,18.24
2005-04-20,17.73,18.08,17.62,17.80,1127900,17.80
2005-04-19,17.78,17.90,17.53,17.60,1971000,17.60
2005-04-18,17.94,18.90,17.23,17.64,2601600,17.64
2005-04-15,18.25,18.29,17.94,18.00,1268400,18.00
2005-04-14,18.66,18.67,18.01,18.04,1445400,18.04
2005-04-13,18.80,18.99,18.49,18.58,1206900,18.58
2005-04-12,18.70,18.80,18.31,18.80,1701000,18.80
2005-04-11,18.59,18.67,18.41,18.61,931600,18.61
2005-04-08,18.66,18.87,18.40,18.46,1085100,18.46
2005-04-07,18.41,18.74,17.97,18.53,1617600,18.53
2005-04-06,18.15,18.43,17.86,18.31,2891500,18.31
2005-04-05,17.50,17.85,17.43,17.85,1395200,17.85
2005-04-04,17.38,17.41,17.07,17.35,1784300,17.35
2005-04-01,17.74,17.85,17.18,17.37,1802100,17.37
2005-03-31,17.56,17.93,17.25,17.49,2205000,17.49
2005-03-30,17.60,18.00,17.38,18.00,2929800,18.00
2005-03-29,18.155,18.37,17.55,18.37,4195400,18.37
2005-03-28,19.50,19.55,18.03,18.20,4012100,18.20
2005-03-24,19.80,19.91,19.40,19.46,2115800,19.46
2005-03-23,20.30,20.33,19.60,19.70,2390500,19.70
2005-03-22,20.75,20.80,20.34,20.39,1929300,20.39
2005-03-21,21.19,21.36,20.59,20.74,1894000,20.74
2005-03-18,21.00,21.57,20.80,21.06,2678000,21.06
2005-03-17,21.87,21.88,20.70,20.76,9270600,20.76
2005-03-16,20.28,20.29,19.39,19.53,2006500,19.53
2005-03-15,19.81,20.28,19.81,20.11,2686300,20.11
2005-03-14,19.08,19.79,19.08,19.78,1146800,19.78
2005-03-11,19.52,20.00,19.04,19.28,1352400,19.28
2005-03-10,19.52,19.70,19.19,19.46,1252700,19.46
2005-03-09,19.59,19.60,19.11,19.33,1377000,19.33
2005-03-08,19.35,19.66,19.17,19.55,1346900,19.55
2005-03-07,19.20,19.87,19.10,19.25,1323500,19.25
2005-03-04,20.35,20.39,19.24,19.30,2392100,19.30
2005-03-03,20.99,21.10,20.24,20.25,1462300,20.25
2005-03-02,20.44,21.46,19.86,21.08,2118700,21.08
2005-03-01,21.31,21.45,20.05,20.71,2053800,20.71
2005-02-28,22.20,22.20,21.13,21.42,1515600,21.42
2005-02-25,21.74,22.14,21.69,22.14,854300,22.14
2005-02-24,21.90,21.941,21.23,21.76,1109500,21.76
2005-02-23,21.74,22.06,21.50,21.90,903600,21.90
2005-02-22,22.06,22.26,21.65,21.71,1030500,21.71
2005-02-18,21.88,22.11,21.76,21.97,489000,21.97
2005-02-17,22.03,22.43,21.80,21.97,1101600,21.97
2005-02-16,22.00,22.04,21.70,21.95,1011000,21.95
2005-02-15,22.32,22.45,21.97,21.97,657400,21.97
2005-02-14,22.76,22.99,22.22,22.27,602900,22.27
2005-02-11,22.24,23.11,22.05,22.89,991400,22.89
2005-02-10,22.38,22.40,21.78,22.14,725100,22.14
2005-02-09,23.04,23.05,22.27,22.38,581500,22.38
2005-02-08,23.23,23.32,22.52,23.00,895500,23.00
2005-02-07,23.25,23.53,22.88,23.33,1086900,23.33
2005-02-04,22.46,23.37,22.46,23.37,1123600,23.37
2005-02-03,22.30,22.48,22.16,22.42,820700,22.42
2005-02-02,22.10,22.58,22.06,22.26,690300,22.26
2005-02-01,22.08,22.37,22.07,22.23,655900,22.23
2005-01-31,21.78,22.41,21.75,22.41,1138000,22.41
2005-01-28,21.76,21.96,21.27,21.71,876100,21.71
2005-01-27,22.30,22.33,21.65,21.67,934000,21.67
2005-01-26,22.20,22.47,22.10,22.24,591400,22.24
2005-01-25,22.08,22.69,22.00,22.16,1280100,22.16
2005-01-24,22.61,22.90,21.90,22.07,1391500,22.07
2005-01-21,22.24,23.03,22.24,22.66,3851400,22.66
2005-01-20,22.50,23.06,22.02,22.26,1194600,22.26
2005-01-19,23.18,23.239,22.45,22.56,1345400,22.56
2005-01-18,23.38,23.50,22.90,23.25,1378900,23.25
2005-01-14,23.61,23.89,23.49,23.59,756200,23.59
2005-01-13,23.78,24.11,23.58,23.58,612300,23.58
2005-01-12,23.72,24.00,23.55,23.88,975600,23.88
2005-01-11,24.21,24.83,23.57,23.65,1094800,23.65
2005-01-10,23.17,24.95,22.98,24.40,2341000,24.40
2005-01-07,23.00,23.29,22.77,23.10,483300,23.10
2005-01-06,22.91,23.48,22.53,22.85,949300,22.85
2005-01-05,22.83,23.17,22.51,22.81,740400,22.81
2005-01-04,23.47,23.79,22.73,22.83,953900,22.83
2005-01-03,23.39,23.85,22.88,23.63,1066100,23.63
2004-12-31,23.64,23.75,23.34,23.36,756000,23.36
2004-12-30,23.72,23.88,23.38,23.73,342900,23.73
2004-12-29,23.80,24.00,23.64,23.80,364400,23.80
2004-12-28,23.58,24.01,23.388,23.78,668800,23.78
2004-12-27,23.235,23.58,23.235,23.58,638700,23.58
2004-12-23,22.93,23.19,22.63,23.15,573800,23.15
2004-12-22,22.53,23.24,22.45,23.14,842200,23.14
2004-12-21,22.44,22.57,22.07,22.51,570800,22.51
2004-12-20,22.81,23.16,22.40,22.45,413700,22.45
2004-12-17,22.92,23.00,22.54,22.73,758000,22.73
2004-12-16,22.68,23.03,22.55,22.77,972600,22.77
2004-12-15,22.75,23.15,22.62,22.76,1191600,22.76
2004-12-14,21.59,22.87,21.57,22.74,1212200,22.74
2004-12-13,21.38,21.79,21.25,21.66,611900,21.66
2004-12-10,21.49,21.80,20.92,21.38,737000,21.38
2004-12-09,21.04,21.64,20.86,21.38,623600,21.38
2004-12-08,20.98,21.19,20.63,21.17,519300,21.17
2004-12-07,21.57,21.57,20.67,20.81,782900,20.81
2004-12-06,21.48,21.50,20.54,21.36,953500,21.36
2004-12-03,21.00,21.43,20.36,20.77,931500,20.77
2004-12-02,20.39,21.43,20.26,21.10,943000,21.10
2004-12-01,20.17,20.51,20.07,20.35,1114900,20.35
2004-11-30,20.22,20.79,20.20,20.38,994400,20.38
2004-11-29,21.15,21.15,20.14,20.36,1101000,20.36
2004-11-26,20.85,21.15,20.75,20.92,183400,20.92
2004-11-24,21.04,21.27,20.76,20.85,714000,20.85
2004-11-23,21.51,21.60,20.97,21.04,802500,21.04
2004-11-22,21.65,21.65,21.00,21.46,1303300,21.46
2004-11-19,22.29,22.38,21.43,21.44,1061000,21.44
2004-11-18,22.28,22.39,22.03,22.24,489200,22.24
2004-11-17,22.80,22.88,22.23,22.28,355400,22.28
2004-11-16,23.01,23.01,22.55,22.67,297700,22.67
2004-11-15,22.97,23.18,22.70,23.00,417300,23.00
2004-11-12,23.84,23.87,22.63,22.98,692700,22.98
2004-11-11,23.305,23.83,23.305,23.83,636400,23.83
2004-11-10,23.22,23.64,23.10,23.24,624200,23.24
2004-11-09,23.40,23.61,22.84,23.23,776600,23.23
2004-11-08,23.25,23.54,22.95,23.48,1542200,23.48
2004-11-05,22.22,23.25,22.11,23.195,1411200,23.195
2004-11-04,21.91,22.26,21.77,22.15,631100,22.15
2004-11-03,21.56,22.50,21.45,22.00,1357800,22.00
2004-11-02,21.44,22.00,21.16,21.29,1265400,21.29
2004-11-01,21.30,21.45,20.74,21.30,801000,21.30
2004-10-29,20.70,21.31,20.55,21.30,1104800,21.30
2004-10-28,20.45,21.01,20.262,20.95,579700,20.95
2004-10-27,20.24,20.95,20.05,20.79,603000,20.79
2004-10-26,19.30,20.13,19.30,20.10,708400,20.10
2004-10-25,19.56,19.66,19.10,19.44,791500,19.44
2004-10-22,20.18,20.18,19.60,19.66,435100,19.66
2004-10-21,19.89,20.222,19.74,20.06,989000,20.06
2004-10-20,19.88,20.00,19.57,19.84,1082900,19.84
2004-10-19,19.70,20.24,19.60,19.88,952200,19.88
2004-10-18,19.20,20.05,19.18,19.91,972700,19.91
2004-10-15,19.12,19.52,18.96,19.40,855500,19.40
2004-10-14,19.46,19.68,18.80,19.06,1152100,19.06
2004-10-13,20.17,20.40,19.44,19.45,802200,19.45
2004-10-12,20.53,20.54,20.15,20.29,626500,20.29
2004-10-11,20.50,20.90,20.18,20.60,296900,20.60
2004-10-08,20.91,20.91,20.35,20.42,570800,20.42
2004-10-07,21.46,21.46,20.65,20.71,361600,20.71
2004-10-06,20.90,21.43,20.84,21.35,581200,21.35
2004-10-05,22.17,22.44,20.84,21.04,919000,21.04
2004-10-04,21.51,22.32,21.50,22.21,1822900,22.21
2004-10-01,20.59,21.62,20.40,21.57,1382200,21.57
2004-09-30,20.11,20.59,20.00,20.52,534700,20.52
2004-09-29,20.00,20.13,19.90,20.08,678200,20.08
2004-09-28,19.63,20.05,19.57,19.99,866900,19.99
2004-09-27,19.97,20.01,19.26,19.57,769200,19.57
2004-09-24,20.10,20.20,19.88,20.00,315800,20.00
2004-09-23,20.37,20.62,20.05,20.06,277700,20.06
2004-09-22,20.60,20.68,20.25,20.30,776500,20.30
2004-09-21,20.73,21.02,20.24,20.64,832700,20.64
2004-09-20,21.15,21.33,20.79,20.95,673700,20.95
2004-09-17,21.00,21.37,20.92,21.04,704500,21.04
2004-09-16,21.40,21.58,20.99,21.00,238500,21.00
2004-09-15,20.85,21.65,20.59,21.39,1085400,21.39
2004-09-14,21.13,21.18,20.85,20.90,676800,20.90
2004-09-13,21.34,21.50,20.94,21.03,811300,21.03
2004-09-10,21.22,21.40,20.89,21.30,485100,21.30
2004-09-09,20.98,21.24,20.75,21.00,717300,21.00
2004-09-08,20.95,21.19,20.60,20.91,756200,20.91
2004-09-07,21.64,22.00,20.70,21.15,1507500,21.15
2004-09-03,21.73,21.87,21.41,21.58,761500,21.58
2004-09-02,20.92,22.07,20.57,21.87,1217100,21.87
2004-09-01,20.05,21.09,19.95,20.76,1152100,20.76
2004-08-31,19.17,19.82,19.12,19.79,337900,19.79
2004-08-30,19.73,19.94,19.15,19.23,472200,19.23
2004-08-27,19.25,20.08,19.18,19.88,547200,19.88
2004-08-26,19.80,20.00,19.16,19.25,317300,19.25
2004-08-25,19.05,19.95,18.87,19.84,756800,19.84
2004-08-24,19.26,19.52,18.98,19.13,558600,19.13
2004-08-23,19.50,20.02,19.25,19.34,647300,19.34
2004-08-20,19.341,19.71,19.341,19.71,627100,19.71
2004-08-19,19.04,19.77,18.99,19.44,1061500,19.44
