Date,Open,High,Low,Close,Volume,Adj Close
2012-10-01,44.80,44.80,44.80,44.80,000,44.80
2012-09-28,44.82,44.87,44.7982,44.80,2587600,44.80
2012-09-27,44.76,44.76,44.74,44.75,1584800,44.75
2012-09-26,44.76,44.77,44.73,44.74,1540100,44.74
2012-09-25,44.78,44.78,44.75,44.75,259200,44.75
2012-09-24,44.77,44.78,44.75,44.75,325100,44.75
2012-09-21,44.88,44.88,44.75,44.78,778200,44.78
2012-09-20,44.75,44.79,44.75,44.76,340400,44.76
2012-09-19,44.72,44.77,44.72,44.74,1927500,44.74
2012-09-18,44.71,44.72,44.71,44.715,373600,44.715
2012-09-17,44.72,44.72,44.70,44.70,778200,44.70
2012-09-14,44.71,44.74,44.70,44.71,2601500,44.71
2012-09-13,44.71,44.74,44.69,44.72,466500,44.72
2012-09-12,44.71,44.74,44.70,44.72,386200,44.72
2012-09-11,44.69,44.74,44.68,44.74,186200,44.74
2012-09-10,44.68,44.715,44.68,44.70,424300,44.70
2012-09-07,44.70,44.71,44.69,44.70,436200,44.70
2012-09-06,44.72,44.75,44.68,44.75,614600,44.75
2012-09-05,44.70,44.71,44.68,44.71,554600,44.71
2012-09-04,44.65,44.71,44.65,44.71,929600,44.71
2012-09-03,44.69,44.69,44.69,44.69,000,44.69
2012-08-31,44.65,44.69,44.64,44.69,488800,44.69
2012-08-30,44.62,44.68,44.62,44.64,181500,44.64
2012-08-29,44.59,44.66,44.59,44.62,760800,44.62
2012-08-28,44.54,44.62,44.54,44.60,274400,44.60
2012-08-27,44.55,44.60,44.53,44.57,340200,44.57
2012-08-24,44.55,44.55,44.52,44.54,263500,44.54
2012-08-23,44.53,44.55,44.51,44.53,334900,44.53
2012-08-22,44.54,44.57,44.50,44.50,1544200,44.50
2012-08-21,44.54,44.54,44.52,44.53,1086300,44.53
2012-08-20,44.52,44.54,44.50,44.53,1788300,44.53
2012-08-17,44.51,44.54,44.50,44.50,857800,44.50
2012-08-16,44.52,44.60,44.51,44.51,1797500,44.51
2012-08-15,44.50,44.55,44.49,44.55,726200,44.55
2012-08-14,44.52,44.52,44.48,44.48,579500,44.48
2012-08-13,44.52,44.54,44.48,44.52,1143200,44.52
2012-08-10,44.52,44.59,44.51,44.54,1391100,44.54
2012-08-09,44.51,44.57,44.50,44.57,1098400,44.57
2012-08-08,44.50,44.5508,44.49,44.55,619700,44.55
2012-08-07,44.52,44.56,44.495,44.53,964800,44.53
2012-08-06,44.48,44.635,44.48,44.48,1508800,44.48
2012-08-03,44.55,44.58,44.52,44.58,906900,44.58
2012-08-02,44.45,44.59,44.43,44.55,1700300,44.55
2012-08-01,44.50,44.56,44.49,44.54,718900,44.54
2012-07-31,44.54,44.60,44.41,44.43,3603200,44.43
2012-07-30,44.44,44.59,44.44,44.56,1033500,44.56
2012-07-27,44.38,44.53,44.38,44.50,2627800,44.50
2012-07-26,44.40,44.45,44.36,44.43,680000,44.43
2012-07-25,44.40,44.41,44.35,44.37,906200,44.37
2012-07-24,44.40,44.43,44.37,44.39,977300,44.39
2012-07-23,44.40,44.44,44.37,44.39,1947800,44.39
2012-07-20,44.46,44.50,44.42,44.42,1477200,44.42
2012-07-19,44.51,44.57,44.44,44.45,1473900,44.45
2012-07-18,44.45,44.52,44.41,44.47,2996000,44.47
2012-07-17,44.50,44.54,44.42,44.49,3033300,44.49
2012-07-16,44.45,44.55,44.42,44.53,692000,44.53
2012-07-13,44.50,44.51,44.45,44.45,1285800,44.45
2012-07-12,44.50,44.50,44.45,44.48,1279300,44.48
2012-07-11,44.55,44.56,44.41,44.50,2641000,44.50
2012-07-10,44.58,44.59,44.52,44.52,1748100,44.52
2012-07-09,44.55,44.57,44.53,44.53,1301300,44.53
2012-07-06,44.59,44.59,44.53,44.57,3484900,44.57
2012-07-05,44.56,44.63,44.54,44.59,3434700,44.59
2012-07-04,44.56,44.56,44.56,44.56,000,44.56
2012-07-03,44.76,44.79,44.42,44.56,7262900,44.56
2012-07-02,44.80,44.84,44.76,44.77,892400,44.77
2012-06-29,44.74,44.83,44.68,44.76,2141400,44.76
2012-06-28,44.70,44.79,44.67,44.77,2425800,44.77
2012-06-27,44.70,44.71,44.65,44.69,2490600,44.69
2012-06-26,44.67,44.69,44.64,44.66,2022400,44.66
2012-06-25,44.71,44.73,44.61,44.64,4192000,44.64
2012-06-22,44.71,44.75,44.69,44.74,2045800,44.74
2012-06-21,44.70,44.75,44.68,44.73,1428400,44.73
2012-06-20,44.69,44.82,44.64,44.75,1310000,44.75
2012-06-19,44.69,44.73,44.64,44.69,2659600,44.69
2012-06-18,44.63,44.75,44.61,44.64,2606800,44.64
2012-06-15,44.59,44.645,44.59,44.60,2803800,44.60
2012-06-14,44.63,44.64,44.60,44.60,4003600,44.60
2012-06-13,44.66,44.70,44.60,44.60,2638400,44.60
2012-06-12,44.64,44.72,44.60,44.70,2212700,44.70
2012-06-11,44.63,44.65,44.59,44.59,2002300,44.59
2012-06-08,44.55,44.65,44.55,44.65,5189200,44.65
2012-06-07,44.58,44.62,44.535,44.59,8632900,44.59
2012-06-06,44.55,44.68,44.53,44.53,5076200,44.53
2012-06-05,44.59,44.60,44.50,44.53,10101700,44.53
2012-06-04,44.75,44.75,44.57,44.60,4997500,44.60
2012-06-01,44.90,44.93,44.79,44.80,3310200,44.80
2012-05-31,44.95,44.995,44.91,44.93,4022800,44.93
2012-05-30,44.93,45.14,44.90,44.96,3681300,44.96
2012-05-29,45.08,45.15,44.89,44.98,5535700,44.98
2012-05-28,45.22,45.22,45.22,45.22,000,45.22
2012-05-25,44.95,45.29,44.95,45.22,2666100,45.22
2012-05-24,44.88,45.10,44.87,45.08,4428700,45.08
2012-05-23,44.71,45.04,44.70,45.00,18259400,45.00
2012-05-22,37.57,45.48,37.39,44.87,18325600,44.87
2012-05-21,36.29,37.67,35.68,37.64,902800,37.64
2012-05-18,36.83,36.85,35.48,36.10,1097000,36.10
2012-05-17,38.07,38.10,36.42,36.63,771500,36.63
2012-05-16,38.26,38.46,37.52,38.10,1033500,38.10
2012-05-15,38.34,38.62,37.655,37.92,739200,37.92
2012-05-14,38.52,38.748,37.99,38.25,747100,38.25
2012-05-11,37.96,39.68,37.86,39.17,1444400,39.17
2012-05-10,38.73,38.88,37.32,38.03,1248300,38.03
2012-05-09,38.74,39.19,38.11,38.92,606900,38.92
2012-05-08,39.19,39.69,37.82,39.36,1142500,39.36
2012-05-07,38.52,40.29,38.47,39.70,1508400,39.70
2012-05-04,39.00,39.03,38.0825,38.74,929300,38.74
2012-05-03,38.93,39.56,38.79,39.10,1125800,39.10
2012-05-02,39.02,39.20,38.72,38.82,768900,38.82
2012-05-01,38.39,39.43,38.3101,39.17,1813100,39.17
2012-04-30,39.04,39.17,37.91,38.20,2305200,38.20
2012-04-27,35.57,40.45,35.57,39.35,5007000,39.35
2012-04-26,34.80,35.58,34.42,35.36,1791600,35.36
2012-04-25,34.70,34.95,34.27,34.75,1131300,34.75
2012-04-24,34.67,34.68,33.57,34.21,1556300,34.21
2012-04-23,35.32,35.45,34.29,34.60,1628200,34.60
2012-04-20,36.14,36.35,35.615,35.72,557900,35.72
2012-04-19,35.83,36.63,35.67,36.05,969300,36.05
2012-04-18,35.51,36.06,35.40,35.96,794300,35.96
2012-04-17,35.18,35.86,35.16,35.74,626600,35.74
2012-04-16,35.12,35.212,34.42,35.01,1349400,35.01
2012-04-13,34.43,35.52,34.09,34.83,1822700,34.83
2012-04-12,33.12,34.67,33.11,34.56,998000,34.56
2012-04-11,33.04,33.54,32.4401,33.02,612100,33.02
2012-04-10,33.29,33.36,32.63,32.70,1624200,32.70
2012-04-09,32.94,33.5393,32.5101,33.38,907700,33.38
2012-04-06,33.43,33.43,33.43,33.43,000,33.43
2012-04-05,33.07,33.50,32.8811,33.43,524900,33.43
2012-04-04,33.26,33.33,32.935,33.22,727700,33.22
2012-04-03,33.30,33.93,33.18,33.75,593800,33.75
2012-04-02,32.69,33.61,32.39,33.47,653000,33.47
2012-03-30,32.59,32.85,31.98,32.71,413700,32.71
2012-03-29,32.19,32.68,31.98,32.52,315000,32.52
2012-03-28,33.16,33.34,32.26,32.43,361800,32.43
2012-03-27,33.28,33.44,32.925,33.22,479600,33.22
2012-03-26,32.43,33.43,32.43,33.22,878700,33.22
2012-03-23,32.25,32.87,31.81,32.19,677300,32.19
2012-03-22,31.64,32.04,31.53,31.89,572400,31.89
2012-03-21,31.90,32.21,31.86,31.97,446500,31.97
2012-03-20,32.27,32.35,31.57,31.98,399200,31.98
2012-03-19,32.07,32.91,31.56,32.61,777800,32.61
2012-03-16,32.50,32.50,31.97,32.17,578700,32.17
2012-03-15,32.39,32.67,32.12,32.46,432900,32.46
2012-03-14,32.76,32.91,32.07,32.16,629100,32.16
2012-03-13,32.17,32.89,31.93,32.83,502500,32.83
2012-03-12,32.19,32.35,31.62,31.95,443100,31.95
2012-03-09,31.37,32.31,31.35,32.09,562700,32.09
2012-03-08,31.12,31.70,30.85,31.44,619500,31.44
2012-03-07,30.79,31.11,30.54,30.93,539900,30.93
2012-03-06,30.71,30.7592,30.08,30.54,1548900,30.54
2012-03-05,31.90,31.96,30.91,31.25,866200,31.25
2012-03-02,31.76,32.37,31.56,32.10,1021900,32.10
2012-03-01,31.47,31.90,31.32,31.87,631100,31.87
2012-02-29,31.51,31.71,31.23,31.47,1007100,31.47
2012-02-28,31.33,31.61,30.75,31.35,1017400,31.35
2012-02-27,31.01,31.95,31.00,31.57,1352300,31.57
2012-02-24,29.49,30.87,29.33,30.64,1507700,30.64
2012-02-23,28.66,29.49,28.55,29.42,514800,29.42
2012-02-22,29.23,29.735,28.62,28.67,840100,28.67
2012-02-21,29.93,30.18,29.05,29.40,962500,29.40
2012-02-20,30.00,30.00,30.00,30.00,000,30.00
2012-02-17,30.17,30.45,29.80,30.00,1041900,30.00
2012-02-16,29.67,30.23,29.48,30.13,668900,30.13
2012-02-15,30.29,30.44,29.62,29.75,1206400,29.75
2012-02-14,29.90,30.68,29.6681,30.22,693000,30.22
2012-02-13,29.87,30.02,29.27,29.95,823600,29.95
2012-02-10,29.93,30.13,29.24,29.58,1334000,29.58
2012-02-09,28.49,30.27,28.24,30.205,2552400,30.205
2012-02-08,28.37,28.37,27.53,28.165,774700,28.165
2012-02-07,28.32,28.55,28.03,28.22,673600,28.22
2012-02-06,28.88,29.14,28.35,28.41,1004500,28.41
2012-02-03,28.84,29.25,28.74,29.22,828800,29.22
2012-02-02,28.37,28.84,28.37,28.52,892100,28.52
2012-02-01,27.58,28.50,27.25,28.36,1314600,28.36
2012-01-31,26.97,27.55,26.93,27.30,1821400,27.30
2012-01-30,26.30,27.035,26.28,26.92,1604200,26.92
2012-01-27,29.10,29.15,26.03,26.63,3632700,26.63
2012-01-26,29.13,29.21,28.365,28.60,1304500,28.60
2012-01-25,28.61,29.10,28.375,28.90,861700,28.90
2012-01-24,28.51,28.73,28.175,28.56,539800,28.56
2012-01-23,28.77,29.11,28.23,28.50,652700,28.50
2012-01-20,29.33,29.33,28.77,28.83,595200,28.83
2012-01-19,28.94,29.85,28.91,29.37,841000,29.37
2012-01-18,28.20,29.33,28.20,28.97,1090800,28.97
2012-01-17,27.78,28.81,27.7601,28.30,1317100,28.30
2012-01-16,27.63,27.63,27.63,27.63,000,27.63
2012-01-13,26.34,27.78,26.24,27.63,1255500,27.63
2012-01-12,26.87,26.95,26.59,26.79,1050400,26.79
2012-01-11,26.49,27.18,26.37,26.74,1344200,26.74
2012-01-10,26.79,27.00,26.32,26.54,1541500,26.54
2012-01-09,27.73,27.80,26.52,26.59,1624800,26.59
2012-01-06,27.78,27.875,27.55,27.67,1331800,27.67
2012-01-05,27.61,27.95,27.48,27.73,1268400,27.73
2012-01-04,27.98,28.04,27.22,27.69,1810500,27.69
2012-01-03,28.75,29.03,28.11,28.19,909400,28.19
2012-01-02,28.08,28.08,28.08,28.08,000,28.08
2011-12-30,28.64,28.67,28.045,28.08,912600,28.08
2011-12-29,29.09,29.09,28.43,28.57,972200,28.57
2011-12-28,29.68,29.68,28.56,29.01,1002400,29.01
2011-12-27,29.64,29.93,29.50,29.65,535900,29.65
2011-12-26,29.70,29.70,29.70,29.70,000,29.70
2011-12-23,29.58,29.80,29.40,29.70,598700,29.70
2011-12-22,29.94,30.31,29.40,29.49,892200,29.49
2011-12-21,31.65,31.71,29.63,29.98,1553600,29.98
2011-12-20,31.66,32.14,31.64,31.99,826000,31.99
2011-12-19,31.59,31.93,30.96,31.12,712500,31.12
2011-12-16,31.55,31.89,31.24,31.40,1346700,31.40
2011-12-15,33.17,33.22,31.02,31.36,2398900,31.36
2011-12-14,33.90,33.90,32.56,32.74,808400,32.74
2011-12-13,34.76,34.93,33.70,33.97,744300,33.97
2011-12-12,34.33,34.55,33.335,34.49,899300,34.49
2011-12-09,33.35,34.79,32.99,34.76,714900,34.76
2011-12-08,33.22,34.09,33.00,33.33,753800,33.33
2011-12-07,34.02,34.02,33.11,33.49,752400,33.49
2011-12-06,33.31,34.50,33.26,34.38,1540000,34.38
2011-12-05,32.14,34.55,31.76,33.95,2889000,33.95
2011-12-02,30.47,30.50,29.70,29.70,796500,29.70
2011-12-01,30.15,30.895,30.08,30.22,485500,30.22
2011-11-30,30.08,30.72,30.08,30.35,919700,30.35
2011-11-29,29.97,29.97,28.82,29.06,944500,29.06
2011-11-28,27.88,28.78,27.88,28.68,677200,28.68
2011-11-25,27.03,27.42,26.89,27.05,143100,27.05
2011-11-24,27.17,27.17,27.17,27.17,000,27.17
2011-11-23,27.88,28.14,27.06,27.17,809200,27.17
2011-11-22,28.30,28.77,27.98,28.23,532000,28.23
2011-11-21,28.93,28.96,28.01,28.51,973800,28.51
2011-11-18,31.51,31.62,29.24,29.39,1644300,29.39
2011-11-17,31.65,31.98,31.11,31.49,857700,31.49
2011-11-16,31.99,32.28,31.59,31.65,873900,31.65
2011-11-15,32.57,32.69,31.65,32.38,993700,32.38
2011-11-14,32.58,33.20,32.56,32.89,357200,32.89
2011-11-11,32.48,32.95,32.14,32.71,488900,32.71
2011-11-10,32.28,32.35,31.34,31.92,489600,31.92
2011-11-09,32.10,32.56,31.845,31.98,644800,31.98
2011-11-08,33.18,33.43,32.35,32.94,369600,32.94
2011-11-07,32.98,33.10,32.23,32.92,754500,32.92
2011-11-04,32.23,33.02,32.20,32.97,671800,32.97
2011-11-03,31.51,32.58,31.00,32.51,762900,32.51
2011-11-02,31.17,31.27,30.53,30.96,850300,30.96
2011-11-01,30.70,31.42,30.20,30.60,1402200,30.60
2011-10-31,32.94,33.08,31.66,31.68,1016500,31.68
2011-10-28,31.10,33.45,30.26,33.27,2684400,33.27
2011-10-27,32.61,34.20,32.61,33.15,1697500,33.15
2011-10-26,32.98,32.98,31.94,32.55,827000,32.55
2011-10-25,33.05,33.14,32.03,32.55,790100,32.55
2011-10-24,32.32,33.8399,32.15,33.21,853000,33.21
2011-10-21,31.81,32.4999,31.75,32.15,456300,32.15
2011-10-20,31.01,31.70,30.93,31.51,790900,31.51
2011-10-19,31.72,31.91,31.06,31.14,851700,31.14
2011-10-18,30.95,31.87,30.49,31.75,684900,31.75
2011-10-17,31.56,31.95,30.79,31.00,390900,31.00
2011-10-14,31.92,31.92,31.16,31.67,568900,31.67
2011-10-13,30.63,31.73,30.57,31.68,1031300,31.68
2011-10-12,31.11,31.51,30.63,30.69,652100,30.69
2011-10-11,30.37,31.26,30.17,30.84,495300,30.84
2011-10-10,30.30,31.10,29.92,30.44,589500,30.44
2011-10-07,29.89,30.41,29.24,29.71,622400,29.71
2011-10-06,29.39,29.89,28.7729,29.85,717500,29.85
2011-10-05,27.34,29.70,26.70,29.36,1091100,29.36
2011-10-04,26.26,27.35,25.44,27.30,1132800,27.30
2011-10-03,27.70,28.17,26.26,26.49,1315800,26.49
2011-09-30,28.35,28.82,27.70,27.71,962800,27.71
2011-09-29,29.43,29.70,27.9875,28.79,675000,28.79
2011-09-28,29.90,29.9799,28.78,28.81,546100,28.81
2011-09-27,29.43,30.62,29.33,29.75,649100,29.75
2011-09-26,28.76,29.17,27.70,29.14,608900,29.14
2011-09-23,27.61,28.74,27.14,28.71,1015400,28.71
2011-09-22,28.82,28.90,27.091,28.01,2257500,28.01
2011-09-21,30.42,31.16,30.00,30.15,783500,30.15
2011-09-20,30.80,31.75,30.45,30.56,1411400,30.56
2011-09-19,29.27,30.98,29.265,30.84,1811200,30.84
2011-09-16,29.67,29.88,29.26,29.86,869200,29.86
2011-09-15,29.12,29.67,28.83,29.59,1058900,29.59
2011-09-14,28.10,29.11,27.78,28.71,955100,28.71
2011-09-13,26.94,28.45,26.75,27.96,1223400,27.96
2011-09-12,25.91,26.885,25.86,26.79,868900,26.79
2011-09-09,26.28,27.08,25.92,26.52,1444500,26.52
2011-09-08,26.83,27.12,26.44,26.81,1031000,26.81
2011-09-07,26.31,27.03,26.30,26.90,789400,26.90
2011-09-06,25.27,25.94,24.81,25.89,752500,25.89
2011-09-02,26.33,26.86,25.88,26.12,606700,26.12
2011-09-01,27.33,27.46,26.615,26.94,907100,26.94
2011-08-31,27.18,28.30,26.92,27.13,1237000,27.13
2011-08-30,26.77,27.57,26.52,26.89,1084300,26.89
2011-08-29,25.41,26.89,25.12,26.84,1137900,26.84
2011-08-26,23.77,25.36,23.56,25.05,618300,25.05
2011-08-25,24.37,24.54,23.83,23.95,821900,23.95
2011-08-24,24.11,24.34,23.66,24.16,778700,24.16
2011-08-23,22.65,24.20,22.235,24.20,1215700,24.20
2011-08-22,22.67,22.91,22.15,22.56,1466300,22.56
2011-08-19,22.20,23.25,22.00,22.12,1427000,22.12
2011-08-18,23.35,23.48,21.90,22.74,2841400,22.74
2011-08-17,25.90,26.07,24.17,24.30,2492300,24.30
2011-08-16,26.93,26.97,25.68,25.89,1096100,25.89
2011-08-15,27.26,27.62,26.72,27.20,660400,27.20
2011-08-12,27.20,27.4762,26.60,27.01,750100,27.01
2011-08-11,25.62,27.28,25.42,26.91,1021000,26.91
2011-08-10,25.59,26.38,25.04,25.39,980300,25.39
2011-08-09,24.83,26.33,24.52,26.08,2874800,26.08
2011-08-08,24.99,26.06,24.65,24.72,1876200,24.72
2011-08-05,28.03,28.18,25.15,26.55,3446100,26.55
2011-08-04,30.36,30.50,27.94,27.97,1324600,27.97
2011-08-03,30.24,30.85,29.05,30.81,1181800,30.81
2011-08-02,31.18,31.96,30.04,30.12,1233200,30.12
2011-08-01,33.42,33.70,31.03,31.58,1702600,31.58
2011-07-29,31.29,33.80,30.73,33.07,2012700,33.07
2011-07-28,31.25,32.68,30.77,31.64,1667800,31.64
2011-07-27,33.11,33.11,31.43,31.50,1180100,31.50
2011-07-26,33.39,33.60,33.05,33.29,750000,33.29
2011-07-25,32.87,33.78,32.60,33.42,915800,33.42
2011-07-22,33.21,33.58,32.88,33.04,1395900,33.04
2011-07-21,33.91,33.92,33.00,33.10,1015000,33.10
2011-07-20,34.87,34.953,33.60,33.80,510300,33.80
2011-07-19,34.10,35.03,33.95,34.79,756000,34.79
2011-07-18,34.07,34.3688,33.28,33.80,585000,33.80
2011-07-15,34.16,34.38,33.60,34.31,891400,34.31
2011-07-14,35.04,35.33,33.78,33.95,1004400,33.95
2011-07-13,35.28,35.815,34.88,34.95,653100,34.95
2011-07-12,35.24,35.41,34.85,34.98,1031400,34.98
2011-07-11,36.41,37.14,35.39,35.57,1454200,35.57
2011-07-08,35.36,36.81,35.25,36.72,840100,36.72
2011-07-07,35.73,36.535,35.66,35.77,895200,35.77
2011-07-06,34.89,35.63,34.68,35.43,930500,35.43
2011-07-05,34.85,35.24,34.541,35.08,767500,35.08
2011-07-01,34.53,35.04,34.34,34.86,498900,34.86
2011-06-30,34.34,34.78,33.70,34.47,1032000,34.47
2011-06-29,34.22,34.65,33.74,34.35,855100,34.35
2011-06-28,33.28,34.30,33.10,34.08,875200,34.08
2011-06-27,33.19,33.78,33.00,33.29,1067400,33.29
2011-06-24,32.68,33.32,32.29,33.12,11222600,33.12
2011-06-23,32.07,32.73,31.34,32.70,1062800,32.70
2011-06-22,33.09,33.21,32.28,32.32,656200,32.32
2011-06-21,31.68,33.20,31.67,33.11,1051700,33.11
2011-06-20,31.16,32.3299,31.01,31.80,1019200,31.80
2011-06-17,31.09,31.42,31.03,31.17,1115200,31.17
2011-06-16,30.63,31.305,30.3001,30.89,1424300,30.89
2011-06-15,31.17,31.61,30.64,30.75,732500,30.75
2011-06-14,30.46,31.62,30.18,31.53,918600,31.53
2011-06-13,30.32,30.61,29.83,30.03,1176000,30.03
2011-06-10,30.26,30.49,29.72,30.08,1292000,30.08
2011-06-09,30.55,31.04,30.08,30.48,743700,30.48
2011-06-08,31.46,31.50,30.24,30.32,1128200,30.32
2011-06-07,31.28,32.09,31.24,31.72,940000,31.72
2011-06-06,31.58,31.73,31.00,31.14,774900,31.14
2011-06-03,31.75,32.16,31.35,31.57,917100,31.57
2011-06-02,32.52,32.8271,31.83,32.18,781100,32.18
2011-06-01,33.51,33.95,32.35,32.35,706500,32.35
2011-05-31,33.69,33.79,32.99,33.54,1602700,33.54
2011-05-27,33.24,33.965,33.24,33.32,940400,33.32
2011-05-26,31.79,33.45,31.62,33.22,960600,33.22
2011-05-25,31.58,32.27,31.37,32.02,889700,32.02
2011-05-24,31.35,31.90,31.30,31.79,1193800,31.79
2011-05-23,31.20,31.565,31.00,31.34,961600,31.34
2011-05-20,31.58,32.09,31.49,31.99,931900,31.99
2011-05-19,32.80,32.94,31.50,31.67,1198500,31.67
2011-05-18,31.02,33.50,31.02,32.68,2094200,32.68
2011-05-17,31.37,31.60,30.89,31.06,1375800,31.06
2011-05-16,33.36,33.6699,31.75,31.80,1619500,31.80
2011-05-13,33.89,34.03,33.04,33.52,797400,33.52
2011-05-12,33.38,34.08,32.7225,33.72,924000,33.72
2011-05-11,35.13,35.46,33.18,33.55,1366500,33.55
2011-05-10,34.78,35.84,34.411,35.19,1195700,35.19
2011-05-09,33.79,34.83,33.5601,34.50,975400,34.50
2011-05-06,33.54,34.83,33.25,33.80,1593500,33.80
2011-05-05,32.02,34.06,32.0105,33.21,1555900,33.21
2011-05-04,32.94,32.94,31.66,32.39,1158400,32.39
2011-05-03,33.54,33.59,32.13,33.00,1290200,33.00
2011-05-02,34.85,35.63,33.68,33.78,1304400,33.78
2011-04-29,33.52,35.16,33.25,34.77,3176200,34.77
2011-04-28,31.44,32.32,30.75,32.07,1378700,32.07
2011-04-27,31.53,31.56,30.88,31.43,722800,31.43
2011-04-26,31.77,32.10,31.36,31.62,600200,31.62
2011-04-25,31.71,32.24,31.51,31.61,318400,31.61
2011-04-21,32.00,32.27,31.67,31.86,530000,31.86
2011-04-20,31.49,31.78,30.93,31.65,1085300,31.65
2011-04-19,31.60,31.72,30.86,30.89,656300,30.89
2011-04-18,31.95,31.95,30.66,31.54,958400,31.54
2011-04-15,31.91,32.57,31.47,32.51,935900,32.51
2011-04-14,31.21,32.11,31.21,31.95,1353000,31.95
2011-04-13,31.09,31.71,30.65,31.64,1633600,31.64
2011-04-12,31.34,31.419,30.26,30.67,1614300,30.67
2011-04-11,31.60,32.17,31.30,31.55,758700,31.55
2011-04-08,32.55,32.70,31.299,31.52,945900,31.52
2011-04-07,32.57,32.94,31.97,32.40,934000,32.40
2011-04-06,33.73,33.96,31.64,32.63,2129300,32.63
2011-04-05,34.61,34.92,33.36,33.64,1333900,33.64
2011-04-04,34.83,34.98,34.41,34.76,1055300,34.76
2011-04-01,34.46,34.90,34.08,34.64,745300,34.64
2011-03-31,33.64,34.34,33.40,34.14,1157800,34.14
2011-03-30,33.95,34.45,33.54,33.57,866400,33.57
2011-03-29,33.43,33.97,33.05,33.96,608600,33.96
2011-03-28,33.65,34.35,33.06,33.50,760900,33.50
2011-03-25,33.45,34.85,33.3512,33.61,1578500,33.61
2011-03-24,33.10,33.80,32.95,33.32,1060200,33.32
2011-03-23,32.62,33.06,32.10,33.03,1039200,33.03
2011-03-22,31.57,32.79,31.49,32.66,1554300,32.66
2011-03-21,30.34,31.59,30.12,31.50,1004600,31.50
2011-03-18,30.10,30.43,29.75,30.08,996800,30.08
2011-03-17,29.94,30.42,29.73,29.76,755400,29.76
2011-03-16,30.30,30.80,29.60,29.60,921300,29.60
2011-03-15,29.33,30.76,28.74,30.46,874800,30.46
2011-03-14,29.76,30.55,29.49,30.39,647600,30.39
2011-03-11,30.00,30.65,29.70,30.51,879900,30.51
2011-03-10,30.64,31.13,29.76,30.44,1225900,30.44
2011-03-09,31.02,31.11,30.39,31.03,887000,31.03
2011-03-08,32.05,32.05,30.95,31.02,1167400,31.02
2011-03-07,32.50,33.15,31.2901,31.96,1521800,31.96
2011-03-04,32.24,32.24,31.32,32.03,871800,32.03
2011-03-03,31.06,32.50,31.06,32.00,1457500,32.00
2011-03-02,30.42,31.00,30.42,30.86,855400,30.86
2011-03-01,30.99,31.47,30.24,30.28,1670700,30.28
2011-02-28,30.51,31.39,30.51,30.95,1255200,30.95
2011-02-25,29.98,30.50,29.81,30.41,1053500,30.41
2011-02-24,29.17,30.10,29.09,29.82,2083500,29.82
2011-02-23,30.06,30.43,28.72,29.39,1691100,29.39
2011-02-22,30.68,31.02,30.20,30.3075,1351700,30.3075
2011-02-18,30.73,31.48,30.4601,31.46,876500,31.46
2011-02-17,30.61,30.92,30.37,30.61,960100,30.61
2011-02-16,30.22,31.05,30.16,30.78,814900,30.78
2011-02-15,30.80,30.88,29.59,30.18,1183800,30.18
2011-02-14,30.49,31.27,30.45,30.88,940300,30.88
2011-02-11,29.99,30.59,29.79,30.34,1390600,30.34
2011-02-10,29.36,30.29,29.10,30.22,788800,30.22
2011-02-09,29.26,29.91,29.26,29.66,897000,29.66
2011-02-08,29.62,29.9175,29.195,29.74,1374600,29.74
2011-02-07,29.48,30.31,29.34,29.78,1763700,29.78
2011-02-04,28.40,29.84,28.40,29.47,1126000,29.47
2011-02-03,28.34,28.99,28.13,28.57,968400,28.57
2011-02-02,27.47,28.90,27.24,28.74,4162400,28.74
2011-02-01,28.16,28.18,27.55,27.66,1824900,27.66
2011-01-31,27.33,28.55,27.01,28.09,1676800,28.09
2011-01-28,26.47,29.10,26.28,27.40,4660800,27.40
2011-01-27,24.80,25.45,24.46,25.05,1633300,25.05
2011-01-26,23.34,25.12,23.25,24.90,1661100,24.90
2011-01-25,23.41,23.48,23.07,23.39,1179200,23.39
2011-01-24,23.63,23.87,23.26,23.75,509900,23.75
2011-01-21,24.38,24.39,23.59,23.60,628500,23.60
2011-01-20,24.56,24.60,23.72,24.1975,930400,24.1975
2011-01-19,25.45,25.45,24.73,24.94,780300,24.94
2011-01-18,25.22,25.6799,24.92,25.25,799800,25.25
2011-01-14,23.82,25.48,23.81,25.37,1650900,25.37
2011-01-13,23.30,23.59,23.09,23.57,340000,23.57
2011-01-12,23.53,23.59,23.29,23.39,259800,23.39
2011-01-11,23.26,23.47,22.92,23.37,785700,23.37
2011-01-10,22.67,23.25,22.31,23.18,647500,23.18
2011-01-07,23.32,23.32,22.563,22.88,414800,22.88
2011-01-06,23.61,23.76,23.32,23.35,402100,23.35
2011-01-05,22.67,23.55,22.52,23.54,908400,23.54
2011-01-04,23.60,23.72,22.14,22.67,2475600,22.67
2011-01-03,23.85,23.97,23.52,23.57,680800,23.57
2010-12-31,23.50,23.70,23.24,23.49,467500,23.49
2010-12-30,23.80,23.80,23.47,23.50,415200,23.50
2010-12-29,23.91,23.99,23.7201,23.74,345500,23.74
2010-12-28,23.85,24.15,23.79,23.90,478700,23.90
2010-12-27,23.79,23.90,23.42,23.75,333700,23.75
2010-12-23,23.63,23.97,23.55,23.95,490700,23.95
2010-12-22,23.92,23.96,23.52,23.72,590500,23.72
2010-12-21,23.46,23.97,23.40,23.96,882300,23.96
2010-12-20,23.74,23.85,23.23,23.34,741600,23.34
2010-12-17,24.45,24.4599,23.60,23.83,1729500,23.83
2010-12-16,23.38,24.47,23.26,24.45,1169500,24.45
2010-12-15,23.55,23.70,23.11,23.39,1182200,23.39
2010-12-14,23.61,23.74,23.40,23.65,667500,23.65
2010-12-13,23.70,23.97,23.50,23.60,1095100,23.60
2010-12-10,23.38,23.89,23.21,23.62,1031000,23.62
2010-12-09,23.27,23.50,22.95,23.31,790400,23.31
2010-12-08,22.40,23.28,22.29,23.22,2366600,23.22
2010-12-07,22.33,22.55,21.35,21.98,1073200,21.98
2010-12-06,21.50,22.27,21.43,22.03,1032400,22.03
2010-12-03,21.43,21.83,21.32,21.66,493300,21.66
2010-12-02,20.78,21.85,20.67,21.61,1025500,21.61
2010-12-01,20.68,21.06,20.51,20.71,687900,20.71
2010-11-30,20.19,20.42,19.99,20.235,633100,20.235
2010-11-29,20.72,20.93,20.25,20.48,746800,20.48
2010-11-26,20.68,20.8598,20.44,20.82,361000,20.82
2010-11-24,19.91,21.12,19.88,21.09,1228400,21.09
2010-11-23,20.49,20.55,19.63,19.76,1515600,19.76
2010-11-22,19.74,20.91,19.24,20.80,2571900,20.80
2010-11-19,19.23,19.52,19.0305,19.37,420100,19.37
2010-11-18,18.80,19.45,18.72,19.30,559200,19.30
2010-11-17,18.57,18.77,18.35,18.55,461500,18.55
2010-11-16,18.89,19.08,18.44,18.59,656200,18.59
2010-11-15,19.46,19.46,18.915,19.13,449500,19.13
2010-11-12,19.63,19.80,19.23,19.25,709400,19.25
2010-11-11,19.50,19.92,19.295,19.91,640500,19.91
2010-11-10,19.58,19.83,19.45,19.83,640900,19.83
2010-11-09,19.58,19.85,19.45,19.61,821700,19.61
2010-11-08,19.75,19.80,19.53,19.59,586500,19.59
2010-11-05,19.80,19.85,19.63,19.77,533500,19.77
2010-11-04,19.53,19.85,19.43,19.75,861500,19.75
2010-11-03,19.15,19.30,18.62,19.30,1092300,19.30
2010-11-02,18.56,19.264,18.56,19.20,1094500,19.20
2010-11-01,18.83,18.98,18.18,18.44,864600,18.44
2010-10-29,18.48,19.32,18.48,18.78,1682800,18.78
2010-10-28,19.89,19.97,19.02,19.10,1531900,19.10
2010-10-27,19.41,19.75,19.30,19.74,1062200,19.74
2010-10-26,19.75,20.00,19.45,19.64,959900,19.64
2010-10-25,19.43,20.00,19.325,19.92,975500,19.92
2010-10-22,19.20,19.47,19.00,19.35,474100,19.35
2010-10-21,19.15,19.54,19.04,19.18,769800,19.18
2010-10-20,18.74,19.20,18.63,19.08,727200,19.08
2010-10-19,18.54,18.6806,18.17,18.59,1517400,18.59
2010-10-18,19.43,19.54,18.85,18.89,864100,18.89
2010-10-15,19.59,19.64,19.20,19.44,544500,19.44
2010-10-14,19.13,19.465,18.97,19.30,733800,19.30
2010-10-13,18.71,19.30,18.64,19.13,431300,19.13
2010-10-12,18.40,18.68,18.22,18.64,345700,18.64
2010-10-11,18.45,18.64,18.19,18.51,310500,18.51
2010-10-08,18.29,18.50,18.14,18.41,582900,18.41
2010-10-07,18.36,18.41,17.64,18.29,1751000,18.29
2010-10-06,19.59,19.59,18.31,18.36,1446800,18.36
2010-10-05,19.29,19.65,19.0725,19.65,963700,19.65
2010-10-04,18.94,19.21,18.92,19.16,575500,19.16
2010-10-01,19.11,19.21,18.77,19.08,741600,19.08
2010-09-30,19.11,19.35,18.56,18.90,449300,18.90
2010-09-29,18.93,19.22,18.83,18.90,372100,18.90
2010-09-28,18.96,19.08,18.21,19.06,789500,19.06
2010-09-27,19.02,19.18,18.67,18.96,380500,18.96
2010-09-24,18.63,19.04,18.55,18.99,648800,18.99
2010-09-23,18.18,18.81,18.10,18.30,704800,18.30
2010-09-22,18.77,18.90,18.265,18.35,769000,18.35
2010-09-21,18.65,19.32,18.52,18.91,883800,18.91
2010-09-20,18.27,18.79,18.20,18.67,680300,18.67
2010-09-17,18.35,18.50,18.04,18.28,923900,18.28
2010-09-16,18.15,18.30,17.94,18.17,491700,18.17
2010-09-15,17.87,18.3702,17.66,18.26,852700,18.26
2010-09-14,17.62,18.04,17.53,18.01,701900,18.01
2010-09-13,17.26,17.88,17.26,17.7325,1295900,17.7325
2010-09-10,16.80,17.05,16.62,17.01,566200,17.01
2010-09-09,16.77,16.91,16.5999,16.78,549900,16.78
2010-09-08,16.30,16.655,16.30,16.60,318600,16.60
2010-09-07,16.35,16.48,16.21,16.25,465600,16.25
2010-09-03,16.39,16.58,16.10,16.47,627500,16.47
2010-09-02,16.01,16.23,15.80,16.19,593900,16.19
2010-09-01,15.73,16.135,15.5625,15.91,651800,15.91
2010-08-31,15.55,15.6901,15.39,15.44,609300,15.44
2010-08-30,15.50,15.75,15.48,15.61,705300,15.61
2010-08-27,15.15,15.61,14.83,15.58,612000,15.58
2010-08-26,15.18,15.29,14.865,14.91,568700,14.91
2010-08-25,14.93,15.15,14.83,15.11,637700,15.11
2010-08-24,15.25,15.29,14.95,15.02,669000,15.02
2010-08-23,15.98,16.05,15.47,15.49,433700,15.49
2010-08-20,15.37,15.89,15.28,15.88,422500,15.88
2010-08-19,15.71,15.82,15.41,15.45,594300,15.45
2010-08-18,15.75,15.90,15.50,15.75,492700,15.75
2010-08-17,15.44,16.13,15.36,15.80,848000,15.80
2010-08-16,14.96,15.66,14.75,15.27,604800,15.27
2010-08-13,15.25,15.46,15.07,15.09,558300,15.09
2010-08-12,14.93,15.3603,14.75,15.36,962000,15.36
2010-08-11,15.26,15.29,15.06,15.12,684100,15.12
2010-08-10,15.53,15.67,15.21,15.61,890500,15.61
2010-08-09,15.46,16.01,15.46,15.75,1256700,15.75
2010-08-06,15.32,15.42,14.97,15.38,556200,15.38
2010-08-05,15.50,15.7699,15.40,15.50,380500,15.50
2010-08-04,15.38,15.98,15.32,15.66,1470900,15.66
2010-08-03,15.93,16.01,15.25,15.37,2025800,15.37
2010-08-02,16.23,16.38,15.91,16.06,1411700,16.06
2010-07-30,16.53,16.78,15.93,15.97,3187000,15.97
2010-07-29,18.03,18.20,17.12,17.58,1051400,17.58
2010-07-28,18.13,18.27,17.76,17.90,325000,17.90
2010-07-27,18.50,18.66,18.15,18.22,518300,18.22
2010-07-26,18.10,18.50,17.83,18.45,642000,18.45
2010-07-23,17.43,18.39,17.43,18.03,1051500,18.03
2010-07-22,16.92,17.55,16.75,17.51,736100,17.51
2010-07-21,17.16,17.20,16.59,16.61,587200,16.61
2010-07-20,16.51,17.14,16.18,17.08,405900,17.08
2010-07-19,16.64,16.85,16.36,16.75,367700,16.75
2010-07-16,17.11,17.2425,16.4705,16.57,962800,16.57
2010-07-15,17.52,17.59,16.96,17.31,708300,17.31
2010-07-14,17.40,17.72,17.29,17.52,886900,17.52
2010-07-13,17.60,17.69,17.38,17.51,1515100,17.51
2010-07-12,17.59,17.70,17.20,17.38,1189000,17.38
2010-07-09,16.91,17.75,16.88,17.68,1346300,17.68
2010-07-08,16.97,17.11,16.54,16.90,654800,16.90
2010-07-07,15.96,16.87,15.87,16.86,928800,16.86
2010-07-06,16.00,16.51,15.81,15.94,794700,15.94
2010-07-02,16.21,16.2999,15.75,15.84,318700,15.84
2010-07-01,15.98,16.14,15.44,16.10,773600,16.10
2010-06-30,16.04,16.355,15.89,15.93,810500,15.93
2010-06-29,16.84,16.92,15.9334,16.09,1222900,16.09
2010-06-28,17.26,17.38,16.64,17.17,1326400,17.17
2010-06-25,16.91,17.89,16.79,17.74,1783700,17.74
2010-06-24,16.47,17.16,16.33,16.85,1048300,16.85
2010-06-23,16.28,16.76,16.08,16.59,890300,16.59
2010-06-22,17.28,17.74,16.2901,16.34,2189500,16.34
2010-06-21,17.13,17.21,16.49,16.64,775400,16.64
2010-06-18,16.70,17.06,16.45,16.85,1323800,16.85
2010-06-17,16.86,16.90,16.56,16.72,630500,16.72
2010-06-16,16.79,17.27,16.63,16.76,994900,16.76
2010-06-15,16.01,16.99,15.91,16.9825,1843200,16.9825
2010-06-14,15.69,16.10,15.6345,15.99,1161500,15.99
2010-06-11,15.40,15.69,15.13,15.57,759300,15.57
2010-06-10,14.72,15.59,14.6401,15.575,1197700,15.575
2010-06-09,14.57,14.87,14.41,14.53,636600,14.53
2010-06-08,14.47,14.54,14.12,14.41,809300,14.41
2010-06-07,14.79,14.79,14.2234,14.38,898300,14.38
2010-06-04,15.06,15.26,14.72,14.7475,851100,14.7475
2010-06-03,15.20,15.71,15.15,15.45,828900,15.45
2010-06-02,14.68,15.28,14.54,15.28,702500,15.28
2010-06-01,14.85,15.13,14.63,14.63,1094700,14.63
2010-05-28,14.93,15.26,14.87,15.045,1701200,15.045
2010-05-27,14.12,15.02,13.87,15.02,1653700,15.02
2010-05-26,13.36,14.28,13.35,13.84,1871400,13.84
2010-05-25,12.92,13.31,12.705,13.26,821200,13.26
2010-05-24,13.23,13.46,13.16,13.21,581600,13.21
2010-05-21,13.26,13.42,12.88,13.31,843600,13.31
2010-05-20,13.74,13.89,13.38,13.52,1256100,13.52
2010-05-19,14.09,14.26,13.89,14.02,802600,14.02
2010-05-18,13.90,14.29,13.90,14.17,1347800,14.17
2010-05-17,13.77,13.87,13.47,13.69,662100,13.69
2010-05-14,13.94,13.94,13.52,13.69,414300,13.69
2010-05-13,14.26,14.44,13.99,14.07,588800,14.07
2010-05-12,13.61,14.36,13.61,14.34,775000,14.34
2010-05-11,13.27,13.82,13.03,13.59,644500,13.59
2010-05-10,13.12,13.50,13.00,13.40,927900,13.40
2010-05-07,13.27,13.51,12.64,12.71,852000,12.71
2010-05-06,13.56,13.78,12.21,13.26,1323700,13.26
2010-05-05,13.66,13.87,13.49,13.66,795700,13.66
2010-05-04,14.34,14.37,13.75,13.78,995800,13.78
2010-05-03,14.27,14.47,13.87,14.45,923700,14.45
2010-04-30,14.88,14.98,14.27,14.27,1091400,14.27
2010-04-29,14.63,14.87,14.39,14.83,773100,14.83
2010-04-28,14.53,14.57,14.35,14.46,565200,14.46
2010-04-27,14.80,14.88,14.49,14.55,774300,14.55
2010-04-26,14.64,14.93,14.57,14.87,952200,14.87
2010-04-23,15.08,15.08,14.58,14.69,1968200,14.69
2010-04-22,15.38,15.38,14.91,15.03,1394200,15.03
2010-04-21,15.10,15.54,15.01,15.54,1593800,15.54
2010-04-20,14.26,15.23,14.26,15.19,1450700,15.19
2010-04-19,14.47,14.79,14.15,14.30,1003500,14.30
2010-04-16,14.28,14.60,14.20,14.49,1053900,14.49
2010-04-15,14.25,14.40,14.21,14.31,609400,14.31
2010-04-14,13.91,14.44,13.78,14.36,1098600,14.36
2010-04-13,13.75,13.87,13.7119,13.83,407400,13.83
2010-04-12,13.77,13.879,13.76,13.87,839400,13.87
2010-04-09,13.82,13.98,13.69,13.97,407300,13.97
2010-04-08,13.73,13.87,13.65,13.83,690500,13.83
2010-04-07,13.45,13.84,13.45,13.84,1459900,13.84
2010-04-06,13.16,13.51,13.05,13.50,671400,13.50
2010-04-05,13.00,13.27,12.89,13.26,547800,13.26
2010-04-01,12.83,13.02,12.82,12.96,687500,12.96
2010-03-31,12.61,12.9499,12.43,12.85,1137900,12.85
2010-03-30,12.58,12.81,12.56,12.71,484100,12.71
2010-03-29,12.52,12.65,12.37,12.57,546400,12.57
2010-03-26,12.69,12.7901,12.49,12.55,654900,12.55
2010-03-25,12.85,13.07,12.65,12.69,617200,12.69
2010-03-24,12.95,13.005,12.74,12.76,495200,12.76
2010-03-23,12.97,13.08,12.76,13.01,614400,13.01
2010-03-22,12.80,13.09,12.76,12.96,455200,12.96
2010-03-19,13.26,13.27,12.80,12.86,605300,12.86
2010-03-18,13.19,13.31,13.06,13.22,482700,13.22
2010-03-17,13.10,13.22,13.01,13.15,997700,13.15
2010-03-16,13.45,13.45,12.93,13.05,1035800,13.05
2010-03-15,13.28,13.48,13.13,13.45,629500,13.45
2010-03-12,13.52,13.61,13.34,13.37,516400,13.37
2010-03-11,13.37,13.50,13.23,13.50,422100,13.50
2010-03-10,13.19,13.57,13.18,13.40,939800,13.40
2010-03-09,12.99,13.23,12.96,13.15,778300,13.15
2010-03-08,12.95,13.06,12.88,13.02,464300,13.02
2010-03-05,12.78,13.00,12.65,12.99,1031500,12.99
2010-03-04,12.61,12.75,12.53,12.75,465400,12.75
2010-03-03,12.50,12.74,12.40,12.62,705900,12.62
2010-03-02,12.50,12.66,12.375,12.50,918900,12.50
2010-03-01,12.04,12.51,12.01,12.51,701000,12.51
2010-02-26,12.05,12.16,11.935,12.01,388000,12.01
2010-02-25,11.87,12.04,11.73,12.03,549600,12.03
2010-02-24,11.83,12.10,11.71,12.05,512600,12.05
2010-02-23,11.92,11.94,11.5801,11.76,790200,11.76
2010-02-22,12.20,12.20,11.90,11.97,406900,11.97
2010-02-19,12.19,12.275,11.99,12.21,448300,12.21
2010-02-18,11.92,12.19,11.89,12.19,492800,12.19
2010-02-17,11.82,11.97,11.70,11.96,444700,11.96
2010-02-16,11.89,11.92,11.64,11.75,475400,11.75
2010-02-12,11.46,11.87,11.43,11.85,1248900,11.85
2010-02-11,11.36,11.65,11.13,11.62,736000,11.62
2010-02-10,11.34,11.45,11.07,11.36,1116100,11.36
2010-02-09,11.47,11.48,11.295,11.40,1003500,11.40
2010-02-08,11.28,11.38,11.17,11.22,593000,11.22
2010-02-05,11.71,11.71,11.24,11.38,1053500,11.38
2010-02-04,12.07,12.09,11.53,11.54,947100,11.54
2010-02-03,12.09,12.25,12.04,12.11,739100,12.11
2010-02-02,12.39,12.44,12.06,12.21,850100,12.21
2010-02-01,12.50,12.64,12.40,12.49,802200,12.49
2010-01-29,13.57,13.94,12.35,12.59,3051600,12.59
2010-01-28,12.01,12.07,11.53,11.80,682900,11.80
2010-01-27,11.79,12.07,11.70,12.01,496500,12.01
2010-01-26,12.06,12.26,11.85,11.85,632900,11.85
2010-01-25,12.24,12.28,12.05,12.14,415500,12.14
2010-01-22,12.28,12.40,12.05,12.07,582800,12.07
2010-01-21,12.44,12.5699,12.21,12.30,701600,12.30
2010-01-20,12.59,12.60,12.12,12.36,587100,12.36
2010-01-19,12.58,12.76,12.555,12.62,693400,12.62
2010-01-15,13.00,13.00,12.46,12.59,643400,12.59
2010-01-14,13.04,13.09,12.88,12.96,538400,12.96
2010-01-13,13.02,13.17,12.93,12.94,635700,12.94
2010-01-12,13.03,13.23,12.92,13.02,561700,13.02
2010-01-11,13.20,13.38,13.10,13.22,562200,13.22
2010-01-08,13.05,13.30,13.05,13.29,559000,13.29
2010-01-07,13.23,13.29,12.88,13.14,926600,13.14
2010-01-06,13.58,13.73,13.20,13.30,2080500,13.30
2010-01-05,12.92,13.985,12.84,13.67,2274400,13.67
2010-01-04,12.71,13.14,12.585,12.87,1085200,12.87
2009-12-31,12.48,12.76,12.45,12.52,570000,12.52
2009-12-30,12.435,12.62,12.37,12.55,548300,12.55
2009-12-29,12.28,12.68,12.26,12.50,584400,12.50
2009-12-28,12.45,12.59,12.26,12.32,609300,12.32
2009-12-24,12.44,12.78,12.30,12.45,583600,12.45
2009-12-23,11.78,12.31,11.76,12.28,853100,12.28
2009-12-22,11.40,11.77,11.37,11.75,671300,11.75
2009-12-21,11.54,11.6201,11.39,11.41,777400,11.41
2009-12-18,11.26,11.583,11.22,11.56,1495000,11.56
2009-12-17,11.10,11.28,11.08,11.21,755700,11.21
2009-12-16,10.97,11.21,10.94,11.19,581300,11.19
2009-12-15,10.85,11.07,10.80,10.91,1532200,10.91
2009-12-14,10.74,10.89,10.67,10.89,782100,10.89
2009-12-11,10.80,10.84,10.53,10.74,468100,10.74
2009-12-10,10.79,10.97,10.67,10.74,694800,10.74
2009-12-09,10.83,10.96,10.40,10.89,1488300,10.89
2009-12-08,10.91,11.18,10.87,10.92,618200,10.92
2009-12-07,11.28,11.40,11.21,11.29,411400,11.29
2009-12-04,11.14,11.3597,11.02,11.31,984300,11.31
2009-12-03,11.22,11.40,11.04,11.04,398500,11.04
2009-12-02,11.18,11.40,11.14,11.17,740700,11.17
2009-12-01,10.96,11.31,10.92,11.25,676900,11.25
2009-11-30,11.04,11.14,10.60,10.84,705300,10.84
2009-11-27,11.05,11.16,10.94,10.96,427800,10.96
2009-11-25,11.02,11.34,10.999,11.20,825200,11.20
2009-11-24,10.98,11.02,10.83,10.91,458600,10.91
2009-11-23,11.28,11.39,10.94,11.00,1346800,11.00
2009-11-20,11.18,11.25,11.07,11.13,815200,11.13
2009-11-19,11.75,11.75,11.25,11.32,867900,11.32
2009-11-18,12.00,12.00,11.77,11.89,324500,11.89
2009-11-17,11.93,12.06,11.90,12.03,364000,12.03
2009-11-16,11.87,12.15,11.75,12.02,741800,12.02
2009-11-13,11.70,11.86,11.46,11.74,335100,11.74
2009-11-12,12.02,12.1901,11.69,11.71,357500,11.71
2009-11-11,12.16,12.20,11.95,12.08,441900,12.08
2009-11-10,12.03,12.12,11.76,12.02,386100,12.02
2009-11-09,11.91,12.121,11.82,12.12,474700,12.12
2009-11-06,11.53,11.87,11.41,11.80,545700,11.80
2009-11-05,11.23,11.74,11.12,11.64,890500,11.64
2009-11-04,11.29,11.44,11.08,11.11,1014300,11.11
2009-11-03,11.45,11.50,11.11,11.27,1407500,11.27
2009-11-02,11.88,11.89,11.375,11.58,1165000,11.58
2009-10-30,12.04,12.15,11.77,11.82,1030000,11.82
2009-10-29,11.84,12.28,11.84,12.08,1097300,12.08
2009-10-28,11.94,12.49,11.60,11.66,2525200,11.66
2009-10-27,12.34,12.51,12.09,12.31,888300,12.31
2009-10-26,12.47,12.80,12.30,12.36,887500,12.36
2009-10-23,12.45,12.72,12.26,12.49,837400,12.49
2009-10-22,12.32,12.50,12.03,12.49,884200,12.49
2009-10-21,12.67,12.86,12.25,12.28,1059800,12.28
2009-10-20,13.16,13.16,12.57,12.74,421100,12.74
2009-10-19,12.77,13.27,12.63,13.16,655400,13.16
2009-10-16,12.93,12.99,12.61,12.68,578300,12.68
2009-10-15,12.76,13.01,12.68,13.00,782800,13.00
2009-10-14,12.35,12.9299,12.1901,12.88,1617200,12.88
2009-10-13,12.10,12.29,12.08,12.22,545100,12.22
2009-10-12,12.24,12.30,12.00,12.10,373000,12.10
2009-10-09,12.05,12.21,12.00,12.21,392700,12.21
2009-10-08,11.82,12.135,11.73,12.02,768300,12.02
2009-10-07,11.69,11.84,11.62,11.76,422500,11.76
2009-10-06,11.30,11.71,11.11,11.71,593800,11.71
2009-10-05,11.13,11.37,11.02,11.21,670700,11.21
2009-10-02,10.97,11.26,10.85,11.04,2062200,11.04
2009-10-01,11.50,11.63,11.01,11.08,1258000,11.08
2009-09-30,11.80,11.80,11.44,11.60,1023200,11.60
2009-09-29,12.02,12.02,11.84,11.86,543900,11.86
2009-09-28,11.91,12.37,11.8609,12.04,545900,12.04
2009-09-25,11.76,11.96,11.66,11.89,345700,11.89
2009-09-24,12.11,12.16,11.74,11.83,366900,11.83
2009-09-23,12.06,12.35,11.84,12.09,567900,12.09
2009-09-22,11.78,12.16,11.69,12.08,491200,12.08
2009-09-21,11.66,11.75,11.52,11.69,883600,11.69
2009-09-18,11.76,11.88,11.45,11.82,1182500,11.82
2009-09-17,12.31,12.48,11.72,11.84,916600,11.84
2009-09-16,11.94,12.53,11.82,12.37,1178400,12.37
2009-09-15,11.98,12.11,11.87,11.93,485000,11.93
2009-09-14,11.98,12.09,11.89,12.04,426600,12.04
2009-09-11,11.73,12.25,11.5925,12.09,945400,12.09
2009-09-10,11.58,11.77,11.52,11.73,537500,11.73
2009-09-09,11.47,11.73,11.36,11.63,390000,11.63
2009-09-08,11.35,11.48,11.16,11.48,446400,11.48
2009-09-04,10.80,11.43,10.73,11.28,824600,11.28
2009-09-03,10.83,10.93,10.53,10.80,908600,10.80
2009-09-02,10.86,11.02,10.65,10.80,950800,10.80
2009-09-01,11.33,11.50,10.82,10.85,980600,10.85
2009-08-31,11.31,11.52,11.21,11.46,684000,11.46
2009-08-28,11.75,11.89,11.32,11.39,710800,11.39
2009-08-27,11.83,11.83,11.25,11.62,798600,11.62
2009-08-26,11.90,12.0398,11.7016,11.79,437100,11.79
2009-08-25,12.07,12.10,11.87,11.93,414700,11.93
2009-08-24,11.98,12.19,11.90,12.00,592000,12.00
2009-08-21,11.90,11.99,11.67,11.98,740300,11.98
2009-08-20,11.66,11.905,11.63,11.74,489000,11.74
2009-08-19,11.20,11.80,11.16,11.68,816300,11.68
2009-08-18,11.26,11.49,11.13,11.38,511900,11.38
2009-08-17,11.73,11.73,11.13,11.22,1260200,11.22
2009-08-14,12.06,12.14,11.83,12.01,834500,12.01
2009-08-13,12.03,12.28,11.89,12.04,1438800,12.04
2009-08-12,11.55,12.195,11.50,12.07,1998600,12.07
2009-08-11,11.45,11.69,11.35,11.57,1841300,11.57
2009-08-10,10.66,11.51,10.66,11.46,2391600,11.46
2009-08-07,10.64,10.92,10.42,10.78,2672500,10.78
2009-08-06,10.88,10.92,10.36,10.39,1627100,10.39
2009-08-05,10.81,10.91,10.575,10.86,908700,10.86
2009-08-04,10.48,10.96,10.34,10.81,819200,10.81
2009-08-03,10.59,10.76,10.50,10.70,797300,10.70
2009-07-31,10.33,10.65,10.06,10.51,1973900,10.51
2009-07-30,10.98,10.99,10.77,10.87,1349400,10.87
2009-07-29,10.87,10.98,10.69,10.89,758400,10.89
2009-07-28,10.80,11.0865,10.62,10.94,962400,10.94
2009-07-27,11.29,11.29,10.68,10.92,1524000,10.92
2009-07-24,10.24,11.30,10.10,11.29,4282800,11.29
2009-07-23,9.67,10.41,9.61,10.37,3176400,10.37
2009-07-22,9.39,9.74,9.21,9.72,1111300,9.72
2009-07-21,9.22,9.50,9.20,9.49,931400,9.49
2009-07-20,9.08,9.16,9.00,9.14,1583800,9.14
2009-07-17,9.21,9.21,8.95,9.00,874900,9.00
2009-07-16,9.05,9.21,8.91,9.18,1221600,9.18
2009-07-15,8.70,9.10,8.58,9.09,1766900,9.09
2009-07-14,8.52,8.57,8.42,8.56,1426500,8.56
2009-07-13,8.66,8.74,8.27,8.50,2165000,8.50
2009-07-10,8.64,8.79,8.56,8.58,718500,8.58
2009-07-09,8.98,9.18,8.62,8.67,1388200,8.67
2009-07-08,8.98,9.22,8.73,8.88,818100,8.88
2009-07-07,9.18,9.18,8.82,8.96,1294700,8.96
2009-07-06,9.40,9.41,9.00,9.09,1151500,9.09
2009-07-02,9.94,9.97,9.55,9.56,975600,9.56
2009-07-01,9.95,10.19,9.88,10.118,649600,10.118
2009-06-30,9.86,10.09,9.79,9.84,900000,9.84
2009-06-29,9.87,9.96,9.61,9.81,671300,9.81
2009-06-26,9.58,10.08,9.58,9.94,1508400,9.94
2009-06-25,9.43,9.625,9.2695,9.605,1018000,9.605
2009-06-24,9.49,9.54,9.37,9.42,859800,9.42
2009-06-23,9.57,9.70,9.29,9.37,1119400,9.37
2009-06-22,10.01,10.11,9.51,9.51,856900,9.51
2009-06-19,10.12,10.21,9.875,10.04,1146400,10.04
2009-06-18,10.03,10.19,9.81,9.96,986600,9.96
2009-06-17,10.00,10.415,9.95,10.08,833100,10.08
2009-06-16,10.40,10.47,10.00,10.02,568900,10.02
2009-06-15,10.38,10.47,10.02,10.33,766600,10.33
2009-06-12,10.48,10.65,10.44,10.60,413000,10.60
2009-06-11,10.58,10.69,10.41,10.52,980200,10.52
2009-06-10,10.53,10.67,10.38,10.58,1019800,10.58
2009-06-09,10.28,10.6399,10.20,10.41,1169600,10.41
2009-06-08,10.14,10.44,10.0601,10.25,1236500,10.25
2009-06-05,10.50,10.50,10.24,10.34,780200,10.34
2009-06-04,10.08,10.49,9.95,10.46,1156800,10.46
2009-06-03,9.97,10.08,9.82,10.06,578400,10.06
2009-06-02,10.10,10.13,9.81,10.03,1134800,10.03
2009-06-01,9.45,10.24,9.33,10.18,1463800,10.18
2009-05-29,9.26,9.47,9.16,9.46,664900,9.46
2009-05-28,9.35,9.40,9.08,9.26,1305400,9.26
2009-05-27,9.34,9.47,9.22,9.23,1116300,9.23
2009-05-26,9.04,9.60,9.02,9.40,1616200,9.40
2009-05-22,9.48,9.61,9.35,9.35,1091200,9.35
2009-05-21,9.65,9.72,9.23,9.40,723700,9.40
2009-05-20,9.94,9.94,9.61,9.73,1605300,9.73
2009-05-19,9.65,10.015,9.65,9.82,619400,9.82
2009-05-18,9.92,9.99,9.60,9.99,731000,9.99
2009-05-15,9.84,10.005,9.7275,9.91,602400,9.91
2009-05-14,9.90,10.00,9.60,9.87,683400,9.87
2009-05-13,9.78,10.03,9.73,9.82,1069300,9.82
2009-05-12,10.18,10.20,9.55,9.94,1015600,9.94
2009-05-11,10.10,10.27,10.07,10.10,677100,10.10
2009-05-08,10.52,10.77,10.26,10.30,1162200,10.30
2009-05-07,10.50,10.57,10.29,10.48,1193300,10.48
2009-05-06,10.54,10.54,10.25,10.50,863900,10.50
2009-05-05,10.80,10.82,10.11,10.46,1928600,10.46
2009-05-04,10.66,10.74,10.43,10.62,1301900,10.62
2009-05-01,10.51,11.19,10.22,10.53,3204400,10.53
2009-04-30,9.23,9.90,9.17,9.61,2147800,9.61
2009-04-29,9.03,9.22,9.00,9.08,1001200,9.08
2009-04-28,9.11,9.25,8.93,8.96,1042400,8.96
2009-04-27,9.04,9.41,8.94,9.25,756500,9.25
2009-04-24,9.07,9.36,8.97,9.21,1185400,9.21
2009-04-23,9.65,9.72,8.90,9.06,1166100,9.06
2009-04-22,9.27,9.78,9.27,9.63,942200,9.63
2009-04-21,8.89,9.46,8.89,9.43,883700,9.43
2009-04-20,8.96,9.07,8.71,8.91,888600,8.91
2009-04-17,9.15,9.32,8.89,9.24,597900,9.24
2009-04-16,8.93,9.17,8.73,9.12,755600,9.12
2009-04-15,8.87,9.07,8.63,8.81,936500,8.81
2009-04-14,9.00,9.25,8.90,8.98,570300,8.98
2009-04-13,8.98,9.16,8.70,9.12,605200,9.12
2009-04-09,8.79,9.11,8.72,9.10,1173500,9.10
2009-04-08,8.57,8.72,8.40,8.69,754300,8.69
2009-04-07,8.64,8.76,8.405,8.49,1248500,8.49
2009-04-06,8.53,8.81,8.43,8.81,789400,8.81
2009-04-03,8.50,8.73,8.35,8.64,1012600,8.64
2009-04-02,8.51,8.60,8.29,8.50,2175800,8.50
2009-04-01,8.665,8.665,8.15,8.29,1591600,8.29
2009-03-31,8.90,9.00,8.72,8.73,566100,8.73
2009-03-30,8.95,9.24,8.73,8.91,1248500,8.91
2009-03-27,9.35,9.41,9.1201,9.21,772300,9.21
2009-03-26,9.27,9.56,8.99,9.56,1029300,9.56
2009-03-25,8.99,9.20,8.69,9.05,969500,9.05
2009-03-24,9.23,9.38,8.71,8.73,943100,8.73
2009-03-23,8.83,9.44,8.68,9.44,1409000,9.44
2009-03-20,8.94,9.04,8.54,8.56,1055900,8.56
2009-03-19,9.23,9.28,8.89,8.89,835600,8.89
2009-03-18,8.76,9.28,8.52,9.14,1677100,9.14
2009-03-17,8.40,8.79,8.32,8.79,934000,8.79
2009-03-16,8.89,8.94,8.34,8.38,987600,8.38
2009-03-13,8.82,8.97,8.62,8.83,656200,8.83
2009-03-12,8.15,8.83,7.92,8.82,1502200,8.82
2009-03-11,8.47,8.50,8.02,8.19,1358300,8.19
2009-03-10,7.90,8.42,7.65,8.40,2075200,8.40
2009-03-09,8.27,8.49,7.44,7.65,1841100,7.65
2009-03-06,8.46,8.68,8.22,8.40,1188700,8.40
2009-03-05,8.44,8.78,8.41,8.52,1921500,8.52
2009-03-04,8.62,8.82,8.47,8.64,1507500,8.64
2009-03-03,8.24,8.545,8.115,8.42,1642800,8.42
2009-03-02,8.55,8.70,8.02,8.05,1350500,8.05
2009-02-27,8.46,8.99,8.42,8.75,1082400,8.75
2009-02-26,8.66,8.78,8.52,8.66,983300,8.66
2009-02-25,8.54,8.71,8.35,8.53,866900,8.53
2009-02-24,8.09,8.72,8.09,8.64,1344500,8.64
2009-02-23,8.54,8.60,8.08,8.12,1241900,8.12
2009-02-20,7.98,8.59,7.88,8.50,1733000,8.50
2009-02-19,8.05,8.45,8.05,8.36,1440000,8.36
2009-02-18,8.06,8.22,7.8399,7.96,884600,7.96
2009-02-17,8.07,8.17,7.79,7.99,721900,7.99
2009-02-13,8.45,8.72,8.3435,8.47,836800,8.47
2009-02-12,8.14,8.50,8.04,8.45,782800,8.45
2009-02-11,8.41,8.61,8.11,8.34,754300,8.34
2009-02-10,8.77,8.81,8.28,8.33,1730100,8.33
2009-02-09,7.90,8.94,7.76,8.84,2283500,8.84
2009-02-06,8.09,8.29,7.92,7.95,2023100,7.95
2009-02-05,7.40,8.24,7.30,8.13,3467000,8.13
2009-02-04,7.58,7.80,7.42,7.50,2345200,7.50
2009-02-03,7.55,7.61,7.42,7.60,1668300,7.60
2009-02-02,7.49,7.68,7.38,7.60,1227600,7.60
2009-01-30,7.20,8.20,7.15,7.64,6041300,7.64
2009-01-29,6.89,6.98,6.74,6.85,1510400,6.85
2009-01-28,6.99,7.00,6.82,6.98,1830700,6.98
2009-01-27,6.91,6.97,6.79,6.88,904600,6.88
2009-01-26,6.92,7.02,6.75,6.90,881500,6.90
2009-01-23,6.56,7.02,6.56,6.93,857200,6.93
2009-01-22,6.94,7.02,6.55,6.81,1095400,6.81
2009-01-21,6.80,7.21,6.65,7.19,993600,7.19
2009-01-20,7.11,7.15,6.65,6.69,900400,6.69
2009-01-16,6.94,7.24,6.79,7.22,926900,7.22
2009-01-15,6.79,6.86,6.43,6.85,1571400,6.85
2009-01-14,6.89,6.96,6.78,6.85,921100,6.85
2009-01-13,6.76,7.03,6.69,6.96,842800,6.96
2009-01-12,6.95,7.06,6.7499,6.76,639200,6.76
2009-01-09,7.48,7.50,6.91,6.94,884700,6.94
2009-01-08,7.35,7.52,7.25,7.47,699600,7.47
2009-01-07,7.50,7.74,7.32,7.41,1060000,7.41
2009-01-06,7.50,7.73,7.44,7.65,1178000,7.65
2009-01-05,7.37,7.63,7.29,7.42,1422000,7.42
2009-01-02,7.22,7.42,7.21,7.40,1338700,7.40
2008-12-31,7.20,7.26,7.05,7.21,1261400,7.21
2008-12-30,6.97,7.20,6.94,7.20,799700,7.20
2008-12-29,6.90,6.9701,6.65,6.84,748100,6.84
2008-12-26,6.66,6.90,6.66,6.87,302400,6.87
2008-12-24,6.72,6.92,6.63,6.69,661600,6.69
2008-12-23,6.85,7.00,6.645,6.73,606800,6.73
2008-12-22,7.06,7.06,6.63,6.90,796500,6.90
2008-12-19,6.99,7.24,6.8301,7.12,1790000,7.12
2008-12-18,7.00,7.00,6.67,6.84,1018400,6.84
2008-12-17,6.61,7.135,6.58,6.86,1711400,6.86
2008-12-16,6.67,6.8795,6.42,6.67,1974600,6.67
2008-12-15,6.97,7.10,6.41,6.51,2329400,6.51
2008-12-12,6.90,7.00,6.70,6.79,1880500,6.79
2008-12-11,8.43,8.43,6.93,7.07,2335300,7.07
2008-12-10,8.87,8.94,8.28,8.51,1382500,8.51
2008-12-09,9.54,9.89,8.71,8.79,1184600,8.79
2008-12-08,9.00,9.83,8.75,9.70,982800,9.70
2008-12-05,7.70,8.98,7.53,8.96,1129800,8.96
2008-12-04,8.00,8.58,7.63,7.82,949900,7.82
2008-12-03,7.54,8.16,7.50,8.10,787200,8.10
2008-12-02,7.40,7.80,7.18,7.77,706100,7.77
2008-12-01,7.80,7.94,7.18,7.22,818600,7.22
2008-11-28,8.08,8.16,7.46,8.05,249200,8.05
2008-11-26,7.35,8.23,7.29,8.19,644000,8.19
2008-11-25,7.65,7.76,6.96,7.52,1477700,7.52
2008-11-24,7.39,8.22,7.34,8.16,1145900,8.16
2008-11-21,6.43,7.37,6.33,7.35,2382900,7.35
2008-11-20,6.21,6.72,6.00,6.14,1549700,6.14
2008-11-19,7.42,7.42,6.23,6.28,2555300,6.28
2008-11-18,8.24,8.37,7.05,7.45,1554700,7.45
2008-11-17,8.45,8.59,8.09,8.19,656200,8.19
2008-11-14,9.06,9.25,8.39,8.46,987300,8.46
2008-11-13,8.36,9.31,7.81,9.29,1050600,9.29
2008-11-12,9.02,9.30,8.34,8.37,878000,8.37
2008-11-11,9.50,9.70,9.05,9.15,730500,9.15
2008-11-10,10.09,10.09,9.52,9.56,503700,9.56
2008-11-07,9.62,9.68,9.27,9.56,760700,9.56
2008-11-06,9.35,9.85,9.35,9.85,938900,9.85
2008-11-05,10.82,10.94,9.30,9.46,1543400,9.46
2008-11-04,10.83,11.03,10.41,10.96,1237500,10.96
2008-11-03,10.65,10.75,10.49,10.59,529300,10.59
2008-10-31,10.26,10.85,10.19,10.70,855300,10.70
2008-10-30,9.99,10.54,9.96,10.46,1181500,10.46
2008-10-29,10.02,10.38,9.56,9.99,1324200,9.99
2008-10-28,8.82,10.06,8.50,10.04,1466900,10.04
2008-10-27,8.46,9.07,8.05,8.61,1949600,8.61
2008-10-24,9.00,9.85,7.88,8.41,5063900,8.41
2008-10-23,10.73,10.88,9.76,10.55,2009700,10.55
2008-10-22,10.40,11.29,10.40,10.93,1220400,10.93
2008-10-21,11.27,11.33,10.70,10.96,1071800,10.96
2008-10-20,11.15,11.59,11.15,11.59,1050900,11.59
2008-10-17,10.80,11.67,10.01,11.01,917900,11.01
2008-10-16,9.92,11.25,9.40,11.22,1503800,11.22
2008-10-15,10.84,11.00,9.92,9.98,1408000,9.98
2008-10-14,12.13,12.24,10.71,10.98,1837700,10.98
2008-10-13,10.81,12.00,10.64,11.95,1500600,11.95
2008-10-10,9.37,10.39,9.05,10.13,1845700,10.13
2008-10-09,11.13,11.44,9.96,9.97,1964400,9.97
2008-10-08,9.69,11.30,9.32,10.96,2530700,10.96
2008-10-07,10.40,10.72,10.03,10.10,2843500,10.10
2008-10-06,11.06,11.06,9.91,10.53,3269400,10.53
2008-10-03,12.30,12.38,11.47,11.47,1964900,11.47
2008-10-02,13.16,13.19,11.70,12.17,1686400,12.17
2008-10-01,13.97,14.01,13.03,13.29,1249000,13.29
2008-09-30,13.30,14.26,13.24,14.13,1829200,14.13
2008-09-29,14.39,14.45,13.12,14.45,3583100,14.45
2008-09-26,14.71,15.25,14.43,15.12,913300,15.12
2008-09-25,15.66,15.70,15.09,15.13,986100,15.13
2008-09-24,15.52,16.07,15.43,15.53,483800,15.53
2008-09-23,15.88,16.50,15.40,15.43,1139200,15.43
2008-09-22,16.33,16.80,15.84,15.92,1047900,15.92
2008-09-19,17.15,18.58,16.55,17.03,3365400,17.03
2008-09-18,15.49,16.86,14.92,16.32,2467800,16.32
2008-09-17,15.06,15.70,14.58,15.31,1477600,15.31
2008-09-16,14.93,15.80,14.75,15.73,1179600,15.73
2008-09-15,14.85,15.57,14.78,14.90,789700,14.90
2008-09-12,15.64,15.68,15.24,15.38,862200,15.38
2008-09-11,14.77,15.69,14.52,15.68,1420500,15.68
2008-09-10,14.63,15.40,14.26,15.00,1921300,15.00
2008-09-09,14.95,15.30,14.37,14.37,1550900,14.37
2008-09-08,14.65,15.25,14.62,14.90,1724000,14.90
2008-09-05,14.20,14.49,13.87,14.34,1530600,14.34
2008-09-04,14.18,14.42,13.68,14.29,1985800,14.29
2008-09-03,14.70,14.70,14.11,14.26,977200,14.26
2008-09-02,15.04,15.14,14.43,14.59,1596900,14.59
2008-08-29,15.04,15.10,14.60,14.73,584700,14.73
2008-08-28,14.91,15.41,14.87,15.15,1402500,15.15
2008-08-27,14.30,15.10,14.15,14.82,2167800,14.82
2008-08-26,15.19,15.19,14.21,14.38,1689500,14.38
2008-08-25,15.40,15.55,15.06,15.26,904300,15.26
2008-08-22,15.79,16.09,15.51,15.66,722100,15.66
2008-08-21,15.71,15.79,15.42,15.61,595500,15.61
2008-08-20,16.17,16.25,15.68,15.85,648100,15.85
2008-08-19,16.04,16.54,15.88,16.01,759000,16.01
2008-08-18,17.05,17.16,16.12,16.40,1358600,16.40
2008-08-15,17.47,17.50,16.91,17.02,873600,17.02
2008-08-14,17.15,17.57,17.02,17.25,744700,17.25
2008-08-13,17.58,17.79,16.77,17.35,1108500,17.35
2008-08-12,17.85,17.85,17.19,17.70,1483600,17.70
2008-08-11,16.99,18.11,16.92,17.98,1545000,17.98
2008-08-08,16.65,17.43,16.55,17.11,897300,17.11
2008-08-07,16.51,16.88,16.41,16.60,1303200,16.60
2008-08-06,17.50,17.79,17.11,17.12,1471100,17.12
2008-08-05,17.10,18.12,16.97,17.69,1854600,17.69
2008-08-04,17.27,17.35,16.73,17.06,1093800,17.06
2008-08-01,16.67,17.49,16.32,17.35,1748900,17.35
2008-07-31,16.70,16.86,16.20,16.41,932000,16.41
2008-07-30,16.81,17.13,16.21,16.70,1516200,16.70
2008-07-29,16.11,17.23,16.11,17.23,2426900,17.23
2008-07-28,16.38,16.74,15.99,16.15,1252200,16.15
2008-07-25,16.75,17.02,16.11,16.47,2642200,16.47
2008-07-24,14.57,17.25,14.54,16.80,6363900,16.80
2008-07-23,15.53,15.53,14.18,14.18,3386800,14.18
2008-07-22,15.60,15.75,15.30,15.57,1370900,15.57
2008-07-21,15.60,15.78,15.46,15.71,1077300,15.71
2008-07-18,15.48,15.60,15.21,15.53,825300,15.53
2008-07-17,15.42,16.00,15.15,15.48,1441600,15.48
2008-07-16,14.41,15.35,14.36,15.28,1687700,15.28
2008-07-15,14.52,14.91,14.19,14.56,1674900,14.56
2008-07-14,14.72,15.05,14.72,15.05,1443600,15.05
2008-07-11,14.03,14.92,13.60,14.63,1036400,14.63
2008-07-10,14.26,14.79,14.03,14.45,1911300,14.45
2008-07-09,15.55,15.55,14.24,14.25,2744000,14.25
2008-07-08,14.91,15.52,14.81,15.51,1228600,15.51
2008-07-07,14.82,15.10,14.62,14.89,937600,14.89
2008-07-03,15.08,15.16,14.74,14.80,610400,14.80
2008-07-02,15.45,15.60,14.83,15.07,1244200,15.07
2008-07-01,14.23,15.53,14.07,15.53,2369600,15.53
2008-06-30,14.95,15.19,14.68,14.71,1809100,14.71
2008-06-27,15.08,15.19,14.74,15.03,2449300,15.03
2008-06-26,15.38,15.38,14.83,15.15,1903400,15.15
2008-06-25,14.99,15.78,14.99,15.63,1645000,15.63
2008-06-24,15.00,15.35,14.78,15.00,2060000,15.00
2008-06-23,15.55,15.55,15.17,15.22,2121400,15.22
2008-06-20,15.83,15.86,15.26,15.44,1701900,15.44
2008-06-19,15.85,16.129,15.68,16.00,1711700,16.00
2008-06-18,15.79,16.26,15.76,15.82,2237500,15.82
2008-06-17,15.36,15.98,15.34,15.93,2704000,15.93
2008-06-16,15.25,15.43,15.04,15.29,1370200,15.29
2008-06-13,14.80,15.28,14.77,15.28,1711800,15.28
2008-06-12,14.74,14.80,14.49,14.76,1807700,14.76
2008-06-11,14.74,14.78,14.38,14.65,1785900,14.65
2008-06-10,14.44,14.86,14.25,14.81,1478100,14.81
2008-06-09,15.00,15.04,14.26,14.61,2289800,14.61
2008-06-06,15.33,15.365,15.00,15.01,1324100,15.01
2008-06-05,14.74,15.46,14.55,15.44,1543600,15.44
2008-06-04,14.65,14.75,14.45,14.73,1748100,14.73
2008-06-03,14.57,14.90,14.40,14.65,1041000,14.65
2008-06-02,14.65,14.65,14.30,14.51,1581300,14.51
2008-05-30,14.84,14.97,14.60,14.84,1860400,14.84
2008-05-29,13.95,14.92,13.95,14.92,2356000,14.92
2008-05-28,14.12,14.18,13.91,14.05,1244900,14.05
2008-05-27,13.57,14.241,13.53,14.11,3483500,14.11
2008-05-23,13.55,13.84,13.20,13.68,1670900,13.68
2008-05-22,13.55,13.88,13.30,13.79,1926400,13.79
2008-05-21,13.44,13.77,13.44,13.47,1889200,13.47
2008-05-20,13.39,13.54,13.25,13.51,1459100,13.51
2008-05-19,13.13,14.10,13.13,13.48,3849100,13.48
2008-05-16,13.27,13.27,12.58,12.72,1427500,12.72
2008-05-15,12.63,13.32,12.50,13.27,1665900,13.27
2008-05-14,12.53,13.06,12.51,12.69,3103000,12.69
2008-05-13,12.30,13.20,12.22,12.95,4883700,12.95
2008-05-12,11.68,12.33,11.68,12.33,1659900,12.33
2008-05-09,11.40,11.78,11.40,11.65,1100300,11.65
2008-05-08,11.51,11.68,11.41,11.60,635700,11.60
2008-05-07,11.61,11.73,11.33,11.49,786800,11.49
2008-05-06,11.56,11.75,11.36,11.60,833100,11.60
2008-05-05,11.76,11.78,11.32,11.68,1173400,11.68
2008-05-02,11.91,11.96,11.55,11.81,1205600,11.81
2008-05-01,11.82,12.02,11.67,11.85,1224100,11.85
2008-04-30,11.54,12.04,11.53,11.87,1242300,11.87
2008-04-29,11.30,11.88,11.06,11.81,2300700,11.81
2008-04-28,10.85,11.42,10.80,11.32,2017700,11.32
2008-04-25,10.19,11.13,10.10,11.03,5559800,11.03
2008-04-24,9.10,9.34,8.70,9.16,874600,9.16
2008-04-23,8.78,9.05,8.62,9.05,597000,9.05
2008-04-22,8.98,8.98,8.60,8.73,577000,8.73
2008-04-21,8.80,9.00,8.74,8.88,700600,8.88
2008-04-18,9.12,9.25,8.84,8.91,815400,8.91
2008-04-17,9.18,9.18,8.84,8.93,330300,8.93
2008-04-16,8.41,9.19,8.37,9.18,716300,9.18
2008-04-15,8.47,8.70,8.37,8.65,759600,8.65
2008-04-14,8.68,8.68,8.40,8.40,822100,8.40
2008-04-11,9.01,9.05,8.60,8.67,534000,8.67
2008-04-10,9.06,9.23,9.00,9.10,464700,9.10
2008-04-09,9.38,9.42,8.98,9.04,706800,9.04
2008-04-08,9.42,9.461,9.39,9.461,386200,9.461
2008-04-07,9.55,9.62,9.44,9.49,370000,9.49
2008-04-04,9.92,9.92,9.504,9.59,592700,9.59
2008-04-03,9.54,9.90,9.48,9.90,600000,9.90
2008-04-02,9.77,9.82,9.52,9.61,721900,9.61
2008-04-01,9.80,9.93,9.67,9.75,678800,9.75
2008-03-31,9.41,9.78,9.40,9.66,684000,9.66
2008-03-28,9.69,9.93,9.49,9.50,424800,9.50
2008-03-27,9.85,9.92,9.66,9.70,553800,9.70
2008-03-26,10.01,10.05,9.70,9.89,484700,9.89
2008-03-25,9.84,10.09,9.81,10.08,719000,10.08
2008-03-24,9.78,10.05,9.60,10.05,737700,10.05
2008-03-20,9.46,9.82,9.27,9.76,1358200,9.76
2008-03-19,9.74,9.78,9.38,9.38,634700,9.38
2008-03-18,9.59,9.70,9.28,9.69,915000,9.69
2008-03-17,9.36,9.53,9.20,9.21,895100,9.21
2008-03-14,9.61,9.80,9.27,9.72,1227400,9.72
2008-03-13,9.04,9.54,9.04,9.51,1091100,9.51
2008-03-12,8.81,9.25,8.78,9.16,1140800,9.16
2008-03-11,8.65,8.82,8.44,8.81,666600,8.81
2008-03-10,8.75,8.86,8.40,8.40,591200,8.40
2008-03-07,8.49,8.95,8.49,8.72,570300,8.72
2008-03-06,8.65,8.81,8.55,8.55,578300,8.55
2008-03-05,8.98,9.05,8.59,8.68,572600,8.68
2008-03-04,8.60,8.88,8.55,8.86,591200,8.86
2008-03-03,8.94,9.15,8.54,8.67,754100,8.67
2008-02-29,9.21,9.31,8.91,8.92,713900,8.92
2008-02-28,9.64,9.64,9.25,9.31,550100,9.31
2008-02-27,9.56,9.70,9.39,9.70,620800,9.70
2008-02-26,9.07,9.72,9.07,9.64,588800,9.64
2008-02-25,9.11,9.175,9.09,9.175,581300,9.175
2008-02-22,9.22,9.30,8.92,9.13,525700,9.13
2008-02-21,9.33,9.59,9.17,9.21,552500,9.21
2008-02-20,9.27,9.33,9.01,9.31,409300,9.31
2008-02-19,9.53,9.54,9.24,9.31,598800,9.31
2008-02-15,9.49,9.49,9.25,9.42,518500,9.42
2008-02-14,9.95,9.98,9.50,9.54,541000,9.54
2008-02-13,9.35,10.02,9.28,9.95,1703000,9.95
2008-02-12,8.85,9.35,8.83,9.28,1320600,9.28
2008-02-11,9.00,9.05,8.73,8.82,510800,8.82
2008-02-08,9.39,9.39,8.88,9.02,426800,9.02
2008-02-07,8.97,9.20,8.78,9.12,636800,9.12
2008-02-06,9.33,9.43,8.93,9.04,418100,9.04
2008-02-05,9.47,9.58,9.22,9.24,448000,9.24
2008-02-04,9.62,9.87,9.57,9.59,756000,9.59
2008-02-01,9.99,10.04,9.67,9.88,879500,9.88
2008-01-31,9.56,10.00,9.36,9.97,1131100,9.97
2008-01-30,9.86,9.93,9.53,9.54,630400,9.54
2008-01-29,10.02,10.03,9.76,9.95,500400,9.95
2008-01-28,10.13,10.13,9.69,9.98,796000,9.98
2008-01-25,10.16,10.73,10.15,10.16,1719200,10.16
2008-01-24,9.81,10.15,9.47,10.11,1326100,10.11
2008-01-23,8.66,9.75,8.66,9.69,1513700,9.69
2008-01-22,8.33,9.32,8.26,8.93,650600,8.93
2008-01-18,9.17,9.63,9.10,9.20,562000,9.20
2008-01-17,9.53,9.63,9.17,9.19,741400,9.19
2008-01-16,9.60,9.82,9.48,9.48,778900,9.48
2008-01-15,9.97,9.97,9.60,9.60,529800,9.60
2008-01-14,9.70,10.27,9.66,10.13,859300,10.13
2008-01-11,10.00,10.03,9.53,9.66,599900,9.66
2008-01-10,9.85,10.32,9.72,10.16,520000,10.16
2008-01-09,10.13,10.19,9.50,9.96,934200,9.96
2008-01-08,10.27,10.45,10.06,10.13,1352300,10.13
2008-01-07,10.34,10.70,10.24,10.70,1116900,10.70
2008-01-04,10.75,10.86,10.24,10.24,1184600,10.24
2008-01-03,10.84,11.07,10.76,10.90,795400,10.90
2008-01-02,11.12,11.35,10.75,10.81,748000,10.81
2007-12-31,11.11,11.32,10.86,11.15,606000,11.15
2007-12-28,11.13,11.41,11.10,11.14,350400,11.14
2007-12-27,11.51,11.62,11.09,11.62,585300,11.62
2007-12-26,11.48,11.64,11.41,11.59,569800,11.59
2007-12-24,11.80,11.80,11.46,11.63,170200,11.63
2007-12-21,11.68,11.85,11.50,11.75,1088300,11.75
2007-12-20,11.65,11.69,11.34,11.67,689400,11.67
2007-12-19,11.36,11.81,11.29,11.55,1231100,11.55
2007-12-18,11.07,11.46,10.97,11.36,713100,11.36
2007-12-17,11.59,11.59,10.89,10.89,672800,10.89
2007-12-14,11.56,12.15,11.33,11.56,857200,11.56
2007-12-13,11.62,11.80,11.45,11.62,729500,11.62
2007-12-12,11.76,12.01,11.59,11.82,548000,11.82
2007-12-11,12.10,12.20,11.48,11.52,955200,11.52
2007-12-10,12.26,12.26,11.94,12.11,560800,12.11
2007-12-07,12.50,12.50,12.07,12.18,499400,12.18
2007-12-06,12.27,12.67,12.2101,12.47,920400,12.47
2007-12-05,11.89,12.42,11.84,12.38,981500,12.38
2007-12-04,11.70,11.95,11.58,11.69,1953900,11.69
2007-12-03,11.85,12.55,11.85,12.27,1890700,12.27
2007-11-30,11.74,12.40,11.72,11.87,1359400,11.87
2007-11-29,11.38,11.60,11.27,11.50,669200,11.50
2007-11-28,10.91,11.82,10.89,11.43,1338800,11.43
2007-11-27,10.61,10.76,10.40,10.75,542200,10.75
2007-11-26,11.10,11.10,10.56,11.10,688800,11.10
2007-11-23,10.78,11.28,10.73,11.20,326000,11.20
2007-11-21,10.67,10.96,10.55,10.70,475700,10.70
2007-11-20,10.90,11.20,10.90,11.20,713900,11.20
2007-11-19,11.32,11.37,10.8601,10.92,629700,10.92
2007-11-16,11.01,11.56,10.68,11.52,755800,11.52
2007-11-15,11.55,11.60,11.25,11.39,466200,11.39
2007-11-14,12.01,12.02,11.50,11.63,531800,11.63
2007-11-13,11.14,12.06,11.14,11.97,843100,11.97
2007-11-12,11.09,11.22,10.71,11.10,897000,11.10
2007-11-09,11.40,11.40,10.89,11.12,894000,11.12
2007-11-08,11.78,11.82,11.15,11.46,1391200,11.46
2007-11-07,11.96,11.98,11.59,11.63,859900,11.63
2007-11-06,12.10,12.20,11.378,12.12,752200,12.12
2007-11-05,12.25,12.33,11.93,12.08,863300,12.08
2007-11-02,12.55,12.55,12.07,12.40,793600,12.40
2007-11-01,12.70,12.89,12.08,12.20,1230100,12.20
2007-10-31,12.03,12.99,12.03,12.94,1635600,12.94
2007-10-30,12.58,12.73,12.30,12.47,1278800,12.47
2007-10-29,11.98,13.30,11.76,12.95,2993500,12.95
2007-10-26,11.05,12.01,11.03,11.98,1507500,11.98
2007-10-25,11.39,11.71,11.17,11.20,1014700,11.20
2007-10-24,11.82,11.82,11.17,11.45,1100000,11.45
2007-10-23,12.04,12.12,11.75,11.99,559500,11.99
2007-10-22,11.65,12.02,11.53,11.99,697300,11.99
2007-10-19,12.05,12.10,11.75,12.10,709700,12.10
2007-10-18,12.17,12.25,11.98,12.06,1356100,12.06
2007-10-17,12.11,12.53,11.91,12.25,1807500,12.25
2007-10-16,11.74,11.96,11.57,11.80,577800,11.80
2007-10-15,12.04,12.05,11.65,11.81,600800,11.81
2007-10-12,11.69,12.13,11.64,12.07,690200,12.07
2007-10-11,12.33,12.42,11.60,11.72,956600,11.72
2007-10-10,11.50,12.76,11.50,12.41,2515900,12.41
2007-10-09,11.42,11.87,11.42,11.75,867300,11.75
2007-10-08,11.18,11.37,11.17,11.37,484300,11.37
2007-10-05,10.75,11.41,10.75,11.1701,1176300,11.1701
2007-10-04,10.68,10.83,10.35,10.77,1043800,10.77
2007-10-03,10.76,10.84,10.68,10.70,743400,10.70
2007-10-02,10.94,10.98,10.73,10.84,728900,10.84
2007-10-01,10.80,11.00,10.69,10.96,1078600,10.96
2007-09-28,10.91,11.0192,10.76,10.78,862100,10.78
2007-09-27,11.00,11.02,10.76,11.00,696900,11.00
2007-09-26,10.75,11.1209,10.75,10.95,1698100,10.95
2007-09-25,10.77,10.98,10.66,10.79,1733500,10.79
2007-09-24,10.65,11.177,10.65,10.85,2699500,10.85
2007-09-21,9.89,10.25,9.86,10.22,1799700,10.22
2007-09-20,9.85,9.93,9.81,9.93,937700,9.93
2007-09-19,9.89,10.00,9.81,9.89,904400,9.89
2007-09-18,9.68,10.00,9.59,9.87,738600,9.87
2007-09-17,9.68,9.71,9.56,9.63,752000,9.63
2007-09-14,9.60,9.76,9.52,9.68,595800,9.68
2007-09-13,9.58,9.82,9.39,9.75,975700,9.75
2007-09-12,9.10,9.84,9.09,9.60,1994100,9.60
2007-09-11,8.93,9.07,8.83,9.05,604100,9.05
2007-09-10,9.02,9.10,8.76,8.88,679600,8.88
2007-09-07,8.79,9.06,8.79,9.05,1104300,9.05
2007-09-06,8.97,9.01,8.82,9.01,295200,9.01
2007-09-05,8.89,9.08,8.89,8.96,371600,8.96
2007-09-04,8.74,9.05,8.70,8.93,444500,8.93
2007-08-31,8.81,8.89,8.66,8.80,597600,8.80
2007-08-30,8.61,8.74,8.59,8.70,582300,8.70
2007-08-29,8.67,8.80,8.65,8.71,872500,8.71
2007-08-28,8.90,9.01,8.57,8.61,620700,8.61
2007-08-27,9.05,9.07,8.96,9.01,371700,9.01
2007-08-24,9.00,9.10,8.85,9.10,347300,9.10
2007-08-23,9.05,9.14,8.93,8.96,678700,8.96
2007-08-22,9.19,9.24,9.02,9.04,689400,9.04
2007-08-21,9.07,9.30,8.97,9.17,514600,9.17
2007-08-20,9.03,9.21,8.96,9.14,1283500,9.14
2007-08-17,8.99,9.15,8.90,9.00,1067500,9.00
2007-08-16,8.49,8.90,8.35,8.87,1038700,8.87
2007-08-15,8.75,9.04,8.69,8.80,535300,8.80
2007-08-14,8.85,9.11,8.76,8.78,915700,8.78
2007-08-13,8.54,9.02,8.45,8.89,1223600,8.89
2007-08-10,8.66,9.28,8.54,9.23,1363000,9.23
2007-08-09,8.92,9.14,8.62,8.89,1045200,8.89
2007-08-08,9.08,9.45,9.05,9.15,1775700,9.15
2007-08-07,8.92,9.15,8.92,9.15,1007100,9.15
2007-08-06,8.92,9.131,8.7672,9.05,1569100,9.05
2007-08-03,9.02,9.11,8.80,8.91,1322500,8.91
2007-08-02,9.01,9.10,8.85,9.07,1043500,9.07
2007-08-01,8.53,9.06,8.44,8.98,1391800,8.98
2007-07-31,8.37,8.73,8.32,8.35,1313100,8.35
2007-07-30,8.75,8.83,8.48,8.72,1038600,8.72
2007-07-27,8.99,9.05,8.75,8.78,1759400,8.78
2007-07-26,8.75,9.42,8.67,9.10,4583600,9.10
2007-07-25,9.11,9.24,8.89,9.05,1123400,9.05
2007-07-24,8.97,9.37,8.96,9.14,1364000,9.14
2007-07-23,9.36,9.49,8.98,9.06,2222800,9.06
2007-07-20,9.66,9.73,9.26,9.34,1604800,9.34
2007-07-19,9.60,9.78,9.50,9.72,702100,9.72
2007-07-18,9.72,9.74,9.46,9.58,756300,9.58
2007-07-17,9.66,9.89,9.58,9.80,975600,9.80
2007-07-16,9.53,9.70,9.52,9.67,584800,9.67
2007-07-13,9.76,9.81,9.44,9.54,884700,9.54
2007-07-12,9.55,9.81,9.55,9.80,703100,9.80
2007-07-11,9.59,9.68,9.46,9.50,917700,9.50
2007-07-10,9.85,9.90,9.55,9.63,795800,9.63
2007-07-09,9.75,9.98,9.70,9.90,1600800,9.90
2007-07-06,9.71,9.86,9.65,9.76,1212100,9.76
2007-07-05,9.86,9.93,9.71,9.74,670100,9.74
2007-07-03,9.97,10.01,9.92,9.99,291300,9.99
2007-07-02,9.49,10.06,9.49,9.98,1638300,9.98
2007-06-29,9.98,10.00,9.78,9.91,4022700,9.91
2007-06-28,9.66,9.70,9.55,9.67,686100,9.67
2007-06-27,9.54,9.74,9.36,9.71,958500,9.71
2007-06-26,9.54,9.708,9.30,9.65,919400,9.65
2007-06-25,9.63,9.76,9.39,9.51,1084400,9.51
2007-06-22,9.85,9.85,9.55,9.68,1027400,9.68
2007-06-21,9.69,10.00,9.69,9.87,1137500,9.87
2007-06-20,9.90,9.90,9.67,9.69,593800,9.69
2007-06-19,9.82,9.94,9.62,9.92,922200,9.92
2007-06-18,9.90,9.95,9.79,9.88,776300,9.88
2007-06-15,9.84,9.95,9.67,9.91,1407400,9.91
2007-06-14,9.44,9.85,9.43,9.76,978900,9.76
2007-06-13,9.32,9.55,9.20,9.49,1068800,9.49
2007-06-12,9.29,9.45,9.14,9.29,902800,9.29
2007-06-11,9.42,9.53,9.32,9.38,556900,9.38
2007-06-08,9.26,9.50,9.19,9.46,660100,9.46
2007-06-07,9.32,9.40,9.09,9.30,648500,9.30
2007-06-06,9.35,9.40,9.35,9.40,603800,9.40
2007-06-05,9.24,9.47,9.10,9.45,695200,9.45
2007-06-04,9.46,9.52,9.36,9.40,760800,9.40
2007-06-01,9.34,9.65,9.34,9.65,1483200,9.65
2007-05-31,9.14,9.39,9.00,9.31,968300,9.31
2007-05-30,9.00,9.15,8.90,9.14,742700,9.14
2007-05-29,8.92,9.19,8.87,9.14,753000,9.14
2007-05-25,9.04,9.10,8.85,8.92,494100,8.92
2007-05-24,9.13,9.16,8.90,9.02,843100,9.02
2007-05-23,9.44,9.56,9.15,9.16,1054400,9.16
2007-05-22,9.17,9.59,9.12,9.52,1107900,9.52
2007-05-21,9.10,9.25,9.01,9.17,695200,9.17
2007-05-18,8.70,9.17,8.61,9.12,1037600,9.12
2007-05-17,8.71,8.79,8.58,8.70,902700,8.70
2007-05-16,8.52,8.78,8.51,8.75,803500,8.75
2007-05-15,8.64,8.78,8.55,8.60,582800,8.60
2007-05-14,8.73,8.84,8.63,8.66,377800,8.66
2007-05-11,8.78,8.92,8.69,8.76,606700,8.76
2007-05-10,8.96,9.00,8.72,8.79,909100,8.79
2007-05-09,8.58,9.12,8.52,9.04,1716900,9.04
2007-05-08,8.59,8.68,8.38,8.68,682600,8.68
2007-05-07,8.80,8.82,8.67,8.69,405100,8.69
2007-05-04,8.92,8.96,8.81,8.85,521400,8.85
2007-05-03,8.88,9.07,8.88,9.07,560400,9.07
2007-05-02,8.60,8.87,8.60,8.87,1502000,8.87
2007-05-01,8.81,8.86,8.58,8.69,843500,8.69
2007-04-30,8.88,9.15,8.76,8.82,975300,8.82
2007-04-27,9.00,9.12,8.90,8.95,1210900,8.95
2007-04-26,9.25,9.36,8.97,9.08,3453200,9.08
2007-04-25,9.70,10.17,9.70,9.9999,1811600,9.9999
2007-04-24,9.53,9.75,9.52,9.66,1135500,9.66
2007-04-23,9.61,9.72,9.57,9.59,919800,9.59
2007-04-20,9.74,9.7601,9.65,9.68,612700,9.68
2007-04-19,9.62,9.68,9.50,9.62,622100,9.62
2007-04-18,9.77,9.83,9.68,9.74,465200,9.74
2007-04-17,9.90,9.90,9.75,9.85,503400,9.85
2007-04-16,9.63,9.95,9.63,9.92,666900,9.92
2007-04-13,9.56,9.67,9.49,9.66,373900,9.66
2007-04-12,9.36,9.60,9.34,9.58,519800,9.58
2007-04-11,9.42,9.46,9.25,9.43,634000,9.43
2007-04-10,9.14,9.50,9.11,9.45,770900,9.45
2007-04-09,9.28,9.35,9.04,9.07,567100,9.07
2007-04-05,9.25,9.33,9.07,9.29,430600,9.29
2007-04-04,9.39,9.39,9.21,9.28,574400,9.28
2007-04-03,9.30,9.57,9.28,9.43,598300,9.43
2007-04-02,9.41,9.58,9.30,9.58,379800,9.58
2007-03-30,9.57,9.62,9.40,9.62,472900,9.62
2007-03-29,9.48,9.51,9.32,9.49,754500,9.49
2007-03-28,9.47,9.69,9.39,9.40,641200,9.40
2007-03-27,9.59,9.59,9.44,9.51,794600,9.51
2007-03-26,9.64,9.69,9.40,9.58,534700,9.58
2007-03-23,9.73,9.79,9.61,9.66,675600,9.66
2007-03-22,10.00,10.07,9.69,9.75,988700,9.75
2007-03-21,9.46,10.12,9.45,9.98,1439200,9.98
2007-03-20,9.09,9.46,9.00,9.40,742300,9.40
2007-03-19,9.20,9.30,9.06,9.08,408000,9.08
2007-03-16,9.15,9.27,9.06,9.16,746500,9.16
2007-03-15,9.13,9.20,8.96,9.17,633100,9.17
2007-03-14,8.90,9.15,8.78,9.14,359400,9.14
2007-03-13,9.20,9.20,8.86,8.95,734100,8.95
2007-03-12,9.27,9.35,9.17,9.21,442800,9.21
2007-03-09,9.30,9.41,9.18,9.25,722100,9.25
2007-03-08,9.01,9.36,9.00,9.35,1449000,9.35
2007-03-07,9.00,9.05,8.82,8.99,745300,8.99
2007-03-06,8.85,9.09,8.76,9.00,609900,9.00
2007-03-05,8.80,8.96,8.67,8.69,936500,8.69
2007-03-02,9.15,9.33,9.00,9.07,918300,9.07
2007-03-01,9.13,9.36,9.02,9.26,676400,9.26
2007-02-28,9.20,9.40,9.20,9.40,876600,9.40
2007-02-27,9.302,9.59,9.21,9.59,1080700,9.59
2007-02-26,9.80,9.95,9.66,9.75,590600,9.75
2007-02-23,10.05,10.08,9.84,9.85,982800,9.85
2007-02-22,10.08,10.14,9.81,10.10,1385200,10.10
2007-02-21,9.93,10.00,9.80,9.99,1315000,9.99
2007-02-20,10.14,10.15,9.87,9.98,1297600,9.98
2007-02-16,11.08,11.08,10.00,10.02,4132600,10.02
2007-02-15,10.48,10.99,10.41,10.76,2802500,10.76
2007-02-14,10.25,10.40,10.00,10.13,2289600,10.13
2007-02-13,9.46,9.71,9.46,9.71,792600,9.71
2007-02-12,9.41,9.48,9.27,9.47,514000,9.47
2007-02-09,9.81,10.00,9.41,9.48,1273700,9.48
2007-02-08,9.22,9.75,9.11,9.72,1481300,9.72
2007-02-07,9.30,9.45,9.21,9.27,501900,9.27
2007-02-06,9.19,9.30,8.95,9.23,1077000,9.23
2007-02-05,9.55,9.63,8.58,9.24,1771600,9.24
2007-02-02,9.68,9.79,9.46,9.58,964500,9.58
2007-02-01,9.15,9.77,9.15,9.75,1759100,9.75
2007-01-31,9.19,9.32,9.10,9.30,995400,9.30
2007-01-30,9.18,9.25,9.02,9.23,922300,9.23
2007-01-29,9.08,9.27,9.06,9.17,1158000,9.17
2007-01-26,9.03,9.42,8.89,9.32,2268200,9.32
2007-01-25,8.24,9.18,8.16,9.14,5142800,9.14
2007-01-24,7.82,7.93,7.75,7.92,435700,7.92
2007-01-23,7.53,7.84,7.53,7.84,494500,7.84
2007-01-22,7.81,7.82,7.55,7.56,824600,7.56
2007-01-19,7.67,7.79,7.65,7.75,589900,7.75
2007-01-18,7.70,7.82,7.66,7.68,758600,7.68
2007-01-17,7.79,7.94,7.74,7.77,405600,7.77
2007-01-16,8.03,8.04,7.78,7.84,560300,7.84
2007-01-12,7.92,7.94,7.85,7.90,313900,7.90
2007-01-11,7.83,7.90,7.76,7.83,479600,7.83
2007-01-10,7.61,7.80,7.60,7.75,887700,7.75
2007-01-09,7.56,7.69,7.50,7.67,687000,7.67
2007-01-08,7.65,7.68,7.54,7.58,740900,7.58
2007-01-05,7.73,7.78,7.52,7.52,1226400,7.52
2007-01-04,7.90,7.90,7.70,7.80,896700,7.80
2007-01-03,7.82,7.9501,7.70,7.81,537500,7.81
2006-12-29,7.76,7.86,7.70,7.74,734100,7.74
2006-12-28,7.9279,7.93,7.76,7.78,413700,7.78
2006-12-27,7.78,7.85,7.73,7.84,576200,7.84
2006-12-26,7.63,7.72,7.63,7.72,322900,7.72
2006-12-22,7.68,7.73,7.58,7.66,520300,7.66
2006-12-21,7.58,7.69,7.57,7.60,461600,7.60
2006-12-20,7.46,7.64,7.45,7.60,436800,7.60
2006-12-19,7.50,7.52,7.35,7.43,382500,7.43
2006-12-18,7.60,7.66,7.46,7.52,633200,7.52
2006-12-15,7.39,7.56,7.32,7.55,1129000,7.55
2006-12-14,7.20,7.43,7.20,7.37,461000,7.37
2006-12-13,7.24,7.28,7.15,7.18,255400,7.18
2006-12-12,7.23,7.28,7.17,7.19,523700,7.19
2006-12-11,7.25,7.36,7.23,7.25,223400,7.25
2006-12-08,7.25,7.42,7.229,7.30,519200,7.30
2006-12-07,7.36,7.39,7.23,7.28,538900,7.28
2006-12-06,7.46,7.54,7.33,7.34,855900,7.34
2006-12-05,7.59,7.65,7.44,7.51,307400,7.51
2006-12-04,7.42,7.58,7.41,7.55,500300,7.55
2006-12-01,7.53,7.55,7.30,7.41,513700,7.41
2006-11-30,7.59,7.63,7.41,7.56,608700,7.56
2006-11-29,7.46,7.65,7.40,7.62,785600,7.62
2006-11-28,7.36,7.433,7.32,7.34,806600,7.34
2006-11-27,7.68,7.70,7.37,7.39,761700,7.39
2006-11-24,7.82,7.82,7.70,7.72,86700,7.72
2006-11-22,7.78,7.85,7.76,7.83,249800,7.83
2006-11-21,7.73,7.79,7.70,7.73,522500,7.73
2006-11-20,8.05,8.05,7.74,7.77,414500,7.77
2006-11-17,7.94,7.95,7.77,7.86,313500,7.86
2006-11-16,7.72,7.99,7.65,7.94,646800,7.94
2006-11-15,7.91,7.99,7.88,7.96,337800,7.96
2006-11-14,7.83,7.99,7.71,7.98,659300,7.98
2006-11-13,7.75,7.95,7.66,7.85,579700,7.85
2006-11-10,7.67,7.82,7.60,7.81,237100,7.81
2006-11-09,7.75,7.84,7.61,7.65,490100,7.65
2006-11-08,7.64,7.86,7.64,7.75,1096800,7.75
2006-11-07,7.71,7.75,7.63,7.67,556700,7.67
2006-11-06,7.52,7.68,7.44,7.66,610300,7.66
2006-11-03,7.35,7.44,7.35,7.40,356600,7.40
2006-11-02,7.30,7.45,7.27,7.32,580800,7.32
2006-11-01,7.51,7.64,7.28,7.30,812300,7.30
2006-10-31,7.46,7.68,7.46,7.68,924600,7.68
2006-10-30,7.67,7.77,7.54,7.75,842900,7.75
2006-10-27,7.78,7.78,7.52,7.71,1555900,7.71
2006-10-26,8.33,8.39,7.56,7.80,3335000,7.80
2006-10-25,8.80,9.05,8.70,9.01,599600,9.01
2006-10-24,9.02,9.05,8.58,8.88,815600,8.88
2006-10-23,8.94,9.17,8.94,9.17,484800,9.17
2006-10-20,9.30,9.30,9.13,9.30,490500,9.30
2006-10-19,8.96,9.30,8.95,9.24,619600,9.24
2006-10-18,8.88,9.04,8.76,9.01,404300,9.01
2006-10-17,8.925,8.925,8.67,8.88,380500,8.88
2006-10-16,9.14,9.15,8.94,8.98,605000,8.98
2006-10-13,8.88,9.15,8.79,9.09,843400,9.09
2006-10-12,8.59,8.89,8.56,8.85,1003200,8.85
2006-10-11,8.42,8.55,8.382,8.53,693600,8.53
2006-10-10,8.45,8.53,8.20,8.49,525100,8.49
2006-10-09,8.25,8.45,8.24,8.43,562800,8.43
2006-10-06,8.41,8.49,8.15,8.39,450700,8.39
2006-10-05,8.08,8.46,8.06,8.44,901200,8.44
2006-10-04,7.75,8.11,7.74,8.11,860300,8.11
2006-10-03,7.48,7.79,7.48,7.73,678500,7.73
2006-10-02,7.44,7.73,7.44,7.57,552400,7.57
2006-09-29,7.54,7.69,7.47,7.49,639400,7.49
2006-09-28,7.68,7.73,7.52,7.58,471400,7.58
2006-09-27,7.64,7.72,7.57,7.62,684300,7.62
2006-09-26,7.70,7.82,7.65,7.82,583600,7.82
2006-09-25,7.70,7.82,7.65,7.69,429100,7.69
2006-09-22,7.90,7.95,7.70,7.73,382400,7.73
2006-09-21,8.09,8.11,7.88,7.98,608600,7.98
2006-09-20,7.94,8.188,7.88,8.00,728200,8.00
2006-09-19,7.79,7.96,7.61,7.85,353000,7.85
2006-09-18,7.65,8.01,7.60,7.84,583900,7.84
2006-09-15,8.05,8.06,7.65,7.71,947100,7.71
2006-09-14,7.96,8.04,7.95,8.00,455500,8.00
2006-09-13,7.80,8.09,7.80,8.01,466900,8.01
2006-09-12,7.70,7.85,7.61,7.84,473800,7.84
2006-09-11,7.62,7.73,7.59,7.66,603300,7.66
2006-09-08,7.73,7.88,7.73,7.77,453800,7.77
2006-09-07,7.91,7.97,7.75,7.77,512600,7.77
2006-09-06,8.19,8.25,7.90,7.99,463300,7.99
2006-09-05,8.15,8.29,8.04,8.29,424100,8.29
2006-09-01,8.29,8.36,8.16,8.21,239600,8.21
2006-08-31,8.34,8.48,8.28,8.48,300700,8.48
2006-08-30,8.34,8.50,8.22,8.41,336600,8.41
2006-08-29,7.99,8.32,7.90,8.32,677400,8.32
2006-08-28,7.98,8.05,7.84,8.02,392900,8.02
2006-08-25,8.00,8.17,7.92,7.96,191600,7.96
2006-08-24,8.02,8.10,7.99,8.03,180900,8.03
2006-08-23,8.03,8.12,7.98,8.04,369700,8.04
2006-08-22,8.09,8.15,8.00,8.05,318500,8.05
2006-08-21,8.37,8.45,8.09,8.10,381200,8.10
2006-08-18,8.47,8.68,8.35,8.48,352700,8.48
2006-08-17,8.27,8.60,8.20,8.52,398700,8.52
2006-08-16,8.03,8.38,7.946,8.34,478900,8.34
2006-08-15,7.75,8.06,7.63,8.05,687300,8.05
2006-08-14,7.12,7.72,7.11,7.64,813700,7.64
2006-08-11,7.56,7.66,7.41,7.49,323900,7.49
2006-08-10,7.55,7.75,7.49,7.63,261000,7.63
2006-08-09,7.65,7.72,7.60,7.72,343700,7.72
2006-08-08,7.65,7.75,7.65,7.75,401700,7.75
2006-08-07,7.70,7.70,7.52,7.65,520400,7.65
2006-08-04,7.84,7.90,7.60,7.74,306400,7.74
2006-08-03,7.58,7.81,7.58,7.81,352900,7.81
2006-08-02,7.58,7.70,7.58,7.70,353600,7.70
2006-08-01,7.43,7.68,7.43,7.59,734500,7.59
2006-07-31,7.30,7.85,7.30,7.80,703000,7.80
2006-07-28,7.83,8.00,7.60,7.98,429600,7.98
2006-07-27,7.91,7.99,7.57,7.79,654900,7.79
2006-07-26,6.75,8.19,6.70,7.88,1714700,7.88
2006-07-25,6.95,7.15,6.88,7.06,558900,7.06
2006-07-24,6.63,7.03,6.62,6.98,914700,6.98
2006-07-21,6.98,7.01,6.44,6.47,1697000,6.47
2006-07-20,7.55,7.58,6.99,7.00,394900,7.00
2006-07-19,7.05,7.54,7.04,7.51,409000,7.51
2006-07-18,7.23,7.31,6.98,7.07,747600,7.07
2006-07-17,7.34,7.35,7.16,7.21,297000,7.21
2006-07-14,7.31,7.50,7.12,7.38,368900,7.38
2006-07-13,7.50,7.62,7.30,7.35,421900,7.35
2006-07-12,7.79,7.80,7.50,7.51,377700,7.51
2006-07-11,7.52,7.87,7.52,7.87,384100,7.87
2006-07-10,7.85,7.94,7.46,7.51,600100,7.51
2006-07-07,8.00,8.02,7.81,7.86,365600,7.86
2006-07-06,8.02,8.16,7.97,8.05,395700,8.05
2006-07-05,8.03,8.13,8.01,8.13,601700,8.13
2006-07-03,8.10,8.34,8.10,8.31,154600,8.31
2006-06-30,8.35,8.44,8.11,8.23,316800,8.23
2006-06-29,7.84,8.34,7.83,8.31,405900,8.31
2006-06-28,7.89,7.96,7.65,7.89,228400,7.89
2006-06-27,7.85,7.99,7.68,7.88,428300,7.88
2006-06-26,7.75,7.89,7.70,7.88,190800,7.88
2006-06-23,7.66,7.78,7.52,7.71,350700,7.71
2006-06-22,7.76,7.80,7.63,7.71,181700,7.71
2006-06-21,7.51,7.89,7.51,7.79,295300,7.79
2006-06-20,7.44,7.70,7.44,7.54,206000,7.54
2006-06-19,7.59,7.71,7.46,7.47,294300,7.47
2006-06-16,7.72,7.87,7.60,7.87,1229000,7.87
2006-06-15,7.78,7.87,7.70,7.75,797100,7.75
2006-06-14,7.38,7.79,7.38,7.79,515700,7.79
2006-06-13,7.59,7.85,7.16,7.41,796700,7.41
2006-06-12,8.01,8.068,7.57,7.65,660400,7.65
2006-06-09,8.38,8.43,8.01,8.04,396100,8.04
2006-06-08,8.08,8.47,7.89,8.33,615800,8.33
2006-06-07,8.25,8.45,8.10,8.17,422900,8.17
2006-06-06,8.37,8.39,7.99,8.29,447900,8.29
2006-06-05,8.60,8.67,8.32,8.67,410500,8.67
2006-06-02,8.80,8.88,8.52,8.67,272100,8.67
2006-06-01,8.44,8.78,8.39,8.77,382300,8.77
2006-05-31,8.24,8.66,8.24,8.49,507300,8.49
2006-05-30,8.56,8.61,8.22,8.24,297200,8.24
2006-05-26,8.81,8.85,8.66,8.85,205000,8.85
2006-05-25,8.38,8.79,8.35,8.79,528200,8.79
2006-05-24,8.35,8.49,8.09,8.34,367200,8.34
2006-05-23,8.18,8.75,8.05,8.36,692500,8.36
2006-05-22,8.29,8.44,8.04,8.21,394800,8.21
2006-05-19,8.23,8.46,7.97,8.40,790300,8.40
2006-05-18,7.82,8.46,7.80,8.24,879500,8.24
2006-05-17,8.77,8.86,8.23,8.86,1063100,8.86
2006-05-16,8.95,9.04,8.85,9.04,414300,9.04
2006-05-15,8.81,9.11,8.80,9.01,656700,9.01
2006-05-12,8.86,9.03,8.85,8.94,652900,8.94
2006-05-11,9.13,9.16,8.81,8.95,954300,8.95
2006-05-10,9.06,9.40,9.02,9.18,632500,9.18
2006-05-09,9.19,9.31,9.05,9.11,419500,9.11
2006-05-08,9.05,9.30,8.98,9.25,595300,9.25
2006-05-05,9.20,9.24,9.05,9.11,462200,9.11
2006-05-04,8.98,9.25,8.93,9.22,665900,9.22
2006-05-03,8.88,9.07,8.76,9.02,714300,9.02
2006-05-02,9.06,9.07,8.86,8.92,829300,8.92
2006-05-01,9.31,9.41,9.05,9.08,699200,9.08
2006-04-28,8.79,9.36,8.79,9.36,1210500,9.36
2006-04-27,8.40,8.99,8.40,8.99,3308500,8.99
2006-04-26,9.26,9.57,9.26,9.57,1043900,9.57
2006-04-25,9.07,9.30,9.07,9.30,804700,9.30
2006-04-24,9.28,9.34,9.05,9.07,547100,9.07
2006-04-21,9.38,9.45,9.11,9.35,979900,9.35
2006-04-20,9.47,9.56,9.21,9.25,718100,9.25
2006-04-19,9.52,9.57,9.39,9.53,655900,9.53
2006-04-18,9.29,9.70,9.29,9.57,710800,9.57
2006-04-17,9.55,9.59,9.14,9.22,513900,9.22
2006-04-13,9.41,9.64,9.25,9.60,378100,9.60
2006-04-12,9.16,9.54,9.10,9.48,449900,9.48
2006-04-11,9.35,9.38,9.09,9.25,928700,9.25
2006-04-10,9.67,9.70,9.40,9.41,905900,9.41
2006-04-07,9.97,10.13,9.70,9.70,502400,9.70
2006-04-06,9.81,10.03,9.73,9.93,495700,9.93
2006-04-05,9.94,9.94,9.75,9.89,501300,9.89
2006-04-04,9.94,10.03,9.94,10.03,617400,10.03
2006-04-03,9.67,10.02,9.44,10.00,997300,10.00
2006-03-31,10.20,10.20,9.70,9.78,946500,9.78
2006-03-30,10.41,10.42,10.04,10.13,698400,10.13
2006-03-29,10.02,10.48,10.02,10.48,619500,10.48
2006-03-28,10.08,10.20,9.93,10.07,493000,10.07
2006-03-27,10.19,10.24,10.07,10.12,460300,10.12
2006-03-24,10.14,10.33,10.14,10.33,735400,10.33
2006-03-23,10.15,10.217,10.00,10.14,455200,10.14
2006-03-22,10.14,10.33,10.01,10.17,536200,10.17
2006-03-21,10.45,10.57,10.20,10.21,675500,10.21
2006-03-20,10.80,10.89,10.48,10.50,716700,10.50
2006-03-17,10.60,10.89,10.43,10.76,1448000,10.76
2006-03-16,10.30,10.59,10.22,10.56,719900,10.56
2006-03-15,10.49,10.49,10.31,10.31,430000,10.31
2006-03-14,10.23,10.47,10.20,10.44,397400,10.44
2006-03-13,10.44,10.62,10.26,10.62,575900,10.62
2006-03-10,10.28,10.41,10.21,10.37,654200,10.37
2006-03-09,10.17,10.35,10.10,10.30,764600,10.30
2006-03-08,10.06,10.13,9.85,10.10,682000,10.10
2006-03-07,10.32,10.41,10.16,10.41,1455000,10.41
2006-03-06,10.35,10.58,10.26,10.39,924300,10.39
2006-03-03,10.24,10.60,10.14,10.31,908500,10.31
2006-03-02,10.10,10.30,10.07,10.27,768200,10.27
2006-03-01,10.24,10.28,10.12,10.25,705000,10.25
2006-02-28,10.35,10.389,10.06,10.20,853800,10.20
2006-02-27,10.39,10.60,10.26,10.39,433500,10.39
2006-02-24,10.37,10.68,10.11,10.33,1434700,10.33
2006-02-23,9.90,10.50,9.90,10.36,1870900,10.36
2006-02-22,9.64,9.95,9.60,9.89,1022000,9.89
2006-02-21,10.00,10.015,9.54,9.64,1221400,9.64
2006-02-17,9.32,9.94,9.32,9.85,2153300,9.85
2006-02-16,9.08,9.45,9.02,9.45,777700,9.45
2006-02-15,9.00,9.23,8.98,9.02,431100,9.02
2006-02-14,8.97,9.20,8.86,9.09,738300,9.09
2006-02-13,9.25,9.27,8.92,8.93,568400,8.93
2006-02-10,9.31,9.40,9.06,9.31,776400,9.31
2006-02-09,9.09,9.48,9.09,9.30,1124200,9.30
2006-02-08,8.975,9.15,8.72,9.13,909800,9.13
2006-02-07,9.31,9.45,8.90,8.98,919200,8.98
2006-02-06,9.28,9.41,9.25,9.32,950600,9.32
2006-02-03,9.37,9.38,9.25,9.38,794500,9.38
2006-02-02,9.47,9.51,9.24,9.33,1197400,9.33
2006-02-01,9.48,9.64,9.03,9.40,2035800,9.40
2006-01-31,9.39,9.48,9.28,9.34,1020700,9.34
2006-01-30,9.44,9.61,9.36,9.48,1243700,9.48
2006-01-27,9.65,9.67,9.16,9.40,1310800,9.40
2006-01-26,9.47,9.70,9.39,9.56,1588500,9.56
2006-01-25,9.43,9.75,9.43,9.75,2766800,9.75
2006-01-24,9.03,9.98,9.03,9.98,14878300,9.98
2006-01-23,7.78,7.96,7.59,7.69,964100,7.69
2006-01-20,8.08,8.08,7.75,7.75,767900,7.75
2006-01-19,7.80,8.01,7.75,7.95,673400,7.95
2006-01-18,7.57,7.86,7.57,7.86,462200,7.86
2006-01-17,7.71,7.86,7.71,7.86,730400,7.86
2006-01-13,8.09,8.10,7.87,7.90,523800,7.90
2006-01-12,8.25,8.25,8.05,8.06,441700,8.06
2006-01-11,8.11,8.26,8.01,8.25,683800,8.25
2006-01-10,7.87,8.15,7.864,8.09,674000,8.09
2006-01-09,8.10,8.11,7.90,8.00,559300,8.00
2006-01-06,7.60,8.03,7.587,8.03,1092700,8.03
2006-01-05,7.48,7.74,7.41,7.62,827900,7.62
2006-01-04,7.06,7.50,7.05,7.36,739400,7.36
2006-01-03,7.30,7.38,7.05,7.17,1067400,7.17
2005-12-30,7.50,7.56,7.30,7.35,714700,7.35
2005-12-29,7.24,7.50,7.24,7.43,814600,7.43
2005-12-28,7.47,7.47,7.22,7.29,1199400,7.29
2005-12-27,7.77,7.85,7.50,7.51,838000,7.51
2005-12-23,7.91,7.98,7.86,7.92,308700,7.92
2005-12-22,7.88,7.92,7.83,7.90,445800,7.90
2005-12-21,7.83,7.99,7.83,7.88,799500,7.88
2005-12-20,8.00,8.056,7.83,7.84,822900,7.84
2005-12-19,7.75,8.09,7.69,7.94,852500,7.94
2005-12-16,7.60,7.80,7.58,7.79,826500,7.79
2005-12-15,7.76,7.81,7.50,7.64,930100,7.64
2005-12-14,7.98,8.02,7.82,7.85,925800,7.85
2005-12-13,8.20,8.22,8.01,8.03,529600,8.03
2005-12-12,8.34,8.44,8.15,8.18,516800,8.18
2005-12-09,8.32,8.38,8.20,8.28,363300,8.28
2005-12-08,8.24,8.47,8.22,8.34,418700,8.34
2005-12-07,8.41,8.47,8.25,8.26,570900,8.26
2005-12-06,8.48,8.64,8.40,8.44,532400,8.44
2005-12-05,8.71,8.79,8.46,8.79,628000,8.79
2005-12-02,8.71,8.81,8.60,8.76,699500,8.76
2005-12-01,8.64,8.80,8.61,8.75,550500,8.75
2005-11-30,8.21,8.66,8.193,8.63,928700,8.63
2005-11-29,8.60,8.60,8.20,8.26,744600,8.26
2005-11-28,8.68,8.68,8.50,8.52,658100,8.52
2005-11-25,8.60,8.75,8.50,8.59,261600,8.59
2005-11-23,8.68,8.89,8.64,8.70,459200,8.70
2005-11-22,8.66,8.80,8.53,8.71,728500,8.71
2005-11-21,8.34,8.71,8.30,8.71,1095200,8.71
2005-11-18,8.33,8.35,8.12,8.34,619500,8.34
2005-11-17,7.89,8.24,7.89,8.24,802500,8.24
2005-11-16,8.27,8.30,7.78,7.95,881900,7.95
2005-11-15,8.13,8.24,8.12,8.16,519400,8.16
2005-11-14,8.26,8.34,8.17,8.34,725700,8.34
2005-11-11,8.14,8.23,8.12,8.22,831700,8.22
2005-11-10,8.11,8.28,8.10,8.20,679100,8.20
2005-11-09,8.20,8.29,8.14,8.25,726500,8.25
2005-11-08,8.47,8.47,8.20,8.23,703500,8.23
2005-11-07,8.50,8.60,8.29,8.39,947700,8.39
2005-11-04,8.28,8.45,8.21,8.39,1450200,8.39
2005-11-03,8.00,8.25,7.97,8.19,1168200,8.19
2005-11-02,8.09,8.25,7.86,7.90,1446500,7.90
2005-11-01,7.83,8.04,7.65,7.89,900300,7.89
2005-10-31,8.03,8.10,7.74,7.81,1150600,7.81
2005-10-28,7.85,8.00,7.83,7.94,1113600,7.94
2005-10-27,7.37,8.12,7.11,7.82,3473700,7.82
2005-10-26,6.98,7.10,6.94,7.00,998900,7.00
2005-10-25,7.09,7.14,6.97,7.02,431900,7.02
2005-10-24,7.14,7.33,7.03,7.09,951800,7.09
2005-10-21,6.98,7.19,6.98,7.09,687100,7.09
2005-10-20,6.74,7.20,6.74,7.20,1098600,7.20
2005-10-19,6.66,6.80,6.59,6.75,461000,6.75
2005-10-18,6.88,6.95,6.66,6.69,565200,6.69
2005-10-17,6.90,6.96,6.75,6.82,455800,6.82
2005-10-14,6.79,6.97,6.57,6.92,822200,6.92
2005-10-13,6.52,6.76,6.44,6.73,806000,6.73
2005-10-12,6.68,6.78,6.31,6.53,881300,6.53
2005-10-11,6.98,7.15,6.68,6.70,1468200,6.70
2005-10-10,6.53,7.09,6.51,6.92,3496800,6.92
2005-10-07,6.10,6.24,5.94,6.24,1155900,6.24
2005-10-06,5.91,6.08,5.87,6.00,893400,6.00
2005-10-05,6.14,6.15,5.92,6.15,728300,6.15
2005-10-04,5.96,6.22,5.90,6.15,1515300,6.15
2005-10-03,5.70,5.95,5.70,5.93,843600,5.93
2005-09-30,5.78,5.78,5.63,5.70,764800,5.70
2005-09-29,5.75,5.81,5.68,5.79,654500,5.79
2005-09-28,5.79,5.79,5.70,5.76,584700,5.76
2005-09-27,5.80,5.86,5.73,5.75,515600,5.75
2005-09-26,5.82,5.90,5.73,5.80,528300,5.80
2005-09-23,5.77,5.90,5.73,5.82,268100,5.82
2005-09-22,5.73,5.81,5.73,5.81,193600,5.81
2005-09-21,5.78,5.82,5.73,5.74,325100,5.74
2005-09-20,5.80,5.97,5.79,5.80,372700,5.80
2005-09-19,5.87,5.98,5.83,5.83,335200,5.83
2005-09-16,6.00,6.00,5.80,5.90,844500,5.90
2005-09-15,5.98,6.02,5.93,5.94,305100,5.94
2005-09-14,6.01,6.08,5.95,5.95,426700,5.95
2005-09-13,6.27,6.32,5.96,6.02,858900,6.02
2005-09-12,6.25,6.32,6.09,6.25,956700,6.25
2005-09-09,5.82,6.45,5.82,6.19,2045300,6.19
2005-09-08,5.82,5.96,5.81,5.91,492200,5.91
2005-09-07,5.79,5.932,5.79,5.85,366200,5.85
2005-09-06,5.79,5.90,5.78,5.88,367900,5.88
2005-09-02,5.85,5.86,5.76,5.78,289100,5.78
2005-09-01,5.91,5.98,5.78,5.84,437600,5.84
2005-08-31,5.72,5.94,5.72,5.94,626100,5.94
2005-08-30,5.84,5.87,5.74,5.76,575600,5.76
2005-08-29,5.76,5.83,5.76,5.83,294900,5.83
2005-08-26,5.66,6.00,5.63,5.83,1170100,5.83
2005-08-25,5.65,5.67,5.57,5.65,650800,5.65
2005-08-24,5.63,5.74,5.63,5.64,483800,5.64
2005-08-23,5.69,5.746,5.63,5.65,368000,5.65
2005-08-22,5.84,5.856,5.63,5.69,821500,5.69
2005-08-19,5.85,5.94,5.80,5.80,295200,5.80
2005-08-18,5.86,5.91,5.81,5.88,589100,5.88
2005-08-17,5.96,6.05,5.87,5.87,299700,5.87
2005-08-16,6.03,6.08,5.93,5.97,933400,5.97
2005-08-15,6.00,6.10,5.91,6.00,402300,6.00
2005-08-12,6.00,6.02,5.86,6.00,453100,6.00
2005-08-11,5.83,6.02,5.83,6.01,528600,6.01
2005-08-10,5.90,6.09,5.79,5.89,688900,5.89
2005-08-09,5.82,5.90,5.78,5.86,531300,5.86
2005-08-08,5.83,5.90,5.80,5.85,400000,5.85
2005-08-05,5.99,6.00,5.85,5.87,325000,5.87
2005-08-04,5.89,6.06,5.87,5.91,547200,5.91
2005-08-03,5.89,5.978,5.87,5.978,560600,5.978
2005-08-02,6.01,6.15,5.90,5.94,707600,5.94
2005-08-01,6.19,6.22,6.00,6.08,973600,6.08
2005-07-29,5.90,6.36,5.88,6.18,1126000,6.18
2005-07-28,5.95,5.97,5.85,5.90,375800,5.90
2005-07-27,5.92,5.95,5.85,5.92,388800,5.92
2005-07-26,5.85,5.96,5.81,5.92,535900,5.92
2005-07-25,5.88,5.96,5.80,5.80,579200,5.80
2005-07-22,6.23,6.27,5.81,5.88,1999500,5.88
2005-07-21,6.28,6.83,6.24,6.66,1592700,6.66
2005-07-20,6.18,6.28,6.06,6.24,622500,6.24
2005-07-19,6.07,6.28,6.03,6.20,634600,6.20
2005-07-18,6.04,6.10,5.95,6.03,417400,6.03
2005-07-15,6.03,6.08,6.02,6.02,250000,6.02
2005-07-14,6.05,6.19,6.04,6.04,472300,6.04
2005-07-13,6.11,6.18,6.00,6.02,297100,6.02
2005-07-12,6.15,6.19,6.07,6.14,449100,6.14
2005-07-11,5.80,6.14,5.75,6.13,996900,6.13
2005-07-08,5.69,5.78,5.67,5.78,383500,5.78
2005-07-07,5.65,5.75,5.65,5.75,255000,5.75
2005-07-06,5.75,5.78,5.66,5.72,313200,5.72
2005-07-05,5.67,5.75,5.57,5.75,441600,5.75
2005-07-01,5.79,5.85,5.65,5.69,545100,5.69
2005-06-30,5.85,5.89,5.77,5.89,614800,5.89
2005-06-29,5.97,6.01,5.78,5.85,923900,5.85
2005-06-28,5.93,6.00,5.87,6.00,444100,6.00
2005-06-27,5.81,5.99,5.71,5.86,1235500,5.86
2005-06-24,6.03,6.10,5.73,5.92,1561700,5.92
2005-06-23,6.18,6.19,5.99,6.00,837800,6.00
2005-06-22,6.27,6.35,6.14,6.18,935600,6.18
2005-06-21,5.88,6.25,5.88,6.19,911300,6.19
2005-06-20,5.89,5.97,5.84,5.91,1367300,5.91
2005-06-17,5.91,6.02,5.85,5.87,810000,5.87
2005-06-16,5.85,5.91,5.79,5.90,508800,5.90
2005-06-15,5.82,5.90,5.76,5.81,735100,5.81
2005-06-14,5.88,5.98,5.77,5.83,643000,5.83
2005-06-13,5.90,5.97,5.82,5.85,520300,5.85
2005-06-10,5.98,6.014,5.89,5.93,467300,5.93
2005-06-09,5.92,5.99,5.90,5.95,468500,5.95
2005-06-08,6.05,6.10,5.93,5.93,500600,5.93
2005-06-07,6.01,6.17,6.01,6.04,631300,6.04
2005-06-06,6.08,6.10,5.95,5.98,676100,5.98
2005-06-03,6.19,6.22,6.01,6.14,691400,6.14
2005-06-02,6.20,6.27,6.13,6.22,1359800,6.22
2005-06-01,6.13,6.28,6.13,6.20,699800,6.20
2005-05-31,6.25,6.30,6.13,6.15,918600,6.15
2005-05-27,6.32,6.34,6.07,6.29,610300,6.29
2005-05-26,6.39,6.40,6.25,6.34,786600,6.34
2005-05-25,6.32,6.37,6.13,6.18,538500,6.18
2005-05-24,6.40,6.44,6.26,6.33,546100,6.33
2005-05-23,6.13,6.44,6.13,6.37,1068200,6.37
2005-05-20,6.06,6.15,6.00,6.08,853400,6.08
2005-05-19,5.72,6.01,5.72,5.99,992900,5.99
2005-05-18,5.51,5.72,5.45,5.71,925700,5.71
2005-05-17,5.52,5.59,5.40,5.53,900700,5.53
2005-05-16,5.48,5.64,5.42,5.57,1052600,5.57
2005-05-13,5.68,5.84,5.52,5.57,1046300,5.57
2005-05-12,5.90,5.94,5.78,5.81,440800,5.81
2005-05-11,5.89,5.95,5.80,5.87,368200,5.87
2005-05-10,5.98,6.03,5.85,5.86,545600,5.86
2005-05-09,6.01,6.05,5.92,6.00,573800,6.00
2005-05-06,5.93,5.989,5.85,5.97,430400,5.97
2005-05-05,6.00,6.04,5.81,5.89,939300,5.89
2005-05-04,5.95,6.02,5.92,5.95,961500,5.95
2005-05-03,5.97,6.05,5.87,5.94,998100,5.94
2005-05-02,6.01,6.14,5.85,5.98,1190200,5.98
2005-04-29,6.21,6.25,5.93,6.03,1183800,6.03
2005-04-28,6.39,6.44,6.12,6.15,1498200,6.15
2005-04-27,6.73,6.77,6.25,6.36,2427300,6.36
2005-04-26,6.85,6.99,6.71,6.73,629300,6.73
2005-04-25,7.07,7.09,6.81,6.89,858800,6.89
2005-04-22,7.80,7.88,6.86,7.00,2851600,7.00
2005-04-21,7.86,8.20,7.86,8.16,1667900,8.16
2005-04-20,7.35,7.56,7.26,7.40,992600,7.40
2005-04-19,6.69,7.07,6.67,7.03,1338400,7.03
2005-04-18,6.62,6.88,6.59,6.66,759900,6.66
2005-04-15,6.95,7.00,6.65,6.67,628400,6.67
2005-04-14,7.07,7.23,7.00,7.00,642500,7.00
2005-04-13,7.29,7.29,7.02,7.10,492700,7.10
2005-04-12,7.02,7.29,6.85,7.28,890400,7.28
2005-04-11,7.32,7.39,7.02,7.39,877900,7.39
2005-04-08,6.61,7.66,6.50,7.31,3841000,7.31
2005-04-07,7.17,7.25,7.05,7.18,839400,7.18
2005-04-06,7.36,7.458,7.13,7.20,780400,7.20
2005-04-05,7.80,7.80,7.27,7.35,831400,7.35
2005-04-04,7.53,7.85,7.52,7.74,478200,7.74
2005-04-01,7.81,7.94,7.52,7.59,606100,7.59
2005-03-31,8.01,8.09,7.64,7.76,853400,7.76
2005-03-30,7.68,8.00,7.57,8.00,492700,8.00
2005-03-29,8.00,8.07,7.60,7.65,711200,7.65
2005-03-28,7.91,8.15,7.89,8.04,436900,8.04
2005-03-24,7.97,8.10,7.90,7.90,330400,7.90
2005-03-23,7.96,8.06,7.90,7.97,312700,7.97
2005-03-22,8.02,8.19,7.97,7.985,420100,7.985
2005-03-21,8.09,8.16,7.94,8.07,552900,8.07
2005-03-18,8.10,8.17,7.99,8.09,928400,8.09
2005-03-17,8.02,8.13,7.92,8.12,1663900,8.12
2005-03-16,8.17,8.37,8.17,8.32,428400,8.32
2005-03-15,8.28,8.45,8.17,8.18,383800,8.18
2005-03-14,8.38,8.54,8.23,8.28,521800,8.28
2005-03-11,8.42,8.51,8.31,8.46,817300,8.46
2005-03-10,8.56,8.57,8.42,8.52,437100,8.52
2005-03-09,8.68,8.80,8.49,8.54,637900,8.54
2005-03-08,8.83,8.98,8.68,8.71,583400,8.71
2005-03-07,8.89,8.98,8.78,8.89,836700,8.89
2005-03-04,8.85,8.85,8.60,8.77,588100,8.77
2005-03-03,8.91,9.00,8.68,8.77,665300,8.77
2005-03-02,9.10,9.15,8.85,8.88,940500,8.88
2005-03-01,9.18,9.24,9.10,9.14,808200,9.14
2005-02-28,9.17,9.31,9.05,9.11,965200,9.11
2005-02-25,8.90,9.22,8.90,9.09,1045700,9.09
2005-02-24,8.75,8.88,8.60,8.84,1495500,8.84
2005-02-23,8.95,9.05,8.65,8.77,968000,8.77
2005-02-22,9.17,9.24,8.90,8.95,907100,8.95
2005-02-18,9.20,9.35,9.20,9.23,713300,9.23
2005-02-17,9.33,9.42,9.15,9.15,964900,9.15
2005-02-16,9.55,9.55,9.25,9.32,1266200,9.32
2005-02-15,9.70,9.70,9.29,9.46,2147400,9.46
2005-02-14,9.23,9.72,9.23,9.72,6168100,9.72
2005-02-11,8.10,8.31,8.03,8.27,1678900,8.27
2005-02-10,8.14,8.20,7.90,8.03,1879300,8.03
2005-02-09,8.35,8.35,7.98,8.01,2782200,8.01
2005-02-08,9.30,9.35,7.69,8.04,9890500,8.04
2005-02-07,9.721,9.90,9.721,9.90,1737300,9.90
2005-02-04,9.72,9.76,9.50,9.64,1580100,9.64
2005-02-03,9.62,9.72,9.39,9.68,1770000,9.68
2005-02-02,9.43,9.79,9.25,9.64,6463500,9.64
2005-02-01,9.94,10.17,9.11,9.38,31095000,9.38
2005-01-31,13.14,14.00,13.06,13.88,1787100,13.88
2005-01-28,13.02,13.29,12.75,12.94,637800,12.94
2005-01-27,13.15,13.21,12.79,12.92,522200,12.92
2005-01-26,12.91,13.22,12.74,13.15,691000,13.15
2005-01-25,12.92,13.22,12.59,12.82,985100,12.82
2005-01-24,12.54,13.84,12.15,12.58,4908600,12.58
2005-01-21,12.25,12.65,12.25,12.46,858100,12.46
2005-01-20,12.19,12.60,12.00,12.32,968400,12.32
2005-01-19,13.06,13.07,12.26,12.38,1030700,12.38
2005-01-18,12.75,13.08,12.70,12.88,1045400,12.88
2005-01-14,12.42,13.00,12.36,12.94,580100,12.94
2005-01-13,12.81,13.50,12.48,12.48,801500,12.48
2005-01-12,12.55,13.06,12.15,12.93,1577000,12.93
2005-01-11,13.30,13.38,12.35,12.42,1235700,12.42
2005-01-10,13.55,13.78,13.34,13.38,724800,13.38
2005-01-07,13.95,14.01,13.50,13.53,690500,13.53
2005-01-06,14.10,14.33,13.59,13.83,817700,13.83
2005-01-05,14.15,14.35,13.85,14.01,1710100,14.01
2005-01-04,15.94,16.03,14.67,14.74,1586600,14.74
2005-01-03,16.53,16.80,15.86,16.04,1077400,16.04
2004-12-31,16.80,17.16,16.43,16.60,578500,16.60
2004-12-30,16.851,17.05,16.851,17.05,394100,17.05
2004-12-29,16.63,17.00,16.63,16.94,455900,16.94
2004-12-28,16.80,16.90,16.63,16.82,399700,16.82
2004-12-27,16.95,16.98,16.55,16.77,435100,16.77
2004-12-23,16.75,17.17,16.53,16.89,426400,16.89
2004-12-22,16.40,16.899,16.36,16.77,538000,16.77
2004-12-21,16.29,16.63,16.14,16.56,1020600,16.56
2004-12-20,16.80,16.82,16.28,16.30,1256100,16.30
2004-12-17,16.64,16.98,16.27,16.68,828700,16.68
2004-12-16,17.00,17.20,16.71,16.75,681900,16.75
2004-12-15,16.94,17.20,16.82,17.15,562300,17.15
2004-12-14,16.88,17.04,16.54,16.90,795700,16.90
2004-12-13,16.14,17.50,16.14,16.91,1715300,16.91
2004-12-10,15.88,16.36,15.87,16.31,858700,16.31
2004-12-09,15.85,16.19,15.48,16.15,1502200,16.15
2004-12-08,15.40,15.98,15.40,15.89,1057700,15.89
2004-12-07,16.47,16.57,15.50,15.50,1230000,15.50
2004-12-06,16.00,16.45,15.97,16.27,707500,16.27
2004-12-03,16.20,16.58,15.90,16.13,1110300,16.13
2004-12-02,16.54,16.66,16.10,16.25,779600,16.25
2004-12-01,16.49,16.87,16.30,16.64,652300,16.64
2004-11-30,16.80,16.91,16.15,16.50,1012200,16.50
2004-11-29,16.39,16.83,15.59,16.60,1202400,16.60
2004-11-26,16.34,16.44,16.00,16.24,424200,16.24
2004-11-24,15.59,16.21,15.59,16.12,868500,16.12
2004-11-23,15.66,15.98,15.28,15.69,737600,15.69
2004-11-22,15.32,15.73,14.85,15.72,1068800,15.72
2004-11-19,16.14,16.24,15.40,15.46,871800,15.46
2004-11-18,16.26,16.48,16.02,16.27,999800,16.27
2004-11-17,16.39,16.58,16.03,16.30,1532900,16.30
2004-11-16,16.59,16.65,15.80,16.02,1680700,16.02
2004-11-15,15.41,16.62,15.29,16.59,2669200,16.59
2004-11-12,15.16,15.98,14.73,15.57,2296500,15.57
2004-11-11,13.40,15.106,13.35,15.10,2600000,15.10
2004-11-10,13.83,13.90,13.41,13.52,880200,13.52
2004-11-09,13.82,14.61,13.30,13.79,2104600,13.79
2004-11-08,14.00,14.10,13.79,13.95,1072800,13.95
2004-11-05,14.08,14.52,13.74,13.95,1607800,13.95
2004-11-04,14.65,14.69,13.59,13.92,1793600,13.92
2004-11-03,15.30,15.48,14.55,14.75,1277900,14.75
2004-11-02,15.30,15.36,14.60,14.74,1501800,14.74
2004-11-01,15.20,16.32,14.90,15.29,3546300,15.29
2004-10-29,13.14,15.57,13.06,15.35,7433500,15.35
2004-10-28,12.54,15.15,12.46,13.32,8313000,13.32
2004-10-27,10.45,11.07,10.35,11.07,987500,11.07
2004-10-26,10.45,10.45,10.199,10.43,330100,10.43
2004-10-25,10.10,10.45,10.10,10.45,421000,10.45
2004-10-22,10.84,10.84,10.00,10.18,596700,10.18
2004-10-21,10.20,10.95,10.13,10.82,577500,10.82
2004-10-20,10.25,10.32,10.07,10.19,387400,10.19
2004-10-19,10.56,10.74,10.25,10.74,558400,10.74
2004-10-18,10.19,10.54,9.92,10.48,615000,10.48
2004-10-15,10.42,10.68,10.30,10.37,405800,10.37
2004-10-14,10.76,10.76,10.41,10.48,465900,10.48
2004-10-13,10.75,11.10,10.71,10.74,637300,10.74
2004-10-12,10.61,10.71,10.26,10.59,608600,10.59
2004-10-11,10.48,10.74,10.44,10.63,346000,10.63
2004-10-08,10.83,10.97,10.35,10.42,906300,10.42
2004-10-07,11.35,11.38,10.77,10.91,824900,10.91
2004-10-06,10.75,11.46,10.50,11.40,1728700,11.40
2004-10-05,10.71,10.91,10.27,10.75,1593400,10.75
2004-10-04,9.64,10.89,9.64,10.68,2396800,10.68
2004-10-01,9.36,9.58,9.33,9.58,483600,9.58
2004-09-30,9.29,9.48,9.14,9.34,658100,9.34
2004-09-29,8.67,9.29,8.65,9.28,675200,9.28
2004-09-28,8.90,9.05,8.57,8.76,675300,8.76
2004-09-27,9.16,9.19,8.82,8.90,455000,8.90
2004-09-24,8.95,9.32,8.95,9.16,398100,9.16
2004-09-23,8.93,9.22,8.81,9.01,353300,9.01
2004-09-22,9.28,9.39,8.90,8.94,406900,8.94
2004-09-21,9.46,9.51,9.03,9.29,597000,9.29
2004-09-20,9.49,9.64,9.20,9.44,989500,9.44
2004-09-17,8.90,9.55,8.74,9.49,2275300,9.49
2004-09-16,8.30,8.80,8.26,8.77,550400,8.77
2004-09-15,8.66,8.67,8.18,8.23,445600,8.23
2004-09-14,8.70,8.80,8.44,8.74,610100,8.74
2004-09-13,8.05,8.831,8.02,8.63,1027000,8.63
2004-09-10,7.77,8.22,7.70,8.01,487900,8.01
2004-09-09,7.48,7.97,7.48,7.80,382800,7.80
2004-09-08,7.56,7.65,7.49,7.57,478700,7.57
2004-09-07,7.50,7.75,7.44,7.55,524000,7.55
2004-09-03,7.54,7.64,7.37,7.44,572900,7.44
2004-09-02,7.44,7.65,7.40,7.55,709300,7.55
2004-09-01,7.38,8.40,7.30,7.46,820300,7.46
2004-08-31,7.71,7.79,7.34,7.44,414300,7.44
2004-08-30,7.90,7.91,7.65,7.68,327900,7.68
2004-08-27,7.96,7.99,7.82,7.98,162500,7.98
2004-08-26,8.04,8.05,7.82,7.92,211000,7.92
2004-08-25,8.03,8.08,7.90,8.08,225100,8.08
2004-08-24,7.95,8.03,7.75,8.01,245900,8.01
2004-08-23,8.09,8.09,7.73,7.90,280700,7.90
2004-08-20,8.00,8.10,7.96,8.07,358500,8.07
2004-08-19,8.03,8.06,7.81,8.01,541600,8.01
