Date,Open,High,Low,Close,Volume,Adj Close
2014-06-23,0.65,0.65,0.65,0.65,000,0.65
2014-06-20,0.65,0.65,0.65,0.65,000,0.65
2014-06-19,0.65,0.65,0.65,0.65,000,0.65
2014-06-18,0.65,0.65,0.65,0.65,000,0.65
2014-06-17,0.65,0.65,0.65,0.65,000,0.65
2014-06-16,0.65,0.65,0.65,0.65,000,0.65
2014-06-13,0.65,0.65,0.65,0.65,000,0.65
2014-06-12,0.65,0.65,0.65,0.65,000,0.65
2014-06-11,0.65,0.65,0.65,0.65,000,0.65
2014-06-10,0.65,0.65,0.65,0.65,000,0.65
2014-06-09,0.65,0.65,0.65,0.65,000,0.65
2014-06-06,0.65,0.65,0.65,0.65,000,0.65
2014-06-05,0.65,0.65,0.65,0.65,000,0.65
2014-06-04,0.65,0.65,0.65,0.65,000,0.65
2014-06-03,0.65,0.65,0.65,0.65,000,0.65
2014-06-02,0.65,0.65,0.65,0.65,000,0.65
2014-05-30,0.65,0.65,0.65,0.65,000,0.65
2014-05-29,0.65,0.65,0.65,0.65,000,0.65
2014-05-28,0.65,0.65,0.65,0.65,000,0.65
2014-05-27,0.65,0.65,0.65,0.65,000,0.65
2014-05-26,0.65,0.65,0.65,0.65,000,0.65
2014-05-23,0.65,0.65,0.65,0.65,000,0.65
2014-05-22,0.65,0.65,0.65,0.65,000,0.65
2014-05-21,0.65,0.65,0.65,0.65,000,0.65
2014-05-20,0.65,0.65,0.65,0.65,000,0.65
2014-05-19,0.65,0.65,0.65,0.65,000,0.65
2014-05-16,0.65,0.65,0.65,0.65,000,0.65
2014-05-15,0.65,0.65,0.65,0.65,000,0.65
2014-05-14,0.65,0.65,0.65,0.65,000,0.65
2014-05-13,0.65,0.65,0.65,0.65,000,0.65
2014-05-12,0.65,0.65,0.65,0.65,000,0.65
2014-05-09,0.65,0.65,0.65,0.65,000,0.65
2014-05-08,0.65,0.65,0.65,0.65,000,0.65
2014-05-07,0.65,0.65,0.65,0.65,000,0.65
2014-05-06,0.65,0.65,0.65,0.65,000,0.65
2014-05-05,0.65,0.65,0.65,0.65,000,0.65
2014-05-02,0.65,0.65,0.65,0.65,000,0.65
2014-05-01,0.65,0.65,0.65,0.65,000,0.65
2014-04-30,0.65,0.65,0.65,0.65,000,0.65
2014-04-29,0.65,0.65,0.65,0.65,000,0.65
2014-04-28,0.65,0.65,0.65,0.65,000,0.65
2014-04-25,0.65,0.65,0.65,0.65,000,0.65
2014-04-24,0.65,0.65,0.65,0.65,000,0.65
2014-04-23,0.65,0.65,0.65,0.65,000,0.65
2014-04-22,0.65,0.65,0.65,0.65,000,0.65
2014-04-21,0.65,0.65,0.65,0.65,000,0.65
2014-04-18,0.65,0.65,0.65,0.65,000,0.65
2014-04-17,0.65,0.65,0.65,0.65,000,0.65
2014-04-16,0.65,0.65,0.65,0.65,000,0.65
2014-04-15,0.65,0.65,0.65,0.65,000,0.65
2014-04-14,0.65,0.65,0.65,0.65,000,0.65
2014-04-11,0.65,0.65,0.65,0.65,000,0.65
2014-04-10,0.65,0.65,0.65,0.65,000,0.65
2014-04-09,0.65,0.65,0.65,0.65,000,0.65
2014-04-08,0.65,0.65,0.65,0.65,000,0.65
2014-04-07,0.65,0.65,0.65,0.65,000,0.65
2014-04-04,0.65,0.65,0.65,0.65,000,0.65
2014-04-03,0.65,0.65,0.65,0.65,000,0.65
2014-04-02,0.65,0.65,0.65,0.65,000,0.65
2014-04-01,0.65,0.65,0.65,0.65,000,0.65
2014-03-31,0.65,0.65,0.65,0.65,000,0.65
2014-03-28,0.65,0.65,0.65,0.65,000,0.65
2014-03-27,0.65,0.65,0.65,0.65,000,0.65
2014-03-26,0.65,0.65,0.65,0.65,000,0.65
2014-03-25,0.65,0.65,0.65,0.65,000,0.65
2014-03-24,0.65,0.65,0.65,0.65,000,0.65
2014-03-21,0.65,0.65,0.65,0.65,000,0.65
2014-03-20,0.65,0.65,0.65,0.65,000,0.65
2014-03-19,0.65,0.65,0.65,0.65,000,0.65
2014-03-18,0.65,0.65,0.65,0.65,000,0.65
2014-03-17,0.65,0.65,0.65,0.65,000,0.65
2014-03-14,0.65,0.65,0.65,0.65,000,0.65
2014-03-13,0.65,0.65,0.65,0.65,000,0.65
2014-03-12,0.65,0.65,0.65,0.65,000,0.65
2014-03-11,0.65,0.65,0.65,0.65,000,0.65
2014-03-10,0.65,0.65,0.65,0.65,000,0.65
2014-03-07,0.65,0.65,0.65,0.65,000,0.65
2014-03-06,0.65,0.65,0.65,0.65,000,0.65
2014-03-05,0.65,0.65,0.65,0.65,000,0.65
2014-03-04,0.65,0.65,0.65,0.65,000,0.65
2014-03-03,0.65,0.65,0.65,0.65,000,0.65
2014-02-28,0.65,0.65,0.65,0.65,000,0.65
2014-02-27,0.65,0.65,0.65,0.65,000,0.65
2014-02-26,0.65,0.65,0.65,0.65,000,0.65
2014-02-25,0.65,0.65,0.65,0.65,000,0.65
2014-02-24,0.65,0.65,0.65,0.65,000,0.65
2014-02-21,0.65,0.65,0.65,0.65,000,0.65
2014-02-20,0.65,0.65,0.65,0.65,000,0.65
2014-02-19,0.65,0.65,0.65,0.65,000,0.65
2014-02-18,0.65,0.65,0.65,0.65,000,0.65
2014-02-17,0.65,0.65,0.65,0.65,000,0.65
2014-02-14,0.65,0.65,0.65,0.65,000,0.65
2014-02-13,0.65,0.65,0.65,0.65,000,0.65
2014-02-12,0.65,0.65,0.65,0.65,000,0.65
2014-02-11,0.65,0.65,0.65,0.65,000,0.65
2014-02-10,0.65,0.65,0.65,0.65,000,0.65
2014-02-07,0.65,0.65,0.65,0.65,000,0.65
2014-02-06,0.65,0.65,0.65,0.65,000,0.65
2014-02-05,0.65,0.65,0.65,0.65,000,0.65
2014-02-04,0.65,0.65,0.65,0.65,000,0.65
2014-02-03,0.65,0.65,0.65,0.65,000,0.65
2014-01-31,0.65,0.65,0.65,0.65,000,0.65
2014-01-30,0.65,0.65,0.65,0.65,000,0.65
2014-01-29,0.65,0.65,0.65,0.65,000,0.65
2014-01-28,0.65,0.65,0.65,0.65,000,0.65
2014-01-27,0.65,0.65,0.65,0.65,000,0.65
2014-01-24,0.65,0.65,0.65,0.65,000,0.65
2014-01-23,0.65,0.65,0.65,0.65,000,0.65
2014-01-22,0.65,0.65,0.65,0.65,000,0.65
2014-01-21,0.65,0.65,0.65,0.65,000,0.65
2014-01-20,0.65,0.65,0.65,0.65,000,0.65
2014-01-17,0.65,0.65,0.65,0.65,000,0.65
2014-01-16,0.65,0.65,0.65,0.65,000,0.65
2014-01-15,0.65,0.65,0.65,0.65,000,0.65
2014-01-14,0.65,0.65,0.65,0.65,000,0.65
2014-01-13,0.65,0.65,0.65,0.65,000,0.65
2014-01-10,0.65,0.65,0.65,0.65,000,0.65
2014-01-09,0.65,0.65,0.65,0.65,000,0.65
2014-01-08,0.65,0.65,0.65,0.65,000,0.65
2014-01-07,0.65,0.65,0.65,0.65,000,0.65
2014-01-06,0.65,0.65,0.65,0.65,000,0.65
2014-01-03,0.65,0.65,0.65,0.65,000,0.65
2014-01-02,0.65,0.65,0.65,0.65,000,0.65
2014-01-01,0.65,0.65,0.65,0.65,000,0.65
2013-12-31,0.65,0.65,0.65,0.65,000,0.65
2013-12-30,0.65,0.65,0.65,0.65,000,0.65
2013-12-27,0.65,0.65,0.65,0.65,000,0.65
2013-12-26,0.65,0.65,0.65,0.65,000,0.65
2013-12-25,0.65,0.65,0.65,0.65,000,0.65
2013-12-24,0.65,0.65,0.65,0.65,000,0.65
2013-12-23,0.65,0.65,0.65,0.65,000,0.65
2013-12-20,0.65,0.65,0.65,0.65,000,0.65
2013-12-19,0.65,0.65,0.65,0.65,000,0.65
2013-12-18,0.65,0.65,0.65,0.65,000,0.65
2013-12-17,0.65,0.65,0.65,0.65,000,0.65
2013-12-16,0.65,0.65,0.65,0.65,000,0.65
2013-12-13,0.65,0.65,0.65,0.65,000,0.65
2013-12-12,0.65,0.65,0.65,0.65,000,0.65
2013-12-11,0.65,0.65,0.65,0.65,000,0.65
2013-12-10,0.65,0.65,0.65,0.65,000,0.65
2013-12-09,0.65,0.65,0.65,0.65,000,0.65
2013-12-06,0.65,0.65,0.65,0.65,000,0.65
2013-12-05,0.65,0.65,0.65,0.65,000,0.65
2013-12-04,0.65,0.65,0.65,0.65,000,0.65
2013-12-03,0.65,0.65,0.65,0.65,000,0.65
2013-12-02,0.65,0.65,0.65,0.65,000,0.65
2013-11-29,0.65,0.65,0.65,0.65,000,0.65
2013-11-28,0.65,0.65,0.65,0.65,000,0.65
2013-11-27,0.65,0.65,0.65,0.65,000,0.65
2013-11-26,0.65,0.65,0.65,0.65,000,0.65
2013-11-25,0.65,0.65,0.65,0.65,000,0.65
2013-11-22,0.65,0.65,0.65,0.65,000,0.65
2013-11-21,0.65,0.65,0.65,0.65,000,0.65
2013-11-20,0.65,0.65,0.65,0.65,000,0.65
2013-11-19,0.65,0.65,0.65,0.65,000,0.65
2013-11-18,0.65,0.65,0.65,0.65,000,0.65
2013-11-15,0.65,0.65,0.65,0.65,000,0.65
2013-11-14,0.65,0.65,0.65,0.65,000,0.65
2013-11-13,0.65,0.65,0.65,0.65,000,0.65
2013-11-12,0.65,0.65,0.65,0.65,000,0.65
2013-11-11,0.65,0.65,0.65,0.65,000,0.65
2013-11-08,0.65,0.65,0.65,0.65,000,0.65
2013-11-07,0.65,0.65,0.65,0.65,000,0.65
2013-11-06,0.65,0.65,0.65,0.65,000,0.65
2013-11-05,0.65,0.65,0.65,0.65,000,0.65
2013-11-04,0.65,0.65,0.65,0.65,000,0.65
2013-11-01,0.65,0.65,0.65,0.65,000,0.65
2013-10-31,0.65,0.65,0.65,0.65,000,0.65
2013-10-30,0.65,0.65,0.65,0.65,000,0.65
2013-10-29,0.65,0.65,0.65,0.65,000,0.65
2013-10-28,0.65,0.65,0.65,0.65,000,0.65
2013-10-25,0.65,0.65,0.65,0.65,000,0.65
2013-10-24,0.65,0.65,0.65,0.65,000,0.65
2013-10-23,0.65,0.65,0.65,0.65,000,0.65
2013-10-22,0.65,0.65,0.65,0.65,000,0.65
2013-10-21,0.65,0.65,0.65,0.65,000,0.65
2013-10-18,0.65,0.65,0.65,0.65,000,0.65
2013-10-17,0.65,0.65,0.65,0.65,000,0.65
2013-10-16,0.65,0.65,0.65,0.65,000,0.65
2013-10-15,0.65,0.65,0.65,0.65,000,0.65
2013-10-14,0.65,0.65,0.65,0.65,000,0.65
2013-10-11,0.65,0.65,0.65,0.65,000,0.65
2013-10-10,0.65,0.65,0.65,0.65,000,0.65
2013-10-09,0.65,0.65,0.65,0.65,000,0.65
2013-10-08,0.65,0.65,0.65,0.65,000,0.65
2013-10-07,0.65,0.65,0.65,0.65,000,0.65
2013-10-04,0.65,0.65,0.65,0.65,000,0.65
2013-10-03,0.65,0.65,0.65,0.65,000,0.65
2013-10-02,0.65,0.65,0.65,0.65,000,0.65
2013-10-01,0.65,0.65,0.65,0.65,000,0.65
2013-09-30,0.65,0.65,0.65,0.65,000,0.65
2013-09-27,0.65,0.65,0.65,0.65,000,0.65
2013-09-26,0.65,0.65,0.65,0.65,000,0.65
2013-09-25,0.65,0.65,0.65,0.65,000,0.65
2013-09-24,0.65,0.65,0.65,0.65,000,0.65
2013-09-23,0.65,0.65,0.65,0.65,000,0.65
2013-09-20,0.65,0.65,0.65,0.65,000,0.65
2013-09-19,0.65,0.65,0.65,0.65,000,0.65
2013-09-18,0.65,0.65,0.65,0.65,000,0.65
2013-09-17,0.65,0.65,0.65,0.65,000,0.65
2013-09-16,0.65,0.65,0.65,0.65,000,0.65
2013-09-13,0.65,0.65,0.65,0.65,000,0.65
2013-09-12,0.65,0.65,0.65,0.65,000,0.65
2013-09-11,0.65,0.65,0.65,0.65,000,0.65
2013-09-10,0.65,0.65,0.65,0.65,000,0.65
2013-09-09,0.65,0.65,0.65,0.65,000,0.65
2013-09-06,0.65,0.65,0.65,0.65,000,0.65
2013-09-05,0.65,0.65,0.65,0.65,000,0.65
2013-09-04,0.65,0.65,0.65,0.65,000,0.65
2013-09-03,0.65,0.65,0.65,0.65,000,0.65
2013-09-02,0.65,0.65,0.65,0.65,000,0.65
2013-08-30,0.65,0.65,0.65,0.65,000,0.65
2013-08-29,0.65,0.65,0.65,0.65,000,0.65
2013-08-28,0.65,0.65,0.65,0.65,000,0.65
2013-08-27,0.65,0.65,0.65,0.65,000,0.65
2013-08-26,0.65,0.65,0.65,0.65,000,0.65
2013-08-23,0.65,0.65,0.65,0.65,000,0.65
2013-08-22,0.65,0.65,0.65,0.65,000,0.65
2013-08-21,0.65,0.65,0.65,0.65,000,0.65
2013-08-20,0.65,0.65,0.65,0.65,000,0.65
2013-08-19,0.65,0.65,0.65,0.65,000,0.65
2013-08-16,0.65,0.65,0.65,0.65,000,0.65
2013-08-15,0.65,0.65,0.65,0.65,000,0.65
2013-08-14,0.65,0.65,0.65,0.65,000,0.65
2013-08-13,0.65,0.65,0.65,0.65,000,0.65
2013-08-12,0.65,0.65,0.65,0.65,000,0.65
2013-08-09,0.65,0.65,0.65,0.65,000,0.65
2013-08-08,0.65,0.65,0.65,0.65,000,0.65
2013-08-07,0.65,0.65,0.65,0.65,000,0.65
2013-08-06,0.65,0.65,0.65,0.65,000,0.65
2013-08-05,0.65,0.65,0.65,0.65,000,0.65
2013-08-02,0.65,0.65,0.65,0.65,000,0.65
2013-08-01,0.65,0.65,0.65,0.65,000,0.65
2013-07-31,0.65,0.65,0.65,0.65,000,0.65
2013-07-30,0.65,0.65,0.65,0.65,000,0.65
2013-07-29,0.65,0.65,0.65,0.65,000,0.65
2013-07-26,0.65,0.65,0.65,0.65,000,0.65
2013-07-25,0.65,0.65,0.65,0.65,000,0.65
2013-07-24,0.65,0.65,0.65,0.65,000,0.65
2013-07-23,0.65,0.65,0.65,0.65,000,0.65
2013-07-22,0.65,0.65,0.65,0.65,000,0.65
2013-07-19,0.65,0.65,0.65,0.65,000,0.65
2013-07-18,0.65,0.65,0.65,0.65,000,0.65
2013-07-17,0.65,0.65,0.65,0.65,000,0.65
2013-07-16,0.65,0.65,0.65,0.65,000,0.65
2013-07-15,0.65,0.65,0.65,0.65,000,0.65
2013-07-12,0.65,0.65,0.65,0.65,000,0.65
2013-07-11,0.65,0.65,0.65,0.65,000,0.65
2013-07-10,0.65,0.65,0.65,0.65,000,0.65
2013-07-09,0.65,0.65,0.65,0.65,000,0.65
2013-07-08,0.65,0.65,0.65,0.65,000,0.65
2013-07-05,0.65,0.65,0.65,0.65,000,0.65
2013-07-04,0.65,0.65,0.65,0.65,000,0.65
2013-07-03,0.65,0.65,0.65,0.65,000,0.65
2013-07-02,0.65,0.65,0.65,0.65,000,0.65
2013-07-01,0.65,0.65,0.65,0.65,000,0.65
2013-06-28,0.65,0.65,0.65,0.65,000,0.65
2013-06-27,0.65,0.65,0.65,0.65,000,0.65
2013-06-26,0.65,0.65,0.65,0.65,000,0.65
2013-06-25,0.65,0.65,0.65,0.65,000,0.65
2013-06-24,0.65,0.65,0.65,0.65,000,0.65
2013-06-21,0.65,0.65,0.65,0.65,000,0.65
2013-06-20,0.65,0.65,0.65,0.65,000,0.65
2013-06-19,0.65,0.65,0.65,0.65,000,0.65
2013-06-18,0.65,0.65,0.65,0.65,000,0.65
2013-06-17,0.65,0.65,0.65,0.65,000,0.65
2013-06-14,0.65,0.65,0.65,0.65,000,0.65
2013-06-13,0.65,0.65,0.65,0.65,000,0.65
2013-06-12,0.65,0.65,0.65,0.65,000,0.65
2013-06-11,0.65,0.65,0.65,0.65,000,0.65
2013-06-10,0.65,0.65,0.65,0.65,000,0.65
2013-06-07,0.65,0.65,0.65,0.65,000,0.65
2013-06-06,0.65,0.65,0.65,0.65,000,0.65
2013-06-05,0.65,0.65,0.65,0.65,000,0.65
2013-06-04,0.65,0.65,0.65,0.65,000,0.65
2013-06-03,0.65,0.65,0.65,0.65,000,0.65
2013-05-31,0.65,0.65,0.65,0.65,000,0.65
2013-05-30,0.65,0.65,0.65,0.65,000,0.65
2013-05-29,0.65,0.65,0.65,0.65,000,0.65
2013-05-28,0.65,0.65,0.65,0.65,000,0.65
2013-05-27,0.65,0.65,0.65,0.65,000,0.65
2013-05-24,0.65,0.65,0.65,0.65,000,0.65
2013-05-23,0.65,0.65,0.65,0.65,000,0.65
2013-05-22,0.65,0.65,0.65,0.65,000,0.65
2013-05-21,0.65,0.65,0.65,0.65,000,0.65
2013-05-20,0.65,0.65,0.65,0.65,000,0.65
2013-05-17,0.65,0.65,0.65,0.65,000,0.65
2013-05-16,0.65,0.65,0.65,0.65,000,0.65
2013-05-15,0.65,0.65,0.65,0.65,000,0.65
2013-05-14,0.65,0.65,0.65,0.65,000,0.65
2013-05-13,0.65,0.65,0.65,0.65,000,0.65
2013-05-10,0.65,0.65,0.65,0.65,000,0.65
2013-05-09,0.65,0.65,0.65,0.65,000,0.65
2013-05-08,0.65,0.65,0.65,0.65,000,0.65
2013-05-07,0.65,0.65,0.65,0.65,000,0.65
2013-05-06,0.65,0.65,0.65,0.65,000,0.65
2013-05-03,0.65,0.65,0.65,0.65,000,0.65
2013-05-02,0.65,0.65,0.65,0.65,000,0.65
2013-05-01,0.65,0.65,0.65,0.65,000,0.65
2013-04-30,0.65,0.65,0.65,0.65,000,0.65
2013-04-29,0.65,0.65,0.65,0.65,000,0.65
2013-04-26,0.65,0.65,0.65,0.65,000,0.65
2013-04-25,0.65,0.65,0.65,0.65,000,0.65
2013-04-24,0.65,0.65,0.65,0.65,000,0.65
2013-04-23,0.65,0.65,0.65,0.65,000,0.65
2013-04-22,0.65,0.65,0.65,0.65,000,0.65
2013-04-19,0.65,0.65,0.65,0.65,000,0.65
2013-04-18,0.65,0.65,0.65,0.65,000,0.65
2013-04-17,0.65,0.65,0.65,0.65,000,0.65
2013-04-16,0.65,0.65,0.65,0.65,000,0.65
2013-04-15,0.65,0.65,0.65,0.65,000,0.65
2013-04-12,0.65,0.65,0.65,0.65,000,0.65
2013-04-11,0.65,0.65,0.65,0.65,000,0.65
2013-04-10,0.65,0.65,0.65,0.65,000,0.65
2013-04-09,0.65,0.65,0.65,0.65,000,0.65
2013-04-08,0.65,0.65,0.65,0.65,000,0.65
2013-04-05,0.65,0.65,0.65,0.65,000,0.65
2013-04-04,0.65,0.65,0.65,0.65,000,0.65
2013-04-03,0.65,0.65,0.65,0.65,000,0.65
2013-04-02,0.65,0.65,0.65,0.65,000,0.65
2013-04-01,0.65,0.65,0.65,0.65,000,0.65
2013-03-29,0.65,0.65,0.65,0.65,000,0.65
2013-03-28,0.65,0.65,0.65,0.65,000,0.65
2013-03-27,0.65,0.65,0.65,0.65,000,0.65
2013-03-26,0.65,0.65,0.65,0.65,000,0.65
2013-03-25,0.65,0.65,0.65,0.65,000,0.65
2013-03-22,0.65,0.65,0.65,0.65,000,0.65
2013-03-21,0.65,0.65,0.65,0.65,000,0.65
2013-03-20,0.65,0.65,0.65,0.65,000,0.65
2013-03-19,0.65,0.65,0.65,0.65,000,0.65
2013-03-18,0.65,0.65,0.65,0.65,000,0.65
2013-03-15,0.65,0.65,0.65,0.65,000,0.65
2013-03-14,0.65,0.65,0.65,0.65,000,0.65
2013-03-13,0.65,0.65,0.65,0.65,000,0.65
2013-03-12,0.65,0.65,0.65,0.65,000,0.65
2013-03-11,0.65,0.65,0.65,0.65,000,0.65
2013-03-08,0.65,0.65,0.65,0.65,000,0.65
2013-03-07,0.65,0.65,0.65,0.65,000,0.65
2013-03-06,0.65,0.65,0.65,0.65,000,0.65
2013-03-05,0.65,0.65,0.65,0.65,000,0.65
2013-03-04,0.65,0.65,0.65,0.65,000,0.65
2013-03-01,0.65,0.65,0.65,0.65,000,0.65
2013-02-28,0.65,0.65,0.65,0.65,000,0.65
2013-02-27,0.65,0.65,0.65,0.65,000,0.65
2013-02-26,0.65,0.65,0.65,0.65,000,0.65
2013-02-25,0.65,0.65,0.65,0.65,000,0.65
2013-02-22,0.65,0.65,0.65,0.65,000,0.65
2013-02-21,0.65,0.65,0.65,0.65,000,0.65
2013-02-20,0.65,0.65,0.65,0.65,000,0.65
2013-02-19,0.65,0.65,0.65,0.65,000,0.65
2013-02-18,0.65,0.65,0.65,0.65,000,0.65
2013-02-15,0.65,0.65,0.65,0.65,000,0.65
2013-02-14,0.65,0.65,0.65,0.65,000,0.65
2013-02-13,0.65,0.65,0.65,0.65,000,0.65
2013-02-12,0.65,0.65,0.65,0.65,000,0.65
2013-02-11,0.65,0.65,0.65,0.65,000,0.65
2013-02-08,0.65,0.65,0.65,0.65,000,0.65
2013-02-07,0.65,0.65,0.65,0.65,000,0.65
2013-02-06,0.65,0.65,0.65,0.65,000,0.65
2013-02-05,0.65,0.65,0.65,0.65,000,0.65
2013-02-04,0.65,0.65,0.65,0.65,000,0.65
2013-02-01,0.65,0.65,0.65,0.65,000,0.65
2013-01-31,0.65,0.65,0.65,0.65,000,0.65
2013-01-30,0.65,0.65,0.65,0.65,000,0.65
2013-01-29,0.65,0.65,0.65,0.65,000,0.65
2013-01-28,0.65,0.65,0.65,0.65,000,0.65
2013-01-25,0.65,0.65,0.65,0.65,000,0.65
2013-01-24,0.65,0.65,0.65,0.65,000,0.65
2013-01-23,0.65,0.65,0.65,0.65,000,0.65
2013-01-22,0.65,0.65,0.65,0.65,000,0.65
2013-01-21,0.65,0.65,0.65,0.65,000,0.65
2013-01-18,0.65,0.65,0.65,0.65,000,0.65
2013-01-17,0.65,0.65,0.65,0.65,000,0.65
2013-01-16,0.65,0.65,0.65,0.65,000,0.65
2013-01-15,0.65,0.65,0.65,0.65,000,0.65
2013-01-14,0.65,0.65,0.65,0.65,000,0.65
2013-01-11,0.65,0.65,0.65,0.65,000,0.65
2013-01-10,0.65,0.65,0.65,0.65,000,0.65
2013-01-09,0.65,0.65,0.65,0.65,000,0.65
2013-01-08,0.65,0.65,0.65,0.65,000,0.65
2013-01-07,0.65,0.65,0.65,0.65,000,0.65
2013-01-04,0.65,0.65,0.65,0.65,000,0.65
2013-01-03,0.65,0.65,0.65,0.65,000,0.65
2013-01-02,0.65,0.65,0.65,0.65,000,0.65
2013-01-01,0.65,0.65,0.65,0.65,000,0.65
2012-12-31,0.65,0.65,0.65,0.65,000,0.65
2012-12-28,0.65,0.65,0.65,0.65,000,0.65
2012-12-27,0.65,0.65,0.65,0.65,000,0.65
2012-12-26,0.65,0.65,0.65,0.65,000,0.65
2012-12-25,0.65,0.65,0.65,0.65,000,0.65
2012-12-24,0.65,0.65,0.65,0.65,000,0.65
2012-12-21,0.65,0.65,0.65,0.65,000,0.65
2012-12-20,0.65,0.65,0.65,0.65,000,0.65
2012-12-19,0.65,0.65,0.65,0.65,000,0.65
2012-12-18,0.65,0.65,0.65,0.65,000,0.65
2012-12-17,0.65,0.65,0.65,0.65,000,0.65
2012-12-14,0.65,0.65,0.65,0.65,000,0.65
2012-12-13,0.65,0.65,0.65,0.65,000,0.65
2012-12-12,0.65,0.65,0.65,0.65,000,0.65
2012-12-11,0.65,0.65,0.65,0.65,000,0.65
2012-12-10,0.65,0.65,0.65,0.65,000,0.65
2012-12-07,0.65,0.65,0.65,0.65,000,0.65
2012-12-06,0.65,0.65,0.65,0.65,000,0.65
2012-12-05,0.65,0.65,0.65,0.65,000,0.65
2012-12-04,0.65,0.65,0.65,0.65,000,0.65
2012-12-03,0.65,0.65,0.65,0.65,000,0.65
2012-11-30,0.65,0.65,0.65,0.65,000,0.65
2012-11-29,0.65,0.65,0.65,0.65,000,0.65
2012-11-28,0.65,0.65,0.65,0.65,000,0.65
2012-11-27,0.65,0.65,0.65,0.65,000,0.65
2012-11-26,0.6301,0.659,0.6301,0.65,24300,0.65
2012-11-23,0.62,0.66,0.62,0.659,54200,0.659
2012-11-22,0.5998,0.5998,0.5998,0.5998,000,0.5998
2012-11-21,0.535,0.60,0.521,0.5998,114300,0.5998
2012-11-20,0.512,0.55,0.512,0.521,13500,0.521
2012-11-19,0.48,0.605,0.48,0.54,103000,0.54
2012-11-16,0.335,0.60,0.32,0.60,63700,0.60
2012-11-15,0.35,0.35,0.32,0.35,22700,0.35
2012-11-14,0.31,0.35,0.31,0.35,17700,0.35
2012-11-13,0.3301,0.3301,0.3301,0.3301,000,0.3301
2012-11-12,0.60,0.60,0.309,0.3301,168900,0.3301
2012-11-09,0.495,0.5749,0.495,0.5749,1900,0.5749
2012-11-08,0.50,0.5001,0.49,0.49,700,0.49
2012-11-07,0.52,0.52,0.519,0.52,1500,0.52
2012-11-06,0.52,0.55,0.5001,0.55,7200,0.55
2012-11-05,0.489,0.518,0.489,0.50,2000,0.50
2012-11-02,0.494,0.494,0.494,0.494,000,0.494
2012-11-01,0.477,0.494,0.477,0.494,2800,0.494
2012-10-31,0.45,0.477,0.45,0.477,1800,0.477
2012-10-30,0.47,0.47,0.47,0.47,000,0.47
2012-10-29,0.47,0.47,0.47,0.47,000,0.47
2012-10-26,0.47,0.528,0.47,0.47,104400,0.47
2012-10-25,0.512,0.56,0.47,0.47,89100,0.47
2012-10-24,0.58,0.5999,0.56,0.56,24400,0.56
2012-10-23,0.61,0.63,0.61,0.62,23400,0.62
2012-10-22,0.64,0.64,0.59,0.62,12900,0.62
2012-10-19,0.62,0.62,0.5821,0.62,17600,0.62
2012-10-18,0.62,0.63,0.62,0.62,21900,0.62
2012-10-17,0.62,0.62,0.6051,0.62,143500,0.62
2012-10-16,0.62,0.6262,0.59,0.6152,105500,0.6152
2012-10-15,0.66,0.67,0.603,0.6428,69800,0.6428
2012-10-12,0.66,0.69,0.66,0.6606,234500,0.6606
2012-10-11,0.71,0.71,0.65,0.662,327400,0.662
2012-10-10,0.74,0.7401,0.69,0.69,37700,0.69
2012-10-09,0.7489,0.7489,0.70,0.73,109600,0.73
2012-10-08,0.7498,0.7498,0.74,0.7489,132100,0.7489
2012-10-05,0.637,0.748,0.49,0.7187,391500,0.7187
2012-10-04,0.74,0.765,0.5701,0.68,193700,0.68
2012-10-03,0.7655,0.7655,0.765,0.7651,53100,0.7651
2012-10-02,0.765,0.7698,0.765,0.7655,32500,0.7655
2012-10-01,0.7634,0.77,0.7634,0.77,23300,0.77
2012-09-28,0.7707,0.7714,0.7705,0.7707,45800,0.7707
2012-09-27,0.7787,0.7787,0.7787,0.7787,000,0.7787
2012-09-26,0.77,0.7787,0.77,0.7787,12500,0.7787
2012-09-25,0.7646,0.7646,0.7646,0.7646,2900,0.7646
2012-09-24,0.7661,0.7662,0.7661,0.7661,300,0.7661
2012-09-21,0.7634,0.7634,0.7634,0.7634,6100,0.7634
2012-09-20,0.779,0.779,0.766,0.7661,1000,0.7661
2012-09-19,0.766,0.7677,0.766,0.7677,1600,0.7677
2012-09-18,0.766,0.7661,0.766,0.766,5200,0.766
2012-09-17,0.766,0.7717,0.766,0.77,10200,0.77
2012-09-14,0.7635,0.7789,0.7635,0.7635,28300,0.7635
2012-09-13,0.7633,0.7789,0.7633,0.7634,6800,0.7634
2012-09-12,0.7633,0.77,0.7633,0.7633,21200,0.7633
2012-09-11,0.77,0.77,0.7633,0.7633,5800,0.7633
2012-09-10,0.77,0.77,0.7633,0.7633,200,0.7633
2012-09-07,0.7632,0.77,0.7632,0.7633,17700,0.7633
2012-09-06,0.7632,0.77,0.7632,0.7632,56400,0.7632
2012-09-05,0.77,0.77,0.7625,0.7632,34300,0.7632
2012-09-04,0.7645,0.7645,0.76,0.7612,44400,0.7612
2012-09-03,0.77,0.77,0.77,0.77,000,0.77
2012-08-31,0.7645,0.7795,0.7645,0.77,9500,0.77
2012-08-30,0.76,0.7645,0.76,0.7645,26900,0.7645
2012-08-29,0.7645,0.7645,0.76,0.7645,20500,0.7645
2012-08-28,0.76,0.7624,0.7582,0.76,116500,0.76
2012-08-27,0.7425,0.7645,0.7425,0.763,220900,0.763
2012-08-24,0.75,0.75,0.75,0.75,36300,0.75
2012-08-23,0.745,0.75,0.745,0.75,1100,0.75
2012-08-22,0.74,0.75,0.74,0.75,47900,0.75
2012-08-21,0.75,0.75,0.74,0.75,32400,0.75
2012-08-20,0.7375,0.75,0.7375,0.75,8700,0.75
2012-08-17,0.75,0.75,0.74,0.75,3300,0.75
2012-08-16,0.74,0.75,0.7375,0.75,237200,0.75
2012-08-15,0.74,0.74,0.7381,0.74,5700,0.74
2012-08-14,0.7381,0.74,0.738,0.74,800,0.74
2012-08-13,0.7375,0.74,0.7375,0.7393,10400,0.7393
2012-08-10,0.74,0.75,0.74,0.75,26700,0.75
2012-08-09,0.74,0.74,0.735,0.74,115300,0.74
2012-08-08,0.74,0.75,0.74,0.75,103400,0.75
2012-08-07,0.75,0.75,0.75,0.75,000,0.75
2012-08-06,0.72,0.75,0.72,0.75,1700,0.75
2012-08-03,0.74,0.75,0.74,0.75,13200,0.75
2012-08-02,0.74,0.75,0.74,0.75,6800,0.75
2012-08-01,0.74,0.74,0.74,0.74,1000,0.74
2012-07-31,0.74,0.76,0.74,0.7401,1500,0.7401
2012-07-30,0.74,0.75,0.74,0.75,15900,0.75
2012-07-27,0.76,0.76,0.74,0.76,1100,0.76
2012-07-26,0.74,0.75,0.74,0.75,1900,0.75
2012-07-25,0.745,0.75,0.745,0.75,23000,0.75
2012-07-24,0.75,0.76,0.745,0.76,22400,0.76
2012-07-23,0.72,0.75,0.72,0.75,13400,0.75
2012-07-20,0.7435,0.76,0.72,0.76,27100,0.76
2012-07-19,0.75,0.7645,0.7431,0.7645,47700,0.7645
2012-07-18,0.74,0.75,0.74,0.75,4100,0.75
2012-07-17,0.74,0.75,0.74,0.75,2700,0.75
2012-07-16,0.74,0.75,0.6499,0.75,43900,0.75
2012-07-13,0.75,0.75,0.745,0.745,22400,0.745
2012-07-12,0.75,0.752,0.75,0.7501,24000,0.7501
2012-07-11,0.74,0.75,0.74,0.75,83500,0.75
2012-07-10,0.751,0.751,0.74,0.74,109300,0.74
2012-07-09,0.751,0.7516,0.751,0.751,10200,0.751
2012-07-06,0.756,0.76,0.75,0.76,46600,0.76
2012-07-05,0.7601,0.7621,0.756,0.756,51600,0.756
2012-07-04,0.7601,0.7601,0.7601,0.7601,000,0.7601
2012-07-03,0.7601,0.7601,0.7601,0.7601,700,0.7601
2012-07-02,0.756,0.756,0.756,0.756,000,0.756
2012-06-29,0.755,0.78,0.755,0.756,1000,0.756
2012-06-28,0.7799,0.78,0.76,0.76,2500,0.76
2012-06-27,0.754,0.7829,0.7399,0.78,262600,0.78
2012-06-26,0.754,0.76,0.7531,0.755,35500,0.755
2012-06-25,0.755,0.76,0.755,0.76,29700,0.76
2012-06-22,0.7505,0.76,0.75,0.75,30100,0.75
2012-06-21,0.755,0.76,0.75,0.7505,77900,0.7505
2012-06-20,0.755,0.77,0.75,0.7597,86600,0.7597
2012-06-19,0.76,0.7605,0.75,0.7599,4300,0.7599
2012-06-18,0.783,0.783,0.7601,0.7799,800,0.7799
2012-06-15,0.76,0.798,0.76,0.798,500,0.798
2012-06-14,0.7649,0.7972,0.75,0.76,7200,0.76
2012-06-13,0.798,0.798,0.75,0.77,14600,0.77
2012-06-12,0.7513,0.7999,0.75,0.75,5900,0.75
2012-06-11,0.80,0.80,0.74,0.78,98700,0.78
2012-06-08,0.7551,0.80,0.75,0.77,42600,0.77
2012-06-07,0.78,0.78,0.745,0.7799,38000,0.7799
2012-06-06,0.75,0.78,0.745,0.76,92300,0.76
2012-06-05,0.75,0.78,0.75,0.752,13400,0.752
2012-06-04,0.75,0.76,0.7499,0.76,60200,0.76
2012-06-01,0.75,0.76,0.7431,0.76,36900,0.76
2012-05-31,0.7556,0.7556,0.74,0.755,65200,0.755
2012-05-30,0.76,0.76,0.75,0.76,76400,0.76
2012-05-29,0.75,0.76,0.7498,0.76,51700,0.76
2012-05-28,0.76,0.76,0.76,0.76,000,0.76
2012-05-25,0.755,0.76,0.75,0.76,90400,0.76
2012-05-24,0.712,0.755,0.712,0.755,74200,0.755
2012-05-23,0.745,0.75,0.745,0.75,21600,0.75
2012-05-22,0.75,0.7501,0.746,0.75,109200,0.75
2012-05-21,0.72,0.755,0.72,0.755,355500,0.755
2012-05-18,0.71,0.76,0.71,0.755,567300,0.755
2012-05-17,0.49,0.498,0.49,0.49,11500,0.49
2012-05-16,0.49,0.539,0.49,0.4901,4200,0.4901
2012-05-15,0.49,0.4903,0.48,0.49,28200,0.49
2012-05-14,0.5251,0.5251,0.525,0.525,200,0.525
2012-05-11,0.56,0.5999,0.56,0.5999,600,0.5999
2012-05-10,0.56,0.62,0.54,0.56,400,0.56
2012-05-09,0.57,0.57,0.539,0.539,1900,0.539
2012-05-08,0.57,0.57,0.57,0.57,000,0.57
2012-05-07,0.565,0.565,0.565,0.565,3700,0.565
2012-05-04,0.59,0.59,0.54,0.54,500,0.54
2012-05-03,0.572,0.61,0.5506,0.57,3400,0.57
2012-05-02,0.60,0.68,0.60,0.611,4800,0.611
2012-05-01,0.58,0.608,0.51,0.57,14600,0.57
2012-04-30,0.62,0.67,0.62,0.6311,13600,0.6311
2012-04-27,0.59,0.67,0.59,0.62,21300,0.62
2012-04-26,0.58,0.59,0.52,0.585,20900,0.585
2012-04-25,0.57,0.58,0.544,0.57,7700,0.57
2012-04-24,0.5497,0.58,0.49,0.58,43700,0.58
2012-04-23,0.50,0.5497,0.50,0.5497,10000,0.5497
2012-04-20,0.53,0.54,0.49,0.49,10500,0.49
2012-04-19,0.55,0.57,0.48,0.48,5100,0.48
2012-04-18,0.51,0.57,0.42,0.57,48900,0.57
2012-04-17,0.51,0.5898,0.51,0.5897,19900,0.5897
2012-04-16,0.51,0.58,0.4901,0.51,12600,0.51
2012-04-13,0.55,0.55,0.4901,0.491,5800,0.491
2012-04-12,0.5897,0.5897,0.50,0.5345,6600,0.5345
2012-04-11,0.515,0.5897,0.52,0.5897,7200,0.5897
2012-04-10,0.5551,0.5551,0.4801,0.515,19400,0.515
2012-04-09,0.55,0.5892,0.55,0.56,12000,0.56
2012-04-06,0.60,0.60,0.60,0.60,000,0.60
2012-04-05,0.60,0.60,0.5706,0.60,61700,0.60
2012-04-04,0.60,0.60,0.55,0.60,3500,0.60
2012-04-03,0.60,0.60,0.5752,0.60,1000,0.60
2012-04-02,0.60,0.60,0.5306,0.59,18600,0.59
2012-03-30,0.54,0.59,0.4801,0.531,52900,0.531
2012-03-29,0.54,0.58,0.53,0.58,1100,0.58
2012-03-28,0.58,0.59,0.58,0.58,6300,0.58
2012-03-27,0.58,0.58,0.55,0.58,3500,0.58
2012-03-26,0.55,0.58,0.55,0.58,2400,0.58
2012-03-23,0.58,0.58,0.54,0.54,600,0.54
2012-03-22,0.58,0.58,0.56,0.58,6500,0.58
2012-03-21,0.59,0.59,0.56,0.56,4400,0.56
2012-03-20,0.577,0.5997,0.577,0.5997,2300,0.5997
2012-03-19,0.63,0.63,0.57,0.59,8300,0.59
2012-03-16,0.59,0.6599,0.59,0.625,24700,0.625
2012-03-15,0.58,0.59,0.55,0.59,54200,0.59
2012-03-14,0.56,0.62,0.559,0.62,83400,0.62
2012-03-13,0.5105,0.578,0.50,0.53,7400,0.53
2012-03-12,0.51,0.51,0.4944,0.4944,3600,0.4944
2012-03-09,0.59,0.59,0.521,0.521,1100,0.521
2012-03-08,0.50,0.5968,0.47,0.53,11900,0.53
2012-03-07,0.52,0.54,0.48,0.48,9500,0.48
2012-03-06,0.5852,0.593,0.4735,0.52,20500,0.52
2012-03-05,0.67,0.67,0.59,0.593,7800,0.593
2012-03-02,0.67,0.67,0.606,0.64,16000,0.64
2012-03-01,0.6225,0.66,0.59,0.66,17600,0.66
2012-02-29,0.59,0.64,0.5852,0.5852,13600,0.5852
2012-02-28,0.73,0.73,0.566,0.64,9200,0.64
2012-02-27,0.5772,0.82,0.565,0.73,37200,0.73
2012-02-24,0.62,0.63,0.6199,0.63,10700,0.63
2012-02-23,0.59,0.67,0.54,0.622,54900,0.622
2012-02-22,0.85,0.85,0.5225,0.60,74800,0.60
2012-02-21,0.50,0.89,0.46,0.67,185200,0.67
2012-02-20,0.50,0.50,0.50,0.50,000,0.50
2012-02-17,0.45,0.50,0.43,0.50,20700,0.50
2012-02-16,0.4801,0.49,0.4801,0.4898,2600,0.4898
2012-02-15,0.50,0.5001,0.45,0.49,11200,0.49
2012-02-14,0.50,0.54,0.40,0.42,81900,0.42
2012-02-13,0.55,0.55,0.45,0.5399,8200,0.5399
2012-02-10,0.5499,0.5499,0.5304,0.5499,400,0.5499
2012-02-09,0.55,0.55,0.53,0.53,5000,0.53
2012-02-08,0.55,0.55,0.5299,0.54,14700,0.54
2012-02-07,0.539,0.55,0.5105,0.54,42000,0.54
2012-02-06,0.49,0.53,0.46,0.52,18100,0.52
2012-02-03,0.49,0.49,0.45,0.49,8600,0.49
2012-02-02,0.529,0.529,0.40,0.43,117900,0.43
2012-02-01,0.43,0.45,0.37,0.4256,160800,0.4256
2012-01-31,0.4001,0.4001,0.4001,0.4001,000,0.4001
2012-01-30,0.499,0.54,0.40,0.4001,33300,0.4001
2012-01-27,0.4185,0.45,0.41,0.41,5100,0.41
2012-01-26,0.43,0.43,0.42,0.42,5900,0.42
2012-01-25,0.45,0.45,0.44,0.45,3100,0.45
2012-01-24,0.45,0.45,0.45,0.45,000,0.45
2012-01-23,0.45,0.49,0.45,0.45,13800,0.45
2012-01-20,0.499,0.50,0.46,0.46,1200,0.46
2012-01-19,0.48,0.50,0.48,0.48,25200,0.48
2012-01-18,0.49,0.52,0.48,0.50,5200,0.50
2012-01-17,0.51,0.54,0.48,0.54,3800,0.54
2012-01-16,0.519,0.519,0.519,0.519,000,0.519
2012-01-13,0.50,0.519,0.50,0.519,3100,0.519
2012-01-12,0.519,0.54,0.48,0.50,62800,0.50
2012-01-11,0.499,0.519,0.49,0.519,64900,0.519
2012-01-10,0.47,0.48,0.469,0.48,23500,0.48
2012-01-09,0.44,0.47,0.434,0.47,39300,0.47
2012-01-06,0.45,0.45,0.42,0.43,19500,0.43
2012-01-05,0.4351,0.45,0.435,0.435,5300,0.435
2012-01-04,0.43,0.47,0.42,0.43,16700,0.43
2012-01-03,0.47,0.47,0.42,0.43,11300,0.43
2012-01-02,0.45,0.45,0.45,0.45,000,0.45
2011-12-30,0.3125,0.45,0.2724,0.45,94300,0.45
2011-12-29,0.362,0.40,0.30,0.36,91700,0.36
2011-12-28,0.39,0.41,0.37,0.37,9600,0.37
2011-12-27,0.42,0.44,0.365,0.365,45900,0.365
2011-12-26,0.41,0.41,0.41,0.41,000,0.41
2011-12-23,0.40,0.43,0.40,0.41,69300,0.41
2011-12-22,0.39,0.40,0.39,0.40,2900,0.40
2011-12-21,0.3905,0.41,0.39,0.39,37800,0.39
2011-12-20,0.439,0.4399,0.40,0.40,9000,0.40
2011-12-19,0.39,0.39,0.39,0.39,4300,0.39
2011-12-16,0.3815,0.44,0.3815,0.43,1500,0.43
2011-12-15,0.44,0.44,0.38,0.38,9700,0.38
2011-12-14,0.42,0.42,0.40,0.42,6400,0.42
2011-12-13,0.40,0.44,0.40,0.40,200,0.40
2011-12-12,0.4008,0.42,0.4008,0.41,400,0.41
2011-12-09,0.4005,0.44,0.4005,0.44,2200,0.44
2011-12-08,0.42,0.4399,0.40,0.40,6500,0.40
2011-12-07,0.42,0.4349,0.41,0.41,19700,0.41
2011-12-06,0.48,0.48,0.41,0.43,28400,0.43
2011-12-05,0.38,0.47,0.38,0.43,21800,0.43
2011-12-02,0.3805,0.3901,0.38,0.39,4200,0.39
2011-12-01,0.3815,0.42,0.38,0.38,9800,0.38
2011-11-30,0.45,0.45,0.39,0.39,34800,0.39
2011-11-29,0.40,0.4299,0.38,0.42,23300,0.42
2011-11-28,0.40,0.43,0.40,0.40,8800,0.40
2011-11-25,0.40,0.40,0.40,0.40,000,0.40
2011-11-24,0.40,0.40,0.40,0.40,000,0.40
2011-11-23,0.4021,0.445,0.40,0.40,5000,0.40
2011-11-22,0.3995,0.45,0.3995,0.401,3100,0.401
2011-11-21,0.47,0.47,0.38,0.40,31300,0.40
2011-11-18,0.4544,0.47,0.4136,0.42,400,0.42
2011-11-17,0.41,0.47,0.41,0.47,32800,0.47
2011-11-16,0.46,0.46,0.43,0.43,1100,0.43
2011-11-15,0.47,0.47,0.4023,0.4576,19300,0.4576
2011-11-14,0.41,0.42,0.40,0.40,3400,0.40
2011-11-11,0.48,0.48,0.41,0.46,3100,0.46
2011-11-10,0.432,0.4796,0.40,0.43,13000,0.43
2011-11-09,0.45,0.50,0.45,0.4892,5000,0.4892
2011-11-08,0.40,0.495,0.40,0.49,19100,0.49
2011-11-07,0.46,0.47,0.4225,0.46,13800,0.46
2011-11-04,0.45,0.45,0.4499,0.45,1100,0.45
2011-11-03,0.45,0.46,0.43,0.43,24000,0.43
2011-11-02,0.44,0.46,0.44,0.44,9000,0.44
2011-11-01,0.4002,0.44,0.4001,0.41,1700,0.41
2011-10-31,0.405,0.4341,0.40,0.4341,1200,0.4341
2011-10-28,0.42,0.4546,0.402,0.4101,17300,0.4101
2011-10-27,0.46,0.50,0.3902,0.44,12700,0.44
2011-10-26,0.42,0.4899,0.38,0.38,12100,0.38
2011-10-25,0.49,0.50,0.40,0.50,4700,0.50
2011-10-24,0.44,0.48,0.383,0.43,6000,0.43
2011-10-21,0.40,0.48,0.3801,0.4501,10400,0.4501
2011-10-20,0.39,0.391,0.35,0.36,7200,0.36
2011-10-19,0.36,0.36,0.3502,0.36,3200,0.36
2011-10-18,0.35,0.482,0.35,0.3501,9500,0.3501
2011-10-17,0.40,0.40,0.3684,0.40,5300,0.40
2011-10-14,0.37,0.39,0.30,0.39,39900,0.39
2011-10-13,0.4128,0.43,0.38,0.40,1800,0.40
2011-10-12,0.38,0.4819,0.38,0.43,2000,0.43
2011-10-11,0.38,0.44,0.38,0.44,500,0.44
2011-10-10,0.43,0.482,0.38,0.40,12500,0.40
2011-10-07,0.46,0.4601,0.40,0.45,5000,0.45
2011-10-06,0.46,0.46,0.46,0.46,100,0.46
2011-10-04,0.33,0.517,0.25,0.50,38100,0.50
2011-10-03,0.45,0.50,0.37,0.37,16900,0.37
2011-09-30,0.45,0.5299,0.45,0.50,56700,0.50
2011-09-29,0.411,0.4888,0.4107,0.45,10000,0.45
2011-09-28,0.4368,0.53,0.41,0.43,19100,0.43
2011-09-27,0.4021,0.4992,0.385,0.42,12300,0.42
2011-09-26,0.51,0.54,0.42,0.421,4600,0.421
2011-09-23,0.44,0.56,0.44,0.49,14700,0.49
2011-09-22,0.51,0.55,0.40,0.55,24600,0.55
2011-09-21,0.541,0.55,0.54,0.54,3300,0.54
2011-09-20,0.54,0.5518,0.54,0.54,15200,0.54
2011-09-19,0.57,0.59,0.57,0.5864,5000,0.5864
2011-09-16,0.60,0.63,0.53,0.53,19600,0.53
2011-09-15,0.64,0.64,0.56,0.61,19600,0.61
2011-09-14,0.67,0.67,0.67,0.67,700,0.67
2011-09-13,0.67,0.67,0.62,0.65,2300,0.65
2011-09-12,0.6201,0.68,0.60,0.68,4200,0.68
2011-09-09,0.66,0.66,0.62,0.62,2600,0.62
2011-09-08,0.68,0.68,0.65,0.65,6500,0.65
2011-09-07,0.69,0.69,0.61,0.65,2000,0.65
2011-09-06,0.69,0.69,0.65,0.65,2100,0.65
2011-09-02,0.70,0.70,0.64,0.64,1800,0.64
2011-09-01,0.70,0.70,0.65,0.70,71600,0.70
2011-08-31,0.61,0.70,0.52,0.62,31200,0.62
2011-08-30,0.6196,0.6196,0.6196,0.6196,900,0.6196
2011-08-29,0.69,0.70,0.62,0.6591,26100,0.6591
2011-08-26,0.63,0.69,0.62,0.68,11200,0.68
2011-08-25,0.65,0.65,0.61,0.61,4400,0.61
2011-08-24,0.67,0.70,0.623,0.63,11600,0.63
2011-08-23,0.70,0.72,0.61,0.6634,23400,0.6634
2011-08-22,0.60,0.70,0.60,0.64,6900,0.64
2011-08-19,0.62,0.6701,0.60,0.61,49400,0.61
2011-08-18,0.70,0.70,0.62,0.62,7100,0.62
2011-08-17,0.76,0.80,0.69,0.70,22100,0.70
2011-08-16,0.70,0.80,0.49,0.6876,112000,0.6876
2011-08-15,0.85,0.89,0.78,0.78,21900,0.78
2011-08-12,0.85,0.8901,0.85,0.85,78700,0.85
2011-08-11,0.90,0.90,0.85,0.85,8000,0.85
2011-08-10,0.85,0.8568,0.85,0.8568,4700,0.8568
2011-08-09,0.86,0.87,0.85,0.85,29200,0.85
2011-08-08,0.87,0.893,0.87,0.893,5100,0.893
2011-08-05,0.89,0.908,0.88,0.8835,2800,0.8835
2011-08-04,0.99,0.994,0.91,0.915,9200,0.915
2011-08-03,0.90,0.99,0.88,0.99,57300,0.99
2011-08-02,0.89,0.95,0.88,0.95,9700,0.95
2011-08-01,0.90,0.90,0.87,0.90,3200,0.90
2011-07-29,0.95,0.95,0.95,0.95,800,0.95
2011-07-28,0.95,0.9828,0.95,0.95,1400,0.95
2011-07-27,0.9501,0.9501,0.95,0.95,2000,0.95
2011-07-26,0.99,0.99,0.95,0.95,2300,0.95
2011-07-25,0.97,1.032,0.97,0.99,17400,0.99
2011-07-22,0.91,1.02,0.91,0.93,31400,0.93
2011-07-21,0.95,0.95,0.905,0.905,35200,0.905
2011-07-20,0.91,0.948,0.91,0.948,4200,0.948
2011-07-19,0.9101,0.9101,0.91,0.91,1000,0.91
2011-07-18,0.91,0.91,0.91,0.91,200,0.91
2011-07-15,0.93,0.93,0.91,0.91,200,0.91
2011-07-14,0.98,0.9812,0.88,0.8956,34200,0.8956
2011-07-13,0.98,0.98,0.97,0.97,8200,0.97
2011-07-12,0.97,1.0001,0.92,0.92,15800,0.92
2011-07-11,1.00,1.00,0.95,0.95,2400,0.95
2011-07-08,0.94,0.94,0.94,0.94,500,0.94
2011-07-07,1.005,1.005,1.00,1.00,4100,1.00
2011-07-06,0.99,1.00,0.98,0.99,55500,0.99
2011-07-05,0.995,1.00,0.98,0.98,16600,0.98
2011-07-01,0.96,1.01,0.95,1.01,123700,1.01
2011-06-30,0.97,1.03,0.97,0.99,35400,0.99
2011-06-29,0.99,1.00,0.9501,0.9501,46900,0.9501
2011-06-28,1.01,1.04,0.99,1.005,33200,1.005
2011-06-27,1.03,1.05,0.99,0.99,89500,0.99
2011-06-24,1.02,1.02,1.00,1.02,15400,1.02
2011-06-23,1.02,1.03,0.9602,1.00,3200,1.00
2011-06-22,0.99,1.02,0.92,0.92,99100,0.92
2011-06-21,1.01,1.01,0.98,0.98,14800,0.98
2011-06-20,0.93,1.002,0.93,0.98,46200,0.98
2011-06-17,0.96,0.97,0.95,0.97,3100,0.97
2011-06-16,0.90,0.99,0.85,0.932,66600,0.932
2011-06-15,0.813,0.88,0.813,0.84,16900,0.84
2011-06-14,0.80,0.89,0.7601,0.84,42200,0.84
2011-06-13,0.86,0.8977,0.7526,0.80,61300,0.80
2011-06-10,0.87,0.92,0.83,0.88,25500,0.88
2011-06-09,0.90,0.90,0.88,0.90,19400,0.90
2011-06-08,0.98,1.00,0.89,0.92,102100,0.92
2011-06-07,0.99,0.9999,0.98,0.9999,18700,0.9999
2011-06-06,1.00,1.01,0.9359,1.00,179200,1.00
2011-06-03,1.00,1.00,0.96,0.99,9900,0.99
2011-06-02,1.08,1.0891,0.96,0.9999,88300,0.9999
2011-06-01,1.055,1.0799,1.03,1.03,24200,1.03
2011-05-31,1.04,1.3992,1.03,1.03,348500,1.03
2011-05-27,1.10,1.10,1.03,1.04,16800,1.04
2011-05-26,1.06,1.10,1.06,1.08,63000,1.08
2011-05-25,1.08,1.09,1.07,1.07,14800,1.07
2011-05-24,1.13,1.13,1.06,1.06,17200,1.06
2011-05-23,1.04,1.13,1.0129,1.10,34700,1.10
2011-05-20,1.13,1.15,1.06,1.06,94100,1.06
2011-05-19,1.21,1.21,1.10,1.13,43700,1.13
2011-05-18,1.16,1.22,1.12,1.21,12700,1.21
2011-05-17,1.20,1.21,1.15,1.15,51100,1.15
2011-05-16,1.26,1.28,1.20,1.2001,78500,1.2001
2011-05-13,1.30,1.3299,1.25,1.25,41700,1.25
2011-05-12,1.45,1.45,1.25,1.31,71100,1.31
2011-05-11,1.27,1.78,1.27,1.50,217500,1.50
2011-05-10,1.25,1.28,1.25,1.27,7100,1.27
2011-05-09,1.2799,1.2799,1.2799,1.2799,600,1.2799
2011-05-06,1.26,1.28,1.25,1.25,2700,1.25
2011-05-05,1.26,1.29,1.25,1.2601,17000,1.2601
2011-05-04,1.29,1.29,1.25,1.25,11300,1.25
2011-05-03,1.26,1.28,1.25,1.28,2500,1.28
2011-05-02,1.26,1.30,1.25,1.26,22000,1.26
2011-04-29,1.29,1.31,1.28,1.31,2700,1.31
2011-04-28,1.31,1.31,1.28,1.29,3800,1.29
2011-04-27,1.31,1.36,1.29,1.30,3900,1.30
2011-04-26,1.36,1.36,1.27,1.30,10500,1.30
2011-04-25,1.38,1.38,1.33,1.36,5900,1.36
2011-04-21,1.32,1.38,1.21,1.38,29700,1.38
2011-04-20,1.32,1.39,1.30,1.3194,11600,1.3194
2011-04-19,1.29,1.34,1.28,1.29,23900,1.29
2011-04-18,1.32,1.32,1.28,1.28,7400,1.28
2011-04-15,1.30,1.32,1.27,1.30,12400,1.30
2011-04-14,1.27,1.32,1.26,1.29,13000,1.29
2011-04-13,1.30,1.37,1.27,1.27,15900,1.27
2011-04-12,1.32,1.36,1.28,1.28,3200,1.28
2011-04-11,1.405,1.405,1.29,1.34,28300,1.34
2011-04-08,1.42,1.42,1.35,1.42,7700,1.42
2011-04-07,1.38,1.42,1.38,1.38,9100,1.38
2011-04-06,1.33,1.39,1.28,1.36,10800,1.36
2011-04-05,1.32,1.36,1.30,1.36,3900,1.36
2011-04-04,1.44,1.43,1.26,1.38,37900,1.38
2011-04-01,1.46,1.47,1.411,1.44,9800,1.44
2011-03-31,1.52,1.57,1.47,1.47,24000,1.47
2011-03-30,1.51,1.5399,1.46,1.52,6000,1.52
2011-03-29,1.45,1.51,1.42,1.51,8900,1.51
2011-03-28,1.51,1.51,1.43,1.43,6200,1.43
2011-03-25,1.55,1.55,1.47,1.49,9200,1.49
2011-03-24,1.61,1.63,1.53,1.53,3500,1.53
2011-03-23,1.55,1.5512,1.50,1.54,4100,1.54
2011-03-22,1.50,1.55,1.45,1.50,6500,1.50
2011-03-21,1.41,1.5501,1.41,1.47,53300,1.47
2011-03-18,1.43,1.508,1.36,1.41,20600,1.41
2011-03-17,1.49,1.49,1.34,1.40,10000,1.40
2011-03-16,1.52,1.55,1.38,1.43,33700,1.43
2011-03-15,1.47,1.54,1.47,1.50,30600,1.50
2011-03-14,1.67,1.67,1.40,1.46,117600,1.46
2011-03-11,1.40,1.74,1.37,1.73,140600,1.73
2011-03-10,1.45,1.54,1.37,1.50,64500,1.50
2011-03-09,1.45,1.45,1.41,1.43,37400,1.43
2011-03-08,1.42,1.45,1.38,1.40,48200,1.40
2011-03-07,1.53,1.53,1.42,1.45,45300,1.45
2011-03-04,1.57,1.60,1.54,1.5526,93800,1.5526
2011-03-03,1.57,1.6299,1.56,1.60,36100,1.60
2011-03-02,1.58,1.61,1.55,1.58,12600,1.58
2011-03-01,1.59,1.70,1.53,1.61,71200,1.61
2011-02-28,1.56,1.70,1.51,1.60,48400,1.60
2011-02-25,1.58,1.66,1.55,1.66,29800,1.66
2011-02-24,1.47,1.56,1.46,1.54,21900,1.54
2011-02-23,1.57,1.57,1.46,1.47,64700,1.47
2011-02-22,1.77,1.77,1.50,1.60,88900,1.60
2011-02-18,1.79,1.80,1.72,1.77,95000,1.77
2011-02-17,1.72,1.87,1.65,1.75,89300,1.75
2011-02-16,1.57,1.75,1.57,1.685,227300,1.685
2011-02-15,1.75,1.79,1.51,1.59,240200,1.59
2011-02-14,1.54,2.50,1.54,1.79,1032400,1.79
2011-02-11,1.38,1.68,1.38,1.52,359700,1.52
2011-02-10,1.35,1.37,1.35,1.37,5700,1.37
2011-02-09,1.35,1.39,1.33,1.35,16700,1.35
2011-02-08,1.35,1.41,1.35,1.36,16300,1.36
2011-02-07,1.38,1.44,1.35,1.40,22100,1.40
2011-02-04,1.40,1.41,1.35,1.37,12500,1.37
2011-02-03,1.38,1.45,1.334,1.446,43600,1.446
2011-02-02,1.24,1.44,1.23,1.38,69900,1.38
2011-02-01,1.29,1.35,1.16,1.24,163300,1.24
2011-01-31,1.25,1.29,1.22,1.28,29800,1.28
2011-01-28,1.21,1.26,1.20,1.25,56600,1.25
2011-01-27,1.20,1.25,1.20,1.22,9900,1.22
2011-01-26,1.21,1.30,1.15,1.20,75200,1.20
2011-01-25,1.17,1.21,1.17,1.20,19700,1.20
2011-01-24,1.18,1.21,1.16,1.17,10600,1.17
2011-01-21,1.17,1.20,1.17,1.18,1500,1.18
2011-01-20,1.18,1.21,1.14,1.20,17300,1.20
2011-01-19,1.18,1.21,1.1652,1.21,3000,1.21
2011-01-18,1.16,1.2201,1.16,1.19,21900,1.19
2011-01-14,1.21,1.23,1.18,1.18,4500,1.18
2011-01-13,1.24,1.24,1.14,1.15,33400,1.15
2011-01-12,1.25,1.25,1.22,1.24,9300,1.24
2011-01-11,1.25,1.25,1.21,1.2399,13900,1.2399
2011-01-10,1.23,1.25,1.21,1.25,20600,1.25
2011-01-07,1.24,1.24,1.16,1.20,8800,1.20
2011-01-06,1.25,1.25,1.21,1.23,5300,1.23
2011-01-05,1.24,1.25,1.2201,1.25,34600,1.25
2011-01-04,1.22,1.25,1.19,1.25,19600,1.25
2011-01-03,1.20,1.23,1.20,1.22,12200,1.22
2010-12-31,1.17,1.22,1.1406,1.2128,55100,1.2128
2010-12-30,1.16,1.17,1.1375,1.17,29000,1.17
2010-12-29,1.14,1.16,1.14,1.16,29100,1.16
2010-12-28,1.20,1.20,1.1125,1.14,48800,1.14
2010-12-27,1.19,1.19,1.16,1.19,14300,1.19
2010-12-23,1.14,1.19,1.14,1.17,20600,1.17
2010-12-22,1.12,1.21,1.10,1.1599,125100,1.1599
2010-12-21,1.18,1.21,1.16,1.20,17900,1.20
2010-12-20,1.16,1.21,1.15,1.17,40600,1.17
2010-12-17,1.20,1.25,1.15,1.15,17600,1.15
2010-12-16,1.16,1.20,1.16,1.20,9200,1.20
2010-12-15,1.18,1.21,1.17,1.17,7700,1.17
2010-12-14,1.16,1.20,1.16,1.20,11000,1.20
2010-12-13,1.20,1.23,1.16,1.18,39200,1.18
2010-12-10,1.19,1.20,1.18,1.20,22600,1.20
2010-12-09,1.19,1.22,1.19,1.1901,34100,1.1901
2010-12-08,1.16,1.22,1.16,1.18,21500,1.18
2010-12-07,1.22,1.22,1.15,1.15,71900,1.15
2010-12-06,1.22,1.25,1.20,1.2001,21300,1.2001
2010-12-03,1.19,1.25,1.18,1.2101,14400,1.2101
2010-12-02,1.21,1.25,1.1903,1.1903,16000,1.1903
2010-12-01,1.26,1.30,1.21,1.23,61100,1.23
2010-11-30,1.30,1.30,1.23,1.30,17900,1.30
2010-11-29,1.20,1.33,1.20,1.30,28900,1.30
2010-11-26,1.22,1.25,1.20,1.20,5700,1.20
2010-11-24,1.27,1.32,1.24,1.24,106600,1.24
2010-11-23,1.27,1.29,1.26,1.28,3600,1.28
2010-11-22,1.27,1.29,1.26,1.28,19400,1.28
2010-11-19,1.24,1.25,1.19,1.25,41600,1.25
2010-11-18,1.25,1.31,1.18,1.24,42500,1.24
2010-11-17,1.24,1.29,1.24,1.27,13300,1.27
2010-11-16,1.25,1.28,1.24,1.26,16300,1.26
2010-11-15,1.29,1.30,1.28,1.28,27200,1.28
2010-11-12,1.31,1.32,1.29,1.29,17600,1.29
2010-11-11,1.30,1.33,1.29,1.33,8800,1.33
2010-11-10,1.30,1.35,1.30,1.30,20400,1.30
2010-11-09,1.33,1.37,1.255,1.30,54800,1.30
2010-11-08,1.33,1.45,1.30,1.389,64500,1.389
2010-11-05,1.27,1.34,1.27,1.32,13500,1.32
2010-11-04,1.30,1.31,1.25,1.27,26300,1.27
2010-11-03,1.30,1.3093,1.28,1.29,17900,1.29
2010-11-02,1.30,1.33,1.30,1.30,6800,1.30
2010-11-01,1.33,1.36,1.31,1.31,23300,1.31
2010-10-29,1.28,1.35,1.25,1.35,13800,1.35
2010-10-28,1.30,1.32,1.25,1.28,2900,1.28
2010-10-27,1.34,1.36,1.30,1.30,4300,1.30
2010-10-26,1.33,1.37,1.32,1.33,3400,1.33
2010-10-25,1.39,1.41,1.27,1.35,11600,1.35
2010-10-22,1.40,1.41,1.35,1.40,5000,1.40
2010-10-21,1.38,1.38,1.35,1.37,1000,1.37
2010-10-20,1.37,1.40,1.37,1.392,3400,1.392
2010-10-19,1.42,1.47,1.38,1.38,13700,1.38
2010-10-18,1.45,1.49,1.40,1.43,20200,1.43
2010-10-15,1.45,1.45,1.43,1.45,1900,1.45
2010-10-14,1.42,1.50,1.42,1.44,5000,1.44
2010-10-13,1.54,1.54,1.42,1.42,30000,1.42
2010-10-12,1.48,1.55,1.48,1.494,14200,1.494
2010-10-11,1.50,1.51,1.46,1.48,28500,1.48
2010-10-08,1.57,1.57,1.48,1.53,6300,1.53
2010-10-07,1.58,1.59,1.58,1.58,7400,1.58
2010-10-06,1.53,1.60,1.52,1.57,8800,1.57
2010-10-05,1.57,1.63,1.47,1.53,13400,1.53
2010-10-04,1.62,1.64,1.62,1.62,53300,1.62
2010-10-01,1.65,1.65,1.63,1.64,700,1.64
2010-09-30,1.66,1.66,1.62,1.66,13100,1.66
2010-09-29,1.65,1.72,1.65,1.69,8000,1.69
2010-09-28,1.58,1.70,1.576,1.64,12800,1.64
2010-09-27,1.69,1.70,1.58,1.58,21700,1.58
2010-09-24,1.63,1.72,1.59,1.71,25500,1.71
2010-09-23,1.60,1.67,1.58,1.6599,8900,1.6599
2010-09-22,1.62,1.7099,1.58,1.60,32600,1.60
2010-09-21,1.62,1.66,1.62,1.66,4200,1.66
2010-09-20,1.65,1.74,1.64,1.65,11700,1.65
2010-09-17,1.67,1.77,1.56,1.67,27600,1.67
2010-09-16,1.54,1.66,1.54,1.66,12000,1.66
2010-09-15,1.54,1.55,1.50,1.55,3700,1.55
2010-09-14,1.51,1.55,1.50,1.54,43300,1.54
2010-09-13,1.52,1.57,1.50,1.55,5400,1.55
2010-09-10,1.53,1.59,1.51,1.51,5800,1.51
2010-09-09,1.56,1.60,1.55,1.55,30700,1.55
2010-09-08,1.60,1.61,1.50,1.52,30500,1.52
2010-09-07,1.56,1.59,1.55,1.59,1500,1.59
2010-09-03,1.62,1.63,1.59,1.59,3600,1.59
2010-09-02,1.53,1.65,1.53,1.65,47100,1.65
2010-09-01,1.58,1.58,1.52,1.53,4700,1.53
2010-08-31,1.52,1.60,1.52,1.60,3400,1.60
2010-08-30,1.51,1.54,1.50,1.52,4400,1.52
2010-08-27,1.60,1.60,1.50,1.51,13100,1.51
2010-08-26,1.62,1.67,1.59,1.63,26600,1.63
2010-08-25,1.55,1.61,1.55,1.58,12100,1.58
2010-08-24,1.57,1.58,1.519,1.57,11900,1.57
2010-08-23,1.49,1.57,1.48,1.53,13300,1.53
2010-08-20,1.50,1.535,1.47,1.535,11100,1.535
2010-08-19,1.46,1.4901,1.44,1.49,6900,1.49
2010-08-17,1.46,1.48,1.46,1.46,10700,1.46
2010-08-16,1.46,1.49,1.46,1.46,21400,1.46
2010-08-13,1.46,1.47,1.45,1.46,12300,1.46
2010-08-12,1.47,1.48,1.46,1.48,13700,1.48
2010-08-11,1.30,1.49,1.30,1.46,54600,1.46
2010-08-10,1.48,1.53,1.47,1.475,6800,1.475
2010-08-09,1.50,1.52,1.47,1.48,5200,1.48
2010-08-06,1.47,1.48,1.46,1.48,6900,1.48
2010-08-05,1.46,1.50,1.421,1.50,4800,1.50
2010-08-04,1.47,1.47,1.44,1.46,2200,1.46
2010-08-03,1.48,1.49,1.46,1.4899,2500,1.4899
2010-08-02,1.48,1.50,1.46,1.47,21800,1.47
2010-07-30,1.48,1.53,1.46,1.52,32700,1.52
2010-07-29,1.45,1.49,1.42,1.48,13500,1.48
2010-07-28,1.41,1.44,1.41,1.42,2900,1.42
2010-07-27,1.37,1.4996,1.37,1.42,21700,1.42
2010-07-26,1.46,1.54,1.43,1.50,3100,1.50
2010-07-23,1.45,1.57,1.41,1.57,7300,1.57
2010-07-22,1.43,1.45,1.41,1.45,4600,1.45
2010-07-21,1.43,1.43,1.43,1.43,800,1.43
2010-07-20,1.39,1.43,1.39,1.42,24400,1.42
2010-07-19,1.42,1.43,1.40,1.4299,19000,1.4299
2010-07-16,1.43,1.43,1.40,1.43,27000,1.43
2010-07-15,1.40,1.49,1.24,1.4001,40100,1.4001
2010-07-14,1.35,1.50,1.35,1.40,16400,1.40
2010-07-13,1.39,1.45,1.33,1.33,6200,1.33
2010-07-12,1.36,1.50,1.36,1.40,28900,1.40
2010-07-09,1.40,1.40,1.30,1.38,30500,1.38
2010-07-08,1.46,1.47,1.37,1.43,21900,1.43
2010-07-07,1.41,1.46,1.40,1.43,7500,1.43
2010-07-06,1.45,1.48,1.36,1.45,27400,1.45
2010-07-02,1.50,1.56,1.48,1.51,3600,1.51
2010-07-01,1.54,1.54,1.45,1.50,16800,1.50
2010-06-30,1.59,1.62,1.50,1.55,23900,1.55
2010-06-29,1.64,1.66,1.64,1.66,600,1.66
2010-06-28,1.59,1.70,1.59,1.70,14300,1.70
2010-06-25,1.64,1.70,1.53,1.70,25400,1.70
2010-06-24,1.61,1.62,1.56,1.60,1600,1.60
2010-06-23,1.53,1.64,1.52,1.58,7900,1.58
2010-06-22,1.65,1.70,1.50,1.56,32400,1.56
2010-06-21,1.69,1.70,1.64,1.65,9400,1.65
2010-06-18,1.66,1.69,1.624,1.69,2700,1.69
2010-06-17,1.71,1.73,1.62,1.62,15700,1.62
2010-06-16,1.67,1.70,1.67,1.70,2000,1.70
2010-06-15,1.67,1.70,1.67,1.69,12100,1.69
2010-06-14,1.66,1.69,1.66,1.66,700,1.66
2010-06-11,1.74,1.74,1.6325,1.65,1800,1.65
2010-06-10,1.74,1.74,1.58,1.67,32600,1.67
2010-06-09,1.65,1.87,1.58,1.58,27400,1.58
2010-06-08,1.64,1.68,1.62,1.62,21900,1.62
2010-06-07,1.69,1.69,1.64,1.66,2400,1.66
2010-06-04,1.67,1.69,1.64,1.67,6500,1.67
2010-06-03,1.66,1.69,1.65,1.66,3700,1.66
2010-06-02,1.65,1.69,1.65,1.69,2100,1.69
2010-06-01,1.63,1.69,1.63,1.69,4500,1.69
2010-05-28,1.67,1.70,1.67,1.67,1700,1.67
2010-05-27,1.61,1.74,1.60,1.72,10200,1.72
2010-05-26,1.75,1.80,1.58,1.58,38700,1.58
2010-05-25,1.67,1.77,1.60,1.70,16500,1.70
2010-05-24,1.62,1.77,1.61,1.70,21200,1.70
2010-05-21,1.58,1.71,1.58,1.67,39200,1.67
2010-05-20,1.65,1.65,1.58,1.61,14600,1.61
2010-05-19,1.69,1.75,1.63,1.67,24800,1.67
2010-05-18,1.84,1.88,1.68,1.70,79200,1.70
2010-05-17,1.96,1.98,1.81,1.88,43700,1.88
2010-05-14,2.01,2.06,1.93,1.96,39100,1.96
2010-05-13,2.02,2.10,2.01,2.04,12800,2.04
2010-05-12,2.01,2.05,2.00,2.0499,5000,2.0499
2010-05-11,2.12,2.16,2.00,2.00,29900,2.00
2010-05-10,2.37,2.37,2.1801,2.20,53500,2.20
2010-05-07,2.01,2.20,2.01,2.18,68900,2.18
2010-05-06,1.92,2.04,1.92,2.03,52400,2.03
2010-05-05,1.96,2.00,1.91,1.92,34000,1.92
2010-05-04,2.02,2.03,1.98,1.99,24000,1.99
2010-05-03,1.96,2.0599,1.96,2.05,7100,2.05
2010-04-30,2.03,2.03,1.97,1.97,16600,1.97
2010-04-29,2.05,2.06,2.01,2.02,8200,2.02
2010-04-28,2.04,2.04,2.02,2.02,22800,2.02
2010-04-27,2.10,2.16,2.03,2.05,31800,2.05
2010-04-26,2.12,2.13,2.09,2.12,13800,2.12
2010-04-23,2.08,2.11,2.06,2.08,9400,2.08
2010-04-22,2.08,2.11,2.07,2.08,11600,2.08
2010-04-21,2.00,2.10,2.00,2.09,54200,2.09
2010-04-20,2.01,2.03,2.01,2.03,33400,2.03
2010-04-19,2.01,2.05,2.01,2.05,23300,2.05
2010-04-16,2.08,2.11,2.01,2.01,42900,2.01
2010-04-15,2.10,2.13,2.06,2.06,17400,2.06
2010-04-14,2.12,2.14,2.05,2.05,47200,2.05
2010-04-13,2.09,2.09,2.08,2.08,30600,2.08
2010-04-12,2.02,2.21,2.01,2.13,325500,2.13
2010-04-09,2.18,2.22,2.01,2.05,66100,2.05
2010-04-08,2.12,2.1399,2.04,2.06,8600,2.06
2010-04-07,2.14,2.17,2.08,2.113,18000,2.113
2010-04-06,2.02,2.15,2.00,2.10,46500,2.10
2010-04-05,2.08,2.09,2.00,2.06,11300,2.06
2010-04-01,2.00,2.07,1.99,2.07,14500,2.07
2010-03-31,2.00,2.059,2.00,2.03,6600,2.03
2010-03-30,2.08,2.0801,1.98,2.03,14000,2.03
2010-03-29,2.07,2.08,2.01,2.08,11700,2.08
2010-03-26,1.99,2.05,1.97,2.0101,6700,2.0101
2010-03-25,2.00,2.08,1.95,1.96,38700,1.96
2010-03-24,2.05,2.09,2.00,2.01,27800,2.01
2010-03-23,2.07,2.07,1.99,2.0119,28600,2.0119
2010-03-22,2.06,2.06,1.98,2.0399,73700,2.0399
2010-03-19,2.01,2.12,1.99,2.12,50900,2.12
2010-03-18,2.03,2.06,1.98,2.06,43400,2.06
2010-03-17,1.99,2.05,1.99,2.03,17800,2.03
2010-03-16,2.05,2.05,1.96,1.96,33300,1.96
2010-03-15,2.04,2.05,2.03,2.04,19100,2.04
2010-03-12,2.04,2.1299,2.00,2.06,23200,2.06
2010-03-11,2.04,2.08,2.03,2.03,14900,2.03
2010-03-10,2.01,2.08,1.93,2.01,88300,2.01
2010-03-09,2.05,2.17,2.05,2.1696,56600,2.1696
2010-03-08,2.07,2.09,2.05,2.08,12000,2.08
2010-03-05,1.99,2.07,1.97,2.07,20600,2.07
2010-03-04,1.96,2.03,1.96,2.03,4200,2.03
2010-03-03,1.96,2.03,1.95,1.99,7700,1.99
2010-03-02,1.92,2.03,1.92,1.99,6100,1.99
2010-03-01,1.94,2.03,1.92,1.93,17000,1.93
2010-02-26,1.91,1.98,1.89,1.98,21800,1.98
2010-02-25,1.90,1.98,1.90,1.92,10200,1.92
2010-02-24,1.92,2.0499,1.90,1.94,11300,1.94
2010-02-23,1.98,1.99,1.88,1.94,16900,1.94
2010-02-22,2.04,2.07,1.95,2.01,34900,2.01
2010-02-19,1.91,2.04,1.91,2.04,85300,2.04
2010-02-18,1.88,1.95,1.87,1.88,55500,1.88
2010-02-17,1.91,1.92,1.876,1.8999,36400,1.8999
2010-02-16,1.91,1.95,1.91,1.93,26600,1.93
2010-02-12,2.00,2.00,1.90,1.94,31900,1.94
2010-02-11,2.05,2.05,1.95,2.00,22600,2.00
2010-02-10,1.99,2.06,1.9501,1.98,16200,1.98
2010-02-09,1.99,1.99,1.96,1.97,3000,1.97
2010-02-08,1.97,2.02,1.95,1.99,16000,1.99
2010-02-05,1.97,2.04,1.95,1.98,9900,1.98
2010-02-04,1.96,2.04,1.95,1.98,16100,1.98
2010-02-03,1.96,2.06,1.95,1.95,36300,1.95
2010-02-02,2.04,2.08,1.97,1.98,11800,1.98
2010-02-01,2.04,2.10,2.01,2.04,33200,2.04
2010-01-29,2.01,2.14,2.00,2.00,28300,2.00
2010-01-28,2.03,2.13,2.01,2.07,20500,2.07
2010-01-27,2.07,2.12,2.07,2.1199,8600,2.1199
2010-01-26,2.08,2.14,1.97,2.10,29700,2.10
2010-01-25,2.04,2.15,1.97,2.09,51600,2.09
2010-01-22,2.09,2.10,1.96,1.97,49300,1.97
2010-01-21,2.07,2.10,2.0601,2.09,10400,2.09
2010-01-20,2.10,2.12,2.09,2.10,17500,2.10
2010-01-19,2.10,2.15,2.09,2.09,14600,2.09
2010-01-15,2.25,2.28,2.13,2.17,43700,2.17
2010-01-14,2.20,2.33,2.20,2.32,12000,2.32
2010-01-13,2.26,2.32,2.20,2.24,11900,2.24
2010-01-12,2.27,2.32,2.23,2.28,26700,2.28
2010-01-11,2.33,2.38,2.23,2.30,42600,2.30
2010-01-08,2.28,2.35,2.27,2.32,25800,2.32
2010-01-07,2.22,2.28,2.22,2.25,21500,2.25
2010-01-06,2.26,2.28,2.175,2.22,32700,2.22
2010-01-05,2.19,2.20,2.1309,2.16,21900,2.16
2010-01-04,2.06,2.2297,2.00,2.21,49700,2.21
2009-12-31,1.99,2.03,1.96,2.00,21200,2.00
2009-12-30,1.93,2.08,1.90,1.9701,118200,1.9701
2009-12-29,1.98,2.00,1.93,1.97,71800,1.97
2009-12-28,2.00,2.00,1.95,1.99,76000,1.99
2009-12-24,1.98,2.00,1.98,1.99,24500,1.99
2009-12-23,2.07,2.13,1.97,2.00,47100,2.00
2009-12-22,2.13,2.15,2.07,2.07,16200,2.07
2009-12-21,2.00,2.20,1.97,2.15,83100,2.15
2009-12-18,2.11,2.15,1.88,2.00,147700,2.00
2009-12-17,2.10,2.49,2.08,2.14,253400,2.14
2009-12-16,2.12,2.14,2.10,2.10,25400,2.10
2009-12-15,2.16,2.21,2.04,2.09,48400,2.09
2009-12-14,2.31,2.33,2.15,2.18,41200,2.18
2009-12-11,2.29,2.37,2.27,2.28,9600,2.28
2009-12-10,2.36,2.40,2.2885,2.40,58900,2.40
2009-12-09,2.43,2.43,2.39,2.39,23000,2.39
2009-12-08,2.35,2.4102,2.33,2.4102,29300,2.4102
2009-12-07,2.34,2.39,2.30,2.36,43200,2.36
2009-12-04,2.31,2.38,2.20,2.34,23300,2.34
2009-12-03,2.25,2.40,2.21,2.32,41900,2.32
2009-12-02,2.20,2.24,2.15,2.23,92600,2.23
2009-12-01,2.27,2.30,2.21,2.27,68600,2.27
2009-11-30,2.35,2.35,2.26,2.30,20300,2.30
2009-11-27,2.26,2.318,2.26,2.30,22000,2.30
2009-11-25,2.35,2.40,2.31,2.35,23900,2.35
2009-11-24,2.36,2.45,2.32,2.39,26700,2.39
2009-11-23,2.39,2.4599,2.38,2.39,42200,2.39
2009-11-20,2.44,2.45,2.34,2.42,50300,2.42
2009-11-19,2.52,2.55,2.3819,2.41,35100,2.41
2009-11-18,2.55,2.5699,2.50,2.52,33800,2.52
2009-11-17,2.52,2.60,2.50,2.55,16400,2.55
2009-11-16,2.67,2.73,2.55,2.56,30800,2.56
2009-11-13,2.76,2.76,2.65,2.70,28200,2.70
2009-11-12,3.02,3.09,2.72,2.78,37700,2.78
2009-11-11,2.90,2.95,2.77,2.85,56700,2.85
2009-11-10,2.83,2.98,2.75,2.98,80600,2.98
2009-11-09,2.94,3.03,2.75,2.92,72000,2.92
2009-11-06,2.98,2.99,2.922,2.99,12600,2.99
2009-11-05,2.89,3.00,2.85,2.97,22900,2.97
2009-11-04,2.90,2.98,2.83,2.83,14100,2.83
2009-11-03,2.77,2.90,2.77,2.90,52000,2.90
2009-11-02,2.90,2.94,2.77,2.81,26900,2.81
2009-10-30,2.97,3.00,2.90,2.90,31300,2.90
2009-10-29,2.95,3.05,2.95,2.97,12400,2.97
2009-10-28,2.97,3.03,2.95,2.97,17300,2.97
2009-10-27,3.10,3.10,2.97,3.00,21500,3.00
2009-10-26,3.00,3.22,3.00,3.097,17600,3.097
2009-10-23,3.05,3.09,2.95,3.00,21600,3.00
2009-10-22,3.05,3.19,3.02,3.02,21900,3.02
2009-10-21,3.02,3.09,3.01,3.02,20600,3.02
2009-10-20,3.01,3.09,3.00,3.07,34800,3.07
2009-10-19,3.10,3.15,3.00,3.07,54600,3.07
2009-10-16,3.27,3.31,3.11,3.11,8700,3.11
2009-10-15,3.32,3.34,3.19,3.24,8900,3.24
2009-10-14,3.30,3.3199,3.30,3.304,4000,3.304
2009-10-13,3.35,3.36,3.30,3.30,4500,3.30
2009-10-12,3.38,3.39,3.28,3.33,21200,3.33
2009-10-09,3.38,3.38,3.24,3.32,21900,3.32
2009-10-08,3.3099,3.33,3.274,3.32,4500,3.32
2009-10-07,3.25,3.30,3.20,3.28,17100,3.28
2009-10-06,3.25,3.34,3.25,3.25,18300,3.25
2009-10-05,3.09,3.32,3.08,3.24,60100,3.24
2009-10-02,3.30,3.31,3.07,3.14,62400,3.14
2009-10-01,3.48,3.48,3.29,3.34,32500,3.34
2009-09-30,3.45,3.48,3.42,3.48,16300,3.48
2009-09-29,3.50,3.50,3.42,3.47,9200,3.47
2009-09-28,3.68,3.74,3.42,3.49,45400,3.49
2009-09-25,3.66,3.66,3.63,3.63,16400,3.63
2009-09-24,3.76,3.76,3.62,3.63,33100,3.63
2009-09-23,3.74,3.7899,3.6527,3.68,12400,3.68
2009-09-22,3.92,3.99,3.7499,3.78,30200,3.78
2009-09-21,3.71,4.00,3.70,3.96,37300,3.96
2009-09-18,3.75,3.774,3.67,3.74,22100,3.74
2009-09-17,3.748,3.80,3.71,3.79,14800,3.79
2009-09-16,3.65,3.75,3.65,3.70,33900,3.70
2009-09-15,3.75,3.7699,3.68,3.69,32400,3.69
2009-09-14,3.647,3.91,3.647,3.75,18400,3.75
2009-09-11,3.61,3.67,3.51,3.65,27800,3.65
2009-09-10,3.77,3.77,3.55,3.60,31900,3.60
2009-09-09,3.83,3.90,3.7601,3.83,16800,3.83
2009-09-08,3.93,4.00,3.70,3.90,46100,3.90
2009-09-04,3.77,3.99,3.72,3.98,71400,3.98
2009-09-03,3.74,3.85,3.66,3.84,41800,3.84
2009-09-02,3.37,3.72,3.37,3.66,72100,3.66
2009-09-01,3.17,3.41,3.17,3.39,54500,3.39
2009-08-31,3.16,3.3101,3.16,3.27,19500,3.27
2009-08-28,3.11,3.18,3.11,3.1499,13400,3.1499
2009-08-27,3.10,3.16,3.05,3.144,12300,3.144
2009-08-26,3.06,3.10,3.04,3.06,14500,3.06
2009-08-25,3.10,3.10,3.0405,3.07,23400,3.07
2009-08-24,3.18,3.2799,3.05,3.05,42000,3.05
2009-08-21,3.17,3.40,3.10,3.12,39500,3.12
2009-08-20,3.03,3.32,3.02,3.12,19800,3.12
2009-08-19,3.12,3.124,3.01,3.06,31000,3.06
2009-08-18,3.21,3.21,3.10,3.15,19900,3.15
2009-08-17,3.50,3.50,3.11,3.16,42900,3.16
2009-08-14,3.61,3.63,3.43,3.55,34700,3.55
2009-08-13,3.85,3.95,3.61,3.64,44500,3.64
2009-08-12,3.93,3.9889,3.74,3.85,56200,3.85
2009-08-11,3.65,4.193,3.65,4.01,117900,4.01
2009-08-10,4.16,4.80,4.09,4.80,95100,4.80
2009-08-07,3.96,4.3289,3.96,4.28,28100,4.28
2009-08-06,3.98,4.00,3.76,3.92,42700,3.92
2009-08-05,4.15,4.185,3.85,3.86,48100,3.86
2009-08-04,4.21,4.47,4.15,4.15,26400,4.15
2009-08-03,4.34,4.41,4.21,4.21,24900,4.21
2009-07-31,4.36,4.45,4.33,4.36,20100,4.36
2009-07-30,4.29,4.50,4.28,4.36,36100,4.36
2009-07-29,4.17,4.36,4.17,4.27,30100,4.27
2009-07-28,4.21,4.25,4.16,4.22,25700,4.22
2009-07-27,3.99,4.32,3.99,4.23,65700,4.23
2009-07-24,3.72,4.10,3.70,3.90,34900,3.90
2009-07-23,3.75,3.89,3.37,3.67,73300,3.67
2009-07-22,3.31,3.87,3.31,3.82,75700,3.82
2009-07-21,3.18,3.3199,3.17,3.29,22400,3.29
2009-07-20,3.19,3.255,3.07,3.20,17900,3.20
2009-07-17,3.17,3.33,3.15,3.19,42100,3.19
2009-07-16,3.17,3.34,3.10,3.20,31100,3.20
2009-07-15,3.15,3.32,3.04,3.25,40900,3.25
2009-07-14,3.07,3.2005,2.95,3.16,73900,3.16
2009-07-13,3.19,3.2001,3.04,3.07,44500,3.07
2009-07-10,2.94,3.37,2.94,3.27,73900,3.27
2009-07-09,2.99,2.996,2.90,2.92,24300,2.92
2009-07-08,2.82,2.96,2.79,2.88,24700,2.88
2009-07-07,2.71,2.93,2.67,2.86,53400,2.86
2009-07-06,2.84,2.84,2.67,2.71,69800,2.71
2009-07-02,2.82,2.98,2.82,2.91,47300,2.91
2009-07-01,2.89,3.00,2.85,2.85,99100,2.85
2009-06-30,2.70,2.97,2.70,2.82,48600,2.82
2009-06-29,2.96,2.98,2.67,2.75,133700,2.75
2009-06-26,2.91,3.0798,2.87,2.96,441900,2.96
2009-06-25,2.88,3.11,2.78,2.99,49500,2.99
2009-06-24,2.70,3.00,2.70,2.87,77000,2.87
2009-06-23,2.79,2.79,2.61,2.67,68800,2.67
2009-06-22,2.85,2.93,2.72,2.77,67500,2.77
2009-06-19,2.97,3.03,2.72,2.85,89100,2.85
2009-06-18,3.09,3.15,2.94,2.95,49600,2.95
2009-06-17,3.43,3.43,3.09,3.09,47400,3.09
2009-06-16,3.34,3.36,3.14,3.14,61200,3.14
2009-06-15,3.36,3.46,3.23,3.24,44900,3.24
2009-06-12,3.45,3.4617,3.38,3.39,25000,3.39
2009-06-11,3.50,3.5101,3.3497,3.47,46200,3.47
2009-06-10,3.32,3.50,3.27,3.48,76700,3.48
2009-06-09,3.19,3.32,3.1624,3.31,48700,3.31
2009-06-08,3.03,3.31,3.03,3.16,106800,3.16
2009-06-05,3.22,3.25,3.12,3.15,52500,3.15
2009-06-04,3.23,3.24,3.05,3.21,68400,3.21
2009-06-03,3.09,3.24,3.01,3.18,87900,3.18
2009-06-02,3.12,3.17,3.05,3.09,71700,3.09
2009-06-01,3.12,3.26,3.09,3.12,74900,3.12
2009-05-29,3.29,3.40,3.07,3.07,55000,3.07
2009-05-28,2.98,3.34,2.87,3.21,86200,3.21
2009-05-27,3.26,3.29,2.97,2.99,89000,2.99
2009-05-26,3.32,3.35,3.1901,3.26,79200,3.26
2009-05-22,3.47,3.47,3.30,3.32,49300,3.32
2009-05-21,3.75,3.75,3.43,3.51,53300,3.51
2009-05-20,3.86,3.93,3.80,3.83,24300,3.83
2009-05-19,3.76,3.91,3.70,3.88,78500,3.88
2009-05-18,4.09,4.09,3.26,3.76,138600,3.76
2009-05-15,4.00,4.11,3.92,4.07,72100,4.07
2009-05-14,3.93,3.98,3.80,3.92,15700,3.92
2009-05-13,4.06,4.11,3.83,3.84,34900,3.84
2009-05-12,4.01,4.11,4.00,4.11,43200,4.11
2009-05-11,4.00,4.03,3.90,3.98,36300,3.98
2009-05-08,4.10,4.271,3.90,4.13,67100,4.13
2009-05-07,4.24,4.31,4.20,4.23,45300,4.23
2009-05-06,4.34,4.34,4.09,4.18,77500,4.18
2009-05-05,3.78,4.34,3.77,4.28,116600,4.28
2009-05-04,4.16,4.16,3.89,3.92,56100,3.92
2009-05-01,4.07,4.25,4.00,4.02,22800,4.02
2009-04-30,4.10,4.18,4.09,4.12,27300,4.12
2009-04-29,3.90,4.06,3.80,4.06,27000,4.06
2009-04-28,3.84,3.94,3.83,3.89,12800,3.89
2009-04-27,3.86,4.00,3.84,3.88,38400,3.88
2009-04-24,3.85,4.36,3.73,3.90,42700,3.90
2009-04-23,3.89,3.92,3.79,3.84,12200,3.84
2009-04-22,3.77,3.92,3.77,3.90,20500,3.90
2009-04-21,3.68,3.83,3.6001,3.82,31800,3.82
2009-04-20,3.90,3.90,3.67,3.67,46500,3.67
2009-04-17,4.07,4.10,3.78,3.88,65300,3.88
2009-04-16,3.93,4.12,3.93,4.05,18300,4.05
2009-04-15,3.99,4.01,3.85,3.92,22500,3.92
2009-04-14,4.01,4.02,3.9175,3.99,56400,3.99
2009-04-13,4.00,4.09,4.00,4.06,38800,4.06
2009-04-09,4.05,4.1399,3.91,4.02,69600,4.02
2009-04-08,4.03,4.23,3.87,3.91,32400,3.91
2009-04-07,4.40,4.40,4.07,4.10,41200,4.10
2009-04-06,4.63,4.71,4.41,4.42,35000,4.42
2009-04-03,4.69,4.84,4.50,4.79,31000,4.79
2009-04-02,4.07,4.68,4.062,4.60,113000,4.60
2009-04-01,3.90,4.00,3.90,4.00,54100,4.00
2009-03-31,3.70,4.05,3.66,4.02,32900,4.02
2009-03-30,3.50,3.69,3.50,3.66,15700,3.66
2009-03-27,3.58,3.65,3.49,3.57,24400,3.57
2009-03-26,3.51,3.72,3.27,3.52,42100,3.52
2009-03-25,3.39,3.52,3.35,3.49,39200,3.49
2009-03-24,3.51,3.51,3.36,3.37,32700,3.37
2009-03-23,3.50,3.51,3.32,3.50,42200,3.50
2009-03-20,3.74,3.86,3.36,3.37,45800,3.37
2009-03-19,3.54,3.90,3.54,3.71,68500,3.71
2009-03-18,3.31,3.59,3.31,3.50,41400,3.50
2009-03-17,3.27,3.58,3.27,3.48,51600,3.48
2009-03-16,3.28,3.65,3.14,3.26,54000,3.26
2009-03-13,3.1764,3.40,3.1764,3.36,28700,3.36
2009-03-12,3.09,3.18,3.06,3.18,44300,3.18
2009-03-11,3.10,3.1297,3.04,3.05,37600,3.05
2009-03-10,2.96,3.19,2.96,3.10,57000,3.10
2009-03-09,2.99,2.99,2.80,2.92,34400,2.92
2009-03-06,2.73,3.00,2.59,3.00,52300,3.00
2009-03-05,2.61,2.78,2.58,2.70,38300,2.70
2009-03-04,2.47,2.76,2.47,2.66,20300,2.66
2009-03-03,2.59,2.63,2.35,2.51,79800,2.51
2009-03-02,2.92,2.92,2.69,2.76,93600,2.76
2009-02-27,2.70,3.00,2.70,2.96,41100,2.96
2009-02-26,3.00,3.00,2.75,2.90,50200,2.90
2009-02-25,3.03,3.15,2.97,3.00,67000,3.00
2009-02-24,2.55,3.088,2.25,3.05,136600,3.05
2009-02-23,3.08,3.46,3.08,3.21,50800,3.21
2009-02-20,3.57,3.80,3.01,3.03,82500,3.03
2009-02-19,3.77,3.91,3.5901,3.60,41300,3.60
2009-02-18,3.35,3.91,3.35,3.73,20500,3.73
2009-02-17,3.35,3.54,3.35,3.44,110900,3.44
2009-02-13,3.41,3.56,3.41,3.44,17100,3.44
2009-02-12,3.36,3.50,3.31,3.42,11100,3.42
2009-02-11,3.25,3.64,3.25,3.41,42300,3.41
2009-02-10,3.54,3.64,3.23,3.23,24300,3.23
2009-02-09,3.57,3.65,3.54,3.54,25600,3.54
2009-02-06,3.1491,3.59,3.1491,3.59,71800,3.59
2009-02-05,3.00,3.10,3.00,3.09,21500,3.09
2009-02-04,3.02,3.09,3.00,3.00,15500,3.00
2009-02-03,3.00,3.10,2.97,3.00,52000,3.00
2009-02-02,3.06,3.10,2.87,3.00,40600,3.00
2009-01-30,3.15,3.15,3.00,3.14,21400,3.14
2009-01-29,3.15,3.15,3.01,3.02,21900,3.02
2009-01-28,3.14,3.16,3.05,3.16,18000,3.16
2009-01-27,3.05,3.12,3.05,3.09,15000,3.09
2009-01-26,3.00,3.08,3.00,3.05,13700,3.05
2009-01-23,2.96,3.06,2.82,3.03,20800,3.03
2009-01-22,3.12,3.12,2.95,3.00,14900,3.00
2009-01-21,2.99,3.1399,2.92,3.12,64900,3.12
2009-01-20,3.04,3.08,2.7601,2.95,69400,2.95
2009-01-16,3.05,3.07,2.958,3.04,26600,3.04
2009-01-15,2.78,3.09,2.75,2.96,116900,2.96
2009-01-14,3.08,3.20,3.02,3.06,51700,3.06
2009-01-13,3.41,3.41,3.03,3.10,120800,3.10
2009-01-12,4.07,4.07,3.42,3.48,68900,3.48
2009-01-09,4.21,4.32,3.95,4.08,42300,4.08
2009-01-08,4.17,4.29,4.12,4.17,25300,4.17
2009-01-07,4.33,4.41,4.11,4.19,45500,4.19
2009-01-06,4.37,4.48,4.05,4.28,72400,4.28
2009-01-05,4.49,4.60,4.15,4.23,54500,4.23
2009-01-02,4.48,4.73,4.26,4.47,32000,4.47
2008-12-31,4.51,4.6601,4.50,4.60,88600,4.60
2008-12-30,4.68,4.69,4.53,4.59,57800,4.59
2008-12-29,4.70,4.91,4.53,4.60,49600,4.60
2008-12-26,4.59,4.73,4.59,4.70,38600,4.70
2008-12-24,4.65,4.88,4.59,4.62,20600,4.62
2008-12-23,4.63,4.95,4.58,4.78,32900,4.78
2008-12-22,4.90,4.9499,4.53,4.79,132200,4.79
2008-12-19,4.62,4.97,4.42,4.90,157000,4.90
2008-12-18,4.83,4.84,4.60,4.74,77400,4.74
2008-12-17,4.93,5.03,4.67,4.82,114400,4.82
2008-12-16,5.05,5.10,4.89,5.05,68000,5.05
2008-12-15,4.99,5.10,4.755,5.01,62000,5.01
2008-12-12,4.59,5.03,4.50,5.03,70800,5.03
2008-12-11,5.28,5.28,4.842,4.85,67600,4.85
2008-12-10,5.03,5.26,4.61,5.20,61300,5.20
2008-12-09,4.68,5.00,4.68,4.90,144600,4.90
2008-12-08,4.54,4.77,4.32,4.77,66000,4.77
2008-12-05,4.40,4.5199,4.13,4.42,86600,4.42
2008-12-04,4.00,4.54,4.00,4.45,131800,4.45
2008-12-03,3.98,4.24,3.92,4.03,103800,4.03
2008-12-02,4.06,4.06,3.79,4.03,91100,4.03
2008-12-01,3.90,4.18,3.6901,3.92,148700,3.92
2008-11-28,4.28,4.34,3.70,3.81,64500,3.81
2008-11-26,3.69,4.22,3.53,4.19,162900,4.19
2008-11-25,2.76,3.85,2.70,3.84,256600,3.84
2008-11-24,2.50,2.78,2.46,2.73,148900,2.73
2008-11-21,2.63,2.66,2.39,2.39,194900,2.39
2008-11-20,2.20,2.78,2.20,2.58,202100,2.58
2008-11-19,2.34,2.45,2.00,2.24,267500,2.24
2008-11-18,2.70,2.70,2.11,2.35,363600,2.35
2008-11-17,2.84,2.94,2.67,2.67,225700,2.67
2008-11-14,3.05,3.13,2.80,2.84,313300,2.84
2008-11-13,3.77,3.97,2.96,2.99,462800,2.99
2008-11-12,3.96,4.00,3.77,3.78,287800,3.78
2008-11-11,5.70,5.70,3.62,4.02,697200,4.02
2008-11-10,6.51,6.58,5.76,5.82,96700,5.82
2008-11-07,6.00,6.34,5.93,6.18,60100,6.18
2008-11-06,6.01,6.08,5.82,5.89,139900,5.89
2008-11-05,6.05,6.24,5.90,5.97,107700,5.97
2008-11-04,6.66,6.83,6.12,6.23,151600,6.23
2008-11-03,6.77,7.00,6.30,6.36,100900,6.36
2008-10-31,6.20,6.85,6.10,6.75,154200,6.75
2008-10-30,6.38,6.55,6.29,6.42,55200,6.42
2008-10-29,6.30,6.35,5.83,6.25,77700,6.25
2008-10-28,5.90,6.48,5.34,6.05,177600,6.05
2008-10-27,6.22,6.71,5.60,5.62,154700,5.62
2008-10-24,7.00,7.05,6.21,6.22,169100,6.22
2008-10-23,7.20,7.50,6.74,7.40,177200,7.40
2008-10-22,7.36,7.49,7.02,7.28,106900,7.28
2008-10-21,7.34,7.76,7.34,7.76,89300,7.76
2008-10-20,6.82,7.37,6.71,7.37,219800,7.37
2008-10-17,6.37,7.20,6.16,6.65,292900,6.65
2008-10-16,6.25,6.99,6.02,6.47,191800,6.47
2008-10-15,7.00,7.45,6.27,6.40,179100,6.40
2008-10-14,7.45,7.45,6.91,7.06,182200,7.06
2008-10-13,6.57,7.99,6.57,7.43,200400,7.43
2008-10-10,5.27,7.00,5.02,6.94,549100,6.94
2008-10-09,6.21,6.40,5.87,5.90,284900,5.90
2008-10-08,6.52,6.84,5.83,6.24,337200,6.24
2008-10-07,7.00,7.75,6.75,6.85,165300,6.85
2008-10-06,7.77,7.99,6.50,7.32,272600,7.32
2008-10-03,8.50,8.74,8.00,8.05,253800,8.05
2008-10-02,8.61,8.80,8.15,8.48,168400,8.48
2008-10-01,8.88,9.00,8.50,8.61,167700,8.61
2008-09-30,9.24,9.50,8.60,8.66,515100,8.66
2008-09-29,9.62,9.86,8.96,9.86,418900,9.86
2008-09-26,10.96,10.96,9.97,9.98,198900,9.98
2008-09-25,10.59,11.00,10.26,10.61,301200,10.61
2008-09-24,10.02,10.90,9.87,10.65,400300,10.65
2008-09-23,9.51,10.50,9.51,10.39,279100,10.39
2008-09-22,10.27,10.44,9.50,10.07,189200,10.07
2008-09-19,10.50,11.05,9.89,10.40,521900,10.40
2008-09-18,9.01,10.35,9.00,9.80,552200,9.80
2008-09-17,8.29,9.20,7.94,9.16,534700,9.16
2008-09-16,7.86,8.29,7.50,8.29,230800,8.29
2008-09-15,8.71,8.71,7.81,8.18,258100,8.18
2008-09-12,8.92,8.92,8.71,8.80,229600,8.80
2008-09-11,8.81,8.98,8.67,8.83,473600,8.83
2008-09-10,9.04,9.05,8.88,8.90,265300,8.90
2008-09-09,8.76,9.08,8.76,8.89,652400,8.89
2008-09-08,9.00,9.15,8.85,9.05,489000,9.05
2008-09-05,8.81,9.00,8.80,8.89,216200,8.89
2008-09-04,9.02,9.25,8.85,8.93,291400,8.93
2008-09-03,8.99,9.04,8.77,8.98,273400,8.98
2008-09-02,8.76,9.04,8.61,8.95,433000,8.95
2008-08-29,8.95,9.18,8.68,8.72,368300,8.72
2008-08-28,9.13,9.30,8.99,9.17,361100,9.17
2008-08-27,9.10,9.15,8.97,9.04,157700,9.04
2008-08-26,8.98,9.21,8.90,8.95,168300,8.95
2008-08-25,9.45,9.75,8.85,8.93,219500,8.93
2008-08-22,9.06,9.55,8.84,9.36,352900,9.36
2008-08-21,8.89,9.14,8.80,8.99,248500,8.99
2008-08-20,8.91,9.16,8.75,9.10,571100,9.10
2008-08-19,8.90,9.11,8.71,8.88,251600,8.88
2008-08-18,9.92,9.92,8.80,8.91,492700,8.91
2008-08-15,10.40,10.44,9.39,9.79,405700,9.79
2008-08-14,10.43,10.47,10.10,10.42,375500,10.42
2008-08-13,10.31,10.55,10.19,10.40,254800,10.40
2008-08-12,10.30,10.74,10.22,10.30,198100,10.30
2008-08-11,10.54,10.80,10.36,10.78,261800,10.78
2008-08-08,10.54,10.80,10.40,10.52,255300,10.52
2008-08-07,10.34,10.75,10.11,10.75,410400,10.75
2008-08-06,10.47,11.19,9.90,10.31,757900,10.31
2008-08-05,9.46,9.75,9.01,9.41,258800,9.41
2008-08-04,9.35,9.51,9.17,9.51,152500,9.51
2008-08-01,9.29,9.50,9.21,9.29,151600,9.29
2008-07-31,9.25,9.41,9.15,9.41,168100,9.41
2008-07-30,9.38,9.68,8.88,9.16,319500,9.16
2008-07-29,9.55,9.70,9.10,9.31,200600,9.31
2008-07-28,9.87,10.24,9.29,9.51,225900,9.51
2008-07-25,10.35,10.50,10.09,10.16,99600,10.16
2008-07-24,11.14,11.14,10.06,10.33,341100,10.33
2008-07-23,10.90,11.15,10.80,10.90,210500,10.90
2008-07-22,11.19,11.41,10.60,10.80,313200,10.80
2008-07-21,11.59,11.88,11.13,11.88,105600,11.88
2008-07-18,11.98,11.98,11.30,11.36,144800,11.36
2008-07-17,11.25,11.90,10.70,11.58,371200,11.58
2008-07-16,10.44,11.24,10.44,11.17,124100,11.17
2008-07-15,10.92,11.00,10.25,10.47,232900,10.47
2008-07-14,10.59,11.15,10.25,11.09,402900,11.09
2008-07-11,10.24,10.80,10.24,10.80,221100,10.80
2008-07-10,10.14,10.43,9.71,10.30,333500,10.30
2008-07-09,9.62,10.19,9.50,9.68,210000,9.68
2008-07-08,8.76,9.91,8.76,9.70,211200,9.70
2008-07-07,9.21,9.21,8.80,8.97,192000,8.97
2008-07-03,9.05,9.24,8.53,9.05,174700,9.05
2008-07-02,9.08,9.40,8.91,9.40,195400,9.40
2008-07-01,8.63,9.20,8.63,9.07,238200,9.07
2008-06-30,9.00,9.20,8.50,8.71,432900,8.71
2008-06-27,9.21,9.54,8.83,8.85,527300,8.85
2008-06-26,9.87,9.87,9.01,9.12,294500,9.12
2008-06-25,10.48,10.48,9.70,9.93,232500,9.93
2008-06-24,10.20,10.27,9.84,9.92,298100,9.92
2008-06-23,10.49,10.80,10.20,10.23,147600,10.23
2008-06-20,10.87,11.06,10.50,10.54,201200,10.54
2008-06-19,11.27,11.45,10.81,10.90,236700,10.90
2008-06-18,10.97,11.15,10.46,11.10,206700,11.10
2008-06-17,10.58,11.04,10.42,10.88,326500,10.88
2008-06-16,9.95,10.45,9.57,10.38,527100,10.38
2008-06-13,10.18,10.37,9.88,9.93,221200,9.93
2008-06-12,11.00,11.00,10.18,10.23,167800,10.23
2008-06-11,11.00,11.00,10.49,10.52,147400,10.52
2008-06-10,10.48,11.37,10.45,10.97,174000,10.97
2008-06-09,10.60,10.85,10.55,10.85,247200,10.85
2008-06-06,11.25,11.46,10.59,10.61,306100,10.61
2008-06-05,11.40,11.68,11.26,11.30,361400,11.30
2008-06-04,11.23,11.65,11.05,11.35,209500,11.35
2008-06-03,11.02,11.49,11.02,11.49,248000,11.49
2008-06-02,11.75,11.79,10.86,11.17,238800,11.17
2008-05-30,11.39,11.75,11.20,11.49,201400,11.49
2008-05-29,11.86,11.86,11.36,11.54,193300,11.54
2008-05-28,12.10,12.13,11.45,11.76,207100,11.76
2008-05-27,12.18,12.42,11.60,11.95,223700,11.95
2008-05-23,12.38,12.42,11.75,12.06,268600,12.06
2008-05-22,12.63,13.08,12.02,12.55,388000,12.55
2008-05-21,13.50,13.616,12.29,12.37,475400,12.37
2008-05-20,13.95,13.95,13.06,13.43,554300,13.43
2008-05-19,12.56,13.93,12.51,13.68,1010600,13.68
2008-05-16,12.19,12.25,11.77,12.25,686800,12.25
2008-05-15,11.22,11.52,11.11,11.40,245000,11.40
2008-05-14,11.15,11.42,11.11,11.11,132400,11.11
2008-05-13,11.32,11.44,11.02,11.11,191100,11.11
2008-05-12,11.00,11.49,10.95,11.45,258600,11.45
2008-05-09,10.13,10.88,10.13,10.84,203900,10.84
2008-05-08,10.02,10.70,9.92,10.23,278800,10.23
2008-05-07,11.22,11.22,9.89,10.15,737600,10.15
2008-05-06,10.95,11.77,9.72,11.55,825200,11.55
2008-05-05,10.65,11.34,10.51,11.05,506100,11.05
2008-05-02,10.60,10.65,10.37,10.61,149900,10.61
2008-05-01,10.50,10.55,10.23,10.43,164600,10.43
2008-04-30,9.96,10.45,9.90,10.26,230100,10.26
2008-04-29,9.75,10.00,9.35,9.96,180900,9.96
2008-04-28,9.75,10.15,9.73,10.15,251500,10.15
2008-04-25,9.53,9.75,9.48,9.75,87300,9.75
2008-04-24,9.05,9.52,9.00,9.40,107300,9.40
2008-04-23,8.92,9.29,8.88,9.15,166600,9.15
2008-04-22,9.07,9.08,8.74,8.86,103200,8.86
2008-04-21,9.12,9.22,9.02,9.17,101600,9.17
2008-04-18,8.95,9.25,8.75,9.01,173100,9.01
2008-04-17,8.4001,8.89,8.4001,8.865,217700,8.865
2008-04-16,7.97,8.55,7.91,8.54,281900,8.54
2008-04-15,8.3901,8.53,7.92,7.94,273700,7.94
2008-04-14,8.89,9.09,8.341,8.37,238400,8.37
2008-04-11,9.50,9.50,8.97,9.50,194100,9.50
2008-04-10,9.35,9.50,9.35,9.50,188800,9.50
2008-04-09,9.45,9.62,9.29,9.39,199300,9.39
2008-04-08,9.06,9.39,9.06,9.26,134700,9.26
2008-04-07,9.15,9.32,8.96,9.21,253500,9.21
2008-04-04,9.12,9.20,8.79,9.09,293100,9.09
2008-04-03,8.88,9.15,8.85,8.90,182900,8.90
2008-04-02,8.81,9.25,8.81,8.98,158400,8.98
2008-04-01,8.50,9.20,8.43,8.96,243500,8.96
2008-03-31,8.69,8.78,8.40,8.78,125900,8.78
2008-03-28,8.84,9.00,8.63,8.71,139600,8.71
2008-03-27,8.17,8.95,8.06,8.6501,231900,8.6501
2008-03-26,7.84,8.39,7.75,8.22,164300,8.22
2008-03-25,8.05,8.05,7.77,7.91,154000,7.91
2008-03-24,7.71,8.34,7.71,8.00,206700,8.00
2008-03-20,7.77,8.05,7.51,7.90,211600,7.90
2008-03-19,7.73,7.82,7.51,7.78,167300,7.78
2008-03-18,7.81,7.96,7.40,7.83,222500,7.83
2008-03-17,7.50,7.79,7.22,7.71,304500,7.71
2008-03-14,8.09,8.20,7.53,7.60,258600,7.60
2008-03-13,8.10,8.25,7.90,8.08,115500,8.08
2008-03-12,8.26,8.26,7.95,8.19,214200,8.19
2008-03-11,8.39,8.44,7.87,8.30,250400,8.30
2008-03-10,7.81,8.37,7.70,8.28,191400,8.28
2008-03-07,8.03,8.05,7.55,7.89,312300,7.89
2008-03-06,8.88,9.01,8.10,8.17,388500,8.17
2008-03-05,9.25,9.38,8.77,9.05,331100,9.05
2008-03-04,9.45,9.45,8.77,9.32,294600,9.32
2008-03-03,10.22,10.22,9.26,9.49,497100,9.49
2008-02-29,10.84,11.16,9.71,10.22,805500,10.22
2008-02-28,10.70,10.94,10.30,10.79,755300,10.79
2008-02-27,9.99,10.47,9.50,10.18,746000,10.18
2008-02-26,9.47,9.93,9.45,9.88,113300,9.88
2008-02-25,8.97,9.76,8.96,9.70,659800,9.70
2008-02-22,8.54,8.88,8.38,8.88,373900,8.88
2008-02-21,7.91,8.48,7.81,8.31,273000,8.31
2008-02-20,7.63,8.15,7.35,8.02,500600,8.02
2008-02-19,7.25,7.65,7.10,7.37,381600,7.37
2008-02-15,7.48,7.48,7.10,7.17,239800,7.17
2008-02-14,7.81,7.94,7.45,7.48,237400,7.48
2008-02-13,7.52,7.80,7.50,7.66,288500,7.66
2008-02-12,7.80,7.91,7.47,7.49,95100,7.49
2008-02-11,7.40,7.93,7.38,7.71,314200,7.71
2008-02-08,7.57,7.75,7.30,7.42,251700,7.42
2008-02-07,7.50,7.75,7.15,7.49,265400,7.49
2008-02-06,7.95,8.20,7.52,7.65,329600,7.65
2008-02-05,8.44,8.50,7.95,8.02,348600,8.02
2008-02-04,7.73,9.24,7.72,8.37,237900,8.37
2008-02-01,7.75,7.75,7.37,7.40,252500,7.40
2008-01-31,7.59,7.79,7.36,7.77,406900,7.77
2008-01-30,8.25,8.25,7.88,7.89,166000,7.89
2008-01-29,8.23,8.23,7.94,8.10,171500,8.10
2008-01-28,8.24,8.25,8.02,8.22,79700,8.22
2008-01-25,8.83,8.85,7.95,8.16,155100,8.16
2008-01-24,8.25,8.75,8.08,8.55,238000,8.55
2008-01-23,8.17,8.38,7.90,8.09,299200,8.09
2008-01-22,7.67,8.80,7.56,8.48,337500,8.48
2008-01-18,9.66,9.70,8.49,8.65,414100,8.65
2008-01-17,10.44,10.48,9.56,9.57,288000,9.57
2008-01-16,10.17,10.40,9.15,10.27,447400,10.27
2008-01-15,10.80,11.55,10.00,10.44,894800,10.44
2008-01-14,9.42,10.47,9.35,10.38,1055800,10.38
2008-01-11,8.60,8.74,8.13,8.70,278700,8.70
2008-01-10,7.97,8.43,7.96,8.40,328600,8.40
2008-01-09,8.00,8.55,8.00,8.55,353000,8.55
2008-01-08,7.19,8.20,7.09,7.83,473700,7.83
2008-01-07,8.11,8.25,7.12,7.23,488500,7.23
2008-01-04,8.55,8.56,8.11,8.21,301300,8.21
2008-01-03,9.03,9.04,8.62,8.71,289200,8.71
2008-01-02,9.30,9.41,8.72,9.03,355400,9.03
2007-12-31,9.00,9.10,8.63,8.97,376900,8.97
2007-12-28,9.30,9.40,8.96,9.05,195900,9.05
2007-12-27,8.94,9.35,8.875,9.19,296200,9.19
2007-12-26,8.35,9.32,8.30,9.055,522400,9.055
2007-12-24,8.88,8.88,8.42,8.49,266200,8.49
2007-12-21,9.10,9.30,8.84,8.88,326300,8.88
2007-12-20,8.93,9.40,8.80,9.00,347500,9.00
2007-12-19,9.10,9.64,8.81,8.89,492200,8.89
2007-12-18,9.35,9.60,8.20,9.20,842400,9.20
2007-12-17,10.23,10.253,9.20,10.253,825700,10.253
2007-12-14,10.58,10.70,10.17,10.31,364200,10.31
2007-12-13,10.81,11.39,10.00,10.32,873200,10.32
2007-12-12,10.48,11.716,10.48,11.716,1913800,11.716
2007-12-11,10.50,10.64,10.05,10.64,434000,10.64
2007-12-10,10.20,10.79,10.12,10.36,611600,10.36
2007-12-07,9.83,10.60,9.70,10.20,742500,10.20
2007-12-06,11.90,11.98,10.23,11.98,1550800,11.98
2007-12-05,12.00,12.10,11.48,11.62,777100,11.62
2007-12-04,11.39,11.90,11.25,11.60,729800,11.60
2007-12-03,11.25,11.74,11.25,11.25,1003400,11.25
2007-11-30,12.40,12.80,11.25,11.52,3280500,11.52
2007-11-29,11.01,12.39,10.63,11.72,5637400,11.72
2007-11-28,10.20,11.89,9.04,10.10,11617900,10.10
2007-11-27,15.12,15.30,10.65,11.89,13065700,11.89
2007-11-26,21.00,22.50,15.98,16.56,6149500,16.56
2007-11-23,18.00,19.94,18.00,19.94,1049000,19.94
2007-11-21,18.90,18.90,17.09,17.51,1074900,17.51
2007-11-20,18.37,20.37,18.10,19.00,2416300,19.00
2007-11-19,18.03,18.19,17.00,17.78,1904200,17.78
2007-11-16,15.99,17.00,15.99,16.85,853500,16.85
2007-11-15,16.82,16.85,15.50,16.02,776200,16.02
2007-11-14,17.52,18.00,16.6501,16.98,773800,16.98
2007-11-13,15.57,18.3599,14.75,17.80,2037300,17.80
2007-11-12,14.25,14.99,14.07,14.60,492700,14.60
2007-11-09,14.15,14.15,13.29,14.10,295700,14.10
2007-11-08,14.35,14.41,13.75,14.10,196900,14.10
2007-11-07,13.66,14.61,13.57,14.23,318800,14.23
2007-11-06,13.95,14.22,13.15,13.83,168100,13.83
2007-11-05,14.50,14.50,13.77,13.95,272500,13.95
2007-11-02,14.86,15.06,14.25,14.75,208900,14.75
2007-11-01,14.99,14.99,13.97,14.84,272500,14.84
2007-10-31,14.25,14.75,14.05,14.20,166900,14.20
2007-10-30,13.29,14.29,13.22,14.18,229600,14.18
2007-10-29,14.10,14.10,13.32,13.48,111900,13.48
2007-10-26,14.34,14.462,13.38,13.82,99200,13.82
2007-10-25,14.38,14.38,13.99,14.20,141300,14.20
2007-10-24,14.45,14.45,13.73,14.29,178100,14.29
2007-10-23,13.75,14.59,13.74,14.45,281500,14.45
2007-10-22,13.88,14.24,13.3701,14.00,130800,14.00
2007-10-19,13.70,14.20,13.55,13.93,202300,13.93
2007-10-18,13.24,13.66,13.24,13.51,122300,13.51
2007-10-17,13.00,13.38,13.00,13.38,111800,13.38
2007-10-16,13.08,13.33,12.49,12.70,135700,12.70
2007-10-15,13.58,14.152,13.07,13.20,58600,13.20
2007-10-12,13.06,13.61,12.60,13.50,187200,13.50
2007-10-11,14.50,14.54,12.23,13.00,315800,13.00
2007-10-10,14.60,14.79,14.26,14.34,146100,14.34
2007-10-09,14.52,15.00,14.2501,14.68,119200,14.68
2007-10-08,14.98,14.98,14.1401,14.44,127600,14.44
2007-10-05,14.58,14.82,13.83,14.70,242100,14.70
2007-10-04,13.59,15.189,13.59,14.30,595800,14.30
2007-10-03,12.75,13.43,12.50,13.43,223300,13.43
2007-10-02,13.19,13.19,12.50,12.84,185900,12.84
2007-10-01,13.93,13.93,12.58,13.25,409900,13.25
2007-09-28,12.15,13.94,12.01,13.46,596200,13.46
2007-09-27,11.81,12.04,11.55,11.85,127800,11.85
2007-09-26,12.05,12.76,11.40,11.52,365300,11.52
2007-09-25,12.00,12.17,11.50,11.99,368100,11.99
2007-09-24,11.20,12.50,10.82,11.89,1121000,11.89
2007-09-21,9.41,10.79,9.35,10.50,668800,10.50
2007-09-20,9.25,9.41,9.00,9.34,61400,9.34
2007-09-19,9.12,9.35,9.00,9.30,189000,9.30
2007-09-18,8.86,9.24,8.75,9.18,214200,9.18
2007-09-17,8.70,8.85,8.69,8.85,90600,8.85
2007-09-14,8.46,8.79,8.30,8.75,221200,8.75
2007-09-13,8.40,8.66,8.21,8.60,234300,8.60
2007-09-12,8.26,8.43,8.20,8.37,134200,8.37
2007-09-11,8.05,8.27,8.05,8.26,60200,8.26
2007-09-10,8.32,8.34,7.90,8.04,151300,8.04
2007-09-07,8.25,8.36,8.17,8.35,292200,8.35
2007-09-06,8.58,8.62,8.23,8.45,153200,8.45
2007-09-05,8.75,8.75,8.47,8.48,39100,8.48
2007-09-04,8.78,9.10,8.70,8.82,153000,8.82
2007-08-31,8.28,8.97,8.254,8.84,170400,8.84
2007-08-30,8.11,8.27,8.10,8.27,142000,8.27
2007-08-29,8.15,8.20,8.053,8.12,83800,8.12
2007-08-28,8.10,8.18,8.00,8.18,200700,8.18
2007-08-27,8.10,8.20,7.95,8.20,140100,8.20
2007-08-24,8.17,8.19,8.03,8.17,94900,8.17
2007-08-23,8.11,8.20,8.00,8.20,108900,8.20
2007-08-22,8.05,8.39,7.99,8.39,78100,8.39
2007-08-21,8.25,8.38,8.05,8.05,124900,8.05
2007-08-20,8.07,8.3399,8.05,8.25,52800,8.25
2007-08-17,8.1499,8.18,7.82,8.0201,48200,8.0201
2007-08-16,7.96,8.071,7.50,7.99,35700,7.99
2007-08-15,8.81,8.91,7.85,7.90,135600,7.90
2007-08-14,9.24,10.00,8.79,8.98,213900,8.98
2007-08-13,8.70,9.77,8.70,9.75,236900,9.75
2007-08-10,8.016,8.60,8.016,8.60,42800,8.60
2007-08-09,8.65,8.65,8.05,8.65,157200,8.65
2007-08-08,8.68,8.68,8.60,8.68,40000,8.68
2007-08-07,8.51,8.828,8.51,8.828,76700,8.828
2007-08-06,8.70,8.75,8.47,8.58,100300,8.58
2007-08-03,8.68,8.778,8.64,8.778,36800,8.778
2007-08-02,8.50,9.00,8.50,9.00,102100,9.00
2007-08-01,8.47,8.60,8.19,8.34,51800,8.34
2007-07-31,8.33,8.70,8.23,8.40,120200,8.40
2007-07-30,7.90,8.33,7.80,8.147,71000,8.147
2007-07-27,7.90,8.00,7.75,8.00,39100,8.00
2007-07-26,7.56,8.03,7.56,8.03,57800,8.03
2007-07-25,7.90,8.05,7.90,8.05,30600,8.05
2007-07-24,7.83,8.00,7.80,7.90,12100,7.90
2007-07-23,8.17,8.25,7.87,7.96,22400,7.96
2007-07-20,7.97,8.05,7.80,7.96,21900,7.96
2007-07-19,8.70,8.70,7.85,8.00,39800,8.00
2007-07-18,8.05,8.05,7.95,8.05,9400,8.05
2007-07-17,8.25,8.79,7.70,8.05,85900,8.05
2007-07-16,8.28,8.28,8.12,8.12,53900,8.12
2007-07-13,7.49,8.30,7.40,8.30,54200,8.30
2007-07-12,7.50,7.50,7.24,7.45,41400,7.45
2007-07-11,7.50,7.50,7.01,7.40,8800,7.40
2007-07-10,7.50,7.50,7.50,7.50,29700,7.50
2007-07-09,6.85,7.50,6.82,7.48,53400,7.48
2007-07-06,7.35,7.35,6.85,6.85,91200,6.85
2007-07-05,7.45,7.754,7.30,7.40,22000,7.40
2007-07-03,7.55,7.60,7.30,7.496,55500,7.496
2007-07-02,8.12,8.12,7.30,7.69,35800,7.69
2007-06-29,8.20,8.36,8.10,8.36,29000,8.36
2007-06-28,8.45,8.45,8.31,8.45,6000,8.45
2007-06-27,8.65,8.65,8.23,8.23,11700,8.23
2007-06-26,8.55,8.59,8.20,8.50,63800,8.50
2007-06-25,8.40,8.55,8.23,8.55,68300,8.55
2007-06-22,8.87,9.09,8.41,9.09,78200,9.09
2007-06-21,9.06,9.06,8.87,9.06,21300,9.06
2007-06-20,9.18,9.25,8.85,9.145,37700,9.145
2007-06-19,9.20,9.20,8.74,9.0958,37900,9.0958
2007-06-18,9.61,9.75,9.00,9.39,37900,9.39
2007-06-15,8.20,9.90,8.20,9.90,253500,9.90
2007-06-14,8.45,8.45,7.55,8.15,148800,8.15
2007-06-13,9.50,9.50,8.51,9.50,69300,9.50
2007-06-12,9.70,9.70,9.30,9.41,49300,9.41
2007-06-11,8.78,9.50,8.62,9.34,148600,9.34
2007-06-08,8.61,9.13,8.60,9.13,36500,9.13
2007-06-07,9.32,9.32,8.60,9.32,191700,9.32
2007-06-06,7.40,10.70,7.15,9.01,296800,9.01
2007-06-05,7.50,7.75,7.50,7.75,63300,7.75
2007-06-04,7.25,8.70,7.25,7.40,127400,7.40
2007-06-01,6.15,7.33,6.15,7.20,96700,7.20
2007-05-31,5.52,6.10,5.52,6.10,70400,6.10
2007-05-30,5.45,5.55,5.40,5.55,62700,5.55
2007-05-29,5.35,5.50,5.35,5.45,21000,5.45
2007-05-25,5.35,5.45,5.30,5.35,37100,5.35
2007-05-24,5.50,5.50,5.40,5.40,200,5.40
2007-05-23,5.40,5.50,5.40,5.40,8800,5.40
2007-05-22,5.35,5.60,5.35,5.50,99100,5.50
2007-05-21,5.40,5.40,5.30,5.40,100,5.40
2007-05-18,5.40,5.48,5.30,5.40,33400,5.40
2007-05-17,5.50,5.60,5.40,5.40,43300,5.40
2007-05-16,5.50,5.55,5.50,5.55,28000,5.55
2007-05-15,5.59,5.59,5.25,5.47,67900,5.47
2007-05-14,5.60,5.60,5.25,5.30,8700,5.30
2007-05-11,5.60,5.60,5.30,5.30,27200,5.30
2007-05-10,5.20,5.80,5.20,5.45,78100,5.45
2007-05-09,4.90,5.30,4.90,5.13,36000,5.13
2007-05-08,5.50,5.50,4.90,5.00,60000,5.00
2007-05-07,6.10,6.10,5.00,5.00,44500,5.00
2007-05-04,7.35,7.35,6.25,6.25,43200,6.25
2007-05-03,8.00,8.00,7.25,7.25,43000,7.25
2007-05-02,8.25,8.25,8.00,8.00,44500,8.00
2007-05-01,8.00,8.00,7.90,8.00,3800,8.00
