Date,Open,High,Low,Close,Volume,Adj Close
2012-08-22,16.28,16.28,16.28,16.28,000,16.28
2012-08-21,16.28,16.29,16.27,16.28,47500,16.28
2012-08-20,16.27,16.28,16.27,16.28,27200,16.28
2012-08-17,16.25,16.28,16.25,16.28,40000,16.28
2012-08-16,16.25,16.27,16.25,16.26,34600,16.26
2012-08-15,16.25,16.27,16.25,16.27,20500,16.27
2012-08-14,16.28,16.28,16.26,16.26,70000,16.26
2012-08-13,16.27,16.28,16.26,16.28,50100,16.28
2012-08-10,16.26,16.27,16.26,16.27,36700,16.27
2012-08-09,16.25,16.27,16.25,16.25,26000,16.25
2012-08-08,16.27,16.28,16.22,16.28,39800,16.28
2012-08-07,16.24,16.26,16.23,16.26,43400,16.26
2012-08-06,16.23,16.26,16.23,16.24,31100,16.24
2012-08-03,16.21,16.26,16.21,16.25,80000,16.25
2012-08-02,16.20,16.255,16.16,16.23,113100,16.23
2012-08-01,16.24,16.24,16.21,16.21,99800,16.21
2012-07-31,16.21,16.25,16.21,16.22,94200,16.22
2012-07-30,16.21,16.24,16.21,16.24,58600,16.24
2012-07-27,16.23,16.24,16.20,16.24,67500,16.24
2012-07-26,16.25,16.25,16.18,16.20,47800,16.20
2012-07-25,16.25,16.25,16.16,16.18,61600,16.18
2012-07-24,16.16,16.20,16.14,16.19,84900,16.19
2012-07-23,16.14,16.19,16.14,16.16,112000,16.16
2012-07-20,16.18,16.20,16.18,16.18,83000,16.18
2012-07-19,16.17,16.23,16.17,16.19,163600,16.19
2012-07-18,16.17,16.18,16.16,16.17,68800,16.17
2012-07-17,16.15,16.19,16.15,16.17,182100,16.17
2012-07-16,16.12,16.18,16.12,16.15,241200,16.15
2012-07-13,16.17,16.20,16.16,16.17,184100,16.17
2012-07-12,16.11,16.191,16.11,16.16,83100,16.16
2012-07-11,16.08,16.20,16.08,16.16,67000,16.16
2012-07-10,16.19,16.21,16.08,16.10,193400,16.10
2012-07-09,16.20,16.21,16.13,16.21,140700,16.13
2012-07-06,16.16,16.22,16.15,16.21,78700,16.13
2012-07-05,16.19,16.25,16.18,16.20,295600,16.12005
2012-07-04,16.25,16.25,16.25,16.25,000,16.1698
2012-07-03,16.15,16.26,16.15,16.25,96800,16.1698
2012-07-02,16.13,16.16,16.11,16.15,305000,16.0703
2012-06-29,16.20,16.20,16.09,16.11,378300,16.03049
2012-06-28,16.07,16.1275,16.07,16.09,275700,16.01059
2012-06-27,16.12,16.12,16.10,16.12,160500,16.04045
2012-06-26,16.10,16.12,16.09,16.12,228300,16.04045
2012-06-25,16.07,16.12,16.07,16.10,204100,16.02054
2012-06-22,16.08,16.13,16.07,16.12,684000,16.04045
2012-06-21,16.08,16.09,16.06,16.06,160500,15.98074
2012-06-20,16.07,16.12,16.07,16.09,97000,16.01059
2012-06-19,16.10,16.10,16.015,16.09,148400,16.01059
2012-06-18,16.00,16.13,16.00,16.09,122200,16.01059
2012-06-15,16.14,16.15,16.06,16.06,292700,15.98074
2012-06-14,16.13,16.15,16.13,16.15,248500,16.0703
2012-06-13,16.12,16.14,16.12,16.13,115500,16.05039
2012-06-12,16.13,16.13,16.08,16.13,165800,16.05039
2012-06-11,16.12,16.15,16.08,16.12,270800,16.04045
2012-06-08,16.09,16.12,16.07,16.08,120500,16.00064
2012-06-07,16.12,16.13,16.07,16.08,113100,16.00064
2012-06-06,16.10,16.11,16.085,16.10,126900,16.02054
2012-06-05,16.02,16.10,16.02,16.08,185000,16.00064
2012-06-04,16.07,16.10,16.05,16.07,241500,15.99069
2012-06-01,16.10,16.12,16.07,16.07,357500,15.99069
2012-05-31,16.12,16.15,16.04,16.11,520900,16.03049
2012-05-30,16.11,16.14,16.11,16.13,225600,16.05039
2012-05-29,16.12,16.165,16.12,16.14,303900,16.06035
2012-05-28,16.13,16.13,16.13,16.13,000,16.05039
2012-05-25,16.11,16.15,16.11,16.13,304500,16.05039
2012-05-24,16.10,16.16,16.10,16.13,323700,16.05039
2012-05-23,16.10,16.18,16.10,16.13,1278700,16.05039
2012-05-22,16.17,16.20,16.09,16.12,5319600,16.04045
2012-05-21,13.15,13.519,12.93,13.30,60900,13.23436
2012-05-18,13.36,13.45,13.05,13.12,46700,13.05525
2012-05-17,13.62,13.62,13.27,13.48,92300,13.41347
2012-05-16,13.92,14.11,13.55,13.62,67900,13.55278
2012-05-15,14.03,14.18,13.82,13.84,38500,13.7717
2012-05-14,14.09,14.28,13.86,14.08,43100,14.01051
2012-05-11,14.17,14.30,14.09,14.18,25600,14.11002
2012-05-10,14.02,14.33,14.02,14.24,35100,14.16972
2012-05-09,14.14,14.18,13.80,13.93,42100,13.86125
2012-05-08,13.85,14.52,13.85,14.22,56200,14.14982
2012-05-07,13.94,14.07,13.89,13.94,28500,13.8712
2012-05-04,14.12,14.205,13.87,13.95,56200,13.88115
2012-05-03,14.20,14.25,14.04,14.19,46400,14.11997
2012-05-02,14.08,16.59,13.81,14.24,33400,14.16972
2012-05-01,14.10,14.49,13.85,14.22,97800,14.14982
2012-04-30,14.08,14.08,13.7201,13.79,56100,13.72194
2012-04-27,13.81,14.13,13.64,14.13,32700,14.06027
2012-04-26,13.59,13.96,13.49,13.81,26300,13.74185
2012-04-25,13.50,13.69,13.50,13.57,42500,13.50303
2012-04-24,13.21,13.58,13.21,13.48,23100,13.41347
2012-04-23,13.43,13.53,13.06,13.16,77300,13.09505
2012-04-20,13.82,13.82,13.46,13.60,49500,13.53288
2012-04-19,13.60,13.60,13.30,13.32,76900,13.25426
2012-04-18,13.80,13.80,13.03,13.57,58300,13.50303
2012-04-17,13.99,14.15,13.83,13.89,40000,13.82145
2012-04-16,13.80,14.21,13.79,13.94,38400,13.8712
2012-04-13,13.46,13.80,13.23,13.80,57900,13.73189
2012-04-12,13.12,13.65,13.12,13.56,54400,13.49308
2012-04-11,12.92,13.06,12.79,13.05,73700,12.9856
2012-04-10,12.82,12.89,12.70,12.80,53200,12.73683
2012-04-09,12.69,12.93,12.69,12.80,31200,12.73683
2012-04-06,12.83,12.83,12.83,12.83,000,12.76668
2012-04-05,12.70,12.85,12.69,12.83,44600,12.76668
2012-04-04,12.70,12.86,12.70,12.77,37200,12.70698
2012-04-03,13.03,13.05,12.69,12.88,46000,12.81643
2012-04-02,12.97,13.15,12.80,13.11,42800,12.96569
2012-03-30,13.14,13.23,12.88,13.05,42800,12.90635
2012-03-29,12.77,13.14,12.77,13.03,27000,12.88657
2012-03-28,12.93,13.1699,12.75,12.89,33100,12.74812
2012-03-27,12.95,13.18,12.88,12.95,49900,12.80746
2012-03-26,13.62,13.62,12.771,12.96,148800,12.81735
2012-03-23,13.20,13.75,12.86,13.58,106300,13.43052
2012-03-22,12.43,13.26,12.43,13.20,192000,13.0547
2012-03-21,12.55,12.60,12.48,12.50,34000,12.36241
2012-03-20,12.38,12.62,12.38,12.52,52500,12.38219
2012-03-19,12.50,12.52,12.22,12.39,87200,12.25362
2012-03-16,12.55,12.64,12.36,12.46,116100,12.32285
2012-03-15,12.43,12.59,12.27,12.51,69800,12.3723
2012-03-14,12.27,12.77,12.10,12.44,100400,12.30307
2012-03-13,11.60,12.00,11.491,11.85,112400,11.71956
2012-03-12,11.35,11.57,11.30,11.54,35300,11.41298
2012-03-09,11.32,11.40,11.21,11.39,40600,11.26463
2012-03-08,11.42,11.47,11.26,11.38,32300,11.25474
2012-03-07,11.24,11.39,11.225,11.33,30900,11.20529
2012-03-06,10.64,11.20,10.56,11.16,66100,11.03716
2012-03-05,10.40,10.72,10.23,10.70,30700,10.58222
2012-03-02,10.59,10.64,10.40,10.44,66900,10.32508
2012-03-01,10.40,10.81,10.27,10.62,41100,10.5031
2012-02-29,10.57,10.60,10.36,10.39,42500,10.27563
2012-02-28,10.55,10.72,10.41,10.57,67200,10.45365
2012-02-27,10.56,10.63,10.42,10.53,44600,10.41409
2012-02-24,10.95,10.99,10.57,10.57,60000,10.45365
2012-02-23,10.87,10.97,10.65,10.95,65400,10.82947
2012-02-22,11.22,11.46,10.85,10.89,23800,10.77013
2012-02-21,11.47,11.62,11.18,11.26,26000,11.13606
2012-02-20,11.48,11.48,11.48,11.48,000,11.35364
2012-02-17,11.64,11.73,11.35,11.48,36300,11.35364
2012-02-16,11.36,11.61,11.26,11.58,32800,11.45254
2012-02-15,11.44,11.61,11.22,11.39,73100,11.26463
2012-02-14,11.55,11.58,11.28,11.37,33500,11.24485
2012-02-13,11.31,11.62,11.06,11.54,48100,11.41298
2012-02-10,10.93,11.26,10.835,11.17,54300,11.04705
2012-02-09,10.77,11.1088,10.77,11.05,31200,10.92837
2012-02-08,11.62,12.00,10.50,10.79,119100,10.67123
2012-02-07,11.53,11.76,11.52,11.64,138100,11.51188
2012-02-06,11.70,11.92,11.48,11.53,46000,11.40309
2012-02-03,11.39,11.74,11.11,11.73,72700,11.60088
2012-02-02,11.45,11.51,10.83,11.23,52300,11.10639
2012-02-01,11.02,11.49,10.88,11.43,61500,11.30419
2012-01-31,10.88,10.98,10.64,10.93,21500,10.80969
2012-01-30,11.11,11.29,10.67,10.79,48500,10.67123
2012-01-27,11.00,11.334,11.00,11.20,21500,11.07672
2012-01-26,11.23,11.35,10.94,11.08,49300,10.95804
2012-01-25,11.14,11.31,11.03,11.25,20200,11.12617
2012-01-24,11.50,11.59,11.101,11.20,39700,11.07672
2012-01-23,12.01,12.01,11.311,11.52,86100,11.3932
2012-01-20,11.64,12.01,11.64,11.99,113400,11.85802
2012-01-19,11.56,11.71,11.50,11.71,24300,11.5811
2012-01-18,11.35,11.54,11.21,11.54,47400,11.41298
2012-01-17,11.15,11.49,10.95,11.35,41800,11.22507
2012-01-16,11.12,11.12,11.12,11.12,000,10.9976
2012-01-13,10.86,11.14,10.86,11.12,71100,10.9976
2012-01-12,10.98,11.15,10.68,11.08,57100,10.95804
2012-01-11,10.97,11.08,10.91,11.00,35700,10.87892
2012-01-10,11.48,11.48,10.85,11.12,245300,10.91848
2012-01-09,10.45,10.76,10.45,10.63,86900,10.43736
2012-01-06,10.25,10.50,10.25,10.41,104200,10.22135
2012-01-05,10.20,10.31,10.18,10.19,78100,10.00533
2012-01-04,10.19,10.29,10.13,10.22,46500,10.03479
2012-01-03,10.20,10.245,10.03,10.20,37400,10.01515
2012-01-02,10.23,10.23,10.23,10.23,000,10.04461
2011-12-30,10.27,10.33,10.04,10.23,24000,10.04461
2011-12-29,10.04,10.45,9.79,10.34,28800,10.15261
2011-12-28,10.36,10.45,9.90,9.97,33500,9.78932
2011-12-27,10.38,10.43,9.959,10.34,25600,10.15261
2011-12-26,10.43,10.43,10.43,10.43,000,10.24098
2011-12-23,10.43,10.44,10.20,10.43,17800,10.24098
2011-12-22,10.44,10.44,10.11,10.40,30600,10.21153
2011-12-21,10.00,10.45,9.67,10.38,38400,10.19189
2011-12-20,9.93,10.01,9.65,10.01,90100,9.8286
2011-12-19,9.70,9.88,9.65,9.75,64200,9.57331
2011-12-16,9.95,10.12,9.59,9.65,185100,9.47512
2011-12-15,9.89,9.95,9.69,9.92,36200,9.74023
2011-12-14,9.47,9.87,9.47,9.75,73900,9.57331
2011-12-13,9.32,9.73,9.28,9.51,96200,9.33766
2011-12-12,9.67,9.67,9.06,9.25,24900,9.08237
2011-12-09,9.01,9.82,9.01,9.72,29800,9.54385
2011-12-08,9.23,9.23,8.92,8.95,74400,8.7878
2011-12-07,9.47,9.49,9.15,9.37,27900,9.20019
2011-12-06,9.94,9.94,9.45,9.60,35100,9.42603
2011-12-05,10.08,10.27,9.55,9.90,46500,9.72059
2011-12-02,10.05,10.09,9.73,9.97,27700,9.78932
2011-12-01,9.95,10.17,9.77,9.84,23600,9.66168
2011-11-30,10.50,10.50,10.08,10.23,67400,10.04461
2011-11-29,9.71,9.88,9.71,9.88,800,9.70095
2011-11-28,9.77,9.77,9.641,9.76,600,9.58313
2011-11-25,9.65,9.69,9.54,9.57,600,9.39657
2011-11-24,9.71,9.71,9.71,9.71,000,9.53403
2011-11-23,9.81,9.96,9.58,9.71,3200,9.53403
2011-11-22,10.03,10.10,9.765,9.765,1000,9.58804
2011-11-21,10.05,10.23,10.04,10.10,6400,9.91696
2011-11-18,9.95,10.24,9.95,10.23,1500,10.04461
2011-11-17,10.03,10.0901,10.03,10.09,1300,9.90715
2011-11-16,9.94,10.14,9.711,10.10,10600,9.91696
2011-11-15,9.46,9.73,9.46,9.73,700,9.55367
2011-11-14,9.34,9.66,9.34,9.52,1000,9.34748
2011-11-10,9.19,9.31,9.12,9.25,8000,9.08237
2011-11-09,9.58,9.73,9.12,9.12,6100,8.95472
2011-11-08,9.46,9.69,9.46,9.69,1500,9.51439
2011-11-07,9.26,9.44,9.26,9.44,3300,9.26892
2011-11-04,9.51,9.53,9.47,9.4984,1800,9.32627
2011-11-03,9.63,9.83,9.40,9.83,10200,9.65186
2011-11-02,9.28,9.52,9.25,9.43,6400,9.25911
2011-11-01,9.40,9.53,9.07,9.07,6900,8.90563
2011-10-31,9.99,9.99,9.77,9.77,600,9.59294
2011-10-28,9.70,9.91,9.70,9.90,8500,9.72059
2011-10-27,9.39,9.70,9.30,9.68,22100,9.50458
2011-10-26,9.16,9.34,9.15,9.25,900,9.08237
2011-10-25,9.33,9.33,9.13,9.13,3300,8.96454
2011-10-24,9.41,9.41,9.33,9.34,2700,9.17074
2011-10-21,9.20,9.31,9.15,9.31,13500,9.14128
2011-10-20,9.10,9.25,9.10,9.20,6000,9.03327
2011-10-19,9.04,9.10,9.04,9.10,3400,8.93509
2011-10-18,8.90,9.10,8.83,9.10,7400,8.93509
2011-10-17,8.88,8.88,8.69,8.69,5400,8.53252
2011-10-14,8.95,8.95,8.69,8.95,6500,8.7878
2011-10-12,8.64,8.75,8.608,8.70,1100,8.54234
2011-10-11,8.62,8.69,8.58,8.62,1800,8.46379
2011-10-10,8.31,8.51,8.24,8.49,11500,8.33614
2011-10-07,8.73,8.73,8.12,8.12,848000,7.97285
2011-10-06,8.68,8.68,8.45,8.62,1000,8.46379
2011-10-05,8.85,8.89,8.47,8.47,2900,8.3165
2011-10-04,7.98,8.77,7.98,8.66,5800,8.50306
2011-10-03,8.42,8.91,8.03,8.03,7400,7.88448
2011-09-30,8.59,8.61,8.51,8.59,2700,8.43433
2011-09-29,8.84,8.84,8.62,8.67,6300,8.51288
2011-09-28,8.88,8.98,8.71,8.74,13600,8.58161
2011-09-27,8.85,8.87,8.78,8.87,3700,8.70925
2011-09-26,8.30,8.63,8.19,8.63,5800,8.4736
2011-09-23,8.11,8.36,8.11,8.30,7300,8.14958
2011-09-22,7.96,8.56,7.96,8.31,13800,8.1594
2011-09-21,8.45,8.47,8.2399,8.2399,4300,8.09057
2011-09-20,8.25,8.30,8.15,8.30,20800,8.14958
2011-09-19,8.12,8.27,8.12,8.1999,1900,8.0513
2011-09-16,8.11,8.11,8.10,8.10,9000,7.95321
2011-09-15,8.05,8.18,8.03,8.03,22700,7.88448
2011-09-14,8.25,8.25,8.10,8.10,8800,7.95321
2011-09-13,8.15,8.198,8.04,8.126,3600,7.97874
2011-09-12,8.18,8.25,8.18,8.25,500,8.10049
2011-09-09,8.25,8.55,8.20,8.55,3900,8.39505
2011-09-08,8.20,8.26,8.13,8.25,21600,8.10049
2011-09-07,8.44,8.52,7.751,8.31,2200,8.1594
2011-09-06,7.92,7.92,7.92,7.92,000,7.77647
2011-09-02,8.31,8.31,8.1999,8.1999,900,8.0513
2011-09-01,8.16,8.54,8.16,8.40,13000,8.24777
2011-08-31,8.38,8.41,8.15,8.17,2500,8.02194
2011-08-30,7.49,8.16,7.49,8.16,2900,8.01212
2011-08-29,7.43,7.4575,7.35,7.42,2400,7.28553
2011-08-26,7.63,7.65,7.50,7.50,1200,7.36408
2011-08-25,7.86,7.86,7.5499,7.59,1400,7.45245
2011-08-24,7.76,7.76,7.76,7.76,100,7.61937
2011-08-23,7.37,7.71,7.37,7.71,1500,7.57028
2011-08-22,7.46,7.50,7.35,7.37,2500,7.23644
2011-08-19,7.43,7.45,7.38,7.38,500,7.24626
2011-08-18,7.38,7.47,7.36,7.46,1300,7.32481
2011-08-16,7.72,7.72,7.49,7.49,900,7.35426
2011-08-15,7.40,7.70,7.39,7.70,2000,7.56046
2011-08-12,7.40,7.40,7.28,7.399,900,7.26491
2011-08-11,7.33,7.40,6.761,7.40,13500,7.26589
2011-08-10,7.94,8.37,7.09,7.09,12400,6.96151
2011-08-09,8.00,8.08,7.06,7.95,12300,7.80593
2011-08-08,8.62,8.62,8.01,8.10,18600,7.95321
2011-08-05,8.71,8.82,8.53,8.82,2700,8.66016
2011-08-04,8.90,8.90,8.72,8.72,6300,8.56197
2011-08-03,8.75,8.97,8.55,8.97,3000,8.80744
2011-08-02,8.78,8.91,8.75,8.78,2800,8.62089
2011-08-01,9.06,9.23,8.95,8.96,35400,8.79762
2011-07-29,9.17,9.22,9.143,9.20,17600,9.03327
2011-07-28,9.12,9.14,8.98,9.13,21200,8.96454
2011-07-27,9.26,9.28,9.07,9.11,22400,8.9449
2011-07-26,9.31,9.35,9.25,9.26,5800,9.09219
2011-07-25,9.47,9.51,9.26,9.26,4600,9.09219
2011-07-21,9.54,9.79,9.54,9.79,2000,9.61258
2011-07-20,9.67,9.69,9.43,9.43,1800,9.25911
2011-07-19,9.82,9.83,9.77,9.79,7000,9.61258
2011-07-18,9.74,9.74,9.53,9.65,1900,9.47512
2011-07-15,9.93,10.00,9.82,9.82,2900,9.64204
2011-07-14,9.99,10.25,9.81,9.86,11000,9.68131
2011-07-13,10.23,10.32,10.12,10.12,3400,9.9366
2011-07-12,10.29,10.29,10.29,10.29,400,10.10352
2011-07-11,10.25,10.29,10.12,10.29,6400,10.10352
2011-07-08,10.25,10.35,10.25,10.33,6400,10.1428
2011-07-07,10.34,10.40,10.30,10.33,4100,10.1428
2011-06-30,10.40,10.42,10.35,10.42,1000,10.23116
2011-06-29,10.65,10.69,10.38,10.48,1200,10.29008
2011-06-28,10.00,10.50,10.00,10.48,18700,10.29008
2011-06-27,9.74,10.11,9.45,10.11,14600,9.92678
2011-06-24,9.74,9.75,9.4101,9.51,10800,9.33766
2011-06-22,9.84,9.84,9.72,9.75,600,9.57331
2011-06-21,9.85,9.85,9.83,9.85,500,9.67149
2011-06-20,9.65,9.84,9.61,9.66,2900,9.48494
2011-06-17,9.57,9.82,9.44,9.61,6700,9.43584
2011-06-16,9.57,9.60,9.49,9.59,228900,9.41621
2011-06-15,9.32,9.5901,9.27,9.57,67300,9.39657
2011-06-14,9.00,9.48,9.00,9.40,40200,9.22965
2011-06-13,8.99,9.43,8.90,8.90,26200,8.73871
2011-06-10,9.10,9.86,9.10,9.39,22700,9.21983
2011-06-09,9.96,9.995,9.91,9.99,12700,9.80896
2011-06-08,9.79,9.96,9.79,9.92,5700,9.74023
2011-06-07,9.8401,9.8401,9.74,9.74,2500,9.56349
2011-06-06,9.83,9.87,9.61,9.87,4500,9.69113
2011-06-03,9.83,9.83,9.62,9.62,3300,9.44566
2011-06-02,9.95,10.08,9.85,9.87,3300,9.69113
2011-06-01,10.12,10.12,9.77,9.92,7100,9.74023
2011-05-31,10.06,10.12,10.04,10.04,7200,9.85805
2011-05-27,9.86,10.03,9.86,10.00,6400,9.81878
2011-05-26,9.78,10.00,9.756,10.00,600,9.81878
2011-05-25,9.85,9.96,9.68,9.72,2000,9.54385
2011-05-24,9.59,10.01,9.558,9.93,32100,9.75005
2011-05-23,9.29,9.819,9.29,9.56,20500,9.38675
2011-05-20,9.35,9.42,9.30,9.42,700,9.24929
2011-05-19,9.95,9.95,9.17,9.17,7700,9.00382
2011-05-18,9.26,9.73,9.06,9.30,31300,9.13146
2011-05-17,8.97,9.48,8.58,9.25,23100,9.08237
2011-05-16,10.07,10.07,8.90,8.97,67200,8.80744
2011-05-13,9.97,10.12,9.94,10.11,6300,9.92678
2011-05-12,9.90,9.98,9.89,9.95,5600,9.76968
2011-05-11,9.99,10.033,9.87,9.91,9900,9.73041
2011-05-10,10.12,10.22,9.87,10.02,8900,9.83841
2011-05-09,9.60,10.183,9.54,10.18,15200,9.99551
2011-05-06,10.00,10.35,9.71,9.91,23500,9.73041
2011-05-05,9.54,9.67,9.49,9.67,1000,9.49476
2011-05-04,9.24,9.45,9.24,9.45,5000,9.27874
2011-05-03,8.90,9.19,8.90,9.19,3100,9.02345
2011-05-02,8.89,8.96,8.84,8.8601,12000,8.69953
2011-04-29,8.85,8.8501,8.84,8.85,2400,8.68962
2011-04-28,8.90,9.04,8.85,8.87,3700,8.70925
2011-04-27,8.97,9.05,8.9101,8.97,2300,8.80744
2011-04-26,8.97,8.9999,8.83,8.97,5700,8.80744
2011-04-25,8.87,8.87,8.87,8.87,100,8.70925
2011-04-19,9.07,9.20,8.90,8.9001,12900,8.73881
2011-04-18,9.04,9.22,8.99,9.0899,1800,8.92517
2011-04-15,8.77,9.15,8.77,9.04,2600,8.87617
2011-04-14,8.81,8.94,8.74,8.80,3800,8.64052
2011-04-13,8.50,8.82,8.49,8.80,53800,8.64052
2011-04-12,8.50,8.50,8.50,8.50,200,8.34596
2011-04-11,8.50,8.50,8.50,8.50,1100,8.34596
2011-04-08,8.50,8.50,8.50,8.50,3000,8.34596
2011-04-07,8.40,8.47,8.40,8.47,700,8.3165
2011-04-06,8.50,8.50,8.4739,8.4739,300,8.32033
2011-04-05,8.40,8.52,8.35,8.47,3400,8.3165
2011-04-04,8.50,8.54,8.40,8.44,1800,8.28705
2011-04-01,8.39,8.39,8.34,8.35,3600,8.19868
2011-03-31,8.43,8.49,8.41,8.43,1400,8.27723
2011-03-30,8.49,8.50,8.39,8.40,4600,8.24777
2011-03-29,8.32,8.50,8.32,8.50,1200,8.34596
2011-03-28,8.37,8.48,8.28,8.28,6700,8.12995
2011-03-25,8.38,8.50,8.35,8.35,11300,8.19868
2011-03-24,8.48,8.48,8.38,8.39,10300,8.23795
2011-03-23,8.58,8.58,8.38,8.42,2600,8.26741
2011-03-22,8.59,8.59,8.52,8.55,6900,8.39505
2011-03-21,8.62,8.83,8.52,8.58,8400,8.42451
2011-03-18,8.94,9.01,8.55,8.56,10700,8.40487
2011-03-17,8.65,8.73,8.60,8.73,7500,8.57179
2011-03-16,8.62,8.80,8.62,8.64,8700,8.48342
2011-03-15,8.88,8.93,8.75,8.7901,4600,8.6308
2011-03-14,8.98,8.98,8.88,8.88,16700,8.71907
2011-03-11,9.05,9.0882,9.02,9.07,2800,8.90563
2011-03-10,9.05,9.05,9.05,9.05,2300,8.88599
2011-03-09,9.05,9.05,9.05,9.05,800,8.88599
2011-03-08,9.05,9.05,9.0299,9.05,500,8.88599
2011-03-07,8.98,9.15,8.85,8.86,1700,8.69944
2011-03-04,9.10,9.10,8.90,8.90,16900,8.73871
2011-03-03,9.03,9.09,9.00,9.09,1000,8.92527
2011-03-02,9.00,9.05,8.95,8.95,10300,8.7878
2011-03-01,9.06,9.07,9.06,9.07,800,8.90563
2011-02-28,8.76,9.11,8.76,8.95,15400,8.7878
2011-02-25,9.00,9.00,8.89,9.00,1800,8.8369
2011-02-24,8.96,9.0475,8.87,8.9901,2800,8.82718
2011-02-23,8.76,8.96,8.76,8.93,5400,8.76817
2011-02-22,8.87,8.92,8.46,8.85,20400,8.68962
2011-02-18,9.09,9.17,8.97,9.03,4300,8.86635
2011-02-17,9.30,9.35,9.00,9.00,26400,8.8369
2011-02-16,9.09,9.11,9.09,9.11,2800,8.9449
2011-02-14,9.02,9.299,9.00,9.299,1600,9.13048
2011-02-11,8.95,9.01,8.95,9.00,1300,8.8369
2011-02-10,9.03,9.10,9.02,9.10,1100,8.93509
2011-02-09,9.33,9.33,9.15,9.15,700,8.98418
2011-02-08,9.03,9.29,8.90,9.247,3500,9.07942
2011-02-07,8.50,8.90,8.35,8.83,4300,8.66998
2011-02-04,8.29,8.29,8.29,8.29,100,8.13977
2011-02-03,8.31,8.32,8.27,8.27,1300,8.12013
2011-02-02,8.18,8.1901,8.14,8.19,2600,8.04158
2011-01-31,8.22,8.27,8.08,8.24,4000,8.09067
2011-01-28,8.42,10.52,8.20,8.2301,12900,8.08095
2011-01-27,8.42,8.42,8.081,8.081,300,7.93455
2011-01-21,8.09,8.09,8.09,8.09,200,7.94339
2011-01-20,8.09,8.0996,8.0801,8.0996,500,7.95282
2011-01-19,8.31,8.31,8.31,8.31,000,8.1594
2011-01-18,8.15,8.15,8.15,8.15,300,8.0023
2011-01-14,8.14,8.14,8.14,8.14,100,7.99248
2011-01-13,8.01,8.24,8.00,8.00,1200,7.85502
2011-01-12,8.00,8.19,8.00,8.09,600,7.94339
2011-01-11,8.17,8.17,7.63,7.99,6100,7.8452
2011-01-10,8.24,8.24,8.095,8.15,2200,8.0023
2011-01-07,8.095,8.24,8.095,8.18,1500,8.03176
2011-01-06,8.02,8.1268,7.97,7.97,400,7.82556
2011-01-05,8.02,8.085,8.02,8.08,1200,7.93357
2011-01-04,8.12,8.12,8.12,8.12,000,7.97285
2011-01-03,8.30,8.50,8.01,8.02,11300,7.87466
2010-12-31,8.03,8.07,8.01,8.01,1300,7.86484
2010-12-30,8.35,8.35,8.05,8.05,400,7.90412
2010-12-29,8.24,8.26,7.976,8.26,9400,8.11031
2010-12-28,7.98,8.02,7.89,7.98,900,7.83538
2010-12-27,8.05,8.05,8.04,8.04,300,7.8943
2010-12-23,8.25,8.28,8.03,8.03,3500,7.88448
2010-12-22,8.14,8.28,8.1332,8.28,800,8.12995
2010-12-20,8.29,8.30,8.1101,8.13,2300,7.98267
2010-12-17,8.04,8.10,8.02,8.10,1000,7.95321
2010-12-16,8.14,8.24,8.12,8.2399,1800,8.09057
2010-12-15,8.22,8.23,7.95,8.2262,4200,8.07712
2010-12-14,8.00,8.13,7.96,8.00,2200,7.85502
2010-12-13,8.03,8.03,7.93,7.97,17600,7.82556
2010-12-10,7.99,8.00,7.98,8.00,5500,7.85502
2010-12-09,7.90,8.15,7.89,7.94,1200,7.79611
2010-12-08,7.96,8.07,7.77,7.85,10400,7.70774
2010-12-07,7.98,8.00,7.90,7.90,1100,7.75683
2010-12-06,7.84,7.85,7.70,7.84,3600,7.69792
2010-12-03,7.55,7.75,7.55,7.64,1100,7.50154
2010-12-02,7.48,7.93,7.47,7.57,5700,7.43281
2010-12-01,7.89,7.90,7.80,7.80,2500,7.65865
2010-11-30,7.59,7.88,7.59,7.79,1300,7.64883
2010-11-29,7.75,7.76,7.75,7.75,600,7.60955
2010-11-26,7.75,7.95,7.75,7.83,1000,7.6881
2010-11-24,7.95,7.95,7.91,7.95,2200,7.80593
2010-11-22,8.00,8.00,7.82,7.87,1100,7.72738
2010-11-19,8.00,8.00,8.00,8.00,000,7.85502
2010-11-18,8.15,8.15,8.06,8.06,300,7.91393
2010-11-17,8.02,8.02,7.95,7.96,1900,7.81575
2010-11-16,7.87,7.89,7.84,7.84,1100,7.69792
2010-11-15,7.98,7.98,7.80,7.81,700,7.66846
2010-11-12,7.81,7.81,7.752,7.80,900,7.65865
2010-11-11,7.97,8.06,7.92,7.97,7600,7.82556
2010-11-10,8.20,8.25,7.71,8.05,18600,7.90412
2010-11-09,8.30,8.30,8.265,8.28,1300,8.12995
2010-11-08,8.35,8.35,8.35,8.35,3200,8.19868
2010-11-05,8.31,8.3899,8.29,8.30,3200,8.14958
2010-11-04,8.27,8.38,8.27,8.37,1700,8.21832
2010-11-03,8.25,8.30,8.25,8.30,700,8.14958
2010-11-01,8.29,8.4864,8.25,8.335,6300,8.18395
2010-10-29,8.3748,8.3748,8.3748,8.3748,200,8.22303
2010-10-28,8.46,8.46,8.36,8.45,4500,8.29687
2010-10-27,8.25,8.25,8.25,8.25,200,8.10049
2010-10-26,8.40,8.45,8.259,8.44,3700,8.28705
2010-10-25,8.29,8.29,8.29,8.29,100,8.13977
2010-10-22,8.29,8.44,8.25,8.26,2800,8.11031
2010-10-21,8.35,8.36,8.25,8.30,3400,8.14958
2010-10-20,8.38,8.47,8.30,8.353,7900,8.20162
2010-10-19,8.18,8.25,8.17,8.25,2200,8.10049
2010-10-18,8.33,8.43,8.29,8.38,6000,8.22813
2010-10-15,8.07,8.47,8.07,8.47,400,8.3165
2010-10-14,8.14,8.15,8.01,8.01,1300,7.86484
2010-10-12,8.14,8.20,8.13,8.20,5500,8.0514
2010-10-11,8.09,8.19,8.09,8.19,2200,8.04158
2010-10-08,8.00,8.23,8.00,8.12,3600,7.97285
2010-10-07,8.00,8.06,7.88,8.00,6800,7.85502
2010-10-06,7.89,7.90,7.84,7.90,900,7.75683
2010-10-05,7.90,7.98,7.86,7.90,4300,7.75683
2010-10-04,7.76,7.90,7.75,7.90,1400,7.75683
2010-10-01,7.75,7.75,7.73,7.75,60000,7.60955
2010-09-30,7.60,7.87,7.57,7.75,9000,7.60955
2010-09-29,7.56,7.69,7.51,7.59,3500,7.45245
2010-09-28,7.65,7.77,7.65,7.73,2100,7.58991
2010-09-27,7.53,7.65,7.53,7.65,2700,7.51136
2010-09-24,7.75,7.80,7.63,7.65,4100,7.51136
2010-09-23,7.00,7.74,6.95,7.53,77700,7.39354
2010-09-22,6.80,6.90,6.75,6.80,4600,6.67677
2010-09-21,6.85,6.85,6.75,6.75,200,6.62767
2010-09-20,7.00,7.00,7.00,7.00,2600,6.87314
2010-09-17,7.00,7.00,6.99,7.00,10700,6.87314
2010-09-16,6.98,7.00,6.7601,7.00,3000,6.87314
2010-09-15,7.00,7.00,6.84,6.84,20300,6.71604
2010-09-14,7.00,7.00,7.00,7.00,1300,6.87314
2010-09-13,6.97,7.00,6.80,7.00,8000,6.87314
2010-09-10,6.81,6.82,6.77,6.82,1600,6.69641
2010-09-09,6.82,6.9099,6.82,6.82,200,6.69641
2010-09-07,6.97,6.97,6.8812,6.97,1100,6.84369
2010-09-03,7.00,7.05,6.97,6.97,4100,6.84369
2010-09-02,6.92,6.96,6.67,6.93,700,6.80441
2010-09-01,6.90,6.90,6.70,6.84,1800,6.71604
2010-08-31,6.92,6.942,6.4801,6.62,5800,6.50003
2010-08-30,6.99,7.00,6.81,6.92,5600,6.79459
2010-08-27,6.75,6.94,6.74,6.89,3000,6.76514
2010-08-26,6.74,6.78,6.50,6.75,9800,6.62767
2010-08-25,6.70,6.70,6.70,6.70,100,6.57858
2010-08-24,6.65,6.65,6.55,6.55,200,6.4313
2010-08-23,6.70,6.70,6.50,6.55,2000,6.4313
2010-08-20,6.73,6.78,6.73,6.73,800,6.60804
2010-08-19,6.75,6.75,6.70,6.73,300,6.60804
2010-08-18,6.78,6.78,6.72,6.77,1000,6.64731
2010-08-17,6.34,6.93,6.33,6.71,5900,6.5884
2010-08-16,6.42,6.47,6.42,6.42,700,6.30365
2010-08-13,6.89,6.94,6.89,6.91,800,6.78477
2010-08-12,7.00,7.00,7.00,7.00,1600,6.87314
2010-08-11,7.16,7.16,6.91,7.10,3000,6.97133
2010-08-10,7.70,7.70,7.10,7.10,1500,6.97133
2010-08-09,7.72,7.72,7.52,7.57,5900,7.43281
2010-08-06,7.61,7.85,7.60,7.77,12700,7.62919
2010-08-05,7.20,7.59,7.19,7.50,21400,7.36408
2010-08-04,6.99,7.26,6.96,7.26,11800,7.12843
2010-08-03,6.85,7.20,6.85,7.00,15900,6.87314
2010-08-02,6.80,6.85,6.74,6.85,9700,6.72586
2010-07-30,6.71,6.80,6.69,6.75,2200,6.62767
2010-07-29,6.92,6.92,6.70,6.83,8200,6.70622
2010-07-28,6.94,6.94,6.9035,6.94,1200,6.81423
2010-07-27,6.93,6.98,6.85,6.93,3100,6.80441
2010-07-26,6.81,6.85,6.77,6.80,1700,6.67677
2010-07-22,6.94,6.95,6.94,6.95,1000,6.82405
2010-07-21,6.92,6.92,6.92,6.92,200,6.79459
2010-07-20,6.95,6.99,6.94,6.94,2000,6.81423
2010-07-19,7.20,7.20,6.7918,6.98,1900,6.85351
2010-07-16,6.89,7.20,6.89,7.02,1700,6.89278
2010-07-15,6.42,6.65,6.42,6.65,52000,6.52949
2010-07-14,6.10,6.86,6.10,6.631,37600,6.51083
2010-07-13,5.85,6.1338,5.84,6.03,2000,5.92072
2010-07-12,5.62,5.8252,5.545,5.60,62400,5.49851
2010-07-09,5.42,5.69,5.31,5.65,4200,5.54761
2010-07-08,5.53,5.62,5.52,5.62,4700,5.51815
2010-07-07,5.76,5.81,5.46,5.58,4500,5.47888
2010-07-06,6.13,6.33,5.85,5.85,3600,5.74398
2010-07-02,6.33,6.37,6.26,6.26,1300,6.14655
2010-07-01,6.37,6.65,6.37,6.53,2400,6.41166
2010-06-30,6.06,6.42,6.06,6.41,1500,6.29384
2010-06-29,5.98,6.10,5.90,5.90,800,5.79308
2010-06-28,5.90,5.98,5.80,5.98,5200,5.87163
2010-06-25,6.11,6.12,5.86,5.87,1000,5.76362
2010-06-24,6.10,6.1487,6.10,6.10,600,5.98945
2010-06-23,6.26,6.37,6.19,6.34,1300,6.2251
2010-06-22,6.26,6.34,6.21,6.27,3200,6.15637
2010-06-21,6.43,6.51,6.29,6.29,1100,6.17601
2010-06-18,6.29,6.32,6.13,6.32,1800,6.20547
2010-06-17,6.35,6.3632,6.35,6.3632,400,6.24788
2010-06-16,6.40,6.40,6.40,6.40,200,6.28402
2010-06-14,6.45,6.74,6.31,6.69,10100,6.56876
2010-06-11,5.80,6.28,5.79,6.13,11700,6.01891
2010-06-10,5.89,5.89,5.75,5.77,5600,5.66543
2010-06-09,5.85,5.96,5.80,5.81,6500,5.70471
2010-06-08,5.94,5.94,5.72,5.72,200,5.61634
2010-06-07,5.94,5.94,5.65,5.68,15400,5.57706
2010-06-04,5.89,5.95,5.89,5.95,17700,5.84217
2010-06-03,6.00,6.13,6.00,6.13,600,6.01891
2010-06-02,6.01,6.01,6.01,6.01,200,5.90108
2010-05-28,6.01,6.02,6.00,6.00,7600,5.89127
2010-05-27,6.34,6.34,6.02,6.02,400,5.9109
2010-05-26,6.34,6.35,6.02,6.02,6200,5.9109
2010-05-25,6.34,6.34,6.00,6.20,11400,6.08764
2010-05-24,5.85,6.37,5.85,6.33,59600,6.21529
2010-05-21,6.22,6.22,5.76,5.82,13400,5.71453
2010-05-20,6.47,6.47,6.08,6.26,13900,6.14655
2010-05-19,6.50,6.60,6.50,6.50,9600,6.3822
2010-05-18,6.68,6.76,6.63,6.72,14700,6.59822
2010-05-17,6.49,6.75,6.49,6.738,8300,6.61589
2010-05-14,6.53,6.59,6.48,6.59,2700,6.47057
2010-05-13,6.57,6.64,6.50,6.50,16000,6.3822
2010-05-12,6.31,6.58,6.31,6.56,13700,6.44112
2010-05-11,6.15,6.376,6.15,6.23,5200,6.1171
2010-05-10,6.35,6.35,6.11,6.15,14800,6.03855
2010-05-07,6.27,6.28,6.05,6.15,14000,6.03855
2010-05-06,6.12,6.25,6.01,6.15,16000,6.03855
2010-05-05,6.51,6.53,6.19,6.19,6900,6.07782
2010-05-04,6.92,6.93,6.54,6.55,3300,6.4313
2010-05-03,7.00,7.00,6.80,6.847,11300,6.72292
2010-04-30,6.99,7.00,6.90,6.90,2700,6.77496
2010-04-29,6.91,6.9999,6.89,6.9999,5200,6.87305
2010-04-28,6.93,6.95,6.79,6.95,3300,6.82405
2010-04-27,6.92,6.95,6.83,6.90,1700,6.77496
2010-04-26,6.95,7.05,6.93,7.00,4600,6.87314
2010-04-23,6.90,7.00,6.82,7.00,4200,6.87314
2010-04-22,6.91,6.95,6.87,6.91,6100,6.78477
2010-04-21,6.90,6.95,6.79,6.93,8000,6.80441
2010-04-20,6.77,6.80,6.72,6.80,8900,6.67677
2010-04-19,6.75,6.80,6.71,6.76,10800,6.63749
2010-04-16,6.70,6.75,6.56,6.75,9900,6.62767
2010-04-15,6.82,6.91,6.30,6.745,6900,6.62276
2010-04-14,6.76,6.7608,6.72,6.73,6800,6.60804
2010-04-13,6.65,6.77,6.65,6.765,3900,6.6424
2010-04-12,6.65,6.71,6.58,6.68,13400,6.55894
2010-04-09,6.63,6.81,6.60,6.65,11000,6.52949
2010-04-08,6.56,6.56,6.30,6.40,14000,6.28402
2010-04-07,6.47,6.48,6.35,6.42,10700,6.30365
2010-04-06,6.22,6.39,5.87,6.34,17100,6.2251
2010-04-05,6.37,6.37,6.22,6.25,7800,6.13674
2010-04-01,6.79,6.79,6.35,6.40,15000,6.28402
2010-03-31,6.86,6.87,6.7199,6.83,14900,6.70622
2010-03-30,6.60,6.90,6.52,6.78,39600,6.65713
2010-03-29,6.32,6.32,6.25,6.25,1100,6.13674
2010-03-26,6.39,6.39,6.326,6.326,100,6.21136
2010-03-25,6.39,6.39,6.15,6.16,1500,6.04837
2010-03-24,6.35,6.3999,6.05,6.20,12800,6.08764
2010-03-23,6.39,7.37,6.30,6.40,4400,6.28402
2010-03-22,6.37,6.395,6.29,6.30,1200,6.18583
2010-03-19,6.40,6.50,6.30,6.40,21400,6.28402
2010-03-18,6.68,6.70,6.4609,6.4609,9900,6.34381
2010-03-17,6.60,6.60,6.40,6.585,26000,6.46566
2010-03-16,6.41,6.81,6.22,6.40,100900,6.28402
2010-03-15,5.50,6.33,5.24,5.88,24300,5.77344
2010-03-12,6.24,6.24,5.58,5.71,6900,5.60652
2010-03-11,5.78,6.50,5.77,6.40,26500,6.28402
2010-03-10,5.53,5.84,5.52,5.84,3600,5.73417
2010-03-09,5.29,5.60,5.29,5.60,10900,5.49851
2010-03-04,5.18,5.24,5.01,5.18,6500,5.08613
2010-03-03,5.04,5.14,5.01,5.14,2900,5.04685
2010-03-02,4.79,4.94,4.76,4.94,2400,4.85048
2010-03-01,4.92,4.92,4.74,4.74,600,4.6541
2010-02-26,4.85,4.85,4.72,4.80,1100,4.71301
2010-02-25,5.04,5.04,4.852,4.86,600,4.77193
2010-02-24,4.95,5.09,4.95,4.96,2600,4.87011
2010-02-23,4.96,5.00,4.74,4.98,4500,4.88975
2010-02-22,5.06,5.48,4.79,4.9099,9600,4.82092
2010-02-19,5.07,5.16,4.985,4.985,2100,4.89466
2010-02-18,4.53,5.07,4.52,5.07,5800,4.97812
2010-02-17,4.95,5.545,4.95,5.40,1000,5.30214
2010-02-16,4.95,5.55,4.95,5.38,3400,5.2825
2010-02-12,4.79,5.04,4.69,5.04,23100,4.94866
2010-02-11,4.90,5.00,4.77,4.99,9000,4.89957
2010-02-10,5.01,5.13,4.891,5.05,15900,4.95848
2010-02-09,5.18,5.51,5.12,5.27,17300,5.1745
2010-02-08,5.27,5.28,5.12,5.121,3600,5.0282
2010-02-05,5.15,5.28,5.12,5.14,5400,5.04685
2010-02-04,5.09,5.11,5.00,5.11,3500,5.01739
2010-02-03,4.97,5.08,4.80,5.00,5400,4.90939
2010-02-02,4.86,5.10,4.81,5.00,3400,4.90939
2010-02-01,4.70,4.7301,4.70,4.7301,100,4.64438
2010-01-29,4.70,4.70,4.70,4.70,700,4.61482
2010-01-28,4.71,4.71,4.70,4.70,2600,4.61482
2010-01-27,4.87,5.00,4.50,4.73,25600,4.64428
2010-01-26,4.66,4.80,4.60,4.78,2500,4.69338
2010-01-25,4.90,4.91,4.55,4.64,5500,4.55591
2010-01-22,5.00,5.01,4.95,5.00,3000,4.90939
2010-01-21,5.09,5.09,4.95,5.02,4300,4.92903
2010-01-20,5.12,5.21,5.12,5.21,1400,5.11558
2010-01-19,5.12,5.20,5.00,5.00,8300,4.90939
2010-01-15,5.15,5.21,5.09,5.09,6900,4.99776
2010-01-14,4.97,5.20,4.90,5.098,16000,5.00561
2010-01-13,4.80,5.00,4.54,4.73,5600,4.64428
2010-01-12,4.60,4.99,4.53,4.53,2100,4.44791
2010-01-11,4.86,4.89,4.65,4.77,20400,4.68356
2010-01-08,4.44,4.65,4.37,4.65,12100,4.56573
2010-01-07,4.05,4.39,4.04,4.38,5800,4.30062
2010-01-06,4.07,4.38,4.045,4.234,12100,4.15727
2010-01-05,3.99,4.25,3.77,4.04,18800,3.96679
2010-01-04,4.15,4.24,4.0629,4.12,10100,4.04534
2009-12-31,4.05,4.20,4.05,4.20,14800,4.12389
2009-12-30,4.15,4.25,4.15,4.25,3400,4.17298
2009-12-29,4.09,4.19,3.86,4.10,9000,4.0257
2009-12-28,3.96,4.02,3.785,4.02,3100,3.94715
2009-12-24,4.19,4.19,4.19,4.19,700,4.11407
2009-12-23,4.04,4.07,4.03,4.07,2100,3.99624
2009-12-22,4.17,4.22,3.97,4.005,1400,3.93242
2009-12-21,4.21,4.25,4.18,4.18,3900,4.10425
2009-12-18,3.87,4.16,3.86,4.10,18700,4.0257
2009-12-17,3.87,3.90,3.70,3.90,3800,3.82932
2009-12-16,3.90,3.90,3.74,3.74,100,3.67222
2009-12-15,3.83,3.85,3.74,3.81,18000,3.74095
2009-12-14,3.72,3.8985,3.57,3.75,6400,3.68204
2009-12-11,3.61,3.76,3.56,3.735,35200,3.66731
2009-12-10,3.64,3.76,3.595,3.74,3300,3.67222
2009-12-09,3.60,3.75,3.56,3.73,3600,3.6624
2009-12-08,3.71,3.75,3.593,3.73,5800,3.6624
2009-12-07,3.62,3.825,3.55,3.71,6100,3.64277
2009-12-04,3.79,3.80,3.72,3.74,8000,3.67222
2009-12-03,3.73,3.78,3.60,3.75,2700,3.68204
2009-12-02,3.56,3.78,3.55,3.64,4300,3.57403
2009-12-01,3.62,3.85,3.44,3.69,24700,3.62313
2009-11-30,3.61,3.96,3.50,3.50,41600,3.43657
2009-11-27,3.70,3.84,3.60,3.63,34700,3.56422
2009-11-25,4.22,4.49,3.56,3.95,128600,3.87842
2009-11-24,5.63,5.75,5.55,5.55,2100,5.44942
2009-11-23,6.08,6.16,5.98,6.01,4300,5.90108
2009-11-20,6.11,6.16,6.05,6.13,12800,6.01891
2009-11-19,6.29,6.30,6.19,6.24,3100,6.12692
2009-11-18,6.14,6.20,6.04,6.20,3900,6.08764
2009-11-17,6.10,6.15,6.01,6.15,2700,6.03855
2009-11-16,6.20,6.22,6.03,6.03,10700,5.92072
2009-11-13,6.25,6.25,6.001,6.10,2100,5.98945
2009-11-12,6.02,6.30,6.02,6.30,4000,6.18583
2009-11-11,6.25,6.25,6.02,6.02,800,5.9109
2009-11-10,6.37,6.37,6.25,6.25,3700,6.13674
2009-11-09,6.40,6.40,6.30,6.30,33800,6.18583
2009-11-06,6.30,6.303,6.29,6.303,3500,6.18877
2009-11-05,6.20,6.33,6.20,6.20,1700,6.08764
2009-11-04,6.23,6.40,6.20,6.20,10000,6.08764
2009-11-03,6.24,6.24,6.23,6.23,2200,6.1171
2009-11-02,6.30,6.30,6.24,6.26,12800,6.14655
2009-10-30,6.20,6.208,6.14,6.14,6700,6.02873
2009-10-29,6.21,6.28,6.21,6.21,900,6.09746
2009-10-28,6.30,6.30,6.22,6.22,10300,6.10728
2009-10-27,6.19,6.75,6.19,6.30,8900,6.18583
2009-10-26,6.39,6.69,6.20,6.20,11200,6.08764
2009-10-23,6.80,6.81,6.15,6.18,11400,6.068
2009-10-22,6.41,6.75,6.38,6.38,12200,6.26438
2009-10-21,6.96,6.96,6.45,6.45,40900,6.33311
2009-10-20,6.98,6.98,6.80,6.91,1900,6.78477
2009-10-19,6.91,6.91,6.85,6.85,200,6.72586
2009-10-16,7.28,7.28,6.80,6.80,700,6.67677
2009-10-15,6.91,7.06,6.85,6.89,3400,6.76514
2009-10-14,6.72,6.938,6.685,6.82,1700,6.69641
2009-10-13,6.80,6.91,6.60,6.63,2000,6.50985
2009-10-09,6.89,7.24,6.50,6.51,29000,6.39202
2009-10-08,6.60,6.97,6.60,6.90,15300,6.77496
2009-10-07,6.69,6.69,6.39,6.39,2600,6.2742
2009-10-06,6.34,6.49,6.34,6.40,1900,6.28402
2009-10-05,6.46,6.66,6.395,6.41,6800,6.29384
2009-10-02,6.44,6.54,6.35,6.50,17600,6.3822
2009-10-01,6.19,6.77,5.82,6.44,40500,6.32329
2009-09-30,6.44,6.44,6.04,6.09,19800,5.97963
2009-09-29,7.07,7.07,6.33,6.35,22200,6.23492
2009-09-28,6.75,7.10,6.75,6.79,41900,6.66695
2009-09-25,6.67,6.9001,6.67,6.79,3700,6.66695
2009-09-24,6.75,7.08,6.70,6.85,2800,6.72586
2009-09-23,6.87,6.94,6.87,6.89,900,6.76514
2009-09-22,7.51,7.51,6.85,6.86,7900,6.73568
2009-09-21,6.93,6.98,6.81,6.85,4300,6.72586
2009-09-18,7.01,7.01,6.75,6.75,5000,6.62767
2009-09-17,7.11,7.11,6.96,7.00,10600,6.87314
2009-09-16,7.10,7.14,6.97,6.97,1000,6.84369
2009-09-15,7.0201,7.10,7.0201,7.10,200,6.97133
2009-09-14,7.05,7.15,6.99,7.06,900,6.93206
2009-09-11,7.19,7.72,7.15,7.20,19600,7.06952
2009-09-10,7.20,7.25,6.9518,7.04,1800,6.91242
2009-09-09,7.22,7.23,7.18,7.20,4000,7.06952
2009-09-08,7.22,7.34,7.17,7.26,1700,7.12843
2009-09-04,7.38,7.38,7.12,7.12,900,6.99097
2009-09-03,7.10,7.3851,7.03,7.03,7500,6.9026
2009-09-02,6.91,8.18,6.90,7.07,45600,6.94187
2009-09-01,7.13,7.18,6.76,6.85,11000,6.72586
2009-08-31,8.00,8.00,7.79,7.97,1700,7.82556
2009-08-28,8.20,8.20,7.55,8.00,5000,7.85502
2009-08-27,8.2501,8.33,8.25,8.25,6500,8.10049
2009-08-26,8.50,8.59,8.275,8.46,2500,8.30668
2009-08-25,8.84,8.84,8.52,8.70,5100,8.54234
2009-08-24,8.28,8.96,8.28,8.56,24700,8.40487
2009-08-21,8.52,8.63,8.23,8.24,4300,8.09067
2009-08-20,8.35,8.87,8.25,8.28,6800,8.12995
2009-08-19,7.81,8.06,7.81,8.00,1900,7.85502
2009-08-18,8.0201,8.0201,7.13,7.97,8000,7.82556
2009-08-17,8.26,8.412,8.07,8.07,18600,7.92375
2009-08-14,8.85,8.85,8.09,8.15,5200,8.0023
2009-08-13,9.03,9.03,8.62,8.68,17400,8.5227
2009-08-12,9.24,9.24,8.90,9.00,3400,8.8369
2009-08-11,9.51,9.55,8.86,8.86,18400,8.69944
2009-08-10,8.60,8.96,8.60,8.96,2400,8.79762
2009-08-07,8.4601,8.61,8.4601,8.60,700,8.44415
2009-08-06,8.54,8.63,8.40,8.44,10700,8.28705
2009-08-05,8.50,8.54,8.45,8.45,11300,8.29687
2009-08-04,8.52,8.70,8.50,8.65,2000,8.49324
2009-08-03,8.5001,8.63,8.50,8.53,2700,8.37542
2009-07-31,8.65,8.75,8.60,8.61,16600,8.45397
2009-07-30,8.50,8.79,8.50,8.65,3700,8.49324
2009-07-29,8.50,8.51,8.41,8.51,26600,8.35578
2009-07-28,8.27,8.35,8.27,8.31,2200,8.1594
2009-07-27,8.30,8.35,8.27,8.35,7100,8.19868
2009-07-24,8.15,8.29,8.14,8.26,2400,8.11031
2009-07-23,8.3534,8.3534,8.00,8.10,6500,7.95321
2009-07-22,8.10,8.30,8.10,8.30,5100,8.14958
2009-07-21,8.10,8.10,8.00,8.08,5100,7.93357
2009-07-20,7.31,8.10,7.31,8.00,16500,7.85502
2009-07-17,7.75,7.78,7.74,7.77,3700,7.62919
2009-07-16,7.72,7.72,7.68,7.68,3300,7.54082
2009-07-15,7.7099,7.73,7.68,7.71,3000,7.57028
2009-07-14,7.55,7.75,7.41,7.43,9000,7.29535
2009-07-13,7.30,7.55,7.2801,7.55,29600,7.41318
2009-07-10,7.30,7.30,7.30,7.30,200,7.16771
2009-07-09,7.30,7.35,7.30,7.35,7100,7.2168
2009-07-08,7.36,7.36,7.30,7.30,7200,7.16771
2009-07-07,7.43,7.45,7.35,7.40,9800,7.26589
2009-07-06,7.48,7.50,7.4001,7.50,21200,7.36408
2009-07-02,7.49,7.50,6.85,7.50,17700,7.36408
2009-07-01,7.00,7.27,6.88,7.27,26500,7.13825
2009-06-30,6.81,7.05,6.40,7.05,109200,6.92224
2009-06-29,6.57,6.61,6.40,6.40,5400,6.28402
2009-06-26,6.26,6.50,6.20,6.25,12600,6.13674
2009-06-25,6.19,6.20,6.16,6.20,9700,6.08764
2009-06-24,6.23,6.23,6.04,6.05,11400,5.94036
2009-06-23,6.15,6.17,6.08,6.10,6500,5.98945
2009-06-22,6.30,6.50,6.03,6.03,34100,5.92072
2009-06-19,6.13,6.29,6.11,6.29,10700,6.17601
2009-06-18,6.25,6.25,5.97,6.03,21700,5.92072
2009-06-17,6.22,6.30,5.83,6.13,37700,6.01891
2009-06-16,6.35,6.35,6.00,6.02,32000,5.9109
2009-06-15,6.35,6.35,6.04,6.10,18900,5.98945
2009-06-12,6.18,6.331,6.06,6.06,8600,5.95018
2009-06-11,6.71,6.72,5.50,6.04,53100,5.93054
2009-06-10,7.15,7.15,6.47,6.55,14000,6.4313
2009-06-09,7.20,7.21,6.95,6.95,12100,6.82405
2009-06-08,6.96,7.25,6.90,7.11,16600,6.98115
2009-06-05,6.90,7.00,6.84,7.00,13300,6.87314
2009-06-04,6.99,7.30,6.91,6.97,12800,6.84369
2009-06-03,6.80,6.80,6.75,6.76,6600,6.63749
2009-06-02,7.20,7.20,6.72,6.82,7400,6.69641
2009-06-01,6.90,7.30,6.90,7.11,7600,6.98115
2009-05-29,6.41,7.00,6.41,7.00,27000,6.87314
2009-05-28,6.38,6.45,5.94,6.40,11800,6.28402
2009-05-27,6.30,6.44,6.25,6.28,13000,6.16619
2009-05-26,6.36,6.48,6.34,6.44,6700,6.32329
2009-05-22,6.305,6.49,6.285,6.40,9900,6.28402
2009-05-21,6.31,6.34,6.25,6.30,9900,6.18583
2009-05-20,6.10,6.365,6.10,6.25,9900,6.13674
2009-05-19,5.93,6.06,5.93,6.00,5700,5.89127
2009-05-18,5.90,6.0601,5.71,5.92,8600,5.81272
2009-05-15,5.61,5.72,5.61,5.65,2400,5.54761
2009-05-14,6.23,6.23,5.55,5.69,16100,5.58688
2009-05-13,5.99,6.49,5.80,6.00,34800,5.89127
2009-05-12,5.99,6.50,5.66,6.50,20400,6.3822
2009-05-11,6.06,6.10,5.73,5.85,24900,5.74398
2009-05-08,5.93,6.20,5.93,6.11,7100,5.99927
2009-05-07,6.00,6.21,5.91,6.00,12900,5.89127
2009-05-06,6.05,6.25,5.825,6.06,34100,5.95018
2009-05-05,6.04,6.23,6.04,6.05,6100,5.94036
2009-05-04,5.67,6.1344,5.67,6.06,16400,5.95018
2009-05-01,5.73,6.00,5.23,5.79,51900,5.68507
2009-04-30,5.45,5.59,4.90,5.50,20600,5.40033
2009-04-29,5.12,5.5199,5.12,5.4131,18400,5.315
2009-04-28,4.97,5.05,4.97,5.05,5300,4.95848
2009-04-27,5.02,5.19,4.932,5.09,22300,4.99776
2009-04-24,4.18,5.05,4.18,5.05,24900,4.95848
2009-04-23,3.9395,4.29,3.9395,4.28,19100,4.20244
2009-04-22,3.45,3.85,3.45,3.85,10300,3.78023
2009-04-21,3.49,3.49,3.35,3.35,15100,3.28929
2009-04-20,3.59,3.65,3.481,3.54,15900,3.47585
2009-04-17,3.58,3.77,3.56,3.71,23200,3.64277
2009-04-16,3.58,3.80,3.58,3.58,18400,3.51512
2009-04-15,3.72,3.7206,3.6199,3.68,14200,3.61331
2009-04-14,3.96,3.9899,3.57,3.85,28100,3.78023
2009-04-13,3.46,4.09,3.46,4.04,31600,3.96679
2009-04-09,3.76,3.89,3.44,3.71,57400,3.64277
2009-04-08,3.35,3.90,3.30,3.81,49700,3.74095
2009-04-07,2.89,3.43,2.85,3.32,41400,3.25983
2009-04-06,2.71,2.80,2.71,2.78,56700,2.72962
2009-04-03,2.6409,2.70,2.53,2.70,19000,2.65107
2009-04-02,2.59,2.74,2.50,2.67,41200,2.62161
2009-04-01,2.40,2.49,2.27,2.44,31300,2.39578
2009-03-31,2.53,2.6694,2.52,2.525,22300,2.47924
2009-03-30,2.72,2.74,2.41,2.47,23300,2.42524
2009-03-27,2.90,2.91,2.86,2.87,14400,2.81799
2009-03-26,2.77,2.93,2.75,2.93,27400,2.8769
2009-03-25,2.73,2.87,2.53,2.71,8800,2.66089
2009-03-24,2.65,2.805,2.60,2.61,27500,2.5627
2009-03-23,2.59,2.90,2.43,2.67,93900,2.62161
2009-03-20,1.95,2.85,1.95,2.42,137900,2.37614
2009-03-19,1.93,1.98,1.92,1.92,5100,1.8852
2009-03-18,1.85,1.91,1.85,1.9099,2800,1.87529
2009-03-17,1.6801,1.6801,1.68,1.68,200,1.64955
2009-03-16,1.82,1.82,1.62,1.62,14400,1.59064
2009-03-13,1.8011,1.8499,1.76,1.80,21000,1.76738
2009-03-12,1.73,1.82,1.73,1.82,300,1.78702
2009-03-11,1.78,1.78,1.74,1.78,14400,1.74774
2009-03-10,1.75,1.80,1.63,1.73,45300,1.69865
2009-03-09,1.80,1.80,1.69,1.75,11800,1.71829
2009-03-06,1.8499,1.8499,1.7168,1.7168,400,1.68569
2009-03-05,1.86,1.86,1.71,1.80,51100,1.76738
2009-03-04,1.895,1.91,1.82,1.82,17600,1.78702
2009-03-03,1.90,1.90,1.70,1.83,23400,1.79684
2009-03-02,2.01,2.01,1.83,1.897,11300,1.86262
2009-02-27,2.00,2.08,2.00,2.08,3300,2.04231
2009-02-26,2.06,2.06,1.99,1.99,5800,1.95394
2009-02-25,2.06,2.08,2.05,2.06,6500,2.02267
2009-02-24,2.20,2.20,2.20,2.20,100,2.16013
2009-02-23,2.18,2.33,2.16,2.205,7700,2.16504
2009-02-20,2.50,2.50,2.31,2.31,32000,2.26814
2009-02-19,2.77,2.77,2.39,2.40,22800,2.35651
2009-02-18,2.31,2.38,2.20,2.28,5300,2.23868
2009-02-17,2.31,2.31,2.30,2.31,2500,2.26814
2009-02-13,2.33,2.35,2.31,2.31,3100,2.26814
2009-02-12,2.35,2.39,2.35,2.39,3300,2.34669
2009-02-11,2.33,2.39,2.31,2.39,2800,2.34669
2009-02-10,2.50,2.50,2.35,2.35,9400,2.30741
2009-02-09,2.32,2.83,2.32,2.46,24000,2.41542
2009-02-05,2.35,2.35,2.34,2.34,700,2.29759
2009-02-04,2.63,2.63,2.35,2.35,1300,2.30741
2009-02-03,2.3001,2.97,2.3001,2.44,4400,2.39578
2009-02-02,2.40,2.40,2.30,2.345,1400,2.3025
2009-01-28,2.31,2.36,2.306,2.31,2600,2.26814
2009-01-27,2.31,2.32,2.31,2.32,600,2.27796
2009-01-26,2.2799,2.2799,2.2799,2.2799,800,2.23858
2009-01-22,2.26,2.26,2.23,2.23,900,2.18959
2009-01-20,2.29,2.29,2.29,2.29,100,2.2485
2009-01-16,2.35,2.65,2.34,2.3401,3300,2.29769
2009-01-15,2.27,2.27,2.25,2.269,1800,2.22788
2009-01-14,2.51,2.51,2.33,2.36,4400,2.31723
2009-01-13,2.51,2.511,2.50,2.50,14100,2.45469
2009-01-12,2.50,2.56,2.50,2.56,300,2.51361
2009-01-09,2.48,2.97,2.48,2.52,24100,2.47433
2009-01-08,2.27,2.44,2.25,2.41,33100,2.36633
2009-01-07,2.55,2.56,2.285,2.30,39800,2.25832
2009-01-06,2.47,2.60,2.47,2.55,15300,2.50379
2009-01-05,2.10,2.36,2.10,2.30,38300,2.25832
2009-01-02,2.10,2.13,2.01,2.13,31600,2.0914
2008-12-31,1.91,2.32,1.91,2.10,25200,2.06194
2008-12-30,2.00,2.01,1.82,1.87,111300,1.83611
2008-12-29,2.03,2.04,1.94,1.99,79000,1.95394
2008-12-26,2.03,2.17,2.03,2.14,3000,2.10122
2008-12-24,1.98,1.98,1.98,1.98,1000,1.94412
2008-12-23,2.12,2.1201,2.00,2.00,6100,1.96376
2008-12-22,2.09,2.49,2.09,2.22,13000,2.17977
2008-12-19,1.87,2.14,1.87,2.13,10800,2.0914
2008-12-18,1.85,1.99,1.7585,1.858,29300,1.82433
2008-12-17,1.75,1.92,1.7001,1.82,22900,1.78702
2008-12-16,1.97,1.97,1.75,1.82,52700,1.78702
2008-12-15,2.10,2.10,1.97,2.04,4700,2.00303
2008-12-12,2.15,2.15,2.07,2.07,5300,2.03249
2008-12-11,1.93,2.21,1.93,2.1001,16900,2.06204
2008-12-10,2.25,2.25,2.03,2.05,19400,2.01285
2008-12-09,2.15,2.17,2.00,2.14,12500,2.10122
2008-12-08,2.04,2.2501,2.04,2.13,39200,2.0914
2008-12-05,2.06,2.2332,2.06,2.20,23100,2.16013
2008-12-04,2.25,2.25,2.12,2.15,22000,2.11104
2008-12-03,2.12,2.19,2.105,2.19,5400,2.15031
2008-12-02,2.10,2.14,1.98,2.14,13700,2.10122
2008-12-01,1.97,2.17,1.96,2.10,7400,2.06194
2008-11-28,2.26,2.26,2.08,2.13,1200,2.0914
2008-11-26,1.81,2.50,1.8099,2.19,21600,2.15031
2008-11-25,1.91,1.91,1.60,1.74,5500,1.70847
2008-11-24,1.7425,1.80,1.71,1.75,18600,1.71829
2008-11-21,1.65,1.69,1.57,1.63,13800,1.60046
2008-11-20,1.74,1.74,1.60,1.65,7800,1.6201
2008-11-19,1.70,1.77,1.60,1.74,5500,1.70847
2008-11-18,1.59,2.07,1.59,1.70,9900,1.66919
2008-11-17,1.66,1.84,1.50,1.70,7300,1.66919
2008-11-14,2.14,2.14,1.74,1.74,12900,1.70847
2008-11-13,2.00,2.05,1.96,2.00,54600,1.96376
2008-11-12,2.13,2.13,1.83,2.02,9200,1.98339
2008-11-11,2.31,2.31,2.00,2.16,26500,2.12086
2008-11-10,2.74,2.74,2.30,2.37,10800,2.32705
2008-11-07,2.60,2.60,2.33,2.50,12900,2.45469
2008-11-06,2.95,2.95,2.60,2.60,5000,2.55288
2008-11-05,2.92,2.92,2.85,2.85,1600,2.79835
2008-11-04,2.97,3.01,2.90,3.00,12800,2.94563
2008-11-03,3.21,3.21,2.92,2.95,3900,2.89654
2008-10-31,2.86,2.91,2.44,2.87,14200,2.81799
2008-10-30,2.97,3.00,2.85,2.92,12900,2.86708
2008-10-29,2.56,2.81,2.44,2.75,19700,2.70016
2008-10-28,2.64,2.99,2.59,2.84,15700,2.78853
2008-10-27,2.66,2.66,2.52,2.57,16000,2.52343
2008-10-24,2.56,2.82,2.56,2.60,35100,2.55288
2008-10-23,2.6999,2.6999,2.52,2.69,9500,2.64125
2008-10-22,2.88,2.894,2.67,2.71,3800,2.66089
2008-10-21,3.03,3.13,2.87,2.87,6100,2.81799
2008-10-20,3.16,3.16,2.69,2.69,9200,2.64125
2008-10-17,3.10,3.15,3.10,3.11,2100,3.05364
2008-10-16,3.11,3.19,3.10,3.19,5700,3.13219
2008-10-15,3.29,3.30,3.17,3.24,14200,3.18128
2008-10-14,3.43,3.58,3.31,3.43,34500,3.36784
2008-10-13,3.39,3.39,3.297,3.39,7300,3.32857
2008-10-10,3.02,3.13,2.00,2.98,29300,2.926
2008-10-09,3.31,3.31,3.07,3.24,26900,3.18128
2008-10-08,3.35,3.49,3.299,3.32,10500,3.25983
2008-10-07,3.62,3.794,3.568,3.794,15500,3.72524
2008-10-06,3.98,3.98,3.14,3.78,9400,3.7115
2008-10-03,4.25,4.25,3.99,3.99,10200,3.91769
2008-10-02,4.32,4.32,4.12,4.19,3200,4.11407
2008-10-01,4.46,4.64,4.21,4.49,11500,4.40863
2008-09-30,4.60,4.70,4.08,4.59,15400,4.50682
2008-09-29,5.43,5.43,4.36,4.70,15200,4.61482
2008-09-26,4.93,5.059,4.93,4.93,8100,4.84066
2008-09-25,5.65,5.75,5.00,5.75,12100,5.6458
2008-09-24,5.96,5.96,5.64,5.64,4200,5.53779
2008-09-23,6.396,6.41,5.98,5.98,4300,5.87163
2008-09-22,6.35,6.45,6.24,6.40,3500,6.28402
2008-09-19,6.58,6.72,6.30,6.60,6900,6.48039
2008-09-18,6.16,6.38,5.88,6.10,6800,5.98945
2008-09-17,6.38,6.38,5.87,5.9875,4700,5.87899
2008-09-16,6.56,6.58,6.15,6.15,8700,6.03855
2008-09-15,6.75,6.75,6.60,6.60,500,6.48039
2008-09-12,6.91,6.91,6.75,6.76,7700,6.63749
2008-09-11,6.89,7.02,6.80,6.98,6400,6.85351
2008-09-10,6.86,6.94,6.76,6.81,4000,6.68659
2008-09-09,7.02,7.05,6.82,6.91,2900,6.78477
2008-09-08,6.85,7.00,6.77,6.96,5100,6.83387
2008-09-05,7.28,7.30,7.09,7.14,7200,7.01061
2008-09-04,7.76,7.76,7.35,7.52,9300,7.38372
2008-09-03,7.50,7.66,7.47,7.61,11600,7.47209
2008-09-02,7.21,7.76,7.06,7.48,65900,7.34444
2008-08-29,6.81,7.03,6.68,7.03,9500,6.9026
2008-08-28,6.12,6.94,6.12,6.58,30200,6.46075
2008-08-27,6.93,6.93,6.66,6.67,2900,6.54912
2008-08-26,6.63,6.85,6.63,6.84,5000,6.71604
2008-08-25,6.72,6.82,6.34,6.55,8700,6.4313
2008-08-22,6.88,6.96,6.63,6.96,7800,6.83387
2008-08-21,6.93,6.93,6.85,6.86,6100,6.73568
2008-08-20,6.89,6.89,6.89,6.89,500,6.76514
2008-08-19,6.91,6.91,6.87,6.89,500,6.76514
2008-08-18,7.16,7.20,7.05,7.13,10700,7.00079
2008-08-15,6.99,7.05,6.97,7.03,9000,6.9026
2008-08-14,6.94,7.07,6.94,7.03,2400,6.9026
2008-08-13,7.01,7.05,6.85,6.86,12100,6.73568
2008-08-12,6.68,7.00,6.68,7.00,6400,6.87314
2008-08-11,6.71,6.71,6.46,6.54,12200,6.42148
2008-08-08,6.31,6.62,6.30,6.59,9400,6.47057
2008-08-07,6.34,6.43,6.06,6.22,4300,6.10728
2008-08-06,6.80,6.80,6.49,6.50,2200,6.3822
2008-08-05,6.58,6.70,6.55,6.70,1300,6.57858
2008-08-04,6.77,6.77,6.44,6.50,10200,6.3822
2008-08-01,6.56,6.56,6.45,6.457,500,6.33998
2008-07-31,6.00,6.75,6.00,6.66,69100,6.5393
2008-07-30,6.29,6.29,6.20,6.21,2700,6.09746
2008-07-29,6.29,6.40,6.24,6.24,3500,6.12692
2008-07-28,6.58,6.58,6.14,6.35,83500,6.23492
2008-07-25,6.51,6.57,6.47,6.55,11100,6.4313
2008-07-24,6.79,6.82,6.48,6.57,21400,6.45094
2008-07-23,6.65,6.88,6.65,6.88,54600,6.75532
2008-07-22,6.40,6.675,6.28,6.53,81800,6.41166
2008-07-21,6.30,6.42,6.29,6.32,64400,6.20547
2008-07-18,5.87,6.50,5.87,6.11,42200,5.99927
2008-07-17,5.81,6.10,5.73,6.05,65800,5.94036
2008-07-16,5.64,5.81,5.60,5.80,45500,5.69489
2008-07-15,5.80,5.80,5.60,5.71,16500,5.60652
2008-07-14,6.0701,6.10,5.68,5.83,7700,5.72435
2008-07-11,6.12,6.15,5.92,5.94,48100,5.83235
2008-07-10,6.36,6.36,6.10,6.15,42500,6.03855
2008-07-09,6.22,6.35,6.21,6.26,32200,6.14655
2008-07-08,6.30,6.59,6.19,6.48,13400,6.36257
2008-07-07,6.21,6.44,6.15,6.20,20300,6.08764
2008-07-03,6.36,6.39,6.20,6.21,5000,6.09746
2008-07-02,6.33,6.42,6.21,6.22,17000,6.10728
2008-07-01,6.25,6.60,6.20,6.38,16100,6.26438
2008-06-30,6.79,6.79,6.26,6.30,33200,6.18583
2008-06-27,6.64,7.30,6.40,6.62,15100,6.50003
2008-06-26,6.83,6.83,6.40,6.48,15500,6.36257
2008-06-25,6.73,6.84,6.56,6.65,7000,6.52949
2008-06-24,6.73,6.80,6.73,6.74,3200,6.61785
2008-06-23,6.69,7.05,6.69,6.96,14400,6.83387
2008-06-20,7.22,7.46,7.00,7.02,7400,6.89278
2008-06-19,6.72,7.10,6.72,7.10,2900,6.97133
2008-06-18,6.86,6.98,6.59,6.78,19200,6.65713
2008-06-17,7.23,7.23,6.68,6.81,19800,6.68659
2008-06-16,7.15,7.17,6.90,7.10,18800,6.97133
2008-06-13,7.15,7.24,6.69,6.97,38700,6.84369
2008-06-12,7.82,8.24,7.66,7.87,15900,7.72738
2008-06-11,8.17,8.17,7.58,7.58,3700,7.44263
2008-06-10,7.77,8.30,7.57,8.30,10500,8.14958
2008-06-09,8.40,8.40,7.51,7.61,16100,7.47209
2008-06-06,8.39,8.39,8.25,8.30,5000,8.14958
2008-06-05,8.61,8.79,8.40,8.74,13900,8.58161
2008-06-04,8.80,8.80,8.41,8.63,8600,8.4736
2008-06-03,8.73,8.90,8.62,8.62,5200,8.46379
2008-06-02,8.96,9.20,8.54,8.80,15800,8.64052
2008-05-30,8.96,9.22,8.90,9.01,16200,8.84672
2008-05-29,9.10,9.26,9.03,9.18,18200,9.01364
2008-05-28,9.15,9.15,9.03,9.12,14100,8.95472
2008-05-27,8.91,9.29,8.82,9.09,19900,8.92527
2008-05-23,9.11,9.26,8.76,8.96,17900,8.79762
2008-05-22,9.08,9.206,9.08,9.206,33600,9.03917
2008-05-21,9.60,9.78,9.02,9.06,6300,8.89581
2008-05-20,9.64,9.64,9.21,9.26,16400,9.09219
2008-05-19,9.81,9.97,9.59,9.66,2800,9.48494
2008-05-16,10.01,10.02,9.63,9.75,16900,9.57331
2008-05-15,9.80,10.00,9.80,10.00,6100,9.81878
2008-05-14,9.77,9.92,9.72,9.82,6000,9.64204
2008-05-13,9.89,10.00,9.87,9.88,4500,9.70095
2008-05-12,9.88,10.00,9.69,9.77,3800,9.59294
2008-05-09,10.14,10.30,9.63,9.76,13300,9.58313
2008-05-08,10.16,10.24,10.01,10.24,23000,10.05443
2008-05-07,10.38,10.78,10.38,10.50,7300,10.30972
2008-05-06,10.39,10.87,10.25,10.82,14600,10.62392
2008-05-05,10.59,10.84,10.59,10.74,3700,10.54537
2008-05-02,10.61,10.92,10.61,10.92,4800,10.7221
2008-05-01,10.38,10.60,10.38,10.60,16600,10.4079
2008-04-30,10.30,10.61,10.19,10.45,60100,10.26062
2008-04-29,10.62,10.62,10.11,10.15,19600,9.96606
2008-04-28,10.21,10.55,10.11,10.48,21000,10.29008
2008-04-25,10.27,10.54,10.08,10.37,19300,10.18207
2008-04-24,10.20,10.51,10.02,10.45,22500,10.26062
2008-04-23,10.16,10.57,9.95,10.49,31300,10.2999
2008-04-22,10.37,10.50,10.00,10.23,21000,10.04461
2008-04-21,10.79,10.79,10.53,10.61,15100,10.41772
2008-04-18,10.88,10.88,10.70,10.78,18200,10.58464
2008-04-17,10.68,10.93,10.63,10.66,8600,10.46682
2008-04-16,10.08,10.71,10.05,10.64,19200,10.44718
2008-04-15,10.41,10.42,10.02,10.10,7000,9.91696
2008-04-14,10.44,10.61,10.30,10.55,4200,10.35881
2008-04-11,10.39,10.71,10.20,10.31,18900,10.12316
2008-04-10,9.84,10.42,9.82,10.19,8400,10.00533
2008-04-09,10.00,10.15,9.85,9.97,18100,9.78932
2008-04-08,10.06,10.20,9.89,10.05,9800,9.86787
2008-04-07,10.34,10.36,10.17,10.28,9700,10.0937
2008-04-04,10.89,10.89,10.06,10.24,13200,10.05443
2008-04-03,10.87,11.00,10.76,10.84,6400,10.64355
2008-04-02,11.17,11.43,10.86,11.05,28800,10.84975
2008-04-01,11.40,11.72,11.16,11.33,28500,11.12467
2008-03-31,11.46,11.58,11.12,11.23,58200,11.02649
2008-03-28,11.76,11.76,11.15,11.46,13400,11.25232
2008-03-27,12.17,12.31,12.02,12.02,22900,11.80217
2008-03-26,11.83,12.74,11.83,12.25,24600,12.028
2008-03-25,11.54,12.65,11.54,12.45,10000,12.22438
2008-03-24,11.56,12.49,11.56,12.49,10700,12.26365
2008-03-20,11.10,11.50,10.92,11.43,55700,11.22286
2008-03-19,10.72,11.01,10.58,10.97,14800,10.7712
2008-03-18,10.63,11.19,10.38,11.14,12400,10.93812
2008-03-17,10.41,10.60,10.06,10.40,13100,10.21153
2008-03-14,10.70,10.70,9.99,10.37,8500,10.18207
2008-03-13,10.17,10.96,10.17,10.82,11200,10.62392
2008-03-12,10.53,10.70,10.25,10.33,11800,10.1428
2008-03-11,10.00,10.64,10.00,10.53,10300,10.33917
2008-03-10,9.88,9.90,9.73,9.89,6100,9.71077
2008-03-07,9.77,10.04,9.77,9.94,7000,9.75986
2008-03-06,10.27,10.27,9.79,9.81,1300,9.63222
2008-03-05,9.99,10.35,9.99,10.16,6600,9.97588
2008-03-04,9.83,10.48,9.83,10.35,16800,10.16243
2008-03-03,10.80,10.83,10.23,10.42,33300,10.23116
2008-02-29,11.25,11.65,10.75,11.08,23700,10.8792
2008-02-28,11.24,11.53,10.94,11.16,2800,10.95775
2008-02-27,11.12,11.91,11.12,11.15,3800,10.94794
2008-02-26,11.08,11.50,11.05,11.29,1900,11.0854
2008-02-25,10.28,11.03,10.10,10.96,13000,10.76138
2008-02-22,10.49,10.54,10.13,10.27,8400,10.08388
2008-02-21,10.39,10.98,10.39,10.58,44200,10.38827
2008-02-20,10.00,10.57,9.79,10.52,5700,10.32935
2008-02-19,10.13,10.27,10.01,10.07,8400,9.88751
2008-02-15,10.34,10.71,10.07,10.36,19500,10.17225
2008-02-14,10.97,11.13,10.85,10.96,26200,10.76138
2008-02-13,10.47,11.25,10.47,11.25,23500,11.04612
2008-02-12,10.31,10.59,10.25,10.54,25200,10.34899
2008-02-11,10.70,10.74,10.26,10.38,22400,10.19189
2008-02-08,10.59,11.02,10.59,10.79,27100,10.59446
2008-02-07,10.43,10.93,10.43,10.78,4300,10.58464
2008-02-06,11.10,11.10,10.66,10.70,20200,10.50609
2008-02-05,11.25,11.35,10.97,11.06,27900,10.85957
2008-02-04,11.54,11.68,11.34,11.44,7200,11.23268
2008-02-01,11.00,11.62,11.00,11.59,17900,11.37996
2008-01-31,10.13,11.24,9.87,10.95,23100,10.75156
2008-01-30,9.87,10.29,9.69,10.00,85400,9.81878
2008-01-29,9.85,10.05,9.65,9.72,42400,9.54385
2008-01-28,10.00,10.42,9.71,9.97,30900,9.78932
2008-01-25,10.20,10.41,10.07,10.20,29900,10.01515
2008-01-24,10.06,10.40,10.04,10.04,48900,9.85805
2008-01-23,9.50,10.22,9.50,10.22,20400,10.03479
2008-01-22,9.39,10.00,9.32,10.00,24100,9.81878
2008-01-18,9.30,9.50,9.23,9.44,16600,9.26892
2008-01-17,9.55,9.63,9.20,9.20,5300,9.03327
2008-01-16,9.35,9.60,9.35,9.60,21400,9.42603
2008-01-15,9.43,9.43,9.20,9.25,8200,9.08237
2008-01-14,9.67,9.67,9.39,9.52,23500,9.34748
2008-01-11,10.14,10.14,9.65,9.73,21100,9.55367
2008-01-10,9.71,10.32,9.18,10.02,8000,9.83841
2008-01-09,10.02,10.13,9.71,9.93,12300,9.75005
2008-01-08,10.84,11.25,10.11,10.11,6300,9.92678
2008-01-07,11.03,11.03,10.56,10.86,5200,10.66319
2008-01-04,11.12,11.12,10.39,10.80,6500,10.60428
2008-01-03,11.62,11.95,11.40,11.55,2900,11.34069
2008-01-02,12.36,12.60,11.61,11.88,26600,11.66471
2007-12-31,11.98,12.94,11.98,12.61,41100,12.38148
2007-12-28,12.14,12.27,11.82,12.07,5900,11.85126
2007-12-27,12.03,12.27,12.01,12.11,4000,11.89054
2007-12-26,12.38,12.61,12.13,12.61,26500,12.38148
2007-12-24,12.30,12.40,12.28,12.30,13200,12.07709
2007-12-21,12.15,12.45,12.13,12.28,13400,12.05746
2007-12-20,11.66,11.82,11.66,11.82,2800,11.60579
2007-12-19,12.29,12.29,11.60,11.77,3000,11.5567
2007-12-18,12.02,12.13,11.79,11.98,10500,11.76289
2007-12-17,12.33,12.59,12.27,12.27,10100,12.04764
2007-12-14,12.73,12.74,12.45,12.45,1700,12.22438
2007-12-13,12.49,12.85,12.34,12.85,4300,12.61713
2007-12-12,12.96,13.06,12.58,12.58,2000,12.35202
2007-12-11,13.12,13.25,12.88,12.88,2700,12.64658
2007-12-10,13.20,13.66,13.03,13.11,10300,12.87242
2007-12-07,13.68,13.71,13.54,13.54,1000,13.29462
2007-12-06,12.80,13.56,12.77,13.56,15700,13.31426
2007-12-05,12.62,12.99,12.62,12.99,19000,12.75459
2007-12-04,13.00,13.00,12.20,12.41,48600,12.1851
2007-12-03,13.80,13.96,13.15,13.15,5300,12.91169
2007-11-30,14.65,14.65,13.89,14.05,13200,13.79538
2007-11-29,14.64,14.90,14.55,14.75,6300,14.48269
2007-11-28,14.55,14.70,14.50,14.60,4900,14.33541
2007-11-27,14.41,14.54,14.30,14.30,8100,14.04085
2007-11-26,14.90,14.90,14.38,14.38,3300,14.1194
2007-11-23,14.57,15.07,14.57,15.07,1100,14.7969
2007-11-21,14.72,14.79,14.10,14.10,4900,13.84447
2007-11-20,14.90,14.92,14.78,14.84,11300,14.57106
2007-11-19,14.64,14.64,14.37,14.64,1800,14.37469
2007-11-16,14.80,15.00,14.56,14.82,4100,14.55143
2007-11-15,14.73,15.05,14.57,14.75,35200,14.48269
2007-11-14,14.96,15.10,14.90,15.03,4200,14.75762
2007-11-13,14.97,14.98,14.83,14.98,9600,14.70853
2007-11-12,15.05,15.06,15.04,15.06,6400,14.78708
2007-11-09,14.7201,14.95,14.72,14.88,16200,14.61034
2007-11-08,15.08,15.08,14.843,15.08,4400,14.80671
2007-11-07,14.75,15.51,14.56,14.84,2900,14.57106
2007-11-06,15.75,15.75,15.0401,15.40,11800,15.12092
2007-11-05,15.88,15.90,15.75,15.75,3600,15.46457
2007-11-02,16.53,16.53,16.15,16.53,6200,16.23044
2007-11-01,17.51,17.53,16.17,16.17,14600,15.87696
2007-10-31,17.80,17.83,17.40,17.60,12400,17.28105
2007-10-30,17.68,17.85,17.51,17.51,5700,17.19268
2007-10-29,17.99,17.99,17.99,17.99,000,17.66398
2007-10-26,18.00,18.00,17.98,17.99,3400,17.66398
2007-10-25,17.87,17.95,17.71,17.92,4300,17.59525
2007-10-24,18.22,18.35,17.8101,17.95,4400,17.6247
2007-10-23,18.43,18.43,17.99,18.23,3700,17.89963
2007-10-22,17.97,18.83,17.73,17.99,4400,17.66398
2007-10-19,17.90,18.05,17.84,17.98,2500,17.65416
2007-10-18,17.92,18.13,17.92,18.10,700,17.77199
2007-10-17,18.28,18.30,18.08,18.30,4800,17.96836
2007-10-16,18.27,18.27,17.90,18.08,5300,17.75235
2007-10-15,18.52,18.53,18.00,18.02,2100,17.69344
2007-10-12,18.75,18.75,18.54,18.54,600,18.20401
2007-10-11,19.32,19.36,18.20,19.36,4500,19.00915
2007-10-10,18.65,19.49,18.65,19.49,7700,19.13679
2007-10-09,18.37,18.59,18.13,18.59,4500,18.25311
2007-10-08,18.16,18.42,18.00,18.42,5600,18.08619
2007-10-05,17.48,18.67,17.48,18.33,10400,17.99782
2007-10-04,17.59,18.71,17.56,17.67,15900,17.34978
2007-10-03,18.31,18.54,17.72,17.83,13400,17.50688
2007-10-02,17.67,18.84,17.67,18.67,13900,18.33166
2007-10-01,17.39,18.09,17.03,18.02,18500,17.69344
2007-09-28,17.31,17.44,17.00,17.25,7800,16.93739
2007-09-27,16.87,17.27,16.87,17.19,23600,16.87848
2007-09-26,17.51,17.62,16.98,16.98,30700,16.67228
2007-09-25,17.87,17.98,17.25,17.50,11200,17.18286
2007-09-24,17.80,18.47,17.80,18.06,7200,17.73271
2007-09-21,17.75,18.13,17.75,17.95,6700,17.6247
2007-09-20,18.71,19.01,17.92,18.00,8200,17.6738
2007-09-19,17.26,18.69,17.25,18.24,13500,17.90945
2007-09-18,16.45,17.49,16.29,17.38,19800,17.06503
2007-09-17,16.35,16.58,16.35,16.50,5300,16.20098
2007-09-14,17.01,17.01,16.33,16.56,26800,16.25989
2007-09-13,16.75,16.96,16.26,16.79,5300,16.48573
2007-09-12,16.52,17.09,16.32,16.79,15400,16.48573
2007-09-11,17.22,17.22,16.47,16.62,9900,16.31881
2007-09-10,17.73,17.75,16.99,16.99,87800,16.6821
2007-09-07,17.58,17.72,17.32,17.64,10600,17.32032
2007-09-06,18.18,18.20,17.70,17.75,8000,17.42833
2007-09-05,18.43,18.68,18.13,18.17,8400,17.84072
2007-09-04,18.38,19.035,18.25,18.80,18400,18.4593
2007-08-31,17.26,18.93,17.10,18.61,55500,18.27274
2007-08-30,18.45,18.61,17.79,17.79,4700,17.4676
2007-08-29,18.28,18.70,17.97,18.66,12400,18.32184
2007-08-28,18.22,18.60,18.12,18.31,11100,17.97818
2007-08-27,18.50,18.71,18.45,18.55,28600,18.21383
2007-08-24,18.96,18.96,18.52,18.96,27400,18.6164
2007-08-23,18.86,19.25,18.86,18.97,29400,18.62622
2007-08-22,18.65,19.00,18.62,18.93,86800,18.58694
2007-08-21,18.17,18.49,18.17,18.33,8400,17.99782
2007-08-20,18.587,18.587,17.85,18.23,10000,17.89963
2007-08-17,19.66,19.66,18.34,18.59,24800,18.25311
2007-08-16,18.01,18.45,18.01,18.45,16900,18.11564
2007-08-15,18.45,18.82,18.09,18.82,5700,18.47894
2007-08-14,18.65,19.01,18.57,19.01,21100,18.66549
2007-08-13,17.59,19.19,17.59,18.80,16700,18.4593
2007-08-10,16.30,18.32,16.07,17.99,20900,17.66398
2007-08-09,17.26,17.37,16.92,17.37,45900,17.05522
2007-08-08,16.94,17.44,16.94,17.44,167000,17.12395
2007-08-07,17.05,17.05,16.62,16.89,35400,16.58391
2007-08-06,18.09,18.11,17.17,17.17,28300,16.85884
2007-08-03,18.52,18.61,18.13,18.61,7100,18.27274
2007-08-02,19.16,19.16,18.69,19.16,3300,18.81278
2007-08-01,19.49,19.49,19.12,19.49,10800,19.13679
2007-07-31,19.26,19.65,19.26,19.65,8500,19.29389
2007-07-30,19.08,19.27,18.46,19.27,31200,18.92078
2007-07-27,20.16,20.16,18.25,18.46,18700,18.12546
2007-07-26,19.71,19.71,19.05,19.38,2500,19.02879
2007-07-25,21.18,21.18,20.56,21.18,17300,20.79617
2007-07-24,21.06,21.19,21.06,21.19,7400,20.80599
2007-07-23,21.24,21.56,21.10,21.56,5000,21.16928
2007-07-20,21.41,21.41,21.03,21.23,17800,20.84526
2007-07-19,21.26,21.33,20.81,21.33,10000,20.94345
2007-07-18,20.878,20.90,20.878,20.90,12000,20.52124
2007-07-17,20.65,20.97,20.64,20.96,5700,20.58015
2007-07-16,20.45,20.84,20.45,20.84,10100,20.46233
2007-07-13,20.29,20.94,20.29,20.94,38200,20.56052
2007-07-12,20.44,20.53,20.44,20.53,24600,20.15795
2007-07-11,20.18,20.30,20.16,20.30,26700,19.93212
2007-07-10,20.38,20.38,20.17,20.38,4200,20.01067
2007-07-09,20.27,20.39,20.23,20.39,14600,20.02048
2007-07-06,20.17,20.30,20.15,20.28,21100,19.91248
2007-07-05,19.93,20.43,19.93,20.15,13200,19.78483
2007-07-03,20.30,20.57,19.84,19.84,13900,19.48045
2007-07-02,19.89,20.48,19.75,19.86,37100,19.50009
2007-06-29,19.59,20.87,19.59,20.87,83500,20.49179
2007-06-28,19.75,19.85,19.23,19.85,25800,19.49027
2007-06-27,19.88,20.02,19.73,19.80,25300,19.44118
2007-06-26,20.15,20.30,19.98,20.14,24900,19.77501
2007-06-25,20.64,21.00,19.41,19.78,27100,19.42154
2007-06-22,21.99,22.33,20.80,22.33,76100,21.92533
2007-06-21,22.41,22.45,22.15,22.32,23500,21.91551
2007-06-20,23.25,23.25,22.30,22.80,18300,22.38681
2007-06-19,22.83,23.51,22.27,22.63,11700,22.21989
2007-06-18,23.00,24.72,21.99,22.30,31600,21.89587
2007-06-15,31.75005,31.75005,31.57005,31.57005,900,20.66528
2007-06-14,31.42005,32.07,31.30005,32.07,2500,20.99254
2007-06-13,31.00005,32.25,31.00005,32.20005,2700,21.07767
2007-06-12,31.24005,31.24005,30.49995,30.79995,2500,20.16119
2007-06-11,31.45005,31.45005,31.24995,31.24995,300,20.45575
2007-06-08,31.78005,31.99005,31.78005,31.99005,700,20.94021
2007-06-07,32.3199,32.3199,32.3199,32.3199,000,21.15612
2007-06-06,31.98,32.32005,31.98,32.32005,300,21.15622
2007-06-05,33.00,33.00,33.00,33.00,300,21.60131
2007-06-04,32.445,32.80995,32.445,32.68005,600,21.39187
2007-06-01,32.35005,33.19995,32.35005,33.00,1300,21.60131
2007-05-31,33.11985,33.11985,32.68995,33.11985,5500,21.67976
2007-05-30,32.44005,32.44005,32.44005,32.44005,000,21.23477
2007-05-29,32.70,32.7501,32.44005,32.7501,2000,21.43773
2007-05-25,31.71,32.50995,31.71,32.50995,2100,21.28053
2007-05-24,32.11995,33.09,32.11995,33.09,2000,21.66022
2007-05-23,33.58005,33.58005,33.00,33.00,1300,21.60131
2007-05-22,34.30005,34.30005,32.26995,32.85,15300,21.50312
2007-05-21,33.15,33.63,32.55405,33.63,5700,22.0137
2007-05-18,31.00005,31.99005,31.00005,31.99005,3900,20.94021
2007-05-17,30.00,30.70995,30.00,30.70995,900,20.10228
2007-05-16,29.55,29.91,29.55,29.91,1600,19.57864
2007-05-15,29.37,29.68005,29.37,29.68005,800,19.42812
2007-05-14,29.11995,29.32995,29.11995,29.32995,300,19.19895
2007-05-11,28.06005,28.75995,28.06005,28.75995,600,18.82583
2007-05-10,28.78995,28.78995,28.78995,28.78995,000,18.84547
2007-05-09,28.80,28.80,28.80,28.80,100,18.85205
2007-05-08,29.20995,29.20995,28.54005,29.20995,1100,19.1204
2007-05-07,28.57995,28.57995,28.57995,28.57995,100,18.70801
2007-05-04,28.20,28.27995,28.03005,28.20,28200,18.4593
2007-05-03,28.33005,28.33005,28.20,28.20,7500,18.4593
2007-05-02,29.20005,29.20005,28.29,28.29,1400,18.51821
2007-05-01,28.99995,29.04,28.84005,28.84005,900,18.87827
2007-04-30,29.44005,29.46,29.28,29.28,1900,19.16625
2007-04-27,29.83995,29.83995,29.53005,29.55,1000,19.34299
2007-04-26,30.37005,30.67995,30.27,30.27,2200,19.81429
2007-04-25,30.16005,30.48,30.13995,30.48,3300,19.95175
2007-04-24,30.22005,30.37995,30.22005,30.34995,900,19.86662
2007-04-23,30.31005,30.40995,30.28995,30.40995,25500,19.9059
2007-04-20,28.72995,30.46005,28.72995,30.46005,900,19.93869
2007-04-19,29.11995,29.11995,28.57995,28.57995,700,18.70801
2007-04-18,29.98005,29.98005,29.44995,29.44995,300,19.2775
2007-04-17,30.22005,30.22005,30.22005,30.22005,100,19.78159
2007-04-16,29.80005,30.49995,29.80005,30.28995,1100,19.82735
2007-04-13,30.40005,30.40995,30.2199,30.40995,1500,19.9059
2007-04-12,28.06005,30.28995,28.06005,30.10005,7700,19.70304
2007-04-11,27.90,28.38,27.90,28.38,17400,18.57712
2007-04-10,27.16005,27.16005,26.34,26.50005,19200,17.34654
2007-04-09,27.78,27.78,26.74995,27.28005,12300,17.85711
2007-04-05,27.76995,27.85005,27.70005,27.76995,38400,18.17779
2007-04-04,27.90,27.93,27.55995,27.85005,26400,18.23023
2007-04-03,28.39995,28.39995,27.85005,28.39995,8300,18.59018
2007-04-02,28.18995,28.18995,27.76995,27.81,2500,18.20401
2007-03-30,28.45995,28.45995,28.2501,28.45995,1100,18.62946
2007-03-29,28.99995,28.99995,28.99995,28.99995,000,18.98293
2007-03-28,28.99995,28.99995,28.99995,28.99995,000,18.98293
2007-03-27,28.90005,28.99995,28.90005,28.99995,1200,18.98293
2007-03-26,29.86995,30.13995,29.43,30.13995,1000,19.72916
2007-03-23,29.41005,29.85,29.41005,29.85,1200,19.53936
2007-03-22,28.69995,28.69995,28.69995,28.69995,000,18.78656
2007-03-21,28.89,28.89,28.69995,28.69995,400,18.78656
2007-03-20,28.90005,28.92,28.90005,28.92,400,18.9306
2007-03-19,28.71,29.23995,28.26,28.26,1300,18.49857
2007-03-16,28.15995,28.98,27.93,28.69995,4200,18.78656
2007-03-15,28.50,28.5399,28.24995,28.5399,3400,18.68179
2007-03-14,29.50995,29.50995,28.99005,28.99005,1200,18.97645
2007-03-13,29.71005,30.33,29.70,29.89995,2200,19.57206
2007-03-12,29.59995,29.59995,29.59995,29.59995,000,19.37569
2007-03-09,29.47995,29.59995,29.44995,29.59995,2000,19.37569
2007-03-08,29.46,29.46,29.46,29.46,000,19.28408
2007-03-07,29.31015,29.47995,29.22,29.46,2200,19.28408
2007-03-06,29.34,29.34,29.17005,29.17005,1100,19.09428
2007-03-05,29.50995,29.50995,28.99995,28.99995,1600,18.98293
2007-03-02,30.01995,30.28005,29.95995,30.10005,600,19.70304
2007-03-01,30.54,30.54,29.9199,30.54,2500,19.99103
2007-02-28,31.05015,31.05015,30.55005,31.05015,1600,20.32496
2007-02-27,31.5591,31.5591,31.41,31.41,000,20.56052
2007-02-26,32.77995,32.77995,32.77995,32.77995,100,21.45727
2007-02-23,32.77995,32.77995,32.77995,32.77995,100,21.45727
2007-02-22,32.50005,32.50005,32.50005,32.50005,000,21.27405
2007-02-21,32.50005,32.50005,32.50005,32.50005,000,21.27405
2007-02-20,32.50005,32.50005,32.50005,32.50005,3500,21.27405
2007-02-16,32.23995,32.29995,32.23995,32.25,1800,21.11037
2007-02-15,31.86,31.87995,31.63005,31.87995,1200,20.86814
2007-02-14,31.22595,31.27995,31.22595,31.27995,700,20.47539
2007-02-13,31.20,31.30995,31.17,31.17,600,20.40342
2007-02-12,31.68,32.14995,31.33995,31.33995,5300,20.51466
2007-02-09,33.00,33.00,32.28,32.28,3000,21.13001
2007-02-08,33.85005,33.85005,33.04005,33.19995,1000,21.73219
2007-02-07,33.28995,33.28995,33.28995,33.28995,000,21.7911
2007-02-06,33.28995,33.28995,33.28995,33.28995,000,21.7911
2007-02-05,33.34995,33.43995,33.15,33.28995,1200,21.7911
2007-02-02,32.13,32.64,32.13,32.64,600,21.36566
2007-02-01,32.79,32.79,31.57995,32.17995,6500,21.06452
2007-01-31,33.10005,33.10005,32.50005,32.52,1900,21.28711
2007-01-30,33.55005,33.55005,33.55005,33.55005,000,21.96136
2007-01-29,34.15005,34.15005,33.55005,34.15005,700,22.35411
2007-01-26,33.55005,34.24995,33.54,33.64995,16900,22.02676
2007-01-25,32.83995,33.10005,32.50005,33.10005,1500,21.6668
2007-01-24,33.03,33.28005,33.00,33.00,1000,21.60131
2007-01-23,33.15,34.15005,33.15,33.49995,2700,21.92857
2007-01-22,33.73995,33.73995,33.69015,33.70005,900,22.05955
2007-01-19,34.29,34.29,33.93,33.93,600,22.21007
2007-01-18,33.64995,34.21005,33.64995,34.21005,2200,22.39339
2007-01-17,32.85,34.08,32.85,34.00005,12200,22.25593
2007-01-16,33.49995,33.49995,33.24,33.24,600,21.75841
2007-01-12,33.82005,33.82005,33.55005,33.55005,1400,21.96136
2007-01-11,33.07995,33.82995,33.07995,33.579,4200,21.98031
2007-01-10,32.29995,33.04995,32.29995,33.04995,2100,21.634
2007-01-09,31.00005,32.20005,30.90,32.08005,6400,20.99912
2007-01-08,31.20,31.20,30.79995,30.79995,800,20.16119
2007-01-05,32.14005,32.14005,30.73995,30.73995,3300,20.12191
2007-01-04,32.04,32.20005,31.30005,31.48005,4500,20.60637
2007-01-03,31.15005,32.14995,31.15005,31.75005,7000,20.78311
2006-12-29,30.51,31.63995,30.49995,31.60005,7800,20.68492
2006-12-28,27.85995,30.90,27.85995,30.49995,20900,19.96481
2006-12-27,26.98005,27.37005,26.98005,27.27,1300,17.85054
2006-12-26,27.45015,27.45015,26.67,27.45015,2700,17.96846
2006-12-22,28.4379,28.4379,27.6501,28.4379,1200,18.61502
2006-12-21,28.45005,28.45005,28.45005,28.45005,000,18.62298
2006-12-20,27.51,28.48995,27.51,28.45005,900,18.62298
2006-12-19,28.00005,28.00005,27.00,27.85005,10800,18.23023
2006-12-18,29.50005,29.65995,28.45995,28.93995,11400,18.94366
2006-12-15,29.98005,29.98005,29.68995,29.70,1300,19.44118
2006-12-14,29.92005,29.98005,29.74995,29.74995,2600,19.47387
2006-12-13,29.28,29.55,29.19405,29.55,2800,19.34299
2006-12-12,28.99995,29.14005,28.90005,28.90005,3600,18.91754
2006-12-11,28.51005,28.69995,28.51005,28.60005,1700,18.72117
2006-12-08,27.97995,28.09995,27.78,28.06995,1000,18.37417
2006-12-07,28.00005,28.00995,27.94005,27.97995,2400,18.31526
2006-12-06,27.33,27.49995,27.33,27.49995,900,18.00106
2006-12-05,27.00,27.04995,27.00,27.00,2100,17.6738
2006-12-04,27.60,27.97005,27.10005,27.25005,12400,17.83748
2006-12-01,27.64005,27.64005,27.64005,27.64005,100,18.09277
2006-11-30,28.20,28.65,27.94995,27.94995,8500,18.29562
2006-11-29,28.20,28.21005,28.20,28.20,1500,18.4593
2006-11-28,28.27005,28.27005,28.27005,28.27005,300,18.50515
2006-11-27,27.81,28.62,27.76005,28.62,1500,18.73423
2006-11-24,27.37005,27.37005,27.37005,27.37005,000,17.91603
2006-11-22,27.66,28.00005,26.40,27.37005,21100,17.91603
2006-11-21,29.44995,29.44995,28.20,28.20,14600,18.4593
2006-11-20,30.43005,30.49005,29.80005,30.0699,19700,19.68331
2006-11-17,31.20,31.20,31.20,31.20,000,20.42305
2006-11-16,30.88995,31.20,30.88995,31.20,2200,20.42305
2006-11-15,31.42995,31.42995,30.64995,30.64995,3300,20.063
2006-11-14,31.81995,31.99995,31.35,31.44,900,20.58015
2006-11-13,31.84005,32.05005,31.60005,31.60005,2700,20.68492
2006-11-10,31.35,32.29995,31.30005,32.29995,5900,21.14307
2006-11-09,31.20,31.69995,31.20,31.60005,9100,20.68492
2006-11-08,31.15005,33.07995,29.70,31.14,27300,20.38378
2006-11-07,32.10,32.10,30.28005,30.28005,2800,19.82087
2006-11-06,32.10,32.10,32.10,32.10,100,21.01218
2006-11-03,32.14995,32.14995,31.72005,32.05005,900,20.97948
2006-11-02,33.25005,33.25995,32.25,32.32005,3600,21.15622
2006-11-01,31.99995,33.25005,31.99995,33.25005,22700,21.76499
2006-10-31,31.54995,32.29995,31.45005,31.87005,6700,20.86166
2006-10-30,30.94005,30.94005,30.94005,30.94005,000,20.25289
2006-10-27,30.34995,30.94005,30.34995,30.94005,700,20.25289
2006-10-26,29.95005,29.95005,29.95005,29.95005,900,19.60486
2006-10-25,30.141,30.141,29.71005,29.71005,700,19.44776
2006-10-24,30.18,30.25005,29.89995,30.24,3300,19.79465
2006-10-23,30.16005,30.69,30.16005,30.69,3400,20.08922
2006-10-20,30.79995,30.81,30.79995,30.79995,3100,20.16119
2006-10-19,30.13995,31.35,30.13995,31.15995,3400,20.39684
2006-10-18,28.92,30.15,28.92,30.00,6000,19.63755
2006-10-17,29.59005,31.09995,29.40,29.50005,31000,19.31029
2006-10-16,29.22,29.22,28.66995,28.74,1100,18.81278
2006-10-13,29.61,29.61,28.99995,28.99995,2700,18.98293
2006-10-12,30.22995,30.22995,29.91,29.92005,1500,19.58522
2006-10-11,30.10995,30.10995,30.00,30.01995,3400,19.65061
2006-10-10,30.69,30.84,30.46005,30.60,18800,20.0303
2006-10-09,29.89005,30.55005,29.89005,30.55005,1000,19.99761
2006-10-06,31.12005,31.12005,30.13005,30.34005,1500,19.86014
2006-10-05,29.62005,30.19995,29.62005,30.19995,4500,19.76844
2006-10-04,28.54995,29.92995,28.54995,29.92005,1800,19.58522
2006-10-03,28.69995,28.77795,28.69995,28.77795,1000,18.83762
2006-10-02,28.99995,28.99995,28.90005,28.99995,3000,18.98293
2006-09-29,28.98,29.19,28.90005,28.99995,4100,18.98293
2006-09-28,28.87005,29.20005,28.87005,29.085,2700,19.03861
2006-09-27,29.20005,29.256,28.80,28.80,2100,18.85205
2006-09-26,28.65,30.24,28.65,29.20005,14400,19.11392
2006-09-25,27.606,27.85005,27.606,27.85005,1000,18.23023
2006-09-22,26.35005,27.25005,26.20005,27.18,12500,17.79162
2006-09-21,26.55,26.70,26.16,26.70,3700,17.47742
2006-09-20,27.15,27.21,26.64,26.88,3300,17.59525
2006-09-19,27.09,27.09,26.95905,27.09,2500,17.73271
2006-09-18,27.19995,27.19995,26.67,26.67,6400,17.45778
2006-09-15,26.74995,26.85,26.71005,26.77995,4400,17.52976
2006-09-14,27.01995,27.01995,26.604,26.74995,9800,17.51012
2006-09-13,26.08005,27.09,26.08005,27.03,5300,17.69344
2006-09-12,25.24995,26.02005,25.24995,26.02005,80000,17.03234
2006-09-11,25.50,25.50,25.39995,25.39995,15600,16.62643
2006-09-08,25.74,25.74,25.35,25.50,15900,16.69192
2006-09-07,25.47,25.77,25.45995,25.50,5100,16.69192
2006-09-06,25.47,25.95,25.47,25.74,4200,16.84902
2006-09-05,25.24005,25.89,25.24005,25.65,116400,16.79011
2006-09-01,25.93995,25.96005,25.50,25.50,8900,16.69192
2006-08-31,24.61005,25.75005,24.61005,25.72995,22200,16.84244
2006-08-30,25.80,26.08995,25.80,25.80,106300,16.8883
2006-08-29,25.90005,25.96005,25.68,25.68,1700,16.80975
2006-08-28,26.59995,26.59995,25.69005,25.92,13300,16.96685
2006-08-25,24.52995,26.22,24.52995,25.63005,50300,16.77705
2006-08-24,25.54995,25.54995,24.70995,24.85005,15200,16.26647
2006-08-23,24.12,24.28995,23.86995,24.28995,19600,15.89984
2006-08-22,23.61,24.03,23.59005,23.65005,16000,15.48097
2006-08-21,23.89995,24.01005,23.77995,23.77995,15600,15.566
2006-08-18,24.00,24.04995,23.65005,23.89995,5700,15.64455
2006-08-17,23.17995,23.76,22.86,23.74995,28700,15.54636
2006-08-16,23.65005,24.00,23.65005,24.00,18000,15.71004
2006-08-15,22.84005,23.65005,22.84005,23.29995,16900,15.2518
2006-08-14,22.84995,22.84995,22.20,22.50,10600,14.72816
2006-08-11,22.31985,22.65195,22.31985,22.65195,1200,14.82763
2006-08-10,22.81995,22.81995,22.81995,22.81995,000,14.9376
2006-08-09,22.83,22.83,22.32,22.81995,1300,14.9376
2006-08-08,23.19,23.19,22.74,22.80,2300,14.92454
2006-08-07,22.45005,22.78005,22.00005,22.78005,4200,14.91148
2006-08-04,21.85395,22.24995,21.85395,22.20,8100,14.53179
2006-08-03,21.40005,21.61995,21.102,21.61995,2100,14.1521
2006-08-02,22.81995,22.81995,21.13995,21.15,4300,13.84447
2006-08-01,22.05015,22.07415,21.96,22.07415,5800,14.44941
2006-07-31,22.45005,22.45005,21.84,22.06005,2700,14.44018
2006-07-28,22.00005,22.35,22.00005,22.33005,1800,14.61692
2006-07-27,22.656,22.656,22.00005,22.06995,1700,14.44666
2006-07-26,22.81005,22.95,22.50,22.50,21600,14.72816
2006-07-25,22.99995,23.44995,22.99995,23.20005,16800,15.18641
2006-07-24,23.85,23.85,22.65,22.65,4600,14.82635
2006-07-21,22.45995,22.99995,22.00005,22.99995,10300,15.05542
2006-07-20,22.65,22.65,22.39995,22.60005,6100,14.79366
2006-07-19,22.33995,22.65,21.67005,22.42995,26100,14.68231
2006-07-18,21.60,21.63,21.57,21.63,1500,14.15868
2006-07-17,23.10,23.10,22.02,22.12005,3000,14.47946
2006-07-14,23.95005,23.95005,22.75995,22.99995,1600,15.05542
2006-07-13,23.83995,24.15,23.83995,24.04005,4000,15.73626
2006-07-12,25.37595,25.81005,25.37595,25.69995,2000,16.8228
2006-07-11,25.39995,25.39995,25.14,25.36995,2700,16.60679
2006-07-10,25.87995,26.34,25.86,26.25,10400,17.18286
2006-07-07,25.02,26.97,24.64995,25.81005,24000,16.89487
2006-07-06,25.15005,25.29,25.00005,25.20,2800,16.49554
2006-07-05,25.54995,25.93005,25.54995,25.78005,12400,16.87524
2006-07-03,25.81995,27.34005,25.81995,26.20005,3000,17.15016
2006-06-30,27.69,27.69,26.79195,27.22995,1400,17.82432
2006-06-29,25.20,27.55005,25.20,27.55005,8200,18.03385
2006-06-28,25.80,25.80,24.76005,25.05,3000,16.39736
2006-06-27,27.00,27.37005,25.60005,25.81995,14500,16.90135
2006-06-26,27.91005,27.91005,27.25005,27.49995,2000,18.00106
2006-06-23,28.15005,28.15005,27.78,27.78,1800,18.18437
2006-06-22,26.83785,28.20,26.83785,28.20,9100,18.4593
2006-06-21,27.00,27.00,26.80005,26.80005,4000,17.54291
2006-06-20,25.05,27.00,25.05,27.00,2600,17.6738
2006-06-19,26.05995,26.05995,25.27995,25.54995,16400,16.72462
2006-06-16,25.65,26.29995,25.35,26.10,37600,17.08467
2006-06-15,23.94,24.57,23.94,24.49995,7900,16.0373
2006-06-14,22.17,22.90005,22.17,22.80,1800,14.92454
2006-06-13,22.14,22.78005,22.14,22.60005,3100,14.79366
2006-06-12,23.59995,23.59995,22.65,22.90005,21000,14.99003
2006-06-09,23.14995,23.74005,23.14995,23.26005,9300,15.22568
2006-06-08,23.7501,23.7501,23.05005,23.7501,2100,15.54646
2006-06-07,24.22305,24.22305,24.22305,24.22305,300,15.85605
2006-06-06,24.10005,24.10005,23.89995,23.95005,8100,15.67735
2006-06-05,23.94,24.30,23.92005,24.30,9100,15.90642
2006-06-02,22.60005,22.60005,22.60005,22.60005,000,14.79366
2006-06-01,23.50005,23.50005,21.96,22.60005,33800,14.79366
2006-05-31,23.29995,23.61,22.72005,23.35005,26800,15.28459
2006-05-30,22.05,22.15005,21.55995,22.15005,6100,14.49909
2006-05-26,21.69,22.24995,21.69,22.24995,13200,14.56449
2006-05-25,22.12995,22.60005,22.044,22.044,21700,14.42967
2006-05-24,23.05005,23.56005,21.40005,21.85995,36000,14.3092
2006-05-23,23.43,24.64005,22.90995,22.90995,22700,14.99651
2006-05-22,24.81,24.81,22.84995,23.67,24200,15.49403
2006-05-19,25.66995,28.96995,23.10,24.75,120200,16.20098
2006-05-18,31.45995,31.92,31.35,31.62,5800,20.69798
2006-05-17,32.17005,32.17005,31.95,32.14995,3400,21.04488
2006-05-16,32.80995,32.80995,32.10,32.23005,2600,21.09731
2006-05-15,31.53,31.69995,30.98985,31.39995,3000,20.55394
2006-05-12,32.95995,33.00,30.72,32.20005,10700,21.07767
2006-05-11,33.18,33.48,32.80005,32.80005,3000,21.47042
2006-05-10,34.00005,34.00005,33.52005,33.52005,4500,21.94173
2006-05-09,34.00005,34.51605,34.00005,34.39995,2600,22.51769
2006-05-08,34.50,34.68,34.43805,34.68,2100,22.70101
2006-05-05,34.70205,34.81005,34.57995,34.59,3300,22.6421
2006-05-04,34.20,34.99995,34.20,34.99995,900,22.91044
2006-05-03,34.81005,34.87995,34.56,34.68,2500,22.70101
2006-05-02,35.25,35.25,34.99005,34.99005,1200,22.90397
2006-05-01,36.25005,36.40995,35.14005,36.40995,6000,23.83341
2006-04-28,36.45,36.45,35.50005,35.68995,3000,23.36211
2006-04-27,35.89995,36.31005,35.89005,36.15,10500,23.66325
2006-04-26,35.19,35.92005,35.19,35.76,5900,23.40796
2006-04-25,36.00,36.00,35.44995,35.74005,1200,23.3949
2006-04-24,35.58,35.86995,35.08995,35.58,8800,23.29014
2006-04-21,35.01,35.05995,34.84995,35.05005,8500,22.94324
2006-04-20,34.99995,35.04,34.84995,34.97805,600,22.89611
2006-04-19,34.99995,34.99995,34.84995,34.84995,2100,22.81226
2006-04-18,33.57,34.72005,33.57,34.69995,14800,22.71407
2006-04-17,33.61995,33.61995,33.08805,33.57,1000,21.97442
2006-04-13,33.00,33.00,33.00,33.00,300,21.60131
2006-04-12,32.80005,32.80005,32.50995,32.50995,600,21.28053
2006-04-11,32.55,32.92995,32.05995,32.80005,2200,21.47042
2006-04-10,33.13005,33.13005,32.56995,33.13005,2600,21.68644
2006-04-07,32.913,33.0501,32.76,33.0501,4900,21.6341
2006-04-06,32.31195,32.64,32.31195,32.59995,4300,21.33944
2006-04-05,30.49995,32.50995,30.49995,32.40,12600,21.20856
2006-04-04,31.00005,31.24995,30.10005,30.16005,6500,19.74232
2006-04-03,30.67005,31.24995,30.55005,31.24995,14300,20.45575
2006-03-31,29.31,30.6801,29.31,30.6801,3900,20.08274
2006-03-30,30.30,30.49995,30.01005,30.10995,9100,19.70952
2006-03-29,30.15,30.30,30.07005,30.07005,1300,19.68341
2006-03-28,29.05005,30.28005,28.80,30.10005,17800,19.70304
2006-03-27,28.50,28.78305,28.50,28.78305,3000,18.84095
2006-03-24,29.10,29.32995,28.84005,28.89,7500,18.91096
2006-03-23,29.74995,29.74995,29.29995,29.44995,1000,19.2775
2006-03-22,29.607,29.88,29.607,29.77005,2000,19.48703
2006-03-21,29.05005,30.34995,29.05005,29.58,8000,19.36263
2006-03-20,29.98995,29.98995,29.35995,29.44995,10600,19.2775
2006-03-17,29.88,29.88,29.50005,29.69205,1200,19.43597
2006-03-16,29.98005,30.04005,29.85,29.88,14300,19.559
2006-03-15,29.65995,30.37995,29.53995,29.80995,2500,19.51315
2006-03-14,29.98995,30.52995,29.74995,29.91,12900,19.57864
2006-03-13,28.99995,30.19995,28.62,29.41995,26200,19.25786
2006-03-10,28.59,28.60005,28.29,28.29,2200,18.51821
2006-03-09,28.03005,28.23,27.97605,28.03995,9900,18.35453
2006-03-08,28.12005,28.12005,27.58005,27.73005,3400,18.15168
2006-03-07,28.30005,28.43805,28.12005,28.12005,15700,18.40697
2006-03-06,28.09995,28.54995,28.09995,28.24995,57600,18.492
2006-03-03,28.05,28.09995,27.93795,28.05,22000,18.36111
2006-03-02,27.37005,28.09995,27.333,28.09995,27200,18.39381
2006-03-01,26.55,27.30,26.55,27.24,3500,17.8309
2006-02-28,26.55,26.55,26.55,26.55,700,17.37923
2006-02-27,27.30,27.30,27.21,27.21,600,17.81126
2006-02-24,27.40005,27.49995,27.16005,27.16005,5100,17.77856
2006-02-23,27.39,27.40005,27.39,27.40005,1600,17.93566
2006-02-22,26.80995,27.90,26.80995,27.49005,8400,17.99458
2006-02-21,26.76,27.39,26.76,27.04995,10100,17.70649
2006-02-17,26.98995,27.39,26.86995,27.19005,22800,17.7982
2006-02-16,26.9001,27.33,26.71005,27.10005,37200,17.73929
2006-02-15,26.931,27.84,26.931,27.84,66200,18.22365
2006-02-14,26.11995,26.86995,25.86,26.65005,4900,17.44473
2006-02-13,25.89,25.89,25.60995,25.60995,206800,16.76389
2006-02-10,24.78,26.13,24.78,25.89,19000,16.94721
2006-02-09,26.35995,26.35995,25.57995,25.86,4300,16.92757
2006-02-08,25.84005,26.11005,25.54995,25.93995,29300,16.9799
2006-02-07,25.57005,25.59,25.45005,25.59,900,16.75083
2006-02-06,25.00005,25.80,25.00005,25.80,9500,16.8883
2006-02-03,22.60995,25.11,22.60995,24.73005,98800,16.18792
2006-02-02,23.20005,23.40,23.16,23.40,22400,15.31729
2006-02-01,22.90005,22.99995,22.84995,22.99995,10600,15.05542
2006-01-31,22.62,22.99995,22.62,22.99995,9900,15.05542
2006-01-30,22.69005,22.90005,22.69005,22.69995,4900,14.85905
2006-01-27,22.80,22.80,22.5501,22.80,14000,14.92454
2006-01-26,22.50,23.04,22.47,23.04,20100,15.08164
2006-01-25,22.59,22.59,22.50,22.50,3400,14.72816
2006-01-24,22.45995,22.47,22.45005,22.47,1000,14.70853
2006-01-23,22.59,22.75995,22.45005,22.57005,19300,14.77402
2006-01-20,22.20,23.05005,22.20,22.51005,42600,14.73474
2006-01-19,22.41,22.50,22.14,22.15005,4600,14.49909
2006-01-18,22.24995,22.24995,21.60,22.00005,5500,14.4009
2006-01-17,22.00005,22.39995,22.00005,22.24005,1000,14.55801
2006-01-13,22.60005,22.60005,22.20,22.35,16800,14.62998
2006-01-12,22.50,22.95,22.41,22.50,22200,14.72816
2006-01-11,22.47,22.75005,22.46505,22.51005,24300,14.73474
2006-01-10,22.51995,22.80,22.12005,22.78005,18400,14.91148
2006-01-09,22.60005,22.92,22.60005,22.66995,52000,14.83941
2006-01-06,22.35,22.35,21.90,21.97995,9000,14.38775
2006-01-05,22.09995,22.09995,21.91005,21.94995,10200,14.36811
2006-01-04,22.53,22.53,22.17,22.27995,5300,14.58412
2006-01-03,23.40,23.40,22.72005,22.87995,94300,14.97687
2005-12-30,22.95,22.95,22.95,22.95,400,15.02273
2005-12-29,23.35005,23.35005,23.02095,23.02095,900,15.06917
2005-12-28,22.69005,23.73,22.69005,22.96005,9200,15.02931
2005-12-27,22.24995,22.60005,21.85005,22.60005,6000,14.79366
2005-12-23,21.79005,22.06995,21.70005,21.79995,4900,14.26992
2005-12-22,21.97995,22.00005,21.61995,21.61995,9000,14.1521
2005-12-21,22.06995,22.06995,20.35005,21.49995,90400,14.07355
2005-12-20,22.50,22.50,21.85995,22.00005,12400,14.4009
2005-12-19,22.50,22.80,22.41105,22.53,27400,14.7478
2005-12-16,22.35,23.37,22.20495,22.50,41600,14.72816
2005-12-15,22.54995,22.54995,22.27995,22.27995,7400,14.58412
2005-12-14,22.30005,22.39995,22.30005,22.30005,900,14.59728
2005-12-13,22.56,22.56,22.06995,22.24995,7200,14.56449
2005-12-12,21.97005,22.50,21.22995,22.14,56100,14.49251
2005-12-09,20.10,20.85,20.10,20.73,103500,13.56955
2005-12-08,20.10,20.10,20.10,20.10,4300,13.15716
2005-12-07,20.20005,20.20005,20.10,20.20005,12000,13.22265
2005-12-06,20.01,20.01,19.737,19.89,1700,13.0197
2005-12-05,19.7199,19.90005,19.7199,19.90005,14500,13.02628
2005-12-02,19.99005,19.99005,19.66605,19.99005,6100,13.08519
2005-12-01,18.90,19.2501,18.90,19.2501,7900,12.60083
2005-11-30,18.6501,18.90,18.6501,18.90,3300,12.37166
2005-11-29,18.3501,18.36,18.3501,18.36,16300,12.01818
2005-11-28,18.43395,18.49995,18.43395,18.49995,3200,12.10979
2005-11-25,19.09995,19.09995,19.09995,19.09995,000,12.50254
2005-11-23,19.15005,19.39995,19.09995,19.39995,5900,12.69892
2005-11-22,18.85005,19.30005,18.85005,19.30005,2400,12.63353
2005-11-21,18.79995,18.79995,18.66,18.79995,1000,12.30617
2005-11-18,18.00,18.30,18.00,18.03105,10800,11.80286
2005-11-17,18.40005,18.40005,18.0501,18.40005,6300,12.0444
2005-11-16,18.19995,18.43005,18.19995,18.43005,1900,12.06404
2005-11-15,18.01005,18.22995,18.00,18.19995,6400,11.91342
2005-11-14,18.10005,18.11985,18.00,18.11985,16200,11.86098
2005-11-11,18.10005,18.30,18.09,18.10005,8700,11.84802
2005-11-10,18.19995,18.21,18.07005,18.10005,11800,11.84802
2005-11-09,18.37005,18.40005,18.3501,18.40005,4900,12.0444
2005-11-08,18.19995,18.49995,18.19995,18.49995,6400,12.10979
2005-11-07,18.3501,18.60,18.30,18.60,7000,12.17528
2005-11-04,18.15015,19.63005,18.15015,19.63005,29200,12.84954
2005-11-03,18.21,18.60,18.21,18.60,38600,12.17528
2005-11-02,18.45015,18.49995,18.40005,18.49995,5800,12.10979
2005-11-01,18.58005,18.58005,18.58005,18.58005,100,12.16222
2005-10-31,19.05015,19.05015,19.05015,19.05015,37500,12.46994
2005-10-28,18.49995,18.88005,18.49995,18.88005,4200,12.3586
2005-10-27,18.30,18.3501,18.30,18.3501,1200,12.0117
2005-10-26,18.60,18.60,18.60,18.60,100,12.17528
2005-10-25,18.6501,18.6501,18.6501,18.6501,900,12.20808
2005-10-24,18.75015,18.75015,18.75015,18.75015,000,12.27357
2005-10-21,18.75015,18.75015,18.75015,18.75015,34300,12.27357
2005-10-20,18.40995,18.49995,18.40005,18.49005,700,12.10331
2005-10-19,16.96995,18.69,16.96995,18.69,900,12.2342
2005-10-18,18.40005,18.75015,18.40005,18.75015,16600,12.27357
2005-10-17,17.1501,18.30,17.1501,18.30,20400,11.97891
2005-10-14,18.00,18.00,17.50995,17.50995,1300,11.46175
2005-10-13,17.43,17.59995,17.43,17.59995,2100,11.52066
2005-10-12,17.76,17.76,17.76,17.76,000,11.62543
2005-10-11,17.80095,17.80095,17.76,17.80095,1600,11.65224
2005-10-10,17.70,17.76,17.70,17.76,600,11.62543
2005-10-07,17.85015,18.01995,17.85015,18.01995,900,11.79559
2005-10-06,17.59005,17.59005,17.20995,17.41005,700,11.39636
2005-10-05,18.00,18.09,17.53995,17.59005,1200,11.51418
2005-10-04,17.80005,18.87,17.80005,18.87,7300,12.35202
2005-10-03,17.91,18.06,17.89995,18.06,700,11.82181
2005-09-30,17.9199,18.00,17.71005,18.00,1500,11.78253
2005-09-29,17.83995,17.92995,17.74005,17.92995,900,11.73668
2005-09-28,17.38005,17.70,17.38005,17.70,11100,11.58616
2005-09-27,16.90995,17.17005,16.90995,17.17005,15200,11.23926
2005-09-26,16.80,17.08005,16.80,17.08005,2100,11.18035
2005-09-23,16.99995,16.99995,16.80,16.80,15100,10.99703
2005-09-22,17.1501,17.1501,16.99995,17.1501,30900,11.2262
2005-09-21,17.6109,17.6109,17.25015,17.6109,3800,11.52783
2005-09-20,17.50005,17.79,17.50005,17.79,600,11.64507
2005-09-19,17.98995,17.98995,17.55015,17.98995,21700,11.77595
2005-09-16,17.6199,18.00,17.6199,18.00,6900,11.78253
2005-09-15,18.19995,18.19995,17.6199,18.19995,13300,11.91342
2005-09-14,18.00,18.00,17.47005,17.65995,3700,11.55994
2005-09-13,18.79005,18.79005,18.00,18.04005,53100,11.80875
2005-09-12,18.85995,18.85995,18.51,18.66,4000,12.21456
2005-09-09,19.75005,19.75005,19.00005,19.75005,99100,12.92809
2005-09-08,19.95015,19.95015,19.65015,19.95015,6100,13.05907
2005-09-07,19.77,19.95015,19.77,19.95015,3000,13.05907
2005-09-06,18.75015,19.99005,18.75015,19.99005,4100,13.08519
2005-09-02,19.05015,19.05015,18.76005,19.05015,4200,12.46994
2005-09-01,19.15995,19.30005,19.1199,19.30005,700,12.63353
2005-08-31,18.96,19.39005,18.52995,19.27005,5800,12.61389
2005-08-30,19.57005,19.57005,19.00995,19.24005,1300,12.59425
2005-08-29,19.41,19.41,19.21995,19.41,2700,12.7055
2005-08-26,18.75015,19.54005,18.75015,19.54005,900,12.79063
2005-08-25,19.11,19.33995,18.5199,19.33995,5700,12.65964
2005-08-24,19.65015,19.8501,19.15995,19.8501,11000,12.99358
2005-08-23,21.49995,21.49995,19.69995,21.49995,10600,14.07355
2005-08-22,20.86995,21.66,19.99995,19.99995,28300,13.09167
2005-08-19,20.14005,20.29995,19.81005,20.14005,3300,13.18338
2005-08-18,20.08995,20.10,19.91985,20.10,3400,13.15716
2005-08-17,19.69995,20.05005,19.69995,19.71,12600,12.90187
2005-08-16,19.68015,19.99005,19.65015,19.99005,8500,13.08519
2005-08-15,20.71005,20.71005,19.24005,20.71005,8500,13.55649
2005-08-12,19.99995,19.99995,19.8501,19.99995,26800,13.09167
2005-08-11,19.99995,19.99995,19.99995,19.99995,6300,13.09167
2005-08-10,21.00,21.00,19.99995,19.99995,43400,13.09167
2005-08-09,20.25,20.47005,20.05005,20.29995,30000,13.28804
2005-08-08,19.99995,20.10,19.80,20.08995,28000,13.15058
2005-08-05,19.95015,19.99995,19.95015,19.99995,1500,13.09167
2005-08-04,19.99995,20.25,19.99005,19.99995,11700,13.09167
2005-08-03,19.75005,19.99995,19.75005,19.99995,2100,13.09167
2005-08-02,19.99995,20.14995,19.71,20.14005,1600,13.18338
2005-08-01,20.25,20.25,19.90005,19.90995,12300,13.03276
2005-07-29,19.12995,20.02995,19.11,20.02995,10800,13.11131
2005-07-28,19.45005,19.51005,18.91005,19.51005,28800,12.77099
2005-07-27,19.81005,19.81005,19.00005,19.00005,15900,12.43715
2005-07-26,18.49995,19.45005,18.49995,19.45005,82400,12.73171
2005-07-25,16.30005,18.49995,16.30005,18.49995,140400,12.10979
2005-07-22,15.00,15.00,15.00,15.00,000,9.81878
2005-07-21,14.50,15.00,14.50,15.00,400,9.81878
2005-07-20,14.43,14.43,14.43,14.43,000,9.44566
2005-07-19,14.29999,14.50,14.29999,14.50,2800,9.49149
2005-07-18,14.2501,14.29999,14.2501,14.29999,4000,9.36056
2005-07-15,14.20789,14.20789,14.20789,14.20789,000,9.30028
2005-07-14,14.10,14.20789,14.10,14.20789,1900,9.30028
2005-07-13,14.1501,14.55011,14.1501,14.55011,1500,9.52428
2005-07-12,14.20001,14.29999,14.19,14.29001,1900,9.35402
2005-07-11,14.0199,14.28011,14.0199,14.28011,4300,9.34754
2005-07-08,14.1501,14.55011,14.1501,14.55011,1500,9.52428
2005-07-07,14.26,14.26,14.10,14.10,700,9.22965
2005-07-06,14.53999,14.7801,14.53999,14.7801,8600,9.67483
2005-07-05,14.41001,14.51,14.35001,14.51,4300,9.49803
2005-07-01,14.29999,14.33,14.29999,14.33,6400,9.3802
2005-06-30,14.50,14.50,14.50,14.50,000,9.49149
2005-06-29,14.50,14.50,14.50,14.50,000,9.49149
2005-06-28,14.50,14.50,14.50,14.50,000,9.49149
2005-06-27,14.71001,14.71001,14.50,14.50,7200,9.49149
2005-06-24,14.94,14.94,14.51989,14.94,2700,9.7795
2005-06-23,14.21989,14.89999,14.21989,14.89999,52000,9.75331
2005-06-22,14.11,14.29001,14.11,14.29001,1000,9.35402
2005-06-21,14.35009,14.35009,14.35009,14.35009,000,9.39336
2005-06-20,14.26399,14.35009,14.26399,14.35009,3000,9.39336
2005-06-17,14.4199,14.4199,14.4199,14.4199,300,9.43905
2005-06-16,14.55011,14.56,14.4501,14.56,1200,9.53076
2005-06-15,14.56,14.6501,14.56,14.6501,600,9.58973
2005-06-14,14.71001,14.782,14.71001,14.782,1100,9.67608
2005-06-13,14.77001,14.9501,14.69,14.9501,900,9.78611
2005-06-10,14.59999,14.59999,14.59999,14.59999,100,9.55694
2005-06-09,14.9199,14.93,14.6199,14.93,4300,9.77295
2005-06-08,14.81989,14.81989,14.81989,14.81989,400,9.70088
2005-06-07,14.59999,14.71001,14.59999,14.70,12100,9.6224
2005-06-06,14.6199,14.6199,14.59999,14.6199,4500,9.56997
2005-06-03,14.9289,14.9289,14.89001,14.9289,400,9.77223
2005-06-02,14.80,14.80,14.6199,14.80,3600,9.68786
2005-06-01,14.70,14.70,14.50,14.50,5200,9.49149
2005-05-31,14.50,14.71001,14.50,14.70,4200,9.6224
2005-05-27,14.00,15.10005,14.00,14.71001,3900,9.62895
2005-05-26,14.69,15.10005,14.69,14.87,4900,9.73368
2005-05-25,14.29999,14.69,14.29999,14.69,17500,9.61585
2005-05-24,14.28011,14.40,14.08999,14.40,8200,9.42603
2005-05-23,13.00,14.00,13.00,13.24,6000,8.66671
2005-05-20,13.36,13.36,13.20,13.20,1000,8.64052
2005-05-19,13.51,13.51,13.27001,13.50,9300,8.8369
2005-05-18,13.21001,13.50,13.20,13.50,3200,8.8369
2005-05-17,13.51,13.54001,13.47,13.51,1600,8.84345
2005-05-16,13.83,13.9501,13.47,13.9501,4000,9.13153
2005-05-13,14.24,14.24,13.99901,14.24,5200,9.32129
2005-05-12,14.29001,14.29001,14.14001,14.14001,1500,9.25584
2005-05-11,14.1199,14.29001,14.1199,14.29001,3400,9.35402
2005-05-10,14.33,14.33,14.1199,14.33,1900,9.3802
2005-05-09,14.3801,14.55011,14.24,14.55011,82500,9.52428
2005-05-06,14.59999,14.59999,14.35009,14.59999,2100,9.55694
2005-05-05,14.59999,14.59999,14.4501,14.59999,1700,9.55694
2005-05-04,15.00,15.00,14.00,14.40,110800,9.42603
2005-05-03,15.31005,15.31005,15.31005,15.31005,000,10.02173
2005-05-02,15.64005,15.64005,15.31005,15.31005,2800,10.02173
2005-04-29,15.43005,16.05015,15.43005,16.05015,5700,10.50619
2005-04-28,15.15015,15.28995,15.09,15.28995,700,10.00857
2005-04-27,14.9501,14.9501,14.9501,14.9501,1000,9.78611
2005-04-26,15.10005,15.10005,15.10005,15.10005,100,9.88427
2005-04-25,14.964,14.964,14.964,14.964,100,9.79521
2005-04-22,15.00,15.00,15.00,15.00,6800,9.81878
2005-04-21,15.00,15.00,15.00,15.00,300,9.81878
2005-04-20,14.80,14.80,14.80,14.80,600,9.68786
2005-04-19,14.94,15.00,14.94,15.00,1500,9.81878
2005-04-18,14.9199,14.9199,14.9199,14.9199,000,9.76634
2005-04-15,14.27,15.00,14.27,15.00,6100,9.81878
2005-04-14,14.95999,15.00,14.95999,15.00,1900,9.81878
2005-04-13,14.81,14.81,14.81,14.81,300,9.6944
2005-04-12,14.80,14.80,14.80,14.80,300,9.68786
2005-04-11,14.50,14.50,14.50,14.50,000,9.49149
2005-04-08,14.6501,14.9501,14.50,14.9501,18800,9.78611
2005-04-07,14.21989,14.21989,14.11,14.21989,1000,9.30813
2005-04-06,14.27801,14.43,14.27801,14.43,700,9.44566
2005-04-05,14.31,14.31,14.31,14.31,000,9.36711
2005-04-04,14.41001,14.41001,14.31,14.31,300,9.36711
2005-04-01,14.1501,15.00,14.1501,15.00,11000,9.81878
2005-03-31,14.80,14.89999,14.80,14.81,600,9.6944
2005-03-30,15.00,15.00,14.59999,14.70701,21400,9.62699
2005-03-29,14.89999,14.89999,14.70,14.70,3200,9.6224
2005-03-28,14.83001,14.83001,14.70,14.70,3300,9.6224
2005-03-24,14.7501,14.8801,14.70,14.8801,4600,9.74029
2005-03-23,14.70,14.70,14.59999,14.70,11200,9.6224
2005-03-22,14.70,15.11985,14.70,15.11985,4800,9.89723
2005-03-21,14.63,14.73,14.63,14.73,4600,9.64204
2005-03-18,14.4501,14.4501,14.4501,14.4501,1500,9.45882
2005-03-17,14.59999,14.59999,14.50,14.59999,2700,9.55694
2005-03-16,14.76701,14.76701,14.76701,14.76701,000,9.66626
2005-03-15,14.9199,14.9199,14.76701,14.9199,46900,9.76634
2005-03-14,14.7501,14.98009,14.7501,14.98009,13500,9.80575
2005-03-11,14.4501,14.4501,14.40,14.4501,1000,9.45882
2005-03-10,14.59999,14.59999,14.59001,14.59999,3000,9.55694
2005-03-09,14.67709,14.71001,14.59999,14.71001,3500,9.62895
2005-03-08,14.9501,15.00,14.67,15.00,6600,9.81878
2005-03-07,15.19995,15.19995,14.99,14.99,1600,9.81223
2005-03-04,14.7501,14.7501,14.70,14.7501,8500,9.6552
2005-03-03,15.00,15.13005,15.00,15.13005,9200,9.90391
2005-03-02,15.19005,15.3501,15.06,15.3501,17700,10.04795
2005-03-01,15.22995,15.22995,15.15015,15.22995,3400,9.9693
2005-02-28,15.15015,15.3501,15.15015,15.3501,7800,10.04795
2005-02-25,15.03,15.21,15.03,15.21,700,9.95624
2005-02-24,14.91,15.00,14.91,14.91,2100,9.75986
2005-02-23,15.25005,15.25005,15.0501,15.25005,17800,9.98246
2005-02-22,15.21,15.21,14.91,15.13005,14000,9.90391
2005-02-18,15.15015,15.2289,15.15015,15.2289,800,9.96861
2005-02-17,15.0801,15.2199,15.0801,15.2199,3400,9.96272
2005-02-16,15.13005,15.15015,15.0501,15.15015,2500,9.91706
2005-02-15,15.19995,15.19995,15.00,15.10005,29700,9.88427
2005-02-14,15.01005,15.0801,15.01005,15.0801,6900,9.87121
2005-02-11,14.89999,15.00,14.89999,15.00,600,9.81878
2005-02-10,15.18015,15.19005,15.00,15.19005,2300,9.94318
2005-02-09,15.00,15.00,14.94,15.00,2200,9.81878
2005-02-08,14.70,15.19995,14.70,15.00,12300,9.81878
2005-02-07,15.43005,15.43005,15.28995,15.28995,1200,10.00857
2005-02-04,15.36,15.36,15.33,15.33,1200,10.03479
2005-02-03,15.25995,15.36,15.25995,15.36,900,10.05443
2005-02-02,15.5199,15.5199,15.30,15.5199,9400,10.15909
2005-02-01,15.00,15.8199,15.00,15.8199,20500,10.35547
2005-01-31,14.7501,14.7501,14.50,14.7501,1300,9.6552
2005-01-28,14.95999,14.95999,14.95999,14.95999,000,9.79259
2005-01-27,15.0501,15.0501,14.95999,15.0501,600,9.85157
2005-01-26,15.00,15.19995,14.91,14.91,2500,9.75986
2005-01-25,14.85011,14.85011,14.7501,14.85011,900,9.72066
2005-01-24,14.80,14.89001,14.77001,14.77001,900,9.66823
2005-01-21,15.09,15.09,15.09,15.09,000,9.87769
2005-01-20,15.10995,15.10995,15.09,15.09,900,9.87769
2005-01-19,15.10005,15.15015,15.10005,15.15015,1900,9.91706
2005-01-18,15.67005,15.70005,14.91,15.10005,7500,9.88427
2005-01-14,15.00,15.00,14.9199,15.00,3300,9.81878
2005-01-13,16.50,16.50,15.00,16.50,6900,10.80065
2005-01-12,16.05015,16.05015,14.91,16.05015,2800,10.50619
2005-01-11,16.11,16.11,16.00995,16.09995,3100,10.53879
2005-01-10,16.23,16.23,16.21005,16.21005,400,10.61086
2005-01-07,16.42695,16.42695,16.4199,16.42695,400,10.75284
2005-01-06,16.36005,16.48995,16.33005,16.47,8400,10.78102
2005-01-05,16.23,16.23,16.23,16.23,100,10.62392
2005-01-04,16.48995,16.48995,16.2501,16.48995,1900,10.79408
2005-01-03,16.06995,16.06995,16.00005,16.00005,1200,10.47339
2004-12-31,16.15005,16.30005,16.15005,16.30005,400,10.66977
2004-12-30,16.60005,16.60005,16.31985,16.60005,8700,10.86615
2004-12-29,16.20,16.60005,16.09995,16.39995,18400,10.73516
2004-12-28,16.00005,16.00005,16.00005,16.00005,100,10.47339
2004-12-27,16.05105,16.05105,16.05105,16.05105,000,10.50678
2004-12-23,16.03995,16.05105,16.03995,16.05105,400,10.50678
2004-12-22,16.2501,16.30005,16.2501,16.30005,1500,10.66977
2004-12-21,15.71085,16.2501,15.71085,16.2501,4300,10.63707
2004-12-20,14.50,16.11,14.50,15.81,16900,10.34899
2004-12-17,14.2501,14.50,14.2501,14.50,1000,9.49149
2004-12-16,14.26,14.4501,14.26,14.4501,6300,9.45882
2004-12-15,14.2501,14.439,14.2501,14.439,2500,9.45155
2004-12-14,14.2501,14.2501,14.2501,14.2501,4600,9.32791
2004-12-13,14.28011,14.28011,14.2501,14.28011,5400,9.34754
2004-12-10,14.1801,14.4501,14.1801,14.4501,5800,9.45882
2004-12-09,14.34,14.34,14.10,14.17,1900,9.27547
2004-12-08,14.1801,14.2501,14.1801,14.2501,6700,9.32791
2004-12-07,14.20999,14.23,14.04,14.23,11400,9.31475
2004-12-06,14.20001,14.20001,14.20001,14.20001,6100,9.29511
2004-12-03,14.2501,14.2501,14.20001,14.2501,6900,9.32791
2004-12-02,14.20001,14.24,14.20001,14.24,7800,9.32129
2004-12-01,14.05009,14.27,14.05009,14.27,20800,9.34093
2004-11-30,14.2501,14.2501,14.2501,14.2501,300,9.32791
2004-11-29,14.8801,14.89999,14.20001,14.89999,7200,9.75331
2004-11-26,14.7501,14.80,14.7501,14.80,6700,9.68786
2004-11-24,14.2501,14.2501,14.2501,14.2501,100,9.32791
2004-11-23,14.1199,14.20001,14.1199,14.20001,7300,9.29511
2004-11-22,14.10,14.10,14.10,14.10,3300,9.22965
2004-11-19,13.26,14.2501,13.26,14.2501,30600,9.32791
2004-11-18,14.05009,14.29999,14.05009,14.29999,21400,9.36056
2004-11-17,13.90001,14.00,13.90001,14.00,3300,9.16419
2004-11-16,13.09999,13.09999,13.09999,13.09999,000,8.57506
2004-11-15,13.09999,13.09999,13.09999,13.09999,000,8.57506
2004-11-12,13.5501,13.5501,13.09999,13.5501,4300,8.86969
2004-11-11,13.51,13.51,13.51,13.51,000,8.84345
2004-11-10,13.51,13.51,13.51,13.51,100,8.84345
2004-11-09,14.08999,14.08999,14.08999,14.08999,000,9.2231
2004-11-08,14.07,14.08999,14.07,14.08999,300,9.2231
2004-11-05,13.9501,13.9501,13.75009,13.9501,5500,9.13153
2004-11-04,13.60001,13.6501,13.60001,13.6501,2500,8.93516
2004-11-03,13.5501,13.60001,13.5501,13.60001,2300,8.90236
2004-11-02,13.99,13.99,13.5501,13.99,6000,9.15765
2004-11-01,15.43005,15.43005,13.81991,15.43005,11800,10.10028
2004-10-29,14.02999,14.43,14.02999,14.43,400,9.44566
2004-10-28,13.4199,13.4199,13.4199,13.4199,100,8.78447
2004-10-27,12.90,12.90,12.90,12.90,100,8.44415
2004-10-26,13.09999,13.1501,13.09999,13.1501,1500,8.60786
2004-10-25,12.90,12.90,12.90,12.90,100,8.44415
2004-10-22,13.64,13.64,13.64,13.64,000,8.92854
2004-10-21,13.60999,13.64,13.60999,13.64,300,8.92854
2004-10-20,13.90001,13.90001,13.90001,13.90001,000,9.09874
2004-10-19,13.90001,13.90001,13.90001,13.90001,000,9.09874
2004-10-18,13.90001,13.90001,13.90001,13.90001,700,9.09874
2004-10-15,13.50,13.50,13.50,13.50,000,8.8369
2004-10-14,13.50,13.50,13.50,13.50,700,8.8369
2004-10-13,13.50,13.50,13.50,13.50,000,8.8369
2004-10-12,12.90,13.50,12.90,13.50,1000,8.8369
2004-10-11,13.6501,13.6501,13.6501,13.6501,000,8.93516
2004-10-08,13.8289,13.8289,13.6501,13.8289,12400,9.05219
2004-10-07,13.60001,13.78999,13.60001,13.60001,700,8.90236
2004-10-06,13.9199,13.9199,13.6199,13.9199,900,9.11176
2004-10-05,14.05009,14.05009,14.05009,14.05009,000,9.19698
2004-10-04,14.05009,14.05009,14.05009,14.05009,1900,9.19698
2004-10-01,13.69,13.69,13.69,13.69,000,8.96127
2004-09-30,12.64001,13.69,12.64001,13.69,7100,8.96127
2004-09-29,11.88,12.50,11.38,12.42,82700,8.12995
2004-09-28,11.65009,11.65009,11.65009,11.65009,000,7.62598
2004-09-27,11.80001,11.80001,11.65009,11.80001,900,7.72411
2004-09-24,11.7501,12.0501,11.7501,12.0501,12200,7.88782
2004-09-23,12.00,12.00,11.7501,12.00,700,7.85502
2004-09-22,12.10001,12.10001,12.10001,12.10001,000,7.92048
2004-09-21,12.10001,12.10001,12.10001,12.10001,000,7.92048
2004-09-20,12.10001,12.10001,12.10001,12.10001,3000,7.92048
2004-09-17,12.30101,12.30101,12.30101,12.30101,100,8.05205
2004-09-16,13.18009,13.18009,13.18009,13.18009,000,8.62749
2004-09-15,13.18009,13.18009,13.18009,13.18009,000,8.62749
2004-09-14,12.90,13.18009,12.90,13.18009,6900,8.62749
2004-09-13,12.90,12.90,12.90,12.90,000,8.44415
2004-09-10,12.90,12.90,12.90,12.90,000,8.44415
2004-09-09,12.90,12.90,12.90,12.90,000,8.44415
2004-09-08,12.37,12.90,12.37,12.90,600,8.44415
2004-09-07,12.60,12.60,12.60,12.60,000,8.24777
2004-09-03,13.03001,13.03001,12.60,12.60,4900,8.24777
2004-09-02,13.03001,13.03001,13.03001,13.03001,2100,8.52925
2004-09-01,13.03001,13.03001,13.03001,13.03001,3000,8.52925
2004-08-31,13.09999,13.09999,13.03001,13.03001,1800,8.52925
2004-08-30,13.00,13.05011,13.00,13.05011,4500,8.5424
2004-08-27,13.30,13.30,12.76,13.30,3300,8.70598
2004-08-26,12.7501,12.7501,12.6501,12.7501,1000,8.34603
2004-08-25,13.2501,13.2501,13.2501,13.2501,000,8.67332
2004-08-24,13.71,13.71,13.2501,13.71,1800,8.97436
2004-08-23,13.33999,13.50,13.33999,13.50,3100,8.8369
2004-08-20,12.91001,12.91001,12.91001,12.91001,300,8.4507
2004-08-19,12.6199,12.6199,12.50,12.6199,900,8.2608
