Date,Open,High,Low,Close,Volume,Adj Close
2014-03-19,13.98,13.98,13.98,13.98,000,13.98
2014-03-18,13.995,14.02,13.96,13.98,4105600,13.98
2014-03-17,13.99,14.00,13.98,13.98,2977400,13.98
2014-03-14,13.99,14.00,13.98,14.00,1580200,14.00
2014-03-13,14.00,14.00,13.98,13.99,1070000,13.99
2014-03-12,13.99,14.00,13.98,14.00,889500,14.00
2014-03-11,14.00,14.01,13.98,13.99,902400,13.99
2014-03-10,14.01,14.03,13.98,14.00,2249400,14.00
2014-03-07,14.02,14.04,13.99,14.01,1497500,14.01
2014-03-06,14.02,14.03,13.995,14.01,1622400,14.01
2014-03-05,14.00,14.03,13.99,14.00,848600,14.00
2014-03-04,14.02,14.03,13.98,13.98,3260300,13.98
2014-03-03,14.00,14.04,13.98,13.99,3160500,13.99
2014-02-28,14.01,14.05,13.985,13.99,2043800,13.99
2014-02-27,14.06,14.06,14.00,14.02,1717000,14.02
2014-02-26,14.00,14.10,13.99,14.00,5210500,14.00
2014-02-25,13.98,14.00,13.96,13.96,3188500,13.96
2014-02-24,14.02,14.04,13.97,13.97,5251100,13.97
2014-02-21,14.01,14.03,13.98,13.98,1575200,13.98
2014-02-20,14.15,14.185,14.00,14.01,3076300,14.01
2014-02-19,14.00,14.24,13.98,14.17,5027700,14.17
2014-02-18,14.00,14.05,13.97,13.97,3848100,13.97
2014-02-17,14.00,14.00,14.00,14.00,000,14.00
2014-02-14,13.98,14.015,13.98,14.00,2278200,14.00
2014-02-13,13.99,14.04,13.97,14.04,4288800,14.04
2014-02-12,14.00,14.04,13.97,13.98,12040900,13.98
2014-02-11,13.98,14.03,13.96,14.00,82664000,14.00
2014-02-10,11.06,11.14,10.82,11.07,456700,11.07
2014-02-07,11.14,11.17,10.74,11.05,708100,11.05
2014-02-06,11.19,11.43,10.69,11.05,865800,11.05
2014-02-05,10.69,10.76,10.19,10.65,746900,10.65
2014-02-04,10.90,11.22,10.66,10.72,747700,10.72
2014-02-03,10.99,11.185,10.52,10.81,672000,10.81
2014-01-31,11.09,11.392,10.741,10.98,679700,10.98
2014-01-30,11.08,11.46,10.81,11.29,556100,11.29
2014-01-29,11.21,11.21,10.80,10.92,532100,10.92
2014-01-28,11.00,11.43,10.85,11.35,792300,11.35
2014-01-27,11.05,11.25,10.54,10.74,814900,10.74
2014-01-24,11.54,11.59,10.68,11.16,1100700,11.16
2014-01-23,11.38,11.80,11.03,11.60,852200,11.60
2014-01-22,12.33,12.35,11.44,11.46,1425600,11.46
2014-01-21,11.85,12.69,11.85,12.345,1447100,12.345
2014-01-20,11.73,11.73,11.73,11.73,000,11.73
2014-01-17,11.73,11.855,11.60,11.73,538000,11.73
2014-01-16,11.40,11.86,11.305,11.75,617100,11.75
2014-01-15,11.55,11.605,11.28,11.44,735900,11.44
2014-01-14,11.67,11.75,11.35,11.56,662400,11.56
2014-01-13,10.91,11.92,10.4004,11.63,1791600,11.63
2014-01-10,9.90,10.40,9.55,10.29,1079800,10.29
2014-01-09,9.65,10.43,9.60,10.28,1238700,10.28
2014-01-08,9.38,9.63,9.33,9.60,540000,9.60
2014-01-07,9.10,9.69,9.06,9.335,921900,9.335
2014-01-06,9.05,9.23,8.79,9.04,1186900,9.04
2014-01-03,8.99,9.25,8.97,9.03,505400,9.03
2014-01-02,9.05,9.15,8.7862,9.02,436700,9.02
2014-01-01,9.05,9.05,9.05,9.05,000,9.05
2013-12-31,9.19,9.205,8.98,9.05,478300,9.05
2013-12-30,8.90,9.41,8.76,9.19,570200,9.19
2013-12-27,9.17,9.26,8.77,8.86,509600,8.86
2013-12-26,9.24,9.42,9.11,9.13,331300,9.13
2013-12-25,9.22,9.22,9.22,9.22,000,9.22
2013-12-24,9.32,9.45,9.11,9.22,220900,9.22
2013-12-23,9.47,9.50,9.28,9.35,688900,9.35
2013-12-20,9.21,9.48,9.20,9.31,2857900,9.31
2013-12-19,9.52,9.57,9.15,9.21,701000,9.21
2013-12-18,8.97,9.25,8.69,9.11,581600,9.11
2013-12-17,9.12,9.25,8.91,8.93,482800,8.93
2013-12-16,8.76,9.25,8.73,9.10,722400,9.10
2013-12-13,9.38,9.50,8.935,8.97,491600,8.97
2013-12-12,8.89,9.46,8.8701,9.32,700200,9.32
2013-12-11,9.26,9.31,8.79,8.87,1014400,8.87
2013-12-10,9.53,9.57,9.04,9.28,908800,9.28
2013-12-09,9.65,9.88,9.54,9.55,869000,9.55
2013-12-06,9.70,9.70,9.50,9.53,812700,9.53
2013-12-05,9.70,9.70,9.55,9.60,932800,9.60
2013-12-04,9.87,10.00,9.34,9.70,1568400,9.70
2013-12-03,9.44,10.09,9.335,10.01,2471300,10.01
2013-12-02,9.16,9.54,9.0201,9.43,1373900,9.43
2013-11-29,9.01,9.29,8.97,9.02,339300,9.02
2013-11-28,8.93,8.93,8.93,8.93,000,8.93
2013-11-27,8.71,9.14,8.67,8.93,585900,8.93
2013-11-26,8.48,8.705,8.45,8.67,738100,8.67
2013-11-25,8.64,8.79,8.431,8.51,821900,8.51
2013-11-22,8.34,8.86,8.26,8.51,982400,8.51
2013-11-21,8.24,8.41,8.15,8.31,929400,8.31
2013-11-20,8.18,8.35,8.12,8.16,807900,8.16
2013-11-19,8.08,8.54,8.00,8.19,1747300,8.19
2013-11-18,7.60,8.15,7.13,8.00,1751400,8.00
2013-11-15,7.00,9.39,7.00,7.88,8514800,7.88
2013-11-14,5.60,6.07,5.26,5.88,1035900,5.88
2013-11-13,5.63,5.6801,5.52,5.62,188900,5.62
2013-11-12,5.66,5.79,5.50,5.66,167700,5.66
2013-11-11,5.76,5.79,5.56,5.665,231600,5.665
2013-11-08,5.22,5.82,5.21,5.76,443800,5.76
2013-11-07,4.83,5.28,4.82,5.19,341600,5.19
2013-11-06,5.00,5.11,4.74,4.77,486400,4.77
2013-11-05,4.93,5.05,4.88,4.96,149200,4.96
2013-11-04,4.99,5.03,4.87,4.93,273600,4.93
2013-11-01,4.92,4.99,4.86,4.95,274800,4.95
2013-10-31,5.05,5.11,4.86,4.93,298300,4.93
2013-10-30,5.12,5.17,5.06,5.06,278000,5.06
2013-10-29,5.14,5.1775,5.06,5.10,224400,5.10
2013-10-28,5.29,5.29,5.075,5.14,368800,5.14
2013-10-25,5.19,5.37,5.13,5.27,232500,5.27
2013-10-24,5.11,5.40,5.00,5.16,571400,5.16
2013-10-23,5.25,5.25,5.07,5.12,683400,5.12
2013-10-22,5.59,5.7777,5.27,5.28,635800,5.28
2013-10-21,5.81,5.81,5.47,5.58,383600,5.58
2013-10-18,6.06,6.06,5.74,5.78,406600,5.78
2013-10-17,5.83,6.005,5.82,5.96,504300,5.96
2013-10-16,5.76,5.88,5.68,5.88,173100,5.88
2013-10-15,5.85,5.86,5.55,5.71,242700,5.71
2013-10-14,5.85,5.9425,5.731,5.89,147200,5.89
2013-10-11,5.80,5.97,5.78,5.90,185000,5.90
2013-10-10,5.64,5.90,5.64,5.83,244300,5.83
2013-10-09,5.84,5.84,5.53,5.57,246400,5.57
2013-10-08,5.90,5.92,5.62,5.82,396600,5.82
2013-10-07,6.04,6.07,5.88,5.90,280200,5.90
2013-10-04,6.09,6.20,6.08,6.12,179300,6.12
2013-10-03,6.30,6.365,6.08,6.10,351100,6.10
2013-10-02,6.39,6.44,6.10,6.30,383000,6.30
2013-10-01,6.32,6.42,6.22,6.41,352000,6.41
2013-09-30,6.28,6.33,6.20,6.30,324700,6.30
2013-09-27,6.24,6.40,6.21,6.35,289600,6.35
2013-09-26,6.16,6.29,6.11,6.27,232800,6.27
2013-09-25,6.17,6.25,6.12,6.15,215800,6.15
2013-09-24,6.25,6.32,6.09,6.18,228700,6.18
2013-09-23,6.36,6.40,6.01,6.25,407800,6.25
2013-09-20,6.33,6.451,6.2422,6.38,481700,6.38
2013-09-19,6.44,6.485,6.14,6.32,331300,6.32
2013-09-18,6.16,6.49,6.03,6.42,654800,6.42
2013-09-17,5.83,6.16,5.72,6.14,474500,6.14
2013-09-16,5.79,6.02,5.70,5.82,534300,5.82
2013-09-13,5.53,5.74,5.51,5.73,412900,5.73
2013-09-12,5.44,5.60,5.40,5.51,357000,5.51
2013-09-11,5.33,5.475,5.31,5.46,253800,5.46
2013-09-10,5.36,5.52,5.25,5.36,223200,5.36
2013-09-09,5.16,5.34,4.98,5.34,340300,5.34
2013-09-06,5.30,5.30,5.09,5.15,243700,5.15
2013-09-05,5.25,5.33,5.2025,5.26,252300,5.26
2013-09-04,5.02,5.28,4.96,5.23,1323500,5.23
2013-09-03,5.37,5.43,4.96,5.02,771400,5.02
2013-09-02,5.45,5.45,5.45,5.45,000,5.45
2013-08-30,5.61,5.6199,5.40,5.45,245100,5.45
2013-08-29,5.42,5.65,5.41,5.64,249100,5.64
2013-08-28,5.41,5.46,5.3601,5.44,184800,5.44
2013-08-27,5.37,5.45,5.28,5.40,279700,5.40
2013-08-26,5.52,5.52,5.3799,5.44,254500,5.44
2013-08-23,5.48,5.54,5.44,5.52,144500,5.52
2013-08-22,5.48,5.58,5.41,5.48,216400,5.48
2013-08-21,5.51,5.57,5.41,5.45,182700,5.45
2013-08-20,5.41,5.59,5.40,5.55,193200,5.55
2013-08-19,5.62,5.79,5.41,5.42,350500,5.42
2013-08-16,5.75,5.8999,5.54,5.61,440600,5.61
2013-08-15,5.68,5.89,5.43,5.87,581800,5.87
2013-08-14,5.96,5.998,5.71,5.74,272900,5.74
2013-08-13,6.03,6.03,5.80,5.99,437800,5.99
2013-08-12,6.12,6.24,5.9107,6.00,289100,6.00
2013-08-09,6.16,6.39,6.0801,6.14,681700,6.14
2013-08-08,6.32,6.32,6.1314,6.20,332400,6.20
2013-08-07,6.28,6.44,6.24,6.28,390100,6.28
2013-08-06,6.29,6.35,6.07,6.29,381500,6.29
2013-08-05,6.56,6.64,6.25,6.32,549000,6.32
2013-08-02,6.78,6.88,6.43,6.54,792700,6.54
2013-08-01,7.22,7.44,6.16,6.80,1151200,6.80
2013-07-31,7.29,7.646,7.29,7.47,339400,7.47
2013-07-30,7.59,7.5955,7.25,7.29,302200,7.29
2013-07-29,7.59,7.65,7.46,7.53,227500,7.53
2013-07-26,7.71,7.809,7.59,7.59,261200,7.59
2013-07-25,7.70,7.99,7.70,7.80,341200,7.80
2013-07-24,8.00,8.07,7.71,7.72,339300,7.72
2013-07-23,7.95,8.00,7.86,7.95,635100,7.95
2013-07-22,7.32,7.99,7.29,7.86,1292600,7.86
2013-07-19,7.35,7.52,7.29,7.34,319700,7.34
2013-07-18,7.50,7.5199,7.38,7.40,135800,7.40
2013-07-17,7.45,7.58,7.18,7.48,245100,7.48
2013-07-16,7.62,7.62,7.40,7.41,282700,7.41
2013-07-15,7.50,7.72,7.28,7.63,291500,7.63
2013-07-12,7.38,7.66,7.19,7.52,357000,7.52
2013-07-11,7.13,7.39,7.12,7.37,253900,7.37
2013-07-10,6.84,7.07,6.82,7.05,192900,7.05
2013-07-09,6.93,6.95,6.79,6.82,313300,6.82
2013-07-08,6.92,6.95,6.85,6.90,277700,6.90
2013-07-05,7.00,7.01,6.77,6.91,430100,6.91
2013-07-04,6.86,6.86,6.86,6.86,000,6.86
2013-07-03,6.79,6.87,6.625,6.86,177500,6.86
2013-07-02,6.86,6.95,6.77,6.84,271400,6.84
2013-07-01,6.86,7.03,6.65,6.89,372700,6.89
2013-06-28,6.96,7.00,6.74,6.82,455800,6.82
2013-06-27,7.13,7.24,6.86,6.99,694600,6.99
2013-06-26,7.17,7.19,6.87,7.05,283000,7.05
2013-06-25,7.20,7.20,6.86,7.11,454500,7.11
2013-06-24,6.57,7.11,6.40,7.04,794400,7.04
2013-06-21,6.41,6.76,6.39,6.64,651900,6.64
2013-06-20,6.73,6.76,6.24,6.39,440400,6.39
2013-06-19,6.87,6.97,6.72,6.84,212800,6.84
2013-06-18,6.98,7.06,6.8601,6.89,277600,6.89
2013-06-17,6.97,7.11,6.83,6.93,217000,6.93
2013-06-14,7.19,7.24,6.841,6.97,384600,6.97
2013-06-13,7.20,7.3599,7.05,7.18,1029100,7.18
2013-06-12,7.49,7.51,7.185,7.21,290700,7.21
2013-06-11,7.51,7.575,7.34,7.39,321700,7.39
2013-06-10,7.44,7.63,7.35,7.60,407300,7.60
2013-06-07,7.73,7.80,7.39,7.43,408800,7.43
2013-06-06,7.62,7.74,7.37,7.71,355800,7.71
2013-06-05,8.02,8.18,7.58,7.64,649800,7.64
2013-06-04,7.70,8.26,7.68,8.09,1398600,8.09
2013-06-03,6.84,7.68,6.84,7.66,1161000,7.66
2013-05-31,6.64,6.775,6.61,6.65,196800,6.65
2013-05-30,6.73,6.82,6.62,6.66,343200,6.66
2013-05-29,6.95,6.95,6.71,6.71,186600,6.71
2013-05-28,7.01,7.14,6.85,6.99,240200,6.99
2013-05-27,6.91,6.91,6.91,6.91,000,6.91
2013-05-24,6.94,6.995,6.81,6.91,195500,6.91
2013-05-23,6.61,7.00,6.54,6.97,220900,6.97
2013-05-22,6.99,7.15,6.58,6.70,429100,6.70
2013-05-21,6.89,7.00,6.74,6.99,269700,6.99
2013-05-20,7.17,7.18,6.651,6.87,453000,6.87
2013-05-17,7.34,7.38,7.17,7.18,300900,7.18
2013-05-16,7.12,7.53,7.12,7.28,354200,7.28
2013-05-15,7.11,7.26,7.03,7.105,349000,7.105
2013-05-14,6.81,7.16,6.725,7.10,847400,7.10
2013-05-13,6.59,6.83,6.55,6.76,102000,6.76
2013-05-10,6.60,6.75,6.47,6.62,351100,6.62
2013-05-09,6.82,6.83,6.54,6.58,263200,6.58
2013-05-08,6.93,6.97,6.71,6.81,214400,6.81
2013-05-07,6.91,6.97,6.76,6.93,213300,6.93
2013-05-06,6.88,6.98,6.77,6.90,200000,6.90
2013-05-03,7.20,7.20,6.83,6.86,488400,6.86
2013-05-02,6.77,6.90,6.61,6.75,460000,6.75
2013-05-01,7.08,7.11,6.67,6.69,558900,6.69
2013-04-30,7.08,7.1499,7.04,7.08,179200,7.08
2013-04-29,6.98,7.09,6.85,7.05,154600,7.05
2013-04-26,7.06,7.11,6.77,6.95,312100,6.95
2013-04-25,7.00,7.2899,7.00,7.07,384700,7.07
2013-04-24,7.24,7.45,6.95,7.00,363300,7.00
2013-04-23,7.00,7.24,6.94,7.23,346600,7.23
2013-04-22,6.99,7.005,6.79,6.93,241100,6.93
2013-04-19,6.73,6.98,6.65,6.96,290700,6.96
2013-04-18,6.91,6.93,6.56,6.78,471500,6.78
2013-04-17,6.79,6.94,6.64,6.86,330800,6.86
2013-04-16,6.64,6.99,6.60,6.82,385600,6.82
2013-04-15,7.10,7.10,6.28,6.51,744800,6.51
2013-04-12,6.96,7.1897,6.91,7.17,255000,7.17
2013-04-11,6.88,7.14,6.79,7.04,476700,7.04
2013-04-10,6.73,6.95,6.68,6.85,640600,6.85
2013-04-09,6.51,6.79,6.4906,6.68,284900,6.68
2013-04-08,6.85,6.89,6.415,6.48,278300,6.48
2013-04-05,6.67,7.01,6.67,6.79,242000,6.79
2013-04-04,6.71,6.855,6.655,6.82,194700,6.82
2013-04-03,6.77,6.82,6.64,6.72,234300,6.72
2013-04-02,6.71,6.88,6.68,6.74,268800,6.74
2013-04-01,6.70,6.80,6.51,6.69,540900,6.69
2013-03-29,6.69,6.69,6.69,6.69,000,6.69
2013-03-28,6.85,6.85,6.53,6.69,901000,6.69
2013-03-27,6.48,6.61,6.22,6.58,349400,6.58
2013-03-26,6.12,6.56,6.0701,6.56,540300,6.56
2013-03-25,5.72,6.09,5.69,6.02,312700,6.02
2013-03-22,5.80,5.88,5.57,5.71,278400,5.71
2013-03-21,5.21,5.84,5.21,5.71,587500,5.71
2013-03-20,5.23,5.28,5.12,5.27,134500,5.27
2013-03-19,5.22,5.33,5.09,5.18,185700,5.18
2013-03-18,5.20,5.28,5.09,5.18,179000,5.18
2013-03-15,5.38,5.4036,5.20,5.27,303000,5.27
2013-03-14,5.40,5.43,5.32,5.37,120300,5.37
2013-03-13,5.39,5.465,5.332,5.40,172700,5.40
2013-03-12,5.32,5.44,5.32,5.37,221900,5.37
2013-03-11,5.39,5.43,5.3099,5.34,98700,5.34
2013-03-08,5.35,5.43,5.16,5.42,182900,5.42
2013-03-07,5.12,5.34,5.04,5.29,287000,5.29
2013-03-06,5.01,5.10,5.00,5.09,83400,5.09
2013-03-05,5.02,5.14,4.95,5.01,149600,5.01
2013-03-04,4.98,5.05,4.96,5.00,128200,5.00
2013-03-01,4.84,5.06,4.7768,5.00,219300,5.00
2013-02-28,4.75,4.93,4.72,4.90,110800,4.90
2013-02-27,4.75,4.81,4.70,4.74,83700,4.74
2013-02-26,4.70,4.76,4.60,4.74,95900,4.74
2013-02-25,4.70,4.82,4.665,4.69,172400,4.69
2013-02-22,4.72,4.72,4.448,4.70,281400,4.70
2013-02-21,4.84,4.86,4.601,4.68,134700,4.68
2013-02-20,5.00,5.04,4.845,4.85,255400,4.85
2013-02-19,5.00,5.08,4.90,5.01,353900,5.01
2013-02-18,5.00,5.00,5.00,5.00,000,5.00
2013-02-15,4.92,5.02,4.85,5.00,332700,5.00
2013-02-14,4.96,5.05,4.88,4.88,198400,4.88
2013-02-13,4.69,5.01,4.68,5.00,273500,5.00
2013-02-12,4.61,4.75,4.59,4.65,249400,4.65
2013-02-11,4.64,4.69,4.56,4.58,222000,4.58
2013-02-08,4.61,4.66,4.51,4.64,189600,4.64
2013-02-07,4.79,4.82,4.54,4.58,284600,4.58
2013-02-06,4.93,4.93,4.77,4.78,191900,4.78
2013-02-05,4.77,4.97,4.77,4.93,157000,4.93
2013-02-04,4.84,4.86,4.71,4.75,252800,4.75
2013-02-01,4.76,4.88,4.73,4.88,259700,4.88
2013-01-31,4.89,4.93,4.65,4.73,542700,4.73
2013-01-30,5.27,5.27,4.865,4.89,324000,4.89
2013-01-29,5.40,5.4428,5.18,5.26,327300,5.26
2013-01-28,5.40,5.48,5.32,5.42,366900,5.42
2013-01-25,5.48,5.48,5.30,5.36,294900,5.36
2013-01-24,5.28,5.61,5.22,5.45,757500,5.45
2013-01-23,5.01,5.24,5.00,5.23,537500,5.23
2013-01-22,5.13,5.16,4.98,5.00,415000,5.00
2013-01-21,5.12,5.12,5.12,5.12,000,5.12
2013-01-18,5.29,5.34,5.11,5.12,473400,5.12
2013-01-17,5.41,5.48,5.26,5.28,323000,5.28
2013-01-16,5.60,5.66,5.39,5.40,317000,5.40
2013-01-15,5.43,5.60,5.4038,5.59,214700,5.59
2013-01-14,5.40,5.485,5.39,5.44,364100,5.44
2013-01-11,5.36,5.425,5.32,5.38,132900,5.38
2013-01-10,5.36,5.47,5.2701,5.35,122200,5.35
2013-01-09,5.23,5.36,5.19,5.36,432800,5.36
2013-01-08,5.25,5.30,5.19,5.20,212500,5.20
2013-01-07,5.30,5.36,5.19,5.24,214700,5.24
2013-01-04,5.30,5.345,5.20,5.27,477800,5.27
2013-01-03,5.17,5.32,5.13,5.25,301500,5.25
2013-01-02,4.88,5.34,4.88,5.18,650600,5.18
2013-01-01,4.79,4.79,4.79,4.79,000,4.79
2012-12-31,4.82,4.82,4.745,4.79,269500,4.79
2012-12-28,4.85,4.93,4.79,4.81,397600,4.81
2012-12-27,4.98,5.00,4.79,4.86,264000,4.86
2012-12-26,4.96,4.99,4.91,4.95,129100,4.95
2012-12-25,4.94,4.94,4.94,4.94,000,4.94
2012-12-24,4.86,4.97,4.8499,4.94,53900,4.94
2012-12-21,4.90,4.955,4.73,4.85,662000,4.85
2012-12-20,4.73,4.96,4.70,4.95,342900,4.95
2012-12-19,4.73,4.80,4.67,4.71,196400,4.71
2012-12-18,4.73,4.75,4.65,4.71,248300,4.71
2012-12-17,4.78,4.78,4.61,4.74,275300,4.74
2012-12-14,4.55,4.76,4.55,4.75,591100,4.75
2012-12-13,4.48,4.52,4.39,4.44,250100,4.44
2012-12-12,4.28,4.52,4.28,4.50,223900,4.50
2012-12-11,4.35,4.4375,4.22,4.26,536400,4.26
2012-12-10,4.21,4.34,4.185,4.33,526200,4.33
2012-12-07,4.28,4.33,4.15,4.22,126100,4.22
2012-12-06,4.10,4.24,4.09,4.24,326600,4.24
2012-12-05,4.32,4.32,3.99,4.08,193000,4.08
2012-12-04,4.17,4.37,4.1602,4.30,227300,4.30
2012-12-03,4.40,4.40,4.11,4.17,255300,4.17
2012-11-30,4.38,4.57,4.245,4.26,692100,4.26
2012-11-29,3.94,4.42,3.94,4.40,415200,4.40
2012-11-28,3.75,4.05,3.73,3.93,386000,3.93
2012-11-27,3.73,3.87,3.7201,3.77,178700,3.77
2012-11-26,3.54,3.77,3.52,3.75,164000,3.75
2012-11-23,3.43,3.55,3.41,3.54,69800,3.54
2012-11-22,3.41,3.41,3.41,3.41,000,3.41
2012-11-21,3.30,3.41,3.24,3.41,189500,3.41
2012-11-20,3.16,3.29,3.12,3.28,138000,3.28
2012-11-19,3.05,3.19,3.04,3.18,131900,3.18
2012-11-16,2.88,3.02,2.88,3.02,204500,3.02
2012-11-15,2.99,3.07,2.88,2.92,192400,2.92
2012-11-14,3.11,3.12,2.95,3.00,223100,3.00
2012-11-13,3.17,3.17,3.09,3.12,83200,3.12
2012-11-12,3.22,3.22,3.13,3.19,143600,3.19
2012-11-09,3.23,3.31,3.15,3.19,148800,3.19
2012-11-08,3.39,3.42,3.20,3.25,243700,3.25
2012-11-07,3.50,3.50,3.28,3.40,347200,3.40
2012-11-06,3.53,3.62,3.44,3.54,183800,3.54
2012-11-05,3.52,3.65,3.52,3.53,88900,3.53
2012-11-02,3.52,3.61,3.45,3.52,187300,3.52
2012-11-01,3.53,3.6488,3.48,3.52,154900,3.52
2012-10-31,3.62,3.65,3.42,3.54,197600,3.54
2012-10-30,3.63,3.63,3.63,3.63,000,3.63
2012-10-29,3.63,3.63,3.63,3.63,000,3.63
2012-10-26,3.64,3.69,3.56,3.63,83400,3.63
2012-10-25,3.68,3.75,3.60,3.65,374300,3.65
2012-10-24,3.59,3.68,3.58,3.66,151700,3.66
2012-10-23,3.65,3.65,3.52,3.58,120100,3.58
2012-10-22,3.71,3.73,3.56,3.65,192000,3.65
2012-10-19,3.90,3.90,3.70,3.7308,284100,3.7308
2012-10-18,3.93,3.97,3.90,3.93,105500,3.93
2012-10-17,4.01,4.05,3.92,3.9393,252800,3.9393
2012-10-16,4.03,4.07,3.99,4.01,288600,4.01
2012-10-15,3.98,4.05,3.97,4.02,247500,4.02
2012-10-12,3.94,4.02,3.90,3.99,218900,3.99
2012-10-11,3.89,4.015,3.89,3.95,145900,3.95
2012-10-10,3.91,3.93,3.81,3.88,317600,3.88
2012-10-09,3.99,3.99,3.88,3.92,245000,3.92
2012-10-08,3.97,4.07,3.95,4.00,106100,4.00
2012-10-05,4.03,4.05,3.95,3.98,181400,3.98
2012-10-04,3.95,4.03,3.95,4.02,157700,4.02
2012-10-03,4.04,4.05,3.91,3.94,166000,3.94
2012-10-02,3.94,4.05,3.94,4.04,212000,4.04
2012-10-01,3.96,3.98,3.90,3.92,236100,3.92
2012-09-28,4.07,4.105,3.92,3.9205,220800,3.9205
2012-09-27,4.11,4.16,4.09,4.10,193500,4.10
2012-09-26,4.04,4.15,3.99,4.11,302300,4.11
2012-09-25,4.14,4.21,4.00,4.04,324700,4.04
2012-09-24,4.10,4.20,4.00,4.12,339700,4.12
2012-09-21,4.07,4.135,3.87,4.11,641700,4.11
2012-09-20,4.04,4.10,4.03,4.07,302300,4.07
2012-09-19,4.14,4.14,3.97,4.05,348500,4.05
2012-09-18,4.04,4.17,3.98,4.12,307100,4.12
2012-09-17,3.84,3.99,3.73,3.98,120400,3.98
2012-09-14,3.82,3.98,3.82,3.86,1000900,3.86
2012-09-13,3.78,3.85,3.78,3.79,290100,3.79
2012-09-12,3.80,3.87,3.78,3.79,193700,3.79
2012-09-11,3.82,3.88,3.74,3.76,411000,3.76
2012-09-10,3.83,3.865,3.75,3.80,546900,3.80
2012-09-07,3.91,3.91,3.82,3.87,505500,3.87
2012-09-06,3.89,3.94,3.83,3.87,471100,3.87
2012-09-05,3.91,3.95,3.84,3.86,373400,3.86
2012-09-04,3.92,3.97,3.87,3.93,398600,3.93
2012-09-03,3.94,3.94,3.94,3.94,000,3.94
2012-08-31,4.01,4.05,3.89,3.94,471100,3.94
2012-08-30,4.10,4.22,3.80,3.98,942100,3.98
2012-08-29,4.31,4.45,4.31,4.42,116800,4.42
2012-08-28,4.36,4.3899,4.29,4.30,228800,4.30
2012-08-27,4.35,4.40,4.27,4.34,295400,4.34
2012-08-24,4.30,4.38,4.15,4.32,247800,4.32
2012-08-23,4.13,4.46,4.13,4.32,741500,4.32
2012-08-22,4.07,4.1175,3.85,3.98,612900,3.98
2012-08-21,4.12,4.25,4.02,4.07,327100,4.07
2012-08-20,3.99,4.11,3.97,4.10,222700,4.10
2012-08-17,3.90,4.03,3.90,4.01,238600,4.01
2012-08-16,3.98,4.005,3.875,3.90,397000,3.90
2012-08-15,3.79,4.01,3.79,3.97,207600,3.97
2012-08-14,3.94,4.00,3.7295,3.78,280700,3.78
2012-08-13,3.90,3.96,3.77,3.91,266500,3.91
2012-08-10,4.04,4.06,3.86,3.89,283800,3.89
2012-08-09,3.98,4.05,3.93,4.03,244500,4.03
2012-08-08,3.95,4.12,3.95,3.99,257300,3.99
2012-08-07,4.03,4.10,3.90,3.95,476700,3.95
2012-08-06,4.03,4.23,4.01,4.02,448400,4.02
2012-08-03,4.10,4.18,3.99,4.01,514600,4.01
2012-08-02,4.11,4.19,4.02,4.07,289200,4.07
2012-08-01,4.24,4.38,4.11,4.11,377800,4.11
2012-07-31,4.21,4.33,4.21,4.24,376600,4.24
2012-07-30,4.41,4.42,4.24,4.25,441300,4.25
2012-07-27,4.20,4.44,4.05,4.40,341600,4.40
2012-07-26,4.25,4.26,4.14,4.19,427500,4.19
2012-07-25,4.25,4.26,4.10,4.19,503800,4.19
2012-07-24,4.17,4.35,4.09,4.33,567800,4.33
2012-07-23,4.26,4.29,4.09,4.15,540800,4.15
2012-07-20,4.26,4.35,4.18,4.35,548200,4.35
2012-07-19,4.32,4.3951,4.27,4.33,301300,4.33
2012-07-18,4.34,4.42,4.22,4.30,427800,4.30
2012-07-17,4.43,4.54,4.29,4.36,513100,4.36
2012-07-16,4.48,4.49,4.30,4.44,406600,4.44
2012-07-13,4.45,4.55,4.35,4.49,734300,4.49
2012-07-12,4.26,4.87,4.24,4.42,1350700,4.42
2012-07-11,4.00,4.34,3.94,4.29,386400,4.29
2012-07-10,3.98,4.07,3.94,3.98,216600,3.98
2012-07-09,3.98,4.08,3.91,3.95,201800,3.95
2012-07-06,3.67,4.03,3.56,3.99,400800,3.99
2012-07-05,3.73,3.79,3.66,3.67,178800,3.67
2012-07-04,3.75,3.75,3.75,3.75,000,3.75
2012-07-03,3.63,3.77,3.60,3.75,210500,3.75
2012-07-02,3.65,3.67,3.49,3.63,373400,3.63
2012-06-29,3.58,3.62,3.50,3.57,361900,3.57
2012-06-28,3.52,3.61,3.43,3.51,330900,3.51
2012-06-27,3.23,3.57,3.17,3.56,319100,3.56
2012-06-26,3.02,3.235,2.98,3.22,247000,3.22
2012-06-25,2.98,3.07,2.94,3.03,330000,3.03
2012-06-22,2.95,3.03,2.92,2.98,1976900,2.98
2012-06-21,2.90,2.94,2.89,2.92,207300,2.92
2012-06-20,2.88,2.93,2.86,2.91,185500,2.91
2012-06-19,2.90,2.99,2.83,2.89,527700,2.89
2012-06-18,2.94,2.96,2.85,2.90,270200,2.90
2012-06-15,2.92,2.99,2.88,2.96,411300,2.96
2012-06-14,2.99,3.00,2.91,2.93,306600,2.93
2012-06-13,3.10,3.15,2.97,2.98,308800,2.98
2012-06-12,3.06,3.13,3.00,3.13,214600,3.13
2012-06-11,2.96,3.13,2.91,3.04,316900,3.04
2012-06-08,2.80,2.98,2.73,2.95,165000,2.95
2012-06-07,2.81,2.88,2.79,2.80,197000,2.80
2012-06-06,2.78,2.85,2.78,2.80,125300,2.80
2012-06-05,2.78,2.84,2.71,2.76,324700,2.76
2012-06-04,2.73,2.78,2.68,2.78,269500,2.78
2012-06-01,2.74,2.759,2.67,2.71,250500,2.71
2012-05-31,2.77,2.80,2.70,2.75,368400,2.75
2012-05-30,2.73,2.78,2.68,2.75,222600,2.75
2012-05-29,2.75,2.81,2.56,2.76,223800,2.76
2012-05-28,2.72,2.72,2.72,2.72,000,2.72
2012-05-25,2.79,2.87,2.70,2.72,299300,2.72
2012-05-24,2.88,2.88,2.77,2.80,194700,2.80
2012-05-23,2.87,2.88,2.77,2.87,138500,2.87
2012-05-22,2.96,3.05,2.86,2.88,449300,2.88
2012-05-21,2.90,3.00,2.715,2.95,1134400,2.95
2012-05-18,3.06,3.09,2.85,2.90,389400,2.90
2012-05-17,2.90,3.12,2.90,3.10,635400,3.10
2012-05-16,2.825,2.95,2.80,2.90,660500,2.90
2012-05-15,2.89,2.90,2.81,2.81,158800,2.81
2012-05-14,2.85,2.89,2.85,2.88,177000,2.88
2012-05-11,2.84,2.87,2.82,2.86,229900,2.86
2012-05-10,2.88,2.99,2.85,2.86,192500,2.86
2012-05-09,2.87,2.90,2.80,2.86,388200,2.86
2012-05-08,3.03,3.05,2.865,2.90,519900,2.90
2012-05-07,2.96,3.07,2.815,3.07,1006800,3.07
2012-05-04,3.35,3.35,2.99,3.00,1171400,3.00
2012-05-03,3.52,3.61,3.47,3.60,286600,3.60
2012-05-02,3.57,3.61,3.48,3.54,394500,3.54
2012-05-01,3.68,3.69,3.58,3.62,358800,3.62
2012-04-30,3.69,3.70,3.63,3.685,356600,3.685
2012-04-27,3.61,3.68,3.58,3.68,190100,3.68
2012-04-26,3.63,3.69,3.55,3.60,270600,3.60
2012-04-25,3.54,3.63,3.52,3.62,397400,3.62
2012-04-24,3.40,3.52,3.40,3.52,201800,3.52
2012-04-23,3.47,3.54,3.37,3.39,592900,3.39
2012-04-20,3.45,3.50,3.30,3.50,188900,3.50
2012-04-19,3.38,3.48,3.34,3.40,232200,3.40
2012-04-18,3.45,3.45,3.32,3.34,237500,3.34
2012-04-17,3.34,3.485,3.30,3.44,422900,3.44
2012-04-16,3.40,3.42,3.25,3.30,311400,3.30
2012-04-13,3.45,3.46,3.325,3.36,207000,3.36
2012-04-12,3.48,3.54,3.43,3.45,201000,3.45
2012-04-11,3.42,3.52,3.37,3.47,309100,3.47
2012-04-10,3.34,3.40,3.29,3.37,718000,3.37
2012-04-09,3.49,3.51,3.3288,3.33,398600,3.33
2012-04-06,3.54,3.54,3.54,3.54,000,3.54
2012-04-05,3.49,3.54,3.45,3.54,260700,3.54
2012-04-04,3.54,3.58,3.46,3.51,413300,3.51
2012-04-03,3.56,3.63,3.54,3.57,322300,3.57
2012-04-02,3.68,3.70,3.55,3.55,480700,3.55
2012-03-30,3.66,3.75,3.60,3.70,1721200,3.70
2012-03-29,3.72,3.73,3.58,3.62,298400,3.62
2012-03-28,3.79,3.86,3.73,3.73,451400,3.73
2012-03-27,3.80,3.88,3.74,3.77,396000,3.77
2012-03-26,3.62,3.85,3.62,3.77,1122100,3.77
2012-03-23,3.53,3.62,3.47,3.575,311000,3.575
2012-03-22,3.61,3.62,3.50,3.535,138300,3.535
2012-03-21,3.68,3.72,3.62,3.63,180900,3.63
2012-03-20,3.63,3.69,3.60,3.66,139600,3.66
2012-03-19,3.70,3.76,3.60,3.66,267500,3.66
2012-03-16,3.55,3.74,3.50,3.71,916300,3.71
2012-03-15,3.52,3.575,3.46,3.54,768500,3.54
2012-03-14,3.65,3.65,3.44,3.51,430400,3.51
2012-03-13,3.86,3.86,3.525,3.67,593700,3.67
2012-03-12,3.85,3.88,3.71,3.79,275900,3.79
2012-03-09,3.90,4.05,3.85,3.87,287900,3.87
2012-03-08,3.64,3.98,3.632,3.89,1034300,3.89
2012-03-07,3.59,3.66,3.54,3.56,169700,3.56
2012-03-06,3.63,3.66,3.51,3.57,226500,3.57
2012-03-05,3.68,3.75,3.61,3.67,248500,3.67
2012-03-02,3.77,3.81,3.57,3.66,472400,3.66
2012-03-01,3.78,3.92,3.75,3.75,216900,3.75
2012-02-29,3.90,4.03,3.75,3.75,467700,3.75
2012-02-28,4.09,4.10,3.85,3.88,314800,3.88
2012-02-27,4.17,4.19,4.0509,4.11,203800,4.11
2012-02-24,4.23,4.26,4.15,4.20,318300,4.20
2012-02-23,3.86,4.25,3.79,4.22,273200,4.22
2012-02-22,3.89,3.97,3.86,3.86,216100,3.86
2012-02-21,4.12,4.135,3.88,3.89,225500,3.89
2012-02-20,4.12,4.12,4.12,4.12,000,4.12
2012-02-17,4.16,4.19,4.06,4.12,217800,4.12
2012-02-16,3.98,4.17,3.97,4.16,151700,4.16
2012-02-15,4.05,4.11,3.97,3.98,222000,3.98
2012-02-14,4.20,4.21,4.0099,4.06,215300,4.06
2012-02-13,4.09,4.25,4.03,4.23,259300,4.23
2012-02-10,4.20,4.24,3.98,4.03,243400,4.03
2012-02-09,4.21,4.28,4.16,4.22,203500,4.22
2012-02-08,4.26,4.32,4.065,4.19,393500,4.19
2012-02-07,4.33,4.33,4.22,4.27,268400,4.27
2012-02-06,4.27,4.37,4.25,4.26,269200,4.26
2012-02-03,4.29,4.29,4.20,4.27,344800,4.27
2012-02-02,4.23,4.29,4.19,4.22,234900,4.22
2012-02-01,4.17,4.25,4.11,4.19,379400,4.19
2012-01-31,4.21,4.25,4.07,4.17,290800,4.17
2012-01-30,4.20,4.23,4.055,4.19,463500,4.19
2012-01-27,4.15,4.21,4.13,4.21,182600,4.21
2012-01-26,4.29,4.30,4.05,4.16,729900,4.16
2012-01-25,4.07,4.29,3.97,4.27,561000,4.27
2012-01-24,3.90,4.07,3.88,4.06,203300,4.06
2012-01-23,3.97,3.99,3.88,3.92,231400,3.92
2012-01-20,3.97,3.99,3.91,3.98,185600,3.98
2012-01-19,3.94,3.99,3.88,3.98,126100,3.98
2012-01-18,3.84,4.105,3.83,3.93,551200,3.93
2012-01-17,4.06,4.09,3.83,3.835,307200,3.835
2012-01-16,4.02,4.02,4.02,4.02,000,4.02
2012-01-13,4.16,4.19,3.97,4.02,398200,4.02
2012-01-12,4.16,4.22,4.09,4.21,173000,4.21
2012-01-11,4.08,4.16,4.00,4.15,391500,4.15
2012-01-10,4.11,4.14,3.98,4.09,430800,4.09
2012-01-09,4.00,4.215,3.95,4.06,355000,4.06
2012-01-06,4.01,4.14,3.91,4.01,348100,4.01
2012-01-05,3.92,4.05,3.83,4.03,252900,4.03
2012-01-04,4.02,4.08,3.93,3.94,212000,3.94
2012-01-03,4.00,4.14,3.93,4.03,398600,4.03
2012-01-02,3.95,3.95,3.95,3.95,000,3.95
2011-12-30,3.76,3.95,3.72,3.95,437000,3.95
2011-12-29,3.55,3.79,3.50,3.78,301300,3.78
2011-12-28,3.59,3.59,3.41,3.55,554600,3.55
2011-12-27,3.62,3.66,3.52,3.60,328700,3.60
2011-12-26,3.65,3.65,3.65,3.65,000,3.65
2011-12-23,3.68,3.71,3.585,3.65,316300,3.65
2011-12-22,3.80,3.82,3.61,3.70,377000,3.70
2011-12-21,3.81,3.82,3.67,3.80,243900,3.80
2011-12-20,3.70,3.81,3.60,3.80,528200,3.80
2011-12-19,3.82,3.88,3.64,3.65,344400,3.65
2011-12-16,3.75,3.82,3.66,3.80,1935500,3.80
2011-12-15,3.67,3.75,3.60,3.74,393600,3.74
2011-12-14,3.71,3.74,3.53,3.66,349700,3.66
2011-12-13,3.81,3.90,3.69,3.72,363300,3.72
2011-12-12,4.13,4.13,3.65,3.83,444800,3.83
2011-12-09,4.00,4.05,3.89,3.91,805900,3.91
2011-12-08,4.14,4.21,3.93,3.95,280600,3.95
2011-12-07,4.29,4.31,4.17,4.19,172300,4.19
2011-12-06,4.24,4.39,4.14,4.31,187300,4.31
2011-12-05,4.49,4.58,4.17,4.26,288600,4.26
2011-12-02,4.30,4.50,4.19,4.45,317400,4.45
2011-12-01,4.37,4.45,4.26,4.28,329500,4.28
2011-11-30,4.30,4.41,4.22,4.39,655800,4.39
2011-11-29,4.26,4.28,4.07,4.21,641000,4.21
2011-11-28,4.20,4.31,4.13,4.30,517900,4.30
2011-11-25,4.14,4.21,4.04,4.08,121000,4.08
2011-11-24,4.16,4.16,4.16,4.16,000,4.16
2011-11-23,4.61,4.61,4.16,4.16,942700,4.16
2011-11-22,4.55,4.61,4.42,4.56,1208500,4.56
2011-11-21,4.35,4.629,4.06,4.47,1004800,4.47
2011-11-18,4.05,4.23,4.00,4.17,733800,4.17
2011-11-17,3.85,4.15,3.80,3.98,1597300,3.98
2011-11-16,3.74,3.84,3.74,3.79,1894700,3.79
2011-11-15,3.63,3.82,3.63,3.76,9618300,3.76
2011-11-14,4.92,4.92,3.95,3.97,1383600,3.97
2011-11-11,4.98,5.11,4.89,5.06,201200,5.06
2011-11-10,4.76,5.04,4.65,4.96,210100,4.96
2011-11-09,4.99,5.10,4.57,4.69,323000,4.69
2011-11-08,5.10,5.10,5.00,5.09,153100,5.09
2011-11-07,5.02,5.105,4.98,5.10,349300,5.10
2011-11-04,5.86,5.86,4.90,5.00,811400,5.00
2011-11-03,5.76,5.78,5.65,5.73,168400,5.73
2011-11-02,5.74,5.90,5.69,5.72,214700,5.72
2011-11-01,5.68,5.80,5.51,5.72,322700,5.72
2011-10-31,5.86,5.9201,5.80,5.83,295700,5.83
2011-10-28,5.87,5.89,5.76,5.86,247000,5.86
2011-10-27,5.84,5.89,5.73,5.87,345400,5.87
2011-10-26,5.76,5.76,5.47,5.73,415600,5.73
2011-10-25,5.80,5.80,5.55,5.70,447500,5.70
2011-10-24,5.89,5.90,5.74,5.81,195800,5.81
2011-10-21,5.91,5.91,5.72,5.87,293100,5.87
2011-10-20,5.85,5.89,5.76,5.80,270200,5.80
2011-10-19,5.93,5.93,5.75,5.86,354300,5.86
2011-10-18,5.96,6.01,5.69,5.91,352300,5.91
2011-10-17,6.05,6.12,5.91,5.96,168300,5.96
2011-10-14,6.07,6.49,6.00,6.06,243400,6.06
2011-10-13,6.14,6.2594,6.00,6.01,350800,6.01
2011-10-12,6.51,6.62,6.12,6.19,524800,6.19
2011-10-11,6.51,6.615,6.43,6.45,133300,6.45
2011-10-10,6.41,6.59,6.33,6.53,146200,6.53
2011-10-07,6.55,6.63,6.33,6.35,154100,6.35
2011-10-06,6.49,6.63,6.46,6.53,149900,6.53
2011-10-05,6.96,6.99,6.44,6.52,177700,6.52
2011-10-04,6.45,6.99,6.32,6.94,343600,6.94
2011-10-03,6.48,6.73,6.45,6.46,216900,6.46
2011-09-30,6.43,6.65,6.28,6.55,179400,6.55
2011-09-29,6.63,6.63,6.15,6.50,185700,6.50
2011-09-28,6.80,6.96,6.41,6.50,229600,6.50
2011-09-27,6.90,7.00,6.75,6.78,151900,6.78
2011-09-26,6.56,6.80,6.51,6.73,144500,6.73
2011-09-23,6.35,6.80,6.26,6.55,289800,6.55
2011-09-22,5.80,6.50,5.80,6.35,389900,6.35
2011-09-21,6.17,6.40,5.80,5.80,268200,5.80
2011-09-20,6.39,6.54,6.14,6.16,139600,6.16
2011-09-19,6.51,6.69,6.26,6.37,177300,6.37
2011-09-16,6.70,6.71,6.44,6.63,184100,6.63
2011-09-15,6.68,6.86,6.45,6.65,109700,6.65
2011-09-14,6.49,7.78,6.39,6.57,442500,6.57
2011-09-13,6.37,6.51,6.34,6.48,120800,6.48
2011-09-12,6.26,6.49,6.20,6.34,137400,6.34
2011-09-09,6.41,6.48,6.17,6.32,212500,6.32
2011-09-08,6.78,6.83,6.44,6.47,208000,6.47
2011-09-07,6.46,6.83,6.3807,6.75,360800,6.75
2011-09-06,6.00,6.37,5.99,6.36,524900,6.36
2011-09-02,6.30,6.65,6.10,6.13,199100,6.13
2011-09-01,6.63,6.69,6.37,6.41,206100,6.41
2011-08-31,6.55,6.77,6.38,6.54,219800,6.54
2011-08-30,6.36,6.54,6.24,6.53,241400,6.53
2011-08-29,6.33,6.49,6.32,6.40,196800,6.40
2011-08-26,6.26,6.38,6.11,6.28,186300,6.28
2011-08-25,6.41,6.45,6.24,6.31,261700,6.31
2011-08-24,6.85,6.85,6.11,6.38,676100,6.38
2011-08-23,6.80,7.00,6.73,6.93,278800,6.93
2011-08-22,6.96,6.96,6.57,6.76,646800,6.76
2011-08-19,6.90,7.00,6.74,6.84,213300,6.84
2011-08-18,6.98,6.981,6.70,6.88,300800,6.88
2011-08-17,7.09,7.23,6.85,7.12,612000,7.12
2011-08-16,7.10,7.125,6.90,7.04,257300,7.04
2011-08-15,7.08,7.22,6.751,7.15,229400,7.15
2011-08-12,6.99,7.22,6.90,7.00,1054100,7.00
2011-08-11,6.98,7.07,6.71,6.89,377600,6.89
2011-08-10,7.49,7.49,6.95,6.97,626600,6.97
2011-08-09,7.38,7.62,6.53,7.62,699600,7.62
2011-08-08,7.44,7.78,7.20,7.20,587000,7.20
2011-08-05,7.74,7.80,7.33,7.74,301500,7.74
2011-08-04,8.20,8.33,7.45,7.77,528700,7.77
2011-08-03,8.65,8.65,8.17,8.57,493200,8.57
2011-08-02,8.91,9.149,8.64,8.66,170200,8.66
2011-08-01,8.70,9.125,8.54,8.89,257600,8.89
2011-07-29,8.28,8.71,8.28,8.65,229800,8.65
2011-07-28,8.53,8.81,8.41,8.42,225100,8.42
2011-07-27,8.57,8.67,8.45,8.50,250500,8.50
2011-07-26,8.47,8.86,8.46,8.62,318000,8.62
2011-07-25,8.46,8.69,8.44,8.48,203700,8.48
2011-07-22,8.50,8.70,8.48,8.55,629100,8.55
2011-07-21,8.50,8.54,8.40,8.51,475000,8.51
2011-07-20,8.53,8.54,8.28,8.50,376500,8.50
2011-07-19,8.56,8.64,8.38,8.55,354400,8.55
2011-07-18,8.57,8.65,8.39,8.54,177800,8.54
2011-07-15,8.76,8.85,8.55,8.62,249500,8.62
2011-07-14,8.93,8.93,8.60,8.67,330100,8.67
2011-07-13,8.93,9.05,8.82,8.93,175300,8.93
2011-07-12,8.95,9.08,8.84,8.92,270700,8.92
2011-07-11,8.99,9.03,8.90,8.95,197300,8.95
2011-07-08,8.93,9.27,8.93,9.06,207600,9.06
2011-07-07,9.25,9.32,8.93,8.98,245700,8.98
2011-07-06,9.27,9.29,9.10,9.18,117000,9.18
2011-07-05,9.26,9.34,9.10,9.25,138000,9.25
2011-07-01,9.10,9.47,8.98,9.29,322600,9.29
2011-06-30,9.11,9.37,8.47,9.20,848800,9.20
2011-06-29,9.21,9.25,8.91,9.15,221000,9.15
2011-06-28,9.22,9.25,9.04,9.21,181800,9.21
2011-06-27,9.23,9.50,9.06,9.22,320100,9.22
2011-06-24,9.19,9.75,8.98,9.28,1090600,9.28
2011-06-23,9.30,9.35,9.08,9.15,424400,9.15
2011-06-22,9.45,9.54,9.34,9.41,187400,9.41
2011-06-21,9.19,9.50,9.05,9.46,265800,9.46
2011-06-20,8.90,9.37,8.83,9.12,438700,9.12
2011-06-17,9.17,9.25,8.63,8.86,351900,8.86
2011-06-16,9.24,9.34,8.94,9.13,221900,9.13
2011-06-15,9.43,9.54,9.1701,9.25,183600,9.25
2011-06-14,9.75,9.75,9.42,9.52,227000,9.52
2011-06-13,9.25,9.79,9.18,9.67,315100,9.67
2011-06-10,9.11,9.34,9.00,9.29,270500,9.29
2011-06-09,9.35,9.602,9.13,9.15,257400,9.15
2011-06-08,9.44,9.65,9.26,9.32,421400,9.32
2011-06-07,9.49,9.79,9.31,9.51,304800,9.51
2011-06-06,9.80,9.89,9.28,9.32,387900,9.32
2011-06-03,9.50,9.88,9.42,9.80,371700,9.80
2011-06-02,9.87,9.93,9.50,9.58,417400,9.58
2011-06-01,9.56,10.00,9.45,9.86,521300,9.86
2011-05-31,9.77,9.88,9.56,9.64,1071200,9.64
2011-05-27,9.92,9.95,9.46,9.65,1152700,9.65
2011-05-26,9.38,9.94,9.15,9.92,1089400,9.92
2011-05-25,8.88,9.45,8.81,9.35,938500,9.35
2011-05-24,8.52,9.01,8.38,8.92,808800,8.92
2011-05-23,8.50,8.61,8.25,8.52,573800,8.52
2011-05-20,7.86,9.00,7.81,8.61,1042400,8.61
2011-05-19,7.79,7.98,7.61,7.91,415000,7.91
2011-05-18,7.69,7.85,7.57,7.73,598400,7.73
2011-05-17,7.49,7.62,7.45,7.54,843000,7.54
2011-05-16,7.70,7.70,7.51,7.55,511200,7.55
2011-05-13,7.78,7.80,7.5595,7.72,623300,7.72
2011-05-12,7.45,7.80,7.27,7.76,935500,7.76
2011-05-11,7.32,7.34,7.15,7.21,383000,7.21
2011-05-10,7.15,7.37,6.9401,7.30,485100,7.30
2011-05-09,7.35,7.35,6.97,7.10,688100,7.10
2011-05-06,7.93,7.97,7.2702,7.34,854400,7.34
2011-05-05,8.92,8.92,7.50,7.84,1448500,7.84
2011-05-04,8.26,8.50,8.09,8.30,932600,8.30
2011-05-03,8.39,8.44,8.19,8.27,309500,8.27
2011-05-02,8.48,8.58,8.30,8.41,596500,8.41
2011-04-29,8.02,8.52,7.93,8.48,782500,8.48
2011-04-28,8.04,8.1587,7.98,8.01,312700,8.01
2011-04-27,8.10,8.16,8.03,8.08,319300,8.08
2011-04-26,8.07,8.1899,8.04,8.08,213000,8.08
2011-04-25,8.07,8.11,7.97,8.03,302100,8.03
2011-04-21,8.20,8.21,8.04,8.07,376700,8.07
2011-04-20,8.19,8.21,7.97,8.16,306300,8.16
2011-04-19,8.28,8.29,8.01,8.11,433200,8.11
2011-04-18,8.27,8.30,8.07,8.25,245900,8.25
2011-04-15,8.34,8.43,8.26,8.31,322600,8.31
2011-04-14,8.53,8.54,8.30,8.36,322700,8.36
2011-04-13,8.75,8.94,8.51,8.57,265900,8.57
2011-04-12,8.93,8.93,8.61,8.72,321100,8.72
2011-04-11,8.95,9.03,8.88,8.98,220100,8.98
2011-04-08,9.10,9.25,8.88,8.98,235200,8.98
2011-04-07,9.29,9.30,8.91,8.93,250700,8.93
2011-04-06,9.57,9.5736,9.17,9.27,196700,9.27
2011-04-05,9.45,9.63,9.33,9.49,214500,9.49
2011-04-04,9.60,9.75,9.385,9.45,357800,9.45
2011-04-01,9.20,9.60,9.15,9.54,552600,9.54
2011-03-31,9.13,9.21,9.04,9.18,467600,9.18
2011-03-30,9.08,9.15,9.03,9.13,376600,9.13
2011-03-29,9.01,9.10,8.96,9.04,803500,9.04
2011-03-28,9.02,9.10,8.97,9.03,364800,9.03
2011-03-25,9.10,9.10,8.95,9.02,332700,9.02
2011-03-24,9.03,9.10,8.91,9.075,99600,9.075
2011-03-23,9.02,9.04,8.81,8.96,164500,8.96
2011-03-22,9.10,9.10,8.90,9.00,376600,9.00
2011-03-21,8.92,9.14,8.8998,9.09,244300,9.09
2011-03-18,8.82,8.94,8.75,8.85,299200,8.85
2011-03-17,8.70,8.92,8.61,8.73,383000,8.73
2011-03-16,8.73,8.80,8.53,8.55,281100,8.55
2011-03-15,8.76,8.81,8.51,8.72,218100,8.72
2011-03-14,8.70,8.84,8.66,8.76,235100,8.76
2011-03-11,8.83,9.08,8.44,8.74,852900,8.74
2011-03-10,8.67,8.83,8.50,8.79,470700,8.79
2011-03-09,8.40,8.77,8.387,8.71,578400,8.71
2011-03-08,8.58,8.59,8.21,8.44,518700,8.44
2011-03-07,8.79,8.79,8.25,8.51,851300,8.51
2011-03-04,8.00,9.00,8.00,8.62,2451300,8.62
2011-03-03,7.47,7.64,7.44,7.51,150000,7.51
2011-03-02,7.44,7.49,7.34,7.38,190300,7.38
2011-03-01,7.55,7.66,7.4069,7.46,323000,7.46
2011-02-28,7.65,7.85,7.47,7.51,254300,7.51
2011-02-25,7.50,7.61,7.45,7.61,254200,7.61
2011-02-24,7.38,7.54,7.31,7.46,266700,7.46
2011-02-23,7.67,7.78,7.38,7.38,209300,7.38
2011-02-22,7.90,8.001,7.64,7.66,354100,7.66
2011-02-18,8.19,8.42,7.87,8.02,693200,8.02
2011-02-17,7.62,8.15,7.62,8.14,581100,8.14
2011-02-16,7.47,7.65,7.47,7.63,320200,7.63
2011-02-15,7.33,7.601,7.305,7.40,513700,7.40
2011-02-14,7.40,7.58,7.31,7.34,238500,7.34
2011-02-11,7.16,7.49,7.15,7.42,372800,7.42
2011-02-10,7.25,7.29,7.05,7.1695,191500,7.1695
2011-02-09,7.19,7.25,7.12,7.21,179500,7.21
2011-02-08,7.30,7.32,7.20,7.23,208200,7.23
2011-02-07,7.36,7.47,7.26,7.29,245400,7.29
2011-02-04,7.40,7.44,7.28,7.33,226800,7.33
2011-02-03,7.39,7.46,7.22,7.4225,266100,7.4225
2011-02-02,7.74,7.78,7.31,7.37,277500,7.37
2011-02-01,7.85,7.85,7.66,7.70,404500,7.70
2011-01-31,7.65,7.81,7.51,7.765,982100,7.765
2011-01-28,7.64,7.64,7.22,7.29,369000,7.29
2011-01-27,7.71,7.87,7.59,7.63,235500,7.63
2011-01-26,7.30,7.95,7.25,7.73,522600,7.73
2011-01-25,7.35,7.38,7.20,7.29,188900,7.29
2011-01-24,7.30,7.38,7.24,7.34,364700,7.34
2011-01-21,7.34,7.40,7.14,7.20,997800,7.20
2011-01-20,7.50,7.50,7.28,7.29,502200,7.29
2011-01-19,7.24,7.53,7.225,7.46,1101900,7.46
2011-01-18,7.30,7.33,7.15,7.19,632100,7.19
2011-01-14,7.19,7.315,7.15,7.30,171300,7.30
2011-01-13,7.25,7.27,7.15,7.19,240500,7.19
2011-01-12,7.29,7.37,7.24,7.25,262700,7.25
2011-01-11,7.33,7.39,7.23,7.28,416200,7.28
2011-01-10,7.32,7.40,7.22,7.30,328400,7.30
2011-01-07,7.49,7.49,7.23,7.38,306100,7.38
2011-01-06,7.44,7.57,7.33,7.45,424400,7.45
2011-01-05,7.25,7.49,7.19,7.46,141200,7.46
2011-01-04,7.47,7.49,7.25,7.27,206500,7.27
2011-01-03,7.64,7.72,7.37,7.43,296800,7.43
2010-12-31,7.50,7.62,7.45,7.55,188800,7.55
2010-12-30,7.56,7.65,7.52,7.54,100000,7.54
2010-12-29,7.71,7.7882,7.56,7.57,90900,7.57
2010-12-28,7.94,7.94,7.64,7.71,264200,7.71
2010-12-27,7.71,7.99,7.71,7.91,221400,7.91
2010-12-23,7.50,8.05,7.50,7.70,415800,7.70
2010-12-22,7.42,7.54,7.42,7.50,232800,7.50
2010-12-21,7.43,7.45,7.32,7.42,186700,7.42
2010-12-20,7.51,7.55,7.40,7.40,328600,7.40
2010-12-17,7.64,7.64,7.47,7.51,1155000,7.51
2010-12-16,7.91,7.91,7.56,7.62,401000,7.62
2010-12-15,7.88,7.94,7.80,7.86,305000,7.86
2010-12-14,7.88,8.00,7.77,7.8625,285700,7.8625
2010-12-13,7.91,7.94,7.74,7.79,278900,7.79
2010-12-10,7.89,8.02,7.74,7.89,400200,7.89
2010-12-09,7.97,8.00,7.76,7.88,501000,7.88
2010-12-08,7.79,8.00,7.7101,7.91,638100,7.91
2010-12-07,7.70,7.78,7.60,7.76,483500,7.76
2010-12-06,7.61,7.65,7.55,7.64,140800,7.64
2010-12-03,7.48,7.66,7.46,7.65,368200,7.65
2010-12-02,7.49,7.61,7.4501,7.57,656000,7.57
2010-12-01,7.28,7.55,7.16,7.50,552000,7.50
2010-11-30,7.27,7.32,7.131,7.17,548800,7.17
2010-11-29,7.47,7.475,7.25,7.35,429400,7.35
2010-11-26,7.53,7.59,7.47,7.48,94400,7.48
2010-11-24,7.52,7.62,7.40,7.57,300200,7.57
2010-11-23,7.59,7.69,7.39,7.46,601100,7.46
2010-11-22,7.78,7.80,7.45,7.68,305400,7.68
2010-11-19,7.98,7.99,7.53,7.80,714700,7.80
2010-11-18,8.02,8.02,7.90,7.95,553300,7.95
2010-11-17,8.00,8.05,7.77,7.86,1324800,7.86
2010-11-16,8.03,8.18,7.89,7.95,1863600,7.95
2010-11-15,8.03,8.20,8.00,8.05,537300,8.05
2010-11-12,8.01,8.19,7.99,8.04,896800,8.04
2010-11-11,8.28,8.47,8.07,8.11,3051400,8.11
2010-11-10,8.00,8.35,7.77,8.28,1036100,8.28
2010-11-09,8.09,8.11,7.89,8.00,353400,8.00
2010-11-08,7.60,8.10,7.60,8.04,383500,8.04
2010-11-05,8.10,8.10,7.69,7.90,451100,7.90
2010-11-04,7.83,8.05,7.60,8.00,1012700,8.00
2010-11-03,7.74,8.38,7.51,7.80,5300300,7.80
2010-11-02,9.23,9.23,8.83,8.97,1258300,8.97
2010-11-01,9.00,9.35,9.00,9.05,726700,9.05
2010-10-29,8.93,9.05,8.81,8.88,258000,8.88
2010-10-28,8.87,9.00,8.6019,8.93,193500,8.93
2010-10-27,8.85,9.00,8.75,8.80,384000,8.80
2010-10-26,8.80,9.35,8.75,8.96,445600,8.96
2010-10-25,8.85,8.95,8.67,8.72,297700,8.72
2010-10-22,8.79,8.97,8.65,8.78,620100,8.78
2010-10-21,9.27,9.35,8.67,8.77,837800,8.77
2010-10-20,9.53,9.55,9.07,9.20,597000,9.20
2010-10-19,9.63,9.68,9.47,9.55,296900,9.55
2010-10-18,9.69,9.75,9.50,9.65,395500,9.65
2010-10-15,9.75,9.80,9.60,9.69,351300,9.69
2010-10-14,9.69,9.80,9.46,9.63,325700,9.63
2010-10-13,9.56,9.83,9.55,9.66,414700,9.66
2010-10-12,9.26,9.70,9.22,9.55,479200,9.55
2010-10-11,9.79,9.9596,9.16,9.26,416300,9.26
2010-10-08,9.29,10.00,9.21,9.78,1374200,9.78
2010-10-07,8.90,9.13,8.75,9.04,324700,9.04
2010-10-06,8.73,8.80,8.64,8.75,294900,8.75
2010-10-05,8.44,8.77,8.35,8.73,392300,8.73
2010-10-04,8.41,8.45,8.29,8.40,216700,8.40
2010-10-01,8.44,8.47,8.30,8.41,164200,8.41
2010-09-30,8.33,8.60,8.23,8.35,365900,8.35
2010-09-29,8.30,8.58,8.22,8.26,314800,8.26
2010-09-28,8.22,8.3391,8.14,8.30,173700,8.30
2010-09-27,8.39,8.50,8.20,8.22,141000,8.22
2010-09-24,8.27,8.40,8.20,8.36,160400,8.36
2010-09-23,8.18,8.30,8.10,8.16,89000,8.16
2010-09-22,8.08,8.32,8.02,8.23,162200,8.23
2010-09-21,8.32,8.44,8.05,8.10,362400,8.10
2010-09-20,7.90,8.285,7.86,8.27,303500,8.27
2010-09-17,7.86,8.00,7.79,7.85,492700,7.85
2010-09-16,8.05,8.05,7.75,7.78,237500,7.78
2010-09-15,8.14,8.1499,8.00,8.02,114100,8.02
2010-09-14,8.45,8.45,8.12,8.14,144200,8.14
2010-09-13,8.31,8.45,8.29,8.42,180900,8.42
2010-09-10,8.15,8.29,8.05,8.19,273300,8.19
2010-09-09,8.28,8.28,8.00,8.10,159200,8.10
2010-09-08,8.10,8.39,8.03,8.16,311600,8.16
2010-09-07,8.10,8.14,8.05,8.06,132200,8.06
2010-09-03,8.11,8.15,7.97,8.11,94100,8.11
2010-09-02,8.08,8.08,7.86,8.02,74400,8.02
2010-09-01,7.99,8.06,7.82,8.03,152300,8.03
2010-08-31,7.96,8.10,7.80,7.90,221300,7.90
2010-08-30,8.16,8.32,7.925,7.99,194700,7.99
2010-08-27,8.30,8.30,7.98,8.21,105200,8.21
2010-08-26,8.33,8.33,8.10,8.20,131500,8.20
2010-08-25,8.02,8.33,7.935,8.28,278200,8.28
2010-08-24,8.14,8.58,7.99,8.09,211600,8.09
2010-08-23,7.96,8.43,7.88,8.21,299000,8.21
2010-08-20,7.82,7.90,7.75,7.89,199400,7.89
2010-08-19,7.80,8.01,7.80,7.83,191000,7.83
2010-08-18,7.81,7.94,7.81,7.86,51500,7.86
2010-08-17,7.97,7.97,7.76,7.86,212100,7.86
2010-08-16,7.80,7.92,7.745,7.88,214800,7.88
2010-08-13,7.83,7.87,7.66,7.81,103300,7.81
2010-08-12,7.58,8.02,7.58,7.88,112800,7.88
2010-08-11,7.85,7.85,7.51,7.72,163400,7.72
2010-08-10,7.91,8.16,7.91,7.96,248300,7.96
2010-08-09,7.85,8.04,7.85,8.01,106900,8.01
2010-08-06,7.70,7.84,7.545,7.78,122300,7.78
2010-08-05,7.74,7.90,7.70,7.78,60200,7.78
2010-08-04,7.74,7.94,7.71,7.78,77800,7.78
2010-08-03,7.74,8.00,7.68,7.68,96600,7.68
2010-08-02,7.79,8.12,7.71,7.75,160500,7.75
2010-07-30,7.17,7.74,7.17,7.66,115400,7.66
2010-07-29,7.36,7.38,7.17,7.28,43800,7.28
2010-07-28,7.49,7.77,7.28,7.31,156800,7.31
2010-07-27,7.56,7.79,7.49,7.50,87900,7.50
2010-07-26,7.24,8.08,7.24,7.51,170200,7.51
2010-07-23,6.93,7.27,6.81,7.20,109200,7.20
2010-07-22,6.73,6.99,6.61,6.98,93600,6.98
2010-07-21,6.88,6.98,6.59,6.65,74900,6.65
2010-07-20,6.78,6.91,6.72,6.85,79700,6.85
2010-07-19,6.79,6.95,6.76,6.87,93900,6.87
2010-07-16,7.05,7.06,6.78,6.79,134400,6.79
2010-07-15,7.13,7.20,6.92,7.09,55500,7.09
2010-07-14,7.11,7.21,7.04,7.14,60400,7.14
2010-07-13,7.24,7.24,6.95,7.15,129600,7.15
2010-07-12,7.19,7.30,7.11,7.14,56700,7.14
2010-07-09,7.18,7.24,7.10,7.20,219700,7.20
2010-07-08,7.29,7.34,7.15,7.20,610100,7.20
2010-07-07,7.04,7.13,6.93,7.11,166900,7.11
2010-07-06,7.14,7.14,6.95,7.04,341300,7.04
2010-07-02,7.17,7.17,6.89,7.03,138200,7.03
2010-07-01,6.99,7.22,6.85,7.06,217200,7.06
2010-06-30,7.08,7.365,6.83,7.01,293000,7.01
2010-06-29,6.91,7.33,6.76,7.06,422400,7.06
2010-06-28,7.03,7.25,6.695,7.03,647000,7.03
2010-06-25,6.48,7.24,6.41,7.07,265000,7.07
2010-06-24,6.52,6.55,6.32,6.44,176500,6.44
2010-06-23,6.57,6.65,6.29,6.53,324900,6.53
2010-06-22,6.92,7.02,6.54,6.56,244200,6.56
2010-06-21,7.26,7.2905,6.84,6.87,122500,6.87
2010-06-18,7.35,7.36,7.07,7.19,494300,7.19
2010-06-17,7.20,7.39,7.11,7.30,159300,7.30
2010-06-16,7.05,7.24,7.03,7.16,96900,7.16
2010-06-15,7.10,7.19,6.97,7.12,137100,7.12
2010-06-14,7.05,7.16,7.00,7.02,97900,7.02
2010-06-11,7.00,7.15,6.86,7.06,112900,7.06
2010-06-10,7.02,7.06,6.90,7.045,112300,7.045
2010-06-09,6.98,7.13,6.82,6.91,116700,6.91
2010-06-08,7.26,7.37,6.84,6.91,247700,6.91
2010-06-07,7.12,7.40,6.94,7.05,208500,7.05
2010-06-04,7.13,7.26,7.04,7.07,267500,7.07
2010-06-03,7.25,7.43,7.12,7.29,331800,7.29
2010-06-02,7.55,7.6345,7.14,7.14,990700,7.14
2010-06-01,7.54,7.63,7.28,7.28,542600,7.28
2010-05-28,7.78,8.00,7.56,7.93,189300,7.93
2010-05-27,7.86,7.95,7.44,7.82,188200,7.82
2010-05-26,7.76,7.98,7.50,7.57,185100,7.57
2010-05-25,7.87,7.87,7.41,7.69,168700,7.69
2010-05-24,8.18,8.25,7.75,7.81,168900,7.81
2010-05-21,7.79,8.20,7.54,7.99,413200,7.99
2010-05-20,8.625,8.704,7.97,7.99,273400,7.99
2010-05-19,8.67,8.8501,8.52,8.77,184500,8.77
2010-05-18,8.88,8.89,8.55,8.70,152600,8.70
2010-05-17,8.75,8.82,8.40,8.76,267400,8.76
2010-05-14,9.09,9.15,8.94,9.09,333600,9.09
2010-05-13,9.25,9.41,9.08,9.17,548500,9.17
2010-05-12,9.26,9.41,9.07,9.30,180600,9.30
2010-05-11,8.98,9.40,8.838,9.08,256800,9.08
2010-05-10,9.41,9.74,8.78,8.90,233400,8.90
2010-05-07,9.31,9.85,8.75,8.80,404900,8.80
2010-05-06,10.01,10.14,9.25,9.30,271600,9.30
2010-05-05,9.91,10.12,9.81,10.03,164000,10.03
2010-05-04,9.75,10.13,9.63,10.04,361700,10.04
2010-05-03,10.20,10.25,9.67,9.89,195200,9.89
2010-04-30,10.07,10.442,9.66,9.80,339800,9.80
2010-04-29,10.00,10.05,9.74,10.02,88300,10.02
2010-04-28,9.73,10.24,9.55,9.90,222300,9.90
2010-04-27,9.85,9.96,9.49,9.49,223000,9.49
2010-04-26,10.02,10.14,9.71,9.83,358700,9.83
2010-04-23,9.92,10.00,9.82,10.00,117400,10.00
2010-04-22,10.10,10.13,9.79,9.85,141200,9.85
2010-04-21,10.31,10.46,9.98,10.09,215100,10.09
2010-04-20,10.36,10.50,10.15,10.38,295200,10.38
2010-04-19,9.525,10.63,9.47,10.45,1394200,10.45
2010-04-16,8.97,9.29,8.93,9.19,218200,9.19
2010-04-15,9.30,9.43,9.18,9.36,154200,9.36
2010-04-14,9.34,9.35,9.21,9.33,147000,9.33
2010-04-13,9.48,9.49,9.24,9.27,193700,9.27
2010-04-12,9.29,9.75,9.23,9.45,203600,9.45
2010-04-09,9.52,9.52,9.18,9.26,161700,9.26
2010-04-08,9.65,9.78,9.50,9.54,102900,9.54
2010-04-07,9.65,9.88,9.31,9.68,231400,9.68
2010-04-06,9.03,9.71,8.9708,9.71,259100,9.71
2010-04-05,9.01,9.18,8.95,9.03,144800,9.03
2010-04-01,9.20,9.31,8.94,9.00,207200,9.00
2010-03-31,9.41,9.52,9.11,9.13,194500,9.13
2010-03-30,9.41,9.49,9.32,9.48,82800,9.48
2010-03-29,9.23,9.59,9.21,9.47,137000,9.47
2010-03-26,9.22,9.44,9.189,9.26,104600,9.26
2010-03-25,9.23,9.43,9.17,9.22,299500,9.22
2010-03-24,9.00,9.25,9.00,9.11,207900,9.11
2010-03-23,9.08,9.09,8.99,9.03,145500,9.03
2010-03-22,8.88,9.09,8.74,9.05,166600,9.05
2010-03-19,8.92,9.04,8.75,8.91,296400,8.91
2010-03-18,8.91,8.98,8.85,8.94,287800,8.94
2010-03-17,9.10,9.14,8.79,9.05,188200,9.05
2010-03-16,9.49,9.62,8.99,9.07,266600,9.07
2010-03-15,9.41,9.51,9.21,9.42,166500,9.42
2010-03-12,9.53,9.55,9.40,9.47,294600,9.47
2010-03-11,9.52,9.58,9.41,9.45,168600,9.45
2010-03-10,9.36,9.59,9.36,9.51,184600,9.51
2010-03-09,9.35,9.505,9.32,9.38,258800,9.38
2010-03-08,9.34,9.42,9.19,9.28,223800,9.28
2010-03-05,9.27,9.36,9.19,9.25,133900,9.25
2010-03-04,9.23,9.30,9.09,9.21,178800,9.21
2010-03-03,9.37,9.37,9.17,9.21,282100,9.21
2010-03-02,9.24,9.38,9.06,9.31,1079600,9.31
2010-03-01,8.70,9.39,8.68,9.18,838800,9.18
2010-02-26,8.65,8.73,8.54,8.58,191800,8.58
2010-02-25,8.43,8.68,8.42,8.66,400300,8.66
2010-02-24,8.66,8.89,8.41,8.49,1108800,8.49
2010-02-23,8.94,9.13,8.55,8.66,756600,8.66
2010-02-22,9.35,9.39,8.915,9.08,580200,9.08
2010-02-19,9.19,9.40,9.12,9.34,455300,9.34
2010-02-18,9.57,9.61,9.22,9.29,453500,9.29
2010-02-17,9.56,9.61,9.52,9.57,131800,9.57
2010-02-16,9.45,9.62,9.335,9.56,303000,9.56
2010-02-12,9.41,9.47,8.92,9.34,374500,9.34
2010-02-11,9.75,10.1975,9.40,9.46,2001900,9.46
2010-02-10,10.35,10.39,10.10,10.28,604300,10.28
2010-02-09,9.99,10.35,9.88,10.34,652600,10.34
2010-02-08,10.54,10.54,9.52,9.89,2000400,9.89
2010-02-05,10.44,10.54,10.20,10.50,888600,10.50
2010-02-04,10.49,10.64,10.16,10.38,619900,10.38
2010-02-03,10.28,10.66,10.22,10.49,320600,10.49
2010-02-02,10.15,10.42,10.00,10.35,333800,10.35
2010-02-01,9.92,10.25,9.87,10.16,381500,10.16
2010-01-29,9.96,10.06,9.81,9.97,265800,9.97
2010-01-28,9.97,10.01,9.66,9.90,215400,9.90
2010-01-27,9.74,10.00,9.64,9.98,230000,9.98
2010-01-26,10.00,10.01,9.655,9.75,269700,9.75
2010-01-25,10.00,10.11,9.95,10.00,245600,10.00
2010-01-22,10.02,10.07,9.93,9.98,179700,9.98
2010-01-21,10.12,10.2399,9.94,9.95,218000,9.95
2010-01-20,10.37,10.37,9.9408,10.11,242900,10.11
2010-01-19,10.01,10.38,9.99,10.26,499900,10.26
2010-01-15,10.50,10.54,9.90,9.98,390300,9.98
2010-01-14,10.08,10.40,9.98,10.38,513400,10.38
2010-01-13,9.96,10.14,9.96,10.04,280800,10.04
2010-01-12,10.00,10.07,9.90,10.02,167300,10.02
2010-01-11,10.19,10.31,9.96,9.98,244200,9.98
2010-01-08,10.48,10.53,9.83,9.95,279300,9.95
2010-01-07,10.33,10.91,10.151,10.48,347300,10.48
2010-01-06,10.24,10.35,10.15,10.27,119000,10.27
2010-01-05,10.00,10.37,9.90,10.15,314900,10.15
2010-01-04,9.72,9.92,9.68,9.92,149800,9.92
2009-12-31,9.78,9.87,9.60,9.67,104700,9.67
2009-12-30,9.76,9.88,9.65,9.86,60600,9.86
2009-12-29,9.74,9.78,9.54,9.77,34100,9.77
2009-12-28,9.67,9.75,9.63,9.74,77000,9.74
2009-12-24,9.78,9.80,9.65,9.70,27800,9.70
2009-12-23,9.89,9.945,9.63,9.71,148600,9.71
2009-12-22,9.73,9.84,9.65,9.84,114400,9.84
2009-12-21,10.00,10.00,9.62,9.70,187700,9.70
2009-12-18,9.64,10.01,9.64,10.00,353000,10.00
2009-12-17,9.62,10.08,9.52,9.70,373700,9.70
2009-12-16,9.49,9.70,9.47,9.67,279000,9.67
2009-12-15,9.52,9.56,9.37,9.52,277100,9.52
2009-12-14,9.46,9.64,9.25,9.55,469100,9.55
2009-12-11,9.67,9.67,9.39,9.46,518600,9.46
2009-12-10,9.75,9.80,9.49,9.53,518800,9.53
2009-12-09,9.67,9.80,9.42,9.69,336700,9.69
2009-12-08,9.74,9.77,9.50,9.72,274800,9.72
2009-12-07,9.65,9.75,9.60,9.74,163100,9.74
2009-12-04,9.21,9.80,9.19,9.58,825400,9.58
2009-12-03,9.19,9.26,9.06,9.10,260600,9.10
2009-12-02,8.81,9.34,8.81,9.14,480300,9.14
2009-12-01,8.65,8.95,8.59,8.86,269100,8.86
2009-11-30,8.62,8.64,8.40,8.59,348100,8.59
2009-11-27,8.49,8.57,8.45,8.53,80200,8.53
2009-11-25,8.60,8.69,8.52,8.55,160500,8.55
2009-11-24,8.72,8.84,8.50,8.61,264400,8.61
2009-11-23,8.87,8.93,8.65,8.72,270500,8.72
2009-11-20,8.65,8.86,8.615,8.70,312500,8.70
2009-11-19,8.68,8.73,8.50,8.67,302200,8.67
2009-11-18,9.00,9.00,8.69,8.75,310600,8.75
2009-11-17,9.03,9.08,8.85,8.95,331100,8.95
2009-11-16,8.83,9.18,8.78,9.09,420900,9.09
2009-11-13,8.68,9.13,8.6054,9.12,1140700,9.12
2009-11-12,9.45,9.92,9.42,9.55,822000,9.55
2009-11-11,9.83,10.00,9.26,9.40,1239800,9.40
2009-11-10,9.88,10.12,9.53,9.53,714000,9.53
2009-11-09,10.07,10.16,9.86,9.97,322100,9.97
2009-11-06,10.03,10.24,9.78,10.05,445700,10.05
2009-11-05,9.44,10.15,9.44,10.06,788100,10.06
2009-11-04,9.40,9.75,9.36,9.40,317200,9.40
2009-11-03,9.03,9.42,9.03,9.28,170000,9.28
2009-11-02,9.10,9.37,8.95,9.11,149700,9.11
2009-10-30,9.12,9.21,8.95,9.03,583900,9.03
2009-10-29,9.29,9.49,9.10,9.18,151500,9.18
2009-10-28,9.49,9.75,9.1825,9.25,119700,9.25
2009-10-27,9.89,10.10,9.48,9.51,204700,9.51
2009-10-26,10.15,10.36,9.6199,9.85,1152900,9.85
2009-10-23,10.14,10.30,10.04,10.12,121400,10.12
2009-10-22,10.26,10.43,10.02,10.14,187600,10.14
2009-10-21,10.28,10.51,10.16,10.24,296000,10.24
2009-10-20,10.47,10.56,10.17,10.22,189200,10.22
2009-10-19,10.61,10.74,10.51,10.51,105600,10.51
2009-10-16,10.98,11.08,10.49,10.55,301300,10.55
2009-10-15,11.28,11.30,10.98,11.01,170100,11.01
2009-10-14,11.44,11.5299,11.28,11.31,304400,11.31
2009-10-13,11.48,11.65,11.24,11.32,177000,11.32
2009-10-12,11.67,11.76,11.45,11.47,177900,11.47
2009-10-09,11.71,11.71,11.45,11.50,283300,11.50
2009-10-08,11.34,11.70,11.28,11.36,1044900,11.36
2009-10-07,11.00,11.32,10.86,11.31,105400,11.31
2009-10-06,10.83,11.11,10.78,11.00,52300,11.00
2009-10-05,10.72,10.92,10.56,10.75,83100,10.75
2009-10-02,10.67,10.79,10.50,10.65,83800,10.65
2009-10-01,10.96,11.44,10.65,10.71,119700,10.71
2009-09-30,10.98,11.19,10.76,11.06,72700,11.06
2009-09-29,11.17,11.24,10.95,10.98,47300,10.98
2009-09-28,11.28,11.52,11.10,11.13,146300,11.13
2009-09-25,10.91,11.22,10.79,11.20,151100,11.20
2009-09-24,11.08,11.12,10.60,10.91,93300,10.91
2009-09-23,11.36,11.46,11.08,11.08,70000,11.08
2009-09-22,11.36,11.74,11.31,11.31,195800,11.31
2009-09-21,11.26,11.56,11.25,11.27,106400,11.27
2009-09-18,11.22,11.39,11.09,11.34,276500,11.34
2009-09-17,11.12,11.41,11.10,11.18,168700,11.18
2009-09-16,10.98,11.20,10.93,11.12,117600,11.12
2009-09-15,10.90,11.02,10.70,10.99,64500,10.99
2009-09-14,10.57,10.94,10.45,10.92,62400,10.92
2009-09-11,11.13,11.13,10.67,10.68,68100,10.68
2009-09-10,10.94,11.42,10.8101,11.09,165100,11.09
2009-09-09,10.46,10.98,10.36,10.98,112200,10.98
2009-09-08,10.41,10.51,10.26,10.50,44400,10.50
2009-09-04,10.03,10.38,10.03,10.38,80300,10.38
2009-09-03,10.02,10.32,9.82,10.32,87500,10.32
2009-09-02,9.75,10.17,9.66,10.02,772700,10.02
2009-09-01,10.81,10.85,9.87,9.96,164300,9.96
2009-08-31,10.79,11.10,10.67,10.91,330700,10.91
2009-08-28,11.32,11.32,10.76,10.84,73200,10.84
2009-08-27,11.15,11.27,10.83,11.27,44500,11.27
2009-08-26,10.88,11.18,10.8301,11.13,44300,11.13
2009-08-25,10.90,11.00,10.80,10.91,52500,10.91
2009-08-24,10.66,10.96,10.56,10.88,87400,10.88
2009-08-21,10.46,10.73,10.12,10.67,114000,10.67
2009-08-20,10.19,10.75,10.19,10.34,44000,10.34
2009-08-19,9.89,10.29,9.37,10.27,112900,10.27
2009-08-18,10.03,10.23,9.87,9.90,95800,9.90
2009-08-17,10.46,10.46,9.91,9.96,155500,9.96
2009-08-14,10.91,10.99,10.34,10.56,109400,10.56
2009-08-13,10.95,11.00,10.72,10.89,54800,10.89
2009-08-12,10.86,11.18,10.64,10.92,90700,10.92
2009-08-11,11.15,11.27,10.62,10.73,92300,10.73
2009-08-10,11.00,11.27,10.90,11.23,120000,11.23
2009-08-07,11.14,11.14,11.00,11.10,296800,11.10
2009-08-06,11.62,11.74,11.00,11.02,91800,11.02
2009-08-05,11.96,11.96,11.51,11.55,82000,11.55
2009-08-04,11.94,12.06,11.51,11.95,78900,11.95
2009-08-03,12.11,12.39,11.775,11.91,101600,11.91
2009-07-31,11.83,12.43,11.83,12.10,165500,12.10
2009-07-30,12.58,12.68,11.80,11.90,139800,11.90
2009-07-29,12.17,12.66,12.06,12.50,228100,12.50
2009-07-28,12.00,12.29,11.84,12.28,133300,12.28
2009-07-27,11.83,12.01,11.60,12.00,148900,12.00
2009-07-24,11.72,11.92,11.58,11.81,81600,11.81
2009-07-23,11.31,12.00,11.25,11.82,217700,11.82
2009-07-22,11.15,11.50,11.15,11.35,94000,11.35
2009-07-21,11.53,11.53,11.11,11.16,131600,11.16
2009-07-20,11.03,11.14,10.92,11.09,77400,11.09
2009-07-17,11.00,11.05,10.90,10.96,174900,10.96
2009-07-16,10.99,11.08,10.89,11.00,115000,11.00
2009-07-15,11.00,11.35,10.69,11.00,749600,11.00
2009-07-14,10.45,10.52,10.27,10.44,90200,10.44
2009-07-13,10.20,10.45,10.05,10.44,87800,10.44
2009-07-10,10.16,10.28,10.00,10.20,70600,10.20
2009-07-09,10.32,10.41,10.03,10.17,63200,10.17
2009-07-08,10.23,10.33,10.17,10.24,96500,10.24
2009-07-07,10.35,10.39,10.22,10.23,98500,10.23
2009-07-06,10.26,10.35,10.08,10.32,141200,10.32
2009-07-02,10.37,10.43,10.00,10.26,141200,10.26
2009-07-01,9.91,10.30,9.62,10.24,214900,10.24
2009-06-30,9.96,10.21,9.82,9.99,159100,9.99
2009-06-29,9.83,10.00,9.65,9.95,271500,9.95
2009-06-26,9.88,10.00,9.56,9.78,209000,9.78
2009-06-25,9.29,9.92,9.26,9.91,113400,9.91
2009-06-24,9.06,9.45,8.96,9.37,127600,9.37
2009-06-23,8.72,9.08,8.66,8.99,157000,8.99
2009-06-22,8.86,8.98,8.73,8.77,208400,8.77
2009-06-19,9.02,9.02,8.62,8.93,207000,8.93
2009-06-18,8.93,9.03,8.8003,8.87,55600,8.87
2009-06-17,8.50,9.03,8.50,8.98,105800,8.98
2009-06-16,8.57,8.84,8.37,8.45,135300,8.45
2009-06-15,8.86,9.01,8.25,8.37,340300,8.37
2009-06-12,9.15,9.26,8.87,8.97,166000,8.97
2009-06-11,8.78,9.35,8.56,9.09,277300,9.09
2009-06-10,10.05,10.05,9.27,9.35,193000,9.35
2009-06-09,10.11,10.18,9.95,10.02,40100,10.02
2009-06-08,10.25,10.29,9.95,10.10,70800,10.10
2009-06-05,10.38,10.40,10.14,10.32,69900,10.32
2009-06-04,10.33,10.41,10.14,10.36,78500,10.36
2009-06-03,10.39,10.56,10.06,10.25,154800,10.25
2009-06-02,10.46,10.69,10.38,10.40,413900,10.40
2009-06-01,10.67,10.99,10.31,10.48,255700,10.48
2009-05-29,11.01,11.06,10.18,10.59,983900,10.59
2009-05-28,10.83,11.52,10.75,10.95,955800,10.95
2009-05-27,10.86,11.13,10.69,10.73,323700,10.73
2009-05-26,10.42,11.02,10.15,10.95,320600,10.95
2009-05-22,10.17,10.68,9.78,10.46,329600,10.46
2009-05-21,9.49,10.19,9.46,10.15,261900,10.15
2009-05-20,9.63,9.63,9.42,9.55,152400,9.55
2009-05-19,9.67,9.71,9.41,9.60,114400,9.60
2009-05-18,9.57,9.68,9.41,9.56,168900,9.56
2009-05-15,9.51,9.80,9.30,9.49,151700,9.49
2009-05-14,9.57,10.06,9.34,9.76,195300,9.76
2009-05-13,10.01,10.26,9.40,9.50,318500,9.50
2009-05-12,10.97,11.09,10.50,10.74,146400,10.74
2009-05-11,10.53,11.03,10.50,11.01,271500,11.01
2009-05-08,10.32,10.99,10.15,10.75,383100,10.75
2009-05-07,10.15,10.18,9.86,10.02,133800,10.02
2009-05-06,9.99,10.24,9.80,10.02,350100,10.02
2009-05-05,10.12,10.24,9.10,9.90,938300,9.90
2009-05-04,9.94,10.22,9.52,10.20,317000,10.20
2009-05-01,10.10,10.27,9.90,9.95,207400,9.95
2009-04-30,10.28,10.28,9.82,10.12,224800,10.12
2009-04-29,9.95,10.2897,9.91,10.25,258200,10.25
2009-04-28,9.45,10.11,9.41,9.91,393900,9.91
2009-04-27,9.54,9.74,9.34,9.50,315800,9.50
2009-04-24,9.39,9.75,9.37,9.66,214600,9.66
2009-04-23,9.50,9.68,9.18,9.33,217200,9.33
2009-04-22,9.53,9.88,9.43,9.62,460900,9.62
2009-04-21,9.35,9.63,9.16,9.60,230000,9.60
2009-04-20,9.23,9.44,8.99,9.29,184300,9.29
2009-04-17,9.38,9.50,9.18,9.35,153000,9.35
2009-04-16,9.54,9.54,9.07,9.35,118900,9.35
2009-04-15,9.08,9.5399,9.08,9.44,76000,9.44
2009-04-14,9.91,9.91,8.85,9.16,452800,9.16
2009-04-13,9.97,10.00,9.69,10.00,133400,10.00
2009-04-09,9.75,9.99,9.61,9.97,303800,9.97
2009-04-08,9.31,9.70,9.29,9.69,379300,9.69
2009-04-07,8.83,9.31,8.6201,9.23,184900,9.23
2009-04-06,9.22,9.22,8.70,8.90,291300,8.90
2009-04-03,9.73,9.88,9.33,9.52,404800,9.52
2009-04-02,10.15,10.34,9.64,9.87,264500,9.87
2009-04-01,9.38,10.07,9.38,10.06,384700,10.06
2009-03-31,8.94,9.69,8.77,9.38,1401900,9.38
2009-03-30,8.49,9.00,8.22,8.86,231900,8.86
2009-03-27,8.77,8.83,8.40,8.69,343600,8.69
2009-03-26,8.99,8.99,8.66,8.87,370200,8.87
2009-03-25,8.76,9.03,8.41,8.86,171600,8.86
2009-03-24,8.89,9.00,8.57,8.68,173400,8.68
2009-03-23,8.55,8.97,8.41,8.97,220100,8.97
2009-03-20,8.73,8.76,8.29,8.40,195000,8.40
2009-03-19,8.36,8.73,8.27,8.65,309600,8.65
2009-03-18,8.40,8.54,8.23,8.35,149800,8.35
2009-03-17,7.53,8.47,7.50,8.41,408400,8.41
2009-03-16,7.44,7.91,7.36,7.57,349300,7.57
2009-03-13,6.31,7.54,6.31,7.39,2885200,7.39
2009-03-12,6.01,6.27,5.99,6.20,208000,6.20
2009-03-11,6.05,6.23,6.00,6.00,458600,6.00
2009-03-10,5.87,6.11,5.734,6.04,352900,6.04
2009-03-09,5.79,5.96,5.72,5.74,67700,5.74
2009-03-06,5.96,5.96,5.72,5.83,109100,5.83
2009-03-05,5.90,6.08,5.78,5.92,371900,5.92
2009-03-04,5.99,6.02,5.78,5.97,160100,5.97
2009-03-03,6.02,6.17,5.68,5.92,225200,5.92
2009-03-02,6.31,6.49,5.92,5.97,121500,5.97
2009-02-27,6.61,7.04,6.35,6.38,109100,6.38
2009-02-26,6.95,7.10,6.65,6.68,89500,6.68
2009-02-25,7.14,7.21,6.66,6.88,177800,6.88
2009-02-24,7.12,7.30,7.07,7.15,63000,7.15
2009-02-23,7.12,7.39,6.98,7.02,115600,7.02
2009-02-20,7.33,7.53,7.03,7.05,69900,7.05
2009-02-19,7.52,7.58,7.40,7.40,80500,7.40
2009-02-18,7.55,7.55,7.22,7.43,76600,7.43
2009-02-17,7.01,7.61,6.91,7.53,289200,7.53
2009-02-13,7.50,7.51,7.07,7.15,45000,7.15
2009-02-12,7.50,7.54,7.23,7.49,129400,7.49
2009-02-11,7.55,7.63,7.47,7.55,141800,7.55
2009-02-10,7.95,7.95,7.43,7.50,113300,7.50
2009-02-09,7.77,7.98,7.68,7.98,103200,7.98
2009-02-06,7.33,7.83,7.33,7.82,111000,7.82
2009-02-05,7.39,7.50,7.10,7.31,87500,7.31
2009-02-04,7.45,7.73,7.22,7.45,49700,7.45
2009-02-03,7.29,7.50,6.96,7.45,138500,7.45
2009-02-02,7.10,7.4985,7.01,7.26,98100,7.26
2009-01-30,7.77,7.91,7.17,7.20,71600,7.20
2009-01-29,7.70,7.91,7.39,7.73,179000,7.73
2009-01-28,7.47,7.85,7.30,7.78,300900,7.78
2009-01-27,7.36,7.49,7.07,7.40,133400,7.40
2009-01-26,6.78,7.33,6.78,7.16,57500,7.16
2009-01-23,6.71,6.86,6.57,6.74,83400,6.74
2009-01-22,6.50,6.92,6.42,6.74,147200,6.74
2009-01-21,6.21,6.67,6.03,6.63,74300,6.63
2009-01-20,6.88,6.88,6.17,6.17,182300,6.17
2009-01-16,6.89,6.97,6.51,6.93,65100,6.93
2009-01-15,6.36,6.87,6.23,6.87,103600,6.87
2009-01-14,6.73,6.73,6.26,6.37,85600,6.37
2009-01-13,6.65,6.905,6.60,6.77,165900,6.77
2009-01-12,6.57,6.87,6.52,6.67,74700,6.67
2009-01-09,7.10,7.10,6.51,6.60,83000,6.60
2009-01-08,7.07,7.23,7.00,7.11,102000,7.11
2009-01-07,7.20,7.44,6.92,7.04,90500,7.04
2009-01-06,7.43,7.43,7.01,7.28,85700,7.28
2009-01-05,7.43,7.43,7.06,7.34,101000,7.34
2009-01-02,7.33,7.50,7.17,7.40,163700,7.40
2008-12-31,7.36,7.50,6.97,7.23,179900,7.23
2008-12-30,7.40,7.49,7.035,7.32,108400,7.32
2008-12-29,7.50,7.50,7.025,7.32,145500,7.32
2008-12-26,7.24,7.50,7.12,7.50,63800,7.50
2008-12-24,7.24,7.25,7.02,7.22,49300,7.22
2008-12-23,7.15,7.25,7.03,7.08,80700,7.08
2008-12-22,7.12,7.20,6.95,7.11,153600,7.11
2008-12-19,7.00,7.25,6.88,7.06,752800,7.06
2008-12-18,6.49,6.99,5.50,6.90,887000,6.90
2008-12-17,7.50,7.93,6.21,6.40,3677400,6.40
2008-12-16,4.94,5.00,4.39,5.00,115200,5.00
2008-12-15,5.26,5.36,4.83,4.84,72300,4.84
2008-12-12,5.30,5.69,5.07,5.21,66700,5.21
2008-12-11,5.64,5.68,5.40,5.40,115800,5.40
2008-12-10,5.57,5.93,5.54,5.74,32400,5.74
2008-12-09,5.85,5.97,5.35,5.50,85700,5.50
2008-12-08,5.73,6.06,5.66,5.90,67900,5.90
2008-12-05,5.75,5.84,5.46,5.60,96300,5.60
2008-12-04,5.76,6.02,5.75,5.85,215200,5.85
2008-12-03,5.92,6.00,5.71,5.84,57900,5.84
2008-12-02,5.74,6.57,5.60,6.07,102800,6.07
2008-12-01,6.49,6.64,5.58,5.62,147600,5.62
2008-11-28,6.50,6.71,6.50,6.66,16400,6.66
2008-11-26,5.83,6.45,5.83,6.42,108800,6.42
2008-11-25,6.09,6.13,5.46,5.93,107700,5.93
2008-11-24,6.08,6.10,5.62,6.01,167000,6.01
2008-11-21,5.66,6.15,5.46,5.90,266100,5.90
2008-11-20,6.37,6.37,5.54,5.55,301600,5.55
2008-11-19,6.06,6.37,5.90,6.00,150500,6.00
2008-11-18,5.90,6.40,5.90,6.07,88700,6.07
2008-11-17,5.87,6.24,5.65,6.11,39300,6.11
2008-11-14,6.14,6.38,5.90,5.90,118900,5.90
2008-11-13,6.04,6.24,5.55,6.22,225700,6.22
2008-11-12,6.82,6.82,5.97,6.02,164100,6.02
2008-11-11,6.67,7.33,6.67,6.93,60700,6.93
2008-11-10,7.04,7.20,6.68,6.69,50200,6.69
2008-11-07,7.45,7.45,6.63,6.88,77400,6.88
2008-11-06,7.31,7.45,7.06,7.25,96600,7.25
2008-11-05,7.05,7.49,7.05,7.22,82200,7.22
2008-11-04,7.05,7.21,6.83,7.14,92500,7.14
2008-11-03,6.54,6.95,6.35,6.88,157100,6.88
2008-10-31,6.85,7.00,6.40,6.53,1028900,6.53
2008-10-30,7.30,7.50,6.85,6.90,235500,6.90
2008-10-29,7.19,7.59,6.86,7.11,168200,7.11
2008-10-28,6.71,7.15,6.56,7.15,135300,7.15
2008-10-27,6.93,7.13,6.51,6.58,126700,6.58
2008-10-24,6.42,7.27,6.41,7.00,153400,7.00
2008-10-23,6.82,6.99,6.58,6.89,114300,6.89
2008-10-22,7.07,7.40,6.75,6.81,78400,6.81
2008-10-21,6.91,7.343,6.91,7.343,71700,7.343
2008-10-20,7.34,8.17,6.89,7.02,111000,7.02
2008-10-17,6.90,7.74,6.75,6.99,172600,6.99
2008-10-16,6.35,6.99,6.05,6.81,80900,6.81
2008-10-15,7.80,7.85,6.31,6.31,169900,6.31
2008-10-14,8.18,8.20,7.25,7.89,88000,7.89
2008-10-13,7.92,8.00,7.53,8.00,177500,8.00
2008-10-10,7.30,7.50,5.79,7.46,160500,7.46
2008-10-09,7.58,7.77,7.38,7.53,104800,7.53
2008-10-08,7.61,8.08,7.20,7.44,498400,7.44
2008-10-07,8.28,8.49,7.61,7.66,67500,7.66
2008-10-06,8.05,8.30,7.65,8.05,130200,8.05
2008-10-03,7.93,8.59,7.866,8.19,143800,8.19
2008-10-02,8.36,8.398,7.83,8.398,263900,8.398
2008-10-01,8.84,9.06,8.11,8.25,312000,8.25
2008-09-30,8.83,9.23,8.75,8.88,148300,8.88
2008-09-29,9.02,10.10,8.75,10.10,349000,10.10
2008-09-26,9.14,9.28,9.06,9.28,152800,9.28
2008-09-25,8.98,9.35,8.98,9.16,112400,9.16
2008-09-24,9.37,10.08,8.91,8.97,155600,8.97
2008-09-23,9.66,9.69,9.26,9.30,136000,9.30
2008-09-22,9.95,10.10,9.41,9.67,75300,9.67
2008-09-19,10.95,10.99,9.90,10.00,387000,10.00
2008-09-18,9.64,10.70,9.58,10.45,551800,10.45
2008-09-17,9.80,9.95,9.40,9.40,201000,9.40
2008-09-16,9.48,10.00,9.47,9.95,171700,9.95
2008-09-15,9.91,10.00,9.485,9.65,183100,9.65
2008-09-12,9.92,10.04,9.90,9.95,140600,9.95
2008-09-11,9.85,10.04,9.75,9.98,192500,9.98
2008-09-10,10.05,10.07,9.90,10.00,429300,10.00
2008-09-09,10.00,10.11,9.86,9.93,270700,9.93
2008-09-08,10.00,10.08,9.85,9.98,705400,9.98
2008-09-05,9.80,10.05,9.53,10.00,636400,10.00
2008-09-04,9.86,9.91,9.475,9.78,173000,9.78
2008-09-03,9.90,10.05,9.01,9.92,160700,9.92
2008-09-02,10.00,10.10,9.71,9.91,560000,9.91
2008-08-29,9.91,9.95,9.55,9.91,383400,9.91
2008-08-28,9.80,9.95,9.32,9.92,135000,9.92
2008-08-27,9.90,9.92,9.50,9.82,160300,9.82
2008-08-26,9.89,10.00,9.24,9.92,187100,9.92
2008-08-25,9.92,9.94,9.32,9.90,71900,9.90
2008-08-22,9.46,10.00,9.31,9.98,374500,9.98
2008-08-21,9.19,9.71,9.19,9.45,121800,9.45
2008-08-20,9.31,9.50,9.15,9.28,93800,9.28
2008-08-19,9.66,9.73,9.14,9.26,116400,9.26
2008-08-18,9.78,9.97,9.51,9.76,87600,9.76
2008-08-15,10.02,10.07,9.50,9.84,291500,9.84
2008-08-14,9.79,9.96,9.76,9.87,78700,9.87
2008-08-13,9.98,10.00,9.75,9.88,154400,9.88
2008-08-12,9.78,10.02,9.77,10.00,157800,10.00
2008-08-11,10.01,10.04,9.63,9.83,178100,9.83
2008-08-08,10.00,10.25,9.50,9.61,242400,9.61
2008-08-07,10.00,10.25,9.51,9.58,249700,9.58
2008-08-06,10.02,10.25,9.85,10.02,158100,10.02
2008-08-05,10.00,10.25,9.27,10.02,328500,10.02
2008-08-04,10.08,10.23,9.93,10.00,180000,10.00
2008-08-01,10.29,10.445,9.99,10.12,426600,10.12
2008-07-31,11.23,12.01,9.90,10.29,1387200,10.29
2008-07-30,6.49,6.50,6.35,6.42,119700,6.42
2008-07-29,6.91,6.91,6.34,6.42,133100,6.42
2008-07-28,6.46,6.50,6.35,6.37,62400,6.37
2008-07-25,6.58,6.58,6.34,6.51,230200,6.51
2008-07-24,6.50,6.52,6.39,6.52,182600,6.52
2008-07-23,6.49,6.51,6.44,6.49,301000,6.49
2008-07-22,6.38,6.51,6.23,6.50,118900,6.50
2008-07-21,6.25,6.51,6.25,6.47,124400,6.47
2008-07-18,6.52,6.52,6.42,6.49,149500,6.49
2008-07-17,6.56,6.60,6.41,6.50,72700,6.50
2008-07-16,6.53,6.71,6.30,6.52,100400,6.52
2008-07-15,6.39,6.63,6.14,6.49,122000,6.49
2008-07-14,6.45,6.45,6.22,6.45,86800,6.45
2008-07-11,6.51,6.85,6.00,6.40,75300,6.40
2008-07-10,6.71,7.05,6.43,6.54,76300,6.54
2008-07-09,6.92,7.09,6.71,6.73,105600,6.73
2008-07-08,6.72,7.09,6.72,6.90,245800,6.90
2008-07-07,6.71,6.97,6.48,6.70,56600,6.70
2008-07-03,6.68,6.96,6.54,6.66,35300,6.66
2008-07-02,6.20,6.80,6.20,6.58,107500,6.58
2008-07-01,6.03,6.50,6.01,6.16,288100,6.16
2008-06-30,6.34,6.35,6.05,6.09,78400,6.09
2008-06-27,6.33,6.35,6.01,6.35,198700,6.35
2008-06-26,5.93,6.56,5.87,6.45,135300,6.45
2008-06-25,6.00,6.10,5.99,6.06,75000,6.06
2008-06-24,6.07,6.21,5.96,5.98,79000,5.98
2008-06-23,6.71,6.78,6.13,6.14,61500,6.14
2008-06-20,6.21,6.80,6.16,6.66,178900,6.66
2008-06-19,6.30,6.36,6.15,6.25,53800,6.25
2008-06-18,6.28,6.69,6.18,6.35,68800,6.35
2008-06-17,6.65,6.72,6.25,6.30,52800,6.30
2008-06-16,6.34,6.67,6.31,6.66,49700,6.66
2008-06-13,6.39,6.52,6.17,6.34,55000,6.34
2008-06-12,6.26,6.41,6.26,6.41,74800,6.41
2008-06-11,6.87,6.93,6.03,6.22,176200,6.22
2008-06-10,6.53,7.23,6.24,6.91,635700,6.91
2008-06-09,6.80,6.842,6.39,6.57,61000,6.57
2008-06-06,7.24,7.30,6.76,6.76,51700,6.76
2008-06-05,6.98,7.60,6.75,7.30,130900,7.30
2008-06-04,6.37,7.00,6.37,6.99,43900,6.99
2008-06-03,6.47,6.59,6.32,6.41,46200,6.41
2008-06-02,6.66,6.96,6.28,6.42,94100,6.42
2008-05-30,6.69,7.12,6.60,6.69,135200,6.69
2008-05-29,6.52,6.99,6.22,6.85,112800,6.85
2008-05-28,6.22,6.55,6.22,6.55,47600,6.55
2008-05-27,5.92,6.19,5.91,6.18,62800,6.18
2008-05-23,6.00,6.14,5.90,5.90,65600,5.90
2008-05-22,6.00,6.15,5.92,6.04,59700,6.04
2008-05-21,6.14,6.35,5.90,5.95,198300,5.95
2008-05-20,6.09,6.35,6.05,6.15,182100,6.15
2008-05-19,6.31,6.33,6.05,6.11,92700,6.11
2008-05-16,6.37,6.60,6.22,6.32,101800,6.32
2008-05-15,6.07,6.39,6.005,6.29,71000,6.29
2008-05-14,6.01,6.36,5.96,6.08,88200,6.08
2008-05-13,6.55,6.55,6.01,6.02,137800,6.02
2008-05-12,5.94,6.53,5.71,6.53,78200,6.53
2008-05-09,6.19,6.19,5.80,5.91,82600,5.91
2008-05-08,6.01,6.30,5.91,6.25,152400,6.25
2008-05-07,6.45,6.89,5.94,6.01,109000,6.01
2008-05-06,6.72,6.88,6.41,6.88,144200,6.88
2008-05-05,6.80,6.93,6.56,6.85,114500,6.85
2008-05-02,7.35,7.85,6.58,6.62,151200,6.62
2008-05-01,6.53,7.06,6.34,7.04,159900,7.04
2008-04-30,7.15,7.16,6.44,6.56,214200,6.56
2008-04-29,7.38,7.38,7.02,7.11,47000,7.11
2008-04-28,7.23,7.53,7.23,7.53,63000,7.53
2008-04-25,7.22,7.35,6.70,7.25,126700,7.25
2008-04-24,6.97,7.50,6.97,7.18,135100,7.18
2008-04-23,6.64,7.22,6.59,6.95,105600,6.95
2008-04-22,6.88,6.98,6.55,6.60,70100,6.60
2008-04-21,6.66,7.06,6.61,6.93,83100,6.93
2008-04-18,6.59,6.75,6.43,6.70,87600,6.70
2008-04-17,6.54,6.73,6.33,6.46,76700,6.46
2008-04-16,6.49,6.64,6.23,6.56,218700,6.56
2008-04-15,6.70,6.85,6.24,6.41,477800,6.41
2008-04-14,6.19,6.88,6.18,6.67,215800,6.67
2008-04-11,6.55,6.55,6.20,6.20,76500,6.20
2008-04-10,6.51,6.54,6.45,6.49,71500,6.49
2008-04-09,6.52,6.53,6.48,6.50,123100,6.50
2008-04-08,6.57,6.64,6.47,6.52,156700,6.52
2008-04-07,6.69,6.78,6.58,6.63,104800,6.63
2008-04-04,6.40,6.85,6.34,6.63,232200,6.63
2008-04-03,6.13,6.40,6.01,6.40,141400,6.40
2008-04-02,5.91,6.23,5.90,6.19,271600,6.19
2008-04-01,5.80,6.20,5.79,5.92,214400,5.92
2008-03-31,5.86,5.97,5.60,5.95,224200,5.95
2008-03-28,6.23,6.31,5.75,5.83,125300,5.83
2008-03-27,5.97,6.49,5.84,6.20,357500,6.20
2008-03-26,5.96,6.04,5.81,5.98,79600,5.98
2008-03-25,6.00,6.04,5.75,6.00,175500,6.00
2008-03-24,5.92,6.05,5.91,6.05,206900,6.05
2008-03-20,6.43,6.50,5.53,5.88,434200,5.88
2008-03-19,6.00,6.06,5.50,5.99,202800,5.99
2008-03-18,5.90,6.01,5.57,6.01,214800,6.01
2008-03-17,5.24,5.95,4.90,5.84,190500,5.84
2008-03-14,5.90,5.90,5.32,5.33,201300,5.33
2008-03-13,5.11,5.90,5.11,5.89,278300,5.89
2008-03-12,5.19,5.90,5.12,5.70,183000,5.70
2008-03-11,5.45,5.45,4.84,5.04,190000,5.04
2008-03-10,5.21,5.35,4.88,5.29,273000,5.29
2008-03-07,5.08,5.18,4.84,5.18,209900,5.18
2008-03-06,5.30,5.42,5.04,5.12,129300,5.12
2008-03-05,5.26,5.36,5.18,5.34,37700,5.34
2008-03-04,5.26,5.33,5.10,5.22,116800,5.22
2008-03-03,5.25,5.59,5.13,5.29,209700,5.29
2008-02-29,5.51,5.59,5.20,5.24,455900,5.24
2008-02-28,5.77,5.82,5.34,5.45,315400,5.45
2008-02-27,5.90,6.03,5.74,5.81,181100,5.81
2008-02-26,6.00,6.05,5.89,5.95,276200,5.95
2008-02-25,5.76,6.00,5.76,6.00,127000,6.00
2008-02-22,5.91,5.95,5.71,5.77,24800,5.77
2008-02-21,5.74,6.03,5.63,5.91,149300,5.91
2008-02-20,5.38,5.74,5.38,5.74,100200,5.74
2008-02-19,5.49,5.66,5.29,5.41,41300,5.41
2008-02-15,5.31,5.67,5.31,5.67,105500,5.67
2008-02-14,5.55,5.85,5.26,5.34,91800,5.34
2008-02-13,5.76,5.96,5.40,5.51,176600,5.51
2008-02-12,5.64,5.95,5.57,5.69,70700,5.69
2008-02-11,5.93,6.02,5.52,5.55,228500,5.55
2008-02-08,5.91,6.15,5.65,5.92,47100,5.92
2008-02-07,5.57,6.03,5.52,5.91,161100,5.91
2008-02-06,5.74,5.79,5.12,5.59,211200,5.59
2008-02-05,5.74,5.80,5.57,5.68,216500,5.68
2008-02-04,5.75,6.05,5.75,5.88,222100,5.88
2008-02-01,5.72,6.00,5.62,5.70,385600,5.70
2008-01-31,5.55,5.75,5.37,5.69,324400,5.69
2008-01-30,5.64,5.90,5.50,5.50,337200,5.50
2008-01-29,5.81,5.85,5.66,5.69,271800,5.69
2008-01-28,5.83,5.97,5.51,5.76,196900,5.76
2008-01-25,5.91,5.99,5.67,5.85,105100,5.85
2008-01-24,5.99,6.05,5.71,5.84,135700,5.84
2008-01-23,5.82,6.27,5.59,5.98,168800,5.98
2008-01-22,5.82,6.37,5.50,5.95,587900,5.95
2008-01-18,6.19,6.29,6.19,6.29,252500,6.29
2008-01-17,6.34,6.44,6.00,6.28,317500,6.28
2008-01-16,5.55,6.44,5.47,6.35,456600,6.35
2008-01-15,5.68,5.68,5.22,5.57,535000,5.57
2008-01-14,5.58,5.84,5.25,5.57,1391600,5.57
2008-01-11,7.00,7.33,5.01,5.36,5305200,5.36
2008-01-10,14.04,14.16,13.86,13.99,88900,13.99
2008-01-09,14.03,14.25,13.95,14.18,116300,14.18
2008-01-08,14.06,14.22,14.00,14.05,107800,14.05
2008-01-07,14.00,14.22,13.85,14.02,134100,14.02
2008-01-04,13.92,14.14,13.85,13.90,177300,13.90
2008-01-03,13.63,14.10,13.46,14.03,132900,14.03
2008-01-02,14.81,15.00,13.50,13.60,302200,13.60
2007-12-31,14.18,15.70,14.16,14.86,176000,14.86
2007-12-28,14.20,14.52,14.20,14.28,35900,14.28
2007-12-27,14.37,14.75,14.00,14.00,44200,14.00
2007-12-26,13.82,14.80,13.82,14.36,125500,14.36
2007-12-24,14.00,14.00,13.68,13.95,53800,13.95
2007-12-21,14.10,14.10,13.67,13.95,204400,13.95
2007-12-20,14.00,14.01,13.71,13.92,50300,13.92
2007-12-19,13.94,14.00,13.57,13.95,96900,13.95
2007-12-18,13.73,13.99,13.21,13.94,86400,13.94
2007-12-17,13.65,14.00,13.50,13.59,231700,13.59
2007-12-14,13.51,13.88,13.08,13.86,71800,13.86
2007-12-13,13.50,14.00,13.33,13.71,100700,13.71
2007-12-12,12.88,13.75,12.34,13.64,177100,13.64
2007-12-11,13.70,13.85,12.52,12.52,61300,12.52
2007-12-10,13.90,13.90,13.52,13.62,86200,13.62
2007-12-07,13.92,13.92,13.56,13.84,49900,13.84
2007-12-06,13.66,13.89,13.58,13.85,68800,13.85
2007-12-05,13.34,13.80,13.34,13.71,68500,13.71
2007-12-04,13.69,13.69,13.12,13.12,37200,13.12
2007-12-03,13.50,14.00,13.22,13.84,123700,13.84
2007-11-30,13.53,13.75,13.25,13.46,807200,13.46
2007-11-29,13.51,13.85,12.84,13.76,249100,13.76
2007-11-28,12.04,13.77,12.04,13.52,227100,13.52
2007-11-27,12.05,12.25,11.81,11.97,153800,11.97
2007-11-26,12.41,12.55,11.97,12.03,88900,12.03
2007-11-23,12.36,12.56,11.97,12.43,40100,12.43
2007-11-21,12.64,13.28,12.13,12.29,93300,12.29
2007-11-20,13.11,13.28,12.50,12.66,118500,12.66
2007-11-19,13.12,13.17,11.64,13.14,280700,13.14
2007-11-16,14.08,14.10,13.15,13.21,569600,13.21
2007-11-15,14.00,14.05,13.85,14.05,76700,14.05
2007-11-14,13.88,14.35,13.85,14.00,195600,14.00
2007-11-13,13.68,14.00,13.476,13.92,86100,13.92
2007-11-12,13.89,14.00,13.56,13.58,85900,13.58
2007-11-09,13.91,13.95,13.72,13.85,47900,13.85
2007-11-08,13.96,14.00,13.63,13.98,151400,13.98
2007-11-07,13.72,14.09,13.54,13.86,101700,13.86
2007-11-06,13.99,14.88,13.52,13.94,171800,13.94
2007-11-05,14.10,14.15,13.775,13.89,106100,13.89
2007-11-02,13.95,14.47,13.93,14.27,55000,14.27
2007-11-01,14.06,14.32,13.75,13.81,92900,13.81
2007-10-31,14.08,14.29,13.86,14.28,66000,14.28
2007-10-30,13.82,14.24,13.82,14.02,499700,14.02
2007-10-29,13.58,14.00,13.43,13.91,92600,13.91
2007-10-26,14.00,14.03,13.36,13.50,166700,13.50
2007-10-25,13.77,14.00,13.65,13.95,29700,13.95
2007-10-24,13.80,13.909,13.29,13.69,31500,13.69
2007-10-23,14.00,14.18,13.30,13.92,53000,13.92
2007-10-22,13.15,14.11,12.93,14.06,34100,14.06
2007-10-19,13.80,13.88,12.93,13.28,56000,13.28
2007-10-18,13.40,14.00,13.40,13.82,43500,13.82
2007-10-17,13.74,13.98,13.50,13.98,91700,13.98
2007-10-16,14.02,14.07,13.60,13.65,189100,13.65
2007-10-15,14.00,14.18,13.90,14.00,115200,14.00
2007-10-12,13.77,14.10,13.77,14.04,71500,14.04
2007-10-11,14.00,14.12,13.72,13.78,119700,13.78
2007-10-10,13.98,14.05,13.50,13.99,74700,13.99
2007-10-09,14.15,14.17,13.87,13.98,146900,13.98
2007-10-08,14.06,14.20,13.98,14.14,39100,14.14
2007-10-05,14.20,14.20,13.96,14.20,141000,14.20
2007-10-04,14.03,14.20,13.93,14.20,180000,14.20
2007-10-03,14.26,14.29,13.94,13.98,90700,13.98
2007-10-02,14.43,14.53,14.27,14.37,37800,14.37
2007-10-01,14.00,14.60,14.00,14.38,75600,14.38
2007-09-28,14.25,14.36,13.94,14.00,133000,14.00
2007-09-27,14.07,14.44,13.92,14.23,143800,14.23
2007-09-26,14.00,14.17,13.72,14.05,102100,14.05
2007-09-25,13.92,13.99,13.78,13.93,13900,13.93
2007-09-24,13.98,14.13,13.73,13.98,64700,13.98
2007-09-21,14.04,14.41,13.85,13.96,151000,13.96
2007-09-20,13.95,14.33,13.69,13.97,44800,13.97
2007-09-19,13.48,14.70,13.44,13.99,178700,13.99
2007-09-18,13.26,13.50,12.98,13.37,173200,13.37
2007-09-17,13.18,13.50,13.00,13.22,23100,13.22
2007-09-14,12.94,14.07,12.75,13.28,48500,13.28
2007-09-13,12.82,13.22,12.77,13.07,20100,13.07
2007-09-12,13.55,13.79,12.87,12.95,26100,12.95
2007-09-11,13.69,13.74,13.17,13.63,32700,13.63
2007-09-10,13.36,13.70,12.93,13.39,26300,13.39
2007-09-07,13.62,14.10,13.07,13.30,52100,13.30
2007-09-06,14.04,14.04,13.28,13.85,78800,13.85
2007-09-05,14.33,14.33,13.95,14.03,66300,14.03
2007-09-04,14.33,14.50,13.87,14.48,59400,14.48
2007-08-31,14.00,14.75,13.69,14.36,158900,14.36
2007-08-30,14.00,14.40,13.44,13.83,32800,13.83
2007-08-29,13.88,14.22,13.49,14.12,39800,14.12
2007-08-28,14.01,14.50,13.27,13.83,55000,13.83
2007-08-27,14.17,14.67,13.98,14.14,15600,14.14
2007-08-24,13.81,14.38,13.70,14.19,37400,14.19
2007-08-23,14.49,14.49,13.58,13.83,44100,13.83
2007-08-22,14.50,14.58,13.58,14.44,64700,14.44
2007-08-21,14.67,15.04,14.27,14.36,34400,14.36
2007-08-20,14.69,14.95,14.49,14.75,39900,14.75
2007-08-17,15.01,15.24,14.39,14.49,142600,14.49
2007-08-16,13.72,14.64,12.76,14.50,151700,14.50
2007-08-15,14.11,14.11,13.45,13.50,123900,13.50
2007-08-14,13.96,14.59,13.96,14.59,93400,14.59
2007-08-13,14.63,14.68,13.71,14.00,90800,14.00
2007-08-10,14.52,15.00,13.34,14.43,77300,14.43
2007-08-09,13.94,15.15,13.26,14.70,211500,14.70
2007-08-08,13.89,14.10,13.89,14.10,553100,14.10
2007-08-07,13.57,13.95,13.56,13.79,200200,13.79
2007-08-06,12.57,13.82,12.46,13.65,118500,13.65
2007-08-03,12.30,12.56,12.02,12.51,187000,12.51
2007-08-02,12.25,12.40,12.25,12.40,87100,12.40
2007-08-01,12.25,12.25,11.95,12.19,101500,12.19
2007-07-31,12.14,12.44,12.00,12.30,153900,12.30
2007-07-30,11.96,12.63,11.57,12.22,262900,12.22
2007-07-27,12.03,12.50,11.64,11.94,374100,11.94
2007-07-26,12.17,12.80,12.10,12.80,286100,12.80
2007-07-25,12.46,13.19,11.92,12.35,139800,12.35
2007-07-24,12.29,13.20,12.29,13.20,211900,13.20
2007-07-23,12.78,12.81,12.27,12.43,70000,12.43
2007-07-20,13.41,13.98,12.70,13.98,138700,13.98
2007-07-19,13.53,13.95,13.0701,13.46,28600,13.46
2007-07-18,13.77,13.95,13.20,13.39,42800,13.39
2007-07-17,13.58,14.16,13.45,13.79,112800,13.79
2007-07-16,13.52,13.79,13.29,13.42,58500,13.42
2007-07-13,13.87,13.87,13.50,13.54,33500,13.54
2007-07-12,13.70,13.92,13.70,13.92,156900,13.92
2007-07-11,13.86,13.99,13.70,13.99,118700,13.99
2007-07-10,13.58,14.14,13.38,13.85,82700,13.85
2007-07-09,13.60,13.78,13.45,13.61,60600,13.61
2007-07-06,13.50,13.76,13.32,13.62,99100,13.62
2007-07-05,12.82,13.70,12.76,13.55,105100,13.55
2007-07-03,12.57,12.86,12.36,12.83,83200,12.83
2007-07-02,12.16,12.60,12.09,12.59,59400,12.59
2007-06-29,12.30,12.61,12.13,12.61,60400,12.61
2007-06-28,12.17,12.43,12.10,12.30,22900,12.30
2007-06-27,11.95,12.37,11.61,12.14,106300,12.14
2007-06-26,12.40,13.09,12.00,12.01,158000,12.01
2007-06-25,12.28,12.83,12.11,12.32,185900,12.32
2007-06-22,12.80,12.80,12.32,12.32,369300,12.32
2007-06-21,13.21,13.21,12.74,13.21,164900,13.21
2007-06-20,13.50,13.62,12.76,13.25,179200,13.25
2007-06-19,13.41,13.62,13.37,13.50,35100,13.50
2007-06-18,13.64,14.13,13.64,14.13,51000,14.13
2007-06-15,13.88,13.88,13.56,13.83,98800,13.83
2007-06-14,13.36,13.84,13.34,13.62,129900,13.62
2007-06-13,13.31,13.64,13.17,13.46,77800,13.46
2007-06-12,13.65,13.69,13.24,13.33,78200,13.33
2007-06-11,13.86,14.00,13.24,13.81,61900,13.81
2007-06-08,13.53,13.83,13.24,13.74,45900,13.74
2007-06-07,14.01,14.10,13.55,14.10,119100,14.10
2007-06-06,14.50,14.50,14.00,14.04,38900,14.04
2007-06-05,14.20,14.58,14.20,14.58,91500,14.58
2007-06-04,14.48,15.00,14.05,14.26,78500,14.26
2007-06-01,14.77,14.77,14.36,14.50,52800,14.50
2007-05-31,14.38,14.76,14.10,14.56,274200,14.56
2007-05-30,14.58,14.70,14.05,14.47,162500,14.47
2007-05-29,14.60,14.92,14.56,14.81,78500,14.81
2007-05-25,14.59,14.85,14.59,14.75,45000,14.75
2007-05-24,14.77,16.00,14.60,16.00,134900,16.00
2007-05-23,15.08,15.45,14.69,14.70,51500,14.70
2007-05-22,15.25,15.40,14.88,14.96,52300,14.96
2007-05-21,15.38,15.62,15.30,15.62,88700,15.62
2007-05-18,15.38,15.62,15.38,15.62,70700,15.62
2007-05-17,15.10,16.00,15.00,15.36,149300,15.36
2007-05-16,15.06,15.99,14.59,15.06,128600,15.06
2007-05-15,15.86,15.98,15.00,15.29,111600,15.29
2007-05-14,15.69,15.99,15.50,15.52,45800,15.52
2007-05-11,15.69,16.00,15.29,15.58,52900,15.58
2007-05-10,15.86,16.04,15.70,15.70,91100,15.70
2007-05-09,15.95,16.03,15.61,16.03,111400,16.03
2007-05-08,16.00,16.07,16.00,16.07,39300,16.07
2007-05-07,16.07,16.07,15.89,16.06,31400,16.06
2007-05-04,16.07,16.07,15.84,16.07,52100,16.07
2007-05-03,15.99,16.07,15.99,16.07,145300,16.07
2007-05-02,16.07,16.07,15.94,16.00,50700,16.00
2007-05-01,16.00,16.50,15.84,15.98,231400,15.98
2007-04-30,16.05,16.37,15.99,16.22,60100,16.22
2007-04-27,16.41,16.50,16.04,16.05,14800,16.05
2007-04-26,16.46,16.69,16.199,16.50,25700,16.50
2007-04-25,15.65,17.43,15.59,16.50,905400,16.50
2007-04-24,15.56,15.72,15.35,15.70,377400,15.70
2007-04-23,16.27,16.73,15.65,15.86,52500,15.86
2007-04-20,17.17,17.49,16.20,16.28,71100,16.28
2007-04-19,16.72,16.82,16.61,16.82,25100,16.82
2007-04-18,16.97,17.49,16.76,16.90,28700,16.90
2007-04-17,17.22,17.74,16.68,16.98,22700,16.98
2007-04-16,17.00,17.70,17.00,17.32,46700,17.32
2007-04-13,16.46,20.67,16.46,16.79,25900,16.79
2007-04-12,16.144,16.69,16.00,16.49,23100,16.49
2007-04-11,16.10,16.69,15.57,16.13,42000,16.13
2007-04-10,16.38,16.45,16.01,16.01,11400,16.01
2007-04-09,16.54,17.221,16.29,16.41,40700,16.41
2007-04-05,16.02,17.24,15.91,16.45,111500,16.45
2007-04-04,15.50,16.08,14.95,16.08,53200,16.08
2007-04-03,15.27,16.18,15.27,15.50,133400,15.50
2007-04-02,14.42,16.12,14.42,15.07,145000,15.07
2007-03-30,14.99,15.14,14.34,14.80,39400,14.80
2007-03-29,15.08,15.08,14.53,14.93,17500,14.93
2007-03-28,14.98,15.25,14.90,15.25,25700,15.25
2007-03-27,15.21,15.59,14.77,15.04,23900,15.04
2007-03-26,15.38,15.66,15.16,15.19,13100,15.19
2007-03-23,15.08,15.73,15.08,15.41,34500,15.41
2007-03-22,14.85,15.70,14.77,15.13,26700,15.13
2007-03-21,14.71,14.89,14.71,14.89,39700,14.89
2007-03-20,14.83,14.83,14.38,14.66,18800,14.66
2007-03-19,14.76,15.03,14.72,14.85,24400,14.85
2007-03-16,14.41,14.78,14.31,14.68,56300,14.68
2007-03-15,14.32,14.75,14.25,14.37,45000,14.37
2007-03-14,14.70,14.85,14.11,14.24,60400,14.24
2007-03-13,15.05,15.24,14.65,14.89,54800,14.89
2007-03-12,15.05,15.63,14.56,15.22,22200,15.22
2007-03-09,15.18,15.63,14.87,15.30,43500,15.30
2007-03-08,14.90,15.15,14.75,15.00,83300,15.00
2007-03-07,14.98,14.98,14.36,14.81,110900,14.81
2007-03-06,13.92,15.42,13.92,15.12,57100,15.12
2007-03-05,14.00,14.32,13.73,13.74,85200,13.74
2007-03-02,14.01,14.34,13.98,14.26,104500,14.26
2007-03-01,14.10,14.63,13.62,14.08,138300,14.08
2007-02-28,14.49,14.49,14.26,14.49,90100,14.49
2007-02-27,14.78,14.86,14.06,14.35,102200,14.35
2007-02-26,15.82,15.822,14.43,15.01,171200,15.01
2007-02-23,15.62,16.01,15.30,15.63,40300,15.63
2007-02-22,15.70,15.70,15.17,15.53,186400,15.53
2007-02-21,15.35,16.10,15.35,16.10,156400,16.10
2007-02-20,15.27,16.92,15.27,16.92,451200,16.92
2007-02-16,15.30,15.31,15.00,15.22,34800,15.22
2007-02-15,14.92,15.48,14.87,15.29,26100,15.29
2007-02-14,14.53,15.58,14.53,15.58,69500,15.58
2007-02-13,14.50,14.89,14.30,14.59,62300,14.59
2007-02-12,14.65,14.85,14.27,14.50,122000,14.50
2007-02-09,14.77,14.84,14.19,14.54,41600,14.54
2007-02-08,13.40,15.14,13.40,14.75,302800,14.75
2007-02-07,12.71,13.40,12.70,13.40,88600,13.40
2007-02-06,12.17,12.75,12.17,12.75,167100,12.75
2007-02-05,12.36,12.46,12.01,12.20,18700,12.20
2007-02-02,12.60,12.60,12.17,12.40,25400,12.40
2007-02-01,12.55,12.74,12.23,12.48,35500,12.48
2007-01-31,12.27,12.50,12.11,12.23,50400,12.23
2007-01-30,12.17,12.47,11.92,12.38,64000,12.38
2007-01-29,12.31,12.37,12.06,12.18,50100,12.18
2007-01-26,12.01,12.43,12.01,12.43,11500,12.43
2007-01-25,12.16,12.42,11.96,12.31,22100,12.31
2007-01-24,12.53,12.53,12.19,12.25,13400,12.25
2007-01-23,12.12,12.41,12.00,12.41,16600,12.41
2007-01-22,11.70,12.21,11.70,12.16,11700,12.16
2007-01-19,11.76,12.40,11.70,11.88,93500,11.88
2007-01-18,12.11,12.12,11.70,11.72,41000,11.72
2007-01-17,12.62,12.75,12.13,12.13,23400,12.13
2007-01-16,13.31,13.31,12.61,12.70,36000,12.70
2007-01-12,13.39,13.39,12.87,12.9479,50200,12.9479
2007-01-11,13.08,13.30,12.92,13.30,150400,13.30
2007-01-10,12.65,13.14,12.58,12.97,151000,12.97
2007-01-09,12.88,12.88,12.61,12.75,67100,12.75
2007-01-08,12.34,12.75,12.28,12.75,107600,12.75
2007-01-05,12.37,12.73,12.02,12.34,121300,12.34
2007-01-04,12.57,12.57,12.23,12.47,5600,12.47
2007-01-03,12.43,13.25,11.79,12.62,69000,12.62
2006-12-29,12.70,12.70,12.01,12.32,35100,12.32
2006-12-28,12.61,12.70,12.49,12.61,5100,12.61
2006-12-27,12.35,12.61,12.35,12.61,12000,12.61
2006-12-26,12.00,12.50,11.85,12.39,17900,12.39
2006-12-22,11.94,11.94,11.85,11.88,10400,11.88
2006-12-21,11.85,12.18,11.85,11.90,33300,11.90
2006-12-20,11.54,11.90,11.37,11.89,46400,11.89
2006-12-19,11.21,11.75,11.03,11.18,127500,11.18
2006-12-18,11.74,12.49,11.04,11.43,82900,11.43
2006-12-15,12.85,12.85,11.51,12.02,244700,12.02
2006-12-14,12.99,12.99,12.36,12.45,31800,12.45
2006-12-13,12.43,13.00,11.93,12.88,38100,12.88
2006-12-12,13.10,13.30,12.311,12.57,41700,12.57
2006-12-11,12.90,12.99,12.65,12.88,28000,12.88
2006-12-08,12.80,13.30,12.80,12.87,38200,12.87
2006-12-07,12.91,13.39,12.55,12.99,6600,12.99
2006-12-06,12.60,13.25,12.60,12.99,29900,12.99
2006-12-05,13.45,13.75,12.76,12.84,80800,12.84
2006-12-04,13.15,13.75,12.56,13.13,162400,13.13
2006-12-01,13.00,14.13,12.86,14.13,814800,14.13
2006-11-30,12.50,13.25,11.85,13.25,74700,13.25
2006-11-29,12.45,12.50,10.65,12.00,15400,12.00
2006-11-28,11.23,12.36,10.60,12.30,15900,12.30
2006-11-27,10.61,11.07,10.61,11.07,28300,11.07
2006-11-24,10.40,11.00,9.75,10.95,18800,10.95
2006-11-22,10.50,10.50,10.25,10.31,19700,10.31
2006-11-21,11.27,11.27,10.66,10.66,13300,10.66
2006-11-20,11.25,12.12,11.25,11.50,11000,11.50
2006-11-17,11.60,11.96,11.38,11.76,10200,11.76
2006-11-16,11.04,11.87,11.00,11.60,31000,11.60
2006-11-15,11.00,12.09,10.50,12.00,62200,12.00
2006-11-14,10.23,11.15,9.50,11.01,58500,11.01
2006-11-13,9.77,10.31,9.65,10.31,90500,10.31
2006-11-10,9.25,9.80,9.25,9.75,88000,9.75
2006-11-09,9.30,9.45,9.25,9.25,14900,9.25
2006-11-08,9.21,9.45,9.21,9.35,62100,9.35
2006-11-07,9.50,9.55,9.25,9.45,194900,9.45
2006-11-06,9.40,9.51,9.17,9.45,105800,9.45
2006-11-03,9.15,9.42,8.88,9.42,139300,9.42
2006-11-02,9.06,9.30,8.25,9.29,104100,9.29
2006-11-01,9.45,9.50,9.25,9.29,58500,9.29
2006-10-31,9.46,9.75,9.45,9.60,95100,9.60
2006-10-30,9.35,10.04,9.35,9.74,78200,9.74
2006-10-27,9.25,9.75,9.12,9.75,90300,9.75
2006-10-26,9.26,9.30,9.10,9.29,474200,9.29
2006-10-25,9.00,9.65,9.00,9.65,1889000,9.65
