Date,Open,High,Low,Close,Volume,Adj Close
2013-01-24,16.00,16.01,15.99,15.99,132300,15.99
2013-01-23,15.99,16.01,15.99,16.00,334400,16.00
2013-01-22,15.99,16.00,15.98,15.98,217500,15.98
2013-01-21,15.99,15.99,15.99,15.99,000,15.99
2013-01-18,15.99,15.99,15.98,15.99,132000,15.99
2013-01-17,15.99,15.99,15.98,15.98,399200,15.98
2013-01-16,15.99,16.00,15.98,15.98,1091900,15.98
2013-01-15,15.98,16.00,15.98,15.98,692000,15.98
2013-01-14,15.98,16.00,15.98,15.98,1358200,15.98
2013-01-11,16.00,16.02,15.96,15.98,1193900,15.98
2013-01-10,16.06,16.06,15.99,16.00,819500,16.00
2013-01-09,16.06,16.09,16.03,16.05,400100,16.05
2013-01-08,16.05,16.10,16.05,16.05,169300,16.05
2013-01-07,16.06,16.15,16.05,16.05,310300,16.05
2013-01-04,16.12,16.17,16.08,16.10,391300,16.10
2013-01-03,16.15,16.18,16.09,16.16,399800,16.16
2013-01-02,16.27,16.30,16.10,16.19,533100,16.19
2013-01-01,16.19,16.19,16.19,16.19,000,16.19
2012-12-31,16.13,16.23,16.10,16.19,319800,16.19
2012-12-28,16.08,16.20,16.06,16.13,246800,16.13
2012-12-27,16.14,16.22,16.09,16.12,278400,16.12
2012-12-26,16.16,16.20,16.05,16.10,165500,16.10
2012-12-25,16.16,16.16,16.16,16.16,000,16.16
2012-12-24,16.22,16.22,16.10,16.16,160500,16.16
2012-12-21,16.17,16.23,16.05,16.19,540100,16.19
2012-12-20,16.05,16.27,16.05,16.27,588200,16.27
2012-12-19,15.99,16.07,15.99,16.05,897200,16.05
2012-12-18,16.00,16.05,15.98,15.98,2345500,15.98
2012-12-17,15.95,16.64,15.95,16.10,8918700,16.10
2012-12-14,12.05,12.35,11.95,12.32,125000,12.32
2012-12-13,12.68,12.75,12.04,12.05,179800,12.05
2012-12-12,12.66,12.84,12.52,12.64,75600,12.64
2012-12-11,12.58,12.73,12.43,12.64,113600,12.64
2012-12-10,12.61,12.69,12.44,12.52,133500,12.52
2012-12-07,12.60,12.64,12.47,12.56,72600,12.56
2012-12-06,12.63,12.85,12.5202,12.5687,143300,12.5687
2012-12-05,12.75,12.87,12.50,12.66,161900,12.66
2012-12-04,12.40,12.79,12.16,12.7002,229800,12.7002
2012-12-03,12.14,12.24,12.00,12.14,78800,12.14
2012-11-30,12.30,12.31,11.92,12.05,152100,12.05
2012-11-29,12.12,12.45,12.12,12.31,149600,12.31
2012-11-28,11.88,12.17,11.79,12.01,248000,12.01
2012-11-27,12.00,12.15,11.57,11.58,177400,11.58
2012-11-26,11.70,12.05,11.69,12.02,123000,12.02
2012-11-23,11.87,11.95,11.68,11.76,55800,11.76
2012-11-22,11.87,11.87,11.87,11.87,000,11.87
2012-11-21,11.55,11.87,11.42,11.87,110100,11.87
2012-11-20,11.44,11.60,11.24,11.54,147200,11.54
2012-11-19,11.26,11.41,10.90,11.40,252500,11.40
2012-11-16,10.60,11.15,10.53,11.14,345300,11.14
2012-11-15,11.18,11.33,10.22,10.5609,649900,10.5609
2012-11-14,11.59,11.70,11.15,11.19,176900,11.19
2012-11-13,11.80,11.8887,11.50,11.58,145400,11.58
2012-11-12,12.02,12.0893,11.66,11.85,170300,11.85
2012-11-09,11.17,12.07,10.86,11.95,580200,11.95
2012-11-08,11.81,11.85,10.90,11.15,392500,11.15
2012-11-07,12.00,12.17,11.78,11.78,98200,11.78
2012-11-06,12.23,12.36,11.95,12.13,130500,12.13
2012-11-05,12.03,12.2458,11.96,12.13,88400,12.13
2012-11-02,12.13,12.3099,12.01,12.04,203200,12.04
2012-11-01,12.03,12.25,12.01,12.03,267900,12.03
2012-10-31,11.85,12.04,11.70,11.9879,195100,11.9879
2012-10-30,11.82,11.82,11.82,11.82,000,11.82
2012-10-29,11.82,11.82,11.82,11.82,000,11.82
2012-10-26,11.78,11.9583,11.72,11.82,80100,11.82
2012-10-25,11.58,11.99,11.58,11.81,179000,11.81
2012-10-24,11.71,11.86,11.35,11.76,244500,11.76
2012-10-23,11.86,12.03,11.65,11.68,245400,11.68
2012-10-22,11.94,12.0373,11.83,11.99,191200,11.99
2012-10-19,11.75,11.95,11.63,11.94,574200,11.94
2012-10-18,12.30,12.49,11.71,11.85,2503300,11.85
2012-10-17,12.45,12.57,12.271,12.32,154100,12.32
2012-10-16,12.70,12.92,12.34,12.45,238500,12.45
2012-10-15,12.67,12.83,12.51,12.65,185000,12.65
2012-10-12,12.78,12.91,12.55,12.65,63800,12.65
2012-10-11,12.80,12.95,12.70,12.78,81300,12.78
2012-10-10,12.99,12.99,12.65,12.68,147000,12.68
2012-10-09,12.99,13.03,12.82,12.92,161700,12.92
2012-10-08,13.11,13.14,12.85,12.93,200400,12.93
2012-10-05,13.36,13.50,12.87,13.19,207200,13.19
2012-10-04,13.69,13.74,13.21,13.29,269400,13.29
2012-10-03,13.94,14.24,13.65,13.67,173300,13.67
2012-10-02,13.92,13.95,13.5906,13.95,185000,13.95
2012-10-01,13.79,14.09,13.58,13.87,110000,13.87
2012-09-28,13.90,13.90,13.56,13.72,67100,13.72
2012-09-27,13.68,13.99,13.43,13.99,120900,13.99
2012-09-26,13.78,13.94,13.47,13.60,183400,13.60
2012-09-25,14.36,14.49,13.68,13.7897,177600,13.7897
2012-09-24,14.40,14.45,14.16,14.34,197600,14.34
2012-09-21,14.79,14.95,14.25,14.34,328600,14.34
2012-09-20,13.67,14.71,13.4701,14.7092,395800,14.7092
2012-09-19,14.01,14.10,13.36,13.81,547600,13.81
2012-09-18,13.76,13.92,13.52,13.92,234500,13.92
2012-09-17,13.94,13.94,13.29,13.80,198900,13.80
2012-09-14,14.06,14.25,13.70,14.03,274700,14.03
2012-09-13,13.98,14.20,13.73,14.05,201600,14.05
2012-09-12,14.19,14.40,13.91,13.99,142900,13.99
2012-09-11,14.15,14.34,14.00,14.09,173500,14.09
2012-09-10,13.83,14.40,13.67,14.11,228400,14.11
2012-09-07,13.83,13.90,13.67,13.82,239000,13.82
2012-09-06,13.43,13.87,13.33,13.83,251300,13.83
2012-09-05,13.15,13.54,13.075,13.34,284600,13.34
2012-09-04,12.80,13.1999,12.63,13.13,210200,13.13
2012-09-03,12.79,12.79,12.79,12.79,000,12.79
2012-08-31,12.82,12.91,12.51,12.79,185300,12.79
2012-08-30,12.61,12.86,12.4428,12.67,183900,12.67
2012-08-29,12.48,13.009,12.41,12.61,314800,12.61
2012-08-28,12.36,12.59,12.31,12.47,155200,12.47
2012-08-27,12.35,12.63,12.22,12.39,104300,12.39
2012-08-24,12.10,12.40,12.00,12.34,193400,12.34
2012-08-23,12.40,12.49,12.07,12.16,123800,12.16
2012-08-22,12.51,12.68,12.32,12.41,129500,12.41
2012-08-21,12.51,12.81,12.45,12.56,125900,12.56
2012-08-20,12.63,12.73,12.20,12.52,238500,12.52
2012-08-17,12.71,12.85,12.48,12.64,358900,12.64
2012-08-16,12.63,12.89,12.56,12.74,184300,12.74
2012-08-15,12.59,12.91,12.30,12.68,225600,12.68
2012-08-14,12.83,12.94,12.37,12.51,281700,12.51
2012-08-13,12.40,12.95,12.3607,12.80,320700,12.80
2012-08-10,12.46,12.5875,12.07,12.44,343300,12.44
2012-08-09,12.46,12.72,12.11,12.50,440500,12.50
2012-08-08,11.71,12.51,11.05,12.44,702900,12.44
2012-08-07,10.50,11.88,10.05,11.81,1421000,11.81
2012-08-06,11.49,11.61,10.95,10.95,893600,10.95
2012-08-03,11.07,11.62,11.04,11.45,416000,11.45
2012-08-02,11.04,11.29,10.80,10.92,305900,10.92
2012-08-01,11.41,11.41,11.04,11.07,209100,11.07
2012-07-31,11.07,11.41,10.95,11.37,374200,11.37
2012-07-30,11.34,11.34,10.8905,11.08,559500,11.08
2012-07-27,11.38,11.58,11.20,11.39,359300,11.39
2012-07-26,12.03,12.20,11.765,11.97,202700,11.97
2012-07-25,12.43,12.63,11.71,11.78,234500,11.78
2012-07-24,11.76,12.38,11.66,12.30,538800,12.30
2012-07-23,11.60,11.90,11.24,11.67,569300,11.67
2012-07-20,11.05,11.23,11.00,11.20,460800,11.20
2012-07-19,11.53,11.59,11.12,11.20,448600,11.20
2012-07-18,11.89,11.95,11.54,11.60,290200,11.60
2012-07-17,12.19,12.31,11.75,11.97,224600,11.97
2012-07-16,12.38,12.45,12.02,12.05,216800,12.05
2012-07-13,12.78,12.919,12.49,12.50,162200,12.50
2012-07-12,12.56,12.91,12.52,12.775,159200,12.775
2012-07-11,13.17,13.175,12.77,12.84,208100,12.84
2012-07-10,13.02,13.24,12.99,13.22,144300,13.22
2012-07-09,12.95,13.28,12.828,12.89,149200,12.89
2012-07-06,13.07,13.14,12.78,13.02,145100,13.02
2012-07-05,12.92,13.30,12.86,13.24,258100,13.24
2012-07-04,13.01,13.01,13.01,13.01,000,13.01
2012-07-03,13.00,13.03,12.88,13.01,96800,13.01
2012-07-02,12.89,13.04,12.47,13.00,215100,13.00
2012-06-29,12.89,12.96,12.60,12.91,164100,12.91
2012-06-28,12.59,12.80,12.25,12.54,124900,12.54
2012-06-27,12.61,12.90,12.51,12.75,122200,12.75
2012-06-26,12.56,12.605,12.23,12.56,260800,12.56
2012-06-25,12.48,12.61,12.24,12.52,212200,12.52
2012-06-22,12.63,13.17,12.47,12.56,1826000,12.56
2012-06-21,12.62,12.66,12.131,12.53,431300,12.53
2012-06-20,12.85,12.9302,12.47,12.76,302100,12.76
2012-06-19,12.45,13.18,12.45,12.82,389300,12.82
2012-06-18,11.85,12.35,11.75,12.30,322000,12.30
2012-06-15,12.03,12.04,11.78,11.99,238800,11.99
2012-06-14,11.13,12.11,11.13,11.98,366400,11.98
2012-06-13,10.84,11.56,10.61,11.10,454700,11.10
2012-06-12,11.62,11.89,10.92,10.98,494900,10.98
2012-06-11,12.48,12.50,11.59,11.59,468100,11.59
2012-06-08,12.11,12.43,11.84,12.38,171800,12.38
2012-06-07,12.37,12.40,12.16,12.19,163500,12.19
2012-06-06,12.08,12.37,12.08,12.28,207200,12.28
2012-06-05,12.06,12.13,11.94,11.98,334100,11.98
2012-06-04,11.77,12.26,11.60,12.21,454600,12.21
2012-06-01,11.74,11.84,11.54,11.76,475000,11.76
2012-05-31,11.79,12.12,11.70,11.90,589400,11.90
2012-05-30,11.59,11.87,11.47,11.81,422900,11.81
2012-05-29,11.64,11.8952,11.64,11.76,403700,11.76
2012-05-28,11.61,11.61,11.61,11.61,000,11.61
2012-05-25,11.36,11.87,11.11,11.61,497800,11.61
2012-05-24,10.85,11.38,10.66,11.36,602100,11.36
2012-05-23,10.31,10.93,10.22,10.85,561000,10.85
2012-05-22,10.49,10.54,10.26,10.39,817000,10.39
2012-05-21,10.25,10.38,9.93,10.31,522300,10.31
2012-05-18,10.57,10.67,10.15,10.24,432800,10.24
2012-05-17,10.90,11.09,10.42,10.48,680300,10.48
2012-05-16,11.72,11.87,10.76,10.80,749100,10.80
2012-05-15,11.75,12.17,11.73,11.75,404900,11.75
2012-05-14,12.90,12.90,11.76,11.77,681900,11.77
2012-05-11,12.10,12.77,12.10,12.76,698300,12.76
2012-05-10,12.16,12.3576,11.86,12.22,383500,12.22
2012-05-09,11.91,12.14,11.7314,12.04,381100,12.04
2012-05-08,11.93,12.13,11.41,12.04,669900,12.04
2012-05-07,12.12,12.25,11.60,12.00,786100,12.00
2012-05-04,12.88,13.00,11.30,12.10,2260700,12.10
2012-05-03,15.91,15.95,13.90,13.99,1815700,13.99
2012-05-02,16.69,16.93,16.33,16.49,185300,16.49
2012-05-01,16.49,16.98,16.26,16.74,468300,16.74
2012-04-30,16.65,16.65,16.41,16.41,122600,16.41
2012-04-27,16.62,16.80,16.31,16.67,123200,16.67
2012-04-26,16.07,16.76,15.99,16.65,193900,16.65
2012-04-25,15.97,16.15,15.81,16.13,204000,16.13
2012-04-24,15.97,16.14,15.68,15.83,243500,15.83
2012-04-23,16.39,16.46,15.88,15.96,231200,15.96
2012-04-20,16.68,16.68,16.40,16.45,160100,16.45
2012-04-19,16.98,16.99,16.50,16.50,171800,16.50
2012-04-18,17.08,17.13,16.84,16.94,190400,16.94
2012-04-17,16.94,17.19,16.72,17.11,201100,17.11
2012-04-16,17.00,17.04,16.46,16.82,253600,16.82
2012-04-13,16.96,17.04,16.78,16.98,210400,16.98
2012-04-12,17.42,17.60,16.93,16.99,326000,16.99
2012-04-11,17.12,17.45,16.90,17.45,272800,17.45
2012-04-10,18.04,18.04,16.86,16.93,370200,16.93
2012-04-09,17.82,18.07,17.805,18.03,186500,18.03
2012-04-06,18.16,18.16,18.16,18.16,000,18.16
2012-04-05,17.91,18.21,17.791,18.16,206100,18.16
2012-04-04,18.08,18.08,17.76,18.00,237900,18.00
2012-04-03,18.12,18.31,17.97,18.18,234600,18.18
2012-04-02,18.76,18.84,18.00,18.22,428400,18.22
2012-03-30,18.36,18.71,18.07,18.64,426400,18.64
2012-03-29,17.89,18.44,17.78,18.15,303400,18.15
2012-03-28,17.91,18.08,17.75,18.00,277100,18.00
2012-03-27,17.75,18.23,17.75,17.92,211200,17.92
2012-03-26,17.50,17.84,17.44,17.70,304300,17.70
2012-03-23,16.58,17.47,16.50,17.31,299600,17.31
2012-03-22,16.25,16.57,16.25,16.32,198200,16.32
2012-03-21,16.35,16.59,16.10,16.50,214400,16.50
2012-03-20,16.16,16.49,16.00,16.36,206400,16.36
2012-03-19,16.81,16.89,16.18,16.27,341900,16.27
2012-03-16,16.79,16.95,16.62,16.93,328500,16.93
2012-03-15,16.09,17.00,15.90,16.84,318600,16.84
2012-03-14,16.09,16.17,15.80,16.07,440800,16.07
2012-03-13,16.43,16.50,16.00,16.19,447800,16.19
2012-03-12,16.50,16.66,16.12,16.31,344900,16.31
2012-03-09,16.84,16.92,16.62,16.70,149800,16.70
2012-03-08,16.87,16.998,16.75,16.91,152000,16.91
2012-03-07,16.53,16.75,16.31,16.69,158900,16.69
2012-03-06,16.67,16.766,16.42,16.50,137000,16.50
2012-03-05,16.75,17.019,16.66,16.89,151300,16.89
2012-03-02,16.90,17.03,16.61,16.77,251100,16.77
2012-03-01,16.74,17.12,16.57,16.88,522300,16.88
2012-02-29,16.81,17.15,16.56,16.58,189300,16.58
2012-02-28,16.67,16.9778,16.56,16.66,167700,16.66
2012-02-27,16.89,17.01,16.50,16.72,339600,16.72
2012-02-24,17.15,17.2396,16.50,17.04,408900,17.04
2012-02-23,18.19,18.60,17.07,17.15,858100,17.15
2012-02-22,17.73,17.99,17.07,17.59,411700,17.59
2012-02-21,17.73,18.00,17.20,17.72,481200,17.72
2012-02-20,17.55,17.55,17.55,17.55,000,17.55
2012-02-17,17.94,18.01,17.54,17.55,229500,17.55
2012-02-16,17.55,18.00,17.55,17.90,268400,17.90
2012-02-15,17.97,17.97,17.28,17.54,288500,17.54
2012-02-14,17.84,17.90,17.54,17.88,166500,17.88
2012-02-13,17.64,17.815,17.33,17.81,214600,17.81
2012-02-10,16.80,17.47,16.54,17.41,329300,17.41
2012-02-09,17.49,17.53,16.96,16.975,315100,16.975
2012-02-08,17.79,17.90,17.54,17.58,238300,17.58
2012-02-07,17.55,17.98,17.42,17.63,158400,17.63
2012-02-06,17.93,18.24,17.53,17.57,254000,17.57
2012-02-03,17.74,18.066,17.45,17.94,370100,17.94
2012-02-02,17.39,17.53,17.15,17.49,226100,17.49
2012-02-01,17.12,17.40,16.95,17.0575,257900,17.0575
2012-01-31,17.15,17.15,16.8175,16.96,207200,16.96
2012-01-30,17.03,17.15,16.82,17.05,161500,17.05
2012-01-27,17.00,17.36,16.885,17.14,373400,17.14
2012-01-26,16.99,17.17,16.78,17.14,290000,17.14
2012-01-25,16.39,16.95,16.365,16.94,294900,16.94
2012-01-24,16.07,16.50,16.00,16.43,115400,16.43
2012-01-23,16.45,16.58,16.02,16.18,277700,16.18
2012-01-20,16.54,16.68,16.27,16.36,209000,16.36
2012-01-19,16.27,16.66,16.25,16.60,250500,16.60
2012-01-18,15.36,16.20,15.36,16.17,283500,16.17
2012-01-17,16.02,16.119,15.29,15.35,227400,15.35
2012-01-16,15.94,15.94,15.94,15.94,000,15.94
2012-01-13,15.47,16.02,15.10,15.94,403600,15.94
2012-01-12,14.75,15.60,14.72,15.57,472100,15.57
2012-01-11,14.20,14.61,14.06,14.60,190700,14.60
2012-01-10,14.30,14.40,14.12,14.31,183600,14.31
2012-01-09,13.89,14.21,13.80,14.12,204400,14.12
2012-01-06,13.95,14.06,13.6301,13.84,219200,13.84
2012-01-05,13.82,14.00,13.55,13.90,290000,13.90
2012-01-04,14.12,14.23,13.86,13.92,272000,13.92
2012-01-03,14.22,14.35,14.10,14.15,455400,14.15
2012-01-02,13.95,13.95,13.95,13.95,000,13.95
2011-12-30,13.93,14.05,13.88,13.95,258900,13.95
2011-12-29,13.93,14.00,13.79,13.96,117300,13.96
2011-12-28,14.05,14.05,13.72,13.84,152600,13.84
2011-12-27,14.21,14.21,13.78,14.11,163700,14.11
2011-12-26,14.21,14.21,14.21,14.21,000,14.21
2011-12-23,13.61,14.26,13.585,14.21,198700,14.21
2011-12-22,13.60,13.66,13.41,13.61,131900,13.61
2011-12-21,13.47,13.75,13.3125,13.74,127600,13.74
2011-12-20,13.52,13.58,13.39,13.52,179800,13.52
2011-12-19,13.68,13.75,13.15,13.22,195400,13.22
2011-12-16,13.37,13.61,13.328,13.58,189300,13.58
2011-12-15,13.27,13.35,13.02,13.30,143300,13.30
2011-12-14,13.04,13.21,12.76,13.10,204200,13.10
2011-12-13,13.31,13.47,12.99,13.16,287600,13.16
2011-12-12,13.04,13.33,12.93,13.30,182000,13.30
2011-12-09,13.50,13.64,13.00,13.04,340200,13.04
2011-12-08,13.18,13.7301,13.10,13.43,253900,13.43
2011-12-07,12.90,13.33,12.76,13.29,215600,13.29
2011-12-06,13.01,13.12,12.72,13.02,275700,13.02
2011-12-05,13.44,13.44,12.856,13.06,347200,13.06
2011-12-02,13.84,13.84,13.44,13.45,138500,13.45
2011-12-01,13.47,13.8299,13.27,13.58,196700,13.58
2011-11-30,13.45,13.68,13.268,13.51,279000,13.51
2011-11-29,13.42,13.42,12.90,12.99,179100,12.99
2011-11-28,12.83,13.50,12.83,13.37,253400,13.37
2011-11-25,12.25,12.69,12.23,12.45,78200,12.45
2011-11-24,12.30,12.30,12.30,12.30,000,12.30
2011-11-23,12.92,13.12,12.30,12.30,208800,12.30
2011-11-22,13.13,13.39,13.00,13.02,138700,13.02
2011-11-21,13.27,13.31,13.0529,13.11,164100,13.11
2011-11-18,13.22,13.6199,13.03,13.55,186000,13.55
2011-11-17,13.80,13.95,13.00,13.16,415900,13.16
2011-11-16,13.89,14.05,13.68,13.87,229300,13.87
2011-11-15,13.38,14.05,13.291,13.99,187200,13.99
2011-11-14,13.43,13.49,13.26,13.45,213700,13.45
2011-11-11,13.42,13.80,13.37,13.53,247000,13.53
2011-11-10,14.14,14.14,13.04,13.28,485700,13.28
2011-11-09,14.00,14.18,13.59,13.99,505200,13.99
2011-11-08,14.48,14.68,14.02,14.41,662800,14.41
2011-11-07,14.70,14.70,14.06,14.34,346500,14.34
2011-11-04,14.02,14.73,13.90,14.68,435500,14.68
2011-11-03,13.77,14.17,13.26,14.12,308100,14.12
2011-11-02,13.54,13.66,13.22,13.59,298400,13.59
2011-11-01,13.16,13.57,13.0208,13.29,257000,13.29
2011-10-31,14.11,14.20,13.62,13.65,228800,13.65
2011-10-28,13.65,14.30,13.54,14.20,445500,14.20
2011-10-27,13.14,13.76,12.80,13.63,448200,13.63
2011-10-26,13.03,13.08,12.34,12.70,317900,12.70
2011-10-25,13.30,13.30,12.71,12.75,194400,12.75
2011-10-24,13.10,13.40,12.88,13.35,270700,13.35
2011-10-21,13.00,13.10,12.81,13.10,188800,13.10
2011-10-20,12.88,12.88,12.23,12.75,230000,12.75
2011-10-19,12.81,13.24,12.67,12.92,241500,12.92
2011-10-18,13.02,13.07,12.52,12.82,264000,12.82
2011-10-17,13.40,13.40,12.77,13.00,344900,13.00
2011-10-14,13.49,13.49,13.26,13.37,233000,13.37
2011-10-13,13.01,13.40,12.92,13.30,175000,13.30
2011-10-12,12.90,13.39,12.77,13.10,347000,13.10
2011-10-11,12.60,12.94,12.47,12.79,294400,12.79
2011-10-10,12.64,13.04,12.48,12.73,367300,12.73
2011-10-07,12.66,12.701,12.22,12.41,426600,12.41
2011-10-06,11.87,12.81,11.78,12.59,449300,12.59
2011-10-05,11.97,12.26,11.69,11.85,478400,11.85
2011-10-04,10.39,11.90,10.32,11.89,524600,11.89
2011-10-03,11.92,11.98,10.41,10.51,749900,10.51
2011-09-30,12.02,12.2408,11.63,11.82,392400,11.82
2011-09-29,12.46,12.77,11.9304,12.20,346200,12.20
2011-09-28,13.16,13.16,12.28,12.35,369700,12.35
2011-09-27,12.81,13.50,12.65,13.055,477300,13.055
2011-09-26,12.63,12.78,12.00,12.52,325600,12.52
2011-09-23,11.86,12.50,11.8101,12.50,358300,12.50
2011-09-22,12.84,12.8551,11.67,11.94,917200,11.94
2011-09-21,13.48,13.81,13.05,13.13,346100,13.13
2011-09-20,14.46,14.5792,13.37,13.46,448100,13.46
2011-09-19,14.54,14.57,14.04,14.33,387800,14.33
2011-09-16,14.61,14.95,14.29,14.81,397900,14.81
2011-09-15,14.50,14.65,14.13,14.54,388300,14.54
2011-09-14,13.86,14.60,13.83,14.44,647200,14.44
2011-09-13,13.59,13.85,13.35,13.69,493300,13.69
2011-09-12,13.44,13.92,13.30,13.43,537700,13.43
2011-09-09,14.07,14.19,13.17,13.60,452400,13.60
2011-09-08,14.54,14.95,14.10,14.23,361800,14.23
2011-09-07,14.45,14.89,14.40,14.56,508400,14.56
2011-09-06,13.72,14.20,13.30,14.14,537100,14.14
2011-09-02,14.49,14.5599,14.06,14.21,357900,14.21
2011-09-01,15.12,15.38,14.48,14.71,418600,14.71
2011-08-31,15.69,15.85,14.80,15.15,695300,15.15
2011-08-30,14.29,15.70,14.15,15.50,1330800,15.50
2011-08-29,13.83,14.48,13.73,14.29,735500,14.29
2011-08-26,13.50,13.83,13.10,13.59,389800,13.59
2011-08-25,14.33,14.63,13.50,13.55,394200,13.55
2011-08-24,13.55,14.33,13.37,14.25,741200,14.25
2011-08-23,13.38,13.98,13.13,13.92,517300,13.92
2011-08-22,13.49,13.74,13.25,13.40,569300,13.40
2011-08-19,13.27,13.95,13.10,13.21,815400,13.21
2011-08-18,13.84,14.06,13.10,13.50,4036100,13.50
2011-08-17,15.63,15.84,14.51,14.75,1138000,14.75
2011-08-16,15.62,16.06,15.25,15.75,677400,15.75
2011-08-15,16.08,16.81,15.40,15.99,1516800,15.99
2011-08-12,17.16,17.40,16.31,17.05,914300,17.05
2011-08-11,16.55,17.25,16.18,16.90,1241400,16.90
2011-08-10,15.97,16.69,15.18,16.28,1564500,16.28
2011-08-09,14.25,16.25,13.52,16.24,1488600,16.24
2011-08-08,14.06,16.00,13.59,13.65,1659300,13.65
2011-08-05,14.63,15.51,13.89,15.48,1252400,15.48
2011-08-04,14.59,15.49,14.3308,14.46,1823900,14.46
2011-08-03,13.94,15.23,13.28,15.15,1657100,15.15
2011-08-02,13.77,14.75,13.61,13.79,1075400,13.79
2011-08-01,13.73,13.95,13.17,13.78,535600,13.78
2011-07-29,13.12,13.35,12.861,13.21,318200,13.21
2011-07-28,13.11,13.99,13.06,13.28,649600,13.28
2011-07-27,13.49,13.68,12.75,12.80,404200,12.80
2011-07-26,13.65,14.06,13.50,13.59,478900,13.59
2011-07-25,13.10,13.84,13.03,13.56,476400,13.56
2011-07-22,13.29,13.43,13.15,13.17,161400,13.17
2011-07-21,13.20,13.62,13.20,13.26,268700,13.26
2011-07-20,13.63,13.67,13.001,13.20,276700,13.20
2011-07-19,12.83,13.63,12.81,13.50,444900,13.50
2011-07-18,13.06,13.30,12.58,12.63,402400,12.63
2011-07-15,12.66,13.19,12.30,13.16,580600,13.16
2011-07-14,13.37,13.41,12.30,12.66,768500,12.66
2011-07-13,13.37,13.61,13.25,13.35,452800,13.35
2011-07-12,14.12,14.12,13.16,13.25,959800,13.25
2011-07-11,13.49,15.0875,13.19,14.15,2671600,14.15
2011-07-08,13.56,13.65,13.00,13.60,718400,13.60
2011-07-07,14.01,14.23,13.60,13.74,726600,13.74
2011-07-06,14.09,14.29,13.84,14.00,653000,14.00
2011-07-05,13.79,14.49,13.31,14.01,1169200,14.01
2011-07-01,13.28,13.85,13.20,13.66,679000,13.66
2011-06-30,13.10,13.44,13.03,13.24,538000,13.24
2011-06-29,13.54,13.5599,12.90,12.96,532200,12.96
2011-06-28,13.82,14.20,13.46,13.59,772200,13.59
2011-06-27,13.13,13.88,12.90,13.84,907600,13.84
2011-06-24,12.39,13.40,12.38,12.97,2067600,12.97
2011-06-23,11.97,12.60,11.81,12.30,496500,12.30
2011-06-22,12.61,12.87,11.77,12.06,467300,12.06
2011-06-21,12.83,13.02,12.361,12.71,498500,12.71
2011-06-20,12.11,12.95,11.70,12.87,1363800,12.87
2011-06-17,11.00,12.129,10.93,12.10,705200,12.10
2011-06-16,10.84,10.94,10.59,10.92,117200,10.92
2011-06-15,10.80,10.85,10.65,10.79,77200,10.79
2011-06-14,10.78,10.975,10.60,10.89,136200,10.89
2011-06-13,10.06,10.5499,9.99,10.51,74200,10.51
2011-06-10,10.26,10.2999,9.97,9.99,68200,9.99
2011-06-09,9.67,10.35,9.64,10.35,90700,10.35
2011-06-08,10.10,10.28,9.53,9.66,121800,9.66
2011-06-07,10.20,10.38,10.01,10.11,39800,10.11
2011-06-06,10.36,10.5099,10.14,10.15,27300,10.15
2011-06-03,10.25,10.47,10.25,10.36,55200,10.36
2011-06-02,10.20,10.45,10.20,10.44,69200,10.44
2011-06-01,10.61,10.69,10.1201,10.20,176700,10.20
2011-05-31,10.86,10.9628,10.63,10.63,142700,10.63
2011-05-27,11.15,11.18,10.70,10.9105,100700,10.9105
2011-05-26,10.99,11.16,10.84,11.12,145500,11.12
2011-05-25,10.99,11.00,10.60,10.99,130500,10.99
2011-05-24,11.00,11.08,10.95,10.96,161000,10.96
2011-05-23,10.80,11.03,10.65,10.945,200300,10.945
2011-05-20,10.89,10.89,10.61,10.87,100700,10.87
2011-05-19,10.69,11.00,10.60,10.965,189800,10.965
2011-05-18,10.47,10.65,10.2956,10.64,138700,10.64
2011-05-17,10.31,10.51,10.2586,10.40,147900,10.40
2011-05-16,9.97,10.51,9.86,10.19,392600,10.19
2011-05-13,9.96,9.96,9.74,9.90,47600,9.90
2011-05-12,9.84,9.97,9.69,9.92,79300,9.92
2011-05-11,9.65,9.94,9.65,9.88,84000,9.88
2011-05-10,9.95,9.9725,9.75,9.81,67400,9.81
2011-05-09,9.65,10.00,9.65,9.86,110200,9.86
2011-05-06,9.92,10.04,9.48,9.63,167700,9.63
2011-05-05,9.37,9.73,9.34,9.65,160900,9.65
2011-05-04,9.12,9.55,9.12,9.37,177600,9.37
2011-05-03,9.20,9.28,9.03,9.03,82600,9.03
2011-05-02,9.44,9.53,9.25,9.25,70100,9.25
2011-04-29,9.27,9.51,9.25,9.42,65700,9.42
2011-04-28,9.29,9.33,9.25,9.29,34300,9.29
2011-04-27,9.24,9.3291,9.16,9.29,55300,9.29
2011-04-26,9.38,9.39,9.20,9.23,85400,9.23
2011-04-25,9.34,9.395,9.32,9.35,38600,9.35
2011-04-21,9.40,9.44,9.26,9.34,52400,9.34
2011-04-20,9.40,9.4699,9.20,9.30,135900,9.30
2011-04-19,9.49,9.505,9.30,9.33,82300,9.33
2011-04-18,9.43,9.54,9.40,9.43,69000,9.43
2011-04-15,9.57,9.59,9.46,9.55,178300,9.55
2011-04-14,9.54,9.63,9.54,9.57,46700,9.57
2011-04-13,9.80,9.80,9.57,9.57,70900,9.57
2011-04-12,9.66,9.78,9.41,9.73,171500,9.73
2011-04-11,9.97,9.97,9.72,9.75,84100,9.75
2011-04-08,10.19,10.26,9.96,9.99,45900,9.99
2011-04-07,10.28,10.38,10.03,10.10,56900,10.10
2011-04-06,10.33,10.4266,10.13,10.28,40100,10.28
2011-04-05,10.42,10.59,10.1701,10.23,78600,10.23
2011-04-04,10.63,10.67,10.34,10.44,90700,10.44
2011-04-01,10.24,10.69,10.23,10.66,184400,10.66
2011-03-31,10.11,10.22,10.10,10.17,120700,10.17
2011-03-30,9.76,10.11,9.70,10.05,163900,10.05
2011-03-29,9.50,9.74,9.41,9.66,59300,9.66
2011-03-28,9.53,9.58,9.45,9.47,44800,9.47
2011-03-25,9.77,9.77,9.50,9.52,82700,9.52
2011-03-24,9.53,9.75,9.38,9.72,85200,9.72
2011-03-23,9.35,9.54,9.21,9.50,50900,9.50
2011-03-22,9.57,9.57,9.37,9.39,50400,9.39
2011-03-21,9.64,9.67,9.47,9.60,62600,9.60
2011-03-18,9.55,9.8599,9.51,9.57,62700,9.57
2011-03-17,9.54,9.54,9.29,9.51,63000,9.51
2011-03-16,9.62,9.66,9.25,9.53,83300,9.53
2011-03-15,9.48,9.86,9.19,9.68,126000,9.68
2011-03-14,9.10,9.75,9.10,9.69,169300,9.69
2011-03-11,9.11,9.25,8.93,9.14,143100,9.14
2011-03-10,9.86,9.9699,9.11,9.11,227800,9.11
2011-03-09,9.99,10.057,9.81,9.97,62700,9.97
2011-03-08,9.99,10.21,9.85,10.00,77300,10.00
2011-03-07,10.08,10.20,9.83,9.96,65200,9.96
2011-03-04,9.83,10.23,9.75,9.99,126400,9.99
2011-03-03,9.78,9.97,9.67,9.81,65100,9.81
2011-03-02,9.61,9.67,9.29,9.65,63000,9.65
2011-03-01,9.92,9.92,9.60,9.62,68300,9.62
2011-02-28,10.32,10.32,9.80,9.84,122000,9.84
2011-02-25,10.10,10.27,9.85,10.11,142100,10.11
2011-02-24,9.56,10.2099,9.42,10.10,783200,10.10
2011-02-23,8.79,8.84,8.50,8.82,138500,8.82
2011-02-22,9.02,9.12,8.785,8.82,155800,8.82
2011-02-18,9.28,9.31,9.02,9.08,109700,9.08
2011-02-17,9.17,9.24,9.11,9.24,36000,9.24
2011-02-16,9.27,9.29,9.18,9.22,29100,9.22
2011-02-15,9.33,9.36,9.16,9.26,53600,9.26
2011-02-14,9.47,9.49,9.26,9.39,52600,9.39
2011-02-11,9.50,9.60,9.38,9.41,58500,9.41
2011-02-10,9.60,9.63,9.50,9.56,37800,9.56
2011-02-09,9.57,9.72,9.50,9.70,39800,9.70
2011-02-08,9.65,9.86,9.39,9.57,55200,9.57
2011-02-07,9.65,9.73,9.55,9.60,42500,9.60
2011-02-04,9.94,9.95,9.50,9.57,55800,9.57
2011-02-03,9.40,9.94,9.40,9.93,132400,9.93
2011-02-02,9.39,9.47,9.05,9.38,86800,9.38
2011-02-01,9.06,9.40,8.99,9.39,124800,9.39
2011-01-31,9.48,9.59,8.90,9.02,674500,9.02
2011-01-28,9.48,9.53,9.2008,9.40,201600,9.40
2011-01-27,9.90,9.93,9.29,9.50,392600,9.50
2011-01-26,9.95,10.005,9.86,9.90,84700,9.90
2011-01-25,9.90,9.96,9.86,9.90,47200,9.90
2011-01-24,10.14,10.14,9.86,9.93,155400,9.93
2011-01-21,10.18,10.20,10.00,10.10,103100,10.10
2011-01-20,9.87,10.15,9.76,10.13,230900,10.13
2011-01-19,10.34,10.35,9.833,9.86,344400,9.86
2011-01-18,10.23,10.31,10.01,10.31,138100,10.31
2011-01-14,10.10,10.25,10.10,10.23,74900,10.23
2011-01-13,10.17,10.25,10.00,10.12,116700,10.12
2011-01-12,10.18,10.24,10.07,10.15,68900,10.15
2011-01-11,10.60,10.60,9.91,10.07,288700,10.07
2011-01-10,10.65,10.67,10.50,10.52,76000,10.52
2011-01-07,10.47,10.74,10.38,10.68,225100,10.68
2011-01-06,10.65,10.65,10.25,10.39,324100,10.39
2011-01-05,10.08,10.31,10.03,10.30,166600,10.30
2011-01-04,10.30,10.31,10.06,10.06,97000,10.06
2011-01-03,10.17,10.32,10.08,10.25,176900,10.25
2010-12-31,10.21,10.31,10.07,10.08,276800,10.08
2010-12-30,10.20,10.32,10.15,10.20,107700,10.20
2010-12-29,10.20,10.26,10.09,10.16,53000,10.16
2010-12-28,10.30,10.32,10.19,10.20,110100,10.20
2010-12-27,10.24,10.36,10.12,10.22,202800,10.22
2010-12-23,10.15,10.21,10.11,10.15,71600,10.15
2010-12-22,10.02,10.19,9.99,10.09,113800,10.09
2010-12-21,10.41,10.54,10.00,10.05,198300,10.05
2010-12-20,10.56,10.56,10.35,10.38,207900,10.38
2010-12-17,10.07,10.40,9.96,10.35,244700,10.35
2010-12-16,10.24,10.30,9.93,10.08,1999800,10.08
2010-12-15,10.95,11.00,10.26,10.32,275300,10.32
2010-12-14,11.05,11.05,10.90,11.02,47500,11.02
2010-12-13,11.14,11.14,10.97,10.98,64000,10.98
2010-12-10,11.10,11.1995,10.97,11.07,62400,11.07
2010-12-09,10.87,11.04,10.83,11.02,60800,11.02
2010-12-08,10.76,10.91,10.70,10.87,42600,10.87
2010-12-07,10.75,11.07,10.66,10.70,120500,10.70
2010-12-06,10.98,11.13,10.78,10.97,47100,10.97
2010-12-03,11.03,11.03,10.88,10.98,24400,10.98
2010-12-02,10.96,11.09,10.83,11.03,45000,11.03
2010-12-01,10.97,11.01,10.86,10.92,41900,10.92
2010-11-30,10.90,10.96,10.81,10.94,41000,10.94
2010-11-29,10.78,11.04,10.70,10.98,31800,10.98
2010-11-26,10.93,10.96,10.79,10.92,9200,10.92
2010-11-24,10.92,11.1399,10.84,11.00,36500,11.00
2010-11-23,11.13,11.18,10.68,10.86,63700,10.86
2010-11-22,11.16,11.4399,11.149,11.29,52700,11.29
2010-11-19,11.00,11.24,10.82,11.02,75100,11.02
2010-11-18,10.70,11.45,10.67,11.14,123200,11.14
2010-11-17,10.60,10.72,10.38,10.61,115800,10.61
2010-11-16,11.00,11.00,10.52,10.63,184400,10.63
2010-11-15,11.06,11.26,10.8305,11.06,107300,11.06
2010-11-12,11.69,11.84,10.75,11.01,149100,11.01
2010-11-11,11.69,11.77,11.36,11.49,120200,11.49
2010-11-10,11.37,11.67,11.1501,11.60,84900,11.60
2010-11-09,11.58,11.58,11.26,11.31,43200,11.31
2010-11-08,11.44,11.74,11.23,11.59,68200,11.59
2010-11-05,11.07,11.50,11.07,11.44,103300,11.44
2010-11-04,11.00,11.13,10.793,11.11,31300,11.11
2010-11-03,11.00,11.00,10.80,10.95,15600,10.95
2010-11-02,10.62,10.99,10.62,10.99,26600,10.99
2010-11-01,10.78,10.78,10.48,10.52,30200,10.52
2010-10-29,10.56,10.75,10.55,10.61,12600,10.61
2010-10-28,10.69,10.69,10.47,10.62,20500,10.62
2010-10-27,10.86,10.86,10.41,10.57,57700,10.57
2010-10-26,11.02,11.04,10.80,10.88,40300,10.88
2010-10-25,10.98,11.16,10.97,11.09,166000,11.09
2010-10-22,10.55,10.98,10.52,10.96,83000,10.96
2010-10-21,10.62,10.62,10.3401,10.55,35400,10.55
2010-10-20,10.32,10.6406,10.32,10.58,36500,10.58
2010-10-19,10.70,10.77,10.25,10.33,66300,10.33
2010-10-18,10.58,10.82,10.53,10.82,33300,10.82
2010-10-15,10.82,10.82,10.56,10.60,41400,10.60
2010-10-14,10.43,10.82,10.40,10.81,39000,10.81
2010-10-13,10.68,10.73,10.45,10.47,61900,10.47
2010-10-12,10.67,10.67,10.55,10.59,28500,10.59
2010-10-11,10.77,10.82,10.72,10.75,44700,10.75
2010-10-08,10.41,10.82,10.30,10.72,113300,10.72
2010-10-07,10.47,10.47,10.33,10.38,17900,10.38
2010-10-06,10.48,10.48,10.29,10.44,24500,10.44
2010-10-05,10.40,10.4802,10.34,10.48,31600,10.48
2010-10-04,10.52,10.70,10.24,10.30,64800,10.30
2010-10-01,10.44,10.51,10.20,10.51,41000,10.51
2010-09-30,10.65,10.65,10.27,10.40,24100,10.40
2010-09-29,10.65,10.76,10.41,10.55,64700,10.55
2010-09-28,10.14,10.90,10.07,10.80,437600,10.80
2010-09-27,10.16,10.16,10.0211,10.08,39700,10.08
2010-09-24,10.10,10.158,9.88,10.14,52400,10.14
2010-09-23,10.00,10.20,10.00,10.02,32300,10.02
2010-09-22,10.19,10.19,10.00,10.01,12700,10.01
2010-09-21,10.32,10.37,10.02,10.25,35800,10.25
2010-09-20,10.21,10.36,10.17,10.36,37300,10.36
2010-09-17,10.04,10.26,9.98,10.17,53800,10.17
2010-09-16,10.13,10.16,9.81,9.88,38100,9.88
2010-09-15,10.03,10.23,9.92,10.18,52600,10.18
2010-09-14,10.00,10.16,9.81,10.06,65500,10.06
2010-09-13,9.90,9.9899,9.7601,9.97,54800,9.97
2010-09-10,9.79,9.85,9.7492,9.83,86800,9.83
2010-09-09,9.84,9.94,9.75,9.77,28500,9.77
2010-09-08,9.74,9.823,9.72,9.75,23900,9.75
2010-09-07,9.90,9.93,9.71,9.74,16400,9.74
2010-09-03,9.94,9.94,9.80,9.90,32500,9.90
2010-09-02,9.65,9.87,9.65,9.84,39400,9.84
2010-09-01,9.50,9.73,9.3701,9.70,43500,9.70
2010-08-31,9.40,9.62,9.36,9.37,13700,9.37
2010-08-30,9.53,9.65,9.32,9.40,60500,9.40
2010-08-27,9.67,9.76,9.53,9.54,32200,9.54
2010-08-26,9.65,9.69,9.52,9.54,14200,9.54
2010-08-25,9.50,9.62,9.50,9.58,62800,9.58
2010-08-24,9.50,9.71,9.50,9.50,39400,9.50
2010-08-23,9.81,9.96,9.55,9.56,56400,9.56
2010-08-20,9.69,9.98,9.65,9.80,31500,9.80
2010-08-19,9.87,9.99,9.7383,9.78,33400,9.78
2010-08-18,9.97,10.10,9.83,9.88,40900,9.88
2010-08-17,10.07,10.32,9.75,9.97,35800,9.97
2010-08-16,9.55,10.13,9.55,10.00,41400,10.00
2010-08-13,9.61,9.721,9.56,9.59,29300,9.59
2010-08-12,9.50,9.77,9.50,9.67,28800,9.67
2010-08-11,9.79,9.87,9.59,9.59,44800,9.59
2010-08-10,9.96,10.12,9.82,9.93,39800,9.93
2010-08-09,9.83,10.14,9.77,10.10,35600,10.10
2010-08-06,9.64,10.00,9.64,9.79,52400,9.79
2010-08-05,10.38,10.38,9.541,9.64,133800,9.64
2010-08-04,10.34,10.3999,10.00,10.19,53600,10.19
2010-08-03,10.42,10.49,10.25,10.25,56400,10.25
2010-08-02,10.79,10.79,10.28,10.51,56600,10.51
2010-07-30,10.53,10.72,10.46,10.62,15600,10.62
2010-07-29,10.48,10.75,10.3301,10.73,33800,10.73
2010-07-28,10.69,10.74,10.28,10.43,53200,10.43
2010-07-27,10.70,10.70,10.41,10.69,185100,10.69
2010-07-26,10.35,10.70,10.34,10.69,128100,10.69
2010-07-23,9.79,10.33,9.6095,10.31,99300,10.31
2010-07-22,9.41,10.23,9.25,9.76,54900,9.76
2010-07-21,9.70,9.85,9.25,9.26,33800,9.26
2010-07-20,9.27,9.68,9.27,9.64,44100,9.64
2010-07-19,9.36,9.41,9.1101,9.37,47200,9.37
2010-07-16,9.34,9.63,9.34,9.36,48100,9.36
2010-07-15,9.67,9.7599,9.36,9.42,39000,9.42
2010-07-14,9.48,9.75,9.44,9.69,32800,9.69
2010-07-13,9.30,9.56,8.80,9.53,40700,9.53
2010-07-12,9.46,9.46,9.12,9.18,50400,9.18
2010-07-09,9.06,9.48,8.88,9.47,42700,9.47
2010-07-08,9.20,9.22,8.91,9.11,46200,9.11
2010-07-07,8.62,8.99,8.51,8.96,99100,8.96
2010-07-06,9.25,10.27,8.59,8.62,146900,8.62
2010-07-02,9.02,9.24,8.751,9.11,54500,9.11
2010-07-01,9.47,9.5499,8.86,8.98,123700,8.98
2010-06-30,10.00,10.07,9.44,9.47,69300,9.47
2010-06-29,10.24,10.29,9.75,9.80,99300,9.80
2010-06-28,10.28,10.50,10.09,10.42,96100,10.42
2010-06-25,9.82,10.27,9.82,10.23,219200,10.23
2010-06-24,9.94,10.13,9.7974,9.84,35500,9.84
2010-06-23,9.77,10.06,9.7399,10.00,73600,10.00
2010-06-22,10.30,10.32,9.65,9.65,84900,9.65
2010-06-21,10.50,10.50,10.17,10.22,90900,10.22
2010-06-18,10.22,10.49,10.14,10.34,74900,10.34
2010-06-17,10.05,10.34,9.98,10.30,86700,10.30
2010-06-16,9.98,10.17,9.98,10.00,101800,10.00
2010-06-15,9.58,10.12,9.27,10.05,98300,10.05
2010-06-14,9.10,9.65,9.03,9.545,73300,9.545
2010-06-11,8.95,9.07,8.80,9.05,56500,9.05
2010-06-10,9.09,9.13,8.771,8.99,86400,8.99
2010-06-09,9.10,9.29,8.82,8.94,95200,8.94
2010-06-08,8.84,9.10,8.4875,9.01,244400,9.01
2010-06-07,9.87,9.87,8.78,8.84,142200,8.84
2010-06-04,9.91,10.00,9.70,9.77,97000,9.77
2010-06-03,10.19,10.49,9.95,10.07,70800,10.07
2010-06-02,10.15,10.17,9.85,10.16,82200,10.16
2010-06-01,10.04,10.29,9.95,10.00,77100,10.00
2010-05-28,10.50,10.50,9.971,10.05,105600,10.05
2010-05-27,10.31,10.52,10.11,10.52,185300,10.52
2010-05-26,10.00,10.49,9.80,9.85,138200,9.85
2010-05-25,10.23,10.23,9.66,9.90,216400,9.90
2010-05-24,9.30,10.60,9.30,10.32,649200,10.32
2010-05-21,8.80,9.28,8.785,9.25,72200,9.25
2010-05-20,8.89,8.99,8.75,8.88,147600,8.88
2010-05-19,9.05,9.1414,8.75,9.07,68000,9.07
2010-05-18,9.26,9.49,8.95,9.08,75800,9.08
2010-05-17,8.98,9.45,8.88,9.30,116500,9.30
2010-05-14,9.10,9.10,8.81,8.92,44100,8.92
2010-05-13,9.23,9.25,9.08,9.20,39300,9.20
2010-05-12,8.60,9.25,8.57,9.21,107700,9.21
2010-05-11,8.14,8.87,8.14,8.63,75600,8.63
2010-05-10,8.50,8.50,8.17,8.32,69200,8.32
2010-05-07,8.19,8.2999,8.03,8.10,76200,8.10
2010-05-06,8.39,8.50,7.95,8.15,94500,8.15
2010-05-05,8.51,8.62,8.25,8.46,75600,8.46
2010-05-04,8.96,8.96,8.50,8.61,112500,8.61
2010-05-03,8.84,9.04,8.83,9.02,87000,9.02
2010-04-30,9.00,9.00,8.75,8.85,54100,8.85
2010-04-29,8.89,9.11,8.75,8.97,110400,8.97
2010-04-28,8.97,9.23,8.70,8.95,218800,8.95
2010-04-27,8.69,9.3499,8.61,9.09,233600,9.09
2010-04-26,8.18,8.66,8.095,8.66,124100,8.66
2010-04-23,8.10,8.16,7.98,8.14,63300,8.14
2010-04-22,7.67,8.09,7.67,8.08,203400,8.08
2010-04-21,7.65,7.74,7.61,7.74,55600,7.74
2010-04-20,7.43,7.69,7.421,7.69,127800,7.69
2010-04-19,7.30,7.47,7.28,7.45,108100,7.45
2010-04-16,6.75,7.34,6.70,7.28,243300,7.28
2010-04-15,6.91,6.91,6.71,6.76,64800,6.76
2010-04-14,6.90,6.94,6.81,6.87,76700,6.87
2010-04-13,6.86,6.88,6.75,6.88,34800,6.88
2010-04-12,6.96,6.96,6.78,6.91,57000,6.91
2010-04-09,7.10,7.10,6.93,6.96,39200,6.96
2010-04-08,6.96,7.05,6.96,6.99,80000,6.99
2010-04-07,7.08,7.13,6.93,7.00,56800,7.00
2010-04-06,6.93,7.02,6.86,7.02,54600,7.02
2010-04-05,6.81,6.98,6.79,6.98,45400,6.98
2010-04-01,6.69,6.89,6.67,6.77,61200,6.77
2010-03-31,6.63,6.74,6.62,6.62,31500,6.62
2010-03-30,6.71,6.73,6.62,6.66,35400,6.66
2010-03-29,6.80,6.81,6.68,6.72,43700,6.72
2010-03-26,6.82,6.85,6.76,6.80,43600,6.80
2010-03-25,6.96,6.9729,6.80,6.82,74200,6.82
2010-03-24,7.02,7.055,6.91,6.92,46000,6.92
2010-03-23,7.19,7.19,7.00,7.05,67000,7.05
2010-03-22,6.92,7.10,6.90,7.09,57900,7.09
2010-03-19,6.99,7.06,6.85,6.93,73800,6.93
2010-03-18,7.04,7.12,6.97,7.01,41200,7.01
2010-03-17,7.07,7.10,6.99,7.07,44400,7.07
2010-03-16,7.06,7.12,6.96,7.08,53400,7.08
2010-03-15,7.08,7.168,7.05,7.07,42200,7.07
2010-03-12,7.10,7.16,7.02,7.07,61600,7.07
2010-03-11,6.89,7.04,6.88,7.03,72600,7.03
2010-03-10,6.83,6.93,6.61,6.90,173300,6.90
2010-03-09,6.90,6.90,6.80,6.85,63600,6.85
2010-03-08,7.06,7.1501,6.88,6.94,115600,6.94
2010-03-05,7.15,7.17,7.09,7.10,84500,7.10
2010-03-04,7.28,7.30,7.15,7.15,38200,7.15
2010-03-03,7.40,7.40,7.24,7.30,42300,7.30
2010-03-02,7.45,7.45,7.28,7.40,31000,7.40
2010-03-01,7.14,7.38,7.13,7.38,87600,7.38
2010-02-26,7.14,7.2299,7.10,7.10,48500,7.10
2010-02-25,7.60,7.60,7.00,7.27,128800,7.27
2010-02-24,7.52,7.62,7.45,7.62,71100,7.62
2010-02-23,7.25,7.57,7.24,7.51,90600,7.51
2010-02-22,7.19,7.27,7.11,7.24,50100,7.24
2010-02-19,7.14,7.18,7.10,7.15,24500,7.15
2010-02-18,7.09,7.14,7.063,7.14,23500,7.14
2010-02-17,7.03,7.13,7.02,7.08,21600,7.08
2010-02-16,7.08,7.14,7.00,7.09,39900,7.09
2010-02-12,7.05,7.05,6.93,7.02,34800,7.02
2010-02-11,7.02,7.03,6.94,6.96,28100,6.96
2010-02-10,7.00,7.05,6.94,6.98,26700,6.98
2010-02-09,6.92,7.01,6.89,6.98,31600,6.98
2010-02-08,6.76,7.01,6.67,6.86,50800,6.86
2010-02-05,6.81,6.87,6.58,6.70,101700,6.70
2010-02-04,7.08,7.09,6.79,6.80,55900,6.80
2010-02-03,7.11,7.21,6.92,7.12,110600,7.12
2010-02-02,7.13,7.20,7.07,7.08,42600,7.08
2010-02-01,7.16,7.35,7.08,7.10,70100,7.10
2010-01-29,7.35,7.50,7.21,7.23,66800,7.23
2010-01-28,7.39,7.44,7.27,7.27,61000,7.27
2010-01-27,7.42,7.50,7.35,7.37,60700,7.37
2010-01-26,7.40,7.47,7.35,7.35,48400,7.35
2010-01-25,7.58,7.58,7.34,7.39,55000,7.39
2010-01-22,7.36,7.47,7.31,7.32,62400,7.32
2010-01-21,7.60,7.73,7.47,7.48,79600,7.48
2010-01-20,7.56,7.83,7.54,7.54,37100,7.54
2010-01-19,7.57,7.89,7.50,7.80,68400,7.80
2010-01-15,7.78,7.86,7.67,7.72,60300,7.72
2010-01-14,7.59,7.81,7.57,7.73,50000,7.73
2010-01-13,7.49,7.59,7.43,7.56,35800,7.56
2010-01-12,7.54,7.60,7.42,7.43,25200,7.43
2010-01-11,7.59,7.61,7.38,7.54,57300,7.54
2010-01-08,7.59,7.64,7.52,7.62,41300,7.62
2010-01-07,7.59,7.62,7.50,7.59,64800,7.59
2010-01-06,7.64,7.72,7.58,7.58,66800,7.58
2010-01-05,7.72,7.80,7.63,7.63,111000,7.63
2010-01-04,7.76,7.87,7.60,7.80,61500,7.80
2009-12-31,7.82,7.96,7.72,7.72,28300,7.72
2009-12-30,7.91,7.97,7.72,7.84,30200,7.84
2009-12-29,7.88,7.93,7.80,7.91,29600,7.91
2009-12-28,8.05,8.05,7.60,7.93,74400,7.93
2009-12-24,8.04,8.04,7.93,7.96,14100,7.96
2009-12-23,8.07,8.08,7.84,8.03,70700,8.03
2009-12-22,7.89,8.046,7.85,7.96,82500,7.96
2009-12-21,7.73,7.86,7.58,7.84,58100,7.84
2009-12-18,7.74,7.77,7.53,7.58,120000,7.58
2009-12-17,7.84,7.84,7.66,7.66,39500,7.66
2009-12-16,7.84,7.85,7.75,7.79,59100,7.79
2009-12-15,7.81,7.87,7.76,7.77,52700,7.77
2009-12-14,7.98,8.02,7.79,7.86,49700,7.86
2009-12-11,7.84,7.9228,7.65,7.83,83600,7.83
2009-12-10,7.99,8.05,7.818,7.85,92500,7.85
2009-12-09,8.11,8.13,7.75,8.03,107400,8.03
2009-12-08,8.16,8.24,8.00,8.07,120400,8.07
2009-12-07,8.08,8.4601,8.05,8.12,94600,8.12
2009-12-04,8.42,8.65,8.22,8.31,96400,8.31
2009-12-03,8.68,8.80,8.35,8.41,99600,8.41
2009-12-02,8.60,8.80,8.43,8.70,72900,8.70
2009-12-01,8.44,8.53,8.30,8.51,45100,8.51
2009-11-30,8.25,8.65,8.05,8.42,105600,8.42
2009-11-27,8.26,8.3801,8.09,8.23,43900,8.23
2009-11-25,8.64,8.79,8.30,8.54,86800,8.54
2009-11-24,8.93,9.00,8.40,8.50,113200,8.50
2009-11-23,8.01,9.28,8.01,8.93,348400,8.93
2009-11-20,7.87,7.92,7.68,7.86,41500,7.86
2009-11-19,8.27,8.27,7.8401,7.92,85100,7.92
2009-11-18,8.44,8.44,8.095,8.30,54600,8.30
2009-11-17,8.47,8.659,8.24,8.41,43400,8.41
2009-11-16,8.33,8.7496,8.33,8.50,78400,8.50
2009-11-13,8.26,8.44,8.10,8.21,45500,8.21
2009-11-12,8.67,8.81,8.11,8.16,112400,8.16
2009-11-11,8.70,8.80,8.54,8.62,65100,8.62
2009-11-10,8.63,8.805,8.55,8.57,67000,8.57
2009-11-09,8.68,8.89,8.58,8.68,76100,8.68
2009-11-06,8.68,8.80,8.41,8.64,70300,8.64
2009-11-05,8.60,8.72,7.82,8.71,205500,8.71
2009-11-04,8.84,9.18,8.75,8.81,111400,8.81
2009-11-03,8.42,9.18,8.38,8.96,232000,8.96
2009-11-02,8.20,8.44,8.19,8.38,65700,8.38
2009-10-30,8.22,8.26,8.10,8.19,123500,8.19
2009-10-29,7.56,8.29,7.56,8.22,101800,8.22
2009-10-28,8.15,8.15,7.50,7.53,115300,7.53
2009-10-27,8.44,8.44,8.00,8.07,96100,8.07
2009-10-26,8.53,8.53,8.20,8.31,64600,8.31
2009-10-23,8.78,8.79,8.46,8.48,72400,8.48
2009-10-22,8.58,8.77,8.50,8.77,93200,8.77
2009-10-21,8.78,8.90,8.59,8.63,94000,8.63
2009-10-20,9.26,9.26,8.50,8.80,211500,8.80
2009-10-19,8.56,9.38,8.47,9.15,486800,9.15
2009-10-16,8.60,8.645,8.36,8.51,66000,8.51
2009-10-15,8.69,8.75,8.60,8.66,57500,8.66
2009-10-14,8.70,8.79,8.56,8.74,93900,8.74
2009-10-13,8.57,8.70,8.50,8.66,114500,8.66
2009-10-12,8.12,8.51,8.12,8.50,154500,8.50
2009-10-09,7.78,8.0699,7.65,8.00,62400,8.00
2009-10-08,7.21,8.74,7.21,7.78,397500,7.78
2009-10-07,6.99,7.16,6.96,7.16,89100,7.16
2009-10-06,6.87,7.00,6.77,6.96,76100,6.96
2009-10-05,6.69,6.789,6.59,6.75,89300,6.75
2009-10-02,6.79,6.88,6.50,6.59,133300,6.59
2009-10-01,7.24,7.25,6.81,6.82,126800,6.82
2009-09-30,7.36,7.43,7.20,7.22,35500,7.22
2009-09-29,7.30,7.52,7.06,7.34,63600,7.34
2009-09-28,7.31,7.37,7.21,7.31,42800,7.31
2009-09-25,7.25,7.35,7.17,7.31,24000,7.31
2009-09-24,7.34,7.35,7.00,7.23,129300,7.23
2009-09-23,7.51,7.55,7.30,7.35,53600,7.35
2009-09-22,7.55,7.66,7.40,7.54,45900,7.54
2009-09-21,7.40,7.74,7.40,7.54,72600,7.54
2009-09-18,7.54,7.60,7.41,7.44,40500,7.44
2009-09-17,7.52,7.70,7.4101,7.54,48000,7.54
2009-09-16,7.58,7.69,7.40,7.58,105500,7.58
2009-09-15,7.35,7.70,7.26,7.58,80100,7.58
2009-09-14,7.40,7.44,7.27,7.41,56500,7.41
2009-09-11,7.47,7.51,7.41,7.47,29800,7.47
2009-09-10,7.34,7.50,7.17,7.50,96700,7.50
2009-09-09,7.21,7.53,7.12,7.36,154800,7.36
2009-09-08,7.43,7.48,7.22,7.34,83500,7.34
2009-09-04,7.36,7.61,7.29,7.41,44000,7.41
2009-09-03,7.41,7.46,7.20,7.42,53800,7.42
2009-09-02,7.15,7.50,6.89,7.34,122200,7.34
2009-09-01,7.66,7.96,6.90,6.96,220300,6.96
2009-08-31,7.99,8.28,7.71,7.75,106400,7.75
2009-08-28,8.41,8.41,8.00,8.12,87200,8.12
2009-08-27,8.27,8.39,8.0401,8.383,96300,8.383
2009-08-26,8.59,8.67,8.2699,8.35,150800,8.35
2009-08-25,8.67,8.78,8.65,8.69,107500,8.69
2009-08-24,8.39,8.97,8.22,8.67,297800,8.67
2009-08-21,7.99,8.34,7.96,8.15,210900,8.15
2009-08-20,7.69,7.99,7.59,7.92,139300,7.92
2009-08-19,7.33,7.70,7.33,7.66,114100,7.66
2009-08-18,7.29,7.49,7.2668,7.33,99400,7.33
2009-08-17,7.10,7.39,6.72,7.33,167000,7.33
2009-08-14,7.40,7.45,7.31,7.36,112200,7.36
2009-08-13,7.45,7.69,7.38,7.50,90500,7.50
2009-08-12,7.34,7.5799,7.14,7.44,148300,7.44
2009-08-11,7.21,7.81,7.09,7.35,254700,7.35
2009-08-10,6.94,7.55,6.92,7.33,275100,7.33
2009-08-07,7.14,7.14,6.53,6.92,161900,6.92
2009-08-06,7.14,7.14,6.60,6.73,253100,6.73
2009-08-05,6.82,7.14,6.42,7.01,363400,7.01
2009-08-04,6.61,6.82,5.93,6.34,340700,6.34
2009-08-03,5.90,6.83,5.90,6.53,408800,6.53
2009-07-31,5.60,5.93,5.58,5.81,147200,5.81
2009-07-30,5.35,5.83,5.35,5.52,173900,5.52
2009-07-29,5.44,5.46,5.25,5.28,57600,5.28
2009-07-28,5.55,5.6099,5.26,5.36,119800,5.36
2009-07-27,5.30,5.65,5.23,5.53,77600,5.53
2009-07-24,5.25,5.43,5.23,5.27,64900,5.27
2009-07-23,5.05,5.57,5.00,5.27,261800,5.27
2009-07-22,5.14,5.21,5.01,5.08,82200,5.08
2009-07-21,5.31,5.31,4.93,5.08,141300,5.08
2009-07-20,5.21,5.59,4.72,5.23,503700,5.23
2009-07-17,5.13,5.19,5.05,5.13,74800,5.13
2009-07-16,5.08,5.1399,4.99,5.10,49700,5.10
2009-07-15,5.03,5.22,4.99,5.08,149800,5.08
2009-07-14,4.80,5.08,4.70,4.95,177600,4.95
2009-07-13,5.22,5.22,4.64,4.78,235400,4.78
2009-07-10,5.23,5.3899,5.0613,5.25,111300,5.25
2009-07-09,5.30,5.39,5.09,5.23,175600,5.23
2009-07-08,5.56,5.60,5.11,5.30,233500,5.30
2009-07-07,6.40,6.48,5.45,5.58,316200,5.58
2009-07-06,6.75,6.75,6.17,6.42,187900,6.42
2009-07-02,6.68,6.85,6.42,6.79,160700,6.79
2009-07-01,6.60,6.83,6.50,6.83,161600,6.83
2009-06-30,6.20,6.60,6.1733,6.42,181700,6.42
2009-06-29,6.35,6.44,5.80,6.25,234500,6.25
2009-06-26,5.56,6.57,5.5401,6.43,814700,6.43
2009-06-25,5.45,5.58,5.34,5.52,166000,5.52
2009-06-24,5.37,5.7599,5.27,5.47,147300,5.47
2009-06-23,5.60,5.73,5.27,5.38,131200,5.38
2009-06-22,5.65,5.65,5.42,5.60,155200,5.60
2009-06-19,5.60,5.69,5.51,5.63,74700,5.63
2009-06-18,5.56,5.73,5.4004,5.61,132200,5.61
2009-06-17,5.77,5.77,5.04,5.56,352000,5.56
2009-06-16,5.80,5.96,5.63,5.77,202700,5.77
2009-06-15,6.57,6.57,5.50,5.76,269400,5.76
2009-06-12,6.88,6.88,6.50,6.60,131600,6.60
2009-06-11,7.15,7.22,6.78,6.89,127600,6.89
2009-06-10,7.25,7.27,6.78,7.08,225200,7.08
2009-06-09,6.91,7.48,6.75,7.02,278800,7.02
2009-06-08,6.99,7.04,6.70,6.87,113900,6.87
2009-06-05,6.98,7.02,6.7618,6.97,89500,6.97
2009-06-04,7.07,7.07,6.35,6.96,213300,6.96
2009-06-03,7.00,7.25,6.54,6.89,382500,6.89
2009-06-02,6.43,7.17,6.36,6.96,463900,6.96
2009-06-01,6.30,6.52,6.0401,6.26,269500,6.26
2009-05-29,7.09,7.09,6.22,6.52,495300,6.52
2009-05-28,5.96,6.94,5.75,6.78,946900,6.78
2009-05-27,5.39,6.04,5.39,5.90,244900,5.90
2009-05-26,5.25,5.63,5.2227,5.455,90000,5.455
2009-05-22,5.27,5.39,5.21,5.28,30100,5.28
2009-05-21,5.80,5.80,5.2101,5.33,123100,5.33
2009-05-20,6.03,6.06,5.8001,5.8001,140900,5.8001
2009-05-19,5.84,6.06,5.67,5.88,104500,5.88
2009-05-18,5.37,6.24,5.18,5.66,239700,5.66
2009-05-15,5.42,5.50,5.19,5.50,82600,5.50
2009-05-14,5.10,5.41,4.5801,5.34,115300,5.34
2009-05-13,5.45,5.45,5.04,5.24,115400,5.24
2009-05-12,5.16,5.44,5.1201,5.39,129800,5.39
2009-05-11,4.65,5.52,4.25,5.16,249000,5.16
2009-05-08,5.63,5.635,4.17,4.69,422200,4.69
2009-05-07,6.09,6.49,5.00,5.52,531700,5.52
2009-05-06,5.34,5.99,5.28,5.90,297800,5.90
2009-05-05,5.11,5.35,5.00,5.26,211200,5.26
2009-05-04,4.68,5.10,4.60,5.05,282200,5.05
2009-05-01,4.07,4.62,4.07,4.50,213800,4.50
2009-04-30,3.57,4.50,3.57,4.00,352300,4.00
2009-04-29,3.60,3.74,3.549,3.64,45400,3.64
2009-04-28,3.31,3.56,3.30,3.54,59700,3.54
2009-04-27,3.40,3.9733,3.33,3.33,176400,3.33
2009-04-24,3.25,3.35,3.105,3.35,114200,3.35
2009-04-23,2.72,3.25,2.72,3.20,109800,3.20
2009-04-22,2.83,3.03,2.61,2.61,36600,2.61
2009-04-21,2.54,2.98,2.54,2.9299,72900,2.9299
2009-04-20,2.50,2.57,2.42,2.5391,10100,2.5391
2009-04-17,2.42,2.58,2.382,2.58,58000,2.58
2009-04-16,2.28,2.3996,2.25,2.25,20700,2.25
2009-04-15,2.20,2.25,2.20,2.24,11700,2.24
2009-04-14,2.1401,2.19,2.1401,2.19,4100,2.19
2009-04-13,2.15,2.24,2.10,2.17,10600,2.17
2009-04-09,2.15,2.23,2.11,2.15,23400,2.15
2009-04-08,2.10,2.10,2.05,2.09,17300,2.09
2009-04-07,2.02,2.07,2.02,2.05,8200,2.05
2009-04-06,2.09,2.11,2.08,2.0824,12200,2.0824
2009-04-03,2.07,2.14,2.06,2.08,47700,2.08
2009-04-02,2.10,2.1299,1.9601,2.01,12300,2.01
2009-04-01,2.02,2.03,1.9501,1.97,7600,1.97
2009-03-31,2.09,2.11,2.09,2.09,2400,2.09
2009-03-30,2.20,2.20,2.10,2.11,11600,2.11
2009-03-27,2.2401,2.25,2.18,2.18,9200,2.18
2009-03-26,2.18,2.58,2.18,2.28,27900,2.28
2009-03-25,2.01,2.20,2.01,2.18,77500,2.18
2009-03-24,1.9512,2.01,1.9512,1.98,8600,1.98
2009-03-23,1.83,2.01,1.79,2.00,43400,2.00
2009-03-20,1.8001,1.83,1.80,1.83,1600,1.83
2009-03-19,1.85,1.899,1.80,1.80,5000,1.80
2009-03-18,1.95,1.95,1.88,1.88,19800,1.88
2009-03-17,1.88,1.96,1.80,1.8919,12600,1.8919
2009-03-16,1.80,1.90,1.79,1.85,13200,1.85
2009-03-13,1.66,2.00,1.65,1.90,32300,1.90
2009-03-12,1.65,1.73,1.65,1.70,15100,1.70
2009-03-11,1.6499,1.66,1.62,1.66,3500,1.66
2009-03-10,1.5801,1.67,1.5801,1.66,9500,1.66
2009-03-09,1.60,1.61,1.5509,1.59,4600,1.59
2009-03-06,1.50,1.6099,1.50,1.55,10200,1.55
2009-03-05,1.56,1.57,1.50,1.55,7200,1.55
2009-03-04,1.58,1.6287,1.55,1.56,14700,1.56
2009-03-03,1.65,1.65,1.53,1.57,8000,1.57
2009-03-02,1.73,1.7378,1.54,1.66,13500,1.66
2009-02-27,1.61,1.68,1.61,1.67,6500,1.67
2009-02-26,1.75,1.83,1.60,1.65,19100,1.65
2009-02-25,1.50,1.52,1.49,1.5099,4800,1.5099
2009-02-24,1.39,1.54,1.39,1.48,11700,1.48
2009-02-23,1.60,1.61,1.39,1.39,6600,1.39
2009-02-20,1.60,1.61,1.50,1.61,16500,1.61
2009-02-19,1.626,1.69,1.55,1.64,22500,1.64
2009-02-18,1.66,1.68,1.55,1.61,6500,1.61
2009-02-17,1.55,1.63,1.55,1.60,5300,1.60
2009-02-13,1.55,1.60,1.54,1.60,13600,1.60
2009-02-12,1.52,1.6464,1.52,1.6464,800,1.6464
2009-02-11,1.5001,1.51,1.50,1.50,1000,1.50
2009-02-10,1.578,1.58,1.50,1.50,1300,1.50
2009-02-09,1.50,1.57,1.50,1.57,13600,1.57
2009-02-06,1.40,1.50,1.40,1.50,5100,1.50
2009-02-05,1.40,1.482,1.40,1.40,18000,1.40
2009-02-04,1.50,1.50,1.25,1.36,25400,1.36
2009-02-03,1.49,1.50,1.47,1.50,17400,1.50
2009-02-02,1.41,1.49,1.37,1.46,9800,1.46
2009-01-30,1.44,1.50,1.43,1.50,11800,1.50
2009-01-29,1.4401,1.50,1.4401,1.50,2400,1.50
2009-01-28,1.45,1.50,1.39,1.4899,7100,1.4899
2009-01-27,1.4992,1.73,1.4992,1.52,6600,1.52
2009-01-26,1.59,1.59,1.50,1.50,13600,1.50
2009-01-23,1.61,1.64,1.61,1.64,1200,1.64
2009-01-22,1.57,1.61,1.50,1.6072,7100,1.6072
2009-01-21,1.6501,1.85,1.60,1.60,17000,1.60
2009-01-20,1.81,1.81,1.65,1.70,20500,1.70
2009-01-16,1.5447,1.60,1.49,1.514,15800,1.514
2009-01-15,1.57,1.57,1.34,1.51,7600,1.51
2009-01-14,1.77,1.80,1.70,1.70,26800,1.70
2009-01-13,1.85,1.85,1.78,1.80,7100,1.80
2009-01-12,1.85,1.87,1.82,1.85,15200,1.85
2009-01-09,1.783,1.81,1.76,1.81,10000,1.81
2009-01-08,1.76,1.79,1.75,1.79,10400,1.79
2009-01-07,1.75,1.85,1.75,1.76,14100,1.76
2009-01-06,1.55,1.70,1.50,1.70,61300,1.70
2009-01-05,1.49,1.50,1.47,1.50,11200,1.50
2009-01-02,1.33,1.49,1.31,1.44,11100,1.44
2008-12-31,1.36,1.446,1.36,1.36,20700,1.36
2008-12-30,1.36,1.44,1.36,1.3801,15700,1.3801
2008-12-29,1.20,1.49,1.11,1.49,101200,1.49
2008-12-26,1.36,1.50,1.35,1.50,35200,1.50
2008-12-24,1.35,1.42,1.35,1.38,13900,1.38
2008-12-23,1.36,1.43,1.31,1.40,17400,1.40
2008-12-22,1.51,1.54,1.40,1.41,16100,1.41
2008-12-19,1.57,1.63,1.50,1.50,22500,1.50
2008-12-18,1.66,1.69,1.61,1.62,4900,1.62
2008-12-17,1.73,1.75,1.54,1.65,11200,1.65
2008-12-16,1.80,1.8399,1.80,1.80,20200,1.80
2008-12-15,1.82,1.91,1.82,1.87,37500,1.87
2008-12-12,1.63,1.89,1.49,1.89,24800,1.89
2008-12-11,1.59,1.68,1.59,1.67,65500,1.67
2008-12-10,1.65,1.69,1.55,1.63,74900,1.63
2008-12-09,1.55,1.70,1.51,1.65,43100,1.65
2008-12-08,1.54,1.64,1.54,1.601,13700,1.601
2008-12-05,1.57,1.63,1.54,1.5415,7900,1.5415
2008-12-04,1.60,1.68,1.54,1.55,5300,1.55
2008-12-03,1.63,1.69,1.55,1.56,5300,1.56
2008-12-02,1.70,1.70,1.50,1.56,12000,1.56
2008-12-01,1.59,1.7201,1.59,1.60,10500,1.60
2008-11-28,1.464,1.57,1.464,1.56,6200,1.56
2008-11-26,1.41,1.56,1.38,1.5315,18800,1.5315
2008-11-25,1.43,1.488,1.43,1.47,8100,1.47
2008-11-24,1.39,1.42,1.10,1.42,42500,1.42
2008-11-21,1.33,1.33,1.18,1.32,20600,1.32
2008-11-20,1.37,1.37,1.29,1.33,27700,1.33
2008-11-19,1.49,1.49,1.40,1.42,10400,1.42
2008-11-18,1.45,1.46,1.41,1.46,21900,1.46
2008-11-17,1.55,1.55,1.41,1.41,11500,1.41
2008-11-14,1.50,1.54,1.48,1.50,20700,1.50
2008-11-13,1.46,1.51,1.40,1.4499,9500,1.4499
2008-11-12,1.62,1.62,1.41,1.45,18900,1.45
2008-11-11,1.59,1.63,1.57,1.58,15300,1.58
2008-11-10,1.70,1.77,1.58,1.67,27500,1.67
2008-11-07,1.85,1.85,1.766,1.78,6100,1.78
2008-11-06,1.85,1.86,1.75,1.77,28800,1.77
2008-11-05,1.82,1.85,1.80,1.85,7300,1.85
2008-11-04,1.97,1.97,1.78,1.82,27900,1.82
2008-11-03,1.91,1.97,1.91,1.97,23100,1.97
2008-10-31,1.77,1.88,1.77,1.88,9100,1.88
2008-10-30,1.69,1.89,1.64,1.70,18000,1.70
2008-10-29,1.62,1.69,1.62,1.69,17100,1.69
2008-10-28,1.89,1.89,1.70,1.70,27000,1.70
2008-10-27,1.89,1.89,1.85,1.85,6800,1.85
2008-10-24,1.85,1.88,1.85,1.85,41700,1.85
2008-10-23,1.81,1.82,1.77,1.7899,6500,1.7899
2008-10-22,1.91,1.91,1.75,1.75,38800,1.75
2008-10-21,1.97,1.97,1.86,1.87,9300,1.87
2008-10-20,1.90,1.97,1.85,1.95,21500,1.95
2008-10-17,1.85,1.92,1.78,1.82,12200,1.82
2008-10-16,1.85,1.87,1.75,1.79,30600,1.79
2008-10-15,1.85,1.87,1.811,1.86,5700,1.86
2008-10-14,1.98,1.98,1.90,1.98,17400,1.98
2008-10-13,1.77,2.00,1.77,1.858,15100,1.858
2008-10-10,1.82,2.00,1.47,1.74,57300,1.74
2008-10-09,2.09,2.14,1.97,2.14,15500,2.14
2008-10-08,2.10,2.17,1.95,2.00,18500,2.00
2008-10-07,2.20,2.25,2.20,2.25,25400,2.25
2008-10-06,2.20,2.25,2.17,2.20,32300,2.20
2008-10-03,2.44,2.47,2.20,2.20,59900,2.20
2008-10-02,2.39,2.44,2.2501,2.435,18600,2.435
2008-10-01,2.27,2.33,2.20,2.33,8600,2.33
2008-09-30,2.35,2.39,1.85,2.27,47400,2.27
2008-09-29,2.38,2.54,2.09,2.40,43800,2.40
2008-09-26,2.60,2.60,2.22,2.45,53100,2.45
2008-09-25,2.65,2.68,2.50,2.60,18800,2.60
2008-09-24,2.72,2.72,2.55,2.65,16700,2.65
2008-09-23,3.03,3.03,2.611,2.76,46100,2.76
2008-09-22,2.92,3.05,2.55,2.954,29200,2.954
2008-09-19,3.14,3.14,2.80,2.96,35600,2.96
2008-09-18,3.05,3.09,2.90,3.09,30100,3.09
2008-09-17,2.86,2.95,2.86,2.95,28200,2.95
2008-09-16,2.92,3.06,2.82,2.95,43300,2.95
2008-09-15,3.26,3.26,2.92,2.93,29100,2.93
2008-09-12,3.01,3.39,3.01,3.26,47200,3.26
2008-09-11,3.10,3.20,3.09,3.20,24600,3.20
2008-09-10,3.21,3.28,3.10,3.10,37100,3.10
2008-09-09,3.45,3.45,3.20,3.224,75600,3.224
2008-09-08,3.27,3.478,3.27,3.478,50900,3.478
2008-09-05,3.20,3.27,3.20,3.27,57100,3.27
2008-09-04,3.15,3.16,3.12,3.15,19900,3.15
2008-09-03,3.09,3.177,3.09,3.177,5500,3.177
2008-09-02,3.20,3.20,3.01,3.08,32800,3.08
2008-08-29,3.14,3.20,3.03,3.13,11500,3.13
2008-08-28,3.10,3.20,3.10,3.20,42500,3.20
2008-08-27,3.05,3.16,3.03,3.11,55800,3.11
2008-08-26,2.90,3.02,2.81,3.00,58600,3.00
2008-08-25,2.81,2.90,2.76,2.89,18300,2.89
2008-08-22,3.00,3.00,2.80,2.90,14800,2.90
2008-08-21,2.86,2.99,2.86,2.99,35200,2.99
2008-08-20,2.82,2.82,2.77,2.81,60100,2.81
2008-08-19,2.72,2.78,2.72,2.78,39400,2.78
2008-08-18,2.66,2.72,2.66,2.70,13100,2.70
2008-08-15,2.95,2.95,2.701,2.95,45900,2.95
2008-08-14,2.95,3.18,2.93,3.01,77400,3.01
2008-08-13,2.95,3.10,2.80,3.02,84700,3.02
2008-08-12,3.19,3.29,2.89,3.29,159700,3.29
2008-08-11,2.35,2.80,2.35,2.62,166800,2.62
2008-08-08,2.18,2.27,2.17,2.24,43700,2.24
2008-08-07,2.25,2.32,2.10,2.14,162300,2.14
2008-08-06,1.80,2.25,1.80,2.25,188600,2.25
2008-08-05,1.74,1.78,1.68,1.74,37000,1.74
2008-08-04,1.78,1.78,1.65,1.66,15800,1.66
2008-08-01,1.89,1.89,1.74,1.74,11900,1.74
2008-07-31,1.80,1.89,1.80,1.89,10500,1.89
2008-07-30,1.76,1.90,1.75,1.762,10300,1.762
2008-07-29,1.81,1.81,1.72,1.79,6100,1.79
2008-07-28,1.78,1.84,1.78,1.84,6500,1.84
2008-07-25,1.73,1.758,1.73,1.758,9000,1.758
2008-07-24,1.83,1.83,1.74,1.76,7800,1.76
2008-07-23,1.73,1.83,1.677,1.83,12900,1.83
2008-07-22,1.99,1.99,1.74,1.77,17800,1.77
2008-07-21,1.86,1.95,1.84,1.95,20800,1.95
2008-07-18,1.69,1.88,1.69,1.88,41300,1.88
2008-07-17,1.57,1.67,1.552,1.66,8200,1.66
2008-07-16,1.57,1.65,1.54,1.65,14600,1.65
2008-07-15,1.61,1.63,1.55,1.59,6000,1.59
2008-07-14,1.61,1.701,1.61,1.701,58000,1.701
2008-07-11,1.62,1.688,1.60,1.688,18900,1.688
2008-07-10,1.70,1.76,1.60,1.76,53000,1.76
2008-07-09,1.39,1.94,1.35,1.60,20300,1.60
2008-07-08,1.51,1.51,1.34,1.51,42600,1.51
2008-07-07,1.74,1.74,1.468,1.47,20600,1.47
2008-07-03,1.68,1.68,1.41,1.44,32300,1.44
2008-07-02,1.72,1.76,1.64,1.64,48900,1.64
2008-07-01,1.76,1.76,1.68,1.68,18200,1.68
2008-06-30,1.83,1.90,1.75,1.81,17100,1.81
2008-06-27,1.81,1.89,1.77,1.86,25900,1.86
2008-06-26,1.82,1.87,1.75,1.78,35800,1.78
2008-06-25,1.81,1.82,1.81,1.82,28200,1.82
2008-06-24,1.80,1.829,1.80,1.829,19600,1.829
2008-06-23,1.83,1.88,1.80,1.80,16500,1.80
2008-06-20,1.80,1.89,1.80,1.83,34100,1.83
2008-06-19,2.02,2.02,1.80,1.81,51200,1.81
2008-06-18,2.07,2.07,2.00,2.01,15500,2.01
2008-06-17,2.12,2.12,2.07,2.07,22800,2.07
2008-06-16,2.13,2.13,2.10,2.10,9600,2.10
2008-06-13,2.14,2.14,2.11,2.11,3800,2.11
2008-06-12,2.10,2.13,2.10,2.11,19800,2.11
2008-06-11,2.11,2.12,2.10,2.11,14300,2.11
2008-06-10,2.10,2.18,2.10,2.14,29800,2.14
2008-06-09,2.00,2.19,2.00,2.06,55800,2.06
2008-06-06,2.01,2.05,2.01,2.02,15300,2.02
2008-06-05,2.06,2.08,2.03,2.04,32900,2.04
2008-06-04,2.15,2.15,2.03,2.03,47000,2.03
2008-06-03,2.11,2.15,2.09,2.09,34600,2.09
2008-06-02,2.21,2.25,2.02,2.07,53800,2.07
2008-05-30,2.2244,2.2244,2.14,2.14,30900,2.14
2008-05-29,2.31,2.34,2.15,2.16,112900,2.16
2008-05-28,2.43,2.43,2.37,2.37,25800,2.37
2008-05-27,2.49,2.53,2.46,2.46,8300,2.46
2008-05-23,2.50,2.55,2.49,2.49,11800,2.49
2008-05-22,2.57,2.57,2.50,2.51,16200,2.51
2008-05-21,2.63,2.63,2.53,2.63,13600,2.63
2008-05-20,2.63,2.65,2.63,2.63,8500,2.63
2008-05-19,2.67,2.69,2.58,2.64,10600,2.64
2008-05-16,2.59,2.67,2.59,2.63,13400,2.63
2008-05-15,2.56,2.662,2.56,2.662,13700,2.662
2008-05-14,2.57,2.60,2.57,2.59,8400,2.59
2008-05-13,2.55,2.60,2.55,2.59,14500,2.59
2008-05-12,2.61,2.61,2.54,2.57,18400,2.57
2008-05-09,2.52,2.62,2.49,2.59,53000,2.59
2008-05-08,2.51,2.59,2.50,2.55,45600,2.55
2008-05-07,2.59,2.66,2.59,2.66,23500,2.66
2008-05-06,2.62,2.63,2.53,2.59,11000,2.59
2008-05-05,2.57,2.66,2.50,2.66,14600,2.66
2008-05-02,2.63,2.68,2.54,2.54,26600,2.54
2008-05-01,2.52,2.71,2.52,2.65,30000,2.65
2008-04-30,2.60,2.60,2.58,2.60,13300,2.60
2008-04-29,2.61,2.62,2.55,2.56,17500,2.56
2008-04-28,2.62,2.63,2.61,2.61,5900,2.61
2008-04-25,2.70,2.70,2.6101,2.6399,11900,2.6399
2008-04-24,2.67,2.67,2.63,2.67,14700,2.67
2008-04-23,2.7699,2.7699,2.62,2.64,24800,2.64
2008-04-22,2.65,2.88,2.65,2.68,15300,2.68
2008-04-21,2.75,2.82,2.65,2.65,24500,2.65
2008-04-18,2.82,2.82,2.76,2.79,17900,2.79
2008-04-17,2.76,2.80,2.70,2.78,22700,2.78
2008-04-16,2.63,2.75,2.60,2.70,45700,2.70
2008-04-15,2.65,2.72,2.62,2.64,23400,2.64
2008-04-14,2.80,2.80,2.65,2.65,55500,2.65
2008-04-11,2.75,2.85,2.75,2.76,15200,2.76
2008-04-10,2.81,2.81,2.69,2.80,23000,2.80
2008-04-09,2.87,2.90,2.76,2.81,25100,2.81
2008-04-08,2.93,2.94,2.66,2.84,102500,2.84
2008-04-07,3.01,3.01,2.80,2.88,45000,2.88
2008-04-04,2.90,3.05,2.88,3.05,34000,3.05
2008-04-03,2.80,3.08,2.75,2.84,63800,2.84
2008-04-02,3.15,3.15,2.78,3.15,55100,3.15
2008-04-01,2.99,3.11,2.85,3.09,49100,3.09
2008-03-31,2.80,2.92,2.80,2.92,18500,2.92
2008-03-28,3.08,3.08,2.72,2.75,42500,2.75
2008-03-27,3.15,3.18,3.01,3.01,16700,3.01
2008-03-26,3.05,3.22,2.97,3.10,32300,3.10
2008-03-25,3.00,3.09,3.00,3.03,34300,3.03
2008-03-24,3.15,3.19,2.9908,3.01,67300,3.01
2008-03-20,2.93,3.06,2.93,3.03,43000,3.03
2008-03-19,2.75,2.99,2.68,2.89,27800,2.89
2008-03-18,2.77,2.90,2.77,2.87,25000,2.87
2008-03-17,2.87,2.88,2.75,2.81,37600,2.81
2008-03-14,2.76,2.84,2.71,2.84,51900,2.84
2008-03-13,2.72,2.72,2.62,2.70,34800,2.70
2008-03-12,2.65,2.70,2.608,2.67,18000,2.67
2008-03-11,2.52,2.66,2.52,2.61,14100,2.61
2008-03-10,2.64,2.70,2.50,2.55,46700,2.55
2008-03-07,2.53,2.69,2.51,2.61,19500,2.61
2008-03-06,2.77,2.78,2.55,2.63,9300,2.63
2008-03-05,2.64,2.73,2.64,2.69,4900,2.69
2008-03-04,2.72,2.72,2.53,2.63,16500,2.63
2008-03-03,2.69,2.72,2.64,2.70,24500,2.70
2008-02-29,2.64,2.64,2.55,2.63,11100,2.63
2008-02-28,2.58,2.64,2.52,2.61,18000,2.61
2008-02-27,2.63,2.69,2.52,2.58,18800,2.58
2008-02-26,2.55,2.65,2.50,2.54,41100,2.54
2008-02-25,2.65,2.74,2.52,2.53,58200,2.53
2008-02-22,2.87,2.87,2.56,2.61,15800,2.61
2008-02-21,2.77,3.00,2.77,2.82,43500,2.82
2008-02-20,2.88,3.15,2.77,2.80,104100,2.80
2008-02-19,2.84,3.05,2.81,2.92,58600,2.92
2008-02-15,3.01,3.02,2.76,2.79,99600,2.79
2008-02-14,3.39,3.39,2.99,3.01,39200,3.01
2008-02-13,2.97,3.34,2.97,3.25,56800,3.25
2008-02-12,2.98,3.05,2.90,2.92,75600,2.92
2008-02-11,2.90,3.00,2.83,2.88,41900,2.88
2008-02-08,2.90,2.93,2.76,2.84,48000,2.84
2008-02-07,2.86,2.86,2.75,2.78,6700,2.78
2008-02-06,2.87,2.89,2.76,2.78,37200,2.78
2008-02-05,2.84,2.87,2.75,2.79,27700,2.79
2008-02-04,2.95,3.02,2.76,2.79,47000,2.79
2008-02-01,2.86,3.29,2.76,2.86,41200,2.86
2008-01-31,2.80,3.00,2.77,2.78,14200,2.78
2008-01-30,2.84,2.84,2.74,2.76,20200,2.76
2008-01-29,2.85,2.94,2.82,2.90,57700,2.90
2008-01-28,2.82,3.05,2.79,3.05,87000,3.05
2008-01-25,2.87,2.92,2.70,2.78,40900,2.78
2008-01-24,2.56,2.91,2.40,2.79,115100,2.79
2008-01-23,2.76,2.76,2.56,2.76,108700,2.76
2008-01-22,2.89,2.89,2.48,2.76,147600,2.76
2008-01-18,3.05,3.05,2.77,2.85,54300,2.85
2008-01-17,3.05,3.08,2.98,2.98,30700,2.98
2008-01-16,3.12,3.167,3.00,3.03,60700,3.03
2008-01-15,3.22,3.23,3.14,3.14,45000,3.14
2008-01-14,3.23,3.70,3.21,3.70,92600,3.70
2008-01-11,3.35,3.57,3.14,3.57,56900,3.57
2008-01-10,3.56,3.56,3.30,3.37,48800,3.37
2008-01-09,3.44,3.60,3.44,3.51,53900,3.51
2008-01-08,3.69,3.79,3.52,3.52,49700,3.52
2008-01-07,3.64,3.72,3.57,3.61,38600,3.61
2008-01-04,3.92,3.92,3.50,3.55,86200,3.55
2008-01-03,3.78,3.99,3.77,3.88,28500,3.88
2008-01-02,4.01,4.01,3.78,3.81,34400,3.81
2007-12-31,3.58,4.05,3.58,4.01,156800,4.01
2007-12-28,3.61,3.90,3.46,3.87,106600,3.87
2007-12-27,3.66,3.81,3.50,3.65,40700,3.65
2007-12-26,3.96,3.96,3.66,3.96,32400,3.96
2007-12-24,3.95,3.98,3.91,3.94,37100,3.94
2007-12-21,3.30,3.94,3.30,3.94,87100,3.94
2007-12-20,3.52,3.523,3.35,3.523,70000,3.523
2007-12-19,3.69,3.72,3.45,3.49,61100,3.49
2007-12-18,3.76,3.78,3.60,3.70,48800,3.70
2007-12-17,4.05,4.10,3.73,3.73,100700,3.73
2007-12-14,4.01,4.10,4.00,4.06,29700,4.06
2007-12-13,4.18,4.24,4.03,4.03,25200,4.03
2007-12-12,4.22,4.38,4.00,4.15,66800,4.15
2007-12-11,4.30,4.452,4.103,4.452,58100,4.452
2007-12-10,4.02,4.45,4.016,4.34,108600,4.34
2007-12-07,4.19,4.22,4.00,4.03,80600,4.03
2007-12-06,4.30,4.306,4.16,4.306,91000,4.306
2007-12-05,4.57,4.61,4.31,4.32,22300,4.32
2007-12-04,4.41,4.52,4.41,4.52,19700,4.52
2007-12-03,4.57,4.59,4.45,4.59,20000,4.59
2007-11-30,4.61,4.669,4.60,4.669,25400,4.669
2007-11-29,4.50,4.55,4.32,4.53,35600,4.53
2007-11-28,4.60,4.67,4.43,4.47,24000,4.47
2007-11-27,4.59,4.92,4.40,4.61,47700,4.61
2007-11-26,4.81,4.83,4.60,4.61,35900,4.61
2007-11-23,4.75,4.75,4.73,4.74,6900,4.74
2007-11-21,4.94,4.94,4.72,4.72,29200,4.72
2007-11-20,4.89,5.03,4.89,5.03,28200,5.03
2007-11-19,4.84,4.95,4.84,4.862,25500,4.862
2007-11-16,5.00,5.01,4.87,5.01,65000,5.01
2007-11-15,5.07,5.07,4.97,4.97,70900,4.97
2007-11-14,5.39,5.39,5.07,5.07,47000,5.07
2007-11-13,5.14,5.30,5.14,5.30,50300,5.30
2007-11-12,5.13,5.29,5.05,5.15,27800,5.15
2007-11-09,5.31,5.31,4.90,5.10,63300,5.10
2007-11-08,5.70,5.71,5.38,5.71,80100,5.71
2007-11-07,5.81,5.85,5.69,5.72,34400,5.72
2007-11-06,5.87,6.04,5.73,5.85,28000,5.85
2007-11-05,5.92,6.11,5.88,5.88,24900,5.88
2007-11-02,6.452,6.452,5.88,5.90,51500,5.90
2007-11-01,6.46,6.57,6.40,6.40,16400,6.40
2007-10-31,6.43,6.71,6.43,6.61,23400,6.61
2007-10-30,6.43,6.54,6.43,6.43,9400,6.43
2007-10-29,6.47,6.50,6.43,6.50,18300,6.50
2007-10-26,6.48,6.51,6.46,6.50,8900,6.50
2007-10-25,6.51,6.53,6.50,6.50,11000,6.50
2007-10-24,6.60,6.60,6.51,6.53,11300,6.53
2007-10-23,6.73,6.806,6.57,6.806,42200,6.806
2007-10-22,6.81,6.85,6.71,6.73,21700,6.73
2007-10-19,6.90,6.915,6.81,6.84,13300,6.84
2007-10-18,6.79,6.92,6.76,6.91,13200,6.91
2007-10-17,6.89,6.90,6.79,6.90,10300,6.90
2007-10-16,6.90,6.90,6.85,6.86,3300,6.86
2007-10-15,6.99,7.03,6.87,6.88,30500,6.88
2007-10-12,7.00,7.00,6.95,6.99,13000,6.99
2007-10-11,6.91,7.00,6.91,6.99,23600,6.99
2007-10-10,6.92,6.95,6.87,6.94,17100,6.94
2007-10-09,6.94,6.94,6.89,6.92,20300,6.92
2007-10-08,6.81,6.95,6.78,6.95,23700,6.95
2007-10-05,6.81,6.82,6.77,6.80,36500,6.80
2007-10-04,6.74,6.84,6.74,6.84,35400,6.84
2007-10-03,6.70,6.77,6.67,6.77,11600,6.77
2007-10-02,6.70,6.78,6.68,6.78,10300,6.78
2007-10-01,6.70,6.72,6.63,6.67,21200,6.67
2007-09-28,6.57,6.64,6.57,6.63,26900,6.63
2007-09-27,6.61,6.61,6.53,6.58,26400,6.58
2007-09-26,6.60,6.66,6.60,6.65,19600,6.65
2007-09-25,6.56,6.63,6.56,6.63,14200,6.63
2007-09-24,6.53,6.60,6.486,6.59,16400,6.59
2007-09-21,6.52,6.54,6.42,6.50,21100,6.50
2007-09-20,6.50,6.57,6.49,6.55,27600,6.55
2007-09-19,6.55,6.55,6.44,6.52,28300,6.52
2007-09-18,6.17,6.60,6.14,6.55,110000,6.55
2007-09-17,6.11,6.22,6.05,6.19,34500,6.19
2007-09-14,5.76,6.24,5.60,6.17,101300,6.17
2007-09-13,5.78,5.89,5.78,5.82,35200,5.82
2007-09-12,6.00,6.08,5.7401,5.78,105200,5.78
2007-09-11,6.11,6.11,6.05,6.11,11900,6.11
2007-09-10,6.07,6.07,5.99,6.04,20100,6.04
2007-09-07,6.17,6.21,6.00,6.00,31100,6.00
2007-09-06,6.22,6.33,6.11,6.17,28700,6.17
2007-09-05,6.17,6.22,6.12,6.22,41100,6.22
2007-09-04,6.31,6.31,6.15,6.25,32100,6.25
2007-08-31,6.30,6.32,6.24,6.26,20500,6.26
2007-08-30,6.24,6.38,6.24,6.30,14000,6.30
2007-08-29,6.43,6.54,6.25,6.25,57700,6.25
2007-08-28,6.45,6.49,6.39,6.42,37700,6.42
2007-08-27,6.44,6.55,6.44,6.49,21900,6.49
2007-08-24,6.55,6.55,6.45,6.50,8000,6.50
2007-08-23,6.55,6.58,6.45,6.47,19800,6.47
2007-08-22,6.43,6.58,6.35,6.52,26200,6.52
2007-08-21,6.56,6.60,6.45,6.48,16400,6.48
2007-08-20,6.54,6.71,6.51,6.66,15400,6.66
2007-08-17,6.57,6.67,6.51,6.63,18100,6.63
2007-08-16,6.66,6.75,6.49,6.51,22600,6.51
2007-08-15,6.69,6.78,6.66,6.78,12700,6.78
2007-08-14,6.74,6.80,6.74,6.80,24000,6.80
2007-08-13,6.65,6.85,6.65,6.76,42700,6.76
2007-08-10,6.85,6.85,6.61,6.70,43100,6.70
2007-08-09,6.82,6.98,6.82,6.98,82700,6.98
2007-08-08,6.86,7.00,6.82,7.00,82800,7.00
2007-08-07,6.72,6.80,6.72,6.80,79000,6.80
2007-08-06,6.65,6.82,6.39,6.77,86800,6.77
2007-08-03,6.55,6.77,6.55,6.77,138700,6.77
2007-08-02,7.00,7.00,6.57,6.57,14500,6.57
2007-08-01,6.94,7.00,6.94,7.00,23000,7.00
2007-07-31,7.01,7.01,6.87,6.88,39800,6.88
2007-07-30,6.99,7.01,6.91,7.00,39000,7.00
2007-07-27,7.08,7.08,6.95,7.01,18500,7.01
2007-07-26,6.98,7.20,6.91,6.91,36800,6.91
2007-07-25,7.01,7.03,7.00,7.03,39800,7.03
2007-07-24,7.00,7.03,7.00,7.03,32000,7.03
2007-07-23,7.00,7.03,6.98,7.00,8600,7.00
2007-07-20,6.94,7.042,6.92,7.00,23300,7.00
2007-07-19,7.03,7.07,6.90,7.00,29400,7.00
2007-07-18,6.99,7.07,6.99,7.07,9500,7.07
2007-07-17,7.00,7.04,6.97,6.99,14100,6.99
2007-07-16,7.06,7.06,6.88,7.00,37100,7.00
2007-07-13,6.87,7.10,6.87,7.10,45000,7.10
2007-07-12,7.00,7.10,6.94,7.00,32500,7.00
2007-07-11,6.95,7.09,6.95,7.09,28600,7.09
2007-07-10,7.15,7.22,6.95,6.95,23500,6.95
2007-07-09,7.00,7.10,6.94,7.10,10500,7.10
2007-07-06,6.97,7.02,6.88,7.00,72800,7.00
2007-07-05,7.00,7.03,6.97,6.99,33300,6.99
2007-07-03,7.02,7.05,6.96,7.03,8900,7.03
2007-07-02,7.23,7.23,7.00,7.04,23800,7.04
2007-06-29,7.05,7.43,7.04,7.43,181100,7.43
2007-06-28,7.02,7.02,6.96,7.00,81800,7.00
2007-06-27,6.99,7.00,6.95,7.00,22700,7.00
2007-06-26,7.00,7.02,6.95,7.02,29200,7.02
2007-06-25,6.95,7.09,6.95,6.95,16100,6.95
2007-06-22,7.03,7.08,6.95,6.95,26800,6.95
2007-06-21,6.94,7.03,6.94,6.98,18100,6.98
2007-06-20,6.98,7.02,6.89,6.97,23700,6.97
2007-06-19,6.93,7.02,6.89,6.98,24700,6.98
2007-06-18,7.02,7.03,6.97,7.02,17900,7.02
2007-06-15,6.91,7.05,6.91,7.05,43000,7.05
2007-06-14,6.90,7.01,6.90,6.95,25100,6.95
2007-06-13,6.96,7.05,6.95,7.05,22500,7.05
2007-06-12,6.97,7.04,6.88,7.01,15800,7.01
2007-06-11,7.10,7.10,6.988,7.10,21900,7.10
2007-06-08,6.84,7.21,6.80,7.03,62600,7.03
2007-06-07,6.61,6.81,6.61,6.81,58600,6.81
2007-06-06,6.52,6.66,6.52,6.66,23000,6.66
2007-06-05,6.50,6.63,6.48,6.58,28400,6.58
2007-06-04,6.60,6.60,6.47,6.50,28400,6.50
2007-06-01,6.48,6.57,6.45,6.53,30500,6.53
2007-05-31,6.60,6.60,6.50,6.60,31900,6.60
2007-05-30,6.44,6.56,6.44,6.51,26600,6.51
2007-05-29,6.45,6.56,6.45,6.56,31900,6.56
2007-05-25,6.58,6.66,6.50,6.50,18200,6.50
2007-05-24,6.44,6.63,6.44,6.60,19900,6.60
2007-05-23,6.56,6.70,6.45,6.46,57200,6.46
2007-05-22,6.65,6.71,6.41,6.49,82700,6.49
2007-05-21,6.69,6.75,6.60,6.69,38300,6.69
2007-05-18,6.73,6.80,6.69,6.70,18300,6.70
2007-05-17,6.75,6.80,6.65,6.73,33400,6.73
2007-05-16,6.82,6.82,6.76,6.77,15500,6.77
2007-05-15,7.00,7.06,6.86,7.06,30600,7.06
2007-05-14,7.10,7.10,6.76,6.95,34100,6.95
2007-05-11,7.03,7.14,6.74,7.14,69500,7.14
2007-05-10,7.13,7.19,7.04,7.19,17500,7.19
2007-05-09,7.01,7.12,6.93,7.10,22400,7.10
2007-05-08,7.10,7.10,6.74,7.02,31200,7.02
2007-05-07,7.00,7.08,6.76,7.06,35500,7.06
2007-05-04,7.05,7.08,6.95,7.05,39900,7.05
2007-05-03,6.89,7.07,6.89,7.05,42400,7.05
2007-05-02,6.81,7.06,6.81,6.88,27500,6.88
2007-05-01,6.76,6.93,6.76,6.81,34300,6.81
2007-04-30,6.90,7.07,6.75,7.07,41700,7.07
2007-04-27,7.03,7.03,6.72,6.85,74500,6.85
2007-04-26,7.00,7.07,7.00,7.00,32000,7.00
2007-04-25,7.02,7.14,7.01,7.02,30100,7.02
2007-04-24,7.03,7.08,7.00,7.04,63200,7.04
2007-04-23,7.10,7.24,7.05,7.05,29000,7.05
2007-04-20,7.14,7.18,7.11,7.18,8400,7.18
2007-04-19,7.12,7.21,7.12,7.21,15000,7.21
2007-04-18,7.24,7.25,7.184,7.25,13200,7.25
2007-04-17,7.32,7.41,7.17,7.19,40300,7.19
2007-04-16,7.29,7.34,7.29,7.34,22700,7.34
2007-04-13,7.26,7.33,7.22,7.29,11900,7.29
2007-04-12,7.29,7.29,7.284,7.29,21500,7.29
2007-04-11,7.43,7.43,7.24,7.25,23500,7.25
2007-04-10,7.595,7.595,7.31,7.35,48700,7.35
2007-04-09,7.81,7.81,7.58,7.61,15200,7.61
2007-04-05,7.67,7.86,7.65,7.76,35700,7.76
2007-04-04,7.90,7.95,7.56,7.70,43900,7.70
2007-04-03,7.51,7.90,7.37,7.90,84500,7.90
2007-04-02,7.30,7.54,7.25,7.54,58100,7.54
2007-03-30,7.20,7.30,7.17,7.24,24700,7.24
2007-03-29,7.15,7.21,7.11,7.21,29200,7.21
2007-03-28,7.25,7.25,7.07,7.12,46900,7.12
2007-03-27,7.08,7.25,7.04,7.22,32000,7.22
2007-03-26,7.23,7.25,7.02,7.12,24100,7.12
2007-03-23,7.06,7.29,7.05,7.23,24100,7.23
2007-03-22,7.18,7.22,7.03,7.08,22100,7.08
2007-03-21,7.15,7.17,7.06,7.17,18500,7.17
2007-03-20,7.30,7.302,7.12,7.302,28200,7.302
2007-03-19,7.02,7.32,7.02,7.24,52000,7.24
2007-03-16,6.99,7.07,6.90,7.00,36700,7.00
2007-03-15,7.06,7.15,6.89,6.96,92300,6.96
2007-03-14,7.20,7.20,6.95,7.01,73500,7.01
2007-03-13,7.34,7.39,7.14,7.19,37100,7.19
2007-03-12,7.44,7.513,7.25,7.39,34700,7.39
2007-03-09,7.40,7.51,7.35,7.39,51900,7.39
2007-03-08,7.47,7.52,7.36,7.52,47100,7.52
2007-03-07,7.49,7.59,7.40,7.47,36300,7.47
2007-03-06,7.35,7.60,7.35,7.42,46000,7.42
2007-03-05,7.69,7.75,7.30,7.75,79000,7.75
2007-03-02,7.95,8.00,7.79,8.00,32800,8.00
2007-03-01,8.03,8.03,7.85,7.89,38000,7.89
2007-02-28,8.10,8.12,8.05,8.12,46300,8.12
2007-02-27,8.05,8.30,7.98,8.30,139700,8.30
2007-02-26,8.20,8.25,8.13,8.14,37600,8.14
2007-02-23,8.38,8.38,8.15,8.38,38700,8.38
2007-02-22,8.25,8.38,8.18,8.38,32900,8.38
2007-02-21,8.11,8.22,8.07,8.17,36600,8.17
2007-02-20,8.25,8.29,8.15,8.16,29200,8.16
2007-02-16,8.60,8.60,8.15,8.20,131700,8.20
2007-02-15,8.40,8.60,8.40,8.60,72500,8.60
2007-02-14,8.27,8.44,8.25,8.3996,56000,8.3996
2007-02-13,8.18,8.25,8.13,8.25,73500,8.25
2007-02-12,8.18,8.18,8.12,8.12,15100,8.12
2007-02-09,8.15,8.18,8.07,8.10,48100,8.10
2007-02-08,8.02,8.14,8.02,8.14,39300,8.14
2007-02-07,8.16,8.18,8.00,8.02,78500,8.02
2007-02-06,8.19,8.20,8.15,8.16,20800,8.16
2007-02-05,8.18,8.24,8.18,8.20,28200,8.20
2007-02-02,8.23,8.25,8.18,8.20,26900,8.20
2007-02-01,8.39,8.45,8.15,8.24,70700,8.24
2007-01-31,8.43,8.51,8.381,8.51,36300,8.51
2007-01-30,8.51,8.51,8.37,8.44,34900,8.44
2007-01-29,8.51,8.55,8.41,8.48,35000,8.48
2007-01-26,8.52,8.55,8.45,8.51,43800,8.51
2007-01-25,8.53,8.53,8.42,8.44,22000,8.44
2007-01-24,8.65,8.66,8.538,8.66,26300,8.66
2007-01-23,8.45,8.63,8.39,8.59,51800,8.59
2007-01-22,8.51,8.72,8.39,8.40,38800,8.40
2007-01-19,8.58,8.68,8.40,8.43,27500,8.43
2007-01-18,8.55,8.69,8.50,8.50,34600,8.50
2007-01-17,8.76,8.86,8.50,8.539,64700,8.539
2007-01-16,8.86,8.90,8.68,8.76,55100,8.76
2007-01-12,8.85,8.86,8.60,8.65,39500,8.65
2007-01-11,8.95,8.96,8.75,8.96,59500,8.96
2007-01-10,8.77,9.00,8.77,8.85,48200,8.85
2007-01-09,8.93,9.07,8.80,8.81,91500,8.81
2007-01-08,8.74,8.96,8.74,8.96,88600,8.96
2007-01-05,8.29,8.48,8.29,8.48,14600,8.48
2007-01-04,8.35,8.44,8.33,8.44,7000,8.44
2007-01-03,8.50,8.53,8.13,8.35,44800,8.35
2006-12-29,8.45,8.62,8.424,8.53,49500,8.53
2006-12-28,8.27,8.49,8.22,8.49,29600,8.49
2006-12-27,8.20,8.41,8.20,8.32,27100,8.32
2006-12-26,8.35,8.52,8.15,8.21,30500,8.21
2006-12-22,8.46,8.67,8.38,8.67,31100,8.67
2006-12-21,8.55,8.70,8.08,8.48,69400,8.48
2006-12-20,8.94,8.97,8.56,8.56,46800,8.56
2006-12-19,9.00,9.00,8.71,8.85,17000,8.85
2006-12-18,8.80,9.00,8.60,8.96,55600,8.96
2006-12-15,8.61,8.80,8.52,8.79,23400,8.79
2006-12-14,8.82,8.82,8.61,8.65,29800,8.65
2006-12-13,8.65,8.86,8.58,8.78,72300,8.78
2006-12-12,8.62,8.85,8.62,8.85,33400,8.85
2006-12-11,8.70,8.80,8.5501,8.63,29700,8.63
2006-12-08,8.86,8.89,8.70,8.78,20000,8.78
2006-12-07,8.81,8.90,8.68,8.90,45500,8.90
2006-12-06,8.85,8.90,8.63,8.87,61500,8.87
2006-12-05,8.90,8.90,8.78,8.90,26500,8.90
2006-12-04,9.02,9.07,8.83,8.90,31500,8.90
2006-12-01,9.21,9.25,8.75,8.92,108000,8.92
2006-11-30,8.30,9.27,8.26,8.9901,267700,8.9901
2006-11-29,7.97,8.03,7.56,7.97,111900,7.97
2006-11-28,7.86,8.04,7.85,7.98,34000,7.98
2006-11-27,8.27,8.324,7.86,7.94,66300,7.94
2006-11-24,8.30,8.38,8.30,8.38,9600,8.38
2006-11-22,8.3048,8.3399,8.20,8.30,31700,8.30
2006-11-21,8.29,8.45,8.25,8.30,37500,8.30
2006-11-20,8.48,8.55,8.25,8.32,64200,8.32
2006-11-17,8.55,8.55,8.34,8.45,99900,8.45
2006-11-16,8.44,8.55,8.44,8.55,89400,8.55
2006-11-15,8.29,8.45,8.25,8.44,29300,8.44
2006-11-14,8.14,8.33,8.10,8.30,121100,8.30
2006-11-13,8.48,8.51,8.10,8.17,107200,8.17
2006-11-10,8.47,8.50,8.25,8.40,47600,8.40
2006-11-09,8.40,8.59,8.07,8.25,66300,8.25
2006-11-08,7.94,8.48,7.924,8.36,46600,8.36
2006-11-07,8.10,8.14,7.98,8.14,99500,8.14
2006-11-06,8.25,8.25,8.08,8.11,31900,8.11
2006-11-03,8.20,8.22,7.99,8.08,81700,8.08
2006-11-02,7.84,8.15,7.59,8.11,126500,8.11
2006-11-01,7.93,8.00,7.80,7.93,115100,7.93
2006-10-31,7.72,7.93,7.64,7.91,117200,7.91
2006-10-30,7.49,7.71,7.47,7.50,16700,7.50
2006-10-27,7.70,7.726,7.48,7.726,21600,7.726
2006-10-26,7.78,7.80,7.65,7.80,43400,7.80
2006-10-25,7.50,7.79,7.50,7.79,30700,7.79
2006-10-24,7.35,7.49,7.25,7.49,22100,7.49
2006-10-23,7.20,7.46,7.05,7.42,33000,7.42
2006-10-20,7.37,7.51,7.20,7.23,19200,7.23
2006-10-19,7.38,7.50,7.334,7.40,32700,7.40
2006-10-18,7.52,7.77,7.25,7.42,38400,7.42
2006-10-17,7.67,7.70,7.50,7.53,16200,7.53
2006-10-16,7.83,7.83,7.67,7.83,39600,7.83
2006-10-13,7.64,7.94,7.51,7.86,32500,7.86
2006-10-12,7.75,7.75,7.40,7.67,37200,7.67
2006-10-11,7.88,7.92,7.50,7.61,53000,7.61
2006-10-10,7.90,7.91,7.65,7.91,57400,7.91
2006-10-09,7.87,7.98,7.76,7.90,119800,7.90
2006-10-06,7.93,7.95,7.84,7.90,8400,7.90
2006-10-05,7.96,7.98,7.73,7.95,10000,7.95
2006-10-04,7.75,7.99,7.61,7.99,32900,7.99
2006-10-03,7.76,7.94,7.73,7.74,23400,7.74
2006-10-02,7.76,7.90,7.72,7.73,11100,7.73
2006-09-29,7.77,7.95,7.72,7.83,10900,7.83
2006-09-28,7.68,7.95,7.68,7.80,16200,7.80
2006-09-27,7.88,8.00,7.70,7.70,70400,7.70
2006-09-26,7.76,7.94,7.71,7.92,36200,7.92
2006-09-25,7.80,7.90,7.71,7.79,11500,7.79
2006-09-22,7.81,7.85,7.78,7.85,7900,7.85
2006-09-21,7.93,7.93,7.76,7.85,15000,7.85
2006-09-20,7.68,7.95,7.58,7.95,29800,7.95
2006-09-19,8.00,8.00,7.65,7.70,24400,7.70
2006-09-18,7.94,8.00,7.66,7.96,47400,7.96
2006-09-15,7.75,8.25,7.50,7.98,47000,7.98
2006-09-14,7.68,7.77,7.50,7.74,29300,7.74
2006-09-13,7.92,7.92,7.62,7.63,30200,7.63
2006-09-12,8.05,8.05,7.77,7.90,27500,7.90
2006-09-11,8.09,8.09,7.90,8.00,62700,8.00
2006-09-08,8.33,8.34,8.12,8.34,70500,8.34
2006-09-07,7.95,8.40,7.95,8.40,68500,8.40
2006-09-06,7.64,8.04,7.64,7.93,79600,7.93
2006-09-05,7.60,8.01,7.60,7.69,101500,7.69
2006-09-01,7.69,7.69,7.01,7.54,53400,7.54
2006-08-31,7.65,7.68,7.48,7.65,42000,7.65
2006-08-30,7.67,7.77,7.50,7.65,20500,7.65
2006-08-29,7.61,7.75,7.61,7.75,54700,7.75
2006-08-28,7.17,7.53,7.10,7.53,38600,7.53
2006-08-25,7.07,7.22,7.07,7.20,8300,7.20
2006-08-24,6.81,7.22,6.75,7.10,21100,7.10
2006-08-23,7.20,7.20,6.80,6.80,27100,6.80
2006-08-22,7.22,7.24,7.13,7.17,31900,7.17
2006-08-21,7.01,7.24,7.01,7.23,29000,7.23
2006-08-18,6.96,7.00,6.87,7.00,28400,7.00
2006-08-17,6.82,6.97,6.82,6.97,23800,6.97
2006-08-16,6.71,6.89,6.51,6.85,45600,6.85
2006-08-15,6.93,6.93,6.683,6.93,20900,6.93
2006-08-14,6.74,7.06,6.71,6.93,24200,6.93
2006-08-11,7.03,7.15,6.71,7.15,30900,7.15
2006-08-10,6.86,7.21,6.67,7.00,102600,7.00
2006-08-09,6.67,6.97,6.67,6.97,91800,6.97
2006-08-08,6.03,6.49,6.02,6.45,71600,6.45
2006-08-07,6.10,6.15,5.97,6.00,48400,6.00
2006-08-04,6.18,6.35,5.99,6.05,99800,6.05
2006-08-03,6.15,6.32,5.91,6.20,79300,6.20
2006-08-02,6.27,6.47,6.05,6.12,30600,6.12
2006-08-01,6.11,6.41,6.09,6.15,26400,6.15
2006-07-31,6.50,6.50,6.00,6.11,47100,6.11
2006-07-28,6.50,6.50,6.10,6.25,29400,6.25
2006-07-27,6.43,6.67,6.31,6.34,30600,6.34
2006-07-26,6.11,6.82,6.05,6.43,99200,6.43
2006-07-25,6.04,6.14,6.02,6.08,27100,6.08
2006-07-24,6.12,6.126,6.00,6.07,63500,6.07
2006-07-21,6.36,6.36,6.17,6.36,86800,6.36
2006-07-20,6.43,6.56,6.40,6.41,32800,6.41
2006-07-19,6.50,6.72,6.41,6.46,68400,6.46
2006-07-18,6.50,6.67,6.45,6.50,62100,6.50
2006-07-17,6.67,6.68,6.50,6.50,43100,6.50
2006-07-14,6.62,6.63,6.50,6.558,48200,6.558
2006-07-13,6.59,6.79,6.59,6.79,40100,6.79
2006-07-12,6.79,6.84,6.54,6.62,90400,6.62
2006-07-11,7.20,7.20,6.81,6.85,104600,6.85
2006-07-10,7.05,7.30,6.90,7.07,128500,7.07
2006-07-07,7.01,7.08,6.91,7.00,47400,7.00
2006-07-06,7.17,7.33,6.92,7.04,151200,7.04
2006-07-05,7.30,7.30,7.06,7.20,109200,7.20
2006-07-03,7.50,7.50,7.36,7.40,37300,7.40
2006-06-30,7.46,7.49,7.40,7.46,36000,7.46
2006-06-29,7.56,7.60,7.40,7.49,47100,7.49
2006-06-28,7.78,7.78,7.50,7.78,66100,7.78
2006-06-27,7.75,7.94,7.62,7.70,17200,7.70
2006-06-26,7.86,7.86,7.60,7.75,32800,7.75
2006-06-23,8.00,8.00,7.57,7.64,81700,7.64
2006-06-22,7.88,7.94,7.70,7.86,47200,7.86
2006-06-21,7.74,7.83,7.54,7.68,74800,7.68
2006-06-20,7.45,7.67,7.45,7.59,59100,7.59
2006-06-19,7.43,7.56,7.40,7.4423,44800,7.4423
2006-06-16,7.76,7.79,7.35,7.46,91200,7.46
2006-06-15,7.51,7.88,7.41,7.79,64600,7.79
2006-06-14,7.65,7.77,7.35,7.42,114300,7.42
2006-06-13,8.18,8.18,7.58,7.65,170500,7.65
2006-06-12,8.50,8.50,8.21,8.50,110300,8.50
2006-06-09,8.30,8.68,8.19,8.39,41700,8.39
2006-06-08,8.47,8.57,8.12,8.32,130000,8.32
2006-06-07,8.39,8.53,8.37,8.47,40400,8.47
2006-06-06,8.74,8.74,8.39,8.45,74200,8.45
2006-06-05,8.84,8.90,8.62,8.71,39100,8.71
2006-06-02,8.70,8.90,8.55,8.74,63200,8.74
2006-06-01,8.37,8.70,8.37,8.51,56000,8.51
2006-05-31,8.58,8.65,8.37,8.37,32700,8.37
2006-05-30,8.60,8.90,8.48,8.55,25400,8.55
2006-05-26,8.62,8.86,8.53,8.62,14700,8.62
2006-05-25,8.56,8.78,8.56,8.65,50700,8.65
2006-05-24,8.36,8.98,8.269,8.53,74100,8.53
2006-05-23,8.31,8.55,8.26,8.31,48000,8.31
2006-05-22,8.50,8.54,8.30,8.38,61400,8.38
2006-05-19,8.72,8.78,8.50,8.51,66700,8.51
2006-05-18,9.08,9.08,8.70,8.72,103100,8.72
2006-05-17,9.12,9.24,9.05,9.11,55500,9.11
2006-05-16,9.44,9.44,9.05,9.17,105500,9.17
2006-05-15,9.60,9.64,9.32,9.40,65500,9.40
2006-05-12,9.56,9.82,9.54,9.65,56700,9.65
2006-05-11,9.75,9.75,9.55,9.65,82900,9.65
2006-05-10,9.70,9.85,9.64,9.74,93900,9.74
2006-05-09,10.23,10.23,9.82,10.23,62100,10.23
2006-05-08,9.75,10.12,9.66,10.07,88900,10.07
2006-05-05,10.18,10.18,9.51,9.71,153700,9.71
2006-05-04,10.20,10.50,10.20,10.50,126100,10.50
2006-05-03,10.22,10.29,9.97,10.16,59100,10.16
2006-05-02,10.47,10.50,10.14,10.20,64200,10.20
2006-05-01,10.39,10.60,10.30,10.51,96200,10.51
2006-04-28,10.39,10.51,10.25,10.50,90300,10.50
2006-04-27,10.35,10.40,9.79,10.39,58600,10.39
2006-04-26,10.27,10.30,10.20,10.22,55200,10.22
2006-04-25,10.32,10.60,10.20,10.25,54300,10.25
2006-04-24,10.33,10.38,10.10,10.36,98800,10.36
2006-04-21,10.05,10.40,10.05,10.40,147100,10.40
2006-04-20,9.63,10.06,9.60,10.05,122800,10.05
2006-04-19,9.66,9.75,9.50,9.69,40400,9.69
2006-04-18,9.51,9.75,9.51,9.71,35500,9.71
2006-04-17,9.75,9.75,9.45,9.54,64700,9.54
2006-04-13,9.37,9.62,8.98,9.59,182400,9.59
2006-04-12,9.61,9.87,9.50,9.70,52900,9.70
2006-04-11,9.89,10.00,9.25,9.65,216300,9.65
2006-04-10,10.07,10.50,10.00,10.40,121800,10.40
2006-04-07,10.00,10.07,9.90,10.05,65300,10.05
2006-04-06,10.06,10.07,9.89,10.07,55800,10.07
2006-04-05,9.95,9.95,9.80,9.93,24800,9.93
2006-04-04,10.00,10.02,9.75,9.80,41500,9.80
2006-04-03,9.80,10.07,9.75,9.989,58300,9.989
2006-03-31,9.85,9.85,9.60,9.62,25800,9.62
2006-03-30,9.89,9.95,9.55,9.75,42700,9.75
2006-03-29,9.98,10.01,9.70,9.75,72900,9.75
2006-03-28,9.55,10.25,9.47,9.98,327100,9.98
2006-03-27,9.50,9.59,9.40,9.41,42700,9.41
2006-03-24,9.60,9.60,9.40,9.40,54700,9.40
2006-03-23,9.67,9.67,9.40,9.50,117900,9.50
2006-03-22,9.38,9.65,9.38,9.48,162300,9.48
2006-03-21,9.00,9.45,8.86,9.30,233500,9.30
2006-03-20,8.98,9.00,8.85,8.87,41600,8.87
2006-03-17,8.99,9.15,8.85,8.95,39300,8.95
2006-03-16,9.07,9.19,8.966,8.98,30800,8.98
2006-03-15,9.05,9.20,9.05,9.09,34200,9.09
2006-03-14,9.25,9.28,8.90,9.01,79300,9.01
2006-03-13,9.33,9.33,9.15,9.21,47100,9.21
2006-03-10,9.24,9.45,9.00,9.14,105000,9.14
2006-03-09,9.10,9.30,9.08,9.194,92000,9.194
2006-03-08,9.01,9.15,8.99,9.10,33300,9.10
2006-03-07,9.14,9.19,8.71,9.01,125500,9.01
2006-03-06,9.00,9.15,8.90,9.15,122500,9.15
2006-03-03,8.68,8.99,8.51,8.95,156800,8.95
2006-03-02,8.26,8.69,8.26,8.69,164400,8.69
2006-03-01,8.24,8.40,8.18,8.26,323800,8.26
2006-02-28,8.31,8.48,8.25,8.25,105600,8.25
2006-02-27,8.21,8.50,8.15,8.30,155200,8.30
2006-02-24,8.34,8.47,8.14,8.24,102200,8.24
2006-02-23,8.39,8.57,8.25,8.37,52700,8.37
2006-02-22,8.60,8.60,8.28,8.36,58500,8.36
2006-02-21,8.40,8.57,8.28,8.36,121400,8.36
2006-02-17,8.50,8.60,8.32,8.46,57800,8.46
2006-02-16,8.30,8.50,8.10,8.50,79700,8.50
2006-02-15,8.20,8.49,8.06,8.25,63400,8.25
2006-02-14,8.35,8.46,8.05,8.19,271500,8.19
2006-02-13,8.74,8.78,8.35,8.40,89500,8.40
2006-02-10,8.85,8.86,8.52,8.54,98900,8.54
2006-02-09,8.90,8.90,8.728,8.80,33600,8.80
2006-02-08,8.85,8.95,8.76,8.86,82600,8.86
2006-02-07,8.80,8.83,8.70,8.83,82100,8.83
2006-02-06,8.72,8.90,8.65,8.85,80000,8.85
2006-02-03,8.69,8.85,8.65,8.75,48400,8.75
2006-02-02,8.72,8.77,8.55,8.77,99100,8.77
2006-02-01,8.69,8.77,8.55,8.57,30600,8.57
2006-01-31,8.58,8.77,8.55,8.68,32200,8.68
2006-01-30,8.61,8.74,8.55,8.63,40000,8.63
2006-01-27,8.75,8.81,8.61,8.63,68600,8.63
2006-01-26,8.64,8.82,8.59,8.75,102600,8.75
2006-01-25,8.51,8.68,8.50,8.58,68600,8.58
2006-01-24,8.62,8.65,8.49,8.53,81500,8.53
2006-01-23,8.73,8.74,8.55,8.64,211800,8.64
2006-01-20,8.61,8.74,8.59,8.65,65800,8.65
2006-01-19,8.65,8.74,8.61,8.62,78700,8.62
2006-01-18,8.69,8.72,8.59,8.72,99000,8.72
2006-01-17,8.99,8.99,8.58,8.60,156300,8.60
2006-01-13,9.00,9.15,8.73,8.81,119700,8.81
2006-01-12,8.95,8.99,8.76,8.84,524500,8.84
2006-01-11,9.07,9.34,8.55,8.73,2043400,8.73
2006-01-10,11.43,11.50,11.00,11.13,183200,11.13
2006-01-09,10.70,11.29,10.68,11.29,248000,11.29
2006-01-06,10.23,10.66,10.14,10.60,143000,10.60
2006-01-05,10.05,10.20,10.00,10.15,58700,10.15
2006-01-04,9.92,10.25,9.92,10.16,84100,10.16
2006-01-03,10.10,10.11,9.87,9.95,47800,9.95
2005-12-30,10.17,10.18,9.95,10.04,145900,10.04
2005-12-29,10.00,10.09,9.96,10.045,102900,10.045
2005-12-28,10.01,10.14,10.00,10.05,64200,10.05
2005-12-27,10.04,10.20,10.00,10.08,72300,10.08
2005-12-23,10.04,10.09,10.00,10.09,24400,10.09
2005-12-22,10.01,10.09,10.00,10.03,77500,10.03
2005-12-21,10.04,10.06,10.00,10.02,47700,10.02
2005-12-20,9.93,10.06,9.86,10.00,58400,10.00
2005-12-19,9.99,10.00,9.85,9.96,70600,9.96
2005-12-16,10.00,10.00,9.82,9.85,59000,9.85
2005-12-15,10.00,10.05,9.81,9.99,74300,9.99
2005-12-14,10.09,10.09,9.92,10.00,69900,10.00
2005-12-13,10.07,10.09,9.85,9.98,145400,9.98
2005-12-12,10.00,10.25,10.00,10.02,84700,10.02
2005-12-09,10.29,10.29,9.95,10.00,110600,10.00
2005-12-08,10.26,10.48,10.15,10.48,79300,10.48
2005-12-07,10.27,10.30,10.10,10.30,104800,10.30
2005-12-06,10.25,10.28,10.09,10.15,149700,10.15
2005-12-05,10.36,10.371,10.08,10.149,87900,10.149
2005-12-02,10.30,10.39,10.10,10.20,55600,10.20
2005-12-01,10.49,10.49,10.10,10.16,74800,10.16
2005-11-30,10.16,10.39,10.01,10.14,70500,10.14
2005-11-29,10.63,10.75,10.16,10.27,118400,10.27
2005-11-28,10.68,10.79,10.42,10.55,102900,10.55
2005-11-25,10.59,10.59,10.41,10.54,30000,10.54
2005-11-23,10.55,10.66,10.403,10.59,134700,10.59
2005-11-22,10.75,10.75,10.28,10.39,260500,10.39
2005-11-21,10.35,10.37,10.14,10.22,85200,10.22
2005-11-18,10.35,10.45,10.11,10.20,149800,10.20
2005-11-17,10.43,10.45,10.11,10.299,67700,10.299
2005-11-16,10.30,10.30,10.01,10.20,122400,10.20
2005-11-15,10.30,10.45,10.10,10.23,142100,10.23
2005-11-14,9.85,10.50,9.84,10.25,253700,10.25
2005-11-11,10.00,10.00,9.70,9.78,78300,9.78
2005-11-10,10.20,10.32,9.71,9.99,149800,9.99
2005-11-09,10.59,10.59,9.95,10.15,166000,10.15
2005-11-08,11.24,11.24,10.47,10.60,334600,10.60
2005-11-07,11.20,11.34,10.85,11.05,209700,11.05
2005-11-04,10.95,11.16,10.82,11.00,202700,11.00
2005-11-03,10.20,11.04,10.10,10.95,617900,10.95
2005-11-02,9.98,10.25,9.78,10.00,231800,10.00
2005-11-01,9.90,9.90,9.75,9.75,90500,9.75
2005-10-31,9.90,10.00,9.55,9.80,92900,9.80
2005-10-28,9.95,9.95,9.70,9.75,45700,9.75
2005-10-27,10.04,10.05,9.70,9.80,62000,9.80
2005-10-26,10.13,10.13,9.83,9.95,91100,9.95
2005-10-25,10.11,10.15,9.75,9.90,157500,9.90
2005-10-24,9.90,10.04,9.50,9.98,256200,9.98
2005-10-21,9.50,9.95,9.23,9.67,207900,9.67
2005-10-20,9.45,9.49,9.25,9.40,77300,9.40
2005-10-19,8.99,9.38,8.55,9.38,235200,9.38
2005-10-18,9.89,9.89,8.91,9.04,405400,9.04
2005-10-17,9.52,10.00,9.28,9.80,247200,9.80
2005-10-14,9.90,10.10,9.05,9.25,671000,9.25
2005-10-13,10.13,10.13,9.91,9.96,239800,9.96
2005-10-12,10.84,10.84,9.90,10.11,501400,10.11
2005-10-11,11.00,11.00,10.50,10.80,215100,10.80
2005-10-10,11.15,11.15,10.821,10.86,148600,10.86
2005-10-07,11.52,11.52,10.90,11.06,237700,11.06
2005-10-06,11.75,11.89,11.16,11.40,860300,11.40
2005-10-05,12.30,12.35,10.68,10.89,525100,10.89
2005-10-04,12.40,12.53,11.81,12.02,292800,12.02
2005-10-03,11.88,12.74,11.87,12.24,672800,12.24
2005-09-30,13.10,13.34,11.35,11.35,1360800,11.35
2005-09-29,15.50,15.51,13.00,13.00,5807000,13.00
