Date,Open,High,Low,Close,Volume,Adj Close
2012-11-16,2.23,2.23,2.23,2.23,000,2.23
2012-11-15,2.23,2.23,2.23,2.23,000,2.23
2012-11-14,2.23,2.23,2.23,2.23,000,2.23
2012-11-13,2.23,2.23,2.23,2.23,000,2.23
2012-11-12,2.23,2.23,2.23,2.23,000,2.23
2012-11-09,2.23,2.23,2.23,2.23,000,2.23
2012-11-08,2.23,2.23,2.23,2.23,000,2.23
2012-11-07,2.23,2.23,2.23,2.23,000,2.23
2012-11-06,2.23,2.23,2.23,2.23,000,2.23
2012-11-05,2.23,2.23,2.23,2.23,000,2.23
2012-11-02,2.23,2.23,2.23,2.23,000,2.23
2012-11-01,2.23,2.23,2.23,2.23,000,2.23
2012-10-31,2.23,2.23,2.23,2.23,000,2.23
2012-10-30,2.23,2.23,2.23,2.23,000,2.23
2012-10-29,2.23,2.23,2.23,2.23,000,2.23
2012-10-26,2.23,2.23,2.23,2.23,000,2.23
2012-10-25,2.23,2.23,2.23,2.23,000,2.23
2012-10-24,2.23,2.23,2.23,2.23,000,2.23
2012-10-23,2.23,2.23,2.23,2.23,000,2.23
2012-10-22,2.23,2.23,2.23,2.23,000,2.23
2012-10-19,2.23,2.23,2.23,2.23,000,2.23
2012-10-18,2.23,2.23,2.23,2.23,000,2.23
2012-10-17,2.23,2.23,2.23,2.23,000,2.23
2012-10-16,2.23,2.23,2.23,2.23,000,2.23
2012-10-15,2.23,2.23,2.23,2.23,000,2.23
2012-10-12,2.23,2.23,2.23,2.23,000,2.23
2012-10-11,2.23,2.23,2.23,2.23,000,2.23
2012-10-10,2.23,2.23,2.23,2.23,000,2.23
2012-10-09,2.23,2.23,2.23,2.23,000,2.23
2012-10-08,2.23,2.23,2.23,2.23,000,2.23
2012-10-05,2.23,2.23,2.23,2.23,000,2.23
2012-10-04,2.23,2.23,2.23,2.23,000,2.23
2012-10-03,2.23,2.23,2.23,2.23,000,2.23
2012-10-02,2.23,2.23,2.23,2.23,000,2.23
2012-10-01,2.23,2.23,2.23,2.23,000,2.23
2012-09-28,2.23,2.23,2.23,2.23,000,2.23
2012-09-27,2.23,2.23,2.23,2.23,800,2.23
2012-09-26,2.05,2.05,2.05,2.05,000,2.05
2012-09-25,2.05,2.05,2.05,2.05,000,2.05
2012-09-24,2.05,2.05,2.05,2.05,000,2.05
2012-09-21,2.05,2.05,2.05,2.05,000,2.05
2012-09-20,2.0499,2.05,2.0499,2.05,1300,2.05
2012-09-19,2.42,2.42,2.42,2.42,000,2.42
2012-09-18,2.42,2.42,2.42,2.42,000,2.42
2012-09-17,2.42,2.42,2.42,2.42,000,2.42
2012-09-14,2.42,2.42,2.42,2.42,000,2.42
2012-09-13,2.42,2.42,2.42,2.42,000,2.42
2012-09-12,2.42,2.42,2.42,2.42,000,2.42
2012-09-11,2.42,2.42,2.42,2.42,000,2.42
2012-09-10,2.42,2.42,2.42,2.42,000,2.42
2012-09-07,2.42,2.42,2.42,2.42,000,2.42
2012-09-06,2.42,2.42,2.42,2.42,000,2.42
2012-09-05,2.42,2.42,2.42,2.42,000,2.42
2012-09-04,2.42,2.42,2.42,2.42,000,2.42
2012-09-03,2.42,2.42,2.42,2.42,000,2.42
2012-08-31,2.42,2.42,2.42,2.42,000,2.42
2012-08-30,2.42,2.42,2.42,2.42,300,2.42
2012-08-29,2.68,2.68,2.68,2.68,000,2.68
2012-08-28,2.68,2.68,2.68,2.68,1000,2.68
2012-08-27,2.67,2.67,2.67,2.67,000,2.67
2012-08-24,2.67,2.67,2.67,2.67,000,2.67
2012-08-23,2.67,2.67,2.67,2.67,000,2.67
2012-08-22,2.67,2.67,2.67,2.67,000,2.67
2012-08-21,2.67,2.67,2.67,2.67,000,2.67
2012-08-20,2.67,2.67,2.67,2.67,000,2.67
2012-08-17,2.67,2.67,2.67,2.67,000,2.67
2012-08-16,2.67,2.67,2.67,2.67,000,2.67
2012-08-15,2.67,2.67,2.67,2.67,200,2.67
2012-08-14,2.93,2.93,2.93,2.93,000,2.93
2012-08-13,2.93,2.93,2.93,2.93,000,2.93
2012-08-10,2.93,2.93,2.93,2.93,000,2.93
2012-08-09,2.93,2.93,2.93,2.93,000,2.93
2012-08-08,2.93,2.93,2.93,2.93,000,2.93
2012-08-07,2.93,2.93,2.93,2.93,000,2.93
2012-08-06,2.93,2.93,2.93,2.93,000,2.93
2012-08-03,2.93,2.93,2.93,2.93,000,2.93
2012-08-02,2.93,2.93,2.93,2.93,000,2.93
2012-08-01,2.93,2.93,2.93,2.93,000,2.93
2012-07-31,2.77,2.93,2.74,2.93,500,2.93
2012-07-30,2.77,2.77,2.77,2.77,000,2.77
2012-07-27,2.77,2.77,2.77,2.77,200,2.77
2012-07-26,2.92,2.92,2.92,2.92,000,2.92
2012-07-25,2.92,2.92,2.92,2.92,000,2.92
2012-07-24,2.92,2.92,2.92,2.92,000,2.92
2012-07-23,2.92,2.92,2.92,2.92,000,2.92
2012-07-20,2.92,2.92,2.92,2.92,200,2.92
2012-07-19,3.02,3.02,3.02,3.02,000,3.02
2012-07-18,3.02,3.02,3.02,3.02,100,3.02
2012-07-17,2.94,2.94,2.94,2.94,000,2.94
2012-07-16,2.94,2.94,2.94,2.94,000,2.94
2012-07-13,2.94,2.94,2.94,2.94,000,2.94
2012-07-12,2.94,2.94,2.94,2.94,000,2.94
2012-07-11,2.94,2.94,2.94,2.94,200,2.94
2012-07-10,2.96,2.96,2.96,2.96,000,2.96
2012-07-09,2.96,2.96,2.96,2.96,400,2.96
2012-07-05,3.22,3.22,3.22,3.22,000,3.22
2012-07-04,3.22,3.22,3.22,3.22,000,3.22
2012-07-03,3.22,3.22,3.22,3.22,000,3.22
2012-07-02,3.22,3.22,3.22,3.22,000,3.22
2012-06-29,3.22,3.22,3.22,3.22,000,3.22
2012-06-28,3.22,3.22,3.22,3.22,000,3.22
2012-06-27,3.22,3.22,3.22,3.22,000,3.22
2012-06-26,3.22,3.22,3.22,3.22,900,3.22
2012-06-25,2.73,2.73,2.73,2.73,000,2.73
2012-06-22,2.73,2.73,2.73,2.73,000,2.73
2012-06-21,2.73,2.73,2.73,2.73,000,2.73
2012-06-20,2.73,2.73,2.73,2.73,100,2.73
2012-06-19,2.68,2.68,2.68,2.68,000,2.68
2012-06-18,2.68,2.68,2.68,2.68,000,2.68
2012-06-15,2.68,2.68,2.68,2.68,100,2.68
2012-06-14,2.64,2.64,2.64,2.64,000,2.64
2012-06-13,2.64,2.64,2.64,2.64,000,2.64
2012-06-12,2.64,2.64,2.64,2.64,000,2.64
2012-06-11,2.64,2.64,2.64,2.64,000,2.64
2012-06-08,2.64,2.64,2.64,2.64,000,2.64
2012-06-07,2.64,2.64,2.64,2.64,000,2.64
2012-06-06,2.64,2.64,2.64,2.64,000,2.64
2012-06-05,2.64,2.64,2.64,2.64,000,2.64
2012-06-04,2.83,2.83,2.83,2.83,000,2.83
2012-06-01,2.83,2.83,2.83,2.83,1000,2.83
2012-05-31,3.11,3.11,3.11,3.11,000,3.11
2012-05-29,3.11,3.11,3.11,3.11,000,3.11
2012-05-28,3.11,3.11,3.11,3.11,000,3.11
2012-05-25,3.11,3.11,3.11,3.11,100,3.11
2012-05-24,3.10,3.10,3.10,3.10,000,3.10
2012-05-23,3.08,3.08,3.08,3.08,000,3.08
2012-05-22,3.08,3.08,3.08,3.08,000,3.08
2012-05-21,3.08,3.08,3.08,3.08,000,3.08
2012-05-18,3.08,3.08,3.08,3.08,400,3.08
2012-05-17,3.10,3.10,3.10,3.10,000,3.10
2012-05-16,3.02,3.17,3.02,3.10,1900,3.10
2012-05-15,3.54,3.54,3.54,3.54,000,3.54
2012-05-14,3.54,3.54,3.54,3.54,000,3.54
2012-05-11,3.54,3.54,3.54,3.54,1000,3.54
2012-05-10,3.42,3.42,3.42,3.42,000,3.42
2012-05-09,3.42,3.42,3.42,3.42,000,3.42
2012-05-08,3.42,3.42,3.42,3.42,000,3.42
2012-05-07,3.42,3.42,3.42,3.42,000,3.42
2012-05-04,3.42,3.42,3.42,3.42,700,3.42
2012-05-03,3.32,3.32,3.32,3.32,000,3.32
2012-05-02,3.32,3.32,3.32,3.32,000,3.32
2012-05-01,3.32,3.32,3.32,3.32,000,3.32
2012-04-30,3.32,3.32,3.32,3.32,000,3.32
2012-04-27,3.32,3.32,3.32,3.32,000,3.32
2012-04-26,3.32,3.32,3.32,3.32,000,3.32
2012-04-25,3.32,3.32,3.32,3.32,000,3.32
2012-04-24,3.32,3.32,3.32,3.32,000,3.32
2012-04-23,3.32,3.32,3.32,3.32,000,3.32
2012-04-20,3.32,3.32,3.32,3.32,000,3.32
2012-04-19,3.32,3.32,3.32,3.32,1600,3.32
2012-04-18,3.69,3.69,3.69,3.69,000,3.69
2012-04-17,3.69,3.69,3.69,3.69,000,3.69
2012-04-16,3.69,3.69,3.69,3.69,000,3.69
2012-04-13,3.69,3.69,3.69,3.69,000,3.69
2012-04-12,3.69,3.69,3.69,3.69,000,3.69
2012-04-11,3.69,3.69,3.69,3.69,000,3.69
2012-04-10,3.69,3.69,3.69,3.69,000,3.69
2012-04-09,3.69,3.69,3.69,3.69,000,3.69
2012-04-06,4.05,4.05,4.05,4.05,000,4.05
2012-04-05,4.05,4.05,4.05,4.05,000,4.05
2012-04-04,4.05,4.05,4.05,4.05,000,4.05
2012-04-03,4.05,4.05,4.05,4.05,000,4.05
2012-04-02,4.05,4.05,4.05,4.05,000,4.05
2012-03-30,4.05,4.05,4.05,4.05,000,4.05
2012-03-29,4.05,4.05,4.05,4.05,000,4.05
2012-03-28,4.05,4.05,4.05,4.05,000,4.05
2012-03-27,4.05,4.05,4.05,4.05,300,4.05
2012-03-26,3.98,3.98,3.98,3.98,000,3.98
2012-03-23,3.98,3.98,3.98,3.98,000,3.98
2012-03-22,3.98,3.98,3.98,3.98,000,3.98
2012-03-21,3.98,3.98,3.98,3.98,000,3.98
2012-03-20,3.98,3.98,3.98,3.98,000,3.98
2012-03-19,3.98,3.98,3.98,3.98,000,3.98
2012-03-16,3.98,3.98,3.98,3.98,100,3.98
2012-03-15,4.39,4.39,4.39,4.39,000,4.39
2012-03-14,4.39,4.39,4.39,4.39,000,4.39
2012-03-13,4.39,4.39,4.39,4.39,100,4.39
2012-03-12,4.79,4.80,4.7501,4.80,500,4.80
2012-03-09,4.90,5.00,4.90,5.00,400,5.00
2012-03-08,4.0301,4.4499,4.0301,4.4499,300,4.4499
2012-03-07,3.89,3.89,3.89,3.89,100,3.89
2012-03-06,3.47,3.47,3.47,3.47,000,3.47
2012-03-05,3.66,3.69,3.66,3.69,300,3.69
2012-03-02,3.47,3.47,3.47,3.47,000,3.47
2012-03-01,3.47,3.47,3.47,3.47,000,3.47
2012-02-29,3.47,3.47,3.47,3.47,000,3.47
2012-02-28,3.47,3.47,3.47,3.47,000,3.47
2012-02-27,3.47,3.47,3.47,3.47,000,3.47
2012-02-24,3.47,3.47,3.47,3.47,000,3.47
2012-02-23,3.47,3.47,3.47,3.47,000,3.47
2012-02-22,3.49,3.49,3.4501,3.47,300,3.47
2012-02-21,3.60,3.60,3.60,3.60,000,3.60
2012-02-20,3.60,3.60,3.60,3.60,000,3.60
2012-02-17,3.60,3.60,3.60,3.60,000,3.60
2012-02-16,3.65,3.65,3.58,3.60,1400,3.60
2012-02-15,3.9399,3.9399,3.5101,3.5101,400,3.5101
2012-02-14,3.56,3.56,3.56,3.56,100,3.56
2012-02-13,3.88,3.88,3.5533,3.88,300,3.88
2012-02-10,3.48,4.06,3.42,3.86,5100,3.86
2012-02-09,3.57,3.5701,3.31,3.35,7300,3.35
2012-02-08,3.7801,3.7801,3.7801,3.7801,200,3.7801
2012-02-07,4.70,4.90,4.00,4.44,7200,4.44
2012-02-06,3.92,4.6899,3.34,4.6892,6200,4.6892
2012-02-03,3.43,3.82,3.20,3.52,8100,3.52
2012-02-02,2.82,2.82,2.82,2.82,000,2.82
2012-02-01,2.82,2.82,2.82,2.82,000,2.82
2012-01-31,2.82,2.82,2.82,2.82,000,2.82
2012-01-30,2.82,2.82,2.82,2.82,000,2.82
2012-01-27,2.82,2.82,2.82,2.82,000,2.82
2012-01-26,2.82,2.82,2.82,2.82,000,2.82
2012-01-25,2.82,2.82,2.82,2.82,000,2.82
2012-01-24,2.82,2.82,2.82,2.82,000,2.82
2012-01-23,2.82,2.82,2.82,2.82,000,2.82
2012-01-20,2.82,2.82,2.82,2.82,000,2.82
2012-01-19,2.82,2.82,2.82,2.82,000,2.82
2012-01-18,2.82,2.82,2.82,2.82,000,2.82
2012-01-17,2.82,2.82,2.82,2.82,000,2.82
2012-01-16,2.82,2.82,2.82,2.82,000,2.82
2012-01-13,2.82,2.82,2.82,2.82,000,2.82
2012-01-12,2.82,2.82,2.82,2.82,000,2.82
2012-01-11,2.82,2.82,2.82,2.82,000,2.82
2012-01-10,2.82,2.82,2.82,2.82,000,2.82
2012-01-09,2.82,2.82,2.82,2.82,000,2.82
2012-01-06,2.82,2.82,2.82,2.82,000,2.82
2012-01-05,2.82,2.82,2.82,2.82,000,2.82
2012-01-04,2.82,2.82,2.82,2.82,000,2.82
2012-01-03,2.82,2.82,2.82,2.82,000,2.82
2012-01-02,2.82,2.82,2.82,2.82,000,2.82
2011-12-30,2.82,2.82,2.82,2.82,000,2.82
2011-12-29,2.82,2.82,2.82,2.82,000,2.82
2011-12-28,2.82,2.82,2.82,2.82,000,2.82
2011-12-27,2.82,2.82,2.82,2.82,000,2.82
2011-12-26,2.82,2.82,2.82,2.82,000,2.82
2011-12-23,2.82,2.82,2.82,2.82,000,2.82
2011-12-22,2.82,2.82,2.82,2.82,000,2.82
2011-12-21,2.82,2.82,2.82,2.82,000,2.82
2011-12-20,2.82,2.82,2.82,2.82,000,2.82
2011-12-19,2.82,2.82,2.82,2.82,000,2.82
2011-12-16,2.82,2.82,2.82,2.82,000,2.82
2011-12-15,2.82,2.82,2.82,2.82,000,2.82
2011-12-14,2.82,2.82,2.82,2.82,000,2.82
2011-12-13,2.82,2.82,2.82,2.82,000,2.82
2011-12-12,2.82,2.82,2.82,2.82,000,2.82
2011-12-09,2.82,2.82,2.82,2.82,000,2.82
2011-12-08,2.82,2.82,2.82,2.82,000,2.82
2011-12-07,2.82,2.82,2.82,2.82,000,2.82
2011-12-06,2.82,2.82,2.82,2.82,000,2.82
2011-12-05,2.82,2.82,2.82,2.82,000,2.82
2011-12-02,2.82,2.82,2.82,2.82,000,2.82
2011-12-01,2.82,2.82,2.82,2.82,000,2.82
2011-11-30,2.82,2.82,2.82,2.82,000,2.82
2011-11-29,2.82,2.82,2.82,2.82,000,2.82
2011-11-28,2.82,2.82,2.82,2.82,000,2.82
2011-11-25,2.82,2.82,2.82,2.82,000,2.82
2011-11-24,2.82,2.82,2.82,2.82,000,2.82
2011-11-23,2.82,2.82,2.82,2.82,000,2.82
2011-11-22,2.82,2.82,2.82,2.82,000,2.82
2011-11-21,2.82,2.82,2.82,2.82,000,2.82
2011-11-18,2.82,2.82,2.82,2.82,000,2.82
2011-11-17,2.87,2.87,2.82,2.82,400,2.82
2011-11-15,2.85,2.85,2.85,2.85,100,2.85
2011-11-08,3.08,3.08,3.08,3.08,300,3.08
2011-11-04,2.95,2.95,2.92,2.95,700,2.95
2011-11-03,2.90,2.90,2.90,2.90,300,2.90
2011-10-25,3.20,3.20,3.20,3.20,2000,3.20
2011-10-06,3.60,3.60,3.60,3.60,200,3.60
2011-09-16,3.73,3.74,3.73,3.74,1200,3.74
2011-09-07,3.74,3.74,3.74,3.74,600,3.74
2011-08-31,3.81,3.84,3.81,3.81,300,3.81
2011-08-24,4.31,4.31,4.31,4.31,100,4.31
2011-08-23,4.29,4.29,4.29,4.29,300,4.29
2011-08-16,5.20,5.20,5.20,5.20,200,5.20
2011-08-15,5.48,5.48,5.48,5.48,100,5.48
2011-08-10,5.10,5.168,4.47,4.50,13700,4.50
2011-08-04,5.10,5.168,4.8501,4.8501,13200,4.8501
2011-08-02,5.10,5.168,5.09,5.09,13100,5.09
2011-07-28,5.60,5.60,5.60,5.60,12200,5.60
2011-07-27,5.96,5.96,5.96,5.96,11600,5.96
2011-07-26,6.93,7.17,5.56,5.56,11000,5.56
2011-07-22,6.93,7.17,5.58,5.64,10900,5.64
2011-07-20,6.15,6.15,5.7799,5.90,2500,5.90
2011-07-19,5.50,5.78,5.50,5.78,500,5.78
2011-07-05,4.46,4.46,4.46,4.46,100,4.46
2011-06-23,4.32,4.47,4.32,4.47,500,4.47
2011-06-15,4.28,4.2801,4.28,4.2801,600,4.2801
2011-06-14,4.50,4.5001,4.00,4.00,2400,4.00
2011-06-08,4.85,4.85,4.85,4.85,200,4.85
2011-06-07,4.22,4.81,4.22,4.69,1900,4.69
2011-06-06,5.1109,5.1109,5.03,5.03,1500,5.03
2011-06-03,5.65,5.65,5.20,5.3309,3400,5.3309
2011-06-01,5.86,5.8733,5.55,5.7891,2000,5.7891
2011-05-31,5.86,5.8733,5.55,5.552,1000,5.552
2011-05-20,5.86,5.8733,5.86,5.8733,500,5.8733
2011-05-02,6.24,6.24,6.24,6.24,200,6.24
2011-04-28,4.83,6.37,4.83,6.24,800,6.24
2011-04-27,5.8401,5.8401,5.8401,5.8401,100,5.8401
2011-04-26,6.04,6.04,6.04,6.04,100,6.04
2011-04-25,6.45,6.45,6.45,6.45,800,6.45
2011-04-21,6.50,6.52,6.50,6.50,700,6.50
2011-04-20,6.94,7.04,6.8699,6.8699,1600,6.8699
2011-04-19,5.97,6.5499,5.97,6.25,4600,6.25
2011-04-13,5.25,5.25,5.25,5.25,100,5.25
2011-04-12,5.64,5.64,5.45,5.45,300,5.45
2011-04-11,6.00,6.00,6.00,6.00,100,6.00
2011-04-07,6.41,6.41,6.25,6.25,400,6.25
2011-04-05,6.66,6.66,6.40,6.40,600,6.40
2011-04-04,6.69,6.70,6.55,6.55,1100,6.55
2011-04-01,6.78,6.78,5.79,6.7001,2600,6.7001
2011-03-31,7.04,7.05,7.04,7.05,1300,7.05
2011-03-30,6.88,7.00,6.88,7.00,800,7.00
2011-03-28,6.55,6.55,6.55,6.55,400,6.55
2011-03-25,6.75,6.75,6.75,6.75,1700,6.75
2011-03-24,6.75,6.75,6.75,6.75,200,6.75
2011-03-23,7.10,7.10,6.86,6.94,700,6.94
2011-03-22,7.50,7.51,6.23,7.10,6700,7.10
2011-03-21,8.04,8.04,7.65,7.65,700,7.65
2011-03-16,8.20,8.20,8.20,8.20,1900,8.20
2011-03-14,8.83,8.85,7.95,8.20,1500,8.20
2011-03-11,8.65,8.65,7.65,7.86,3300,7.86
2011-03-08,9.00,9.00,8.74,8.74,500,8.74
2011-03-07,9.15,9.15,8.75,8.75,1200,8.75
2011-03-04,9.25,9.25,8.80,8.80,800,8.80
2011-03-02,9.01,9.01,9.00,9.00,200,9.00
2011-03-01,9.35,9.35,9.00,9.00,700,9.00
2011-02-25,9.17,9.17,9.00,9.00,600,9.00
2011-02-24,9.55,9.55,9.20,9.20,400,9.20
2011-02-23,10.30,10.30,10.30,10.30,100,10.30
2011-02-22,9.75,9.75,8.9999,8.9999,1600,8.9999
2011-02-15,10.39,10.60,9.435,9.435,1200,9.435
2011-02-14,9.75,9.75,9.29,9.29,500,9.29
2011-02-11,9.52,9.52,9.52,9.52,200,9.52
2011-02-10,10.00,10.00,9.63,9.63,1200,9.63
2011-02-08,9.85,9.91,9.80,9.91,1100,9.91
2011-02-07,10.25,10.25,9.74,9.74,1100,9.74
2011-02-03,10.50,10.50,10.50,10.50,100,10.50
2011-02-02,10.99,10.99,10.99,10.99,100,10.99
2011-02-01,10.92,10.95,9.80,9.80,700,9.80
2011-01-31,10.49,10.80,10.49,10.80,500,10.80
2011-01-28,10.44,11.47,10.44,11.11,2400,11.11
2011-01-25,10.00,10.44,9.85,9.85,900,9.85
2011-01-24,10.00,10.00,10.00,10.00,100,10.00
2011-01-21,11.46,11.46,10.18,10.40,2100,10.40
2011-01-20,11.00,11.50,10.40,11.47,8400,11.47
2011-01-19,13.85,13.85,10.25,10.26,16900,10.26
2011-01-18,11.75,14.75,11.00,14.75,2600,14.75
2011-01-14,12.01,12.01,12.00,12.00,200,12.00
2011-01-10,14.30,14.30,14.30,14.30,100,14.30
2011-01-07,16.00,16.20,16.00,16.00,700,16.00
2011-01-05,24.00,24.00,18.00,18.00,500,18.00
2011-01-04,16.99,18.18,16.99,18.18,400,18.18
2011-01-03,14.00,14.00,14.00,14.00,100,14.00
2010-12-31,11.00,16.98,11.00,16.98,300,16.98
2010-12-30,15.00,15.50,15.00,15.05,2400,15.05
2010-12-27,15.20,19.00,15.20,19.00,400,19.00
2010-12-23,24.70,24.70,19.00,19.00,600,19.00
2010-12-21,18.00,18.00,18.00,18.00,100,18.00
2010-12-20,19.50,19.50,19.50,19.50,100,19.50
2010-12-16,20.02,20.02,20.01,20.01,200,20.01
2010-12-15,18.00,18.00,18.00,18.00,200,18.00
2010-12-08,29.89,29.89,24.00,24.00,300,24.00
2010-12-07,9.67,24.88,9.67,24.88,800,24.88
2010-11-24,8.00,8.00,8.00,8.00,000,8.00
2010-11-23,8.00,8.00,8.00,8.00,000,8.00
2010-11-22,8.00,8.00,8.00,8.00,000,8.00
2010-11-19,8.00,8.00,8.00,8.00,000,8.00
2010-11-18,8.00,8.00,8.00,8.00,000,8.00
2010-11-17,8.00,8.00,8.00,8.00,000,8.00
2010-11-16,8.00,8.00,8.00,8.00,000,8.00
2010-11-15,8.00,8.00,8.00,8.00,000,8.00
2010-11-12,8.00,8.00,8.00,8.00,000,8.00
2010-11-11,8.00,8.00,8.00,8.00,000,8.00
2010-11-10,8.00,8.00,8.00,8.00,200,8.00
2010-11-09,12.00,12.00,12.00,12.00,000,12.00
2010-11-08,12.00,12.00,12.00,12.00,000,12.00
2010-11-05,12.00,12.00,12.00,12.00,000,12.00
2010-11-04,12.00,12.00,12.00,12.00,000,12.00
2010-11-03,12.00,16.00,8.00,12.00,000,12.00
2010-11-02,6.25,6.25,6.25,6.25,000,6.25
2010-11-01,6.25,6.25,6.25,6.25,000,6.25
2010-10-29,6.25,6.25,6.25,6.25,000,6.25
2010-10-28,6.25,6.25,6.25,6.25,000,6.25
2010-10-27,6.25,6.25,6.25,6.25,000,6.25
2010-10-26,6.25,6.25,6.25,6.25,000,6.25
2010-10-25,6.25,6.25,6.25,6.25,000,6.25
2010-10-22,6.25,6.25,6.25,6.25,000,6.25
2010-10-21,6.25,6.25,6.25,6.25,000,6.25
2010-10-20,6.25,6.25,6.25,6.25,000,6.25
2010-10-19,6.25,6.25,6.25,6.25,000,6.25
2010-10-18,6.25,6.25,6.25,6.25,800,6.25
2010-10-15,4.00,4.00,4.00,4.00,000,4.00
2010-10-14,4.00,4.00,4.00,4.00,000,4.00
2010-10-13,4.00,4.00,4.00,4.00,000,4.00
2010-10-12,4.00,4.00,4.00,4.00,000,4.00
2010-10-11,4.00,4.00,4.00,4.00,000,4.00
2010-10-08,4.00,4.00,4.00,4.00,000,4.00
2010-10-07,4.00,4.00,4.00,4.00,000,4.00
2010-10-06,4.00,4.00,4.00,4.00,000,4.00
2010-10-05,4.00,4.00,4.00,4.00,000,4.00
2010-10-04,4.00,4.00,4.00,4.00,000,4.00
2010-10-01,4.00,4.00,4.00,4.00,000,4.00
2010-09-30,4.00,4.00,4.00,4.00,000,4.00
2010-09-29,4.00,4.00,4.00,4.00,000,4.00
2010-09-28,4.00,4.00,4.00,4.00,800,4.00
2010-09-27,6.55,6.55,6.55,6.55,000,6.55
2010-09-24,6.55,6.55,6.55,6.55,000,6.55
2010-09-23,6.55,6.55,6.55,6.55,200,6.55
2010-09-22,6.00,6.00,6.00,6.00,000,6.00
2010-09-21,6.00,6.00,6.00,6.00,000,6.00
2010-09-20,6.00,6.00,6.00,6.00,000,6.00
2010-09-17,6.00,6.00,6.00,6.00,000,6.00
2010-09-16,6.00,6.00,6.00,6.00,000,6.00
2010-09-15,6.00,6.00,6.00,6.00,000,6.00
2010-09-14,6.00,6.00,6.00,6.00,000,6.00
2010-09-13,6.00,6.00,6.00,6.00,000,6.00
2010-09-10,6.00,6.00,6.00,6.00,000,6.00
2010-09-09,6.00,6.00,6.00,6.00,000,6.00
2010-09-08,6.00,6.00,6.00,6.00,000,6.00
2010-09-07,6.00,6.00,6.00,6.00,000,6.00
2010-09-06,6.00,6.00,6.00,6.00,000,6.00
2010-09-03,6.00,6.00,6.00,6.00,000,6.00
2010-09-02,6.00,6.00,6.00,6.00,000,6.00
2010-09-01,6.00,6.00,6.00,6.00,000,6.00
2010-08-31,6.00,6.00,6.00,6.00,000,6.00
2010-08-30,6.00,6.00,6.00,6.00,000,6.00
2010-08-27,6.00,6.00,6.00,6.00,000,6.00
2010-08-26,6.00,6.00,6.00,6.00,000,6.00
2010-08-25,6.00,6.00,6.00,6.00,000,6.00
2010-08-24,6.00,6.00,6.00,6.00,000,6.00
2010-08-23,6.00,6.00,6.00,6.00,000,6.00
2010-08-20,6.00,6.00,6.00,6.00,000,6.00
2010-08-19,6.00,6.00,6.00,6.00,000,6.00
2010-08-18,6.00,6.00,6.00,6.00,000,6.00
2010-08-17,6.00,6.00,6.00,6.00,000,6.00
2010-08-16,6.00,6.00,6.00,6.00,000,6.00
2010-08-13,6.00,6.00,6.00,6.00,000,6.00
2010-08-12,6.00,6.00,6.00,6.00,000,6.00
2010-08-11,6.00,6.00,6.00,6.00,000,6.00
2010-08-10,6.00,6.00,6.00,6.00,000,6.00
2010-08-09,6.00,6.00,6.00,6.00,800,6.00
2009-12-07,9.51,9.51,9.51,9.51,200,9.51
2009-11-26,9.50,9.50,9.50,9.50,000,9.50
2009-11-25,9.75,9.75,9.50,9.50,400,9.50
2009-11-24,7.80,8.82,7.80,8.62,400,8.62
2009-11-23,10.805,10.805,10.30,10.30,6000,10.30
2009-11-20,10.6023,10.6023,10.60,10.60,500,10.60
2009-11-19,11.50,11.50,11.00,11.00,2600,11.00
2009-11-17,10.70,11.15,10.70,11.15,2600,11.15
2009-11-12,9.52,9.52,8.83,9.30,3800,9.30
2009-11-11,10.00,10.00,10.00,10.00,1000,10.00
2009-11-03,9.90,10.00,9.90,10.00,3100,10.00
2009-10-28,9.77,9.77,9.77,9.77,000,9.77
2009-10-27,9.77,9.77,9.77,9.77,000,9.77
2009-10-26,9.77,9.77,9.77,9.77,000,9.77
2009-10-23,9.77,9.77,9.77,9.77,000,9.77
2009-10-22,9.77,9.77,9.77,9.77,000,9.77
2009-10-21,9.77,9.77,9.77,9.77,000,9.77
2009-10-20,9.77,9.77,9.77,9.77,000,9.77
2009-10-19,9.77,9.77,9.77,9.77,000,9.77
2009-10-16,9.77,9.77,9.77,9.77,000,9.77
2009-10-15,9.77,9.77,9.77,9.77,000,9.77
2009-10-14,9.77,9.77,9.77,9.77,000,9.77
2009-10-13,9.77,9.77,9.77,9.77,500,9.77
2009-10-12,9.81,9.81,9.81,9.81,000,9.81
2009-10-09,9.81,9.81,9.81,9.81,000,9.81
2009-10-08,9.81,9.81,9.81,9.81,000,9.81
2009-10-07,9.81,9.81,9.81,9.81,000,9.81
2009-10-06,9.81,9.81,9.81,9.81,200,9.81
2009-10-05,9.95,9.95,9.95,9.95,000,9.95
2009-10-02,9.95,9.95,9.95,9.95,000,9.95
2009-10-01,9.95,9.95,9.95,9.95,000,9.95
2009-09-30,9.95,9.95,9.95,9.95,000,9.95
2009-09-29,9.95,9.95,9.95,9.95,000,9.95
2009-09-28,9.95,9.95,9.95,9.95,200,9.95
2009-09-25,10.15,10.15,10.15,10.15,000,10.15
2009-09-24,10.15,10.15,10.15,10.15,000,10.15
2009-09-23,10.15,10.15,10.15,10.15,000,10.15
2009-09-22,10.15,10.15,10.15,10.15,000,10.15
2009-09-21,10.15,10.15,10.15,10.15,000,10.15
2009-09-18,10.15,10.15,10.15,10.15,000,10.15
2009-09-17,10.15,10.15,10.15,10.15,000,10.15
2009-09-16,10.15,10.15,10.15,10.15,000,10.15
2009-09-15,10.15,10.15,10.15,10.15,000,10.15
2009-09-14,10.05,10.15,10.05,10.15,200,10.15
2009-09-11,9.84,9.84,9.84,9.84,000,9.84
2009-09-10,9.84,9.84,9.84,9.84,000,9.84
2009-09-09,9.84,9.84,9.84,9.84,000,9.84
2009-09-08,9.84,9.84,9.84,9.84,000,9.84
2009-09-04,9.84,9.84,9.84,9.84,000,9.84
2009-09-03,9.84,9.84,9.84,9.84,000,9.84
2009-09-02,9.84,9.84,9.84,9.84,000,9.84
2009-09-01,9.84,9.84,9.84,9.84,1500,9.84
2009-08-31,9.85,9.85,9.85,9.85,000,9.85
2009-08-28,9.85,9.85,9.85,9.85,000,9.85
2009-08-27,9.85,9.85,9.85,9.85,000,9.85
2009-08-26,9.85,9.85,9.85,9.85,000,9.85
2009-08-25,9.85,9.85,9.85,9.85,2900,9.85
2009-08-24,9.82,9.82,9.82,9.82,7400,9.82
2009-08-21,9.80,9.80,9.80,9.80,000,9.80
2009-08-20,9.80,9.80,9.80,9.80,000,9.80
2009-08-19,9.80,9.80,9.80,9.80,100,9.80
2009-08-18,9.75,9.77,9.75,9.77,6800,9.77
2009-08-17,9.83,9.83,9.83,9.83,000,9.83
2009-08-14,9.75,9.86,9.75,9.83,13800,9.83
2009-08-13,9.75,9.75,9.75,9.75,7300,9.75
2009-08-12,9.90,9.901,9.85,9.89,4400,9.89
2009-08-11,10.02,10.02,10.02,10.02,200,10.02
2009-08-10,9.831,9.833,9.831,9.833,200,9.833
2009-08-07,9.80,9.99,9.80,9.99,200,9.99
2009-08-06,9.63,9.63,9.63,9.63,000,9.63
2009-08-05,9.63,9.63,9.63,9.63,000,9.63
2009-08-04,9.63,9.63,9.63,9.63,100,9.63
2009-08-03,9.60,9.60,9.60,9.60,100,9.60
2009-07-31,9.56,9.56,9.56,9.56,000,9.56
2009-07-30,9.56,9.56,9.56,9.56,000,9.56
2009-07-29,9.56,9.56,9.56,9.56,000,9.56
2009-07-28,9.56,9.56,9.56,9.56,000,9.56
2009-07-27,9.56,9.56,9.56,9.56,000,9.56
2009-07-24,9.56,9.56,9.56,9.56,1000,9.56
2009-07-23,9.56,9.56,9.56,9.56,000,9.56
2009-07-22,9.56,9.56,9.56,9.56,400,9.56
2009-07-21,9.56,9.56,9.56,9.56,000,9.56
2009-07-20,9.56,9.56,9.56,9.56,000,9.56
2009-07-17,9.56,9.56,9.56,9.56,000,9.56
2009-07-16,9.56,9.56,9.56,9.56,000,9.56
2009-07-15,9.56,9.56,9.56,9.56,000,9.56
2009-07-14,9.56,9.56,9.56,9.56,000,9.56
2009-07-13,9.56,9.56,9.56,9.56,000,9.56
2009-07-10,9.56,9.56,9.56,9.56,000,9.56
2009-07-09,9.56,9.56,9.56,9.56,000,9.56
2009-07-08,9.56,9.56,9.56,9.56,000,9.56
2009-07-07,9.56,9.56,9.56,9.56,000,9.56
2009-07-06,9.56,9.56,9.56,9.56,300,9.56
2009-07-02,9.65,9.65,9.65,9.65,000,9.65
2009-07-01,9.65,9.65,9.65,9.65,000,9.65
2009-06-30,9.65,9.65,9.65,9.65,000,9.65
2009-06-29,9.65,9.65,9.65,9.65,000,9.65
2009-06-26,9.65,9.65,9.65,9.65,000,9.65
2009-06-25,9.65,9.65,9.65,9.65,000,9.65
2009-06-24,9.65,9.65,9.65,9.65,000,9.65
2009-06-23,9.65,9.65,9.65,9.65,000,9.65
2009-06-22,9.65,9.65,9.65,9.65,000,9.65
2009-06-19,9.65,9.65,9.65,9.65,000,9.65
2009-06-18,9.65,9.65,9.65,9.65,000,9.65
2009-06-17,9.65,9.65,9.65,9.65,000,9.65
2009-06-16,9.65,9.65,9.65,9.65,000,9.65
2009-06-15,9.65,9.65,9.65,9.65,000,9.65
2009-06-12,9.65,9.65,9.65,9.65,100,9.65
2009-06-11,9.55,9.55,9.55,9.55,000,9.55
2009-06-10,9.55,9.55,9.55,9.55,100,9.55
2009-06-09,9.40,9.40,9.40,9.40,000,9.40
2009-06-08,9.40,9.40,9.40,9.40,000,9.40
2009-06-05,9.40,9.40,9.40,9.40,000,9.40
2009-06-04,9.40,9.40,9.40,9.40,000,9.40
2009-06-03,9.40,9.40,9.40,9.40,000,9.40
2009-06-02,9.40,9.40,9.40,9.40,400,9.40
2009-06-01,9.36,9.36,9.36,9.36,000,9.36
2009-05-29,9.36,9.36,9.36,9.36,000,9.36
2009-05-28,9.36,9.36,9.36,9.36,000,9.36
2009-05-27,9.36,9.36,9.36,9.36,000,9.36
2009-05-26,9.36,9.36,9.36,9.36,700,9.36
2009-05-22,9.35,9.35,9.35,9.35,000,9.35
2009-05-21,9.35,9.35,9.35,9.35,000,9.35
2009-05-20,9.35,9.35,9.35,9.35,000,9.35
2009-05-19,9.35,9.35,9.35,9.35,000,9.35
2009-05-18,9.35,9.35,9.35,9.35,000,9.35
2009-05-15,9.35,9.35,9.35,9.35,1100,9.35
2009-05-14,9.35,9.35,9.35,9.35,200,9.35
2009-05-13,9.31,9.31,9.31,9.31,000,9.31
2009-05-12,9.31,9.31,9.31,9.31,000,9.31
2009-05-11,9.31,9.31,9.31,9.31,000,9.31
2009-05-08,9.31,9.31,9.31,9.31,000,9.31
2009-05-07,9.31,9.31,9.31,9.31,000,9.31
2009-05-06,9.31,9.31,9.31,9.31,000,9.31
2009-05-05,9.31,9.31,9.31,9.31,000,9.31
2009-05-04,9.31,9.31,9.31,9.31,000,9.31
2009-05-01,9.31,9.31,9.31,9.31,000,9.31
2009-04-30,9.31,9.31,9.31,9.31,000,9.31
2009-04-29,9.31,9.31,9.31,9.31,300,9.31
2009-04-28,9.25,9.25,9.25,9.25,000,9.25
2009-04-27,9.25,9.25,9.25,9.25,000,9.25
2009-04-24,9.25,9.25,9.25,9.25,000,9.25
2009-04-23,9.25,9.25,9.25,9.25,000,9.25
2009-04-22,9.25,9.25,9.25,9.25,000,9.25
2009-04-21,9.25,9.25,9.25,9.25,000,9.25
2009-04-20,9.25,9.25,9.25,9.25,000,9.25
2009-04-17,9.25,9.25,9.25,9.25,400,9.25
2009-04-16,9.26,9.26,9.26,9.26,000,9.26
2009-04-15,9.21,9.26,9.21,9.26,1300,9.26
2009-04-14,9.20,9.20,9.20,9.20,300,9.20
2009-04-13,9.26,9.26,9.26,9.26,400,9.26
2009-04-09,9.21,9.21,9.21,9.21,300,9.21
2009-04-08,9.20,9.20,9.20,9.20,200,9.20
2009-04-07,9.20,9.20,9.20,9.20,200,9.20
2009-04-06,9.22,9.22,9.22,9.22,000,9.22
2009-04-03,9.22,9.22,9.22,9.22,000,9.22
2009-04-02,9.22,9.22,9.22,9.22,100,9.22
2009-04-01,9.20,9.20,9.20,9.20,200,9.20
2009-03-31,9.17,9.17,9.17,9.17,100,9.17
2009-03-30,9.11,9.11,9.11,9.11,100,9.11
2009-03-27,9.22,9.22,9.22,9.22,200,9.22
2009-03-26,9.15,9.15,9.15,9.15,100,9.15
2009-03-25,9.24,9.30,9.24,9.30,600,9.30
2009-03-24,9.21,9.21,9.21,9.21,1000,9.21
2009-03-23,9.20,9.20,9.20,9.20,500,9.20
2009-03-20,9.22,9.22,9.22,9.22,000,9.22
2009-03-19,9.22,9.22,9.22,9.22,300,9.22
2009-03-18,9.299,9.299,9.299,9.299,000,9.299
2009-03-17,9.299,9.299,9.299,9.299,000,9.299
2009-03-16,9.299,9.299,9.299,9.299,000,9.299
2009-03-13,9.299,9.299,9.299,9.299,000,9.299
2009-03-12,9.30,9.30,9.299,9.299,200,9.299
2009-03-11,9.30,9.30,9.30,9.30,000,9.30
2009-03-10,9.30,9.30,9.30,9.30,000,9.30
2009-03-09,9.30,9.30,9.30,9.30,200,9.30
2009-03-06,8.21,9.28,8.21,9.28,2700,9.28
2009-03-05,9.22,9.22,9.22,9.22,1500,9.22
2009-03-04,9.20,9.20,9.20,9.20,100,9.20
2009-03-03,9.30,9.30,9.23,9.23,500,9.23
2009-03-02,9.50,9.50,9.50,9.50,000,9.50
2009-02-27,9.50,9.50,9.50,9.50,000,9.50
2009-02-26,9.50,9.50,9.50,9.50,000,9.50
2009-02-25,9.50,9.50,9.50,9.50,000,9.50
2009-02-24,9.30,9.50,9.30,9.50,200,9.50
2009-02-23,9.20,9.20,9.20,9.20,000,9.20
2009-02-20,9.20,9.20,9.20,9.20,1300,9.20
2009-02-19,9.20,9.20,9.20,9.20,000,9.20
2009-02-18,9.20,9.20,9.20,9.20,000,9.20
2009-02-17,9.20,9.20,9.20,9.20,000,9.20
2009-02-13,9.20,9.20,9.20,9.20,200,9.20
2009-02-12,9.10,9.10,9.10,9.10,000,9.10
2009-02-11,9.10,9.10,9.10,9.10,000,9.10
2009-02-10,9.10,9.10,9.10,9.10,000,9.10
2009-02-09,9.10,9.10,9.10,9.10,000,9.10
2009-02-06,9.10,9.10,9.10,9.10,000,9.10
2009-02-05,9.10,9.10,9.10,9.10,100,9.10
2009-02-04,9.05,9.05,9.05,9.05,000,9.05
2009-02-03,9.05,9.05,9.05,9.05,000,9.05
2009-02-02,9.05,9.05,9.05,9.05,100,9.05
2009-01-30,9.14,9.14,9.14,9.14,000,9.14
2009-01-29,9.14,9.14,9.14,9.14,000,9.14
2009-01-28,9.14,9.14,9.14,9.14,100,9.14
2009-01-27,8.80,8.80,8.80,8.80,000,8.80
2009-01-26,8.80,8.80,8.80,8.80,000,8.80
2009-01-23,8.80,8.80,8.80,8.80,000,8.80
2009-01-22,8.80,8.80,8.80,8.80,000,8.80
2009-01-21,8.80,8.80,8.80,8.80,000,8.80
2009-01-20,8.80,8.80,8.80,8.80,000,8.80
2009-01-16,8.80,8.80,8.80,8.80,000,8.80
2009-01-15,8.80,8.80,8.80,8.80,000,8.80
2009-01-14,8.80,8.80,8.80,8.80,000,8.80
2009-01-13,8.80,8.80,8.80,8.80,000,8.80
2009-01-12,8.80,8.80,8.80,8.80,000,8.80
2009-01-09,8.80,8.80,8.80,8.80,000,8.80
2009-01-08,8.80,8.80,8.80,8.80,000,8.80
2009-01-07,8.80,8.80,8.80,8.80,000,8.80
2009-01-06,8.80,8.80,8.80,8.80,000,8.80
2009-01-05,8.80,8.80,8.80,8.80,000,8.80
2009-01-02,8.80,8.80,8.80,8.80,000,8.80
2008-12-31,8.80,8.80,8.80,8.80,000,8.80
2008-12-30,8.80,8.80,8.80,8.80,000,8.80
2008-12-29,8.80,8.80,8.80,8.80,000,8.80
2008-12-26,8.73,8.80,8.73,8.80,2100,8.80
2008-12-24,8.70,8.70,8.70,8.70,000,8.70
2008-12-23,8.70,8.70,8.70,8.70,600,8.70
2008-12-22,8.73,8.73,8.73,8.73,000,8.73
2008-12-19,8.73,8.73,8.73,8.73,000,8.73
2008-12-18,8.73,8.73,8.73,8.73,200,8.73
2008-12-17,8.75,8.75,8.75,8.75,000,8.75
2008-12-16,8.75,8.75,8.75,8.75,000,8.75
2008-12-15,8.75,8.75,8.75,8.75,000,8.75
2008-12-12,8.75,8.75,8.75,8.75,700,8.75
2008-12-11,8.45,8.70,8.45,8.70,900,8.70
2008-12-10,8.62,8.62,8.62,8.62,000,8.62
2008-12-09,8.60,8.62,8.60,8.62,200,8.62
2008-12-08,8.65,8.65,8.65,8.65,000,8.65
2008-12-05,8.65,8.65,8.65,8.65,000,8.65
2008-12-04,8.65,8.65,8.65,8.65,000,8.65
2008-12-03,8.65,8.65,8.65,8.65,300,8.65
2008-12-02,8.67,8.67,8.67,8.67,000,8.67
2008-12-01,8.68,8.68,8.67,8.67,12000,8.67
2008-11-28,8.70,8.70,8.70,8.70,000,8.70
2008-11-26,8.75,8.75,8.67,8.70,37000,8.70
2008-11-25,8.75,8.75,8.75,8.75,000,8.75
2008-11-24,8.75,8.75,8.75,8.75,000,8.75
2008-11-21,8.75,8.765,8.75,8.75,1400,8.75
2008-11-20,8.673,8.673,8.65,8.65,1000,8.65
2008-11-19,8.81,8.81,8.81,8.81,000,8.81
2008-11-18,8.81,8.81,8.81,8.81,100,8.81
2008-11-17,8.61,8.61,8.61,8.61,000,8.61
2008-11-14,8.61,8.61,8.61,8.61,000,8.61
2008-11-13,8.61,8.61,8.61,8.61,000,8.61
2008-11-12,7.84,8.61,7.84,8.61,1100,8.61
2008-11-11,8.70,8.70,8.55,8.69,3500,8.69
2008-11-10,8.65,8.65,8.65,8.65,000,8.65
2008-11-07,8.65,8.65,8.65,8.65,000,8.65
2008-11-06,8.60,8.65,8.60,8.65,500,8.65
2008-11-05,8.51,8.51,8.51,8.51,000,8.51
2008-11-04,8.51,8.51,8.51,8.51,000,8.51
2008-11-03,8.51,8.535,8.51,8.51,1100,8.51
2008-10-31,8.62,8.62,8.62,8.62,000,8.62
2008-10-30,8.60,8.62,8.60,8.62,1100,8.62
2008-10-29,8.57,8.612,8.56,8.595,1900,8.595
2008-10-28,8.50,8.564,8.50,8.564,1600,8.564
2008-10-27,8.45,8.578,8.45,8.544,2300,8.544
2008-10-24,8.25,8.89,6.00,8.45,2400,8.45
2008-10-23,8.33,8.33,8.33,8.33,000,8.33
2008-10-22,8.33,8.33,8.33,8.33,000,8.33
2008-10-21,8.33,8.33,8.33,8.33,000,8.33
2008-10-20,8.33,8.33,8.33,8.33,000,8.33
2008-10-17,8.33,8.33,8.33,8.33,000,8.33
2008-10-16,8.33,8.33,8.33,8.33,000,8.33
2008-10-15,8.33,8.33,8.33,8.33,500,8.33
2008-10-14,8.21,8.21,8.21,8.21,000,8.21
2008-10-13,8.21,8.21,8.21,8.21,000,8.21
2008-10-10,8.40,8.40,8.21,8.21,1500,8.21
2008-10-09,8.55,8.55,8.55,8.55,000,8.55
2008-10-08,8.55,8.55,8.55,8.55,000,8.55
2008-10-07,8.30,8.55,8.10,8.55,8900,8.55
2008-10-06,8.00,8.96,8.00,8.96,2500,8.96
2008-10-03,9.00,9.00,9.00,9.00,000,9.00
2008-10-02,9.00,9.00,9.00,9.00,000,9.00
2008-10-01,9.00,9.00,9.00,9.00,000,9.00
2008-09-30,8.72,9.00,8.72,9.00,200,9.00
2008-09-29,9.05,9.05,8.00,8.00,2100,8.00
2008-09-26,9.30,9.30,9.30,9.30,1200,9.30
2008-09-25,9.41,9.41,9.41,9.41,4900,9.41
2008-09-24,9.41,9.41,9.41,9.41,000,9.41
2008-09-23,9.41,9.41,9.41,9.41,000,9.41
2008-09-22,9.41,9.41,9.41,9.41,000,9.41
2008-09-19,9.41,9.41,9.41,9.41,000,9.41
2008-09-18,9.41,9.41,9.41,9.41,000,9.41
2008-09-17,9.41,9.41,9.41,9.41,2300,9.41
2008-09-16,9.45,9.469,9.45,9.46,3900,9.46
2008-09-15,9.50,9.50,9.45,9.45,1500,9.45
2008-09-12,9.60,9.60,9.60,9.60,000,9.60
2008-09-11,9.60,9.60,9.60,9.60,000,9.60
2008-09-10,9.60,9.60,9.60,9.60,000,9.60
2008-09-09,9.60,9.60,9.60,9.60,000,9.60
2008-09-08,9.60,9.60,9.60,9.60,000,9.60
2008-09-05,9.60,9.60,9.60,9.60,000,9.60
2008-09-04,9.60,9.60,9.60,9.60,000,9.60
2008-09-03,9.60,9.60,9.60,9.60,000,9.60
2008-09-02,9.60,9.60,9.60,9.60,000,9.60
2008-08-29,9.60,9.60,9.60,9.60,100,9.60
2008-08-28,9.60,9.60,9.60,9.60,500,9.60
2008-08-27,9.55,9.55,9.55,9.55,000,9.55
2008-08-26,9.55,9.55,9.55,9.55,000,9.55
2008-08-25,9.55,9.55,9.55,9.55,000,9.55
2008-08-22,9.55,9.55,9.55,9.55,000,9.55
2008-08-21,9.55,9.55,9.55,9.55,000,9.55
2008-08-20,9.55,9.55,9.55,9.55,000,9.55
2008-08-19,9.55,9.55,9.55,9.55,000,9.55
2008-08-18,9.55,9.55,9.55,9.55,000,9.55
2008-08-15,9.55,9.55,9.55,9.55,000,9.55
2008-08-14,9.55,9.55,9.55,9.55,000,9.55
2008-08-13,9.55,9.55,9.55,9.55,000,9.55
2008-08-12,9.55,9.55,9.55,9.55,000,9.55
2008-08-11,9.55,9.55,9.55,9.55,000,9.55
2008-08-08,9.41,9.63,9.41,9.55,36300,9.55
2008-08-07,9.40,9.40,9.40,9.40,000,9.40
2008-08-06,9.41,9.41,9.40,9.40,2500,9.40
2008-08-05,9.50,9.51,9.40,9.43,1700,9.43
2008-08-04,9.65,9.65,9.65,9.65,000,9.65
2008-08-01,9.65,9.65,9.65,9.65,000,9.65
2008-07-31,9.45,9.65,9.45,9.65,1000,9.65
2008-07-30,9.50,9.50,9.50,9.50,2000,9.50
2008-07-29,9.41,9.41,9.41,9.41,100,9.41
2008-07-28,9.50,9.55,9.41,9.55,3400,9.55
2008-07-25,9.60,9.60,9.60,9.60,000,9.60
2008-07-24,9.67,9.67,9.60,9.60,300,9.60
2008-07-23,9.75,9.75,9.75,9.75,000,9.75
2008-07-22,9.75,9.75,9.75,9.75,500,9.75
2008-07-21,9.85,9.85,9.85,9.85,000,9.85
2008-07-18,9.85,9.85,9.85,9.85,200,9.85
2008-07-17,9.71,9.71,9.71,9.71,1200,9.71
2008-07-16,9.71,9.71,9.71,9.71,500,9.71
2008-07-15,9.90,9.90,9.75,9.75,400,9.75
2008-07-14,11.00,11.65,9.71,9.86,8300,9.86
2008-07-11,9.752,9.752,9.752,9.752,100,9.752
2008-07-10,9.752,9.752,9.71,9.71,400,9.71
2008-07-09,9.80,9.80,9.71,9.71,1700,9.71
2008-07-08,9.85,9.85,9.85,9.85,000,9.85
2008-07-07,9.60,9.85,9.50,9.85,1000,9.85
2008-07-03,9.85,9.85,9.56,9.56,700,9.56
2008-07-02,9.845,9.845,9.75,9.75,37200,9.75
2008-07-01,9.99,9.99,9.99,9.99,000,9.99
2008-06-30,9.99,9.99,9.99,9.99,000,9.99
2008-06-27,9.99,9.99,9.99,9.99,000,9.99
2008-06-26,9.99,9.99,9.99,9.99,600,9.99
2008-06-25,9.90,10.00,9.90,9.91,600,9.91
2008-06-24,9.75,9.89,9.75,9.89,2900,9.89
2008-06-23,9.76,9.76,9.76,9.76,200,9.76
2008-06-20,9.87,9.87,9.70,9.71,1300,9.71
2008-06-19,9.90,9.90,9.90,9.90,000,9.90
2008-06-18,9.80,9.90,9.74,9.90,3700,9.90
2008-06-17,9.90,9.90,9.90,9.90,000,9.90
2008-06-16,9.90,9.90,9.90,9.90,000,9.90
2008-06-13,9.80,9.90,9.80,9.90,400,9.90
2008-06-12,9.72,9.72,9.72,9.72,100,9.72
2008-06-11,9.30,9.95,9.30,9.74,2200,9.74
2008-06-10,9.85,9.88,9.66,9.88,1300,9.88
2008-06-09,9.80,9.80,9.78,9.78,2400,9.78
2008-06-06,9.78,9.78,9.78,9.78,2600,9.78
2008-06-05,9.70,9.80,9.70,9.80,7000,9.80
2008-06-04,9.67,9.67,9.67,9.67,000,9.67
2008-06-03,9.80,9.80,9.67,9.67,600,9.67
2008-06-02,9.55,9.55,9.55,9.55,000,9.55
2008-05-30,9.55,9.55,9.55,9.55,300,9.55
2008-05-29,9.45,9.50,9.45,9.50,1200,9.50
2008-05-28,9.40,9.41,9.40,9.41,600,9.41
2008-05-27,9.40,9.40,9.40,9.40,000,9.40
2008-05-23,9.40,9.40,9.40,9.40,000,9.40
2008-05-22,9.40,9.40,9.40,9.40,100,9.40
2008-05-21,9.31,9.55,9.31,9.40,5400,9.40
2008-05-20,9.30,9.30,9.30,9.30,000,9.30
2008-05-19,9.30,9.30,9.30,9.30,100,9.30
2008-05-16,9.30,9.50,9.30,9.50,1100,9.50
2008-05-15,9.30,9.30,9.30,9.30,200,9.30
2008-05-14,9.28,9.422,9.24,9.422,1900,9.422
2008-05-13,9.26,9.40,9.26,9.40,5100,9.40
2008-05-12,9.30,9.40,9.25,9.40,6300,9.40
2008-05-09,9.30,9.40,9.30,9.40,1900,9.40
2008-05-08,9.30,9.313,9.25,9.26,700,9.26
2008-05-07,9.325,9.325,9.25,9.25,800,9.25
2008-05-06,9.30,9.40,9.26,9.40,15500,9.40
2008-05-05,9.33,9.33,9.30,9.30,9500,9.30
2008-05-02,9.43,9.43,9.35,9.35,700,9.35
2008-05-01,9.31,9.59,9.24,9.33,2700,9.33
2008-04-30,9.33,9.33,9.33,9.33,600,9.33
2008-04-29,9.31,9.41,9.30,9.404,12300,9.404
2008-04-28,9.32,9.40,9.32,9.40,1400,9.40
2008-04-25,9.33,9.42,9.32,9.42,45300,9.42
2008-04-24,9.313,9.313,9.313,9.313,000,9.313
2008-04-23,9.33,9.33,9.30,9.313,300,9.313
2008-04-22,9.32,9.69,9.25,9.37,6000,9.37
2008-04-21,9.32,9.32,9.32,9.32,000,9.32
2008-04-18,9.32,9.32,9.32,9.32,000,9.32
2008-04-17,9.40,9.40,9.32,9.32,2900,9.32
2008-04-16,9.50,9.50,9.50,9.50,000,9.50
2008-04-15,9.50,9.50,9.50,9.50,000,9.50
2008-04-14,9.35,9.50,9.25,9.50,12300,9.50
2008-04-11,9.40,9.40,9.40,9.40,000,9.40
2008-04-10,9.40,9.40,9.40,9.40,200,9.40
2008-04-09,9.25,9.40,9.24,9.40,900,9.40
2008-04-08,9.25,9.50,9.25,9.30,3200,9.30
2008-04-07,9.26,9.26,9.25,9.25,300,9.25
2008-04-04,9.28,9.30,9.25,9.25,400,9.25
2008-04-03,9.28,9.50,9.28,9.50,500,9.50
2008-04-02,9.25,9.28,9.25,9.28,2000,9.28
2008-04-01,9.26,9.26,9.25,9.25,1400,9.25
2008-03-31,9.30,9.30,9.30,9.30,000,9.30
2008-03-28,9.30,9.30,9.30,9.30,1000,9.30
2008-03-27,9.40,9.55,9.30,9.30,1500,9.30
2008-03-26,9.35,9.45,9.35,9.45,300,9.45
2008-03-25,9.35,9.48,9.35,9.38,4900,9.38
2008-03-24,9.42,9.42,9.35,9.37,2500,9.37
2008-03-20,9.51,9.51,9.51,9.51,000,9.51
2008-03-19,9.35,9.51,9.35,9.51,8700,9.51
2008-03-18,9.36,9.36,9.35,9.35,900,9.35
2008-03-17,9.35,9.74,9.35,9.40,3200,9.40
2008-03-14,9.36,9.36,9.36,9.36,200,9.36
2008-03-13,9.50,9.50,9.35,9.50,1700,9.50
2008-03-12,9.35,9.69,9.35,9.42,1600,9.42
2008-03-11,9.40,9.60,9.35,9.50,4300,9.50
2008-03-10,9.45,9.55,9.35,9.55,1500,9.55
2008-03-07,9.50,9.50,9.49,9.49,1900,9.49
2008-03-06,9.60,9.60,9.60,9.60,000,9.60
2008-03-05,9.55,9.60,9.49,9.60,900,9.60
2008-03-04,9.58,9.61,9.58,9.61,300,9.61
2008-03-03,9.70,9.70,9.60,9.60,600,9.60
2008-02-29,9.55,9.79,9.55,9.79,1200,9.79
2008-02-28,9.55,9.61,9.50,9.61,29900,9.61
2008-02-27,9.51,9.55,9.30,9.55,5900,9.55
2008-02-26,9.60,9.60,9.60,9.60,000,9.60
2008-02-25,9.60,9.60,9.60,9.60,000,9.60
2008-02-22,9.60,9.60,9.60,9.60,000,9.60
2008-02-21,9.50,9.60,9.17,9.60,23300,9.60
2008-02-20,9.41,9.50,9.37,9.50,9900,9.50
2008-02-19,9.51,9.51,9.50,9.50,400,9.50
2008-02-15,9.58,9.58,9.51,9.51,1900,9.51
2008-02-14,9.59,9.60,9.58,9.58,27700,9.58
2008-02-13,9.62,9.62,9.40,9.62,10200,9.62
2008-02-12,9.62,9.62,9.62,9.62,200,9.62
2008-02-11,9.59,9.59,9.59,9.59,000,9.59
2008-02-08,9.58,9.59,9.58,9.59,1700,9.59
2008-02-07,9.60,9.62,9.60,9.62,2400,9.62
2008-02-06,9.56,9.60,9.56,9.60,1200,9.60
2008-02-05,9.61,9.66,9.57,9.58,4700,9.58
2008-02-04,9.66,9.66,9.66,9.66,2100,9.66
2008-02-01,9.67,9.67,9.66,9.66,1600,9.66
2008-01-31,9.67,9.67,9.67,9.67,200,9.67
2008-01-30,9.67,9.67,9.67,9.67,1500,9.67
2008-01-29,9.66,9.66,9.66,9.66,1600,9.66
2008-01-28,9.66,9.66,9.66,9.66,4200,9.66
2008-01-25,9.66,9.66,9.66,9.66,200,9.66
2008-01-24,9.66,9.68,9.66,9.68,2100,9.68
2008-01-23,9.71,9.71,9.66,9.70,9500,9.70
2008-01-22,9.71,9.71,9.50,9.50,9200,9.50
2008-01-18,9.76,9.76,9.75,9.75,28000,9.75
2008-01-17,9.78,9.78,9.75,9.75,12700,9.75
2008-01-16,9.76,9.85,9.76,9.80,21200,9.80
2008-01-15,9.78,9.78,9.75,9.75,5400,9.75
2008-01-14,9.78,9.78,9.78,9.78,4100,9.78
2008-01-11,9.76,9.79,9.76,9.77,3400,9.77
2008-01-10,9.75,9.80,9.75,9.77,11400,9.77
2008-01-09,9.76,9.76,9.76,9.76,18400,9.76
2008-01-08,9.77,9.77,9.76,9.77,18600,9.77
2008-01-07,9.76,9.76,9.76,9.76,15700,9.76
2008-01-04,9.76,9.80,9.76,9.76,62900,9.76
2008-01-03,9.76,9.85,9.76,9.76,27800,9.76
2008-01-02,9.75,9.76,9.70,9.76,25500,9.76
2007-12-31,9.75,9.76,9.75,9.75,18400,9.75
2007-12-28,9.80,9.80,9.75,9.75,15400,9.75
2007-12-27,9.81,9.95,9.75,9.95,35100,9.95
2007-12-26,9.90,9.95,9.81,9.81,4200,9.81
2007-12-24,9.85,9.95,9.81,9.95,14800,9.95
2007-12-21,9.83,9.90,9.83,9.87,17200,9.87
2007-12-20,9.85,9.85,9.85,9.85,19400,9.85
2007-12-19,9.85,9.86,9.85,9.85,27300,9.85
2007-12-18,9.85,9.86,9.85,9.85,61900,9.85
2007-12-17,9.85,9.85,9.83,9.85,139300,9.85
2007-12-14,9.85,9.88,9.85,9.85,6300,9.85
2007-12-13,9.85,9.90,9.85,9.87,89700,9.87
2007-12-12,9.84,9.86,9.65,9.85,54700,9.85
2007-12-11,9.92,9.95,9.85,9.92,1428400,9.92
2007-12-10,9.95,10.05,9.95,10.05,106800,10.05
2007-12-07,9.95,10.03,9.95,10.03,2100,10.03
2007-12-06,9.95,10.03,9.95,10.00,190600,10.00
2007-12-05,9.95,9.95,9.95,9.95,39900,9.95
2007-12-04,10.00,10.00,9.95,9.99,1096200,9.99
2007-12-03,10.00,10.06,10.00,10.06,3200,10.06
2007-11-30,10.00,10.09,10.00,10.05,1900,10.05
2007-11-29,10.01,10.01,10.00,10.00,7800,10.00
2007-11-28,10.00,10.05,10.00,10.05,562600,10.05
2007-11-27,10.00,10.00,10.00,10.00,62300,10.00
2007-11-26,10.00,10.00,10.00,10.00,64100,10.00
2007-11-23,10.00,10.00,10.00,10.00,000,10.00
2007-11-21,10.00,10.01,10.00,10.00,35900,10.00
2007-11-20,10.00,10.05,10.00,10.05,136500,10.05
2007-11-19,10.02,10.05,10.00,10.00,576300,10.00
2007-11-16,10.10,10.10,10.01,10.02,2186500,10.02
