Date,Open,High,Low,Close,Volume,Adj Close
2012-11-16,30.52,30.52,30.52,30.52,000,30.52
2012-11-15,30.52,30.52,30.52,30.52,000,30.52
2012-11-14,30.52,30.52,30.52,30.52,000,30.52
2012-11-13,30.52,30.52,30.52,30.52,000,30.52
2012-11-12,30.52,30.52,30.52,30.52,000,30.52
2012-11-09,30.615,30.615,30.48,30.52,600,30.52
2012-11-08,30.59,30.59,30.04,30.04,400,30.04
2012-11-07,30.64,30.64,30.50,30.60,1600,30.60
2012-11-06,31.67,31.67,31.67,31.67,000,31.67
2012-11-05,31.67,31.67,31.67,31.67,000,31.67
2012-11-02,31.78,31.78,31.63,31.67,16100,31.67
2012-11-01,31.50,31.78,31.50,31.72,18300,31.72
2012-10-31,31.26,31.3101,31.18,31.31,2100,31.31
2012-10-30,31.35,31.35,31.35,31.35,000,31.35
2012-10-29,31.35,31.35,31.35,31.35,000,31.35
2012-10-26,30.81,31.36,30.54,31.35,2700,31.35
2012-10-25,31.45,31.45,31.45,31.45,000,31.45
2012-10-24,31.45,31.45,31.45,31.45,000,31.45
2012-10-23,31.63,31.63,31.45,31.45,2000,31.45
2012-10-22,31.58,31.58,31.58,31.58,000,31.58
2012-10-19,31.885,31.90,31.6135,31.63,2500,31.63
2012-10-18,31.83,31.83,31.83,31.83,500,31.83
2012-10-17,31.95,31.95,31.95,31.95,400,31.95
2012-10-16,31.99,32.00,31.99,32.00,400,32.00
2012-10-15,31.95,32.18,31.95,32.10,400,32.10
2012-10-12,31.83,31.90,31.83,31.90,600,31.90
2012-10-11,32.10,32.10,31.97,31.97,18200,31.97
2012-10-10,32.00,32.10,32.00,32.008,17100,32.008
2012-10-09,31.98,31.98,31.98,31.98,100,31.98
2012-10-08,32.28,32.38,32.20,32.25,22100,32.25
2012-10-05,32.37,32.50,32.275,32.33,11400,32.33
2012-10-04,32.50,32.50,31.975,32.166,800,32.166
2012-10-03,32.50,32.50,32.3697,32.39,5400,32.39
2012-10-02,32.40,32.40,32.34,32.40,5700,32.35
2012-10-01,32.40,32.40,32.40,32.40,000,32.35
2012-09-28,32.38,32.40,32.25,32.40,3500,32.35
2012-09-27,32.40,32.40,32.40,32.40,000,32.35
2012-09-26,32.40,32.40,32.40,32.40,000,32.35
2012-09-25,32.40,32.42,32.386,32.40,7000,32.35
2012-09-24,32.40,32.40,32.33,32.40,900,32.35
2012-09-21,32.25,32.40,32.22,32.22,2700,32.1703
2012-09-20,32.23,32.30,32.23,32.30,5200,32.2502
2012-09-19,32.34,32.34,32.10,32.15,30400,32.1004
2012-09-18,32.24,32.25,32.20,32.25,18600,32.2002
2012-09-17,32.0455,32.0455,32.0455,32.0455,000,31.996
2012-09-14,32.20,32.20,32.0455,32.0455,1400,31.996
2012-09-13,31.89,32.10,31.89,32.10,8500,32.0505
2012-09-12,31.79,31.79,31.79,31.79,000,31.7409
2012-09-11,31.79,31.79,31.79,31.79,100,31.7409
2012-09-10,31.57,31.87,31.24,31.84,1300,31.7909
2012-09-07,32.24,32.24,32.24,32.24,100,32.1902
2012-09-06,31.96,32.25,31.895,31.895,3200,31.8458
2012-09-05,32.00,32.00,31.96,31.96,800,31.9107
2012-09-04,32.00,32.00,31.63,32.00,2100,31.9506
2012-09-03,31.651,31.651,31.651,31.651,000,31.6022
2012-08-31,31.651,31.651,31.651,31.651,000,31.6022
2012-08-30,31.96,31.96,31.65,31.651,500,31.6022
2012-08-29,31.38,32.00,31.38,32.00,14500,31.9506
2012-08-28,31.21,31.21,31.21,31.21,000,31.1618
2012-08-27,31.20,31.21,31.01,31.21,2400,31.1618
2012-08-24,31.19,31.19,31.19,31.19,000,31.1419
2012-08-23,31.05,31.19,31.05,31.19,2400,31.1419
2012-08-22,31.29,31.29,31.29,31.29,000,31.2417
2012-08-21,31.29,31.29,31.29,31.29,100,31.2417
2012-08-20,31.35,31.35,31.14,31.14,300,31.0919
2012-08-17,31.80,31.80,31.80,31.80,100,31.7509
2012-08-16,31.69,31.69,31.69,31.69,000,31.6411
2012-08-15,31.69,31.69,31.69,31.69,100,31.6411
2012-08-14,31.06,31.38,31.06,31.38,700,31.3316
2012-08-13,31.50,31.55,30.87,31.30,3600,31.2517
2012-08-10,31.40,31.42,31.3999,31.40,2100,31.3515
2012-08-09,31.27,31.55,31.26,31.26,2700,31.2118
2012-08-08,30.99,31.50,30.99,31.47,2700,31.4214
2012-08-07,31.12,31.20,30.88,30.92,8000,30.8723
2012-08-06,31.61,31.61,31.61,31.61,000,31.5612
2012-08-03,31.61,31.61,31.61,31.61,000,31.5612
2012-08-02,31.61,31.61,31.61,31.61,200,31.5612
2012-08-01,31.71,31.71,31.71,31.71,000,31.6611
2012-07-31,31.71,31.71,31.71,31.71,300,31.6111
2012-07-30,31.93,31.93,31.93,31.93,000,31.8305
2012-07-27,31.93,31.93,31.93,31.93,100,31.8305
2012-07-26,31.95,31.95,31.95,31.95,100,31.8504
2012-07-25,31.99,31.99,31.99,31.99,000,31.8903
2012-07-24,31.99,31.99,31.99,31.99,000,31.8903
2012-07-23,31.99,31.99,31.99,31.99,000,31.8903
2012-07-20,31.99,31.99,31.99,31.99,300,31.8903
2012-07-19,31.74,31.74,31.74,31.74,000,31.641
2012-07-18,31.89,31.89,31.74,31.74,1200,31.641
2012-07-17,31.56,31.99,31.56,31.96,6200,31.8604
2012-07-16,32.14,32.14,31.89,31.90,2600,31.8005
2012-07-13,31.74,32.09,31.74,32.07,1800,31.97
2012-07-12,31.36,31.36,31.36,31.36,300,31.2622
2012-07-11,31.59,31.75,31.59,31.71,1300,31.6111
2012-07-10,31.50,31.65,31.50,31.65,800,31.5513
2012-07-09,31.65,31.65,31.65,31.65,000,31.5513
2012-07-06,31.59,31.65,31.50,31.65,1700,31.5513
2012-07-05,31.63,31.63,31.63,31.63,100,31.5314
2012-07-04,31.68,31.68,31.68,31.68,000,31.5812
2012-07-03,30.91,31.68,30.91,31.68,600,31.5812
2012-07-02,31.25,31.32,31.21,31.21,1100,31.1127
2012-06-29,30.86,31.72,30.74,31.72,2800,31.6211
2012-06-28,30.42,30.42,30.42,30.42,300,30.3252
2012-06-27,30.76,30.76,30.76,30.76,000,30.6641
2012-06-26,30.76,30.76,30.76,30.76,000,30.6641
2012-06-25,30.76,30.76,30.76,30.76,000,30.6641
2012-06-22,30.76,30.76,30.76,30.76,300,30.6641
2012-06-21,31.00,31.40,31.00,31.0999,12200,31.0029
2012-06-20,31.08,31.08,31.08,31.08,000,30.9831
2012-06-19,30.94,31.08,30.89,31.08,9900,30.9831
2012-06-18,30.72,30.73,30.6601,30.6601,2300,30.5645
2012-06-15,30.75,31.26,30.73,31.00,23100,30.9034
2012-06-14,30.49,30.75,30.441,30.75,8600,30.6541
2012-06-13,30.16,30.60,30.12,30.50,3200,30.4049
2012-06-12,30.32,30.37,30.10,30.37,14000,30.2753
2012-06-11,30.39,30.39,30.39,30.39,100,30.2953
2012-06-08,30.26,30.26,29.271,30.25,4800,30.1557
2012-06-07,30.30,30.50,30.1428,30.20,600,30.1059
2012-06-06,30.29,30.29,29.521,30.20,1600,30.1059
2012-06-05,29.78,30.03,29.75,30.00,4400,29.9065
2012-06-04,30.02,30.02,30.01,30.02,1700,29.9264
2012-06-01,30.14,30.14,30.14,30.14,100,30.046
2012-05-31,30.38,30.50,30.38,30.50,200,30.4049
2012-05-30,30.24,30.38,30.24,30.38,800,30.2853
2012-05-29,30.50,30.50,30.50,30.50,900,30.4049
2012-05-28,30.50,30.50,30.50,30.50,000,30.4049
2012-05-25,30.50,30.50,30.50,30.50,000,30.4049
2012-05-24,30.65,30.65,30.3068,30.50,1100,30.4049
2012-05-23,30.55,30.75,30.271,30.72,2200,30.6242
2012-05-22,30.47,30.75,30.47,30.55,3800,30.4548
2012-05-21,30.50,30.50,30.47,30.47,2600,30.375
2012-05-18,30.53,30.53,30.50,30.50,1200,30.4049
2012-05-17,30.48,30.48,30.48,30.48,100,30.385
2012-05-16,30.70,30.70,30.53,30.53,5500,30.4348
2012-05-15,30.65,30.65,30.65,30.65,000,30.5544
2012-05-14,30.38,30.65,30.30,30.65,9800,30.5544
2012-05-11,30.35,30.35,30.35,30.35,100,30.2554
2012-05-10,30.45,30.75,30.40,30.70,3200,30.6043
2012-05-09,30.65,30.65,30.65,30.65,000,30.5544
2012-05-08,30.66,30.66,30.34,30.65,3800,30.5544
2012-05-07,30.02,30.52,30.02,30.29,4500,30.1956
2012-05-04,30.46,30.47,30.25,30.273,1200,30.1786
2012-05-03,30.56,30.7399,30.25,30.37,7600,30.2753
2012-05-02,29.98,30.512,29.78,30.512,37700,30.4169
2012-05-01,30.40,30.95,30.25,30.65,47500,30.5046
2012-04-30,18.26,18.26,17.80,18.05,2000,17.9644
2012-04-27,19.25,19.25,18.75,18.75,3400,18.6611
2012-04-26,19.25,19.25,19.03,19.03,600,18.9397
2012-04-25,19.50,19.50,19.50,19.50,000,19.4075
2012-04-24,18.95,19.50,18.95,19.50,3300,19.4075
2012-04-23,18.85,18.96,18.80,18.95,1800,18.8601
2012-04-20,18.95,18.95,18.767,18.767,500,18.678
2012-04-19,18.78,18.90,18.75,18.89,2100,18.8004
2012-04-18,19.11,19.11,19.00,19.00,1700,18.9099
2012-04-17,19.00,19.00,19.00,19.00,000,18.9099
2012-04-16,18.29,19.20,18.24,19.00,19400,18.9099
2012-04-13,18.29,18.40,17.80,18.25,1100,18.1634
2012-04-12,18.29,18.29,18.25,18.25,1300,18.1634
2012-04-11,18.02,18.40,18.00,18.25,4200,18.1634
2012-04-10,18.57,18.71,18.00,18.00,1900,17.9146
2012-04-09,18.9499,18.9499,18.9499,18.9499,000,18.86
2012-04-06,18.9499,18.9499,18.9499,18.9499,000,18.86
2012-04-05,18.45,18.95,18.42,18.9499,6100,18.86
2012-04-04,18.60,18.70,18.32,18.70,2400,18.6113
2012-04-03,18.60,18.60,18.60,18.60,000,18.5118
2012-04-02,18.6001,18.6001,18.60,18.60,400,18.5118
2012-03-30,18.20,18.20,18.20,18.20,600,18.1137
2012-03-29,18.05,18.05,18.05,18.05,000,17.9644
2012-03-28,18.05,18.05,18.05,18.05,000,17.9644
2012-03-27,18.05,18.05,18.05,18.05,000,17.9644
2012-03-26,18.15,18.36,17.90,18.05,2700,17.9644
2012-03-23,18.26,18.26,17.91,18.26,500,18.1734
2012-03-22,18.76,18.76,18.76,18.76,000,18.671
2012-03-21,18.76,18.76,18.76,18.76,000,18.671
2012-03-20,18.76,18.76,18.76,18.76,300,18.671
2012-03-19,18.81,18.81,18.81,18.81,000,18.7208
2012-03-16,18.9999,18.9999,18.9999,18.9999,000,18.9098
2012-03-15,18.9999,18.9999,18.9999,18.9999,000,18.9098
2012-03-14,18.9999,18.9999,18.9999,18.9999,200,18.9098
2012-03-13,18.97,19.00,18.97,19.00,5800,18.9099
2012-03-12,19.20,19.20,19.20,19.20,000,19.1089
2012-03-09,19.08,19.20,19.08,19.20,1000,19.1089
2012-03-08,18.54,18.70,18.5101,18.70,300,18.6113
2012-03-07,18.75,18.75,18.72,18.72,2600,18.6312
2012-03-06,18.75,18.7501,18.75,18.75,400,18.6611
2012-03-05,18.75,18.76,18.75,18.75,200,18.6611
2012-03-02,18.48,18.60,18.48,18.50,9400,18.4122
2012-03-01,18.08,18.08,18.08,18.08,000,17.9942
2012-02-29,18.08,18.08,18.08,18.08,000,17.9942
2012-02-28,18.09,18.09,17.83,18.09,300,18.0042
2012-02-27,18.80,18.80,18.27,18.3168,4800,18.2299
2012-02-24,18.20,19.30,18.18,19.25,2600,19.1587
2012-02-23,18.20,18.20,18.20,18.20,100,18.1137
2012-02-22,18.20,18.20,18.20,18.20,000,18.1137
2012-02-21,18.20,18.20,18.20,18.20,200,18.1137
2012-02-20,18.00,18.00,18.00,18.00,000,17.9146
2012-02-17,18.00,18.00,18.00,18.00,100,17.9146
2012-02-16,17.90,18.00,17.74,18.00,1300,17.9146
2012-02-15,17.75,17.75,17.75,17.75,000,17.6658
2012-02-14,17.75,17.86,17.75,17.75,900,17.6658
2012-02-13,17.98,17.98,17.98,17.98,000,17.8947
2012-02-10,17.98,17.98,17.98,17.98,000,17.8947
2012-02-09,17.98,17.98,17.98,17.98,100,17.8947
2012-02-08,17.75,17.75,17.75,17.75,100,17.6658
2012-02-07,18.00,18.00,17.75,17.75,700,17.6658
2012-02-06,18.00,18.00,18.00,18.00,900,17.9146
2012-02-03,17.71,17.71,17.71,17.71,000,17.626
2012-02-02,17.71,17.71,17.71,17.71,000,17.626
2012-02-01,17.69,17.86,17.69,17.71,1100,17.626
2012-01-31,17.79,17.79,17.51,17.52,600,17.3871
2012-01-30,18.15,18.15,18.15,18.15,000,18.0123
2012-01-27,18.37,18.37,18.15,18.15,3700,18.0123
2012-01-26,17.69,18.15,17.69,18.15,3100,18.0123
2012-01-25,17.72,17.96,17.46,17.46,2300,17.3276
2012-01-24,18.05,18.05,17.54,17.65,2600,17.5161
2012-01-23,18.51,18.51,18.1001,18.1001,1900,17.9628
2012-01-20,18.97,19.06,18.46,18.55,4400,18.4093
2012-01-19,18.24,19.83,18.15,19.39,2400,19.2429
2012-01-18,17.71,18.23,17.71,18.15,3100,18.0123
2012-01-17,17.49,17.49,17.20,17.20,200,17.0696
2012-01-16,18.14,18.14,18.14,18.14,000,18.0024
2012-01-13,18.14,18.14,18.14,18.14,000,18.0024
2012-01-12,18.14,18.14,18.14,18.14,100,18.0024
2012-01-11,17.82,17.93,17.6201,17.6201,400,17.4865
2012-01-10,18.57,18.57,17.7301,17.7301,2900,17.5956
2012-01-09,17.73,18.44,17.73,18.25,2400,18.1116
2012-01-06,17.55,18.09,17.52,17.58,4300,17.4467
2012-01-05,18.95,18.95,17.70,17.98,5400,17.8436
2012-01-04,17.50,19.20,17.50,19.20,2900,19.0544
2012-01-03,17.47,17.50,17.42,17.50,800,17.3673
2012-01-02,17.05,17.05,17.05,17.05,000,16.9207
2011-12-30,17.05,17.4699,17.05,17.05,400,16.9207
2011-12-29,17.136,17.328,17.136,17.14,1000,17.01
2011-12-28,17.19,17.19,17.0501,17.16,800,17.0299
2011-12-27,17.10,17.1165,17.05,17.05,500,16.9207
2011-12-26,17.10,17.10,17.10,17.10,000,16.9703
2011-12-23,17.13,17.13,17.10,17.10,700,16.9703
2011-12-22,17.39,17.39,17.39,17.39,000,17.2581
2011-12-21,17.39,17.39,17.39,17.39,000,17.2581
2011-12-20,17.39,17.39,17.39,17.39,100,17.2581
2011-12-19,17.0601,17.08,17.0601,17.08,200,16.9505
2011-12-16,17.12,17.12,17.12,17.12,000,16.9902
2011-12-15,17.48,17.48,17.48,17.48,000,17.3474
2011-12-14,17.11,17.48,17.11,17.48,300,17.3474
2011-12-13,17.43,17.43,17.43,17.43,000,17.2978
2011-12-12,17.18,17.45,17.05,17.05,1300,16.9207
2011-12-09,17.18,17.50,17.05,17.05,2800,16.9207
2011-12-08,17.36,17.36,17.05,17.05,400,16.9207
2011-12-07,18.58,18.58,17.47,18.01,4600,17.8734
2011-12-06,17.85,19.00,17.83,18.67,4200,18.5284
2011-12-05,17.19,17.74,17.01,17.70,3100,17.5658
2011-12-02,17.30,17.30,16.69,16.80,1200,16.6726
2011-12-01,18.24,18.24,18.24,18.24,000,18.1017
2011-11-30,18.24,18.24,18.24,18.24,000,18.1017
2011-11-29,17.37,17.37,17.37,17.37,000,17.2383
2011-11-28,17.37,17.37,17.37,17.37,200,17.2383
2011-11-25,17.86,17.86,17.86,17.86,000,17.7245
2011-11-24,17.86,17.86,17.86,17.86,000,17.7245
2011-11-23,17.86,17.86,17.86,17.86,100,17.7245
2011-11-22,17.64,17.64,17.64,17.64,100,17.5062
2011-11-21,17.25,17.28,17.25,17.28,300,17.1489
2011-11-18,17.60,17.60,16.982,17.29,500,17.1589
2011-11-17,16.33,18.15,16.06,17.24,4700,17.1092
2011-11-16,16.80,17.00,16.06,16.30,1000,16.1764
2011-11-15,16.75,17.08,16.75,17.08,1200,16.9505
2011-11-14,17.86,17.86,16.62,17.10,2700,16.9703
2011-11-11,18.00,18.31,17.552,18.30,1300,18.1612
2011-11-10,17.00,17.8499,17.00,17.43,800,17.2978
2011-11-09,17.62,17.62,17.62,17.62,300,17.4864
2011-11-08,17.97,18.00,17.934,18.00,1100,17.8635
2011-11-07,17.64,17.64,17.61,17.64,200,17.5062
2011-11-04,18.09,18.22,18.09,18.15,400,18.0123
2011-11-03,18.47,18.47,18.46,18.46,200,18.32
2011-11-01,17.86,17.86,17.86,17.86,000,17.6955
2011-10-31,19.45,19.45,18.41,18.77,3300,18.5971
2011-10-28,19.24,19.25,19.24,19.25,1200,19.0727
2011-10-27,18.73,18.75,17.68,18.75,400,18.5773
2011-10-26,18.25,18.25,18.25,18.25,300,18.0819
2011-10-25,17.85,18.50,17.15,18.50,7000,18.3296
2011-10-24,17.58,18.00,17.45,17.84,8700,17.6757
2011-10-21,18.30,18.30,17.46,17.50,14000,17.3388
2011-10-20,18.35,18.35,18.33,18.33,200,18.1612
2011-10-19,17.73,17.93,17.57,17.93,2900,17.7649
2011-10-18,16.50,17.34,16.50,17.34,4000,17.1803
2011-10-17,16.51,16.53,16.51,16.53,200,16.3778
2011-10-14,17.60,17.60,16.76,17.57,4500,17.4082
2011-10-13,17.47,17.72,17.25,17.72,900,17.5568
2011-10-12,16.30,17.09,16.30,17.09,4300,16.9326
2011-10-11,16.82,17.19,16.05,16.135,3000,15.9864
2011-10-10,17.76,17.76,16.31,16.31,9200,16.1598
2011-10-07,17.38,17.97,17.14,17.97,1600,17.8045
2011-10-06,16.54,17.49,16.06,17.49,2300,17.3289
2011-10-03,17.11,17.11,16.96,16.96,500,16.8038
2011-09-30,17.05,17.98,16.38,17.14,3700,16.9821
2011-09-29,16.88,17.29,16.88,17.06,1600,16.9029
2011-09-28,17.72,17.72,16.48,16.89,2500,16.7344
2011-09-27,17.78,17.98,17.45,17.97,2400,17.8045
2011-09-26,16.92,17.81,16.71,17.16,4800,17.002
2011-09-23,17.11,17.43,16.40,16.81,3400,16.6552
2011-09-22,17.79,17.79,16.547,16.547,3200,16.3946
2011-09-21,16.82,17.87,16.82,17.87,8700,17.7054
2011-09-20,16.94,16.94,16.90,16.90,400,16.7444
2011-09-19,17.88,18.659,16.72,17.65,3900,17.4874
2011-09-16,16.55,18.256,16.55,17.78,3200,17.6162
2011-09-15,16.53,16.92,16.53,16.89,3500,16.7344
2011-09-14,17.79,17.79,16.80,16.80,4800,16.6453
2011-09-13,16.46,18.55,16.46,18.25,10200,18.0819
2011-09-12,18.80,18.80,16.26,16.45,1400,16.2985
2011-09-09,17.05,17.08,16.02,16.21,3300,16.0607
2011-09-07,16.79,17.12,16.79,17.12,2700,16.9623
2011-09-06,16.50,16.50,16.50,16.50,35000,16.348
2011-08-31,17.50,17.50,17.50,17.50,500,17.3388
2011-08-30,17.47,17.50,17.47,17.50,2700,17.3388
2011-08-29,17.50,17.50,17.39,17.39,500,17.2298
2011-08-25,17.39,17.84,17.39,17.39,300,17.2298
2011-08-22,17.98,18.65,17.91,17.91,2200,17.745
2011-08-19,18.00,18.00,17.50,17.66,1100,17.4974
2011-08-17,17.97,18.41,17.50,18.00,4500,17.8342
2011-08-16,17.45,17.45,17.10,17.34,300,17.1803
2011-08-15,18.80,19.54,17.46,17.80,10100,17.6361
2011-08-12,18.06,20.315,18.06,19.60,6100,19.4195
2011-08-11,17.98,19.95,17.97,19.85,4500,19.6672
2011-08-10,18.00,18.00,18.00,18.00,1000,17.8342
2011-08-09,18.00,18.00,17.97,17.97,600,17.8045
2011-08-08,18.61,18.61,17.50,18.25,700,18.0819
2011-08-05,18.65,18.65,18.65,18.65,700,18.4782
2011-08-04,19.97,20.00,18.88,18.88,2100,18.7061
2011-08-03,19.09,19.65,18.50,19.65,40700,19.469
2011-08-02,20.00,20.01,19.80,19.80,2700,19.5681
2011-07-28,20.03,20.03,20.00,20.00,600,19.7658
2011-07-27,20.49,20.84,20.0001,20.49,500,20.25
2011-07-22,20.00,20.00,19.99,20.00,4200,19.7658
2011-07-21,20.0201,20.09,20.00,20.03,1400,19.7954
2011-07-18,19.85,20.00,19.80,20.00,1300,19.7658
2011-07-15,20.30,20.30,20.0001,20.0001,300,19.7659
2011-07-14,20.32,20.32,20.32,20.32,100,20.082
2011-07-13,20.85,20.85,20.00,20.55,800,20.3093
2011-07-12,20.02,20.672,20.00,20.37,3900,20.1314
2011-07-11,20.03,20.03,19.8245,20.02,1100,19.7855
2011-07-08,20.02,20.02,20.00,20.02,400,19.7855
2011-07-07,20.05,20.05,19.97,20.00,14500,19.7658
2011-07-06,20.00,20.47,20.00,20.47,700,20.2303
2011-07-05,20.00,20.01,20.00,20.00,800,19.7658
2011-07-01,18.80,20.83,18.60,20.83,1000,20.586
2011-06-30,20.57,20.75,20.55,20.55,600,20.3093
2011-06-29,20.72,20.85,20.45,20.85,1000,20.6058
2011-06-28,20.88,20.88,20.88,20.88,300,20.6355
2011-06-27,20.35,20.85,20.35,20.85,2200,20.6058
2011-06-24,20.39,20.85,20.39,20.85,1300,20.6058
2011-06-23,20.75,20.75,20.39,20.39,600,20.1512
2011-06-22,20.25,20.62,19.251,20.62,3100,20.3785
2011-06-21,19.40,20.25,19.40,20.25,10000,20.0128
2011-06-20,19.17,19.40,19.01,19.40,1700,19.1728
2011-06-17,18.94,18.98,18.03,18.98,3100,18.7577
2011-06-16,18.54,19.10,18.40,18.81,2300,18.5897
2011-06-15,18.38,18.98,18.00,18.85,1500,18.6292
2011-06-14,18.10,18.63,18.10,18.38,3100,18.1647
2011-06-13,18.65,19.37,18.22,18.22,3300,18.0066
2011-06-10,18.45,18.70,18.2501,18.70,3300,18.481
2011-06-09,18.9974,19.00,18.9009,18.9009,1500,18.6795
2011-06-08,19.00,19.00,19.00,19.00,200,18.7775
2011-06-07,18.46,18.77,18.46,18.77,200,18.5502
2011-06-06,18.67,18.82,18.10,18.82,600,18.5996
2011-06-03,19.47,19.47,19.40,19.40,600,19.1728
2011-06-02,19.50,19.50,19.50,19.50,100,19.2716
2011-06-01,17.80,19.40,17.52,19.40,3600,19.1728
2011-05-27,18.47,18.47,18.00,18.00,50100,17.7892
2011-05-26,17.75,18.50,17.75,18.50,2400,18.2833
2011-05-25,17.75,17.75,17.75,17.75,2000,17.5421
2011-05-24,17.75,18.464,17.75,18.464,2100,18.2478
2011-05-23,17.72,17.75,17.72,17.74,3100,17.5322
2011-05-20,17.87,17.88,17.25,17.88,300,17.6706
2011-05-16,18.15,18.15,17.11,17.111,500,16.9106
2011-05-12,18.75,18.75,18.4999,18.70,1000,18.481
2011-05-11,18.7272,18.7272,18.7272,18.7272,200,18.5079
2011-05-10,18.80,18.8001,18.65,18.65,700,18.4316
2011-05-06,18.85,18.85,18.85,18.85,500,18.6292
2011-05-05,18.85,18.85,18.85,18.85,500,18.6292
2011-05-04,18.973,18.973,18.973,18.973,100,18.7508
2011-05-03,18.90,18.91,18.90,18.90,600,18.6292
2011-04-27,19.40,19.40,19.40,19.40,3200,19.1221
2011-04-26,19.30,19.30,19.30,19.30,200,19.0235
2011-04-25,18.80,18.8001,18.80,18.8001,300,18.5308
2011-04-21,19.03,19.40,19.00,19.40,600,19.1221
2011-04-12,19.72,19.72,19.72,19.72,000,19.4375
2011-04-11,18.22,19.74,18.22,19.74,600,19.4572
2011-04-08,19.39,20.00,19.39,19.975,1200,19.6888
2011-04-07,18.74,20.00,18.70,19.39,2800,19.1122
2011-04-06,18.28,18.9844,18.16,18.25,1600,17.9885
2011-04-05,18.12,19.00,18.12,18.22,2000,17.959
2011-04-04,19.00,19.60,18.0001,19.00,2300,18.7278
2011-04-01,18.97,18.99,18.97,18.99,300,18.7179
2011-03-31,18.86,18.86,18.86,18.86,000,18.5898
2011-03-28,19.00,19.00,19.00,19.00,200,18.7278
2011-03-24,19.5131,19.5131,19.5131,19.5131,200,19.2335
2011-03-21,15.24,19.00,15.24,19.00,200,18.7278
2011-03-18,19.64,19.64,19.64,19.64,000,19.3586
2011-03-16,18.25,18.25,18.25,18.25,000,17.9885
2011-03-15,18.51,18.51,18.26,18.26,1300,17.9984
2011-03-14,18.56,19.59,18.50,18.54,2100,18.2744
2011-03-11,18.56,19.6235,18.50,19.45,1400,19.1714
2011-03-09,19.53,19.53,18.4204,19.0135,1000,18.7411
2011-03-08,19.43,19.50,19.43,19.50,1200,19.2206
2011-03-07,18.00,19.00,18.00,19.00,600,18.7278
2011-03-03,18.55,18.55,18.51,18.55,1200,18.2842
2011-03-02,18.50,18.5001,18.50,18.5001,700,18.2351
2011-02-28,19.50,19.50,17.76,17.76,300,17.5056
2011-02-25,19.00,19.27,18.36,18.36,1600,18.097
2011-02-24,18.80,18.80,18.80,18.80,000,18.5307
2011-02-23,18.27,19.20,17.95,17.95,1300,17.6928
2011-02-22,20.00,20.00,17.06,18.25,7400,17.9885
2011-02-18,16.00,19.05,15.96,17.05,10400,16.8057
2011-02-16,15.34,15.90,15.34,15.90,500,15.6722
2011-02-15,15.20,15.50,15.2532,15.50,200,15.2779
2011-02-14,16.00,16.00,15.20,15.20,500,14.9822
2011-02-11,14.82,15.98,14.82,15.535,2200,15.3124
2011-02-10,14.06,14.06,14.00,14.00,1000,13.7994
2011-02-09,14.97,15.00,14.21,14.21,2300,14.0064
2011-02-08,14.29,14.46,14.29,14.34,1700,14.1346
2011-02-07,14.14,14.80,14.14,14.80,400,14.588
2011-02-04,14.865,14.865,14.865,14.865,200,14.652
2011-02-03,15.00,15.00,15.00,15.00,100,14.7851
2011-02-02,14.84,14.84,14.84,14.84,300,14.6274
2011-02-01,14.80,14.835,14.80,14.835,400,14.5732
2011-01-31,14.765,14.765,14.765,14.765,100,14.5044
2011-01-28,15.08,15.08,15.08,15.08,100,14.8139
2011-01-19,13.55,13.55,13.50,13.50,300,13.2617
2011-01-11,13.66,13.66,13.66,13.66,300,13.4189
2011-01-06,14.45,14.45,13.555,13.555,200,13.3158
2011-01-04,14.31,14.32,14.29,14.32,600,14.0673
2011-01-03,13.50,14.25,13.50,14.25,700,13.9985
2010-12-31,13.35,13.80,13.35,13.78,600,13.5368
2010-12-28,13.75,13.75,13.28,13.28,400,13.0456
2010-12-21,13.27,13.27,13.25,13.27,600,13.0358
2010-12-20,13.25,13.25,13.25,13.25,100,13.0162
2010-12-17,13.25,13.29,13.25,13.26,2400,13.026
2010-12-15,13.50,13.50,13.00,13.25,4100,13.0162
2010-12-13,13.75,13.75,13.545,13.545,1100,13.3059
2010-12-10,14.00,14.00,14.00,14.00,000,13.7529
2010-12-09,14.00,14.00,14.00,14.00,700,13.7529
2010-12-06,14.00,14.00,14.00,14.00,3900,13.7529
2010-12-03,14.41,14.50,14.00,14.00,800,13.7529
2010-12-02,14.00,14.00,13.9999,13.9999,200,13.7528
2010-12-01,14.00,14.00,14.00,14.00,700,13.7529
2010-11-30,14.00,14.00,14.00,14.00,100,13.7529
2010-11-24,14.50,14.50,14.50,14.50,100,14.2441
2010-11-23,14.90,15.00,14.90,15.00,400,14.7353
2010-11-22,15.50,15.50,15.50,15.50,000,15.2264
2010-11-19,15.00,15.2601,15.00,15.2601,100,14.9908
2010-11-16,14.25,14.95,14.00,14.95,1200,14.6862
2010-11-12,14.25,14.50,14.25,14.26,2000,14.0083
2010-11-10,14.80,14.84,14.53,14.53,1400,14.2736
2010-11-09,13.80,14.00,13.79,13.84,1100,13.5957
2010-11-08,13.5001,13.5001,13.5001,13.5001,200,13.2618
2010-11-05,12.90,14.0001,12.90,13.66,4000,13.4189
2010-11-04,13.02,13.02,12.95,12.99,4000,12.7607
2010-11-03,13.50,13.50,12.96,12.96,2400,12.7313
2010-11-01,13.55,13.55,13.50,13.50,1100,13.2126
2010-10-29,13.54,13.75,13.50,13.75,1200,13.4573
2010-10-28,13.65,15.30,13.12,13.21,6300,12.9288
2010-10-25,14.51,14.51,13.999,13.999,1800,13.701
2010-10-22,15.00,15.15,15.00,15.15,200,14.8275
2010-10-21,14.41,14.50,14.00,14.50,3100,14.1913
2010-10-19,14.50,14.50,14.50,14.50,300,14.1913
2010-10-18,14.50,14.50,14.465,14.50,400,14.1913
2010-10-14,14.50,14.50,14.50,14.50,300,14.1913
2010-10-12,14.75,14.98,14.75,14.94,400,14.622
2010-10-08,14.15,14.15,14.15,14.15,900,13.8488
2010-10-07,13.96,14.00,13.96,14.00,200,13.702
2010-10-06,13.19,13.19,13.19,13.19,000,12.9092
2010-10-04,13.89,14.00,12.9816,14.00,2600,13.702
2010-10-01,12.43,12.82,12.43,12.82,3700,12.5471
2010-09-30,12.00,12.50,11.99,12.465,1400,12.1997
2010-09-28,12.10,12.10,12.10,12.10,1000,11.8424
2010-09-27,12.414,12.414,12.414,12.414,100,12.1497
2010-09-24,12.70,12.75,12.69,12.70,900,12.4297
2010-09-23,12.70,12.70,12.70,12.70,100,12.4297
2010-09-22,12.01,12.5128,12.01,12.5128,700,12.2464
2010-09-21,12.49,12.49,12.01,12.01,100,11.7543
2010-09-20,11.64,12.33,11.64,12.09,800,11.8326
2010-09-17,12.65,12.6899,10.94,10.94,1400,10.7071
2010-09-16,11.50,11.50,11.50,11.50,100,11.2552
2010-09-15,12.29,12.64,12.25,12.25,2400,11.9892
2010-09-14,11.80,12.00,11.00,12.00,4900,11.7446
2010-09-13,10.78,11.97,10.78,11.97,2600,11.7152
2010-09-10,10.77,10.77,10.48,10.48,200,10.2569
2010-09-07,10.78,10.78,10.50,10.535,500,10.3107
2010-09-03,10.28,10.80,10.28,10.76,1800,10.531
2010-09-02,10.22,10.25,10.22,10.25,1600,10.0318
2010-09-01,10.01,10.01,10.00,10.00,4000,9.7871
2010-08-31,9.90,10.01,9.80,10.01,3400,9.7969
2010-08-30,10.03,10.03,10.00,10.03,200,9.8165
2010-08-27,10.31,10.50,9.80,9.85,3900,9.6403
2010-08-26,10.85,10.9199,10.85,10.90,600,10.668
2010-08-25,10.65,10.65,10.17,10.60,11700,10.3744
2010-08-24,10.28,10.98,10.28,10.98,4700,10.7463
2010-08-23,10.59,11.20,10.50,10.50,8200,10.2765
2010-08-20,10.85,10.93,10.55,10.87,8800,10.6386
2010-08-19,10.95,11.30,10.83,10.93,1700,10.6973
2010-08-18,11.05,11.925,10.86,11.15,1600,10.9126
2010-08-17,10.66,12.70,10.56,12.70,3300,12.4297
2010-08-16,11.51,11.51,10.045,10.045,1500,9.8312
2010-08-11,11.52,11.52,11.51,11.51,400,11.265
2010-08-10,11.74,12.2588,11.25,12.2588,1500,11.9978
2010-08-09,12.28,12.50,12.25,12.50,200,12.2339
2010-08-06,12.42,12.50,12.30,12.50,1800,12.2339
2010-08-03,12.40,13.64,12.40,12.90,500,12.6047
2010-08-02,13.17,14.17,12.30,12.40,1400,12.1162
2010-07-30,13.06,13.06,12.67,12.84,800,12.5461
2010-07-29,12.95,12.95,12.66,12.66,200,12.3702
2010-07-28,12.00,12.26,12.00,12.26,700,11.9794
2010-07-27,11.20,12.00,11.20,12.00,2800,11.7253
2010-07-23,11.18,11.20,11.18,11.20,300,10.9436
2010-07-22,10.67,10.67,10.67,10.67,500,10.4258
2010-07-20,10.65,10.65,10.40,10.40,500,10.1619
2010-07-19,10.80,10.80,10.40,10.40,600,10.1619
2010-07-16,10.30,10.31,10.30,10.30,700,10.0642
2010-07-15,10.40,10.40,10.30,10.30,1100,10.0642
2010-07-13,10.38,10.45,10.335,10.41,600,10.1717
2010-07-12,10.75,10.75,10.75,10.75,100,10.5039
2010-07-08,10.50,10.50,10.40,10.40,700,10.1619
2010-07-07,10.41,10.66,10.41,10.50,700,10.2597
2010-07-06,10.49,10.77,10.49,10.745,1000,10.499
2010-06-30,10.90,10.90,10.60,10.60,400,10.3574
2010-06-29,10.50,10.50,10.31,10.50,300,10.2597
2010-06-18,10.29,11.00,10.29,11.00,200,10.7482
2010-06-16,10.29,10.29,10.26,10.26,200,10.0251
2010-06-15,10.35,10.45,10.2637,10.27,900,10.0349
2010-06-14,10.46,10.50,10.46,10.50,200,10.2597
2010-06-11,10.63,11.20,10.50,10.55,1000,10.3085
2010-06-10,10.63,10.63,10.4001,10.63,800,10.3867
2010-06-08,10.59,11.20,10.59,10.95,300,10.6994
2010-06-07,10.52,11.49,10.395,11.48,1100,11.2172
2010-06-03,11.30,11.50,11.30,11.50,2100,11.2368
2010-06-02,11.50,11.50,11.40,11.40,300,11.139
2010-06-01,11.50,11.51,11.50,11.51,300,11.2465
2010-05-28,11.40,11.50,11.00,11.50,1700,11.2368
2010-05-26,10.36,11.40,10.29,11.40,500,11.139
2010-05-25,10.41,10.41,10.2501,10.2501,100,10.0155
2010-05-24,11.05,11.05,10.36,10.96,300,10.7091
2010-05-21,11.00,11.00,10.26,10.80,1800,10.5528
2010-05-20,10.75,10.75,10.75,10.75,200,10.5039
2010-05-19,10.75,10.75,10.75,10.75,300,10.5039
2010-05-18,10.35,10.48,10.35,10.48,200,10.2401
2010-05-17,10.57,10.63,9.89,10.57,300,10.328
2010-05-14,10.25,10.25,10.25,10.25,500,10.0154
2010-05-12,10.50,10.50,10.05,10.0501,2400,9.82
2010-05-11,10.03,10.03,10.03,10.03,100,9.8004
2010-05-10,10.00,10.15,10.00,10.00,6200,9.7711
2010-05-06,8.90,8.90,8.90,8.90,400,8.6963
2010-05-05,9.81,9.81,8.70,9.09,1800,8.8819
2010-05-04,9.14,9.85,8.56,9.85,2200,9.5757
2010-05-03,9.51,9.51,9.45,9.50,1000,9.2354
2010-04-30,9.43,9.445,9.39,9.43,800,9.1674
2010-04-28,10.09,10.09,10.09,10.09,100,9.809
2010-04-27,9.89,10.00,9.89,9.9999,300,9.7214
2010-04-22,9.89,10.10,9.89,10.10,4400,9.8187
2010-04-21,9.88,10.10,9.83,10.00,3400,9.7215
2010-04-19,9.15,9.55,9.15,9.37,400,9.109
2010-04-15,9.65,9.87,9.65,9.85,300,9.5757
2010-04-13,9.65,9.65,9.65,9.65,300,9.3812
2010-04-09,9.85,9.89,9.72,9.89,3100,9.6146
2010-04-08,9.10,9.1001,9.09,9.09,500,8.8368
2010-03-30,9.16,9.16,9.11,9.11,200,8.8563
2010-03-29,9.89,9.89,9.80,9.80,400,9.5271
2010-03-25,9.85,9.87,9.42,9.76,700,9.4882
2010-03-24,9.10,9.1015,9.10,9.1015,100,8.848
2010-03-23,9.20,9.20,9.10,9.15,1000,8.8952
2010-03-19,9.95,10.00,9.38,9.38,1200,9.1188
2010-03-18,10.09,10.09,10.09,10.09,1000,9.809
2010-03-17,9.33,9.4899,9.33,9.4899,900,9.2256
2010-03-16,8.46,9.00,8.46,8.555,1100,8.3167
2010-03-15,9.49,9.49,9.49,9.49,1000,9.2257
2010-03-10,8.46,9.7999,8.4501,8.69,800,8.448
2010-03-09,8.49,8.49,8.41,8.41,200,8.1758
2010-03-04,8.63,8.89,8.63,8.89,200,8.6424
2010-03-03,8.50,8.65,8.50,8.65,400,8.4091
2010-03-02,8.80,8.80,8.54,8.54,1500,8.3022
2010-03-01,8.44,8.91,8.44,8.85,3600,8.6035
2010-02-26,8.29,8.29,8.29,8.29,500,8.0591
2010-02-25,8.51,8.79,8.51,8.51,3200,8.273
2010-02-23,8.29,8.29,8.29,8.29,000,8.0591
2010-02-22,8.72,8.72,8.72,8.72,200,8.4771
2010-02-19,8.60,8.60,8.60,8.60,200,8.3605
2010-02-12,8.28,8.28,8.28,8.28,100,8.0494
2010-02-11,8.48,8.48,8.48,8.48,400,8.2438
2010-02-10,8.2701,8.30,8.2701,8.30,400,8.0688
2010-02-09,8.28,8.28,8.27,8.27,200,8.0397
2010-02-05,8.34,8.34,8.2701,8.34,300,8.1077
2010-02-04,8.32,8.54,8.27,8.27,1700,8.0397
2010-02-03,8.30,8.50,8.2701,8.32,400,8.0883
2010-02-02,8.32,8.685,8.32,8.46,400,8.1758
2010-01-27,8.54,8.54,8.27,8.2701,500,7.9923
2010-01-26,8.41,8.41,8.41,8.41,200,8.1275
2010-01-25,8.46,8.46,8.26,8.26,300,7.9825
2010-01-22,8.48,8.48,8.47,8.48,1300,8.1951
2010-01-20,8.63,8.63,8.46,8.46,300,8.1758
2010-01-19,8.50,8.50,8.45,8.50,1100,8.2144
2010-01-15,8.25,8.7299,8.25,8.7299,200,8.4366
2010-01-08,8.72,8.75,8.284,8.73,800,8.4367
2010-01-05,8.41,8.99,8.11,8.20,4200,7.9245
2010-01-04,8.25,9.35,8.25,8.30,3200,8.0212
2009-12-31,8.60,8.88,8.30,8.30,2700,8.0212
2009-12-30,8.66,8.69,8.65,8.69,2900,8.3981
2009-12-29,8.52,8.52,8.50,8.50,800,8.2144
2009-12-23,9.00,9.23,8.4201,8.95,1300,8.6493
2009-12-22,9.00,10.80,8.76,9.73,2000,9.4031
2009-12-21,8.98,9.10,8.75,8.751,3800,8.457
2009-12-18,8.25,8.98,8.24,8.28,22100,8.0018
2009-12-16,8.49,8.96,8.49,8.9599,2000,8.6589
2009-12-15,8.29,8.30,8.25,8.25,1800,7.9728
2009-12-14,8.25,8.58,8.25,8.58,1900,8.2917
2009-12-11,8.30,8.30,8.30,8.30,100,8.0212
2009-12-08,8.45,8.60,8.45,8.60,100,8.3111
2009-12-07,8.25,8.30,8.25,8.30,800,8.0212
2009-12-03,8.34,8.35,8.25,8.34,800,8.0598
2009-12-02,8.34,8.35,8.25,8.25,1200,7.9728
2009-12-01,8.26,8.27,8.25,8.25,1400,7.9728
2009-11-30,8.25,8.53,8.25,8.25,2000,7.9728
2009-11-27,8.345,8.345,8.345,8.345,100,8.0646
2009-11-24,8.25,8.255,8.25,8.2501,500,7.9729
2009-11-23,8.73,8.73,8.10,8.11,1200,7.8375
2009-11-20,8.74,8.745,8.74,8.745,200,8.4512
2009-11-19,8.30,8.75,8.015,8.015,2600,7.7457
2009-11-16,8.25,8.25,8.25,8.25,500,7.9728
2009-11-12,7.99,8.15,7.9835,8.15,4000,7.8762
2009-11-06,8.7499,8.7499,8.7499,8.7499,300,8.4559
2009-11-05,8.01,8.01,7.98,7.98,600,7.7119
2009-11-04,7.96,8.10,7.96,7.98,1600,7.7119
2009-11-03,8.06,8.06,8.05,8.05,600,7.7312
2009-11-02,8.15,8.15,8.08,8.08,300,7.76
2009-10-30,8.14,8.14,8.115,8.14,200,7.8177
2009-10-27,8.135,8.16,8.135,8.16,200,7.8369
2009-10-16,8.13,8.13,8.13,8.13,500,7.8081
2009-10-15,8.105,8.105,8.10,8.10,200,7.7793
2009-10-14,8.00,8.00,8.00,8.00,100,7.6832
2009-10-13,8.01,8.01,8.00,8.00,200,7.6832
2009-10-09,8.07,8.07,8.00,8.00,200,7.6832
2009-10-08,8.05,8.10,8.00,8.00,2500,7.6832
2009-10-07,8.06,8.655,8.00,8.00,2300,7.6832
2009-10-06,8.19,8.27,8.105,8.105,600,7.7841
2009-10-05,8.70,8.70,8.70,8.70,100,8.3555
2009-09-25,8.12,8.70,8.00,8.70,6300,8.3555
2009-09-21,8.11,8.845,8.05,8.21,3400,7.8849
2009-09-18,8.045,8.85,8.045,8.85,200,8.4996
2009-09-16,8.20,8.2001,8.10,8.10,2400,7.7793
2009-09-15,8.28,8.28,8.28,8.28,300,7.9521
2009-09-11,8.50,8.50,8.50,8.50,100,8.1634
2009-09-09,8.50,8.50,8.50,8.50,8000,8.1634
2009-09-04,8.00,8.00,8.00,8.00,200,7.6832
2009-09-03,8.9999,8.9999,8.16,8.16,200,7.8369
2009-09-02,8.45,8.45,8.40,8.40,400,8.0674
2009-09-01,9.00,9.00,8.5001,8.5001,2000,8.1635
2009-08-31,8.41,8.41,8.41,8.41,000,8.077
2009-08-28,8.41,8.41,8.41,8.41,000,8.077
2009-08-27,8.93,8.93,8.41,8.41,200,8.077
2009-08-26,8.50,8.50,8.50,8.50,000,8.1634
2009-08-25,8.50,8.50,8.50,8.50,000,8.1634
2009-08-24,8.81,8.81,8.50,8.50,200,8.1634
2009-08-21,9.10,9.10,9.10,9.10,100,8.7397
2009-08-20,8.0475,8.0475,8.0475,8.0475,200,7.7288
2009-08-19,8.95,8.95,8.95,8.95,000,8.5956
2009-08-18,8.95,8.95,8.95,8.95,000,8.5956
2009-08-17,8.95,8.95,8.95,8.95,000,8.5956
2009-08-14,8.95,8.95,8.95,8.95,000,8.5956
2009-08-13,8.0001,9.00,8.00,8.95,3600,8.5956
2009-08-12,8.15,8.845,8.15,8.845,600,8.4948
2009-08-11,7.54,8.20,7.54,8.10,4000,7.7793
2009-08-10,7.31,8.935,7.31,7.90,1900,7.5872
2009-08-07,9.18,9.40,7.20,7.20,6200,6.9149
2009-08-06,6.72,9.475,6.72,9.00,12000,8.6436
2009-08-05,5.60,5.60,5.60,5.60,100,5.3782
2009-08-04,8.00,8.00,8.00,8.00,1000,7.6352
2009-08-03,6.79,8.25,6.79,8.25,3200,7.8738
2009-07-31,6.82,6.82,6.82,6.82,000,6.509
2009-07-30,6.82,6.82,6.82,6.82,000,6.509
2009-07-29,7.00,9.345,6.70,6.82,11600,6.509
2009-07-28,6.9999,7.00,6.9984,6.9984,1100,6.6793
2009-07-27,7.00,7.00,6.9999,6.9999,1000,6.6807
2009-07-24,6.49,7.00,6.49,7.00,2500,6.6808
2009-07-23,5.95,6.70,5.95,6.4999,1100,6.2035
2009-07-22,6.75,6.75,6.75,6.75,100,6.4422
2009-07-21,7.00,7.00,7.00,7.00,000,6.6808
2009-07-20,7.00,7.00,7.00,7.00,000,6.6808
2009-07-17,7.00,7.00,7.00,7.00,000,6.6808
2009-07-16,7.00,7.00,7.00,7.00,000,6.6808
2009-07-15,7.00,7.00,7.00,7.00,000,6.6808
2009-07-14,7.00,7.00,7.00,7.00,3400,6.6808
2009-07-13,7.0001,7.0001,7.0001,7.0001,000,6.6809
2009-07-08,7.0001,7.0001,7.0001,7.0001,200,6.6809
2009-07-07,8.90,8.90,8.90,8.90,100,8.4942
2009-07-02,8.48,8.965,8.48,8.965,700,8.5562
2009-06-30,8.00,8.00,8.00,8.00,200,7.6352
2009-06-24,7.49,7.49,7.49,7.49,100,7.1484
2009-06-23,7.00,7.00,6.16,6.16,1000,5.8791
2009-06-22,6.2501,7.14,6.2501,6.80,1600,6.4899
2009-06-19,6.40,6.4899,6.40,6.4899,1900,6.194
2009-06-18,6.50,6.50,6.50,6.50,2500,6.2036
2009-06-17,7.3899,7.3899,6.535,6.535,600,6.237
2009-06-16,7.38,7.39,7.355,7.3899,400,7.0529
2009-06-12,6.63,6.63,6.60,6.60,900,6.299
2009-06-11,6.75,7.355,6.75,7.02,500,6.6999
2009-06-10,6.85,6.85,6.85,6.85,300,6.5376
2009-06-09,6.60,6.60,6.60,6.60,100,6.299
2009-06-08,6.69,6.69,6.69,6.69,100,6.3849
2009-06-05,7.01,7.01,7.00,7.00,400,6.6808
2009-06-03,7.18,7.18,7.15,7.15,1000,6.824
2009-06-02,7.035,7.97,7.035,7.96,1600,7.597
2009-06-01,7.50,7.50,7.01,7.01,500,6.6903
2009-05-28,6.97,7.24,6.9699,7.24,2500,6.9098
2009-05-27,6.75,6.9699,6.75,6.75,2300,6.4422
2009-05-26,6.7499,6.75,6.7499,6.75,5300,6.4422
2009-05-15,6.75,6.75,6.75,6.75,200,6.4422
2009-05-14,6.40,6.40,6.40,6.40,1000,6.1082
2009-05-13,6.40,6.40,6.40,6.40,800,6.1082
2009-05-11,6.46,6.50,6.26,6.50,3700,6.2036
2009-05-08,7.20,7.20,6.50,6.50,700,6.2036
2009-05-07,6.50,6.50,6.45,6.45,900,6.1559
2009-05-06,6.45,6.95,6.45,6.95,3900,6.6331
2009-05-05,6.32,6.55,6.32,6.45,6700,6.1559
2009-04-30,5.50,5.50,5.50,5.50,200,5.2492
2009-04-28,5.50,6.00,5.285,5.50,80400,5.2406
2009-04-27,6.50,6.50,5.4347,5.4347,1100,5.1784
2009-04-24,6.40,6.40,6.40,6.40,700,6.0981
2009-04-23,6.50,6.50,6.50,6.50,100,6.1934
2009-04-22,6.50,6.50,6.49,6.49,300,6.1839
2009-04-20,6.0501,6.485,6.05,6.31,900,6.0124
2009-04-17,6.10,6.20,6.05,6.20,6200,5.9076
2009-04-16,6.15,6.44,6.10,6.15,4100,5.8599
2009-04-15,6.15,6.15,6.15,6.15,500,5.8599
2009-04-14,6.25,6.25,6.25,6.25,2500,5.9552
2009-04-13,6.00,6.35,5.75,6.20,10200,5.9076
2009-04-09,5.86,6.05,5.86,6.05,36800,5.7647
2009-04-07,5.25,5.82,5.25,5.82,1100,5.5455
2009-04-03,5.50,5.81,5.50,5.75,2500,5.4788
2009-04-02,4.67,5.50,4.67,5.50,5600,5.2406
2009-04-01,4.09,4.75,4.05,4.75,000,4.526
2009-03-31,4.53,4.7399,4.27,4.7399,500,4.5163
2009-03-27,5.25,5.26,5.00,5.26,1400,5.0119
2009-03-26,4.52,5.00,4.27,4.95,1900,4.7165
2009-03-25,4.97,4.99,4.61,4.61,1800,4.3926
2009-03-23,5.15,5.15,5.10,5.14,1100,4.8976
2009-03-16,5.1366,5.1366,5.1366,5.1366,100,4.8943
2009-03-11,4.80,4.80,4.80,4.80,600,4.5736
2009-03-10,4.80,4.80,4.80,4.80,300,4.5736
2009-03-09,4.76,4.76,4.75,4.75,2000,4.526
2009-03-06,5.75,5.75,4.85,4.85,400,4.6213
2009-03-05,5.05,5.05,5.05,5.05,100,4.8118
2009-03-04,5.25,5.95,5.16,5.95,400,5.6694
2009-03-03,5.89,5.89,5.29,5.69,1500,5.4216
2009-03-02,5.16,6.00,5.04,5.90,3000,5.6217
2009-02-27,5.99,6.01,5.65,6.01,3400,5.7265
2009-02-26,5.49,5.55,5.49,5.55,300,5.2882
2009-02-25,5.90,5.90,5.90,5.90,400,5.6217
2009-02-24,6.00,6.00,5.99,5.99,700,5.7075
2009-02-23,6.19,6.20,6.18,6.19,1100,5.8981
2009-02-20,6.20,6.20,5.41,5.41,2100,5.1548
2009-02-18,6.35,6.35,6.25,6.25,200,5.9552
2009-02-17,6.25,6.25,6.25,6.25,900,5.9552
2009-02-13,6.05,6.25,5.93,6.25,1700,5.9552
2009-02-12,6.50,6.50,6.50,6.50,1100,6.1934
2009-02-11,6.40,6.40,6.25,6.25,1300,5.9552
2009-02-10,6.50,6.65,6.05,6.45,900,6.1458
2009-02-09,6.80,6.80,6.06,6.06,5700,5.7742
2009-02-06,5.95,6.30,5.95,6.30,5600,6.0029
2009-02-05,5.95,6.00,5.85,5.95,9200,5.6694
2009-02-04,5.80,6.25,5.80,5.975,2400,5.6932
2009-02-03,4.75,5.45,4.50,5.36,2300,4.9357
2009-02-02,4.85,4.85,4.73,4.73,600,4.3556
2009-01-30,4.90,4.90,4.882,4.882,1300,4.4955
2009-01-29,5.25,5.35,4.89,4.89,7300,4.5029
2009-01-28,5.25,5.34,5.00,5.34,7600,4.9173
2009-01-26,5.30,5.30,5.30,5.30,100,4.8804
2009-01-23,5.30,5.30,5.30,5.30,500,4.8804
2009-01-21,6.39,6.39,5.27,5.27,4100,4.8528
2009-01-16,4.75,5.99,4.75,5.3755,2000,4.95
2009-01-15,5.00,5.00,4.69,4.73,5600,4.3556
2009-01-14,4.52,4.52,4.52,4.52,1000,4.1622
2009-01-13,4.54,4.54,4.53,4.53,800,4.1714
2009-01-12,5.15,5.155,4.54,4.54,6200,4.1806
2009-01-09,5.70,5.70,5.15,5.15,4600,4.7423
2009-01-08,4.81,5.75,4.81,5.30,4000,4.8804
2009-01-07,6.03,6.04,6.00,6.00,700,5.525
2009-01-06,5.98,6.63,5.98,6.00,2100,5.525
2009-01-05,4.42,5.97,4.42,5.97,200,5.4974
2009-01-02,4.98,4.98,4.89,4.89,300,4.5029
2008-12-31,4.98,5.688,4.48,4.839,5600,4.4559
2008-12-30,4.50,5.41,4.01,4.33,15200,3.9872
2008-12-29,4.852,4.89,4.40,4.40,5800,4.0517
2008-12-26,4.94,4.94,4.9399,4.9399,700,4.5488
2008-12-24,4.75,4.75,4.72,4.72,3700,4.3464
2008-12-23,4.89,4.89,4.65,4.75,1200,4.374
2008-12-22,5.25,5.25,5.01,5.01,1100,4.6134
2008-12-19,5.25,5.65,5.25,5.25,400,4.8344
2008-12-18,5.49,5.50,5.25,5.50,5300,5.0646
2008-12-17,5.55,5.60,5.50,5.50,3000,5.0646
2008-12-16,5.75,5.75,5.48,5.48,2300,5.0462
2008-12-15,5.87,5.92,5.75,5.75,700,5.2948
2008-12-12,5.80,5.8001,5.15,5.29,2200,4.8712
2008-12-11,5.99,6.00,5.80,5.80,1900,5.3409
2008-12-10,6.00,6.00,5.90,5.90,500,5.4329
2008-12-09,6.50,6.72,5.88,5.88,2400,5.4145
2008-12-08,6.00,6.72,6.00,6.3799,5300,5.8749
2008-12-05,5.50,6.50,5.25,5.88,6200,5.4145
2008-12-04,4.75,5.50,4.75,5.25,1000,4.8344
2008-12-03,5.25,5.25,4.76,4.76,2600,4.3832
2008-12-02,4.52,5.44,4.52,5.01,1600,4.6134
2008-12-01,4.89,4.90,4.50,4.50,2100,4.1438
2008-11-28,4.54,4.66,4.54,4.65,1400,4.2819
2008-11-26,4.35,4.35,4.35,4.35,1000,4.0056
2008-11-25,3.99,4.59,3.99,4.35,2000,4.0056
2008-11-24,3.04,4.03,3.04,3.99,4000,3.6741
2008-11-21,4.50,4.50,3.12,3.40,11000,3.1308
2008-11-20,4.75,4.99,4.75,4.99,600,4.595
2008-11-19,4.60,5.01,4.39,4.60,6600,4.2359
2008-11-18,6.11,6.11,4.50,4.50,1500,4.1438
2008-11-17,6.10,6.10,6.10,6.10,100,5.6171
2008-11-14,5.84,6.00,5.84,6.00,2800,5.525
2008-11-13,6.51,6.51,6.31,6.31,400,5.8105
2008-11-12,6.32,6.32,6.32,6.32,000,5.8197
2008-11-11,6.91,6.91,5.58,6.32,10100,5.8197
2008-11-10,7.00,7.00,7.00,7.00,000,6.4459
2008-11-07,6.76,7.50,6.76,7.00,3400,6.4459
2008-11-06,7.41,8.32,6.77,8.32,13200,7.6614
2008-11-05,9.40,9.40,8.51,8.66,27200,7.9745
2008-11-04,8.65,8.65,7.75,7.75,7100,6.9707
2008-11-03,7.80,7.80,7.79,7.79,400,7.0067
2008-10-31,7.94,7.94,7.78,7.94,600,7.1416
2008-10-30,7.93,8.00,6.76,6.89,3100,6.1972
2008-10-29,6.945,7.485,6.75,7.485,3600,6.7324
2008-10-28,6.95,6.98,6.75,6.75,1400,6.0713
2008-10-27,7.77,7.78,6.95,6.95,5700,6.2512
2008-10-24,7.85,8.61,7.78,8.61,3800,7.7443
2008-10-23,8.00,8.75,7.97,7.97,500,7.1686
2008-10-22,8.50,8.50,7.11,8.30,4700,7.4654
2008-10-21,9.835,9.854,8.45,9.02,4300,8.113
2008-10-20,10.56,10.56,9.57,9.57,2300,8.6077
2008-10-17,10.0001,10.56,9.00,10.56,2500,9.4982
2008-10-16,10.01,16.00,10.01,12.88,000,11.5849
2008-10-15,14.50,15.50,9.145,12.00,14900,10.7934
2008-10-14,14.50,31.4999,14.50,15.85,74800,14.2563
2008-10-13,11.00,13.50,11.00,13.03,3900,11.7198
2008-10-10,10.00,11.00,10.00,11.00,2300,9.894
2008-10-09,11.00,11.00,11.00,11.00,000,9.894
2008-10-08,11.00,11.00,11.00,11.00,000,9.894
2008-10-07,11.00,11.00,11.00,11.00,100,9.894
2008-10-06,12.10,12.10,12.10,12.10,100,10.8833
2008-10-03,11.565,12.10,11.565,12.10,400,10.8833
2008-10-02,11.50,11.50,11.50,11.50,000,10.3437
2008-10-01,11.50,11.50,11.50,11.50,000,10.3437
2008-09-30,11.50,11.50,11.50,11.50,3000,10.3437
2008-09-29,11.50,11.50,11.50,11.50,000,10.3437
2008-09-26,11.50,11.50,11.50,11.50,000,10.3437
2008-09-25,11.99,11.99,11.50,11.99,500,10.7844
2008-09-24,8.50,10.50,8.32,10.50,000,9.4442
2008-09-23,10.75,10.75,10.75,10.75,000,9.6691
2008-09-22,10.75,10.75,10.75,10.75,100,9.6691
2008-09-19,10.35,11.00,9.75,10.30,2100,9.2643
2008-09-18,9.75,9.75,9.74,9.75,2500,8.7696
2008-09-17,9.75,10.35,9.74,9.75,2400,8.7696
2008-09-16,8.42,10.97,8.42,9.19,000,8.2659
2008-09-15,10.01,10.60,8.36,8.99,6100,8.0861
2008-09-12,12.43,12.43,12.43,12.43,4600,11.1802
2008-09-11,12.94,13.00,12.94,13.00,600,11.6929
2008-09-10,12.92,13.00,12.92,12.92,400,11.6209
2008-09-09,11.035,11.25,11.00,11.25,1700,10.1188
2008-09-08,13.00,13.00,11.50,11.50,700,10.3437
2008-09-05,13.00,13.00,13.00,13.00,000,11.6929
2008-09-04,13.00,13.00,13.00,13.00,100,11.6929
2008-09-03,13.85,14.27,13.50,13.50,1800,12.1426
2008-09-02,13.00,13.00,13.00,13.00,000,11.6929
2008-08-29,13.00,13.00,12.99,13.00,800,11.6929
2008-08-28,12.79,12.79,12.79,12.79,000,11.504
2008-08-27,12.00,12.79,12.00,12.79,800,11.504
2008-08-26,11.965,11.965,11.965,11.965,100,10.7619
2008-08-25,11.99,11.99,11.99,11.99,000,10.7844
2008-08-22,11.99,11.99,11.99,11.99,000,10.7844
2008-08-21,11.99,11.99,11.99,11.99,000,10.7844
2008-08-20,10.91,11.99,10.90,11.99,84100,10.7844
2008-08-19,11.82,11.955,11.75,11.955,1600,10.7529
2008-08-18,10.93,11.50,10.93,11.30,3000,10.1638
2008-08-15,11.29,11.30,11.29,11.30,300,10.1638
2008-08-14,12.00,12.00,11.00,11.00,1600,9.894
2008-08-13,11.30,11.30,11.30,11.30,000,10.1638
2008-08-12,11.30,11.30,11.30,11.30,000,10.1638
2008-08-11,11.33,11.33,11.30,11.30,300,10.1638
2008-08-08,11.00,11.00,11.00,11.00,5500,9.894
2008-08-07,11.00,11.00,11.00,11.00,000,9.894
2008-08-06,12.00,12.00,11.00,11.00,4900,9.894
2008-08-05,11.00,11.00,11.00,11.00,000,9.894
2008-08-04,11.99,11.99,11.00,11.00,200,9.894
2008-08-01,11.94,11.94,10.91,11.00,1100,9.894
2008-07-31,11.99,11.99,10.035,10.035,1800,9.026
2008-07-30,10.745,10.745,10.745,10.745,000,9.6646
2008-07-29,10.75,10.75,10.745,10.745,700,9.5027
2008-07-28,10.99,10.99,10.99,10.99,000,9.7194
2008-07-25,9.20,11.00,8.50,10.99,6000,9.7194
2008-07-24,10.75,10.75,10.75,10.75,000,9.5071
2008-07-23,11.00,11.00,10.75,10.75,1700,9.5071
2008-07-22,11.95,11.95,11.00,11.00,2600,9.7282
2008-07-21,12.00,12.00,12.00,12.00,000,10.6126
2008-07-18,12.00,12.00,12.00,12.00,000,10.6126
2008-07-17,12.00,12.00,12.00,12.00,000,10.6126
2008-07-16,12.00,12.00,12.00,12.00,000,10.6126
2008-07-15,10.00,12.00,10.00,12.00,700,10.6126
2008-07-14,11.00,11.00,11.00,11.00,000,9.7282
2008-07-11,11.00,11.00,11.00,11.00,500,9.7282
2008-07-10,11.99,11.99,11.99,11.99,600,10.6037
2008-07-09,10.00,11.00,10.00,11.00,2000,9.7282
2008-07-08,9.27,9.50,9.25,9.50,1700,8.4016
2008-07-07,9.27,9.50,9.26,9.39,4100,8.3044
2008-07-03,9.17,9.17,9.17,9.17,000,8.1098
2008-07-02,11.05,11.05,9.17,9.17,4800,8.1098
2008-07-01,11.00,11.80,11.00,11.50,1000,10.1704
2008-06-30,11.03,11.03,11.00,11.00,400,9.7282
2008-06-27,11.38,12.00,11.07,11.15,1000,9.8609
2008-06-26,11.53,11.53,11.40,11.40,500,10.082
2008-06-25,11.53,11.77,11.53,11.53,200,10.1969
2008-06-24,13.55,13.56,12.35,12.35,800,10.9221
2008-06-23,14.90,14.90,13.535,14.90,3700,13.1773
2008-06-20,14.78,14.78,14.78,14.78,200,13.0712
2008-06-19,16.19,16.19,16.01,16.01,900,14.159
2008-06-18,16.09,16.09,16.09,16.09,100,14.2297
2008-06-17,15.20,16.05,15.20,15.93,7200,14.0882
2008-06-16,15.10,15.10,15.10,15.10,200,13.3542
2008-06-13,17.15,17.15,17.15,17.15,000,15.1672
2008-06-12,18.57,18.57,17.15,17.15,1000,15.1672
2008-06-11,16.75,17.37,15.85,17.37,600,15.3617
2008-06-10,14.76,14.76,14.76,14.76,000,13.0535
2008-06-09,14.75,14.76,14.75,14.76,200,13.0535
2008-06-06,14.75,14.75,14.75,14.75,000,13.0446
2008-06-05,14.75,14.75,14.75,14.75,000,13.0446
2008-06-04,14.75,14.75,14.75,14.75,000,13.0446
2008-06-03,14.75,14.75,14.75,14.75,000,13.0446
2008-06-02,16.00,16.00,14.75,14.75,600,13.0446
2008-05-30,16.35,16.35,16.35,16.35,000,14.4597
2008-05-29,16.35,16.35,16.35,16.35,000,14.4597
2008-05-28,16.35,16.35,16.35,16.35,000,14.4597
2008-05-27,16.35,16.35,16.35,16.35,000,14.4597
2008-05-23,16.38,16.38,16.35,16.35,400,14.4597
2008-05-22,17.50,17.50,17.50,17.50,000,15.4767
2008-05-21,17.39,17.50,16.50,17.50,1500,15.4767
2008-05-20,17.56,17.56,17.50,17.50,400,15.4767
2008-05-19,19.00,19.00,18.11,18.11,800,16.0162
2008-05-16,17.62,17.62,17.62,17.62,000,15.5828
2008-05-15,17.62,17.62,17.62,17.62,000,15.5828
2008-05-14,17.62,17.62,17.62,17.62,000,15.5828
2008-05-13,17.62,17.62,17.62,17.62,000,15.5828
2008-05-12,17.62,17.62,17.62,17.62,200,15.5828
2008-05-09,20.98,20.98,20.98,20.98,000,18.5543
2008-05-08,20.98,20.98,20.98,20.98,000,18.5543
2008-05-07,20.98,20.98,20.98,20.98,000,18.5543
2008-05-06,18.99,20.99,18.99,20.99,1800,18.5632
2008-05-05,18.28,18.28,18.28,18.28,000,16.1665
2008-05-02,18.28,18.28,18.28,18.28,000,16.1665
2008-05-01,18.28,18.28,18.28,18.28,000,16.1665
2008-04-30,18.28,18.28,18.28,18.28,000,16.1665
2008-04-29,18.28,18.28,18.28,18.28,700,16.0073
2008-04-28,18.28,18.28,18.28,18.28,300,16.0073
2008-04-25,18.75,18.75,18.75,18.75,1500,16.4189
2008-04-24,18.28,18.28,18.28,18.28,000,16.0073
2008-04-23,18.28,18.28,18.28,18.28,000,16.0073
2008-04-22,18.28,18.28,18.28,18.28,100,16.0073
2008-04-21,18.28,18.28,18.28,18.28,100,16.0073
2008-04-18,18.37,18.37,18.37,18.37,100,16.0861
2008-04-17,18.78,18.78,18.78,18.78,100,16.4452
2008-04-16,19.01,19.01,19.01,19.01,100,16.6466
2008-04-15,18.93,18.93,18.90,18.90,2200,16.5502
2008-04-14,19.01,19.01,19.01,19.01,100,16.6466
2008-04-11,18.16,18.61,18.16,18.61,4500,16.2963
2008-04-10,17.80,17.80,17.80,17.80,100,15.587
2008-04-09,17.69,17.69,17.69,17.69,000,15.4907
2008-04-08,17.69,17.69,17.69,17.69,000,15.4907
2008-04-07,17.69,17.69,17.69,17.69,100,15.4907
2008-04-04,19.50,19.50,19.50,19.50,000,17.0756
2008-04-03,17.70,19.70,17.70,19.70,5500,17.2508
2008-04-02,17.80,21.15,17.80,19.56,000,17.1282
2008-04-01,19.15,19.15,19.15,19.15,000,16.7692
2008-03-31,19.15,19.15,19.15,19.15,000,16.7692
2008-03-28,19.15,19.15,19.15,19.15,200,16.7692
2008-03-27,19.10,19.10,19.10,19.10,300,16.7254
2008-03-26,19.35,20.30,18.20,19.09,8000,16.7166
2008-03-25,21.00,21.00,17.52,17.60,700,15.4119
2008-03-24,21.51,21.51,20.71,20.71,3200,18.1352
2008-03-20,18.07,18.08,18.07,18.08,200,15.8322
2008-03-19,19.00,19.00,19.00,19.00,000,16.6378
2008-03-18,19.00,19.00,19.00,19.00,5000,16.6378
2008-03-17,19.00,19.00,18.05,18.05,1100,15.8059
2008-03-14,18.04,19.00,18.04,19.00,400,16.6378
2008-03-13,18.00,18.00,18.00,18.00,000,15.7621
2008-03-12,17.9999,17.9999,17.9999,17.9999,000,15.762
2008-03-11,18.00,18.00,18.00,18.00,000,15.7621
2008-03-10,19.00,19.00,18.00,18.00,1400,15.7621
2008-03-07,18.82,18.82,18.82,18.82,000,16.4802
2008-03-06,20.00,20.00,18.82,18.82,100,16.4802
2008-03-05,19.20,19.20,19.20,19.20,000,16.8129
2008-03-04,19.25,19.25,19.20,19.20,900,16.8129
2008-03-03,19.25,19.25,19.25,19.25,100,16.8567
2008-02-29,19.50,19.50,19.50,19.50,000,17.0756
2008-02-28,20.00,20.05,20.00,20.00,000,17.5135
2008-02-27,19.70,20.06,19.28,19.51,3500,17.0844
2008-02-26,20.85,20.85,20.85,20.85,100,18.2578
2008-02-25,20.50,20.50,20.50,20.50,000,17.9513
2008-02-22,20.50,20.50,20.50,20.50,100,17.9513
2008-02-21,20.22,20.22,20.22,20.22,000,17.7061
2008-02-20,20.22,20.22,20.22,20.22,000,17.7061
2008-02-19,21.65,21.65,21.65,21.65,000,18.9583
2008-02-15,21.17,21.75,21.17,21.75,600,19.0459
2008-02-14,19.55,19.55,19.20,19.20,000,16.8129
2008-02-13,19.16,19.16,19.16,19.16,000,16.7779
2008-02-12,19.16,19.16,19.16,19.16,000,16.7779
2008-02-11,19.16,19.16,19.16,19.16,000,16.7779
2008-02-08,19.16,19.16,19.16,19.16,900,16.7779
2008-02-07,19.36,19.36,19.36,19.36,000,16.9531
2008-02-06,18.87,19.37,18.87,19.36,700,16.9531
2008-02-05,18.50,18.50,18.50,18.50,200,16.20
2008-02-04,18.30,18.30,18.30,18.30,000,16.0248
2008-02-01,18.28,18.30,18.28,18.30,100,16.0248
2008-01-31,18.25,18.25,18.25,18.25,000,15.9811
2008-01-30,18.76,18.76,18.76,18.76,000,16.4276
2008-01-29,18.76,18.76,18.76,18.76,000,16.27
2008-01-28,19.79,19.79,18.75,18.76,700,16.27
2008-01-25,20.43,20.43,20.40,20.43,300,17.7184
2008-01-24,20.13,20.13,20.13,20.13,000,17.4582
2008-01-23,20.15,20.15,20.13,20.13,2300,17.4582
2008-01-22,20.16,20.16,20.16,20.16,100,17.4842
2008-01-18,20.15,20.15,20.15,20.15,000,17.4755
2008-01-17,20.15,20.15,20.15,20.15,000,17.4755
2008-01-16,20.18,20.18,20.15,20.15,400,17.4755
2008-01-15,20.15,20.15,20.15,20.15,000,17.4755
2008-01-14,20.15,20.15,20.15,20.15,000,17.4755
2008-01-11,20.18,22.24,20.15,20.15,000,17.4755
2008-01-10,20.16,20.16,20.16,20.16,000,17.4842
2008-01-09,20.15,20.16,20.15,20.16,700,17.4842
2008-01-08,20.15,20.15,20.15,20.15,000,17.4755
2008-01-07,20.15,20.15,20.15,20.15,000,17.4755
2008-01-04,20.15,20.15,20.15,20.15,600,17.4755
2008-01-03,20.15,20.15,20.15,20.15,000,17.4755
2008-01-02,20.15,20.15,20.15,20.15,2500,17.4755
2007-12-31,20.15,20.1501,20.15,20.15,5200,17.4755
2007-12-28,20.40,20.40,20.03,20.15,2100,17.4755
2007-12-27,20.40,20.40,20.40,20.40,1000,17.6924
2007-12-26,20.49,21.01,20.49,21.00,2900,18.2127
2007-12-24,20.39,20.39,20.39,20.39,000,17.6837
2007-12-21,20.50,20.50,20.39,20.39,1300,17.6837
2007-12-20,20.5001,20.53,20.00,20.00,2200,17.3454
2007-12-19,20.75,20.75,20.75,20.75,000,17.9959
2007-12-18,20.75,20.75,20.75,20.75,100,17.9959
2007-12-17,22.50,22.50,20.80,21.50,2600,18.6464
2007-12-14,22.5001,23.97,22.50,23.97,500,20.7885
2007-12-13,22.50,22.50,22.50,22.50,000,19.5136
2007-12-12,22.5001,22.5001,22.5001,22.5001,100,19.5137
2007-12-11,22.50,22.50,22.50,22.50,000,19.5136
2007-12-10,22.50,22.50,22.50,22.50,000,19.5136
2007-12-07,22.5001,22.51,22.50,22.50,700,19.5136
2007-12-06,22.50,22.50,22.50,22.50,000,19.5136
2007-12-05,22.50,22.50,22.50,22.50,700,19.5136
2007-12-04,22.99,22.99,22.99,22.99,000,19.9386
2007-12-03,22.99,22.99,22.99,22.99,000,19.9386
2007-11-30,22.99,22.99,22.99,22.99,200,19.9386
2007-11-29,22.36,22.36,22.36,22.36,000,19.3922
2007-11-28,24.20,24.20,22.25,22.36,2500,19.3922
2007-11-27,23.37,23.37,23.37,23.37,000,20.2682
2007-11-26,23.37,23.37,23.37,23.37,1900,20.2682
2007-11-23,22.50,22.50,22.50,22.50,000,19.5136
2007-11-21,22.54,22.54,22.50,22.50,200,19.5136
2007-11-20,22.50,22.50,22.50,22.50,100,19.5136
2007-11-19,23.00,23.06,23.00,23.00,1400,19.9473
2007-11-16,23.40,23.40,23.40,23.40,200,20.2942
2007-11-15,23.37,23.37,23.37,23.37,200,20.2682
2007-11-14,22.75,22.75,22.75,22.75,100,19.7304
2007-11-13,22.75,22.75,22.75,22.75,100,19.7304
2007-11-12,22.75,22.75,22.75,22.75,300,19.7304
2007-11-09,23.00,23.00,23.00,23.00,000,19.9473
2007-11-08,23.00,23.00,23.00,23.00,000,19.9473
2007-11-07,23.00,23.98,22.75,23.00,3700,19.9473
2007-11-06,23.99,23.99,23.99,23.99,000,20.8059
2007-11-05,23.99,23.99,23.99,23.99,000,20.8059
2007-11-02,23.99,23.99,23.99,23.99,100,20.8059
2007-11-01,23.06,23.06,23.01,23.01,300,19.9559
2007-10-31,24.00,24.00,24.00,24.00,000,20.8145
2007-10-30,24.00,24.00,24.00,24.00,000,20.6584
2007-10-29,24.00,24.00,24.00,24.00,000,20.6584
2007-10-26,24.00,24.00,24.00,24.00,000,20.6584
2007-10-25,23.00,24.00,23.00,24.00,2100,20.6584
2007-10-24,23.00,23.00,23.00,23.00,000,19.7977
2007-10-23,23.00,23.00,23.00,23.00,100,19.7977
2007-10-22,23.00,23.00,23.00,23.00,000,19.7977
2007-10-19,23.00,23.00,23.00,23.00,000,19.7977
2007-10-18,23.00,23.00,23.00,23.00,1000,19.7977
2007-10-17,23.13,23.13,22.99,23.00,1400,19.7977
2007-10-16,23.0599,23.10,23.00,23.00,900,19.7977
2007-10-15,23.32,23.32,23.02,23.02,600,19.8149
2007-10-12,22.75,22.75,22.75,22.75,000,19.5825
2007-10-11,22.75,22.75,22.75,22.75,400,19.5825
2007-10-10,23.00,23.00,23.00,23.00,400,19.7977
2007-10-09,22.70,22.70,22.70,22.70,000,19.5394
2007-10-08,22.70,22.70,22.70,22.70,000,19.5394
2007-10-05,22.70,22.70,22.70,22.70,000,19.5394
2007-10-04,22.70,22.70,22.70,22.70,000,19.5394
2007-10-03,22.70,22.70,22.70,22.70,000,19.5394
2007-10-02,22.70,22.70,22.70,22.70,000,19.5394
2007-10-01,22.70,22.70,22.70,22.70,100,19.5394
2007-09-28,23.00,23.51,21.52,23.00,4200,19.7977
2007-09-27,24.00,24.00,24.00,24.00,000,20.6584
2007-09-26,24.00,24.00,24.00,24.00,000,20.6584
2007-09-25,24.00,24.00,24.00,24.00,000,20.6584
2007-09-24,24.00,24.00,24.00,24.00,000,20.6584
2007-09-21,24.00,24.00,24.00,24.00,000,20.6584
2007-09-20,24.00,24.00,24.00,24.00,000,20.6584
2007-09-19,24.10,24.10,23.15,24.00,2700,20.6584
2007-09-18,24.10,24.11,24.09,24.10,1100,20.7445
2007-09-17,24.10,24.10,24.10,24.10,000,20.7445
2007-09-14,24.10,24.10,24.10,24.10,000,20.7445
2007-09-13,24.10,24.10,24.10,24.10,000,20.7445
2007-09-12,24.10,24.10,24.10,24.10,000,20.7445
2007-09-11,24.10,24.10,24.10,24.10,100,20.7445
2007-09-10,23.30,23.30,23.29,23.29,1400,20.0473
2007-09-07,24.10,24.10,24.10,24.10,500,20.7445
2007-09-06,24.10,24.10,23.79,24.00,3000,20.6584
2007-09-05,24.10,24.10,23.50,23.50,500,20.228
2007-09-04,24.09,25.00,24.09,25.00,500,21.5192
2007-08-31,23.56,23.56,23.56,23.56,000,20.2797
2007-08-30,23.56,23.56,23.56,23.56,000,20.2797
2007-08-29,24.10,24.10,23.5601,23.5601,1900,20.2798
2007-08-28,23.35,24.09,23.35,24.09,300,20.7359
2007-08-27,23.30,23.30,23.30,23.30,000,20.0559
2007-08-24,23.30,23.30,23.30,23.30,000,20.0559
2007-08-23,24.10,24.10,23.3001,23.3001,1600,20.056
2007-08-22,23.51,24.25,23.51,24.23,1100,20.8564
2007-08-21,23.50,23.50,23.50,23.50,200,20.228
2007-08-20,22.74,23.00,22.74,23.00,300,19.7977
2007-08-17,22.7501,22.7501,22.75,22.75,200,19.5825
2007-08-16,22.74,22.74,22.74,22.74,000,19.5739
2007-08-15,22.74,22.74,22.74,22.74,000,19.5739
2007-08-14,22.74,22.74,22.74,22.74,000,19.5739
2007-08-13,22.27,22.74,22.27,22.74,200,19.5739
2007-08-10,21.75,22.10,21.75,22.10,1100,19.023
2007-08-09,22.498,24.25,22.498,24.25,200,20.8736
2007-08-08,22.85,23.00,22.85,23.00,500,19.7977
2007-08-07,22.25,22.84,22.25,22.84,900,19.6599
2007-08-06,22.40,22.40,22.40,22.40,300,19.2812
2007-08-03,23.00,23.00,22.00,22.50,1300,19.3673
2007-08-02,23.11,23.11,22.52,22.52,000,19.3845
2007-08-01,23.25,23.30,22.25,23.30,1700,20.0559
2007-07-31,23.62,23.62,23.62,23.62,000,20.1764
2007-07-30,24.50,24.50,23.62,23.62,1800,20.1764
2007-07-27,24.50,24.50,24.50,24.50,800,20.9281
2007-07-26,24.50,24.50,24.50,24.50,1800,20.9281
2007-07-25,24.45,24.45,24.05,24.05,500,20.5437
2007-07-24,24.43,24.43,24.43,24.43,000,20.8683
2007-07-23,24.43,24.43,24.43,24.43,000,20.8683
2007-07-20,24.43,24.43,24.43,24.43,000,20.8683
2007-07-19,24.43,24.43,24.43,24.43,000,20.8683
2007-07-18,23.90,24.43,23.90,24.43,200,20.8683
2007-07-17,24.15,24.15,23.90,23.90,3000,20.4156
2007-07-16,24.10,24.15,24.10,24.15,21000,20.6291
2007-07-13,24.00,24.18,24.00,24.00,1200,20.501
2007-07-12,24.06,24.06,24.04,24.06,900,20.5522
2007-07-11,24.21,24.27,24.10,24.27,800,20.7316
2007-07-10,25.02,26.33,24.50,24.50,1500,20.9281
2007-07-09,25.20,25.20,25.20,25.20,000,21.526
2007-07-06,26.15,26.73,25.20,25.20,2300,21.526
2007-07-05,25.05,25.05,25.05,25.05,000,21.3979
2007-07-03,25.05,25.05,25.05,25.05,000,21.3979
2007-07-02,25.05,25.05,25.05,25.05,200,21.3979
2007-06-29,25.07,25.07,25.05,25.05,2000,21.3979
2007-06-28,25.74,25.74,25.74,25.74,000,21.9873
2007-06-27,25.73,25.74,25.73,25.74,300,21.9873
2007-06-26,25.75,25.75,25.52,25.52,200,21.7994
2007-06-25,25.79,25.97,25.75,25.97,300,22.1838
2007-06-22,26.05,26.05,26.02,26.02,000,22.2265
2007-06-21,27.51,27.51,26.35,27.51,1200,23.4993
2007-06-20,27.59,27.59,27.59,27.59,000,23.5676
2007-06-19,27.7501,27.755,27.60,27.60,1900,23.5761
2007-06-18,28.00,28.00,27.64,27.64,2400,23.6103
2007-06-15,28.49,28.49,28.49,28.49,100,24.3364
2007-06-14,28.35,28.35,28.35,28.35,100,24.2168
2007-06-13,28.36,28.36,28.35,28.36,600,24.2253
2007-06-12,28.32,28.32,28.32,28.32,000,24.1912
2007-06-11,28.32,28.32,28.32,28.32,000,24.1912
2007-06-08,28.32,28.32,28.32,28.32,000,24.1912
2007-06-07,28.32,28.32,28.32,28.32,000,24.1912
2007-06-06,28.32,28.32,28.32,28.32,000,24.1912
2007-06-05,28.32,28.32,28.32,28.32,000,24.1912
2007-06-04,28.32,28.32,28.32,28.32,000,24.1912
2007-06-01,28.32,28.32,28.32,28.32,000,24.1912
2007-05-31,28.32,28.32,28.32,28.32,000,24.1912
2007-05-30,28.32,28.32,28.32,28.32,000,24.1912
2007-05-29,28.32,28.32,28.32,28.32,000,24.1912
2007-05-25,28.32,28.32,28.32,28.32,000,24.1912
2007-05-24,28.32,28.32,28.32,28.32,000,24.1912
2007-05-23,28.40,28.40,28.32,28.32,1200,24.1912
2007-05-22,28.39,28.39,28.39,28.39,300,24.251
2007-05-21,28.35,28.35,28.35,28.35,200,24.2168
2007-05-18,28.05,28.05,28.05,28.05,200,23.9605
2007-05-17,27.65,27.65,27.65,27.65,000,23.6189
2007-05-16,27.52,27.55,27.52,27.55,700,23.5334
2007-05-15,27.35,27.35,27.00,27.00,200,23.0636
2007-05-14,27.91,27.91,27.91,27.91,100,23.8409
2007-05-11,27.91,27.91,27.91,27.91,000,23.8409
2007-05-10,28.00,28.00,27.91,27.91,300,23.8409
2007-05-09,27.39,27.91,27.39,27.91,500,23.8409
2007-05-08,27.75,27.75,27.75,27.75,000,23.7043
2007-05-07,27.75,27.75,27.75,27.75,000,23.7043
2007-05-04,27.75,27.75,27.75,27.75,000,23.7043
2007-05-03,27.6501,27.75,27.6501,27.75,700,23.7043
2007-05-02,27.53,27.53,27.53,27.53,000,23.5163
2007-05-01,27.61,27.61,27.52,27.53,1800,23.3626
2007-04-30,27.25,27.25,27.25,27.25,400,23.125
2007-04-27,27.31,27.31,27.24,27.25,1700,23.125
2007-04-26,27.40,27.40,27.40,27.40,000,23.2523
2007-04-25,27.52,27.52,27.40,27.40,400,23.2523
2007-04-24,28.03,28.03,27.50,27.50,300,23.3371
2007-04-23,28.03,28.03,28.03,28.03,400,23.7869
2007-04-20,29.02,29.02,29.02,29.02,000,24.627
2007-04-19,29.02,29.02,29.02,29.02,000,24.627
2007-04-18,29.02,29.02,29.02,29.02,000,24.627
2007-04-17,29.02,29.03,29.02,29.02,1000,24.627
2007-04-16,29.12,29.12,29.09,29.09,200,24.6864
2007-04-13,29.12,29.12,29.10,29.12,200,24.7119
2007-04-12,29.09,29.09,29.09,29.09,000,24.6864
2007-04-11,29.09,29.09,29.09,29.09,100,24.6864
2007-04-10,29.15,29.15,29.15,29.15,000,24.7374
2007-04-09,29.65,29.65,29.08,29.15,600,24.7374
2007-04-05,30.00,30.01,29.75,29.75,500,25.2465
2007-04-04,30.00,30.00,29.90,29.90,200,25.3738
2007-04-03,30.02,30.02,30.02,30.02,000,25.4757
2007-04-02,30.02,30.02,30.02,30.02,000,25.4757
2007-03-30,30.02,30.02,30.02,30.02,000,25.4757
2007-03-29,30.03,30.03,30.02,30.02,200,25.4757
2007-03-28,30.45,30.45,30.45,30.45,000,25.8406
2007-03-27,30.50,30.51,30.45,30.45,800,25.8406
2007-03-26,31.00,31.02,31.00,31.00,1600,26.3073
2007-03-23,31.10,31.10,31.10,31.10,100,26.3922
2007-03-22,31.25,31.25,31.25,31.25,000,26.5195
2007-03-21,31.25,31.25,31.25,31.25,000,26.5195
2007-03-20,31.25,31.25,31.25,31.25,000,26.5195
2007-03-19,31.25,31.25,31.25,31.25,000,26.5195
2007-03-16,31.25,31.25,31.25,31.25,000,26.5195
2007-03-15,31.25,31.25,31.25,31.25,000,26.5195
2007-03-14,31.01,31.60,30.9501,31.25,2400,26.5195
2007-03-13,31.24,31.24,31.05,31.05,600,26.3497
2007-03-12,31.21,31.99,31.21,31.99,200,27.1474
2007-03-09,32.00,32.00,32.00,32.00,000,27.1559
2007-03-08,32.00,32.00,32.00,32.00,000,27.1559
2007-03-07,32.00,32.00,32.00,32.00,000,27.1559
2007-03-06,32.00,32.00,32.00,32.00,000,27.1559
2007-03-05,32.00,32.00,32.00,32.00,000,27.1559
2007-03-02,32.00,32.00,32.00,32.00,000,27.1559
2007-03-01,32.00,32.00,32.00,32.00,000,27.1559
2007-02-28,31.9999,32.00,31.9999,32.00,200,27.1559
2007-02-27,31.357,31.357,31.357,31.357,000,26.6103
2007-02-26,31.98,31.98,31.357,31.98,500,27.139
2007-02-23,31.50,31.50,31.50,31.50,000,26.7316
2007-02-22,31.50,31.50,31.50,31.50,000,26.7316
2007-02-21,31.50,31.50,31.50,31.50,800,26.7316
2007-02-20,31.27,31.27,31.27,31.27,000,26.5364
2007-02-16,32.00,32.00,31.27,31.27,200,26.5364
2007-02-15,31.75,31.75,31.75,31.75,800,26.9438
2007-02-14,31.50,31.50,31.50,31.50,000,26.7316
2007-02-13,32.00,32.00,31.50,31.50,1500,26.7316
2007-02-12,31.94,31.94,31.94,31.94,000,27.105
2007-02-09,32.00,32.00,31.94,32.00,1500,27.1559
2007-02-08,32.01,32.01,32.00,32.00,2200,27.1559
2007-02-07,32.80,32.80,32.00,32.00,4800,27.1559
2007-02-06,32.31,32.31,32.31,32.31,000,27.419
2007-02-05,32.31,32.31,32.31,32.31,000,27.419
2007-02-02,32.31,32.31,32.31,32.31,000,27.419
2007-02-01,32.31,32.31,32.31,32.31,100,27.419
2007-01-31,32.2499,32.2499,32.2499,32.2499,100,27.368
2007-01-30,31.65,31.65,31.65,31.65,000,26.7062
2007-01-29,31.65,31.65,31.65,31.65,200,26.7062
2007-01-26,31.65,31.65,31.65,31.65,100,26.7062
2007-01-25,32.00,32.00,31.40,31.40,400,26.4952
2007-01-24,31.65,31.65,31.65,31.65,000,26.7062
2007-01-23,31.65,31.65,31.65,31.65,000,26.7062
2007-01-22,31.65,31.65,31.65,31.65,000,26.7062
2007-01-19,31.65,31.65,31.65,31.65,100,26.7062
2007-01-18,31.65,31.65,31.65,31.65,000,26.7062
2007-01-17,31.65,31.65,31.65,31.65,100,26.7062
2007-01-16,31.70,31.70,31.70,31.70,200,26.7484
2007-01-12,31.67,31.67,31.67,31.67,000,26.723
2007-01-11,32.38,32.43,31.67,31.67,500,26.723
2007-01-10,32.73,32.73,31.94,32.08,4300,27.069
2007-01-09,32.48,32.48,32.48,32.48,000,27.4065
2007-01-08,32.48,32.48,32.48,32.48,000,27.4065
2007-01-05,32.50,32.55,32.48,32.48,1300,27.4065
2007-01-04,32.50,32.50,32.50,32.50,300,27.4234
2007-01-03,32.362,32.362,32.362,32.362,000,27.3069
2006-12-29,32.50,32.50,32.362,32.362,700,27.3069
2006-12-28,32.28,32.28,32.28,32.28,000,27.2378
2006-12-27,32.28,32.28,32.28,32.28,000,27.2378
2006-12-26,32.30,32.30,32.23,32.28,900,27.2378
2006-12-22,32.09,32.09,32.09,32.09,000,27.0774
2006-12-21,32.09,32.09,32.09,32.09,000,27.0774
2006-12-20,32.34,32.35,32.09,32.09,400,27.0774
2006-12-19,31.83,32.43,31.83,32.07,2800,27.0606
2006-12-18,31.05,31.05,30.75,30.75,600,25.9467
2006-12-15,31.25,31.25,31.25,31.25,100,26.3686
2006-12-14,31.49,31.49,31.49,31.49,200,26.5712
2006-12-13,31.50,31.50,31.50,31.50,000,26.5796
2006-12-12,31.50,31.50,31.50,31.50,000,26.5796
2006-12-11,31.00,31.50,31.00,31.50,700,26.5796
2006-12-08,31.85,31.85,31.85,31.85,000,26.8749
2006-12-07,31.85,31.85,31.85,31.85,000,26.8749
2006-12-06,32.20,32.20,31.85,31.85,4200,26.8749
2006-12-05,32.378,32.378,32.378,32.378,000,27.3204
2006-12-04,32.378,32.378,32.378,32.378,100,27.3204
2006-12-01,32.20,33.10,32.20,33.10,400,27.9297
2006-11-30,32.00,32.00,32.00,32.00,000,27.0015
2006-11-29,32.00,32.00,32.00,32.00,000,27.0015
2006-11-28,32.50,32.50,32.0001,32.0001,200,27.0016
2006-11-27,32.00,32.99,32.00,32.99,200,27.8369
2006-11-24,33.83,33.83,33.83,33.83,000,28.5456
2006-11-22,33.83,33.83,33.83,33.83,100,28.5456
2006-11-21,32.03,32.03,32.03,32.03,000,27.0268
2006-11-20,32.50,32.50,32.50,32.50,000,27.4234
2006-11-17,32.26,32.50,32.26,32.50,200,27.4234
2006-11-16,32.03,32.03,32.03,32.03,000,27.0268
2006-11-15,32.521,32.521,32.03,32.03,2000,27.0268
2006-11-14,33.50,33.5039,33.50,33.50,1400,28.2672
2006-11-13,33.90,33.90,33.89,33.89,1100,28.5963
2006-11-10,33.90,33.90,33.90,33.90,000,28.6047
2006-11-09,33.90,33.90,33.90,33.90,000,28.6047
2006-11-08,33.90,33.90,33.90,33.90,000,28.6047
2006-11-07,33.89,33.90,33.89,33.90,400,28.6047
2006-11-06,32.30,33.50,32.30,33.46,11400,28.2334
2006-11-03,32.29,32.29,32.29,32.29,000,27.2462
2006-11-02,31.20,32.29,31.20,32.29,200,27.2462
2006-11-01,32.00,32.00,32.00,32.00,100,27.0015
2006-10-31,32.30,32.30,32.30,32.30,100,27.1027
2006-10-30,32.30,32.30,32.30,32.30,200,27.1027
2006-10-27,32.29,32.29,32.29,32.29,300,27.0944
2006-10-26,31.10,31.10,31.03,31.03,300,26.0371
2006-10-25,31.75,32.30,31.75,32.163,300,26.9878
2006-10-24,32.30,32.30,32.30,32.30,1000,27.1027
2006-10-23,33.09,33.09,32.30,32.30,500,27.1027
2006-10-20,31.1999,33.89,31.13,33.012,6700,27.7002
2006-10-19,31.20,31.20,31.20,31.20,100,26.1797
2006-10-18,30.50,30.50,30.50,30.50,000,25.5924
2006-10-17,30.50,30.50,30.50,30.50,000,25.5924
2006-10-16,30.50,30.50,30.50,30.50,000,25.5924
2006-10-13,30.50,30.50,30.50,30.50,500,25.5924
2006-10-12,31.14,31.14,31.14,31.14,100,26.1294
2006-10-11,30.64,30.64,30.64,30.64,000,25.7099
2006-10-10,30.64,30.64,30.64,30.64,000,25.7099
2006-10-09,30.64,30.64,30.64,30.64,300,25.7099
2006-10-06,30.626,30.626,30.626,30.626,000,25.6981
2006-10-05,30.626,30.626,30.626,30.626,000,25.6981
2006-10-04,30.626,30.626,30.626,30.626,500,25.6981
2006-10-03,31.22,31.22,31.22,31.22,000,26.1965
2006-10-02,31.22,31.22,31.22,31.22,000,26.1965
2006-09-29,31.22,31.22,31.22,31.22,000,26.1965
2006-09-28,31.22,31.22,31.22,31.22,200,26.1965
2006-09-27,30.59,30.59,30.59,30.59,000,25.6679
2006-09-26,30.59,30.59,30.59,30.59,200,25.6679
2006-09-25,31.58,31.58,31.58,31.58,000,26.4986
2006-09-22,31.40,31.58,31.16,31.58,1200,26.4986
2006-09-21,31.60,31.60,31.60,31.60,000,26.5154
2006-09-20,31.60,31.60,31.60,31.60,000,26.5154
2006-09-19,31.60,31.60,31.60,31.60,1300,26.5154
2006-09-18,31.60,31.60,31.60,31.60,1200,26.5154
2006-09-15,31.00,31.00,31.00,31.00,200,26.0119
2006-09-14,30.30,30.322,30.30,30.322,400,25.443
2006-09-13,30.00,30.00,30.00,30.00,000,25.1728
2006-09-12,30.00,30.00,30.00,30.00,000,25.1728
2006-09-11,30.00,30.00,30.00,30.00,100,25.1728
2006-09-08,31.06,31.06,31.06,31.06,000,26.0623
2006-09-07,31.06,31.06,31.06,31.06,000,26.0623
2006-09-06,31.06,31.06,31.06,31.06,000,26.0623
2006-09-05,31.06,31.06,31.06,31.06,000,26.0623
2006-09-01,31.06,31.06,31.06,31.06,000,26.0623
2006-08-31,31.06,31.06,31.06,31.06,200,26.0623
2006-08-30,30.70,30.70,30.70,30.70,000,25.7602
2006-08-29,30.70,30.70,30.70,30.70,000,25.7602
2006-08-28,30.25,30.70,30.25,30.70,800,25.7602
2006-08-25,31.22,31.22,31.22,31.22,000,26.1965
2006-08-24,30.40,31.22,30.40,31.22,200,26.1965
2006-08-23,30.93,30.93,30.93,30.93,000,25.9532
2006-08-22,30.93,30.93,30.93,30.93,000,25.9532
2006-08-21,30.00,31.13,30.00,30.93,800,25.9532
2006-08-18,31.62,31.74,31.62,31.74,2600,26.6329
2006-08-17,30.32,30.32,30.32,30.32,000,25.4413
2006-08-16,30.32,30.32,30.32,30.32,000,25.4413
2006-08-15,30.32,30.32,30.32,30.32,000,25.4413
2006-08-14,30.32,30.32,30.32,30.32,000,25.4413
2006-08-11,30.32,30.32,30.32,30.32,000,25.4413
2006-08-10,30.32,30.32,30.32,30.32,000,25.4413
2006-08-09,30.32,30.32,30.32,30.32,000,25.4413
2006-08-08,31.75,31.75,30.3001,30.32,400,25.4413
2006-08-07,30.344,30.344,30.344,30.344,500,25.4615
2006-08-04,32.47,32.47,32.47,32.47,000,27.2454
2006-08-03,32.47,32.47,32.47,32.47,000,27.2454
2006-08-02,30.50,33.46,30.50,32.47,900,27.2454
2006-08-01,31.25,31.25,30.77,30.77,400,25.6679
2006-07-31,31.62,31.62,31.62,31.62,200,26.377
2006-07-28,33.24,33.24,33.24,33.24,200,27.7283
2006-07-27,32.00,32.00,32.00,32.00,000,26.6939
2006-07-26,32.00,32.00,32.00,32.00,000,26.6939
2006-07-25,32.00,32.00,32.00,32.00,100,26.6939
2006-07-24,32.40,32.40,31.542,32.40,600,27.0276
2006-07-21,32.10,32.20,31.53,32.17,500,26.8358
2006-07-20,31.50,32.84,31.50,32.84,300,27.3947
2006-07-19,31.882,31.882,31.882,31.882,000,26.5955
2006-07-18,31.882,31.882,31.882,31.882,000,26.5955
2006-07-17,31.50,31.882,31.50,31.882,700,26.5955
2006-07-14,31.97,31.97,31.97,31.97,000,26.6689
2006-07-13,31.96,31.97,31.93,31.97,700,26.6689
2006-07-12,31.552,31.552,31.50,31.50,1100,26.2769
2006-07-11,31.66,31.66,31.66,31.66,000,26.4103
2006-07-10,31.66,31.66,31.66,31.66,000,26.4103
2006-07-07,31.66,31.66,31.66,31.66,300,26.4103
2006-07-06,33.23,33.23,33.23,33.23,000,27.72
2006-07-05,32.70,33.23,32.70,33.23,200,27.72
2006-07-03,31.70,31.70,31.70,31.70,000,26.4437
2006-06-30,31.70,31.70,31.70,31.70,1000,26.4437
2006-06-29,32.00,32.00,32.00,32.00,000,26.6939
2006-06-28,32.00,32.00,32.00,32.00,000,26.6939
2006-06-27,32.00,32.00,32.00,32.00,100,26.6939
2006-06-26,32.10,32.10,32.10,32.10,000,26.7774
2006-06-23,32.10,32.10,32.10,32.10,000,26.7774
2006-06-22,32.10,32.10,32.10,32.10,000,26.7774
2006-06-21,32.10,32.10,32.10,32.10,000,26.7774
2006-06-20,32.10,32.10,32.10,32.10,500,26.7774
2006-06-19,32.02,32.02,32.02,32.02,000,26.7106
2006-06-16,33.04,33.04,32.02,32.02,900,26.7106
2006-06-15,32.50,32.52,32.00,32.20,2600,26.8608
2006-06-14,31.52,33.20,31.52,32.80,900,27.3613
2006-06-13,31.36,32.89,31.36,32.30,4100,26.9442
2006-06-12,31.77,31.77,31.77,31.77,000,26.5021
2006-06-09,31.77,31.77,31.77,31.77,000,26.5021
2006-06-08,31.77,31.77,31.77,31.77,000,26.5021
2006-06-07,32.76,32.76,32.50,32.50,200,27.111
2006-06-06,33.01,33.01,33.00,33.00,400,27.5281
2006-06-05,33.02,33.02,33.02,33.02,000,27.5448
2006-06-02,33.30,33.31,33.02,33.02,1300,27.5448
2006-06-01,33.00,33.00,33.00,33.00,700,27.5281
2006-05-31,32.99,33.00,32.99,33.00,300,27.5281
2006-05-30,32.78,32.78,32.78,32.78,100,27.3446
2006-05-26,32.95,32.95,32.54,32.80,500,27.3613
2006-05-25,32.46,32.46,32.46,32.46,500,27.0777
2006-05-24,33.19,33.25,33.19,33.20,600,27.695
2006-05-23,33.00,33.00,33.00,33.00,000,27.5281
2006-05-22,33.00,33.00,33.00,33.00,400,27.5281
2006-05-19,33.50,33.50,33.4561,33.4561,300,27.9086
2006-05-18,33.25,33.25,33.25,33.25,000,27.7367
2006-05-17,33.26,33.26,33.25,33.25,2600,27.7367
2006-05-16,33.25,33.26,32.9901,33.26,2200,27.745
2006-05-15,33.01,33.25,33.01,33.25,300,27.7367
2006-05-12,33.15,33.25,33.15,33.25,1100,27.7367
2006-05-11,33.31,33.35,33.01,33.34,800,27.8118
2006-05-10,35.29,35.90,32.78,32.89,10700,27.4364
2006-05-09,32.99,36.20,32.96,36.00,13700,30.0307
2006-05-08,32.63,33.04,32.15,32.70,7100,27.2779
2006-05-05,30.10,30.60,30.10,30.60,3300,25.5261
2006-05-04,29.35,30.00,29.35,30.00,8600,25.0256
2006-05-03,29.17,29.17,29.09,29.09,9000,24.2665
2006-05-02,29.50,29.50,29.50,29.50,000,24.4583
2006-05-01,29.50,29.50,29.50,29.50,000,24.4583
2006-04-28,29.25,29.50,29.25,29.50,1900,24.4583
2006-04-27,28.98,28.98,28.98,28.98,000,24.0272
2006-04-26,28.98,28.98,28.98,28.98,000,24.0272
2006-04-25,28.98,28.98,28.98,28.98,100,24.0272
2006-04-24,28.531,28.54,28.531,28.54,1000,23.6624
2006-04-21,28.98,29.00,28.98,29.00,200,24.0438
2006-04-20,28.90,28.90,28.90,28.90,600,23.9609
2006-04-19,29.00,29.00,29.00,29.00,2000,24.0438
2006-04-18,28.90,28.90,28.90,28.90,000,23.9609
2006-04-17,28.90,28.90,28.90,28.90,300,23.9609
2006-04-13,28.90,28.90,28.90,28.90,1300,23.9609
2006-04-12,28.90,28.90,28.90,28.90,500,23.9609
2006-04-11,28.90,28.90,28.90,28.90,000,23.9609
2006-04-10,28.90,28.90,28.90,28.90,100,23.9609
2006-04-07,28.40,28.40,28.40,28.40,3900,23.5463
2006-04-06,28.45,28.45,28.45,28.45,1600,23.5878
2006-04-05,28.50,28.50,28.50,28.50,100,23.6292
2006-04-04,28.70,28.70,28.25,28.25,1000,23.422
2006-04-03,29.00,29.00,29.00,29.00,000,24.0438
2006-03-31,29.00,29.00,29.00,29.00,000,24.0438
2006-03-30,29.00,29.00,29.00,29.00,000,24.0438
2006-03-29,28.50,29.00,28.35,29.00,2600,24.0438
2006-03-28,28.50,28.50,28.50,28.50,000,23.6292
2006-03-27,28.50,28.50,28.50,28.50,000,23.6292
2006-03-24,28.50,28.50,28.50,28.50,100,23.6292
2006-03-23,28.65,28.65,28.65,28.65,000,23.7536
2006-03-22,28.65,28.65,28.65,28.65,100,23.7536
2006-03-21,28.36,28.36,28.36,28.36,000,23.5132
2006-03-20,28.36,28.36,28.36,28.36,200,23.5132
2006-03-17,29.00,29.00,29.00,29.00,100,24.0438
2006-03-16,28.98,28.98,28.98,28.98,100,24.0272
2006-03-15,28.82,28.82,28.82,28.82,000,23.8945
2006-03-14,28.82,28.82,28.82,28.82,000,23.8945
2006-03-13,28.82,28.82,28.82,28.82,000,23.8945
2006-03-10,28.82,28.82,28.82,28.82,000,23.8945
2006-03-09,28.82,28.82,28.82,28.82,200,23.8945
2006-03-08,29.52,29.52,28.86,29.12,2100,24.1433
2006-03-07,28.772,28.772,28.772,28.772,100,23.8547
2006-03-06,28.50,28.50,28.50,28.50,000,23.6292
2006-03-03,28.50,28.50,28.50,28.50,000,23.6292
2006-03-02,28.50,28.50,28.50,28.50,000,23.6292
2006-03-01,28.50,28.50,28.50,28.50,000,23.6292
2006-02-28,28.50,28.50,28.50,28.50,100,23.6292
2006-02-27,28.50,28.50,28.50,28.50,300,23.6292
2006-02-24,28.50,28.50,28.50,28.50,000,23.6292
2006-02-23,28.75,28.75,28.50,28.50,5900,23.6292
2006-02-22,28.75,28.75,28.75,28.75,500,23.8365
2006-02-21,29.00,29.00,29.00,29.00,10000,24.0438
2006-02-17,29.25,29.25,29.25,29.25,000,24.2511
2006-02-16,29.25,29.25,29.25,29.25,000,24.2511
2006-02-15,29.25,29.25,29.25,29.25,000,24.2511
2006-02-14,29.25,29.25,29.25,29.25,000,24.2511
2006-02-13,29.25,29.25,29.25,29.25,300,24.2511
2006-02-10,28.75,28.75,28.75,28.75,200,23.8365
2006-02-09,29.27,29.27,29.27,29.27,000,24.2676
2006-02-08,29.97,29.97,29.27,29.27,200,24.2676
2006-02-07,28.80,28.80,28.80,28.80,100,23.878
2006-02-06,28.50,28.50,28.50,28.50,000,23.6292
2006-02-03,28.50,28.50,28.50,28.50,000,23.6292
2006-02-02,28.50,28.50,28.50,28.50,000,23.6292
2006-02-01,28.50,28.50,28.50,28.50,000,23.6292
2006-01-31,28.50,28.50,28.50,28.50,200,23.48
2006-01-30,28.402,28.402,28.402,28.402,000,23.3993
2006-01-27,28.402,28.402,28.402,28.402,000,23.3993
2006-01-26,28.402,28.402,28.402,28.402,000,23.3993
2006-01-25,28.50,28.50,28.402,28.402,400,23.3993
2006-01-24,28.25,28.25,28.25,28.25,100,23.274
2006-01-23,28.50,28.50,28.50,28.50,000,23.48
2006-01-20,28.50,28.745,28.50,28.50,1400,23.48
2006-01-19,28.55,28.55,28.55,28.55,000,23.5212
2006-01-18,28.55,28.55,28.55,28.55,000,23.5212
2006-01-17,28.55,28.55,28.55,28.55,000,23.5212
2006-01-13,28.55,28.55,28.55,28.55,100,23.5212
2006-01-12,29.45,29.45,29.45,29.45,000,24.2627
2006-01-11,29.45,29.45,29.45,29.45,000,24.2627
2006-01-10,28.55,29.45,28.55,29.45,300,24.2627
2006-01-09,29.00,29.00,29.00,29.00,1000,23.8919
2006-01-06,28.50,28.50,28.50,28.50,300,23.48
2006-01-05,27.95,27.95,27.95,27.95,000,23.0269
2006-01-04,27.95,27.95,27.95,27.95,000,23.0269
2006-01-03,27.95,27.95,27.95,27.95,000,23.0269
2005-12-30,27.932,27.95,27.932,27.95,1600,23.0269
2005-12-29,27.79,27.79,27.79,27.79,300,22.8951
2005-12-28,27.50,27.50,27.50,27.50,000,22.6561
2005-12-27,27.50,27.50,27.50,27.50,000,22.6561
2005-12-23,27.50,27.50,27.50,27.50,000,22.6561
2005-12-22,27.50,27.50,27.50,27.50,400,22.6561
2005-12-21,27.62,27.75,27.00,27.75,6600,22.8621
2005-12-20,28.54,28.54,28.54,28.54,000,23.513
2005-12-19,28.54,28.54,28.54,28.54,000,23.513
2005-12-16,28.54,28.54,28.54,28.54,000,23.513
2005-12-15,27.60,28.54,27.60,28.54,1700,23.513
2005-12-14,27.60,27.60,27.60,27.60,000,22.7385
2005-12-13,28.55,28.55,28.55,28.55,000,23.5212
2005-12-12,28.00,28.55,28.00,28.55,300,23.5212
2005-12-09,28.48,28.51,28.48,28.50,1500,23.48
2005-12-08,27.80,27.82,27.80,27.80,5400,22.9033
2005-12-07,28.06,28.06,27.80,27.80,2900,22.9033
2005-12-06,28.03,28.03,28.03,28.03,000,23.0928
2005-12-05,28.03,28.03,28.00,28.03,600,23.0928
2005-12-02,28.50,28.50,28.50,28.50,000,23.48
2005-12-01,28.50,28.50,28.50,28.50,000,23.48
2005-11-30,28.50,28.50,28.50,28.50,000,23.48
2005-11-29,28.50,28.50,28.50,28.50,000,23.48
2005-11-28,28.50,28.50,28.50,28.50,000,23.48
2005-11-25,28.50,28.50,28.50,28.50,000,23.48
2005-11-23,28.50,28.50,28.50,28.50,000,23.48
2005-11-22,28.25,28.50,28.25,28.50,300,23.48
2005-11-21,30.87,30.87,28.49,28.85,1500,23.7683
2005-11-18,28.00,28.44,28.00,28.00,1900,23.0681
2005-11-17,27.50,27.50,27.50,27.50,200,22.6561
2005-11-16,27.50,27.50,27.50,27.50,000,22.6561
2005-11-15,27.50,27.50,27.50,27.50,100,22.6561
2005-11-14,28.00,28.01,28.00,28.00,1800,23.0681
2005-11-11,28.01,28.01,28.01,28.01,000,23.0763
2005-11-10,28.01,28.01,28.01,28.01,000,23.0763
2005-11-09,28.01,28.01,28.01,28.01,000,23.0763
2005-11-08,28.01,28.01,28.01,28.01,000,23.0763
2005-11-07,28.01,28.01,28.01,28.01,000,23.0763
2005-11-04,28.01,28.01,28.01,28.01,000,23.0763
2005-11-03,28.01,28.01,28.01,28.01,000,23.0763
2005-11-02,28.01,28.01,28.01,28.01,000,23.0763
2005-11-01,28.01,28.01,28.01,28.01,100,22.928
2005-10-31,28.00,28.00,28.00,28.00,000,22.9198
2005-10-28,28.00,28.00,28.00,28.00,000,22.9198
2005-10-27,28.00,28.00,28.00,28.00,000,22.9198
2005-10-26,28.00,28.00,28.00,28.00,3400,22.9198
2005-10-25,27.56,27.56,27.56,27.56,000,22.5597
2005-10-24,27.56,27.56,27.56,27.56,000,22.5597
2005-10-21,27.56,27.56,27.56,27.56,000,22.5597
2005-10-20,27.56,27.56,27.56,27.56,000,22.5597
2005-10-19,27.56,27.56,27.56,27.56,000,22.5597
2005-10-18,27.56,27.56,27.56,27.56,000,22.5597
2005-10-17,27.56,27.56,27.56,27.56,000,22.5597
2005-10-14,27.56,27.56,27.56,27.56,000,22.5597
2005-10-13,27.56,27.56,27.56,27.56,000,22.5597
2005-10-12,27.56,27.56,27.56,27.56,000,22.5597
2005-10-11,27.56,27.56,27.56,27.56,000,22.5597
2005-10-10,27.56,27.56,27.56,27.56,100,22.5597
2005-10-07,28.61,28.61,28.61,28.61,000,23.4191
2005-10-06,28.61,28.61,28.61,28.61,000,23.4191
2005-10-05,28.61,28.61,28.61,28.61,000,23.4191
2005-10-04,28.61,28.61,28.61,28.61,100,23.4191
2005-10-03,27.55,27.55,27.55,27.55,100,22.5515
2005-09-30,27.55,27.55,27.55,27.55,000,22.5515
2005-09-29,27.55,27.55,27.55,27.55,100,22.5515
2005-09-28,27.55,27.55,27.55,27.55,000,22.5515
2005-09-27,27.55,27.55,27.55,27.55,000,22.5515
2005-09-26,27.55,27.55,27.55,27.55,1000,22.5515
2005-09-23,28.00,28.00,28.00,28.00,000,22.9198
2005-09-22,28.00,28.00,28.00,28.00,000,22.9198
2005-09-21,28.00,28.00,28.00,28.00,000,22.9198
2005-09-20,27.41,28.51,27.41,28.00,900,22.9198
2005-09-19,28.507,28.507,28.50,28.50,900,23.3291
2005-09-16,28.67,28.67,28.67,28.67,000,23.4683
2005-09-15,28.00,28.67,28.00,28.67,600,23.4683
2005-09-14,28.04,28.46,28.04,28.46,900,23.2964
2005-09-13,27.983,27.983,27.983,27.983,000,22.9059
2005-09-12,27.983,27.983,27.983,27.983,000,22.9059
2005-09-09,27.983,27.983,27.983,27.983,000,22.9059
2005-09-08,27.983,27.983,27.983,27.983,300,22.9059
2005-09-07,28.00,28.00,28.00,28.00,000,22.9198
2005-09-06,28.00,28.00,28.00,28.00,1600,22.9198
2005-09-02,27.00,27.00,27.00,27.00,000,22.1013
2005-09-01,27.00,27.00,27.00,27.00,000,22.1013
2005-08-31,27.00,27.00,27.00,27.00,000,22.1013
2005-08-30,27.00,27.00,27.00,27.00,000,22.1013
2005-08-29,26.85,27.00,26.85,27.00,800,22.1013
2005-08-26,27.46,27.464,26.20,26.20,2600,21.4464
2005-08-25,26.90,26.90,26.88,26.88,200,22.003
2005-08-24,28.00,28.00,28.00,28.00,000,22.9198
2005-08-23,28.00,28.00,28.00,28.00,1800,22.9198
2005-08-22,27.58,27.58,27.58,27.58,000,22.576
2005-08-19,27.50,27.98,27.50,27.58,300,22.576
2005-08-18,27.51,27.51,27.50,27.50,200,22.5105
2005-08-17,28.00,28.00,28.00,28.00,000,22.9198
2005-08-16,28.00,28.00,28.00,28.00,500,22.9198
2005-08-15,28.00,28.00,28.00,28.00,000,22.9198
2005-08-12,28.00,28.00,28.00,28.00,000,22.9198
2005-08-11,28.00,28.00,28.00,28.00,000,22.9198
2005-08-10,28.00,28.00,28.00,28.00,000,22.9198
2005-08-09,28.00,28.00,28.00,28.00,1100,22.9198
2005-08-08,27.40,28.50,27.40,28.00,3300,22.9198
2005-08-05,27.39,27.39,27.39,27.39,300,22.4205
2005-08-04,27.10,27.10,27.10,27.10,400,22.1831
2005-08-03,26.90,27.25,26.58,27.25,5700,22.3059
2005-08-02,26.88,26.88,26.88,26.88,000,21.8557
2005-08-01,27.00,27.00,26.78,26.88,500,21.8557
2005-07-29,26.55,26.55,26.55,26.55,000,21.5874
2005-07-28,26.55,26.55,26.55,26.55,000,21.5874
2005-07-27,26.905,26.905,26.55,26.55,5500,21.5874
2005-07-26,26.57,26.57,26.57,26.57,200,21.6036
2005-07-25,26.55,27.25,26.55,27.25,400,22.1565
2005-07-22,28.25,28.25,27.99,27.99,700,22.7582
2005-07-21,26.55,28.25,26.55,28.25,3000,22.9696
2005-07-20,26.50,26.50,26.50,26.50,000,21.5467
2005-07-19,26.50,26.50,26.50,26.50,000,21.5467
2005-07-18,26.50,26.50,26.50,26.50,000,21.5467
2005-07-15,26.50,26.50,26.50,26.50,200,21.5467
2005-07-14,26.75,26.75,26.75,26.75,2900,21.75
2005-07-13,26.60,26.60,26.60,26.60,000,21.628
2005-07-12,26.80,26.80,26.59,26.60,500,21.628
2005-07-11,26.87,26.92,26.55,26.55,1000,21.5874
2005-07-08,26.88,26.88,26.88,26.88,000,21.8557
2005-07-07,26.634,26.93,26.634,26.88,900,21.8557
2005-07-06,27.68,27.69,27.68,27.69,200,22.5143
2005-07-05,26.38,26.38,26.24,26.35,1100,21.4248
2005-07-01,25.25,25.25,25.25,25.25,400,20.5304
2005-06-30,25.90,25.90,25.75,25.84,400,21.0101
2005-06-29,25.35,25.61,25.30,25.60,116300,20.8149
2005-06-28,25.70,25.70,25.70,25.70,000,20.8963
2005-06-27,25.70,25.70,25.70,25.70,400,20.8963
2005-06-24,25.25,25.25,25.25,25.25,000,20.5304
2005-06-23,25.25,25.25,25.25,25.25,000,20.5304
2005-06-22,25.25,25.48,25.25,25.25,6300,20.5304
2005-06-21,25.25,25.25,25.25,25.25,400,20.5304
2005-06-20,25.20,25.20,25.20,25.20,000,20.4897
2005-06-17,25.25,25.25,25.20,25.20,13000,20.4897
2005-06-16,25.70,25.70,25.70,25.70,100,20.8963
2005-06-15,25.80,25.80,25.80,25.80,400,20.9776
2005-06-14,26.00,26.00,26.00,26.00,300,21.1402
2005-06-13,25.90,25.90,25.89,25.89,900,21.0507
2005-06-10,25.50,25.50,25.50,25.50,500,20.7336
2005-06-09,25.50,25.50,25.50,25.50,100,20.7336
2005-06-08,25.739,25.739,25.739,25.739,000,20.928
2005-06-07,25.739,25.739,25.739,25.739,100,20.928
2005-06-06,25.50,25.75,25.50,25.55,6400,20.7743
2005-06-03,25.75,25.75,25.75,25.75,200,20.9369
2005-06-02,25.70,25.75,25.70,25.75,9900,20.9369
2005-06-01,26.12,26.12,25.70,25.70,700,20.8963
2005-05-31,27.98,27.98,25.85,25.89,17800,21.0507
2005-05-27,26.25,26.25,25.80,25.80,800,20.9776
2005-05-26,25.95,25.95,25.45,25.65,11400,20.8556
2005-05-25,26.519,26.519,26.27,26.27,800,21.3597
2005-05-24,26.33,26.71,25.80,26.30,1300,21.3841
2005-05-23,26.75,26.75,26.75,26.75,300,21.75
2005-05-20,27.69,27.69,27.25,27.25,300,22.1565
2005-05-19,27.69,27.69,27.63,27.63,400,22.4655
2005-05-18,27.50,27.50,27.50,27.50,000,22.3598
2005-05-17,28.00,28.00,27.50,27.50,900,22.3598
2005-05-16,28.65,28.65,27.89,28.25,800,22.9696
2005-05-13,30.33,32.00,27.00,29.00,13000,23.5794
2005-05-12,27.95,27.95,27.95,27.95,000,22.7257
2005-05-11,27.95,27.95,27.95,27.95,2000,22.7257
2005-05-10,27.95,27.95,27.95,27.95,000,22.7257
2005-05-09,27.95,27.95,27.95,27.95,000,22.7257
2005-05-06,27.95,27.95,27.95,27.95,000,22.7257
2005-05-05,27.95,27.95,27.95,27.95,000,22.7257
2005-05-04,27.95,27.95,27.95,27.95,000,22.7257
2005-05-03,27.95,27.95,27.95,27.95,000,22.6281
2005-05-02,27.95,27.95,27.95,27.95,100,22.6281
2005-04-29,27.17,27.17,27.17,27.17,100,21.9966
2005-04-28,27.21,27.21,26.36,26.36,600,21.3409
2005-04-27,26.676,26.98,26.55,26.98,400,21.8428
2005-04-26,26.552,26.60,26.552,26.58,300,21.519
2005-04-25,27.40,27.40,27.40,27.40,100,22.1828
2005-04-22,26.55,26.55,26.55,26.55,200,21.4947
2005-04-21,26.708,26.708,26.708,26.708,400,21.6226
2005-04-20,27.90,27.90,27.90,27.90,100,22.5876
2005-04-19,27.75,27.75,27.75,27.75,000,22.4662
2005-04-18,27.75,27.75,27.75,27.75,000,22.4662
2005-04-15,27.75,27.75,27.75,27.75,000,22.4662
2005-04-14,27.75,27.75,27.75,27.75,000,22.4662
2005-04-13,27.75,27.75,27.75,27.75,000,22.4662
2005-04-12,27.75,27.75,27.75,27.75,100,22.4662
2005-04-11,27.15,27.15,27.15,27.15,000,21.9804
2005-04-08,27.16,27.16,27.00,27.15,4500,21.9804
2005-04-07,27.15,27.15,27.15,27.15,000,21.9804
2005-04-06,26.83,27.19,26.83,27.15,6800,21.9804
2005-04-05,27.119,27.119,27.119,27.119,300,21.9553
2005-04-04,27.00,27.00,26.50,26.90,1500,21.778
2005-04-01,27.05,27.05,27.05,27.05,000,21.8995
2005-03-31,27.584,27.584,27.05,27.584,2400,22.3318
2005-03-30,27.59,27.75,27.59,27.75,400,22.4662
2005-03-29,28.048,28.048,28.048,28.048,000,22.7075
2005-03-28,28.048,28.048,28.048,28.048,000,22.7075
2005-03-24,28.07,28.22,28.048,28.048,600,22.7075
2005-03-23,27.92,27.92,27.92,27.92,100,22.6038
2005-03-22,28.75,28.75,28.50,28.50,500,23.0734
2005-03-21,28.99,28.99,28.99,28.99,000,23.4701
2005-03-18,28.99,28.99,28.99,28.99,000,23.4701
2005-03-17,28.75,28.99,28.75,28.99,1100,23.4701
2005-03-16,28.50,28.50,28.50,28.50,000,23.0734
2005-03-15,28.50,28.50,28.50,28.50,800,23.0734
2005-03-14,28.50,28.50,28.50,28.50,000,23.0734
2005-03-11,28.50,28.50,28.50,28.50,000,23.0734
2005-03-10,28.50,28.50,28.50,28.50,000,23.0734
2005-03-09,28.50,28.50,28.50,28.50,000,23.0734
2005-03-08,28.50,28.50,28.50,28.50,000,23.0734
2005-03-07,28.50,28.50,28.50,28.50,200,23.0734
2005-03-04,28.501,28.501,28.501,28.501,100,23.0742
2005-03-03,28.75,28.75,28.75,28.75,1000,23.2758
2005-03-02,28.369,28.50,28.369,28.50,400,23.0734
2005-03-01,28.52,28.72,28.52,28.72,7000,23.2515
2005-02-28,28.93,28.93,28.93,28.93,100,23.4215
2005-02-25,29.00,29.08,28.50,28.50,5400,23.0734
2005-02-24,28.99,28.99,28.99,28.99,000,23.4701
2005-02-23,29.00,29.00,28.69,28.99,700,23.4701
2005-02-22,30.00,30.00,30.00,30.00,100,24.2878
2005-02-18,28.75,28.75,28.75,28.75,000,23.2758
2005-02-17,28.81,28.81,28.75,28.75,3100,23.2758
2005-02-16,29.00,29.00,29.00,29.00,000,23.4782
2005-02-15,29.00,29.00,29.00,29.00,600,23.4782
2005-02-14,29.00,29.00,29.00,29.00,000,23.4782
2005-02-11,29.00,29.00,29.00,29.00,100,23.4782
2005-02-10,29.00,29.00,29.00,29.00,700,23.4782
2005-02-09,28.59,28.59,28.59,28.59,000,23.1463
2005-02-08,28.379,28.59,28.379,28.59,700,23.1463
2005-02-07,28.92,28.92,28.92,28.92,000,23.4134
2005-02-04,27.90,28.93,26.88,28.92,8400,23.4134
2005-02-03,28.30,28.30,28.30,28.30,000,22.9115
2005-02-02,28.30,28.30,28.30,28.30,000,22.9115
2005-02-01,28.00,28.30,28.00,28.30,22800,22.8143
2005-01-31,28.32,28.32,28.32,28.32,000,22.8304
2005-01-28,28.051,28.32,28.051,28.32,500,22.8304
2005-01-27,29.00,29.00,29.00,29.00,000,23.3786
2005-01-26,29.00,29.00,29.00,29.00,000,23.3786
2005-01-25,29.00,29.00,29.00,29.00,000,23.3786
2005-01-24,29.00,29.00,29.00,29.00,000,23.3786
2005-01-21,28.151,29.00,28.151,29.00,600,23.3786
2005-01-20,29.00,29.00,29.00,29.00,200,23.3786
2005-01-19,29.00,29.00,29.00,29.00,200,23.3786
2005-01-18,29.00,29.00,29.00,29.00,000,23.3786
2005-01-14,29.00,29.00,29.00,29.00,000,23.3786
2005-01-13,29.00,29.00,29.00,29.00,000,23.3786
2005-01-12,29.00,29.00,29.00,29.00,000,23.3786
2005-01-11,29.00,29.00,29.00,29.00,000,23.3786
2005-01-10,29.00,29.00,29.00,29.00,000,23.3786
2005-01-07,29.00,29.00,29.00,29.00,000,23.3786
2005-01-06,28.989,29.00,28.989,29.00,500,23.3786
2005-01-05,28.99,28.99,28.99,28.99,000,23.3706
2005-01-04,28.99,28.99,28.99,28.99,000,23.3706
2005-01-03,28.10,29.00,28.10,28.99,1500,23.3706
2004-12-31,29.00,29.00,29.00,29.00,000,23.3786
2004-12-30,29.00,29.00,29.00,29.00,100,23.3786
2004-12-29,29.24,29.25,29.24,29.25,1200,23.5802
2004-12-28,29.46,29.46,29.00,29.00,300,23.3786
2004-12-27,29.46,29.46,29.46,29.46,100,23.7495
2004-12-23,29.04,30.09,29.01,30.09,400,24.2574
2004-12-22,29.562,30.20,29.562,30.20,400,24.346
2004-12-21,30.21,30.21,30.21,30.21,000,24.3541
2004-12-20,29.53,30.21,29.53,30.21,800,24.3541
2004-12-17,30.20,30.20,30.20,30.20,000,24.346
2004-12-16,30.24,30.38,29.35,30.20,12400,24.346
2004-12-15,29.95,29.95,29.95,29.95,000,24.1445
2004-12-14,29.95,29.95,29.95,29.95,000,24.1445
2004-12-13,29.95,29.95,29.95,29.95,000,24.1445
2004-12-10,29.95,29.95,29.95,29.95,000,24.1445
2004-12-09,30.18,30.74,29.95,29.95,2500,24.1445
2004-12-08,29.50,30.82,29.50,30.82,3900,24.8458
2004-12-07,30.00,30.00,30.00,30.00,200,24.1848
2004-12-06,30.44,30.44,30.44,30.44,100,24.5395
2004-12-03,30.50,30.50,30.25,30.25,1300,24.3863
2004-12-02,30.33,30.92,30.25,30.50,1100,24.5879
2004-12-01,30.91,30.91,30.91,30.91,200,24.9184
2004-11-30,30.85,30.85,30.85,30.85,000,24.87
2004-11-29,30.85,30.85,30.85,30.85,000,24.87
2004-11-26,31.00,31.00,30.85,30.85,200,24.87
2004-11-24,31.25,31.25,30.00,31.25,1000,25.1925
2004-11-23,31.38,31.75,30.50,31.74,4600,25.5875
2004-11-22,31.99,32.00,31.99,32.00,200,25.7971
2004-11-19,31.78,31.78,31.78,31.78,200,25.6198
2004-11-18,31.25,31.99,31.25,31.99,300,25.7891
2004-11-17,31.30,32.00,31.30,32.00,1300,25.7971
2004-11-16,31.90,31.90,31.90,31.90,000,25.7165
2004-11-15,31.90,31.90,31.90,31.90,300,25.7165
2004-11-12,31.27,32.25,31.26,31.76,5500,25.6036
2004-11-11,32.00,32.00,31.00,31.98,2300,25.781
2004-11-10,31.20,31.99,31.20,31.99,400,25.7891
2004-11-09,31.001,32.00,31.001,32.00,600,25.7971
2004-11-08,31.85,31.85,31.85,31.85,000,25.6762
2004-11-05,29.00,31.85,27.00,31.85,1200,25.6762
2004-11-04,32.00,32.00,32.00,32.00,000,25.7971
2004-11-03,32.00,32.00,32.00,32.00,000,25.7971
2004-11-02,32.00,32.00,32.00,32.00,000,25.7004
2004-11-01,31.35,32.00,31.35,32.00,700,25.7004
2004-10-29,32.00,32.00,32.00,32.00,500,25.7004
2004-10-28,32.00,32.00,32.00,32.00,000,25.7004
2004-10-27,32.00,32.00,32.00,32.00,000,25.7004
2004-10-26,32.00,32.00,32.00,32.00,000,25.7004
2004-10-25,32.00,32.00,32.00,32.00,300,25.7004
2004-10-22,32.00,32.00,32.00,32.00,000,25.7004
2004-10-21,32.00,32.00,31.20,32.00,500,25.7004
2004-10-20,31.00,32.00,31.00,32.00,700,25.7004
2004-10-19,31.10,32.00,31.10,31.99,800,25.6923
2004-10-18,31.99,31.99,31.99,31.99,200,25.6923
2004-10-15,31.101,31.98,31.101,31.98,300,25.6843
2004-10-14,31.14,31.73,31.00,31.73,6400,25.4835
2004-10-13,32.00,32.00,32.00,32.00,000,25.7004
2004-10-12,32.00,32.00,32.00,32.00,000,25.7004
2004-10-11,32.00,32.00,32.00,32.00,1000,25.7004
2004-10-08,31.94,31.94,31.94,31.94,000,25.6522
2004-10-07,31.94,31.94,31.94,31.94,000,25.6522
2004-10-06,31.94,31.94,31.94,31.94,000,25.6522
2004-10-05,31.94,31.94,31.94,31.94,000,25.6522
2004-10-04,30.29,31.94,30.29,31.94,700,25.6522
2004-10-01,31.24,31.24,31.24,31.24,000,25.09
2004-09-30,31.24,31.24,31.24,31.24,000,25.09
2004-09-29,31.24,31.24,31.24,31.24,000,25.09
2004-09-28,31.24,31.24,31.24,31.24,000,25.09
2004-09-27,31.24,31.24,31.24,31.24,100,25.09
2004-09-24,31.00,31.03,30.69,30.88,7500,24.8009
2004-09-23,31.84,31.84,31.84,31.84,000,25.5719
2004-09-22,31.84,31.84,31.84,31.84,100,25.5719
2004-09-21,29.50,31.84,29.50,31.84,900,25.5719
2004-09-20,31.50,31.65,29.90,31.50,37900,25.2988
2004-09-17,32.099,32.10,32.099,32.10,900,25.7807
2004-09-16,32.10,32.10,32.10,32.10,000,25.7807
2004-09-15,31.51,32.25,31.51,32.10,1800,25.7807
2004-09-14,32.50,32.50,32.00,32.25,3300,25.9012
2004-09-13,32.50,32.50,32.50,32.50,100,26.1019
2004-09-10,32.50,32.50,32.50,32.50,100,26.1019
2004-09-09,32.50,32.50,32.50,32.50,000,26.1019
2004-09-08,31.75,32.50,31.75,32.50,8400,26.1019
2004-09-07,31.75,32.25,31.75,32.25,3000,25.9012
2004-09-03,32.45,32.45,32.45,32.45,000,26.0618
2004-09-02,32.45,32.50,32.45,32.45,5800,26.0618
2004-09-01,32.50,32.50,32.50,32.50,000,26.1019
2004-08-31,32.50,32.50,32.50,32.50,1300,26.1019
2004-08-30,32.50,32.50,32.50,32.50,000,26.1019
2004-08-27,32.50,32.50,32.50,32.50,1300,26.1019
2004-08-26,32.50,32.50,32.50,32.50,400,26.1019
2004-08-25,31.53,31.53,31.50,31.50,1300,25.2988
2004-08-24,31.50,32.46,31.50,31.85,1900,25.5799
2004-08-23,31.36,31.36,31.36,31.36,000,25.1864
2004-08-20,31.36,31.36,31.36,31.36,000,25.1864
2004-08-19,31.36,31.36,31.36,31.36,100,25.1864
