Date,Open,High,Low,Close,Volume,Adj Close
2012-10-31,5.73,5.78,5.72,5.78,113300,5.78
2012-10-30,5.77,5.77,5.77,5.77,000,5.77
2012-10-29,5.77,5.77,5.77,5.77,000,5.77
2012-10-26,5.77,5.77,5.76,5.77,59600,5.77
2012-10-25,5.75,5.77,5.75,5.76,28900,5.76
2012-10-24,5.76,5.7636,5.75,5.75,84500,5.75
2012-10-23,5.75,5.76,5.75,5.76,52300,5.76
2012-10-22,5.74,5.7535,5.74,5.7535,24200,5.7535
2012-10-19,5.75,5.76,5.75,5.75,50900,5.75
2012-10-18,5.74,5.76,5.74,5.75,36700,5.75
2012-10-17,5.74,5.76,5.74,5.75,42800,5.75
2012-10-16,5.74,5.75,5.73,5.74,24400,5.74
2012-10-15,5.74,5.741,5.74,5.74,48000,5.74
2012-10-12,5.75,5.75,5.73,5.74,58500,5.74
2012-10-11,5.75,5.75,5.74,5.74,15000,5.74
2012-10-10,5.75,5.75,5.74,5.75,67400,5.75
2012-10-09,5.74,5.75,5.74,5.74,15800,5.74
2012-10-08,5.74,5.75,5.74,5.75,46000,5.75
2012-10-05,5.74,5.75,5.74,5.74,26100,5.74
2012-10-04,5.74,5.75,5.74,5.7498,27700,5.7498
2012-10-03,5.74,5.75,5.74,5.75,16900,5.75
2012-10-02,5.74,5.75,5.74,5.74,24600,5.74
2012-10-01,5.74,5.75,5.73,5.74,46900,5.74
2012-09-28,5.74,5.7401,5.73,5.74,24400,5.74
2012-09-27,5.75,5.75,5.73,5.74,55200,5.74
2012-09-26,5.74,5.75,5.73,5.74,81900,5.74
2012-09-25,5.72,5.75,5.71,5.74,74100,5.74
2012-09-24,5.71,5.73,5.70,5.72,61000,5.72
2012-09-21,5.72,5.72,5.69,5.69,123800,5.69
2012-09-20,5.70,5.72,5.70,5.70,68200,5.70
2012-09-19,5.71,5.71,5.70,5.70,34300,5.70
2012-09-18,5.70,5.71,5.68,5.71,21700,5.71
2012-09-17,5.70,5.71,5.67,5.71,47200,5.71
2012-09-14,5.66,5.704,5.65,5.691,15300,5.691
2012-09-13,5.60,5.68,5.60,5.67,49300,5.67
2012-09-12,5.61,5.65,5.60,5.63,23400,5.63
2012-09-11,5.62,5.64,5.61,5.62,17700,5.62
2012-09-10,5.61,5.62,5.60,5.61,26400,5.61
2012-09-07,5.60,5.62,5.60,5.61,27400,5.61
2012-09-06,5.60,5.61,5.59,5.61,68300,5.61
2012-09-05,5.59,5.61,5.59,5.60,80200,5.60
2012-09-04,5.60,5.60,5.58,5.59,252900,5.59
2012-09-03,5.60,5.60,5.60,5.60,000,5.60
2012-08-31,5.61,5.61,5.57,5.60,106900,5.60
2012-08-30,5.58,5.61,5.57,5.60,117200,5.60
2012-08-29,5.575,5.58,5.57,5.58,183500,5.58
2012-08-28,5.56,5.59,5.56,5.56,94200,5.56
2012-08-27,5.56,5.58,5.56,5.57,131200,5.57
2012-08-24,5.51,5.57,5.50,5.57,110300,5.57
2012-08-23,5.56,5.57,5.50,5.55,279600,5.55
2012-08-22,5.57,5.57,5.56,5.57,78300,5.57
2012-08-21,5.56,5.58,5.56,5.57,46400,5.57
2012-08-20,5.55,5.58,5.55,5.57,93700,5.57
2012-08-17,5.55,5.58,5.55,5.55,52200,5.55
2012-08-16,5.56,5.57,5.56,5.56,18500,5.56
2012-08-15,5.56,5.57,5.55,5.56,42800,5.56
2012-08-14,5.55,5.57,5.54,5.56,20900,5.56
2012-08-13,5.55,5.57,5.55,5.57,70000,5.57
2012-08-10,5.55,5.56,5.55,5.56,42800,5.56
2012-08-09,5.55,5.56,5.54,5.55,57200,5.55
2012-08-08,5.55,5.56,5.54,5.56,47700,5.56
2012-08-07,5.55,5.56,5.54,5.55,42900,5.55
2012-08-06,5.55,5.57,5.55,5.55,65100,5.55
2012-08-03,5.56,5.57,5.54,5.57,52800,5.57
2012-08-02,5.55,5.56,5.54,5.56,118300,5.56
2012-08-01,5.55,5.56,5.54,5.56,53000,5.56
2012-07-31,5.55,5.56,5.35,5.56,52200,5.56
2012-07-30,5.56,5.56,5.54,5.55,39700,5.55
2012-07-27,5.55,5.56,5.51,5.56,27600,5.56
2012-07-26,5.57,5.57,5.54,5.55,37700,5.55
2012-07-25,5.54,5.5517,5.54,5.54,5900,5.54
2012-07-24,5.56,5.56,5.534,5.56,68900,5.56
2012-07-23,5.54,5.56,5.54,5.54,69200,5.54
2012-07-20,5.55,5.57,5.55,5.55,57600,5.55
2012-07-19,5.52,5.58,5.52,5.57,104400,5.57
2012-07-18,5.56,5.58,5.54,5.56,60200,5.56
2012-07-17,5.55,5.56,5.54,5.56,73200,5.56
2012-07-16,5.57,5.5701,5.55,5.55,66600,5.55
2012-07-13,5.56,5.58,5.56,5.58,20100,5.58
2012-07-12,5.57,5.58,5.56,5.57,31000,5.57
2012-07-11,5.51,5.58,5.51,5.58,22300,5.58
2012-07-10,5.58,5.5891,5.55,5.56,68500,5.56
2012-07-09,5.56,5.57,5.55,5.56,105200,5.56
2012-07-06,5.55,5.57,5.54,5.56,69400,5.56
2012-07-05,5.51,5.55,5.51,5.55,42400,5.55
2012-07-04,5.55,5.55,5.55,5.55,000,5.55
2012-07-03,5.57,5.57,5.54,5.55,33500,5.55
2012-07-02,5.54,5.57,5.53,5.57,48900,5.57
2012-06-29,5.52,5.58,5.5132,5.55,83200,5.55
2012-06-28,5.54,5.565,5.529,5.53,28800,5.53
2012-06-27,5.51,5.56,5.51,5.55,80100,5.55
2012-06-26,5.48,5.53,5.48,5.51,89300,5.51
2012-06-25,5.42,5.49,5.42,5.48,59300,5.48
2012-06-22,5.49,5.49,5.46,5.49,131000,5.49
2012-06-21,5.46,5.50,5.46,5.50,121100,5.50
2012-06-20,5.435,5.47,5.43,5.45,28500,5.45
2012-06-19,5.43,5.48,5.42,5.47,89700,5.47
2012-06-18,5.46,5.49,5.43,5.48,86500,5.48
2012-06-15,5.425,5.50,5.40,5.50,187800,5.50
2012-06-14,5.41,5.44,5.37,5.43,55100,5.43
2012-06-13,5.47,5.47,5.36,5.43,169600,5.43
2012-06-12,5.38,5.44,5.36,5.43,249600,5.43
2012-06-11,5.31,5.50,5.31,5.38,211700,5.38
2012-06-08,5.26,5.40,5.15,5.35,629700,5.35
2012-06-07,4.55,4.58,4.50,4.52,17900,4.52
2012-06-06,4.56,4.57,4.48,4.52,42400,4.52
2012-06-05,4.55,4.56,4.55,4.56,9600,4.56
2012-06-04,4.57,4.57,4.55,4.55,55300,4.55
2012-06-01,4.55,4.59,4.55,4.555,36000,4.555
2012-05-31,4.56,4.61,4.41,4.56,30600,4.56
2012-05-30,4.54,4.65,4.54,4.58,68900,4.58
2012-05-29,4.54,4.64,4.51,4.56,95400,4.56
2012-05-28,4.55,4.55,4.55,4.55,000,4.55
2012-05-25,4.61,4.61,4.49,4.55,34100,4.55
2012-05-24,4.66,4.66,4.566,4.64,51600,4.64
2012-05-23,4.59,4.66,4.42,4.65,40000,4.65
2012-05-22,4.40,4.67,4.39,4.58,74100,4.58
2012-05-21,4.52,4.52,4.39,4.41,24200,4.41
2012-05-18,4.50,4.52,4.3308,4.52,22600,4.52
2012-05-17,4.58,4.69,4.48,4.51,16800,4.51
2012-05-16,4.58,4.61,4.28,4.59,27200,4.59
2012-05-15,4.48,4.60,4.47,4.59,26300,4.59
2012-05-14,4.75,4.75,4.46,4.50,74400,4.50
2012-05-11,4.58,4.75,4.58,4.75,32100,4.75
2012-05-10,4.70,4.75,4.5702,4.68,47200,4.68
2012-05-09,4.69,4.77,4.65,4.72,65800,4.72
2012-05-08,4.72,4.75,4.55,4.73,72900,4.73
2012-05-07,4.65,4.75,4.5999,4.75,38200,4.75
2012-05-04,4.66,4.75,4.60,4.70,43400,4.70
2012-05-03,4.57,4.70,4.55,4.70,46200,4.70
2012-05-02,4.54,4.61,4.52,4.53,33600,4.53
2012-05-01,4.54,4.63,4.53,4.60,12500,4.60
2012-04-30,4.67,4.67,4.53,4.55,52500,4.55
2012-04-27,4.68,4.75,4.64,4.65,71300,4.65
2012-04-26,4.74,4.75,4.5508,4.62,20300,4.62
2012-04-25,4.71,4.78,4.35,4.77,26300,4.77
2012-04-24,4.59,4.75,4.59,4.75,39800,4.75
2012-04-23,4.54,4.73,4.49,4.65,19100,4.65
2012-04-20,4.60,4.64,4.55,4.58,15600,4.58
2012-04-19,4.67,4.67,4.4507,4.56,20600,4.56
2012-04-18,4.55,4.67,4.11,4.65,38100,4.65
2012-04-17,4.64,4.73,4.54,4.59,28600,4.59
2012-04-16,4.70,4.78,4.62,4.7501,13300,4.7501
2012-04-13,4.71,4.77,4.70,4.71,23600,4.71
2012-04-12,4.66,4.78,4.66,4.78,7800,4.78
2012-04-11,4.60,4.75,4.55,4.69,44900,4.69
2012-04-10,4.67,4.67,4.40,4.61,44800,4.61
2012-04-09,4.60,4.61,4.40,4.57,47200,4.57
2012-04-06,4.65,4.65,4.65,4.65,000,4.65
2012-04-05,4.65,4.73,4.60,4.65,38100,4.65
2012-04-04,4.65,4.76,4.65,4.74,62900,4.74
2012-04-03,4.79,4.85,4.69,4.69,18000,4.69
2012-04-02,4.71,4.84,4.71,4.83,9900,4.83
2012-03-30,4.80,4.92,4.75,4.85,31900,4.85
2012-03-29,5.06,5.06,4.85,4.85,30600,4.85
2012-03-28,5.02,5.05,4.92,5.05,102700,5.05
2012-03-27,4.88,5.03,4.86,5.00,98800,5.00
2012-03-26,4.77,4.89,4.76,4.89,89100,4.89
2012-03-23,4.76,4.79,4.75,4.78,23300,4.78
2012-03-22,4.75,4.78,4.75,4.761,18500,4.761
2012-03-21,4.75,4.81,4.75,4.77,41900,4.77
2012-03-20,4.80,4.81,4.71,4.76,61200,4.76
2012-03-19,4.79,4.85,4.75,4.79,80300,4.79
2012-03-16,4.87,4.89,4.80,4.80,36000,4.80
2012-03-15,4.84,4.87,4.81,4.81,49900,4.81
2012-03-14,4.91,4.94,4.84,4.87,84000,4.87
2012-03-13,4.89,4.95,4.85,4.88,39600,4.88
2012-03-12,4.94,4.98,4.83,4.94,58600,4.94
2012-03-09,5.00,5.00,4.86,4.9799,57300,4.9799
2012-03-08,4.95,4.95,4.87,4.91,48600,4.91
2012-03-07,4.94,4.94,4.82,4.90,42300,4.90
2012-03-06,4.85,4.96,4.83,4.9448,64900,4.9448
2012-03-05,4.87,5.00,4.87,4.96,59100,4.96
2012-03-02,4.97,4.97,4.85,4.87,50000,4.87
2012-03-01,4.99,4.99,4.90,4.9201,22500,4.9201
2012-02-29,5.01,5.01,4.905,4.94,59100,4.94
2012-02-28,5.01,5.05,4.96,4.96,46100,4.96
2012-02-27,5.08,5.09,5.00,5.04,55900,5.04
2012-02-24,5.03,5.05,4.88,5.01,33500,5.01
2012-02-23,5.15,5.15,4.83,5.05,224900,5.05
2012-02-22,5.13,5.16,5.05,5.14,98300,5.14
2012-02-21,5.18,5.20,5.05,5.13,278300,5.13
2012-02-20,5.15,5.15,5.15,5.15,000,5.15
2012-02-17,5.12,5.16,5.00,5.15,79400,5.15
2012-02-16,4.90,5.18,4.89,5.08,159500,5.08
2012-02-15,4.86,4.96,4.84,4.90,75200,4.90
2012-02-14,4.91,4.94,4.811,4.87,21500,4.87
2012-02-13,4.74,4.95,4.74,4.89,90100,4.89
2012-02-10,4.67,4.74,4.6301,4.73,80700,4.73
2012-02-09,4.63,4.68,4.63,4.68,23200,4.68
2012-02-08,4.56,4.68,4.45,4.68,32100,4.68
2012-02-07,4.47,4.64,4.38,4.59,30200,4.59
2012-02-06,4.59,4.59,4.32,4.52,38100,4.52
2012-02-03,4.54,4.65,4.44,4.60,40200,4.60
2012-02-02,4.35,4.49,4.35,4.44,25000,4.44
2012-02-01,4.44,4.44,4.31,4.33,42100,4.33
2012-01-31,4.55,4.59,4.31,4.37,109300,4.37
2012-01-30,4.29,4.61,4.29,4.52,91100,4.52
2012-01-27,4.33,4.34,4.2828,4.31,18600,4.31
2012-01-26,4.38,4.4401,4.33,4.33,37500,4.33
2012-01-25,4.50,4.56,4.40,4.44,42800,4.44
2012-01-24,4.63,4.69,4.476,4.50,82800,4.50
2012-01-23,4.69,4.70,4.61,4.70,13700,4.70
2012-01-20,4.61,4.78,4.60,4.71,50800,4.71
2012-01-19,4.51,4.75,4.41,4.70,48200,4.70
2012-01-18,4.50,4.575,4.24,4.51,73500,4.51
2012-01-17,4.05,4.65,4.04,4.46,155100,4.46
2012-01-16,4.02,4.02,4.02,4.02,000,4.02
2012-01-13,4.02,4.05,3.94,4.02,24100,4.02
2012-01-12,3.85,4.1099,3.81,4.02,93700,4.02
2012-01-11,3.86,3.86,3.81,3.82,14900,3.82
2012-01-10,3.86,3.86,3.83,3.85,7700,3.85
2012-01-09,3.73,3.86,3.73,3.82,38200,3.82
2012-01-06,3.69,3.69,3.64,3.64,6300,3.64
2012-01-05,3.66,3.70,3.61,3.66,13900,3.66
2012-01-04,3.58,3.6999,3.53,3.63,21100,3.63
2012-01-03,3.57,3.70,3.51,3.55,67500,3.55
2012-01-02,3.50,3.50,3.50,3.50,000,3.50
2011-12-30,3.58,3.58,3.50,3.50,52400,3.50
2011-12-29,3.63,3.63,3.60,3.60,15700,3.60
2011-12-28,3.65,3.66,3.55,3.63,22900,3.63
2011-12-27,3.59,3.66,3.54,3.63,25900,3.63
2011-12-26,3.59,3.59,3.59,3.59,000,3.59
2011-12-23,3.55,3.60,3.5101,3.59,41900,3.59
2011-12-22,3.53,3.58,3.52,3.52,19800,3.52
2011-12-21,3.57,3.58,3.50,3.57,22300,3.57
2011-12-20,3.57,3.60,3.50,3.58,20700,3.58
2011-12-19,3.55,3.58,3.50,3.51,43700,3.51
2011-12-16,3.45,3.56,3.40,3.51,50800,3.51
2011-12-15,3.56,3.57,3.43,3.43,42300,3.43
2011-12-14,3.65,3.66,3.52,3.53,34200,3.53
2011-12-13,3.55,3.64,3.52,3.62,18000,3.62
2011-12-12,3.46,3.60,3.46,3.52,37400,3.52
2011-12-09,3.45,3.55,3.45,3.49,20900,3.49
2011-12-08,3.53,3.65,3.42,3.44,86600,3.44
2011-12-07,3.51,3.66,3.49,3.60,51600,3.60
2011-12-06,3.51,3.54,3.50,3.50,13000,3.50
2011-12-05,3.59,3.63,3.50,3.50,39600,3.50
2011-12-02,3.51,3.58,3.4407,3.50,25100,3.50
2011-12-01,3.57,3.57,3.46,3.46,44000,3.46
2011-11-30,3.59,3.67,3.51,3.51,81200,3.51
2011-11-29,3.65,3.65,3.52,3.52,25400,3.52
2011-11-28,3.59,3.65,3.58,3.63,92700,3.63
2011-11-25,3.47,3.57,3.47,3.53,32500,3.53
2011-11-24,3.41,3.41,3.41,3.41,000,3.41
2011-11-23,3.40,3.499,3.3308,3.41,51700,3.41
2011-11-22,3.30,3.45,3.30,3.39,55900,3.39
2011-11-21,3.19,3.35,3.15,3.29,78400,3.29
2011-11-18,3.17,3.26,3.14,3.19,53300,3.19
2011-11-17,3.18,3.18,3.08,3.14,22700,3.14
2011-11-16,3.10,3.22,3.10,3.19,22200,3.19
2011-11-15,3.00,3.23,3.00,3.08,37700,3.08
2011-11-14,3.06,3.20,2.98,3.05,76200,3.05
2011-11-11,3.20,3.40,3.20,3.22,66000,3.22
2011-11-10,3.16,3.20,3.15,3.20,19900,3.20
2011-11-09,3.08,3.20,3.08,3.13,17700,3.13
2011-11-08,3.01,3.20,3.01,3.20,23200,3.20
2011-11-07,3.06,3.08,3.01,3.01,49600,3.01
2011-11-04,3.06,3.10,3.03,3.05,89800,3.05
2011-11-03,3.14,3.2799,3.0601,3.10,107000,3.10
2011-11-02,3.05,3.24,3.05,3.12,137900,3.12
2011-11-01,3.11,3.18,3.00,3.10,38000,3.10
2011-10-31,3.35,3.37,3.19,3.20,47500,3.20
2011-10-28,3.51,3.5392,3.39,3.46,24600,3.46
2011-10-27,3.58,3.65,3.32,3.54,60500,3.54
2011-10-26,3.39,3.55,3.28,3.51,84900,3.51
2011-10-25,3.36,3.421,3.2501,3.27,47300,3.27
2011-10-24,3.28,3.49,3.2301,3.34,67700,3.34
2011-10-21,3.27,3.35,3.1601,3.22,65300,3.22
2011-10-20,3.27,3.33,3.23,3.31,8100,3.31
2011-10-19,3.25,3.3499,3.05,3.30,28500,3.30
2011-10-18,3.11,3.30,2.95,3.29,65500,3.29
2011-10-17,3.33,3.33,3.1454,3.18,15600,3.18
2011-10-14,3.04,3.50,3.04,3.35,101100,3.35
2011-10-13,3.08,3.17,3.00,3.03,26100,3.03
2011-10-12,2.71,3.20,2.67,3.14,86500,3.14
2011-10-11,2.72,2.8892,2.70,2.73,39300,2.73
2011-10-10,2.70,2.90,2.67,2.87,37900,2.87
2011-10-07,2.84,2.88,2.70,2.72,18200,2.72
2011-10-06,2.61,2.87,2.55,2.84,20400,2.84
2011-10-05,2.42,2.58,2.40,2.56,16000,2.56
2011-10-04,2.40,2.45,2.311,2.43,26900,2.43
2011-10-03,2.47,2.56,2.4101,2.43,36300,2.43
2011-09-30,2.54,2.65,2.46,2.46,84100,2.46
2011-09-29,2.73,2.73,2.51,2.58,78900,2.58
2011-09-28,2.73,2.88,2.69,2.69,50400,2.69
2011-09-27,2.65,2.99,2.65,2.70,54600,2.70
2011-09-26,2.82,2.96,2.61,2.61,116400,2.61
2011-09-23,3.22,3.30,2.75,2.76,104000,2.76
2011-09-22,3.20,3.40,3.20,3.24,50400,3.24
2011-09-21,3.40,3.45,3.23,3.23,16900,3.23
2011-09-20,3.43,3.45,3.40,3.42,12400,3.42
2011-09-19,3.32,3.60,3.25,3.41,41200,3.41
2011-09-16,3.32,3.46,3.32,3.33,16600,3.33
2011-09-15,3.32,3.42,3.27,3.29,25500,3.29
2011-09-14,3.28,3.38,3.27,3.30,50800,3.30
2011-09-13,3.40,3.44,3.25,3.33,39400,3.33
2011-09-12,3.41,3.55,3.38,3.40,34000,3.40
2011-09-09,3.24,3.48,3.18,3.35,44500,3.35
2011-09-08,3.36,3.58,3.17,3.24,45200,3.24
2011-09-07,3.24,3.40,3.17,3.318,20600,3.318
2011-09-06,3.12,3.205,3.00,3.13,27800,3.13
2011-09-02,3.51,3.51,3.181,3.181,36400,3.181
2011-09-01,3.71,3.7392,3.55,3.56,21800,3.56
2011-08-31,3.72,3.8001,3.561,3.67,53800,3.67
2011-08-30,3.37,3.80,3.37,3.68,60800,3.68
2011-08-29,3.12,3.51,3.07,3.43,83300,3.43
2011-08-26,3.00,3.35,2.87,3.07,46400,3.07
2011-08-25,2.96,3.16,2.9408,3.00,38900,3.00
2011-08-24,2.78,2.98,2.60,2.96,26900,2.96
2011-08-23,2.78,2.93,2.74,2.77,68200,2.77
2011-08-22,3.00,3.06,2.69,2.78,66800,2.78
2011-08-19,2.96,3.00,2.89,2.93,57300,2.93
2011-08-18,3.00,3.10,2.83,2.96,47300,2.96
2011-08-17,3.19,3.2171,3.06,3.11,22900,3.11
2011-08-16,3.08,3.21,3.08,3.17,43100,3.17
2011-08-15,3.13,3.17,3.06,3.08,35600,3.08
2011-08-12,3.44,3.44,3.00,3.03,43300,3.03
2011-08-11,2.71,2.99,2.68,2.98,55600,2.98
2011-08-10,2.60,2.83,2.60,2.71,86400,2.71
2011-08-09,2.60,2.77,2.50,2.62,113300,2.62
2011-08-08,2.75,2.79,2.55,2.56,152400,2.56
2011-08-05,3.38,3.3804,2.95,2.95,251000,2.95
2011-08-04,3.50,3.578,3.34,3.41,71300,3.41
2011-08-03,3.60,3.60,3.50,3.50,90700,3.50
2011-08-02,3.61,3.64,3.60,3.61,39700,3.61
2011-08-01,3.67,3.71,3.52,3.63,62400,3.63
2011-07-29,3.71,3.71,3.60,3.61,40800,3.61
2011-07-28,3.65,3.73,3.61,3.73,40400,3.73
2011-07-27,3.67,3.73,3.66,3.71,45400,3.71
2011-07-26,3.74,3.74,3.621,3.66,76900,3.66
2011-07-25,3.93,3.93,3.62,3.80,92100,3.80
2011-07-22,3.90,3.96,3.86,3.91,49100,3.91
2011-07-21,3.74,3.91,3.74,3.89,33400,3.89
2011-07-20,3.70,3.86,3.70,3.78,51000,3.78
2011-07-19,3.90,3.93,3.72,3.75,50000,3.75
2011-07-18,3.78,3.91,3.72,3.87,44500,3.87
2011-07-15,3.85,3.90,3.75,3.81,52500,3.81
2011-07-14,3.90,3.96,3.86,3.87,74700,3.87
2011-07-13,3.52,3.90,3.52,3.80,87500,3.80
2011-07-12,3.40,3.56,3.35,3.49,60300,3.49
2011-07-11,3.31,3.40,3.30,3.37,44600,3.37
2011-07-08,3.32,3.52,3.31,3.40,83500,3.40
2011-07-07,3.90,3.90,3.53,3.55,97800,3.55
2011-07-06,3.85,4.01,3.76,3.87,74400,3.87
2011-07-05,3.90,4.02,3.86,3.94,84300,3.94
2011-07-01,3.82,3.97,3.75,3.86,101500,3.86
2011-06-30,3.50,3.74,3.40,3.70,75100,3.70
2011-06-29,3.43,3.48,3.10,3.43,112700,3.43
2011-06-28,3.76,3.89,3.25,3.36,173400,3.36
2011-06-27,3.70,3.99,3.70,3.81,181500,3.81
2011-06-24,3.50,3.65,3.47,3.60,118300,3.60
2011-06-23,3.21,3.50,3.0301,3.46,201500,3.46
2011-06-22,3.01,3.31,3.0041,3.25,156300,3.25
2011-06-21,2.51,3.08,2.51,2.96,331300,2.96
2011-06-20,2.72,2.72,2.07,2.45,413400,2.45
2011-06-17,3.71,3.77,2.42,2.80,834700,2.80
2011-06-16,3.71,3.75,3.68,3.70,44100,3.70
2011-06-15,3.79,3.79,3.72,3.72,92500,3.72
2011-06-14,3.70,3.75,3.66,3.72,99200,3.72
2011-06-13,3.68,3.79,3.62,3.66,48700,3.66
2011-06-10,3.79,3.83,3.68,3.68,89800,3.68
2011-06-09,3.98,3.98,3.52,3.66,259700,3.66
2011-06-08,4.16,4.1601,3.96,3.98,123900,3.98
2011-06-07,4.20,4.24,4.17,4.18,127100,4.18
2011-06-06,4.22,4.23,4.17,4.17,150600,4.17
2011-06-03,4.20,4.37,4.20,4.22,97700,4.22
2011-06-02,4.27,4.374,4.20,4.20,209300,4.20
2011-06-01,4.45,4.45,4.25,4.25,127100,4.25
2011-05-31,4.58,4.58,4.40,4.44,390300,4.44
2011-05-27,4.49,4.6099,4.43,4.50,101000,4.50
2011-05-26,4.54,4.65,4.44,4.45,97900,4.45
2011-05-25,4.55,4.67,4.41,4.50,138200,4.50
2011-05-24,4.94,4.94,4.47,4.49,352200,4.49
2011-05-23,3.90,4.77,3.84,4.67,706900,4.67
2011-05-20,3.97,4.04,3.95,3.965,56400,3.965
2011-05-19,4.12,4.12,3.93,3.96,103000,3.96
2011-05-18,4.19,4.24,4.11,4.115,122200,4.115
2011-05-17,4.30,4.31,4.17,4.20,125700,4.20
2011-05-16,4.46,4.49,4.31,4.31,150400,4.31
2011-05-13,4.65,4.69,4.431,4.49,173000,4.49
2011-05-12,4.99,4.99,4.60,4.64,180600,4.64
2011-05-11,5.03,5.03,4.57,4.88,326700,4.88
2011-05-10,4.66,5.05,4.66,4.995,286400,4.995
2011-05-09,4.62,4.69,4.62,4.66,136600,4.66
2011-05-06,4.65,4.70,4.59,4.60,112300,4.60
2011-05-05,4.59,4.66,4.59,4.60,69100,4.60
2011-05-04,4.70,4.7201,4.60,4.61,72200,4.61
2011-05-03,4.83,4.85,4.67,4.67,157500,4.67
2011-05-02,4.87,4.87,4.80,4.85,43500,4.85
2011-04-29,4.85,4.88,4.80,4.85,21600,4.85
2011-04-28,4.89,5.02,4.77,4.83,108400,4.83
2011-04-27,4.90,4.92,4.83,4.88,76100,4.88
2011-04-26,4.93,4.97,4.85,4.90,120900,4.90
2011-04-25,5.04,5.04,4.88,4.93,86000,4.93
2011-04-21,4.92,5.10,4.90,5.01,152000,5.01
2011-04-20,4.89,4.95,4.8501,4.86,132700,4.86
2011-04-19,4.84,4.84,4.73,4.79,49000,4.79
2011-04-18,4.75,4.82,4.60,4.80,101500,4.80
2011-04-15,4.735,4.77,4.70,4.73,40900,4.73
2011-04-14,4.53,4.77,4.52,4.76,84700,4.76
2011-04-13,4.66,4.6999,4.54,4.56,79500,4.56
2011-04-12,4.76,4.79,4.64,4.66,60900,4.66
2011-04-11,4.86,4.86,4.66,4.81,98700,4.81
2011-04-08,4.78,4.92,4.76,4.87,51200,4.87
2011-04-07,4.92,4.93,4.77,4.83,60700,4.83
2011-04-06,4.96,4.96,4.9001,4.93,100300,4.93
2011-04-05,4.90,5.00,4.856,4.95,161500,4.95
2011-04-04,4.83,4.90,4.63,4.87,95900,4.87
2011-04-01,4.63,4.68,4.55,4.61,49500,4.61
2011-03-31,4.56,4.6895,4.40,4.62,140800,4.62
2011-03-30,4.90,4.90,4.55,4.55,138900,4.55
2011-03-29,5.11,5.18,4.83,4.84,213200,4.84
2011-03-28,4.85,4.93,4.73,4.88,84900,4.88
2011-03-25,4.80,4.88,4.6901,4.85,57200,4.85
2011-03-24,4.53,4.80,4.52,4.75,88700,4.75
2011-03-23,4.51,4.60,4.50,4.52,56900,4.52
2011-03-22,4.57,4.60,4.48,4.57,119300,4.57
2011-03-21,4.70,4.70,4.56,4.57,77600,4.57
2011-03-18,4.49,4.73,4.49,4.66,87700,4.66
2011-03-17,4.60,4.60,4.48,4.49,46500,4.49
2011-03-16,4.46,4.62,4.46,4.55,95400,4.55
2011-03-15,4.40,4.52,4.25,4.49,79200,4.49
2011-03-14,4.51,4.6286,4.46,4.51,129900,4.51
2011-03-11,4.69,4.74,4.59,4.67,48700,4.67
2011-03-10,4.70,4.77,4.66,4.68,43300,4.68
2011-03-09,4.75,4.79,4.70,4.75,42600,4.75
2011-03-08,4.76,4.87,4.741,4.75,28500,4.75
2011-03-07,4.85,4.86,4.70,4.80,56100,4.80
2011-03-04,4.75,4.96,4.73,4.96,64500,4.96
2011-03-03,4.63,4.80,4.63,4.77,83600,4.77
2011-03-02,4.65,4.66,4.59,4.59,26900,4.59
2011-03-01,4.64,4.749,4.57,4.613,40800,4.613
2011-02-28,4.54,4.67,4.47,4.65,37100,4.65
2011-02-25,4.44,4.58,4.418,4.50,85500,4.50
2011-02-24,4.49,4.58,4.40,4.45,52100,4.45
2011-02-23,4.56,4.59,4.4801,4.50,25700,4.50
2011-02-22,4.67,4.82,4.53,4.58,64700,4.58
2011-02-18,4.63,4.73,4.57,4.69,17200,4.69
2011-02-17,4.70,4.79,4.57,4.66,61600,4.66
2011-02-16,4.53,4.70,4.46,4.68,108600,4.68
2011-02-15,4.74,4.74,4.50,4.53,101100,4.53
2011-02-14,4.77,4.96,4.68,4.6999,62200,4.6999
2011-02-11,4.90,4.92,4.75,4.80,48000,4.80
2011-02-10,4.91,5.10,4.81,4.90,104700,4.90
2011-02-09,4.90,5.00,4.90,4.91,63900,4.91
2011-02-08,4.56,4.7994,4.51,4.77,71700,4.77
2011-02-07,4.56,4.60,4.52,4.56,24900,4.56
2011-02-04,4.64,4.64,4.52,4.58,27500,4.58
2011-02-03,4.71,4.74,4.65,4.65,11700,4.65
2011-02-02,4.54,4.79,4.53,4.69,59200,4.69
2011-02-01,4.56,4.67,4.54,4.58,54700,4.58
2011-01-31,4.64,4.6699,4.50,4.58,69600,4.58
2011-01-28,4.79,4.79,4.62,4.64,46700,4.64
2011-01-27,4.81,4.88,4.69,4.83,48100,4.83
2011-01-26,4.68,4.85,4.62,4.82,44100,4.82
2011-01-25,4.75,4.77,4.67,4.69,17300,4.69
2011-01-24,4.75,4.85,4.71,4.77,42800,4.77
2011-01-21,4.86,4.89,4.71,4.77,47400,4.77
2011-01-20,5.08,5.08,4.82,4.85,105900,4.85
2011-01-19,5.13,5.2499,5.05,5.07,74200,5.07
2011-01-18,5.19,5.19,5.12,5.14,47600,5.14
2011-01-14,5.16,5.244,5.16,5.21,48800,5.21
2011-01-13,5.13,5.20,5.10,5.19,57000,5.19
2011-01-12,5.33,5.33,5.11,5.11,40200,5.11
2011-01-11,5.20,5.32,5.19,5.30,80000,5.30
2011-01-10,5.13,5.20,5.06,5.20,56500,5.20
2011-01-07,5.13,5.19,5.07,5.17,57700,5.17
2011-01-06,5.30,5.3001,5.0875,5.14,119700,5.14
2011-01-05,4.93,5.34,4.86,5.31,372600,5.31
2011-01-04,4.91,4.95,4.85,4.91,90800,4.91
2011-01-03,4.79,4.92,4.78,4.85,72200,4.85
2010-12-31,4.72,4.79,4.70,4.74,49100,4.74
2010-12-30,4.45,4.84,4.44,4.68,196000,4.68
2010-12-29,4.66,4.73,4.43,4.47,213900,4.47
2010-12-28,4.88,4.98,4.57,4.63,155600,4.63
2010-12-27,4.87,5.02,4.83,4.85,86500,4.85
2010-12-23,4.88,4.96,4.77,4.92,99500,4.92
2010-12-22,4.78,4.97,4.78,4.91,85000,4.91
2010-12-21,5.00,5.14,4.74,4.75,134700,4.75
2010-12-20,4.46,4.96,4.46,4.96,271600,4.96
2010-12-17,4.34,4.38,4.28,4.34,144500,4.34
2010-12-16,4.25,4.45,4.24,4.38,84100,4.38
2010-12-15,4.49,4.49,4.13,4.28,314100,4.28
2010-12-14,4.70,4.7499,4.50,4.52,140700,4.52
2010-12-13,4.75,5.001,4.72,4.76,94300,4.76
2010-12-10,4.76,4.77,4.68,4.70,129600,4.70
2010-12-09,4.85,4.94,4.75,4.78,116200,4.78
2010-12-08,4.96,5.03,4.86,4.86,99500,4.86
2010-12-07,5.10,5.10,4.93,4.98,63400,4.98
2010-12-06,5.01,5.1199,5.01,5.04,76900,5.04
2010-12-03,5.00,5.05,4.97,5.01,65200,5.01
2010-12-02,5.05,5.10,4.90,5.04,221800,5.04
2010-12-01,5.36,5.36,5.11,5.11,82100,5.11
2010-11-30,5.22,5.28,5.15,5.28,89100,5.28
2010-11-29,5.32,5.42,5.30,5.30,45300,5.30
2010-11-26,5.35,5.60,5.30,5.38,48600,5.38
2010-11-24,5.26,5.50,5.22,5.42,147200,5.42
2010-11-23,5.08,5.18,5.019,5.11,95900,5.11
2010-11-22,5.20,5.28,5.10,5.13,115200,5.13
2010-11-19,5.22,5.28,5.13,5.28,95100,5.28
2010-11-18,5.30,5.42,5.21,5.26,104600,5.26
2010-11-17,5.62,5.62,5.20,5.21,138500,5.21
2010-11-16,5.32,5.69,5.2414,5.62,413100,5.62
2010-11-15,5.37,5.37,4.79,4.96,577700,4.96
2010-11-12,5.80,5.80,5.30,5.30,518900,5.30
2010-11-11,5.95,5.95,5.77,5.81,168700,5.81
2010-11-10,6.03,6.03,5.76,5.98,180700,5.98
2010-11-09,6.21,6.21,5.95,6.02,162300,6.02
2010-11-08,6.25,6.40,6.17,6.22,129100,6.22
2010-11-05,6.30,6.3901,6.1501,6.18,122900,6.18
2010-11-04,5.83,6.31,5.80,6.31,216100,6.31
2010-11-03,5.65,5.81,5.55,5.77,203200,5.77
2010-11-02,5.80,5.80,5.61,5.75,78100,5.75
2010-11-01,5.80,5.94,5.66,5.71,168300,5.71
2010-10-29,5.69,5.95,5.62,5.80,180400,5.80
2010-10-28,5.90,5.90,5.67,5.75,144600,5.75
2010-10-27,6.15,6.17,5.91,5.94,126100,5.94
2010-10-26,6.12,6.20,6.11,6.12,130300,6.12
2010-10-25,6.20,6.27,6.14,6.17,115200,6.17
2010-10-22,6.28,6.28,6.13,6.18,63200,6.18
2010-10-21,6.25,6.3705,6.17,6.20,64700,6.20
2010-10-20,6.22,6.26,6.11,6.20,43900,6.20
2010-10-19,6.28,6.33,6.11,6.15,80500,6.15
2010-10-18,6.34,6.44,6.22,6.39,69000,6.39
2010-10-15,6.44,6.50,6.30,6.39,124900,6.39
2010-10-14,6.38,6.45,6.28,6.43,44900,6.43
2010-10-13,6.50,6.50,6.32,6.41,99500,6.41
2010-10-12,6.40,6.45,6.26,6.40,45100,6.40
2010-10-11,6.35,6.44,6.27,6.39,71000,6.39
2010-10-08,6.10,6.28,6.10,6.25,52500,6.25
2010-10-07,6.22,6.22,6.13,6.13,20900,6.13
2010-10-06,6.33,6.34,6.15,6.21,28000,6.21
2010-10-05,6.28,6.36,6.27,6.32,40800,6.32
2010-10-04,6.33,6.33,6.16,6.2401,31300,6.2401
2010-10-01,6.44,6.46,6.25,6.29,54200,6.29
2010-09-30,6.50,6.50,6.34,6.37,76400,6.37
2010-09-29,6.29,6.50,6.29,6.47,104300,6.47
2010-09-28,6.03,6.26,5.97,6.25,97000,6.25
2010-09-27,5.97,6.07,5.882,5.98,60300,5.98
2010-09-24,5.83,5.99,5.82,5.92,51800,5.92
2010-09-23,5.84,5.90,5.73,5.81,50300,5.81
2010-09-22,5.74,5.98,5.69,5.84,77400,5.84
2010-09-21,5.72,5.90,5.63,5.80,83500,5.80
2010-09-20,5.60,5.79,5.60,5.72,113100,5.72
2010-09-17,5.90,5.90,5.54,5.58,122300,5.58
2010-09-16,5.81,5.90,5.70,5.75,110500,5.75
2010-09-15,5.99,6.00,5.77,5.78,72300,5.78
2010-09-14,6.05,6.05,5.93,5.94,62400,5.94
2010-09-13,6.05,6.1499,5.94,6.0481,97200,6.0481
2010-09-10,6.18,6.25,5.711,5.93,193900,5.93
2010-09-09,6.30,6.30,6.06,6.10,84500,6.10
2010-09-08,6.18,6.3499,6.16,6.20,78000,6.20
2010-09-07,6.37,6.39,6.09,6.20,97100,6.20
2010-09-03,6.74,6.7999,6.44,6.45,50700,6.45
2010-09-02,6.50,6.69,6.50,6.65,37100,6.65
2010-09-01,6.34,6.65,6.25,6.50,53400,6.50
2010-08-31,6.43,6.43,6.18,6.22,58400,6.22
2010-08-30,6.53,6.94,6.46,6.47,79300,6.47
2010-08-27,6.26,6.49,6.02,6.49,73800,6.49
2010-08-26,6.53,6.53,6.19,6.19,67500,6.19
2010-08-25,6.21,6.54,6.16,6.44,74300,6.44
2010-08-24,6.11,6.25,5.91,6.21,65300,6.21
2010-08-23,6.48,6.54,6.15,6.16,98400,6.16
2010-08-20,6.59,6.63,6.33,6.47,73300,6.47
2010-08-19,6.70,6.80,6.51,6.67,69300,6.67
2010-08-18,6.95,6.95,6.57,6.81,85000,6.81
2010-08-17,7.08,7.09,6.72,6.96,75100,6.96
2010-08-16,7.24,7.30,6.88,7.02,155200,7.02
2010-08-13,7.32,7.84,7.20,7.38,82700,7.38
2010-08-12,7.30,7.50,7.30,7.36,54000,7.36
2010-08-11,7.39,7.45,7.18,7.26,114600,7.26
2010-08-10,7.67,7.69,7.54,7.64,27600,7.64
2010-08-09,7.58,7.72,7.35,7.64,60200,7.64
2010-08-06,7.47,7.6899,7.32,7.52,47900,7.52
2010-08-05,7.82,7.82,7.50,7.65,74100,7.65
2010-08-04,7.78,7.85,7.77,7.85,51300,7.85
2010-08-03,7.83,7.85,7.77,7.78,43900,7.78
2010-08-02,7.86,7.8899,7.78,7.845,122800,7.845
2010-07-30,7.48,7.78,7.36,7.77,64500,7.77
2010-07-29,7.38,7.67,7.38,7.64,81100,7.64
2010-07-28,7.31,7.39,7.31,7.36,52700,7.36
2010-07-27,7.8399,7.90,7.30,7.31,88300,7.31
2010-07-26,7.37,7.95,7.24,7.72,201700,7.72
2010-07-23,7.35,7.45,7.31,7.41,97100,7.41
2010-07-22,7.43,7.43,7.304,7.35,67000,7.35
2010-07-21,7.45,7.47,7.31,7.34,98600,7.34
2010-07-20,7.30,7.4799,7.22,7.43,120700,7.43
2010-07-19,7.30,7.35,7.18,7.29,133600,7.29
2010-07-16,7.33,7.48,7.16,7.19,265900,7.19
2010-07-15,7.00,7.43,7.00,7.34,329700,7.34
2010-07-14,7.08,7.37,6.78,7.00,392500,7.00
2010-07-13,5.88,7.25,5.8599,7.19,973400,7.19
2010-07-12,5.93,6.0499,5.6501,5.73,66700,5.73
2010-07-09,5.61,5.93,5.56,5.89,120900,5.89
2010-07-08,5.25,5.59,5.1799,5.59,117800,5.59
2010-07-07,5.17,5.202,5.00,5.15,163900,5.15
2010-07-06,5.38,5.49,5.16,5.17,108200,5.17
2010-07-02,5.64,5.69,5.29,5.31,96600,5.31
2010-07-01,5.45,5.59,5.22,5.59,106300,5.59
2010-06-30,5.60,5.63,5.38,5.43,153500,5.43
2010-06-29,5.92,6.01,5.53,5.64,160800,5.64
2010-06-28,5.91,6.21,5.87,5.99,98500,5.99
2010-06-25,5.77,6.06,5.57,5.91,1496600,5.91
2010-06-24,5.92,6.0181,5.70,5.75,140000,5.75
2010-06-23,6.17,6.30,5.91,5.92,115000,5.92
2010-06-22,6.37,6.74,6.17,6.20,144300,6.20
2010-06-21,6.25,6.48,6.20,6.22,113200,6.22
2010-06-18,6.21,6.21,5.91,5.97,194000,5.97
2010-06-17,6.24,6.27,6.08,6.18,68900,6.18
2010-06-16,6.34,6.47,6.2001,6.24,133300,6.24
2010-06-15,6.10,6.35,6.05,6.335,94300,6.335
2010-06-14,6.27,6.3699,6.00,6.03,110400,6.03
2010-06-11,6.00,6.23,5.7701,6.15,140100,6.15
2010-06-10,5.65,5.91,5.60,5.91,260000,5.91
2010-06-09,5.35,5.45,5.21,5.40,210400,5.40
2010-06-08,5.32,5.35,5.10,5.21,298900,5.21
2010-06-07,5.75,5.7601,5.03,5.05,219800,5.05
2010-06-04,6.00,6.0891,5.70,5.75,98700,5.75
2010-06-03,6.09,6.26,6.00,6.16,76000,6.16
2010-06-02,6.05,6.16,6.02,6.10,91600,6.10
2010-06-01,6.42,6.48,5.99,5.99,97800,5.99
2010-05-28,6.56,6.56,6.30,6.49,124300,6.49
2010-05-27,6.47,6.58,6.29,6.43,125900,6.43
2010-05-26,6.19,6.35,6.18,6.24,137500,6.24
2010-05-25,6.16,6.5399,6.02,6.03,169800,6.03
2010-05-24,6.25,6.50,6.25,6.35,92900,6.35
2010-05-21,6.05,6.37,6.05,6.21,158000,6.21
2010-05-20,6.58,6.5801,5.85,6.05,232100,6.05
2010-05-19,7.10,7.10,6.41,6.60,174600,6.60
2010-05-18,7.20,7.25,7.00,7.02,138900,7.02
2010-05-17,6.99,7.09,6.8201,6.96,185300,6.96
2010-05-14,7.29,7.41,6.45,6.86,175700,6.86
2010-05-13,6.70,7.0798,6.70,7.05,208400,7.05
2010-05-12,6.66,6.93,6.66,6.70,203300,6.70
2010-05-11,6.68,6.94,6.55,6.66,111900,6.66
2010-05-10,6.16,6.889,6.16,6.72,167300,6.72
2010-05-07,6.52,6.64,6.14,6.14,202100,6.14
2010-05-06,6.70,6.899,6.45,6.50,252100,6.50
2010-05-05,7.09,7.09,6.65,6.70,297800,6.70
2010-05-04,7.62,7.62,7.07,7.10,197200,7.10
2010-05-03,7.19,7.55,7.10,7.53,284000,7.53
2010-04-30,7.20,7.219,7.00,7.00,122100,7.00
2010-04-29,7.24,7.42,7.03,7.18,146000,7.18
2010-04-28,7.44,7.61,7.10,7.15,140900,7.15
2010-04-27,7.76,7.80,7.35,7.45,148800,7.45
2010-04-26,7.80,7.99,7.75,7.76,196600,7.76
2010-04-23,7.50,7.83,7.50,7.78,394900,7.78
2010-04-22,7.19,7.40,7.11,7.38,263900,7.38
2010-04-21,7.01,7.22,7.01,7.19,161800,7.19
2010-04-20,6.79,7.048,6.79,7.00,180000,7.00
2010-04-19,6.86,6.86,6.60,6.73,186500,6.73
2010-04-16,7.11,7.25,6.87,6.88,223900,6.88
2010-04-15,7.10,7.19,7.07,7.15,312700,7.15
2010-04-14,7.05,7.12,6.86,6.90,131400,6.90
2010-04-13,7.08,7.115,6.9325,7.00,75600,7.00
2010-04-12,7.08,7.15,6.81,7.08,143500,7.08
2010-04-09,7.04,7.19,6.90,7.07,199400,7.07
2010-04-08,6.90,7.03,6.7499,6.96,252800,6.96
2010-04-07,6.61,6.90,6.60,6.83,226100,6.83
2010-04-06,6.49,6.86,6.48,6.83,324000,6.83
2010-04-05,6.45,6.49,6.41,6.47,185700,6.47
2010-04-01,6.61,6.65,6.40,6.47,347500,6.47
2010-03-31,6.74,6.81,6.70,6.74,164200,6.74
2010-03-30,7.03,7.09,6.47,6.65,329500,6.65
2010-03-29,7.09,7.18,6.96,7.06,212500,7.06
2010-03-26,6.99,7.23,6.99,7.06,141200,7.06
2010-03-25,7.32,7.379,6.99,6.99,271200,6.99
2010-03-24,7.45,7.65,6.85,6.96,622700,6.96
2010-03-23,8.07,8.07,7.46,7.50,402400,7.50
2010-03-22,8.45,8.51,7.96,8.01,329600,8.01
2010-03-19,7.93,8.0699,7.92,8.03,175500,8.03
2010-03-18,7.83,7.91,7.77,7.90,70800,7.90
2010-03-17,7.85,8.00,7.60,7.79,169100,7.79
2010-03-16,8.05,8.19,7.70,7.77,144800,7.77
2010-03-15,7.94,8.08,7.5501,8.04,202700,8.04
2010-03-12,8.02,8.13,7.911,7.99,213000,7.99
2010-03-11,8.00,8.27,7.78,8.03,238800,8.03
2010-03-10,8.12,8.29,7.975,8.01,169900,8.01
2010-03-09,7.89,8.24,7.89,8.08,215900,8.08
2010-03-08,8.19,8.26,7.88,7.89,172800,7.89
2010-03-05,7.73,8.00,7.61,8.00,160700,8.00
2010-03-04,7.58,7.85,7.46,7.53,165400,7.53
2010-03-03,7.58,7.74,7.35,7.53,168700,7.53
2010-03-02,8.34,8.35,7.45,7.52,303700,7.52
2010-03-01,8.00,8.24,8.00,8.24,229500,8.24
2010-02-26,7.46,7.95,7.21,7.89,350700,7.89
2010-02-25,6.72,7.38,6.63,7.31,217000,7.31
2010-02-24,6.70,6.83,6.64,6.82,66500,6.82
2010-02-23,6.84,6.89,6.6201,6.67,136800,6.67
2010-02-22,6.79,6.96,6.60,6.87,183100,6.87
2010-02-19,6.94,7.054,6.61,6.77,95300,6.77
2010-02-18,6.85,7.03,6.74,6.97,91500,6.97
2010-02-17,6.95,7.08,6.6099,6.84,179200,6.84
2010-02-16,6.58,6.98,6.56,6.95,139300,6.95
2010-02-12,6.28,6.48,6.10,6.39,217200,6.39
2010-02-11,6.26,6.532,6.25,6.36,174700,6.36
2010-02-10,6.58,6.68,6.12,6.35,213900,6.35
2010-02-09,6.71,6.8399,6.40,6.57,161900,6.57
2010-02-08,6.60,6.75,6.35,6.58,221600,6.58
2010-02-05,6.40,6.5095,6.22,6.33,294500,6.33
2010-02-04,6.75,6.95,6.39,6.41,184400,6.41
2010-02-03,7.38,7.64,6.86,6.98,265400,6.98
2010-02-02,7.01,7.48,6.80,7.36,328000,7.36
2010-02-01,6.65,7.00,6.21,6.89,363300,6.89
2010-01-29,7.44,7.58,6.36,6.51,504200,6.51
2010-01-28,7.74,7.8999,7.20,7.41,88600,7.41
2010-01-27,7.79,7.79,7.40,7.64,127200,7.64
2010-01-26,7.30,7.97,7.15,7.58,277600,7.58
2010-01-25,8.15,8.324,7.30,7.39,348300,7.39
2010-01-22,8.65,8.71,7.88,8.00,290600,8.00
2010-01-21,9.11,9.20,8.66,8.73,186500,8.73
2010-01-20,8.98,9.29,8.50,9.14,275600,9.14
2010-01-19,9.26,9.54,8.90,9.08,253000,9.08
2010-01-15,9.06,9.14,8.53,8.96,204300,8.96
2010-01-14,9.32,9.50,9.05,9.06,110600,9.06
2010-01-13,8.89,9.434,8.40,9.28,264500,9.28
2010-01-12,9.51,9.53,8.90,8.98,258500,8.98
2010-01-11,9.79,9.94,9.26,9.37,206200,9.37
2010-01-08,9.54,10.00,9.351,9.67,249600,9.67
2010-01-07,9.32,9.80,9.07,9.72,558000,9.72
2010-01-06,8.38,9.62,8.34,9.37,1011600,9.37
2010-01-05,8.61,8.61,8.30,8.36,182700,8.36
2010-01-04,8.51,8.75,8.32,8.49,177900,8.49
2009-12-31,8.12,8.24,8.0601,8.17,135900,8.17
2009-12-30,8.10,8.18,7.98,8.00,131700,8.00
2009-12-29,8.37,8.40,8.01,8.11,181400,8.11
2009-12-28,8.51,8.55,8.20,8.34,94300,8.34
2009-12-24,8.49,8.50,8.37,8.41,31800,8.41
2009-12-23,8.35,8.43,8.10,8.34,96600,8.34
2009-12-22,8.29,8.425,8.02,8.13,142700,8.13
2009-12-21,8.50,8.64,8.11,8.28,107100,8.28
2009-12-18,8.53,8.60,8.08,8.40,449700,8.40
2009-12-17,8.64,8.8499,8.50,8.59,184700,8.59
2009-12-16,8.70,9.20,8.52,8.79,659700,8.79
2009-12-15,8.44,8.52,8.34,8.38,81200,8.38
2009-12-14,8.65,8.65,8.33,8.438,81800,8.438
2009-12-11,8.58,8.60,8.10,8.39,104600,8.39
2009-12-10,8.51,8.64,8.31,8.57,118900,8.57
2009-12-09,8.40,8.62,8.26,8.60,119000,8.60
2009-12-08,8.77,8.77,8.01,8.36,120900,8.36
2009-12-07,8.79,8.95,8.66,8.77,194100,8.77
2009-12-04,8.57,8.88,8.45,8.76,236300,8.76
2009-12-03,7.99,8.95,7.95,8.39,425800,8.39
2009-12-02,7.47,7.95,7.47,7.88,207100,7.88
2009-12-01,7.50,7.65,7.31,7.47,212700,7.47
2009-11-30,7.83,7.85,7.42,7.42,292800,7.42
2009-11-27,7.50,7.99,7.28,7.92,123700,7.92
2009-11-25,8.01,8.06,7.75,7.90,92900,7.90
2009-11-24,7.92,8.15,7.34,8.00,328200,8.00
2009-11-23,8.16,8.3999,7.74,7.88,266000,7.88
2009-11-20,8.50,8.53,8.07,8.18,136500,8.18
2009-11-19,8.80,8.85,8.26,8.59,177000,8.59
2009-11-18,8.82,8.949,8.68,8.80,116800,8.80
2009-11-17,8.91,8.96,8.64,8.68,269300,8.68
2009-11-16,9.40,9.50,8.81,8.95,260900,8.95
2009-11-13,9.03,9.60,8.82,9.24,331800,9.24
2009-11-12,9.89,9.98,8.65,9.05,356100,9.05
2009-11-11,8.95,9.39,8.72,9.34,242600,9.34
2009-11-10,9.32,9.55,8.51,8.57,196700,8.57
2009-11-09,9.00,9.99,8.85,9.15,351500,9.15
2009-11-06,8.50,8.90,8.41,8.89,160600,8.89
2009-11-05,8.41,8.61,8.17,8.49,131000,8.49
2009-11-04,7.89,8.55,7.84,8.17,278800,8.17
2009-11-03,7.05,7.73,7.00,7.69,151200,7.69
2009-11-02,6.99,7.39,6.80,7.30,297600,7.30
2009-10-30,7.90,7.90,6.79,6.97,392700,6.97
2009-10-29,7.41,8.00,7.40,7.89,394100,7.89
2009-10-28,8.37,8.50,7.28,7.46,430200,7.46
2009-10-27,8.76,8.95,8.30,8.53,279200,8.53
2009-10-26,9.92,10.02,8.66,9.00,555700,9.00
2009-10-23,10.47,10.65,9.85,10.00,270400,10.00
2009-10-22,10.48,10.48,9.63,10.47,380800,10.47
2009-10-21,11.26,11.452,10.45,10.58,232300,10.58
2009-10-20,11.58,11.85,11.03,11.35,230900,11.35
2009-10-19,11.15,11.85,11.15,11.63,205000,11.63
2009-10-16,11.19,11.19,10.85,11.04,158900,11.04
2009-10-15,11.51,11.59,11.05,11.20,252300,11.20
2009-10-14,11.89,12.20,11.30,11.46,331700,11.46
2009-10-13,12.10,12.23,11.38,11.82,445400,11.82
2009-10-12,12.58,17.29,11.82,12.00,461700,12.00
2009-10-09,11.45,12.46,11.19,12.00,634600,12.00
2009-10-08,10.90,11.46,10.75,11.46,381500,11.46
2009-10-07,10.92,11.13,10.52,10.76,216300,10.76
2009-10-06,10.30,11.35,10.16,10.92,450600,10.92
2009-10-05,9.14,10.07,8.95,10.05,342500,10.05
2009-10-02,8.88,9.05,8.65,8.96,131600,8.96
2009-10-01,9.50,9.56,8.88,8.95,235600,8.95
2009-09-30,8.90,9.65,8.76,9.46,344400,9.46
2009-09-29,9.49,9.50,8.45,8.86,382300,8.86
2009-09-28,7.85,9.49,7.85,9.31,333100,9.31
2009-09-25,7.90,7.95,7.6575,7.79,83200,7.79
2009-09-24,8.10,8.1899,7.71,7.88,139600,7.88
2009-09-23,8.50,8.5595,8.10,8.11,133200,8.11
2009-09-22,8.56,8.628,8.40,8.41,142400,8.41
2009-09-21,7.78,8.50,7.41,8.32,956800,8.32
2009-09-18,8.26,8.55,7.89,7.89,219800,7.89
2009-09-17,8.59,8.59,8.00,8.54,121600,8.54
2009-09-16,8.90,9.00,8.41,8.59,115200,8.59
2009-09-15,8.80,9.00,8.80,8.84,142000,8.84
2009-09-14,8.74,9.20,8.50,8.73,213500,8.73
2009-09-11,7.87,8.93,7.79,8.62,316700,8.62
2009-09-10,7.57,7.85,7.36,7.84,173600,7.84
2009-09-09,7.90,7.95,7.50,7.56,128800,7.56
2009-09-08,8.01,8.23,7.80,7.85,197200,7.85
2009-09-04,7.89,8.10,7.7501,7.96,137400,7.96
2009-09-03,7.83,8.00,7.26,7.75,262600,7.75
2009-09-02,8.45,8.45,7.78,7.84,206000,7.84
2009-09-01,8.43,9.205,8.274,8.42,464000,8.42
2009-08-31,6.97,8.60,6.9099,8.42,341700,8.42
2009-08-28,6.85,7.05,6.74,6.98,180900,6.98
2009-08-27,6.56,6.89,6.51,6.84,50700,6.84
2009-08-26,7.14,7.14,6.0208,6.93,208200,6.93
2009-08-25,6.92,7.21,6.75,7.14,130500,7.14
2009-08-24,7.10,7.10,6.85,6.89,77200,6.89
2009-08-21,7.15,7.25,6.85,7.03,124000,7.03
2009-08-20,7.06,7.12,6.70,7.10,77800,7.10
2009-08-19,6.66,7.0664,6.66,7.06,150000,7.06
2009-08-18,6.81,6.9797,6.518,6.96,74600,6.96
2009-08-17,7.10,7.10,6.31,6.70,199200,6.70
2009-08-14,7.20,7.23,6.72,7.10,189300,7.10
2009-08-13,6.55,7.38,6.55,7.23,526000,7.23
2009-08-12,5.67,6.64,5.67,6.52,401300,6.52
2009-08-11,5.69,5.79,5.42,5.46,67000,5.46
2009-08-10,5.64,5.73,5.46,5.729,34600,5.729
2009-08-07,5.70,5.788,5.26,5.64,71200,5.64
2009-08-06,5.87,5.87,5.65,5.65,64000,5.65
2009-08-05,5.73,5.93,5.66,5.74,70600,5.74
2009-08-04,5.70,5.80,5.66,5.73,62700,5.73
2009-08-03,5.93,5.93,5.66,5.73,103300,5.73
2009-07-31,5.63,5.75,5.588,5.66,42800,5.66
2009-07-30,5.39,5.71,5.25,5.57,33100,5.57
2009-07-29,5.45,5.46,5.25,5.28,36500,5.28
2009-07-28,5.59,5.665,5.49,5.53,27000,5.53
2009-07-27,5.65,5.67,5.46,5.58,31200,5.58
2009-07-24,5.72,5.80,5.57,5.65,56300,5.65
2009-07-23,5.49,5.83,5.40,5.75,65100,5.75
2009-07-22,5.56,5.65,5.35,5.46,64700,5.46
2009-07-21,5.18,6.00,4.99,5.58,213200,5.58
2009-07-20,5.15,5.25,4.97,5.15,39100,5.15
2009-07-17,5.19,5.215,4.89,5.00,55100,5.00
2009-07-16,5.10,5.21,5.00,5.10,80300,5.10
2009-07-15,4.80,5.06,4.76,5.06,54800,5.06
2009-07-14,4.90,4.9499,4.50,4.75,41400,4.75
2009-07-13,4.75,5.10,4.45,4.72,57800,4.72
2009-07-10,4.82,4.90,4.56,4.66,63500,4.66
2009-07-09,5.16,5.16,4.53,4.74,188600,4.74
2009-07-08,4.29,4.29,4.10,4.19,15000,4.19
2009-07-07,4.27,4.37,4.10,4.23,18400,4.23
2009-07-06,4.60,4.60,4.10,4.19,113800,4.19
2009-07-02,4.71,4.78,4.55,4.60,11500,4.60
2009-07-01,4.70,4.99,4.50,4.90,67600,4.90
2009-06-30,5.00,5.00,4.628,4.68,35800,4.68
2009-06-29,5.00,5.20,4.36,4.98,144100,4.98
2009-06-26,4.67,5.05,4.44,4.98,512800,4.98
2009-06-25,4.45,4.60,4.311,4.60,28700,4.60
2009-06-24,4.49,4.54,4.35,4.46,39800,4.46
2009-06-23,4.00,4.30,3.80,4.295,57000,4.295
2009-06-22,3.80,4.00,3.80,3.93,26700,3.93
2009-06-19,3.99,4.00,3.66,3.80,92900,3.80
2009-06-18,3.90,3.90,3.70,3.81,71900,3.81
2009-06-17,4.00,4.15,3.86,4.00,29200,4.00
2009-06-16,4.30,4.30,3.89,4.00,26300,4.00
2009-06-15,4.50,4.60,4.30,4.39,10400,4.39
2009-06-12,4.81,4.81,4.37,4.55,37400,4.55
2009-06-11,4.75,4.80,4.6501,4.75,16000,4.75
2009-06-10,4.81,4.81,4.68,4.75,13000,4.75
2009-06-09,4.65,4.9199,4.65,4.7899,6600,4.7899
2009-06-08,4.94,4.94,4.62,4.79,24900,4.79
2009-06-05,5.14,5.14,4.80,4.89,38100,4.89
2009-06-04,5.30,5.40,4.79,4.85,86600,4.85
2009-06-03,5.17,5.45,4.93,5.36,34600,5.36
2009-06-02,4.9733,5.30,4.91,5.08,26600,5.08
2009-06-01,5.09,5.50,4.9001,5.0899,68200,5.0899
2009-05-29,4.79,5.28,4.3801,4.99,75800,4.99
2009-05-28,4.93,4.93,4.46,4.60,20100,4.60
2009-05-27,4.99,4.99,4.56,4.80,15500,4.80
2009-05-26,5.11,5.15,4.66,4.80,22400,4.80
2009-05-22,5.10,5.50,4.77,4.8703,54800,4.8703
2009-05-21,4.35,5.70,4.00,4.96,64100,4.96
2009-05-20,4.35,4.49,4.35,4.45,27200,4.45
2009-05-19,4.40,4.49,4.27,4.46,8000,4.46
2009-05-18,4.33,4.40,4.18,4.35,14000,4.35
2009-05-15,4.15,4.30,3.9901,4.30,26200,4.30
2009-05-14,4.25,4.25,4.09,4.17,14400,4.17
2009-05-13,4.49,4.49,3.88,4.22,20700,4.22
2009-05-12,4.28,4.44,3.2101,4.00,96300,4.00
2009-05-11,4.65,4.6599,4.28,4.28,27500,4.28
2009-05-08,4.62,4.9399,4.56,4.56,38300,4.56
2009-05-07,5.17,5.17,4.31,4.45,51600,4.45
2009-05-06,4.60,4.9471,4.60,4.90,35200,4.90
2009-05-05,4.00,4.66,3.98,4.59,55400,4.59
2009-05-04,3.85,4.10,3.85,3.90,176700,3.90
2009-05-01,3.68,3.90,3.59,3.80,44100,3.80
2009-04-30,3.55,3.75,3.5499,3.60,17700,3.60
2009-04-29,3.55,3.70,3.50,3.50,18600,3.50
2009-04-28,3.49,3.96,3.49,3.50,40900,3.50
2009-04-27,3.26,3.50,3.2599,3.40,17800,3.40
2009-04-24,3.0501,3.25,2.9982,3.20,30300,3.20
2009-04-23,3.05,3.0676,3.0499,3.05,7700,3.05
2009-04-22,3.05,3.23,3.00,3.05,40700,3.05
2009-04-21,3.05,3.05,2.87,3.0499,24400,3.0499
2009-04-20,3.0936,3.0936,2.91,2.93,18900,2.93
2009-04-17,3.08,3.08,3.03,3.05,9800,3.05
2009-04-16,3.20,3.27,3.0282,3.0299,14100,3.0299
2009-04-15,3.00,3.00,2.90,3.00,128800,3.00
2009-04-14,3.05,3.05,2.91,2.96,68900,2.96
2009-04-13,3.20,3.20,3.0454,3.05,33900,3.05
2009-04-09,3.08,3.217,3.02,3.13,47500,3.13
2009-04-08,3.02,3.20,3.02,3.08,24100,3.08
2009-04-07,3.07,3.07,2.93,3.00,1500,3.00
2009-04-06,3.02,3.23,2.86,3.10,6200,3.10
2009-04-03,2.98,3.00,2.98,3.00,8800,3.00
2009-04-02,2.99,2.99,2.98,2.98,2200,2.98
2009-04-01,2.88,2.88,2.88,2.88,1100,2.88
2009-03-31,2.75,2.85,2.38,2.85,8400,2.85
2009-03-30,2.90,2.90,2.545,2.74,11300,2.74
2009-03-27,2.85,3.00,2.80,2.99,10300,2.99
2009-03-26,3.26,3.27,2.766,2.99,61100,2.99
2009-03-25,2.89,3.27,2.89,3.10,3600,3.10
2009-03-24,2.42,2.78,2.42,2.78,3900,2.78
2009-03-23,2.695,2.70,2.38,2.65,500,2.65
2009-03-20,2.63,2.89,2.36,2.58,6500,2.58
2009-03-19,2.50,2.50,2.47,2.47,9500,2.47
2009-03-18,2.23,2.60,2.20,2.50,20800,2.50
2009-03-17,2.50,2.50,2.38,2.47,1500,2.47
2009-03-16,2.50,2.50,2.50,2.50,200,2.50
2009-03-13,2.60,2.60,2.50,2.50,200,2.50
2009-03-12,2.60,2.60,2.50,2.58,2900,2.58
2009-03-11,2.65,2.65,2.65,2.65,1000,2.65
2009-03-10,2.50,2.50,2.48,2.50,5800,2.50
2009-03-09,2.31,2.50,2.30,2.50,2800,2.50
2009-03-06,2.68,2.68,2.60,2.60,900,2.60
2009-03-05,2.90,2.90,2.90,2.90,100,2.90
2009-03-04,2.67,2.67,2.57,2.574,8200,2.574
2009-03-03,2.71,2.90,2.708,2.89,2600,2.89
2009-03-02,2.9301,2.9301,2.57,2.92,3200,2.92
2009-02-27,2.93,3.13,2.869,3.13,11200,3.13
2009-02-26,3.19,3.19,3.19,3.19,100,3.19
2009-02-25,3.44,3.44,3.20,3.20,1100,3.20
2009-02-23,3.16,3.16,3.16,3.16,200,3.16
2009-02-20,3.0001,3.0001,3.00,3.0001,12700,3.0001
2009-02-19,3.15,3.20,2.92,2.92,18100,2.92
2009-02-18,3.15,3.18,3.15,3.15,5900,3.15
2009-02-17,3.1999,3.20,3.03,3.03,2500,3.03
2009-02-13,3.23,3.24,3.20,3.24,2100,3.24
2009-02-12,2.93,3.25,2.93,3.15,3900,3.15
2009-02-11,3.26,3.26,2.89,3.25,6800,3.25
2009-02-10,3.26,3.26,3.26,3.26,100,3.26
2009-02-09,3.26,3.26,3.10,3.10,6300,3.10
2009-02-06,3.05,3.25,2.71,3.25,10200,3.25
2009-02-04,3.02,3.25,3.02,3.25,2500,3.25
2009-02-03,3.05,3.05,3.05,3.05,2000,3.05
2009-02-02,2.80,3.04,2.80,3.04,2000,3.04
2009-01-30,2.69,3.25,2.69,3.25,11300,3.25
2009-01-29,2.75,2.75,2.75,2.75,2200,2.75
2009-01-26,3.06,3.06,2.80,2.99,1700,2.99
2009-01-23,2.81,3.06,2.81,3.06,600,3.06
2009-01-22,3.00,3.00,2.9999,3.00,500,3.00
2009-01-21,3.10,3.10,2.80,3.07,2400,3.07
2009-01-20,2.81,3.14,2.80,3.14,1600,3.14
2009-01-16,2.93,3.19,2.90,2.90,2200,2.90
2009-01-15,3.06,3.23,2.80,2.90,4900,2.90
2009-01-14,3.10,3.31,3.06,3.31,1600,3.31
2009-01-13,3.25,3.39,3.25,3.39,2100,3.39
2009-01-12,3.19,3.39,3.17,3.39,2500,3.39
2009-01-09,3.35,3.35,3.17,3.29,1200,3.29
2009-01-08,3.32,3.40,3.20,3.36,4300,3.36
2009-01-07,3.20,3.39,3.20,3.35,1100,3.35
2009-01-06,3.2101,3.40,3.21,3.34,30400,3.34
2009-01-05,3.48,3.48,3.40,3.40,1200,3.40
2009-01-02,3.46,3.49,3.12,3.44,6200,3.44
2008-12-31,3.02,3.37,2.95,3.05,10800,3.05
2008-12-30,3.25,3.38,3.25,3.38,4800,3.38
2008-12-29,3.20,3.38,3.20,3.38,500,3.38
2008-12-26,3.40,3.40,3.20,3.20,600,3.20
2008-12-24,3.03,3.40,2.80,3.40,28500,3.40
2008-12-23,3.20,3.48,3.18,3.48,1800,3.48
2008-12-19,3.33,3.65,3.16,3.65,900,3.65
2008-12-17,3.30,3.49,3.2501,3.49,2200,3.49
2008-12-16,3.40,3.77,3.40,3.77,600,3.77
2008-12-15,4.00,4.00,3.32,4.00,700,4.00
2008-12-12,3.50,3.84,3.30,3.84,1300,3.84
2008-12-10,3.23,3.97,3.184,3.97,5200,3.97
2008-12-09,3.75,3.75,3.75,3.75,100,3.75
2008-12-08,3.6999,3.6999,3.6999,3.6999,700,3.6999
2008-12-02,3.75,4.00,3.75,3.85,14000,3.85
2008-12-01,4.00,4.00,3.75,3.975,2900,3.975
2008-11-28,3.61,4.00,3.61,4.00,300,4.00
2008-11-26,3.85,4.00,3.50,3.90,17900,3.90
2008-11-25,3.50,3.8999,3.50,3.8999,1600,3.8999
2008-11-24,3.50,3.85,3.42,3.85,2200,3.85
2008-11-21,3.50,3.50,3.30,3.30,1400,3.30
2008-11-20,3.45,3.75,3.43,3.75,2300,3.75
2008-11-18,3.79,4.00,3.79,4.00,2600,4.00
2008-11-17,3.34,3.80,3.34,3.80,500,3.80
2008-11-14,3.79,3.79,3.79,3.79,000,3.79
2008-11-13,3.51,3.79,3.51,3.79,1300,3.79
2008-11-12,3.80,3.80,3.80,3.80,1600,3.80
2008-11-11,4.00,4.00,4.00,4.00,1000,4.00
2008-11-10,4.00,4.00,3.99,4.00,2100,4.00
2008-11-07,3.80,3.84,3.80,3.84,2400,3.84
2008-11-06,3.60,3.90,3.50,3.90,2600,3.90
2008-11-05,3.98,4.00,3.60,3.60,1300,3.60
2008-11-04,3.56,3.56,3.56,3.56,200,3.56
2008-11-03,3.80,3.80,3.80,3.80,400,3.80
2008-10-31,3.40,3.85,3.16,3.85,10600,3.85
2008-10-30,3.49,3.49,3.00,3.352,3300,3.352
2008-10-29,3.00,3.50,3.00,3.50,9900,3.50
2008-10-28,3.49,3.50,3.49,3.50,1900,3.50
2008-10-27,3.33,3.47,3.00,3.47,13800,3.47
2008-10-24,3.50,4.00,3.50,3.50,1400,3.50
2008-10-23,3.95,3.95,3.95,3.95,000,3.95
2008-10-22,3.95,3.95,3.95,3.95,000,3.95
2008-10-21,4.00,4.00,3.69,3.95,5000,3.95
2008-10-20,3.545,4.00,3.545,4.00,400,4.00
2008-10-17,4.00,4.00,3.10,4.00,500,4.00
2008-10-16,3.99,3.99,3.99,3.99,000,3.99
2008-10-15,3.21,3.99,3.20,3.99,3100,3.99
2008-10-14,3.79,4.00,3.76,4.00,1400,4.00
2008-10-13,3.269,3.90,3.269,3.90,200,3.90
2008-10-10,2.61,3.70,2.61,3.70,4400,3.70
2008-10-09,3.11,3.25,2.75,3.00,4300,3.00
2008-10-08,3.25,3.93,2.70,3.93,7700,3.93
2008-10-07,3.00,4.01,3.00,3.95,2900,3.95
2008-10-06,4.00,4.00,3.50,4.00,2400,4.00
2008-10-03,4.00,4.00,4.00,4.00,9200,4.00
2008-10-02,4.05,4.05,4.05,4.05,000,4.05
2008-10-01,4.01,4.05,3.97,4.05,8500,4.05
2008-09-30,4.00,4.50,3.75,4.50,5400,4.50
2008-09-29,4.6999,4.6999,4.00,4.25,4700,4.25
2008-09-26,4.50,4.50,4.50,4.50,100,4.50
2008-09-25,4.80,4.80,4.50,4.80,5300,4.80
2008-09-24,4.75,4.75,4.75,4.75,000,4.75
2008-09-23,4.75,4.75,4.75,4.75,100,4.75
2008-09-22,4.75,4.75,4.75,4.75,900,4.75
2008-09-19,5.00,5.00,4.55,5.00,1900,5.00
2008-09-18,4.26,5.00,4.26,4.90,7600,4.90
2008-09-17,4.55,5.00,4.50,5.00,1100,5.00
2008-09-16,4.64,5.00,4.50,5.00,3500,5.00
2008-09-15,4.60,5.01,4.50,5.01,3000,5.01
2008-09-12,4.82,4.82,4.82,4.82,000,4.82
2008-09-11,5.00,5.00,4.75,4.82,4900,4.82
2008-09-10,5.245,5.25,5.00,5.00,8700,5.00
2008-09-09,5.05,5.35,5.00,5.35,2400,5.35
2008-09-08,5.60,5.60,4.75,5.50,9400,5.50
2008-09-05,5.70,5.70,5.70,5.70,500,5.70
2008-09-04,5.80,5.80,5.78,5.78,2400,5.78
2008-09-03,5.99,5.99,5.80,5.80,2700,5.80
2008-09-02,6.00,6.00,5.75,5.85,4200,5.85
2008-08-29,5.91,5.91,5.48,5.75,11700,5.75
2008-08-28,5.74,5.83,5.70,5.80,11800,5.80
2008-08-27,5.7499,5.7499,5.74,5.74,500,5.74
2008-08-26,5.61,5.61,5.61,5.61,000,5.61
2008-08-25,5.80,5.80,5.61,5.80,5200,5.80
2008-08-22,5.85,5.85,5.85,5.85,2100,5.85
2008-08-21,5.75,5.95,5.75,5.95,2000,5.95
2008-08-20,5.99,5.99,5.76,5.90,1500,5.90
2008-08-19,5.75,5.75,5.75,5.75,1000,5.75
2008-08-18,5.70,5.75,5.70,5.75,1400,5.75
2008-08-15,5.71,5.71,5.70,5.71,3000,5.71
2008-08-14,5.80,5.80,5.80,5.80,000,5.80
2008-08-13,5.80,5.80,5.80,5.80,2500,5.80
2008-08-12,5.70,5.80,5.70,5.80,600,5.80
2008-08-11,5.70,5.80,5.70,5.80,4900,5.80
2008-08-08,5.80,5.80,5.80,5.80,000,5.80
2008-08-07,6.10,6.10,5.80,5.80,500,5.80
2008-08-06,6.00,6.10,5.95,6.00,4900,6.00
2008-08-05,5.85,6.00,5.85,6.00,19600,6.00
2008-08-04,6.00,6.00,5.80,5.80,2900,5.80
2008-08-01,6.00,6.00,5.99,5.99,800,5.99
2008-07-31,6.10,6.10,5.95,6.00,13600,6.00
2008-07-30,6.05,6.05,5.85,6.00,4300,6.00
2008-07-29,6.15,6.15,6.00,6.05,7800,6.05
2008-07-28,6.25,6.25,6.01,6.01,5100,6.01
2008-07-25,6.30,6.30,6.30,6.30,4400,6.30
2008-07-24,6.05,6.20,6.05,6.20,5600,6.20
2008-07-23,6.20,6.20,5.85,6.00,4400,6.00
2008-07-22,6.40,6.50,6.40,6.40,23900,6.40
2008-07-21,5.95,6.40,5.95,6.40,18000,6.40
2008-07-18,5.75,5.95,5.75,5.94,7900,5.94
2008-07-17,5.60,5.60,5.60,5.60,000,5.60
2008-07-16,5.80,5.80,5.40,5.60,8000,5.60
2008-07-15,5.60,5.75,5.40,5.75,9800,5.75
2008-07-14,5.60,5.60,5.60,5.60,000,5.60
2008-07-11,5.60,5.60,5.60,5.60,500,5.60
2008-07-10,5.50,5.50,5.50,5.50,3500,5.50
2008-07-09,5.50,5.50,5.50,5.50,1200,5.50
2008-07-08,5.50,5.50,5.50,5.50,5500,5.50
2008-07-07,5.50,5.50,5.50,5.50,500,5.50
2008-07-03,5.60,5.60,5.60,5.60,000,5.60
2008-07-02,5.25,5.60,5.00,5.60,1700,5.60
2008-07-01,5.25,5.25,5.25,5.25,1200,5.25
2008-06-30,5.80,5.80,5.80,5.80,000,5.80
2008-06-27,5.50,5.80,5.25,5.80,2400,5.80
2008-06-26,6.10,6.10,5.70,6.00,2200,6.00
2008-06-25,6.10,6.10,6.10,6.10,500,6.10
2008-06-24,6.20,6.20,6.20,6.20,000,6.20
2008-06-23,5.90,6.20,5.90,6.20,8000,6.20
2008-06-20,5.70,5.70,5.70,5.70,000,5.70
2008-06-19,5.55,6.00,5.55,5.70,2000,5.70
2008-06-18,6.05,6.05,5.55,5.55,3200,5.55
2008-06-17,6.05,6.05,6.05,6.05,100,6.05
2008-06-16,6.05,6.05,6.05,6.05,1500,6.05
2008-06-13,6.20,6.20,6.20,6.20,000,6.20
2008-06-12,6.20,6.20,6.20,6.20,000,6.20
2008-06-11,6.20,6.20,6.20,6.20,1700,6.20
2008-06-10,6.20,6.20,5.75,5.75,3500,5.75
2008-06-09,6.18,6.18,6.10,6.10,2200,6.10
2008-06-06,6.20,6.20,5.80,5.80,2900,5.80
2008-06-05,5.80,6.00,5.80,6.00,3700,6.00
2008-06-04,5.80,5.80,5.2275,5.75,10200,5.75
2008-06-03,5.80,5.80,5.80,5.80,500,5.80
2008-06-02,6.18,6.18,5.80,5.80,2200,5.80
2008-05-30,6.18,6.18,6.18,6.18,800,6.18
2008-05-29,6.00,6.20,6.00,6.20,4200,6.20
2008-05-28,6.20,6.20,6.00,6.00,5600,6.00
2008-05-27,6.25,6.25,6.20,6.20,1500,6.20
2008-05-23,6.40,6.45,6.35,6.35,6000,6.35
2008-05-22,6.50,6.55,6.45,6.55,10200,6.55
2008-05-21,6.35,6.55,6.35,6.55,5000,6.55
2008-05-20,6.30,6.40,6.30,6.30,5800,6.30
2008-05-19,6.45,6.45,6.30,6.30,2100,6.30
2008-05-16,6.70,6.80,6.70,6.75,13400,6.75
2008-05-15,6.45,6.75,6.45,6.75,20000,6.75
2008-05-14,6.90,7.20,6.60,6.60,29500,6.60
2008-05-13,6.70,6.90,6.70,6.80,15600,6.80
2008-05-12,6.60,6.60,6.55,6.55,2300,6.55
2008-05-09,6.30,6.70,6.15,6.70,2200,6.70
2008-05-08,6.70,6.75,6.30,6.75,8500,6.75
2008-05-07,6.60,6.70,6.45,6.70,3000,6.70
2008-05-06,6.65,6.65,6.60,6.60,2000,6.60
2008-05-05,6.70,6.80,6.70,6.80,1200,6.80
2008-05-02,6.75,6.85,6.75,6.85,5800,6.85
2008-05-01,6.40,6.50,6.40,6.50,3500,6.50
2008-04-30,6.10,6.35,6.10,6.35,9500,6.35
2008-04-29,6.10,6.15,6.01,6.09,18800,6.09
2008-04-28,6.20,6.20,6.05,6.10,2800,6.10
2008-04-25,6.20,6.20,6.20,6.20,1000,6.20
2008-04-24,6.34,6.35,6.34,6.35,2000,6.35
2008-04-23,6.35,6.35,6.34,6.34,2000,6.34
2008-04-22,6.30,6.30,6.30,6.30,000,6.30
2008-04-21,6.50,6.50,6.30,6.30,9100,6.30
2008-04-18,6.70,6.75,6.60,6.75,2100,6.75
2008-04-17,6.80,6.80,6.80,6.80,1000,6.80
2008-04-16,6.80,6.80,6.80,6.80,500,6.80
2008-04-15,6.90,6.90,6.75,6.75,3200,6.75
2008-04-14,6.75,6.90,6.75,6.90,700,6.90
2008-04-11,6.80,6.90,6.75,6.90,3500,6.90
2008-04-10,6.90,6.90,6.90,6.90,2200,6.90
2008-04-09,6.90,7.00,6.90,6.90,4200,6.90
2008-04-08,6.90,6.90,6.90,6.90,500,6.90
2008-04-07,6.75,6.90,6.55,6.55,2700,6.55
2008-04-04,6.75,6.90,6.50,6.90,4200,6.90
2008-04-03,7.00,7.00,6.75,7.00,3300,7.00
2008-04-02,7.00,7.00,7.00,7.00,300,7.00
2008-04-01,7.25,7.25,6.25,7.07,9600,7.07
2008-03-31,7.40,7.40,7.40,7.40,500,7.40
2008-03-28,7.40,7.40,7.40,7.40,000,7.40
2008-03-27,7.30,7.40,7.30,7.40,3000,7.40
2008-03-26,7.40,7.40,7.40,7.40,1200,7.40
2008-03-25,7.19,7.45,7.15,7.45,5100,7.45
2008-03-24,7.19,7.19,7.19,7.19,000,7.19
2008-03-20,7.25,7.25,6.75,7.19,2400,7.19
2008-03-19,6.50,7.25,6.50,7.25,6500,7.25
2008-03-18,6.50,7.00,6.50,7.00,1900,7.00
2008-03-17,7.60,7.75,6.50,6.60,12100,6.60
2008-03-14,7.85,7.85,7.85,7.85,300,7.85
2008-03-13,7.75,7.75,7.75,7.75,1000,7.75
2008-03-12,7.70,8.15,7.70,8.00,12800,8.00
2008-03-11,7.65,7.80,7.60,7.65,7100,7.65
2008-03-10,7.90,7.95,7.85,7.85,6800,7.85
2008-03-07,7.90,8.00,7.90,7.90,7600,7.90
2008-03-06,7.55,7.90,7.55,7.90,3700,7.90
2008-03-05,7.85,7.85,7.85,7.85,500,7.85
2008-03-04,8.05,8.05,7.60,8.05,8000,8.05
2008-03-03,8.10,8.10,8.10,8.10,000,8.10
2008-02-29,8.20,8.20,8.10,8.20,5200,8.20
2008-02-28,8.10,8.25,8.10,8.25,7900,8.25
2008-02-27,8.00,8.25,8.00,8.10,64600,8.10
2008-02-26,7.75,8.00,7.75,8.00,7700,8.00
2008-02-25,8.00,8.15,8.00,8.15,32600,8.15
2008-02-22,8.25,8.25,8.00,8.00,6000,8.00
2008-02-21,7.70,8.20,7.70,8.10,8800,8.10
2008-02-20,7.95,7.95,7.70,7.70,500,7.70
2008-02-19,8.00,8.00,7.20,7.90,10700,7.90
2008-02-15,7.00,7.35,7.00,7.35,2700,7.35
2008-02-14,7.25,7.25,7.00,7.00,000,7.00
2008-02-13,7.00,7.25,7.00,7.10,1800,7.10
2008-02-12,6.50,7.00,6.40,6.50,000,6.50
2008-02-11,6.05,7.00,6.05,7.00,4000,7.00
2008-02-08,6.15,6.15,6.15,6.15,000,6.15
2008-02-07,6.05,6.10,6.05,6.10,2300,6.10
2008-02-06,6.20,6.20,6.20,6.20,400,6.20
2008-02-05,6.00,6.30,6.00,6.30,3600,6.30
2008-02-04,5.80,6.10,5.80,6.10,7300,6.10
2008-02-01,5.80,6.20,5.80,6.20,700,6.20
2008-01-31,6.20,6.20,6.15,6.15,1000,6.15
2008-01-30,6.19,6.20,6.19,6.20,1500,6.20
2008-01-29,6.20,6.20,6.20,6.20,500,6.20
2008-01-28,6.20,6.20,6.00,6.20,5300,6.20
2008-01-25,6.50,6.50,5.90,6.35,42400,6.35
2008-01-24,7.30,7.30,7.30,7.30,000,7.30
2008-01-23,7.30,7.30,7.30,7.30,000,7.30
2008-01-22,7.30,7.30,7.30,7.30,100,7.30
2008-01-18,7.34,7.35,7.34,7.35,700,7.35
2008-01-17,7.20,7.35,7.20,7.35,1600,7.35
2008-01-16,7.20,7.35,7.00,7.20,5100,7.20
2008-01-15,7.20,7.20,7.20,7.20,700,7.20
2008-01-14,7.60,7.60,7.26,7.60,1500,7.60
2008-01-11,7.80,7.80,7.06,7.79,4500,7.79
2008-01-10,7.50,7.75,7.30,7.30,1700,7.30
2008-01-09,7.35,7.40,7.20,7.20,1500,7.20
2008-01-08,6.65,7.05,6.38,7.05,9400,7.05
2008-01-07,7.30,7.30,6.38,6.70,19700,6.70
2008-01-04,7.90,7.90,7.90,7.90,2500,7.90
2008-01-03,8.30,8.30,7.90,7.92,10100,7.92
2008-01-02,8.40,8.40,8.25,8.25,1800,8.25
2007-12-31,8.00,8.50,8.00,8.30,6200,8.30
2007-12-28,8.20,8.40,8.20,8.30,3000,8.30
2007-12-27,8.40,8.50,8.20,8.50,2100,8.50
2007-12-26,7.40,8.40,7.22,8.40,26200,8.40
2007-12-24,6.65,7.50,6.65,7.40,13100,7.40
2007-12-21,6.60,6.60,6.25,6.26,6700,6.26
2007-12-20,5.85,6.60,5.80,6.45,22200,6.45
2007-12-19,5.75,5.75,5.75,5.75,2800,5.75
2007-12-18,5.60,5.70,5.60,5.70,3600,5.70
2007-12-17,5.50,5.50,5.50,5.50,500,5.50
2007-12-14,5.50,5.50,5.45,5.50,2900,5.50
2007-12-13,5.55,5.55,5.50,5.50,9300,5.50
2007-12-12,5.65,5.65,5.45,5.50,28600,5.50
2007-12-11,5.475,5.55,5.475,5.55,27800,5.55
2007-12-10,5.50,5.60,5.40,5.50,20600,5.50
2007-12-07,5.45,5.45,5.40,5.40,1000,5.40
2007-12-06,5.65,5.75,5.40,5.40,11900,5.40
2007-12-05,5.49,5.55,5.26,5.55,14000,5.55
2007-12-04,5.30,5.30,5.25,5.25,12300,5.25
2007-12-03,5.15,5.25,5.05,5.25,37500,5.25
2007-11-30,4.50,5.10,4.45,4.95,46400,4.95
2007-11-29,4.50,4.65,4.20,4.40,19200,4.40
2007-11-28,3.67,4.00,3.67,3.88,5200,3.88
2007-11-27,3.75,3.75,3.65,3.65,2300,3.65
2007-11-26,4.00,4.50,4.00,4.00,2400,4.00
2007-11-23,4.55,4.55,4.55,4.55,000,4.55
2007-11-21,4.70,4.70,4.50,4.65,11800,4.65
2007-11-20,4.65,4.70,4.50,4.65,11800,4.65
2007-11-19,5.00,5.88,4.65,5.00,7800,5.00
2007-11-16,4.30,5.44,4.30,5.00,24500,5.00
2007-11-15,3.95,4.39,3.95,4.20,27200,4.20
2007-11-14,3.90,4.00,3.85,3.85,10700,3.85
2007-11-13,4.00,4.00,3.90,3.90,13100,3.90
2007-11-12,3.96,3.98,3.80,3.80,3100,3.80
2007-11-09,3.96,3.96,3.96,3.96,000,3.96
2007-11-08,3.96,3.96,3.96,3.96,100,3.96
2007-11-07,3.95,4.00,3.95,3.95,8000,3.95
2007-11-06,3.96,3.96,3.95,3.95,7500,3.95
2007-11-05,3.84,4.10,3.84,3.95,12900,3.95
2007-11-02,3.65,3.95,3.65,3.84,51900,3.84
2007-11-01,3.50,3.50,3.50,3.50,000,3.50
2007-10-31,3.50,3.74,3.35,3.50,2600,3.50
2007-10-30,3.75,3.75,3.50,3.75,11300,3.75
2007-10-29,3.44,3.80,3.43,3.55,19500,3.55
2007-10-26,3.44,3.44,3.44,3.44,1800,3.44
2007-10-25,3.45,3.45,3.45,3.45,000,3.45
2007-10-24,3.30,3.45,3.20,3.45,11900,3.45
2007-10-23,3.30,3.30,3.30,3.30,000,3.30
2007-10-22,3.32,3.32,3.30,3.30,3200,3.30
2007-10-19,3.35,3.36,3.35,3.36,4200,3.36
2007-10-18,3.35,3.45,3.30,3.30,4200,3.30
2007-10-17,3.40,3.40,3.40,3.40,000,3.40
2007-10-16,3.40,3.40,3.40,3.40,000,3.40
2007-10-15,3.41,3.47,3.40,3.40,5500,3.40
2007-10-12,3.40,3.40,3.40,3.40,000,3.40
2007-10-11,3.36,3.40,3.36,3.40,6300,3.40
2007-10-10,3.30,3.75,3.30,3.35,12700,3.35
2007-10-09,3.20,3.20,3.02,3.20,1900,3.20
2007-10-08,3.22,3.22,3.22,3.22,000,3.22
2007-10-05,3.25,3.25,3.22,3.22,1700,3.22
2007-10-04,3.25,3.25,3.25,3.25,000,3.25
2007-10-03,3.25,3.25,3.25,3.25,1300,3.25
2007-10-02,3.50,3.50,3.33,3.33,2800,3.33
2007-10-01,3.20,3.50,3.20,3.25,11400,3.25
2007-09-28,3.20,3.25,3.20,3.20,4700,3.20
2007-09-27,2.65,3.20,2.65,3.20,3300,3.20
2007-09-26,2.95,2.95,2.95,2.95,000,2.95
2007-09-25,2.95,2.95,2.95,2.95,000,2.95
2007-09-24,3.00,3.00,2.95,2.95,3000,2.95
2007-09-21,3.05,3.05,3.03,3.03,800,3.03
2007-09-20,3.00,3.00,3.00,3.00,600,3.00
2007-09-19,3.00,3.00,3.00,3.00,500,3.00
2007-09-18,3.00,3.00,2.80,2.80,2200,2.80
2007-09-17,3.20,3.25,3.10,3.25,1700,3.25
2007-09-14,3.10,3.10,3.10,3.10,000,3.10
2007-09-13,3.10,3.10,3.10,3.10,000,3.10
2007-09-12,3.10,3.10,3.10,3.10,000,3.10
2007-09-11,3.10,3.10,3.10,3.10,300,3.10
2007-09-10,3.25,3.25,3.25,3.25,000,3.25
2007-09-07,3.25,3.25,3.25,3.25,1300,3.25
2007-09-06,3.10,3.10,3.10,3.10,1000,3.10
2007-09-05,3.25,3.25,3.25,3.25,1000,3.25
2007-09-04,3.55,3.55,3.51,3.51,3000,3.51
2007-08-31,3.85,3.85,3.85,3.85,000,3.85
2007-08-30,3.85,3.85,3.85,3.85,000,3.85
2007-08-29,3.875,3.875,3.85,3.85,1700,3.85
2007-08-28,4.00,4.20,4.00,4.00,3500,4.00
2007-08-27,3.825,3.825,3.825,3.825,000,3.825
2007-08-24,3.825,3.825,3.825,3.825,000,3.825
2007-08-23,3.825,3.825,3.825,3.825,000,3.825
2007-08-22,0.46,0.51,0.46,0.51,400,3.82499
2007-08-21,0.50,0.50,0.50,0.50,700,3.74999
2007-08-20,0.50,0.50,0.46,0.50,700,3.74999
2007-08-17,0.40,0.50,0.40,0.50,1000,3.74999
2007-08-16,0.51,0.51,0.45,0.45,5700,3.37499
2007-08-15,0.51,0.51,0.51,0.51,000,3.82499
2007-08-14,0.40,0.46,0.40,0.46,800,3.44999
2007-08-13,0.46,0.46,0.46,0.46,000,3.44999
2007-08-10,0.46,0.46,0.46,0.46,500,3.44999
2007-08-09,0.44,0.51,0.44,0.46,1000,3.44999
2007-08-08,0.47,0.47,0.45,0.46,7500,3.44999
2007-08-07,0.46,0.46,0.46,0.46,000,3.44999
2007-08-06,0.46,0.46,0.46,0.46,000,3.44999
2007-08-03,0.46,0.46,0.46,0.46,600,3.44999
2007-08-02,0.47,0.47,0.47,0.47,600,3.52499
2007-08-01,0.47,0.47,0.47,0.47,000,3.52499
2007-07-31,0.47,0.47,0.47,0.47,600,3.52499
2007-07-30,0.48,0.50,0.45,0.45,4900,3.37499
2007-07-27,0.48,0.48,0.48,0.48,200,3.59999
2007-07-26,0.49,0.49,0.49,0.49,2100,3.67499
2007-07-25,0.48,0.48,0.48,0.48,000,3.59999
2007-07-24,0.45,0.48,0.45,0.48,800,3.59999
2007-07-23,0.50,0.50,0.50,0.50,000,3.74999
2007-07-20,0.50,0.50,0.50,0.50,2000,3.74999
2007-07-19,0.53,0.53,0.49,0.49,600,3.67499
2007-07-18,0.55,0.55,0.55,0.55,3700,4.12499
2007-07-17,0.60,0.60,0.60,0.60,300,4.49999
2007-07-16,0.60,0.60,0.60,0.60,000,4.49999
2007-07-13,0.60,0.60,0.60,0.60,000,4.49999
2007-07-12,0.60,0.60,0.60,0.60,000,4.49999
2007-07-11,0.60,0.60,0.60,0.60,000,4.49999
2007-07-10,0.58,0.60,0.58,0.60,300,4.49999
2007-07-09,0.58,0.58,0.56,0.56,2000,4.19999
2007-07-06,0.60,0.60,0.58,0.60,3800,4.49999
2007-07-05,0.65,0.65,0.65,0.65,000,4.87499
2007-07-03,0.65,0.65,0.65,0.65,000,4.87499
2007-07-02,0.65,0.65,0.65,0.65,500,4.87499
2007-06-29,0.61,0.61,0.61,0.61,600,4.57499
2007-06-28,0.68,0.68,0.68,0.68,000,5.09999
2007-06-27,0.68,0.68,0.68,0.68,000,5.09999
2007-06-26,0.68,0.68,0.68,0.68,000,5.09999
2007-06-25,0.63,0.69,0.63,0.68,5300,5.09999
2007-06-22,0.63,0.65,0.63,0.65,900,4.87499
2007-06-21,0.65,0.65,0.65,0.65,000,4.87499
2007-06-20,0.65,0.65,0.65,0.65,600,4.87499
2007-06-19,0.65,0.65,0.65,0.65,600,4.87499
2007-06-18,0.58,0.58,0.58,0.58,2800,4.34999
2007-06-15,0.56,0.56,0.56,0.56,800,4.19999
2007-06-14,0.56,0.56,0.56,0.56,300,4.19999
2007-06-13,0.55,0.55,0.55,0.55,800,4.12499
2007-06-12,0.55,0.58,0.55,0.55,2400,4.12499
2007-06-11,0.65,0.65,0.62,0.62,1700,4.64999
2007-06-08,0.65,0.65,0.65,0.65,000,4.87499
2007-06-07,0.65,0.65,0.65,0.65,100,4.87499
2007-06-06,0.66,0.67,0.66,0.67,2800,5.02499
2007-06-05,0.69,0.73,0.69,0.71,1800,5.32499
2007-06-04,0.65,0.70,0.65,0.69,7300,5.17499
2007-06-01,0.65,0.65,0.65,0.65,000,4.87499
2007-05-31,0.65,0.65,0.65,0.65,000,4.87499
2007-05-30,0.65,0.65,0.65,0.65,000,4.87499
2007-05-29,0.65,0.65,0.65,0.65,800,4.87499
2007-05-25,0.59,0.59,0.59,0.59,000,4.42499
2007-05-24,0.60,0.60,0.55,0.59,600,4.42499
2007-05-23,0.65,0.65,0.61,0.61,4400,4.57499
2007-05-22,0.67,0.67,0.67,0.67,1300,5.02499
2007-05-21,0.70,0.70,0.68,0.70,1900,5.24999
2007-05-18,0.70,0.70,0.70,0.70,2200,5.24999
2007-05-17,0.73,0.73,0.73,0.73,000,5.47499
2007-05-16,0.73,0.73,0.66,0.66,7500,4.94999
2007-05-15,0.70,0.70,0.70,0.70,1600,5.24999
2007-05-14,0.75,0.75,0.75,0.75,1300,5.62499
2007-05-11,0.70,0.75,0.70,0.75,4300,5.62499
2007-05-10,0.65,0.70,0.65,0.70,400,5.24999
2007-05-09,0.65,0.65,0.64,0.65,1400,4.87499
2007-05-08,0.63,0.63,0.63,0.63,200,4.72499
2007-05-07,0.65,0.65,0.65,0.65,000,4.87499
2007-05-04,0.65,0.65,0.65,0.65,000,4.87499
2007-05-03,0.65,0.65,0.65,0.65,000,4.87499
2007-05-02,0.65,0.65,0.65,0.65,000,4.87499
2007-05-01,0.65,0.65,0.65,0.65,000,4.87499
2007-04-30,0.65,0.65,0.65,0.65,000,4.87499
2007-04-27,0.53,0.65,0.53,0.65,100,4.87499
2007-04-26,0.65,0.65,0.65,0.65,000,4.87499
2007-04-25,0.62,0.65,0.62,0.65,200,4.87499
2007-04-24,0.62,0.62,0.62,0.62,000,4.64999
2007-04-23,0.56,0.56,0.56,0.56,100,4.19999
2007-04-20,0.56,0.56,0.56,0.56,000,4.19999
2007-04-19,0.54,0.63,0.54,0.63,4000,4.72499
2007-04-18,0.52,0.52,0.52,0.52,000,3.89999
2007-04-17,0.52,0.52,0.52,0.52,000,3.89999
2007-04-16,0.52,0.52,0.52,0.52,1300,3.89999
2007-04-13,0.51,0.51,0.51,0.51,300,3.82499
2007-04-12,0.45,0.48,0.45,0.48,600,3.59999
2007-04-11,0.51,0.51,0.51,0.51,000,3.82499
2007-04-10,0.51,0.51,0.51,0.51,1300,3.82499
2007-04-09,0.51,0.51,0.51,0.51,2000,3.82499
2007-04-05,0.46,0.46,0.46,0.46,000,3.44999
2007-04-04,0.46,0.46,0.46,0.46,600,3.44999
2007-04-03,0.49,0.49,0.49,0.49,600,3.67499
2007-04-02,0.49,0.49,0.49,0.49,000,3.67499
2007-03-30,0.50,0.50,0.49,0.49,1300,3.67499
2007-03-29,0.51,0.51,0.51,0.51,000,3.82499
2007-03-28,0.51,0.52,0.51,0.51,2400,3.82499
2007-03-27,0.45,0.45,0.45,0.45,000,3.37499
2007-03-26,0.52,0.52,0.45,0.45,2100,3.37499
2007-03-23,0.53,0.53,0.53,0.53,000,3.97499
2007-03-22,0.51,0.53,0.51,0.53,5700,3.97499
2007-03-21,0.50,0.50,0.50,0.50,000,3.74999
2007-03-20,0.51,0.51,0.51,0.51,200,3.82499
2007-03-19,0.53,0.53,0.52,0.52,1300,3.89999
2007-03-16,0.55,0.55,0.55,0.55,000,4.12499
2007-03-15,0.55,0.55,0.55,0.55,200,4.12499
2007-03-14,0.55,0.55,0.55,0.55,1200,4.12499
2007-03-13,0.51,0.51,0.51,0.51,300,3.82499
2007-03-12,0.55,0.55,0.53,0.53,600,3.97499
2007-03-09,0.54,0.54,0.51,0.51,1900,3.82499
2007-03-08,0.54,0.54,0.54,0.54,000,4.04999
2007-03-07,0.54,0.54,0.54,0.54,300,4.04999
2007-03-06,0.53,0.53,0.53,0.53,300,3.97499
2007-03-05,0.56,0.56,0.56,0.56,000,4.19999
2007-03-02,0.57,0.57,0.56,0.56,3000,4.19999
2007-03-01,0.50,0.59,0.50,0.56,6800,4.19999
2007-02-28,0.50,0.50,0.45,0.45,500,3.37499
2007-02-27,0.55,0.55,0.55,0.55,000,4.12499
2007-02-26,0.60,0.60,0.55,0.55,2800,4.12499
2007-02-23,0.60,0.60,0.60,0.60,100,4.49999
2007-02-22,0.51,0.51,0.51,0.51,100,3.82499
2007-02-21,0.51,0.51,0.51,0.51,000,3.82499
2007-02-20,0.51,0.51,0.51,0.51,6800,3.82499
2007-02-16,0.53,0.53,0.53,0.53,500,3.97499
2007-02-15,0.58,0.60,0.58,0.60,8600,4.49999
2007-02-14,0.59,0.59,0.59,0.59,000,4.42499
2007-02-13,0.59,0.59,0.59,0.59,000,4.42499
2007-02-12,0.52,0.59,0.52,0.59,11600,4.42499
2007-02-09,0.66,0.66,0.51,0.52,6800,3.89999
2007-02-08,0.76,0.76,0.70,0.70,1600,5.24999
2007-02-07,0.76,0.81,0.76,0.76,3500,5.69999
2007-02-06,0.73,0.77,0.73,0.77,5200,5.77499
2007-02-05,0.66,0.66,0.66,0.66,600,4.94999
2007-02-02,0.76,0.76,0.66,0.66,2700,4.94999
2007-02-01,0.71,0.71,0.71,0.71,500,5.32499
2007-01-31,0.71,0.77,0.71,0.72,3800,5.39999
2007-01-30,0.57,0.74,0.56,0.71,8100,5.32499
2007-01-29,0.95,1.01,0.80,0.80,9700,5.99998
2007-01-26,0.55,0.80,0.55,0.80,20100,5.99998
2007-01-25,0.40,0.55,0.33,0.50,15100,3.74999
2007-01-24,0.28,0.33,0.261,0.33,14100,2.47499
2007-01-23,0.26,0.26,0.26,0.26,400,1.95
2007-01-22,0.24,0.25,0.24,0.25,5600,1.875
2007-01-19,0.25,0.25,0.25,0.25,000,1.875
2007-01-18,0.25,0.25,0.25,0.25,000,1.875
2007-01-17,0.25,0.25,0.25,0.25,4600,1.875
2007-01-16,0.26,0.26,0.25,0.25,700,1.875
2007-01-12,0.26,0.26,0.26,0.26,000,1.95
2007-01-11,0.26,0.26,0.26,0.26,000,1.95
2007-01-10,0.205,0.29,0.205,0.26,6200,1.95
2007-01-09,0.25,0.25,0.25,0.25,7900,1.875
2007-01-08,0.20,0.20,0.20,0.20,000,1.50
2007-01-05,0.20,0.23,0.19,0.20,5100,1.50
2007-01-04,0.185,0.20,0.185,0.20,6400,1.50
2007-01-03,0.155,0.18,0.155,0.18,3400,1.35
2006-12-29,0.13,0.15,0.13,0.15,10900,1.125
2006-12-28,0.145,0.145,0.135,0.135,14100,1.0125
2006-12-27,0.141,0.141,0.141,0.141,000,1.0575
2006-12-26,0.141,0.141,0.141,0.141,2200,1.0575
2006-12-22,0.14,0.14,0.14,0.14,2600,1.05
2006-12-21,0.135,0.139,0.135,0.139,1600,1.0425
2006-12-20,0.135,0.135,0.135,0.135,000,1.0125
2006-12-19,0.135,0.135,0.135,0.135,000,1.0125
2006-12-18,0.126,0.135,0.126,0.135,7300,1.0125
2006-12-15,0.125,0.125,0.125,0.125,2600,0.9375
2006-12-14,0.115,0.115,0.115,0.115,000,0.8625
2006-12-13,0.115,0.115,0.115,0.115,200,0.8625
2006-12-12,0.135,0.135,0.135,0.135,000,1.0125
2006-12-11,0.095,0.14,0.095,0.135,18700,1.0125
2006-12-08,0.09,0.10,0.08,0.08,4600,0.60
2006-12-07,0.08,0.08,0.08,0.08,000,0.60
2006-12-06,0.10,0.10,0.08,0.08,2600,0.60
2006-12-05,0.086,0.095,0.086,0.095,3300,0.7125
2006-12-04,0.08,0.09,0.08,0.09,7300,0.675
2006-12-01,0.09,0.09,0.09,0.09,600,0.675
2006-11-30,0.09,0.09,0.09,0.09,000,0.675
2006-11-29,0.08,0.09,0.08,0.09,4100,0.675
2006-11-28,0.08,0.08,0.08,0.08,600,0.60
2006-11-27,0.08,0.08,0.08,0.08,5300,0.60
2006-11-24,0.10,0.10,0.10,0.10,2600,0.75
2006-11-22,0.103,0.103,0.102,0.102,4000,0.765
2006-11-21,0.11,0.11,0.11,0.11,000,0.825
2006-11-20,0.12,0.12,0.11,0.11,1200,0.825
2006-11-17,0.12,0.12,0.12,0.12,1800,0.90
2006-11-16,0.105,0.11,0.105,0.11,4000,0.825
2006-11-15,0.08,0.10,0.08,0.10,14600,0.75
2006-11-14,0.075,0.075,0.075,0.075,000,0.5625
2006-11-13,0.06,0.075,0.06,0.075,12600,0.5625
2006-11-10,0.07,0.075,0.07,0.075,12000,0.5625
2006-11-09,0.075,0.075,0.075,0.075,1300,0.5625
2006-11-08,0.07,0.07,0.07,0.07,4300,0.525
2006-11-07,0.08,0.08,0.06,0.07,6900,0.525
2006-11-06,0.075,0.08,0.075,0.08,2000,0.60
2006-11-03,0.07,0.07,0.07,0.07,1100,0.525
2006-11-02,0.07,0.07,0.07,0.07,000,0.525
2006-11-01,0.075,0.075,0.07,0.07,2400,0.525
2006-10-31,0.07,0.07,0.07,0.07,6100,0.525
2006-10-30,0.10,0.10,0.08,0.08,3800,0.60
2006-10-27,0.06,0.11,0.06,0.10,13500,0.75
2006-10-26,0.06,0.06,0.06,0.06,100,0.45
2006-10-25,0.05,0.05,0.045,0.045,7400,0.3375
2006-10-24,0.046,0.05,0.041,0.05,4700,0.375
2006-10-23,0.06,0.06,0.06,0.06,100,0.45
2006-10-20,0.045,0.045,0.045,0.045,600,0.3375
2006-10-19,0.05,0.05,0.05,0.05,100,0.375
2006-10-18,0.05,0.05,0.05,0.05,000,0.375
2006-10-17,0.05,0.05,0.05,0.05,200,0.375
2006-10-16,0.05,0.05,0.05,0.05,2000,0.375
2006-10-13,0.06,0.06,0.06,0.06,1000,0.45
2006-10-12,0.05,0.06,0.05,0.06,3700,0.45
2006-10-11,0.06,0.06,0.05,0.05,1300,0.375
2006-10-10,0.055,0.055,0.05,0.05,8000,0.375
2006-10-09,0.07,0.07,0.05,0.05,4400,0.375
2006-10-06,0.055,0.06,0.055,0.06,6600,0.45
2006-10-05,0.055,0.055,0.04,0.055,8800,0.4125
2006-10-04,0.07,0.07,0.06,0.06,4000,0.45
2006-10-03,0.09,0.09,0.09,0.09,000,0.675
2006-10-02,0.09,0.09,0.09,0.09,000,0.675
2006-09-29,0.09,0.09,0.09,0.09,000,0.675
2006-09-28,0.07,0.09,0.07,0.09,1400,0.675
2006-09-27,0.09,0.09,0.09,0.09,200,0.675
2006-09-26,0.07,0.07,0.07,0.07,1300,0.525
2006-09-25,0.07,0.07,0.07,0.07,100,0.525
2006-09-22,0.09,0.09,0.09,0.09,000,0.675
2006-09-21,0.09,0.09,0.09,0.09,000,0.675
2006-09-20,0.07,0.07,0.07,0.07,000,0.525
2006-09-19,0.07,0.07,0.07,0.07,900,0.525
2006-09-18,0.08,0.08,0.08,0.08,1300,0.60
2006-09-15,0.10,0.10,0.10,0.10,000,0.75
2006-09-14,0.10,0.10,0.10,0.10,000,0.75
2006-09-13,0.10,0.10,0.10,0.10,000,0.75
2006-09-12,0.10,0.10,0.10,0.10,000,0.75
2006-09-11,0.10,0.10,0.10,0.10,000,0.75
2006-09-08,0.10,0.10,0.10,0.10,200,0.75
2006-09-07,0.08,0.08,0.08,0.08,2000,0.60
2006-09-06,0.10,0.10,0.10,0.10,400,0.75
2006-09-05,0.10,0.10,0.10,0.10,600,0.75
2006-09-01,0.10,0.10,0.10,0.10,000,0.75
2006-08-31,0.10,0.10,0.10,0.10,600,0.75
2006-08-30,0.11,0.11,0.11,0.11,000,0.825
2006-08-29,0.11,0.11,0.11,0.11,1300,0.825
2006-08-28,0.10,0.11,0.10,0.11,700,0.825
2006-08-25,0.11,0.11,0.10,0.10,4700,0.75
2006-08-24,0.14,0.14,0.14,0.14,000,1.05
2006-08-23,0.14,0.14,0.14,0.14,000,1.05
2006-08-22,0.14,0.14,0.14,0.14,100,1.05
2006-08-21,0.15,0.15,0.15,0.15,000,1.125
2006-08-18,0.15,0.15,0.15,0.15,000,1.125
2006-08-17,0.15,0.15,0.15,0.15,000,1.125
2006-08-16,0.15,0.15,0.15,0.15,000,1.125
2006-08-15,0.15,0.15,0.15,0.15,000,1.125
2006-08-14,0.15,0.15,0.15,0.15,000,1.125
2006-08-11,0.15,0.15,0.15,0.15,000,1.125
2006-08-10,0.15,0.15,0.15,0.15,400,1.125
2006-08-09,0.15,0.15,0.15,0.15,300,1.125
2006-08-08,0.10,0.10,0.10,0.10,600,0.75
2006-08-07,0.14,0.15,0.14,0.15,1000,1.125
2006-08-04,0.14,0.14,0.14,0.14,000,1.05
2006-08-03,0.14,0.14,0.14,0.14,000,1.05
2006-08-02,0.14,0.14,0.14,0.14,800,1.05
2006-08-01,0.12,0.12,0.12,0.12,000,0.90
2006-07-31,0.12,0.12,0.12,0.12,000,0.90
2006-07-28,0.12,0.12,0.12,0.12,000,0.90
2006-07-27,0.12,0.12,0.12,0.12,000,0.90
2006-07-26,0.12,0.12,0.12,0.12,000,0.90
2006-07-25,0.12,0.12,0.12,0.12,600,0.90
2006-07-24,0.12,0.12,0.12,0.12,000,0.90
2006-07-21,0.09,0.12,0.09,0.12,2300,0.90
2006-07-20,0.14,0.14,0.14,0.14,000,1.05
2006-07-19,0.14,0.14,0.14,0.14,000,1.05
2006-07-18,0.14,0.14,0.14,0.14,600,1.05
2006-07-17,0.1444,0.1444,0.1444,0.1444,000,1.083
2006-07-14,0.145,0.145,0.1444,0.1444,1300,1.083
2006-07-13,0.15,0.15,0.15,0.15,000,1.125
2006-07-12,0.13,0.15,0.13,0.15,1300,1.125
2006-07-11,0.12,0.13,0.12,0.13,5300,0.975
2006-07-10,0.12,0.12,0.12,0.12,000,0.90
2006-07-07,0.12,0.12,0.12,0.12,000,0.90
2006-07-06,0.11,0.12,0.11,0.12,1700,0.90
2006-07-05,0.15,0.15,0.15,0.15,000,1.125
2006-07-03,0.15,0.15,0.15,0.15,000,1.125
2006-06-30,0.17,0.17,0.15,0.15,2100,1.125
2006-06-29,0.105,0.15,0.105,0.15,5000,1.125
2006-06-28,0.095,0.095,0.095,0.095,000,0.7125
2006-06-27,0.095,0.095,0.095,0.095,000,0.7125
2006-06-26,0.085,0.095,0.085,0.095,700,0.7125
2006-06-23,0.085,0.085,0.085,0.085,000,0.6375
2006-06-22,0.085,0.085,0.085,0.085,000,0.6375
2006-06-21,0.085,0.085,0.085,0.085,000,0.6375
2006-06-20,0.085,0.085,0.085,0.085,000,0.6375
2006-06-19,0.085,0.085,0.085,0.085,000,0.6375
2006-06-16,0.085,0.085,0.085,0.085,000,0.6375
2006-06-15,0.085,0.085,0.085,0.085,2100,0.6375
2006-06-14,0.10,0.105,0.085,0.105,7400,0.7875
2006-06-13,0.105,0.105,0.105,0.105,000,0.7875
2006-06-12,0.11,0.11,0.11,0.11,3300,0.825
2006-06-09,0.18,0.18,0.18,0.18,000,1.35
2006-06-08,0.18,0.18,0.18,0.18,000,1.35
2006-06-07,0.18,0.18,0.18,0.18,000,1.35
2006-06-06,0.18,0.18,0.18,0.18,000,1.35
2006-06-05,0.18,0.18,0.18,0.18,000,1.35
2006-06-02,0.18,0.18,0.18,0.18,000,1.35
2006-06-01,0.18,0.18,0.18,0.18,000,1.35
2006-05-31,0.18,0.18,0.18,0.18,000,1.35
2006-05-30,0.18,0.18,0.18,0.18,000,1.35
2006-05-26,0.18,0.18,0.18,0.18,000,1.35
2006-05-25,0.11,0.18,0.11,0.18,200,1.35
2006-05-24,0.15,0.15,0.15,0.15,200,1.125
2006-05-23,0.11,0.11,0.11,0.11,1300,0.825
2006-05-22,0.20,0.20,0.20,0.20,000,1.50
2006-05-19,0.20,0.20,0.20,0.20,000,1.50
2006-05-18,0.20,0.20,0.20,0.20,000,1.50
2006-05-17,0.20,0.20,0.20,0.20,000,1.50
2006-05-16,0.20,0.20,0.20,0.20,000,1.50
2006-05-15,0.20,0.20,0.20,0.20,000,1.50
2006-05-12,0.20,0.20,0.20,0.20,000,1.50
2006-05-11,0.20,0.20,0.20,0.20,000,1.50
2006-05-10,0.20,0.20,0.20,0.20,000,1.50
2006-05-09,0.11,0.11,0.11,0.11,600,0.825
2006-05-08,0.20,0.20,0.20,0.20,000,1.50
2006-05-05,0.20,0.20,0.20,0.20,000,1.50
2006-05-04,0.20,0.20,0.20,0.20,200,1.50
2006-05-03,0.15,0.20,0.15,0.20,6600,1.50
2006-05-02,0.14,0.14,0.14,0.14,000,1.05
2006-05-01,0.11,0.14,0.11,0.14,700,1.05
2006-04-28,0.11,0.12,0.11,0.11,8800,0.825
2006-04-27,0.15,0.15,0.15,0.15,3200,1.125
2006-04-26,0.15,0.15,0.15,0.15,2800,1.125
2006-04-25,0.18,0.18,0.16,0.16,4100,1.20
2006-04-24,0.25,0.25,0.25,0.25,100,1.875
2006-04-21,0.25,0.25,0.25,0.25,1300,1.875
2006-04-20,0.22,0.22,0.22,0.22,000,1.65
2006-04-19,0.22,0.22,0.22,0.22,100,1.65
2006-04-18,0.18,0.22,0.18,0.22,3800,1.65
2006-04-17,0.20,0.20,0.20,0.20,200,1.50
2006-04-13,0.245,0.245,0.245,0.245,000,1.8375
2006-04-12,0.245,0.245,0.245,0.245,600,1.8375
2006-04-11,0.21,0.25,0.21,0.25,1600,1.875
2006-04-10,0.21,0.21,0.21,0.21,200,1.575
2006-04-07,0.22,0.22,0.19,0.19,5000,1.425
2006-04-06,0.25,0.25,0.25,0.25,000,1.875
2006-04-05,0.25,0.25,0.25,0.25,000,1.875
2006-04-04,0.245,0.25,0.245,0.25,2500,1.875
2006-04-03,0.23,0.23,0.23,0.23,000,1.725
2006-03-31,0.23,0.23,0.23,0.23,1000,1.725
2006-03-30,0.25,0.25,0.23,0.23,2000,1.725
2006-03-29,0.22,0.25,0.22,0.25,2400,1.875
2006-03-28,0.21,0.21,0.15,0.15,1700,1.125
2006-03-27,0.22,0.22,0.22,0.22,700,1.65
2006-03-24,0.22,0.22,0.20,0.22,2500,1.65
2006-03-23,0.18,0.23,0.15,0.22,13200,1.65
2006-03-22,0.13,0.16,0.13,0.16,9300,1.20
2006-03-21,0.11,0.11,0.11,0.11,3300,0.825
2006-03-20,0.10,0.11,0.10,0.11,4400,0.825
2006-03-17,0.12,0.12,0.12,0.12,1300,0.90
2006-03-16,0.13,0.13,0.13,0.13,000,0.975
2006-03-15,0.13,0.13,0.13,0.13,000,0.975
2006-03-14,0.12,0.13,0.12,0.13,3500,0.975
2006-03-13,0.12,0.12,0.12,0.12,000,0.90
2006-03-10,0.12,0.12,0.12,0.12,4500,0.90
2006-03-09,0.14,0.14,0.14,0.14,1300,1.05
2006-03-08,0.15,0.15,0.12,0.15,17300,1.125
2006-03-07,0.18,0.18,0.16,0.16,7000,1.20
2006-03-06,0.20,0.20,0.18,0.18,3300,1.35
2006-03-03,0.235,0.235,0.22,0.22,3300,1.65
2006-03-02,0.27,0.27,0.27,0.27,000,2.02499
2006-03-01,0.27,0.27,0.27,0.27,000,2.02499
2006-02-28,0.27,0.27,0.27,0.27,000,2.02499
2006-02-27,0.27,0.27,0.27,0.27,000,2.02499
2006-02-24,0.27,0.27,0.27,0.27,000,2.02499
2006-02-23,0.27,0.27,0.27,0.27,000,2.02499
2006-02-22,0.27,0.27,0.27,0.27,100,2.02499
2006-02-21,0.25,0.25,0.25,0.25,000,1.875
2006-02-17,0.25,0.25,0.25,0.25,000,1.875
2006-02-16,0.25,0.25,0.25,0.25,000,1.875
2006-02-15,0.25,0.25,0.25,0.25,000,1.875
2006-02-14,0.25,0.25,0.25,0.25,000,1.875
2006-02-13,0.25,0.25,0.25,0.25,100,1.875
2006-02-10,0.25,0.25,0.25,0.25,1200,1.875
2006-02-09,0.29,0.29,0.29,0.29,000,2.17499
2006-02-08,0.29,0.29,0.29,0.29,100,2.17499
2006-02-07,0.30,0.30,0.22,0.22,4400,1.65
2006-02-06,0.30,0.30,0.30,0.30,000,2.24999
2006-02-03,0.30,0.30,0.30,0.30,000,2.24999
2006-02-02,0.30,0.30,0.30,0.30,000,2.24999
2006-02-01,0.30,0.30,0.30,0.30,200,2.24999
2006-01-31,0.30,0.30,0.30,0.30,100,2.24999
2006-01-30,0.28,0.28,0.28,0.28,000,2.09999
2006-01-27,0.28,0.28,0.28,0.28,000,2.09999
2006-01-26,0.28,0.28,0.28,0.28,000,2.09999
2006-01-25,0.28,0.28,0.28,0.28,000,2.09999
2006-01-24,0.28,0.28,0.28,0.28,000,2.09999
2006-01-23,0.28,0.28,0.28,0.28,000,2.09999
2006-01-20,0.28,0.28,0.28,0.28,000,2.09999
2006-01-19,0.28,0.28,0.27,0.28,3000,2.09999
2006-01-18,0.27,0.27,0.27,0.27,000,2.02499
2006-01-17,0.27,0.27,0.27,0.27,000,2.02499
2006-01-13,0.27,0.27,0.27,0.27,000,2.02499
2006-01-12,0.27,0.27,0.27,0.27,000,2.02499
2006-01-11,0.27,0.27,0.27,0.27,000,2.02499
2006-01-10,0.27,0.27,0.27,0.27,000,2.02499
2006-01-09,0.27,0.27,0.27,0.27,000,2.02499
2006-01-06,0.27,0.27,0.27,0.27,000,2.02499
2006-01-05,0.27,0.27,0.27,0.27,000,2.02499
2006-01-04,0.27,0.27,0.27,0.27,000,2.02499
2006-01-03,0.27,0.27,0.27,0.27,000,2.02499
2005-12-30,0.27,0.27,0.27,0.27,000,2.02499
2005-12-29,0.27,0.27,0.27,0.27,000,2.02499
2005-12-28,0.27,0.27,0.27,0.27,000,2.02499
2005-12-27,0.27,0.27,0.27,0.27,400,2.02499
2005-12-23,0.27,0.27,0.27,0.27,000,2.02499
2005-12-22,0.27,0.27,0.27,0.27,200,2.02499
2005-12-21,0.27,0.27,0.27,0.27,000,2.02499
2005-12-20,0.27,0.27,0.27,0.27,000,2.02499
2005-12-19,0.27,0.27,0.27,0.27,000,2.02499
2005-12-16,0.27,0.27,0.27,0.27,400,2.02499
2005-12-15,0.27,0.27,0.27,0.27,000,2.02499
2005-12-14,0.27,0.27,0.27,0.27,000,2.02499
2005-12-13,0.27,0.27,0.27,0.27,000,2.02499
2005-12-12,0.27,0.27,0.27,0.27,000,2.02499
2005-12-09,0.27,0.27,0.27,0.27,000,2.02499
2005-12-08,0.27,0.27,0.27,0.27,000,2.02499
2005-12-07,0.28,0.28,0.27,0.27,2000,2.02499
2005-12-06,0.28,0.28,0.28,0.28,2000,2.09999
2005-12-05,0.40,0.40,0.40,0.40,000,2.99999
2005-12-02,0.40,0.40,0.40,0.40,000,2.99999
2005-12-01,0.40,0.40,0.40,0.40,000,2.99999
2005-11-30,0.40,0.40,0.40,0.40,000,2.99999
2005-11-29,0.40,0.40,0.40,0.40,000,2.99999
2005-11-28,0.40,0.40,0.40,0.40,000,2.99999
2005-11-25,0.40,0.40,0.40,0.40,000,2.99999
2005-11-23,0.30,0.30,0.30,0.30,000,2.24999
2005-11-22,0.30,0.30,0.30,0.30,1700,2.24999
2005-11-21,0.30,0.30,0.30,0.30,200,2.24999
2005-11-18,0.23,0.23,0.23,0.23,000,1.725
2005-11-17,0.23,0.23,0.23,0.23,000,1.725
2005-11-16,0.23,0.23,0.23,0.23,300,1.725
2005-11-15,0.25,0.25,0.25,0.25,000,1.875
2005-11-14,0.23,0.25,0.23,0.25,2700,1.875
2005-11-11,0.25,0.25,0.25,0.25,000,1.875
2005-11-10,0.25,0.25,0.25,0.25,600,1.875
2005-11-09,0.25,0.25,0.25,0.25,700,1.875
2005-11-08,0.25,0.25,0.25,0.25,000,1.875
2005-11-07,0.25,0.25,0.25,0.25,800,1.875
2005-11-04,0.27,0.27,0.27,0.27,000,2.02499
2005-11-03,0.27,0.27,0.27,0.27,000,2.02499
2005-11-02,0.27,0.27,0.27,0.27,000,2.02499
2005-11-01,0.27,0.27,0.27,0.27,000,2.02499
2005-10-31,0.27,0.27,0.27,0.27,000,2.02499
2005-10-28,0.27,0.27,0.27,0.27,000,2.02499
2005-10-27,0.27,0.27,0.27,0.27,000,2.02499
2005-10-26,0.27,0.27,0.27,0.27,000,2.02499
2005-10-25,0.27,0.27,0.27,0.27,000,2.02499
2005-10-24,0.27,0.27,0.27,0.27,000,2.02499
2005-10-21,0.27,0.27,0.27,0.27,000,2.02499
2005-10-20,0.27,0.27,0.27,0.27,000,2.02499
2005-10-19,0.27,0.27,0.27,0.27,000,2.02499
2005-10-18,0.27,0.27,0.27,0.27,000,2.02499
2005-10-17,0.27,0.27,0.27,0.27,000,2.02499
2005-10-14,0.27,0.27,0.27,0.27,000,2.02499
2005-10-13,0.27,0.27,0.27,0.27,000,2.02499
2005-10-12,0.27,0.27,0.27,0.27,000,2.02499
2005-10-11,0.27,0.27,0.27,0.27,000,2.02499
2005-10-10,0.27,0.27,0.27,0.27,200,2.02499
2005-10-07,0.30,0.30,0.30,0.30,100,2.24999
2005-10-06,0.27,0.27,0.27,0.27,000,2.02499
2005-10-05,0.27,0.27,0.27,0.27,000,2.02499
2005-10-04,0.27,0.27,0.27,0.27,000,2.02499
2005-10-03,0.27,0.27,0.27,0.27,1300,2.02499
2005-09-30,0.28,0.28,0.28,0.28,600,2.09999
2005-09-29,0.30,0.30,0.30,0.30,000,2.24999
2005-09-28,0.30,0.30,0.30,0.30,000,2.24999
2005-09-27,0.30,0.30,0.30,0.30,000,2.24999
2005-09-26,0.25,0.30,0.25,0.30,6600,2.24999
2005-09-23,0.28,0.28,0.28,0.28,600,2.09999
2005-09-22,0.28,0.28,0.28,0.28,000,2.09999
2005-09-21,0.28,0.28,0.28,0.28,2000,2.09999
2005-09-20,0.27,0.27,0.27,0.27,000,2.02499
2005-09-19,0.27,0.27,0.27,0.27,000,2.02499
2005-09-16,0.27,0.27,0.27,0.27,000,2.02499
2005-09-15,0.27,0.27,0.27,0.27,3400,2.02499
2005-09-14,0.27,0.27,0.27,0.27,000,2.02499
2005-09-13,0.29,0.29,0.27,0.27,5900,2.02499
2005-09-12,0.29,0.30,0.29,0.29,2000,2.17499
2005-09-09,0.35,0.35,0.35,0.35,000,2.62499
2005-09-08,0.35,0.35,0.35,0.35,000,2.62499
2005-09-07,0.35,0.35,0.35,0.35,000,2.62499
2005-09-06,0.35,0.35,0.35,0.35,000,2.62499
2005-09-02,0.35,0.35,0.35,0.35,000,2.62499
2005-09-01,0.35,0.35,0.35,0.35,000,2.62499
2005-08-31,0.30,0.35,0.29,0.35,800,2.62499
2005-08-30,0.35,0.35,0.30,0.30,1300,2.24999
2005-08-29,0.42,0.42,0.42,0.42,000,3.14999
2005-08-26,0.43,0.43,0.42,0.42,200,3.14999
2005-08-25,0.35,0.35,0.35,0.35,000,2.62499
2005-08-24,0.40,0.45,0.35,0.35,3700,2.62499
2005-08-23,0.35,0.35,0.35,0.35,000,2.62499
2005-08-22,0.25,0.25,0.25,0.25,000,1.875
2005-08-19,0.27,0.27,0.25,0.25,2400,1.875
2005-08-18,0.34,0.34,0.34,0.34,000,2.54999
2005-08-17,0.32,0.34,0.29,0.34,6300,2.54999
2005-08-16,0.32,0.32,0.32,0.32,600,2.39999
2005-08-15,0.32,0.32,0.32,0.32,000,2.39999
2005-08-12,0.32,0.32,0.32,0.32,000,2.39999
2005-08-11,0.32,0.32,0.32,0.32,000,2.39999
2005-08-10,0.32,0.32,0.32,0.32,000,2.39999
2005-08-09,0.35,0.35,0.31,0.32,3400,2.39999
2005-08-08,0.38,0.38,0.38,0.38,000,2.84999
2005-08-05,0.365,0.365,0.365,0.365,000,2.73749
2005-08-04,0.365,0.365,0.365,0.365,000,2.73749
2005-08-03,0.36,0.38,0.34,0.365,10500,2.73749
2005-08-02,0.31,0.36,0.31,0.36,7600,2.69999
2005-08-01,0.32,0.32,0.32,0.32,800,2.39999
2005-07-29,0.46,0.46,0.46,0.46,000,3.44999
2005-07-28,0.40,0.46,0.35,0.46,5800,3.44999
2005-07-27,0.40,0.40,0.40,0.40,900,2.99999
2005-07-26,0.37,0.37,0.37,0.37,000,2.77499
2005-07-25,0.37,0.37,0.37,0.37,1300,2.77499
2005-07-22,0.37,0.37,0.37,0.37,000,2.77499
2005-07-21,0.37,0.45,0.37,0.45,400,3.37499
2005-07-20,0.44,0.44,0.44,0.44,000,3.29999
2005-07-19,0.44,0.44,0.44,0.44,100,3.29999
2005-07-18,0.37,0.37,0.37,0.37,1900,2.77499
2005-07-15,0.40,0.42,0.40,0.42,7600,3.14999
2005-07-14,0.41,0.41,0.40,0.40,2000,2.99999
2005-07-13,0.41,0.44,0.41,0.41,8400,3.07499
2005-07-12,0.41,0.42,0.41,0.42,13300,3.14999
2005-07-11,0.49,0.49,0.49,0.49,000,3.67499
2005-07-08,0.49,0.49,0.49,0.49,100,3.67499
2005-07-07,0.40,0.40,0.35,0.35,1400,2.62499
2005-07-06,0.45,0.45,0.45,0.45,1300,3.37499
2005-07-05,0.48,0.48,0.45,0.45,15400,3.37499
2005-07-01,0.34,0.50,0.34,0.45,8000,3.37499
2005-06-30,0.335,0.34,0.335,0.34,3000,2.54999
2005-06-29,0.34,0.34,0.335,0.335,19300,2.51249
2005-06-28,0.34,0.34,0.34,0.34,11300,2.54999
2005-06-27,0.35,0.35,0.34,0.34,2000,2.54999
2005-06-24,0.44,0.44,0.38,0.38,2800,2.84999
2005-06-23,0.43,0.43,0.38,0.38,600,2.84999
2005-06-22,0.43,0.43,0.43,0.43,500,3.22499
2005-06-21,0.48,0.48,0.43,0.45,29000,3.37499
2005-06-20,0.49,0.49,0.49,0.49,000,3.67499
2005-06-17,0.49,0.49,0.49,0.49,000,3.67499
2005-06-16,0.49,0.49,0.49,0.49,000,3.67499
2005-06-15,0.49,0.49,0.49,0.49,500,3.67499
2005-06-14,0.49,0.49,0.49,0.49,000,3.67499
2005-06-13,0.49,0.49,0.49,0.49,000,3.67499
2005-06-10,0.49,0.50,0.48,0.50,14000,3.74999
2005-06-09,0.45,0.46,0.45,0.46,2800,3.44999
2005-06-08,0.45,0.45,0.45,0.45,000,3.37499
2005-06-07,0.44,0.45,0.44,0.45,18200,3.37499
2005-06-06,0.42,0.42,0.42,0.42,000,3.14999
2005-06-03,0.45,0.45,0.42,0.42,900,3.14999
2005-06-02,0.45,0.45,0.45,0.45,000,3.37499
2005-06-01,0.41,0.45,0.41,0.45,1300,3.37499
2005-05-31,0.45,0.45,0.45,0.45,100,3.37499
2005-05-27,0.41,0.41,0.41,0.41,000,3.07499
2005-05-26,0.41,0.41,0.41,0.41,000,3.07499
2005-05-25,0.41,0.41,0.41,0.41,5300,3.07499
2005-05-24,0.45,0.45,0.41,0.41,15200,3.07499
2005-05-23,0.44,0.44,0.44,0.44,1800,3.29999
2005-05-20,0.39,0.39,0.39,0.39,000,2.92499
2005-05-19,0.39,0.39,0.39,0.39,000,2.92499
2005-05-18,0.39,0.39,0.39,0.39,000,2.92499
2005-05-17,0.39,0.39,0.39,0.39,000,2.92499
2005-05-16,0.39,0.39,0.39,0.39,000,2.92499
2005-05-13,0.39,0.39,0.39,0.39,000,2.92499
2005-05-12,0.39,0.39,0.39,0.39,000,2.92499
2005-05-11,0.39,0.40,0.39,0.39,13300,2.92499
2005-05-10,0.36,0.36,0.36,0.36,000,2.69999
2005-05-09,0.36,0.36,0.36,0.36,000,2.69999
2005-05-06,0.36,0.36,0.36,0.36,000,2.69999
2005-05-05,0.36,0.36,0.36,0.36,200,2.69999
2005-05-04,0.35,0.36,0.35,0.35,13500,2.62499
2005-05-03,0.43,0.43,0.40,0.40,100,2.99999
2005-05-02,0.35,0.36,0.32,0.32,13900,2.39999
2005-04-29,0.35,0.35,0.25,0.30,5700,2.24999
2005-04-28,0.25,0.25,0.25,0.25,000,1.875
2005-04-27,0.35,0.35,0.35,0.35,000,2.62499
2005-04-26,0.35,0.35,0.35,0.35,000,2.62499
2005-04-25,0.35,0.35,0.35,0.35,000,2.62499
2005-04-22,0.30,0.30,0.30,0.30,000,2.24999
2005-04-21,0.30,0.30,0.30,0.30,000,2.24999
2005-04-20,0.34,0.34,0.30,0.30,1600,2.24999
2005-04-19,0.35,0.35,0.35,0.35,000,2.62499
2005-04-18,0.33,0.35,0.33,0.35,700,2.62499
2005-04-15,0.30,0.33,0.30,0.33,1800,2.47499
2005-04-14,0.30,0.30,0.30,0.30,600,2.24999
2005-04-13,0.31,0.31,0.31,0.31,1300,2.32499
2005-04-12,0.29,0.29,0.29,0.29,000,2.17499
2005-04-11,0.29,0.29,0.29,0.29,000,2.17499
2005-04-08,0.30,0.30,0.27,0.29,4700,2.17499
2005-04-07,0.32,0.32,0.30,0.30,3600,2.24999
2005-04-06,0.32,0.32,0.32,0.32,000,2.39999
2005-04-05,0.32,0.32,0.32,0.32,000,2.39999
2005-04-04,0.32,0.32,0.32,0.32,000,2.39999
2005-04-01,0.35,0.35,0.32,0.32,2000,2.39999
2005-03-31,0.35,0.37,0.35,0.37,500,2.77499
2005-03-30,0.35,0.35,0.35,0.35,500,2.62499
2005-03-29,0.25,0.35,0.25,0.30,200,2.24999
2005-03-28,0.29,0.29,0.29,0.29,000,2.17499
2005-03-24,0.29,0.29,0.29,0.29,000,2.17499
2005-03-23,0.29,0.29,0.29,0.29,000,2.17499
2005-03-22,0.29,0.29,0.29,0.29,000,2.17499
2005-03-21,0.29,0.29,0.29,0.29,000,2.17499
2005-03-18,0.29,0.29,0.29,0.29,000,2.17499
2005-03-17,0.29,0.29,0.29,0.29,000,2.17499
2005-03-16,0.29,0.29,0.29,0.29,000,2.17499
2005-03-15,0.29,0.29,0.29,0.29,000,2.17499
2005-03-14,0.36,0.36,0.29,0.29,2800,2.17499
2005-03-11,0.36,0.36,0.36,0.36,000,2.69999
2005-03-10,0.36,0.36,0.36,0.36,000,2.69999
2005-03-09,0.37,0.37,0.37,0.37,000,2.77499
2005-03-08,0.37,0.37,0.37,0.37,000,2.77499
2005-03-07,0.36,0.37,0.36,0.37,2300,2.77499
2005-03-04,0.36,0.36,0.36,0.36,000,2.69999
2005-03-03,0.36,0.36,0.36,0.36,000,2.69999
2005-03-02,0.36,0.36,0.36,0.36,000,2.69999
2005-03-01,0.36,0.36,0.36,0.36,000,2.69999
2005-02-28,0.36,0.36,0.36,0.36,000,2.69999
2005-02-25,0.36,0.36,0.36,0.36,000,2.69999
2005-02-24,0.36,0.36,0.36,0.36,000,2.69999
2005-02-23,0.36,0.36,0.36,0.36,000,2.69999
2005-02-22,0.36,0.36,0.36,0.36,100,2.69999
2005-02-18,0.50,0.50,0.50,0.50,000,3.74999
2005-02-17,0.50,0.50,0.50,0.50,000,3.74999
2005-02-16,0.50,0.50,0.50,0.50,000,3.74999
2005-02-15,0.50,0.50,0.50,0.50,000,3.74999
2005-02-14,0.50,0.50,0.50,0.50,000,3.74999
2005-02-11,0.51,0.51,0.50,0.50,000,3.74999
2005-02-10,0.50,0.50,0.50,0.50,000,3.74999
2005-02-09,0.44,0.44,0.44,0.44,000,3.29999
2005-02-08,0.40,0.44,0.38,0.44,3300,3.29999
2005-02-07,0.38,0.40,0.38,0.38,1600,2.84999
2005-02-04,0.29,0.29,0.29,0.29,000,2.17499
2005-02-03,0.29,0.29,0.29,0.29,000,2.17499
2005-02-02,0.29,0.29,0.29,0.29,000,2.17499
2005-02-01,0.34,0.34,0.29,0.29,1600,2.17499
2005-01-31,0.25,0.25,0.25,0.25,400,1.875
2005-01-28,0.24,0.24,0.24,0.24,000,1.80
2005-01-27,0.24,0.24,0.24,0.24,000,1.80
2005-01-26,0.24,0.24,0.24,0.24,1300,1.80
2005-01-25,0.16,0.16,0.16,0.16,000,1.20
2005-01-24,0.16,0.16,0.16,0.16,000,1.20
2005-01-21,0.16,0.16,0.16,0.16,000,1.20
2005-01-20,0.16,0.16,0.16,0.16,000,1.20
2005-01-19,0.16,0.16,0.16,0.16,000,1.20
2005-01-18,0.16,0.16,0.16,0.16,000,1.20
2005-01-14,0.16,0.16,0.16,0.16,000,1.20
2005-01-13,0.16,0.16,0.16,0.16,000,1.20
2005-01-12,0.16,0.16,0.16,0.16,000,1.20
2005-01-11,0.16,0.16,0.16,0.16,000,1.20
2005-01-10,0.16,0.16,0.16,0.16,000,1.20
2005-01-07,0.16,0.16,0.16,0.16,000,1.20
2005-01-06,0.16,0.16,0.16,0.16,000,1.20
2005-01-05,0.16,0.16,0.16,0.16,000,1.20
2005-01-04,0.16,0.16,0.16,0.16,000,1.20
2005-01-03,0.16,0.16,0.16,0.16,000,1.20
2004-12-31,0.16,0.16,0.16,0.16,000,1.20
2004-12-30,0.16,0.16,0.16,0.16,000,1.20
2004-12-29,0.16,0.20,0.16,0.16,2500,1.20
2004-12-28,0.16,0.16,0.16,0.16,000,1.20
2004-12-27,0.21,0.21,0.21,0.21,000,1.575
2004-12-23,0.21,0.21,0.21,0.21,600,1.575
2004-12-22,0.16,0.16,0.16,0.16,500,1.20
2004-12-21,0.16,0.16,0.16,0.16,000,1.20
2004-12-20,0.16,0.16,0.16,0.16,000,1.20
2004-12-17,0.16,0.16,0.16,0.16,000,1.20
2004-12-16,0.16,0.16,0.16,0.16,000,1.20
2004-12-15,0.16,0.16,0.16,0.16,200,1.20
2004-12-14,0.18,0.18,0.17,0.18,1300,1.35
2004-12-13,0.17,0.17,0.17,0.17,200,1.275
2004-12-10,0.17,0.17,0.17,0.17,000,1.275
2004-12-09,0.17,0.17,0.17,0.17,000,1.275
2004-12-08,0.17,0.17,0.17,0.17,000,1.275
2004-12-07,0.17,0.17,0.17,0.17,000,1.275
2004-12-06,0.17,0.17,0.17,0.17,000,1.275
2004-12-03,0.17,0.17,0.17,0.17,000,1.275
2004-12-02,0.17,0.17,0.17,0.17,100,1.275
2004-12-01,0.24,0.24,0.24,0.24,000,1.80
2004-11-30,0.24,0.24,0.24,0.24,000,1.80
2004-11-29,0.24,0.24,0.24,0.24,000,1.80
2004-11-26,0.24,0.24,0.24,0.24,000,1.80
2004-11-24,0.24,0.24,0.24,0.24,000,1.80
2004-11-23,0.24,0.24,0.24,0.24,000,1.80
2004-11-22,0.24,0.24,0.24,0.24,800,1.80
2004-11-19,0.21,0.24,0.21,0.24,3300,1.80
2004-11-18,0.17,0.17,0.16,0.17,1100,1.275
2004-11-17,0.17,0.17,0.17,0.17,200,1.275
2004-11-16,0.17,0.17,0.15,0.15,3600,1.125
2004-11-15,0.19,0.19,0.19,0.19,1300,1.425
2004-11-12,0.19,0.20,0.18,0.18,10600,1.35
2004-11-11,0.20,0.20,0.20,0.20,200,1.50
2004-11-10,0.19,0.19,0.19,0.19,000,1.425
2004-11-09,0.19,0.19,0.19,0.19,000,1.425
2004-11-08,0.19,0.19,0.19,0.19,000,1.425
2004-11-05,0.19,0.19,0.19,0.19,000,1.425
2004-11-04,0.19,0.19,0.19,0.19,000,1.425
2004-11-03,0.19,0.19,0.19,0.19,1300,1.425
2004-11-02,0.20,0.20,0.19,0.20,4000,1.50
2004-11-01,0.20,0.20,0.20,0.20,000,1.50
2004-10-29,0.22,0.24,0.20,0.20,3700,1.50
2004-10-28,0.23,0.23,0.22,0.22,1300,1.65
2004-10-27,0.27,0.32,0.23,0.23,7300,1.725
2004-10-26,0.23,0.23,0.23,0.23,000,1.725
2004-10-25,0.25,0.28,0.23,0.23,4000,1.725
2004-10-22,0.29,0.29,0.29,0.29,000,2.17499
2004-10-21,0.29,0.29,0.26,0.29,1400,2.17499
2004-10-20,0.28,0.28,0.28,0.28,600,2.09999
2004-10-19,0.28,0.28,0.28,0.28,000,2.09999
2004-10-18,0.28,0.28,0.28,0.28,000,2.09999
2004-10-15,0.28,0.28,0.28,0.28,000,2.09999
2004-10-14,0.28,0.28,0.28,0.28,000,2.09999
2004-10-13,0.28,0.28,0.28,0.28,000,2.09999
2004-10-12,0.28,0.28,0.28,0.28,000,2.09999
2004-10-11,0.28,0.28,0.28,0.28,000,2.09999
2004-10-08,0.28,0.28,0.28,0.28,000,2.09999
2004-10-07,0.28,0.28,0.28,0.28,000,2.09999
2004-10-06,0.28,0.28,0.28,0.28,000,2.09999
2004-10-05,0.28,0.28,0.28,0.28,000,2.09999
2004-10-04,0.28,0.29,0.28,0.28,2800,2.09999
2004-10-01,0.28,0.30,0.28,0.28,800,2.09999
2004-09-30,0.28,0.28,0.28,0.28,000,2.09999
2004-09-29,0.28,0.28,0.28,0.28,000,2.09999
2004-09-28,0.28,0.28,0.28,0.28,400,2.09999
2004-09-27,0.37,0.37,0.37,0.37,000,2.77499
2004-09-24,0.37,0.37,0.37,0.37,000,2.77499
2004-09-23,0.37,0.37,0.37,0.37,1300,2.77499
2004-09-22,0.30,0.30,0.30,0.30,000,2.24999
2004-09-21,0.30,0.30,0.30,0.30,000,2.24999
2004-09-20,0.28,0.30,0.28,0.30,100,2.24999
2004-09-17,0.42,0.42,0.28,0.28,7300,2.09999
2004-09-16,0.42,0.42,0.42,0.42,000,3.14999
2004-09-15,0.42,0.42,0.42,0.42,000,3.14999
2004-09-14,0.42,0.42,0.42,0.42,000,3.14999
2004-09-13,0.43,0.43,0.42,0.42,1500,3.14999
2004-09-10,0.40,0.40,0.40,0.40,000,2.99999
2004-09-09,0.40,0.40,0.40,0.40,000,2.99999
2004-09-08,0.40,0.40,0.40,0.40,000,2.99999
2004-09-07,0.40,0.40,0.40,0.40,000,2.99999
2004-09-03,0.40,0.40,0.40,0.40,000,2.99999
2004-09-02,0.40,0.40,0.40,0.40,000,2.99999
2004-09-01,0.40,0.40,0.40,0.40,000,2.99999
2004-08-31,0.40,0.40,0.40,0.40,000,2.99999
2004-08-30,0.40,0.40,0.40,0.40,000,2.99999
2004-08-27,0.40,0.40,0.40,0.40,000,2.99999
2004-08-26,0.40,0.40,0.40,0.40,000,2.99999
2004-08-25,0.40,0.40,0.40,0.40,000,2.99999
2004-08-24,0.40,0.40,0.40,0.40,000,2.99999
2004-08-23,0.40,0.40,0.40,0.40,000,2.99999
2004-08-20,0.40,0.40,0.40,0.40,000,2.99999
2004-08-19,0.40,0.40,0.40,0.40,000,2.99999
