Date,Open,High,Low,Close,Volume,Adj Close
2013-02-07,2.54,2.54,2.53,2.53,49500,2.53
2013-02-06,2.52,2.54,2.52,2.53,70100,2.53
2013-02-05,2.52,2.53,2.52,2.52,24700,2.52
2013-02-04,2.51,2.521,2.51,2.52,26000,2.52
2013-02-01,2.53,2.53,2.52,2.53,7700,2.53
2013-01-31,2.53,2.53,2.51,2.52,24600,2.52
2013-01-30,2.53,2.53,2.51,2.51,7300,2.51
2013-01-29,2.53,2.53,2.52,2.52,45800,2.52
2013-01-28,2.52,2.53,2.51,2.53,54700,2.53
2013-01-25,2.51,2.53,2.51,2.52,69500,2.52
2013-01-24,2.52,2.52,2.51,2.51,15600,2.51
2013-01-23,2.51,2.53,2.51,2.52,10100,2.52
2013-01-22,2.50,2.53,2.50,2.53,50400,2.53
2013-01-21,2.50,2.50,2.50,2.50,000,2.50
2013-01-18,2.52,2.52,2.50,2.50,57300,2.50
2013-01-17,2.51,2.53,2.50,2.51,100700,2.51
2013-01-16,2.53,2.53,2.51,2.53,14500,2.53
2013-01-15,2.51,2.54,2.51,2.54,32900,2.54
2013-01-14,2.53,2.53,2.51,2.53,16100,2.53
2013-01-11,2.51,2.53,2.50,2.53,154200,2.53
2013-01-10,2.51,2.54,2.51,2.53,220800,2.53
2013-01-09,2.50,2.53,2.50,2.53,164200,2.53
2013-01-08,2.50,2.51,2.49,2.51,22800,2.51
2013-01-07,2.48,2.51,2.48,2.51,93800,2.51
2013-01-04,2.49,2.49,2.48,2.49,17300,2.49
2013-01-03,2.48,2.49,2.48,2.49,75000,2.49
2013-01-02,2.49,2.49,2.47,2.49,103100,2.49
2013-01-01,2.49,2.49,2.49,2.49,000,2.49
2012-12-31,2.46,2.49,2.46,2.49,115700,2.49
2012-12-28,2.45,2.49,2.45,2.48,64500,2.48
2012-12-27,2.49,2.49,2.46,2.47,90900,2.47
2012-12-26,2.45,2.47,2.45,2.47,40100,2.47
2012-12-25,2.46,2.46,2.46,2.46,000,2.46
2012-12-24,2.47,2.47,2.45,2.46,7100,2.46
2012-12-21,2.47,2.49,2.4401,2.49,132800,2.49
2012-12-20,2.46,2.49,2.45,2.49,151600,2.49
2012-12-19,2.44,2.47,2.44,2.46,77300,2.46
2012-12-18,2.44,2.45,2.43,2.45,663300,2.45
2012-12-17,2.46,2.46,2.44,2.45,127500,2.45
2012-12-14,2.46,2.46,2.45,2.46,156600,2.46
2012-12-13,2.47,2.49,2.44,2.46,96000,2.46
2012-12-12,2.44,2.46,2.44,2.46,128300,2.46
2012-12-11,2.45,2.48,2.45,2.46,56700,2.46
2012-12-10,2.44,2.45,2.4301,2.45,70600,2.45
2012-12-07,2.44,2.45,2.43,2.45,153900,2.45
2012-12-06,2.45,2.45,2.42,2.44,640300,2.44
2012-12-05,2.44,2.4401,2.43,2.44,83200,2.44
2012-12-04,2.43,2.45,2.43,2.43,8800,2.43
2012-12-03,2.45,2.45,2.43,2.45,15300,2.45
2012-11-30,2.43,2.4422,2.43,2.44,68900,2.44
2012-11-29,2.46,2.46,2.43,2.43,130600,2.43
2012-11-28,2.43,2.45,2.43,2.45,145200,2.45
2012-11-27,2.43,2.45,2.43,2.44,60700,2.44
2012-11-26,2.45,2.45,2.43,2.4301,42600,2.4301
2012-11-23,2.43,2.44,2.43,2.43,20100,2.43
2012-11-22,2.43,2.43,2.43,2.43,000,2.43
2012-11-21,2.43,2.43,2.43,2.43,21800,2.43
2012-11-20,2.43,2.44,2.43,2.43,38900,2.43
2012-11-19,2.45,2.45,2.42,2.43,67400,2.43
2012-11-16,2.43,2.4301,2.43,2.4301,600,2.4301
2012-11-15,2.43,2.43,2.43,2.43,9400,2.43
2012-11-14,2.43,2.44,2.43,2.43,9800,2.43
2012-11-13,2.44,2.4499,2.43,2.43,81300,2.43
2012-11-12,2.44,2.4401,2.43,2.44,10500,2.44
2012-11-09,2.43,2.45,2.43,2.44,88300,2.44
2012-11-08,2.43,2.45,2.43,2.44,56700,2.44
2012-11-07,2.45,2.46,2.43,2.44,69600,2.44
2012-11-06,2.45,2.46,2.45,2.46,41500,2.46
2012-11-05,2.46,2.46,2.45,2.46,53800,2.46
2012-11-02,2.45,2.46,2.45,2.46,63600,2.46
2012-11-01,2.43,2.48,2.43,2.46,53600,2.46
2012-10-31,2.45,2.46,2.44,2.46,53700,2.46
2012-10-30,2.4599,2.4599,2.4599,2.4599,000,2.4599
2012-10-29,2.4599,2.4599,2.4599,2.4599,000,2.4599
2012-10-26,2.47,2.50,2.45,2.4599,57200,2.4599
2012-10-25,2.45,2.47,2.45,2.46,43800,2.46
2012-10-24,2.43,2.46,2.43,2.46,109600,2.46
2012-10-23,2.45,2.45,2.42,2.44,47000,2.44
2012-10-22,2.45,2.45,2.42,2.45,120700,2.45
2012-10-19,2.45,2.46,2.44,2.45,133100,2.45
2012-10-18,2.32,2.49,2.32,2.45,1075600,2.45
2012-10-17,1.35,1.35,1.35,1.35,000,1.35
2012-10-16,1.35,1.3534,1.3499,1.35,2800,1.35
2012-10-15,1.31,1.3817,1.31,1.33,7400,1.33
2012-10-12,1.30,1.38,1.28,1.3163,2600,1.3163
2012-10-11,1.28,1.33,1.28,1.33,7000,1.33
2012-10-10,1.30,1.3699,1.27,1.36,2000,1.36
2012-10-09,1.36,1.36,1.26,1.27,14100,1.27
2012-10-08,1.32,1.35,1.32,1.34,500,1.34
2012-10-05,1.29,1.35,1.25,1.35,14400,1.35
2012-10-04,1.31,1.33,1.30,1.33,6400,1.33
2012-10-03,1.36,1.36,1.31,1.32,11800,1.32
2012-10-02,1.43,1.43,1.31,1.35,24800,1.35
2012-10-01,1.42,1.42,1.41,1.41,6500,1.41
2012-09-28,1.42,1.44,1.42,1.44,2600,1.44
2012-09-27,1.43,1.43,1.43,1.43,000,1.43
2012-09-26,1.43,1.4301,1.43,1.43,1700,1.43
2012-09-25,1.45,1.4501,1.45,1.45,1700,1.45
2012-09-24,1.50,1.50,1.50,1.50,500,1.50
2012-09-21,1.43,1.50,1.43,1.50,14600,1.50
2012-09-20,1.45,1.4725,1.45,1.4725,1000,1.4725
2012-09-19,1.46,1.4899,1.45,1.45,2400,1.45
2012-09-18,1.45,1.50,1.45,1.50,800,1.50
2012-09-17,1.40,1.49,1.40,1.45,1900,1.45
2012-09-14,1.54,1.5483,1.40,1.44,23800,1.44
2012-09-13,1.45,1.56,1.40,1.50,12200,1.50
2012-09-12,1.47,1.59,1.40,1.40,28400,1.40
2012-09-11,1.45,1.45,1.40,1.41,12200,1.41
2012-09-10,1.41,1.47,1.41,1.47,6400,1.47
2012-09-07,1.44,1.47,1.41,1.42,22300,1.42
2012-09-06,1.40,1.40,1.39,1.40,6000,1.40
2012-09-05,1.40,1.47,1.40,1.41,8400,1.41
2012-09-04,1.47,1.47,1.44,1.4699,5900,1.4699
2012-09-03,1.4699,1.4699,1.4699,1.4699,000,1.4699
2012-08-31,1.41,1.48,1.41,1.4699,4700,1.4699
2012-08-30,1.47,1.47,1.39,1.39,5100,1.39
2012-08-29,1.40,1.46,1.40,1.40,3700,1.40
2012-08-28,1.48,1.48,1.40,1.40,4700,1.40
2012-08-27,1.45,1.53,1.40,1.40,8300,1.40
2012-08-24,1.34,1.48,1.34,1.405,18800,1.405
2012-08-23,1.30,1.46,1.30,1.3401,9000,1.3401
2012-08-22,1.27,1.3232,1.26,1.26,23600,1.26
2012-08-21,1.31,1.34,1.29,1.29,7500,1.29
2012-08-20,1.26,1.30,1.2401,1.30,12000,1.30
2012-08-17,1.23,1.30,1.18,1.30,40800,1.30
2012-08-16,1.23,1.24,1.22,1.24,9400,1.24
2012-08-15,1.24,1.24,1.20,1.22,12800,1.22
2012-08-14,1.24,1.25,1.22,1.25,11200,1.25
2012-08-13,1.20,1.26,1.20,1.24,6900,1.24
2012-08-10,1.21,1.2539,1.21,1.23,10800,1.23
2012-08-09,1.23,1.2301,1.22,1.22,7200,1.22
2012-08-08,1.24,1.33,1.20,1.20,15600,1.20
2012-08-07,1.20,1.31,1.20,1.22,21900,1.22
2012-08-06,1.225,1.25,1.22,1.22,7900,1.22
2012-08-03,1.22,1.22,1.20,1.22,22100,1.22
2012-08-02,1.20,1.26,1.20,1.22,22500,1.22
2012-08-01,1.27,1.28,1.21,1.28,7300,1.28
2012-07-31,1.26,1.30,1.21,1.29,19300,1.29
2012-07-30,1.23,1.3081,1.23,1.23,25900,1.23
2012-07-27,1.29,1.32,1.20,1.2831,36500,1.2831
2012-07-26,1.33,1.44,1.2212,1.28,47900,1.28
2012-07-25,1.47,1.47,1.37,1.37,48500,1.37
2012-07-24,1.55,1.55,1.43,1.47,120700,1.47
2012-07-23,1.70,1.70,1.62,1.69,11600,1.69
2012-07-20,1.62,1.7599,1.62,1.62,13300,1.62
2012-07-19,1.63,1.66,1.608,1.608,14200,1.608
2012-07-18,1.68,1.75,1.65,1.70,46300,1.70
2012-07-17,1.75,1.75,1.65,1.70,15400,1.70
2012-07-16,1.67,1.79,1.67,1.77,14700,1.77
2012-07-13,1.74,1.83,1.63,1.708,20600,1.708
2012-07-12,1.65,1.80,1.65,1.74,19800,1.74
2012-07-11,1.65,1.75,1.61,1.66,14500,1.66
2012-07-10,1.67,1.70,1.601,1.65,14100,1.65
2012-07-09,1.60,1.75,1.57,1.71,38900,1.71
2012-07-06,1.58,1.60,1.56,1.585,33200,1.585
2012-07-05,1.58,1.65,1.58,1.59,13700,1.59
2012-07-04,1.58,1.58,1.58,1.58,000,1.58
2012-07-03,1.64,1.64,1.58,1.58,10700,1.58
2012-07-02,1.62,1.62,1.57,1.61,49500,1.61
2012-06-29,1.64,1.65,1.60,1.62,35500,1.62
2012-06-28,1.66,1.69,1.60,1.68,26000,1.68
2012-06-27,1.665,1.715,1.6325,1.67,18500,1.67
2012-06-26,1.75,1.7501,1.65,1.68,40300,1.68
2012-06-25,1.75,1.79,1.65,1.72,38800,1.72
2012-06-22,1.74,1.75,1.67,1.75,45700,1.75
2012-06-21,1.79,1.79,1.75,1.75,8400,1.75
2012-06-20,1.68,1.80,1.68,1.77,21000,1.77
2012-06-19,1.87,1.89,1.67,1.68,48700,1.68
2012-06-18,1.71,1.97,1.71,1.87,33900,1.87
2012-06-15,1.76,1.79,1.7011,1.75,20600,1.75
2012-06-14,1.78,1.78,1.61,1.71,36500,1.71
2012-06-13,1.72,1.75,1.71,1.72,8900,1.72
2012-06-12,1.79,1.79,1.70,1.75,81300,1.75
2012-06-11,1.65,1.79,1.65,1.79,21000,1.79
2012-06-08,1.78,1.78,1.63,1.63,24400,1.63
2012-06-07,1.61,1.80,1.61,1.74,75500,1.74
2012-06-06,1.66,1.66,1.6325,1.64,27300,1.64
2012-06-05,1.68,1.68,1.65,1.67,8200,1.67
2012-06-04,1.70,1.71,1.64,1.64,34800,1.64
2012-06-01,1.72,1.84,1.6675,1.72,48200,1.72
2012-05-31,1.76,1.77,1.72,1.74,22000,1.74
2012-05-30,1.75,1.80,1.75,1.771,16300,1.771
2012-05-29,1.79,1.83,1.67,1.80,68200,1.80
2012-05-28,1.761,1.761,1.761,1.761,000,1.761
2012-05-25,1.75,1.775,1.75,1.761,8000,1.761
2012-05-24,1.83,1.8799,1.75,1.79,43500,1.79
2012-05-23,1.74,1.82,1.7501,1.80,24200,1.80
2012-05-22,1.80,1.8114,1.67,1.73,32700,1.73
2012-05-21,1.87,1.87,1.72,1.75,73300,1.75
2012-05-18,1.91,1.93,1.8701,1.90,21700,1.90
2012-05-17,1.98,2.00,1.90,1.92,39000,1.92
2012-05-16,2.09,2.1779,1.923,2.00,63100,2.00
2012-05-15,2.14,2.19,2.08,2.15,83000,2.15
2012-05-14,2.09,2.18,2.07,2.15,23700,2.15
2012-05-11,2.08,2.17,2.0599,2.07,29700,2.07
2012-05-10,2.19,2.19,2.02,2.13,40100,2.13
2012-05-09,2.13,2.19,2.10,2.17,32400,2.17
2012-05-08,2.15,2.16,2.10,2.13,84000,2.13
2012-05-07,2.29,2.29,2.186,2.24,41700,2.24
2012-05-04,2.19,2.27,2.19,2.22,70900,2.22
2012-05-03,2.32,2.32,2.20,2.23,95800,2.23
2012-05-02,2.35,2.38,2.28,2.329,41600,2.329
2012-05-01,2.31,2.39,2.30,2.39,42900,2.39
2012-04-30,2.49,2.49,2.31,2.3101,61900,2.3101
2012-04-27,2.55,2.55,2.25,2.48,160400,2.48
2012-04-26,2.84,2.84,2.48,2.54,170700,2.54
2012-04-25,2.58,2.73,2.50,2.68,343800,2.68
2012-04-24,2.79,2.95,2.65,2.95,164500,2.95
2012-04-23,2.90,2.90,2.65,2.74,156300,2.74
2012-04-20,3.02,3.12,2.84,2.89,144500,2.89
2012-04-19,2.97,3.02,2.92,2.97,157500,2.97
2012-04-18,2.85,2.934,2.84,2.90,57000,2.90
2012-04-17,2.92,2.97,2.80,2.83,93200,2.83
2012-04-16,2.56,2.98,2.56,2.89,210300,2.89
2012-04-13,2.49,2.60,2.47,2.60,76100,2.60
2012-04-12,2.50,2.70,2.50,2.561,73700,2.561
2012-04-11,2.71,2.75,2.51,2.53,63500,2.53
2012-04-10,2.64,2.64,2.45,2.63,130100,2.63
2012-04-09,2.73,2.73,2.5701,2.62,110100,2.62
2012-04-06,2.75,2.75,2.75,2.75,000,2.75
2012-04-05,2.65,2.85,2.55,2.75,172400,2.75
2012-04-04,2.88,2.88,2.55,2.64,236100,2.64
2012-04-03,2.81,2.87,2.71,2.84,149100,2.84
2012-04-02,2.73,3.01,2.59,2.85,804100,2.85
2012-03-30,2.21,3.60,2.11,2.53,1690000,2.53
2012-03-29,2.19,2.29,2.19,2.23,5100,2.23
2012-03-28,2.26,2.26,2.16,2.19,6300,2.19
2012-03-27,2.35,2.37,2.30,2.30,10800,2.30
2012-03-26,2.35,2.35,2.30,2.35,29100,2.35
2012-03-23,2.35,2.35,2.30,2.311,35200,2.311
2012-03-22,2.39,2.45,2.261,2.32,26100,2.32
2012-03-21,2.17,2.39,2.1401,2.39,27800,2.39
2012-03-20,2.06,2.17,2.06,2.17,39800,2.17
2012-03-19,2.17,2.17,2.07,2.07,76900,2.07
2012-03-16,2.21,2.24,2.1508,2.20,8000,2.20
2012-03-15,2.21,2.25,2.17,2.25,36500,2.25
2012-03-14,2.15,2.25,2.14,2.20,110300,2.20
2012-03-13,2.22,2.22,2.09,2.22,45400,2.22
2012-03-12,2.16,2.21,2.14,2.21,14300,2.21
2012-03-09,2.16,2.17,2.1001,2.15,18600,2.15
2012-03-08,2.06,2.17,2.06,2.17,54900,2.17
2012-03-07,2.13,2.15,2.04,2.12,68900,2.12
2012-03-06,2.18,2.20,2.04,2.17,22800,2.17
2012-03-05,2.23,2.2699,2.12,2.17,44600,2.17
2012-03-02,2.40,2.40,2.25,2.25,36000,2.25
2012-03-01,2.32,2.43,2.25,2.39,47100,2.39
2012-02-29,2.30,2.33,2.20,2.27,37900,2.27
2012-02-28,1.99,2.30,1.98,2.25,189000,2.25
2012-02-27,2.16,2.16,1.93,2.06,119000,2.06
2012-02-24,2.25,2.35,2.10,2.12,99200,2.12
2012-02-23,2.52,2.52,2.20,2.24,120200,2.24
2012-02-22,2.45,2.56,2.44,2.50,107500,2.50
2012-02-21,2.50,2.51,2.42,2.4899,136200,2.4899
2012-02-20,2.42,2.42,2.42,2.42,000,2.42
2012-02-17,2.35,2.45,2.18,2.42,193100,2.42
2012-02-16,1.90,2.80,1.7601,2.35,801500,2.35
2012-02-15,1.57,2.02,1.5699,1.865,693100,1.865
2012-02-14,1.29,1.57,1.28,1.52,120800,1.52
2012-02-13,1.28,1.41,1.28,1.37,60700,1.37
2012-02-10,1.40,1.45,1.34,1.45,67600,1.45
2012-02-09,1.52,1.54,1.36,1.45,72100,1.45
2012-02-08,1.52,1.54,1.25,1.49,150500,1.49
2012-02-07,1.20,1.55,1.19,1.48,401300,1.48
2012-02-06,0.60,1.20,0.55,1.19,507800,1.19
2012-02-03,0.59,0.59,0.5506,0.5506,14100,0.5506
2012-02-02,0.59,0.60,0.55,0.59,14000,0.59
2012-02-01,0.60,0.60,0.52,0.55,49800,0.55
2012-01-31,0.63,0.63,0.532,0.63,9900,0.63
2012-01-30,0.54,0.64,0.53,0.59,22600,0.59
2012-01-27,0.64,0.64,0.44,0.53,32300,0.53
2012-01-26,0.43,0.5999,0.43,0.5999,110400,0.5999
2012-01-25,0.42,0.45,0.42,0.45,18700,0.45
2012-01-24,0.47,0.49,0.42,0.42,20800,0.42
2012-01-23,0.46,0.4701,0.4201,0.46,54600,0.46
2012-01-20,0.45,0.45,0.43,0.4499,22600,0.4499
2012-01-19,0.45,0.47,0.44,0.44,82100,0.44
2012-01-18,0.45,0.45,0.4371,0.4371,3400,0.4371
2012-01-17,0.425,0.45,0.42,0.42,17300,0.42
2012-01-16,0.425,0.425,0.425,0.425,000,0.425
2012-01-13,0.45,0.45,0.4225,0.425,22500,0.425
2012-01-12,0.46,0.46,0.46,0.46,000,0.46
2012-01-11,0.46,0.46,0.46,0.46,6500,0.46
2012-01-10,0.46,0.46,0.45,0.46,14900,0.46
2012-01-09,0.44,0.46,0.44,0.46,7500,0.46
2012-01-06,0.47,0.47,0.4591,0.4591,600,0.4591
2012-01-05,0.43,0.45,0.3948,0.45,62500,0.45
2012-01-04,0.44,0.44,0.42,0.43,22900,0.43
2012-01-03,0.44,0.44,0.44,0.44,10000,0.44
2012-01-02,0.42,0.42,0.42,0.42,000,0.42
2011-12-30,0.3744,0.43,0.36,0.42,54200,0.42
2011-12-29,0.40,0.45,0.40,0.40,42800,0.40
2011-12-28,0.40,0.42,0.39,0.40,6000,0.40
2011-12-27,0.43,0.431,0.42,0.42,10800,0.42
2011-12-26,0.43,0.43,0.43,0.43,000,0.43
2011-12-23,0.43,0.45,0.43,0.43,16500,0.43
2011-12-22,0.41,0.43,0.40,0.41,45600,0.41
2011-12-21,0.42,0.45,0.42,0.4499,36300,0.4499
2011-12-20,0.4125,0.4399,0.4099,0.41,31900,0.41
2011-12-19,0.45,0.46,0.4187,0.42,47800,0.42
2011-12-16,0.44,0.44,0.41,0.43,23300,0.43
2011-12-15,0.48,0.50,0.41,0.48,19100,0.48
2011-12-14,0.50,0.50,0.48,0.49,20700,0.49
2011-12-13,0.50,0.5099,0.50,0.50,4900,0.50
2011-12-12,0.49,0.50,0.45,0.50,39200,0.50
2011-12-09,0.48,0.48,0.44,0.48,81500,0.48
2011-12-08,0.50,0.50,0.46,0.47,900,0.47
2011-12-07,0.49,0.51,0.4401,0.50,31400,0.50
2011-12-06,0.50,0.50,0.47,0.47,15900,0.47
2011-12-05,0.50,0.53,0.48,0.4801,43700,0.4801
2011-12-02,0.54,0.54,0.5001,0.521,21800,0.521
2011-12-01,0.53,0.53,0.4336,0.5288,80500,0.5288
2011-11-30,0.57,0.6199,0.4994,0.51,42500,0.51
2011-11-29,0.55,0.601,0.55,0.60,20400,0.60
2011-11-28,0.59,0.62,0.59,0.59,36700,0.59
2011-11-25,0.59,0.62,0.59,0.59,6400,0.59
2011-11-24,0.59,0.59,0.59,0.59,000,0.59
2011-11-23,0.64,0.692,0.59,0.59,32500,0.59
2011-11-22,0.66,0.6601,0.65,0.6501,7000,0.6501
2011-11-21,0.54,0.76,0.54,0.65,85800,0.65
2011-11-18,0.88,1.38,0.595,0.99,239400,0.99
2011-11-17,0.88,0.90,0.83,0.85,8100,0.85
2011-11-16,0.86,0.90,0.86,0.90,2900,0.90
2011-11-15,0.90,0.90,0.86,0.86,2600,0.86
2011-11-14,0.97,1.00,0.899,0.90,9600,0.90
2011-11-11,0.94,0.9407,0.80,0.89,8300,0.89
2011-11-10,0.99,1.01,0.90,0.9499,51100,0.9499
2011-11-09,0.90,0.95,0.88,0.93,44600,0.93
2011-11-08,0.87,0.87,0.8556,0.8556,31500,0.8556
2011-11-07,0.83,0.85,0.8299,0.83,27400,0.83
2011-11-04,0.78,0.80,0.78,0.80,20400,0.80
2011-11-03,0.80,0.80,0.73,0.78,6800,0.78
2011-11-02,0.79,0.79,0.7098,0.78,10200,0.78
2011-11-01,0.80,0.80,0.7734,0.78,16700,0.78
2011-10-31,0.80,0.80,0.70,0.7495,12000,0.7495
2011-10-28,0.75,0.76,0.75,0.76,11500,0.76
2011-10-27,0.79,0.7901,0.76,0.76,29200,0.76
2011-10-26,0.77,0.7801,0.70,0.78,32100,0.78
2011-10-25,0.73,0.746,0.70,0.73,9700,0.73
2011-10-24,0.68,0.70,0.68,0.68,12300,0.68
2011-10-21,0.76,0.76,0.70,0.70,19700,0.70
2011-10-19,0.77,0.77,0.77,0.77,100,0.77
2011-10-18,0.72,0.7699,0.72,0.7699,28000,0.7699
2011-10-17,0.70,0.72,0.6985,0.72,7200,0.72
2011-10-14,0.60,0.71,0.60,0.71,25400,0.71
2011-10-13,0.60,0.60,0.5999,0.60,4600,0.60
2011-10-11,0.57,0.62,0.57,0.588,2100,0.588
2011-10-10,0.54,0.57,0.54,0.5699,10900,0.5699
2011-10-07,0.522,0.57,0.522,0.56,26000,0.56
2011-10-06,0.55,0.59,0.52,0.522,42300,0.522
2011-10-05,0.62,0.62,0.59,0.59,5400,0.59
2011-10-04,0.59,0.6014,0.55,0.59,28300,0.59
2011-10-03,0.62,0.62,0.62,0.62,5800,0.62
2011-09-30,0.6101,0.6401,0.6001,0.64,2000,0.64
2011-09-29,0.67,0.67,0.63,0.6301,3300,0.6301
2011-09-28,0.62,0.65,0.62,0.6301,20000,0.6301
2011-09-27,0.60,0.6021,0.58,0.602,32600,0.602
2011-09-26,0.61,0.6201,0.59,0.6201,34400,0.6201
2011-09-23,0.62,0.6201,0.61,0.61,40600,0.61
2011-09-22,0.61,0.62,0.61,0.61,5200,0.61
2011-09-20,0.64,0.64,0.62,0.63,8300,0.63
2011-09-19,0.61,0.64,0.61,0.631,4000,0.631
2011-09-16,0.65,0.66,0.62,0.64,28500,0.64
2011-09-15,0.55,0.61,0.55,0.60,38300,0.60
2011-09-14,0.64,0.67,0.58,0.58,56600,0.58
2011-09-13,0.65,0.6501,0.601,0.624,6500,0.624
2011-09-12,0.6995,0.6995,0.65,0.65,28800,0.65
2011-09-09,0.68,0.6858,0.68,0.68,26700,0.68
2011-09-08,0.6807,0.6995,0.68,0.69,8100,0.69
2011-09-07,0.6701,0.70,0.67,0.67,8800,0.67
2011-09-06,0.65,0.70,0.62,0.64,56300,0.64
2011-09-02,0.6535,0.6535,0.65,0.65,3100,0.65
2011-09-01,0.68,0.68,0.66,0.66,20100,0.66
2011-08-31,0.65,0.68,0.64,0.65,41300,0.65
2011-08-30,0.68,0.7066,0.68,0.70,1200,0.70
2011-08-29,0.68,0.7066,0.68,0.7066,2000,0.7066
2011-08-26,0.66,0.66,0.65,0.65,5400,0.65
2011-08-25,0.67,0.67,0.64,0.65,15000,0.65
2011-08-24,0.6801,0.69,0.65,0.65,35200,0.65
2011-08-23,0.70,0.7101,0.66,0.67,13200,0.67
2011-08-22,0.75,0.75,0.70,0.70,15900,0.70
2011-08-19,0.70,0.7201,0.70,0.72,1600,0.72
2011-08-18,0.73,0.78,0.70,0.7499,10600,0.7499
2011-08-17,0.70,0.73,0.70,0.72,12400,0.72
2011-08-16,0.7348,0.7348,0.7348,0.7348,500,0.7348
2011-08-15,0.70,0.72,0.70,0.72,10500,0.72
2011-08-12,0.701,0.7259,0.70,0.70,4100,0.70
2011-08-11,0.725,0.7601,0.725,0.7601,26700,0.7601
2011-08-10,0.75,0.75,0.70,0.75,22500,0.75
2011-08-09,0.70,0.79,0.69,0.75,44700,0.75
2011-08-08,0.74,0.79,0.68,0.69,61400,0.69
2011-08-05,0.80,0.83,0.74,0.79,15600,0.79
2011-08-04,0.76,0.80,0.7599,0.7993,34300,0.7993
2011-08-03,0.83,0.83,0.78,0.78,28500,0.78
2011-08-02,0.781,0.8002,0.7735,0.80,23200,0.80
2011-08-01,0.801,0.85,0.76,0.85,37200,0.85
2011-07-29,0.82,0.82,0.801,0.81,4900,0.81
2011-07-28,0.82,0.8304,0.8017,0.8017,4400,0.8017
2011-07-27,0.801,0.86,0.801,0.85,5600,0.85
2011-07-26,0.801,0.8101,0.801,0.81,2100,0.81
2011-07-25,0.801,0.82,0.801,0.82,2000,0.82
2011-07-22,0.82,0.82,0.80,0.82,14800,0.82
2011-07-21,0.80,0.80,0.76,0.791,14100,0.791
2011-07-20,0.81,0.82,0.711,0.79,13600,0.79
2011-07-19,0.75,0.87,0.74,0.87,11600,0.87
2011-07-18,0.70,0.70,0.70,0.70,000,0.70
2011-07-15,0.72,0.75,0.72,0.75,4500,0.75
2011-07-14,0.73,0.73,0.7019,0.72,9200,0.72
2011-07-13,0.71,0.7499,0.71,0.73,17200,0.73
2011-07-12,0.70,0.7499,0.70,0.71,12300,0.71
2011-07-11,0.71,0.72,0.6601,0.6601,23000,0.6601
2011-07-08,0.7099,0.7413,0.7099,0.71,7900,0.71
2011-07-07,0.6711,0.7113,0.6711,0.701,17400,0.701
2011-07-06,0.7202,0.77,0.671,0.6711,47900,0.6711
2011-07-05,0.73,0.7699,0.6821,0.72,20100,0.72
2011-07-01,0.701,0.76,0.671,0.74,24800,0.74
2011-06-30,0.75,0.76,0.71,0.72,7200,0.72
2011-06-29,0.705,0.77,0.705,0.74,20100,0.74
2011-06-28,0.7179,0.75,0.69,0.7019,22300,0.7019
2011-06-27,0.701,0.7378,0.65,0.65,23100,0.65
2011-06-24,0.77,0.77,0.67,0.73,62500,0.73
2011-06-23,0.731,0.7898,0.731,0.74,5700,0.74
2011-06-22,0.732,0.767,0.731,0.7395,2200,0.7395
2011-06-21,0.74,0.78,0.73,0.75,8200,0.75
2011-06-20,0.80,0.8284,0.7355,0.7409,10900,0.7409
2011-06-17,0.7699,0.8008,0.76,0.8008,23900,0.8008
2011-06-16,0.76,0.7801,0.75,0.76,35500,0.76
2011-06-15,0.78,0.78,0.76,0.76,2300,0.76
2011-06-14,0.80,0.80,0.74,0.80,25400,0.80
2011-06-13,0.73,0.76,0.73,0.74,10700,0.74
2011-06-10,0.7901,0.82,0.74,0.76,28000,0.76
2011-06-09,0.73,0.7923,0.73,0.74,3500,0.74
2011-06-08,0.8001,0.8001,0.7013,0.73,70300,0.73
2011-06-07,0.801,0.8011,0.78,0.78,26400,0.78
2011-06-06,0.87,0.87,0.801,0.801,16400,0.801
2011-06-03,0.83,0.8599,0.83,0.83,900,0.83
2011-06-02,0.8799,0.88,0.821,0.821,16800,0.821
2011-06-01,0.89,0.89,0.821,0.87,34500,0.87
2011-05-31,0.94,0.94,0.91,0.93,3600,0.93
2011-05-27,0.89,0.92,0.802,0.91,26500,0.91
2011-05-26,0.91,0.92,0.83,0.92,25600,0.92
2011-05-25,0.81,0.89,0.81,0.88,18300,0.88
2011-05-24,0.7999,0.7999,0.7578,0.7999,7900,0.7999
2011-05-23,0.78,0.795,0.75,0.77,27800,0.77
2011-05-20,0.83,0.85,0.811,0.811,20100,0.811
2011-05-19,0.8201,0.8401,0.8201,0.831,5800,0.831
2011-05-18,0.82,0.861,0.811,0.821,17000,0.821
2011-05-17,0.84,0.898,0.811,0.86,13400,0.86
2011-05-16,0.88,0.92,0.82,0.82,55600,0.82
2011-05-13,0.85,0.898,0.8499,0.85,15800,0.85
2011-05-12,0.90,1.00,0.85,0.85,28600,0.85
2011-05-11,0.85,0.8616,0.85,0.86,29000,0.86
2011-05-10,0.92,0.95,0.8731,0.8731,29300,0.8731
2011-05-09,0.96,1.00,0.96,0.962,19000,0.962
2011-05-06,1.01,1.01,0.951,0.97,13100,0.97
2011-05-05,1.00,1.05,0.921,0.99,47600,0.99
2011-05-04,1.05,1.05,1.00,1.00,33000,1.00
2011-05-03,0.98,1.05,0.98,1.00,41800,1.00
2011-05-02,0.99,1.02,0.9599,0.98,79700,0.98
2011-04-29,1.19,1.2299,1.06,1.07,70500,1.07
2011-04-28,1.18,1.2391,1.16,1.16,22300,1.16
2011-04-27,1.19,1.23,1.18,1.19,45100,1.19
2011-04-26,1.28,1.2801,1.20,1.20,94200,1.20
2011-04-25,1.25,1.29,1.17,1.25,161300,1.25
2011-04-21,1.25,1.29,1.15,1.19,208600,1.19
2011-04-20,1.25,1.25,1.171,1.23,29900,1.23
2011-04-19,1.21,1.28,1.1277,1.17,35900,1.17
2011-04-18,1.28,1.28,0.99,1.22,222100,1.22
2011-04-15,1.21,1.324,1.16,1.27,138700,1.27
2011-04-14,1.01,1.20,1.01,1.20,65400,1.20
2011-04-13,1.00,1.01,0.98,1.00,25700,1.00
2011-04-12,0.95,1.0299,0.95,0.9601,8000,0.9601
2011-04-11,0.99,1.05,0.96,0.96,22800,0.96
2011-04-08,1.00,1.05,0.97,0.97,16300,0.97
2011-04-07,0.976,1.10,0.9226,1.00,90700,1.00
2011-04-06,1.00,1.08,1.00,1.07,80500,1.07
2011-04-05,0.95,1.119,0.9301,0.98,81800,0.98
2011-04-04,0.831,1.07,0.811,0.9301,207200,0.9301
2011-04-01,0.85,0.88,0.82,0.82,96600,0.82
2011-03-31,0.7599,0.8542,0.7599,0.85,206100,0.85
2011-03-30,0.703,0.7103,0.7016,0.71,29800,0.71
2011-03-29,0.73,0.73,0.71,0.7101,5000,0.7101
2011-03-28,0.701,0.7221,0.701,0.72,24400,0.72
2011-03-25,0.71,0.713,0.7026,0.7026,26100,0.7026
2011-03-24,0.71,0.72,0.71,0.7108,12100,0.7108
2011-03-23,0.73,0.749,0.73,0.73,22600,0.73
2011-03-22,0.72,0.75,0.72,0.73,42700,0.73
2011-03-21,0.75,0.75,0.72,0.73,18400,0.73
2011-03-18,0.72,0.75,0.72,0.7201,7700,0.7201
2011-03-17,0.72,0.7201,0.701,0.71,30100,0.71
2011-03-16,0.72,0.7201,0.70,0.701,16800,0.701
2011-03-15,0.73,0.7401,0.7126,0.72,73800,0.72
2011-03-14,0.79,0.79,0.7302,0.74,9300,0.74
2011-03-11,0.74,0.75,0.7242,0.74,14100,0.74
2011-03-10,0.75,0.785,0.73,0.772,105500,0.772
2011-03-09,0.76,0.7601,0.7135,0.75,23700,0.75
2011-03-08,0.72,0.76,0.72,0.76,27600,0.76
2011-03-07,0.76,0.7601,0.711,0.7112,24200,0.7112
2011-03-04,0.77,0.77,0.745,0.75,36500,0.75
2011-03-03,0.76,0.82,0.741,0.76,78100,0.76
2011-03-02,0.75,0.7595,0.7423,0.7594,24300,0.7594
2011-03-01,0.74,0.75,0.74,0.7401,25800,0.7401
2011-02-28,0.75,0.7597,0.73,0.75,18000,0.75
2011-02-25,0.72,0.76,0.7115,0.73,7900,0.73
2011-02-24,0.72,0.75,0.6925,0.72,7100,0.72
2011-02-23,0.73,0.76,0.73,0.73,10100,0.73
2011-02-22,0.75,0.76,0.73,0.73,28000,0.73
2011-02-18,0.721,0.76,0.721,0.73,11500,0.73
2011-02-17,0.752,0.752,0.721,0.721,24600,0.721
2011-02-16,0.74,0.742,0.74,0.742,16600,0.742
2011-02-15,0.73,0.75,0.73,0.74,21500,0.74
2011-02-14,0.73,0.7295,0.72,0.72,18100,0.72
2011-02-11,0.75,0.75,0.73,0.7363,22600,0.7363
2011-02-10,0.721,0.77,0.721,0.75,19900,0.75
2011-02-09,0.76,0.77,0.74,0.74,13600,0.74
2011-02-08,0.73,0.75,0.72,0.75,36800,0.75
2011-02-07,0.75,0.75,0.70,0.715,5800,0.715
2011-02-04,0.73,0.7649,0.72,0.75,4200,0.75
2011-02-03,0.74,0.759,0.71,0.71,11600,0.71
2011-02-02,0.72,0.75,0.72,0.732,14300,0.732
2011-02-01,0.75,0.78,0.71,0.71,46100,0.71
2011-01-31,0.72,0.80,0.72,0.76,28400,0.76
2011-01-28,0.74,0.80,0.74,0.75,29500,0.75
2011-01-27,0.72,0.7488,0.72,0.73,20200,0.73
2011-01-26,0.74,0.782,0.73,0.78,87400,0.78
2011-01-25,0.825,0.825,0.70,0.72,88400,0.72
2011-01-24,0.80,0.8206,0.78,0.80,62000,0.80
2011-01-21,0.79,0.82,0.7701,0.79,24500,0.79
2011-01-20,0.8018,0.81,0.7515,0.77,74700,0.77
2011-01-19,0.85,0.889,0.801,0.8101,89400,0.8101
2011-01-18,0.79,0.839,0.77,0.839,278800,0.839
2011-01-14,0.713,0.77,0.67,0.7501,242400,0.7501
2011-01-13,0.73,0.73,0.6612,0.69,65000,0.69
2011-01-12,0.74,0.74,0.681,0.729,46900,0.729
2011-01-11,0.70,0.74,0.67,0.71,84900,0.71
2011-01-10,0.75,0.75,0.69,0.70,54200,0.70
2011-01-07,0.70,0.7509,0.65,0.7307,62800,0.7307
2011-01-06,0.70,0.76,0.68,0.70,72300,0.70
2011-01-05,0.76,0.76,0.70,0.7499,90500,0.7499
2011-01-04,0.74,0.76,0.7104,0.73,48000,0.73
2011-01-03,0.6735,0.7177,0.67,0.71,36200,0.71
2010-12-31,0.70,0.74,0.6502,0.66,51300,0.66
2010-12-30,0.65,0.70,0.65,0.68,84100,0.68
2010-12-29,0.69,0.70,0.64,0.65,49100,0.65
2010-12-28,0.72,0.72,0.685,0.69,41600,0.69
2010-12-27,0.68,0.7002,0.68,0.685,33000,0.685
2010-12-23,0.70,0.77,0.67,0.696,153800,0.696
2010-12-22,0.63,0.74,0.63,0.74,89600,0.74
2010-12-21,0.60,0.72,0.60,0.67,189900,0.67
2010-12-20,0.64,0.6489,0.57,0.60,268100,0.60
2010-12-17,0.67,0.6788,0.60,0.60,171400,0.60
2010-12-16,0.6499,0.67,0.6405,0.65,45600,0.65
2010-12-15,0.65,0.6663,0.60,0.63,200300,0.63
2010-12-14,0.77,0.7859,0.664,0.6889,138700,0.6889
2010-12-13,0.7899,0.7899,0.71,0.72,115600,0.72
2010-12-10,0.78,0.79,0.75,0.7899,49700,0.7899
2010-12-09,0.81,0.814,0.75,0.7625,305300,0.7625
2010-12-08,1.30,1.30,0.67,0.815,1632800,0.815
2010-12-07,1.30,1.34,1.26,1.30,51000,1.30
2010-12-06,1.31,1.3499,1.23,1.32,26300,1.32
2010-12-03,1.30,1.3299,1.30,1.3299,32400,1.3299
2010-12-02,1.25,1.3194,1.22,1.3099,41100,1.3099
2010-12-01,1.36,1.36,1.22,1.2201,57200,1.2201
2010-11-30,1.37,1.38,1.26,1.29,27500,1.29
2010-11-29,1.38,1.38,1.3387,1.36,6000,1.36
2010-11-24,1.31,1.36,1.29,1.36,8100,1.36
2010-11-23,1.32,1.32,1.28,1.32,4100,1.32
2010-11-22,1.33,1.35,1.28,1.29,1300,1.29
2010-11-19,1.29,1.37,1.29,1.3599,8200,1.3599
2010-11-18,1.26,1.30,1.26,1.30,6900,1.30
2010-11-17,1.32,1.35,1.22,1.26,29400,1.26
2010-11-16,1.26,1.39,1.26,1.35,16100,1.35
2010-11-15,1.27,1.38,1.27,1.30,5900,1.30
2010-11-12,1.34,1.36,1.34,1.36,5600,1.36
2010-11-11,1.34,1.3599,1.27,1.30,14300,1.30
2010-11-10,1.33,1.37,1.32,1.34,24200,1.34
2010-11-09,1.36,1.37,1.33,1.36,22700,1.36
2010-11-08,1.36,1.4101,1.36,1.36,18000,1.36
2010-11-05,1.40,1.43,1.37,1.43,2800,1.43
2010-11-04,1.35,1.41,1.3399,1.41,21200,1.41
2010-11-03,1.37,1.37,1.33,1.36,22800,1.36
2010-11-02,1.40,1.40,1.36,1.37,8800,1.37
2010-11-01,1.42,1.449,1.35,1.40,19300,1.40
2010-10-29,1.45,1.45,1.43,1.43,13900,1.43
2010-10-28,1.39,1.4499,1.37,1.41,5300,1.41
2010-10-27,1.44,1.44,1.36,1.36,6400,1.36
2010-10-26,1.45,1.4699,1.37,1.4699,14500,1.4699
2010-10-25,1.40,1.43,1.3601,1.43,16600,1.43
2010-10-22,1.41,1.41,1.35,1.41,18000,1.41
2010-10-21,1.40,1.43,1.3504,1.41,15400,1.41
2010-10-20,1.43,1.4399,1.36,1.4399,4600,1.4399
2010-10-19,1.48,1.49,1.42,1.43,3600,1.43
2010-10-18,1.40,1.41,1.3499,1.41,15000,1.41
2010-10-15,1.39,1.40,1.35,1.40,23200,1.40
2010-10-14,1.45,1.4999,1.39,1.39,18400,1.39
2010-10-13,1.40,1.50,1.37,1.4699,14600,1.4699
2010-10-12,1.42,1.43,1.35,1.41,33200,1.41
2010-10-11,1.50,1.50,1.43,1.49,17800,1.49
2010-10-08,1.49,1.4999,1.48,1.49,4100,1.49
2010-10-07,1.52,1.5696,1.48,1.50,4500,1.50
2010-10-05,1.54,1.56,1.50,1.54,13800,1.54
2010-10-04,1.52,1.58,1.50,1.565,14200,1.565
2010-10-01,1.58,1.60,1.50,1.50,7900,1.50
2010-09-30,1.54,1.60,1.48,1.58,15000,1.58
2010-09-29,1.52,1.58,1.50,1.58,8900,1.58
2010-09-28,1.52,1.609,1.51,1.59,14200,1.59
2010-09-27,1.56,1.65,1.52,1.52,4400,1.52
2010-09-24,1.51,1.64,1.45,1.56,28000,1.56
2010-09-23,1.53,1.54,1.50,1.53,19800,1.53
2010-09-22,1.51,1.61,1.50,1.54,8500,1.54
2010-09-21,1.65,1.65,1.50,1.56,13100,1.56
2010-09-20,1.56,1.6899,1.51,1.57,50300,1.57
2010-09-17,1.55,1.60,1.48,1.60,25600,1.60
2010-09-16,1.47,1.60,1.46,1.5334,13700,1.5334
2010-09-15,1.64,1.68,1.45,1.4544,25600,1.4544
2010-09-14,1.50,1.79,1.42,1.75,9800,1.75
2010-09-13,1.56,1.59,1.49,1.53,10100,1.53
2010-09-10,1.56,1.56,1.56,1.56,2000,1.56
2010-09-09,1.50,1.58,1.40,1.495,9500,1.495
2010-09-08,1.53,1.64,1.44,1.59,6400,1.59
2010-09-07,1.55,1.65,1.55,1.61,9000,1.61
2010-09-03,1.49,1.60,1.48,1.55,27500,1.55
2010-09-02,1.46,1.47,1.40,1.46,9900,1.46
2010-09-01,1.50,1.50,1.44,1.4899,34100,1.4899
2010-08-31,1.50,1.51,1.4401,1.49,18200,1.49
2010-08-30,1.52,1.62,1.50,1.52,25000,1.52
2010-08-27,1.68,1.68,1.50,1.50,3600,1.50
2010-08-26,1.69,1.69,1.68,1.68,200,1.68
2010-08-25,1.78,1.78,1.531,1.78,13400,1.78
2010-08-23,1.73,1.80,1.73,1.75,1200,1.75
2010-08-20,1.74,1.74,1.71,1.74,11800,1.74
2010-08-19,1.70,1.76,1.65,1.76,11100,1.76
2010-08-18,1.64,1.70,1.64,1.70,10800,1.70
2010-08-17,1.65,1.73,1.61,1.71,17600,1.71
2010-08-16,1.68,1.77,1.52,1.66,8500,1.66
2010-08-13,1.63,1.75,1.63,1.75,2600,1.75
2010-08-12,1.67,1.80,1.67,1.68,14100,1.68
2010-08-11,1.72,1.79,1.72,1.79,300,1.79
2010-08-10,1.76,1.80,1.72,1.79,15800,1.79
2010-08-09,1.78,1.78,1.67,1.76,17500,1.76
2010-08-06,1.71,1.80,1.68,1.78,31500,1.78
2010-08-05,1.79,1.80,1.70,1.79,34800,1.79
2010-08-04,1.78,1.80,1.78,1.79,3800,1.79
2010-08-03,1.80,1.80,1.67,1.7601,19100,1.7601
2010-08-02,1.77,1.80,1.75,1.80,30000,1.80
2010-07-30,1.69,1.76,1.66,1.7444,18300,1.7444
2010-07-29,1.76,1.76,1.69,1.729,1500,1.729
2010-07-27,1.80,1.80,1.67,1.77,21700,1.77
2010-07-26,1.67,1.7734,1.65,1.77,26800,1.77
2010-07-23,1.60,1.65,1.56,1.62,18900,1.62
2010-07-22,1.49,1.60,1.48,1.54,26400,1.54
2010-07-21,1.45,1.60,1.45,1.47,6100,1.47
2010-07-20,1.57,1.57,1.54,1.54,800,1.54
2010-07-19,1.59,1.60,1.48,1.60,15800,1.60
2010-07-16,1.50,1.58,1.50,1.53,13600,1.53
2010-07-15,1.48,1.5199,1.46,1.5199,3400,1.5199
2010-07-14,1.58,1.60,1.48,1.53,7200,1.53
2010-07-13,1.56,1.57,1.46,1.56,9500,1.56
2010-07-12,1.56,1.57,1.52,1.56,9200,1.56
2010-07-09,1.517,1.517,1.517,1.517,700,1.517
2010-07-08,1.40,1.41,1.40,1.41,5000,1.41
2010-07-07,1.50,1.5101,1.34,1.39,21100,1.39
2010-07-06,1.56,1.58,1.45,1.51,2400,1.51
2010-07-02,1.52,1.58,1.52,1.5601,6900,1.5601
2010-07-01,1.525,1.525,1.4898,1.5001,3000,1.5001
2010-06-30,1.58,1.60,1.45,1.46,5500,1.46
2010-06-29,1.41,1.45,1.40,1.40,6500,1.40
2010-06-28,1.40,1.53,1.3828,1.44,22400,1.44
2010-06-25,1.45,1.4604,1.36,1.39,11100,1.39
2010-06-24,1.57,1.58,1.45,1.47,7100,1.47
2010-06-23,1.53,1.54,1.42,1.431,15500,1.431
2010-06-22,1.48,1.55,1.48,1.55,5300,1.55
2010-06-21,1.67,1.67,1.50,1.5899,10900,1.5899
2010-06-18,1.44,1.60,1.40,1.60,13900,1.60
2010-06-17,1.45,1.47,1.41,1.45,8900,1.45
2010-06-16,1.45,1.65,1.37,1.505,33400,1.505
2010-06-15,1.59,1.682,1.47,1.50,32500,1.50
2010-06-14,1.44,1.62,1.434,1.55,20900,1.55
2010-06-11,1.47,1.49,1.40,1.40,8000,1.40
2010-06-10,1.44,1.51,1.32,1.45,10200,1.45
2010-06-09,1.18,1.60,1.18,1.425,667300,1.425
2010-06-08,1.21,1.29,1.17,1.23,14600,1.23
2010-06-07,1.24,1.28,1.23,1.24,4000,1.24
2010-06-04,1.28,1.29,1.24,1.27,5600,1.27
2010-06-03,1.25,1.26,1.19,1.24,11700,1.24
2010-06-02,1.30,1.30,1.23,1.28,12500,1.28
2010-06-01,1.25,1.29,1.20,1.27,18800,1.27
2010-05-28,1.26,1.26,1.26,1.26,800,1.26
2010-05-27,1.30,1.3001,1.30,1.30,800,1.30
2010-05-26,1.30,1.35,1.30,1.30,3900,1.30
2010-05-25,1.32,1.33,1.30,1.30,35100,1.30
2010-05-24,1.35,1.35,1.31,1.33,5100,1.33
2010-05-21,1.40,1.4299,1.36,1.3801,4800,1.3801
2010-05-20,1.40,1.40,1.35,1.36,14900,1.36
2010-05-19,1.49,1.50,1.42,1.43,61800,1.43
2010-05-18,1.54,1.54,1.53,1.53,11000,1.53
2010-05-17,1.55,1.5799,1.50,1.53,12500,1.53
2010-05-14,1.50,1.55,1.50,1.55,2500,1.55
2010-05-13,1.55,1.59,1.50,1.50,12900,1.50
2010-05-12,1.54,1.5401,1.52,1.53,11000,1.53
2010-05-11,1.52,1.6068,1.52,1.52,700,1.52
2010-05-10,1.53,1.534,1.52,1.52,6000,1.52
2010-05-07,1.54,1.5701,1.50,1.50,20200,1.50
2010-05-06,1.53,1.54,1.50,1.54,19300,1.54
2010-05-05,1.53,1.58,1.53,1.53,29700,1.53
2010-05-04,1.55,1.5699,1.53,1.53,8600,1.53
2010-05-03,1.53,1.53,1.53,1.53,2300,1.53
2010-04-30,1.54,1.54,1.53,1.53,600,1.53
2010-04-29,1.59,1.64,1.54,1.54,9200,1.54
2010-04-28,1.54,1.60,1.54,1.55,5700,1.55
2010-04-27,1.54,1.5704,1.53,1.57,10100,1.57
2010-04-26,1.60,1.60,1.52,1.57,15000,1.57
2010-04-23,1.56,1.59,1.5599,1.59,11500,1.59
2010-04-22,1.59,1.66,1.5599,1.56,33200,1.56
2010-04-21,1.59,1.66,1.53,1.54,32700,1.54
2010-04-20,1.69,1.69,1.53,1.61,96200,1.61
2010-04-19,1.69,1.7182,1.60,1.68,26900,1.68
2010-04-16,1.61,1.71,1.60,1.6801,39700,1.6801
2010-04-15,1.63,1.67,1.63,1.64,29500,1.64
2010-04-14,1.60,1.66,1.60,1.66,32100,1.66
2010-04-13,1.57,1.63,1.57,1.6275,25100,1.6275
2010-04-12,1.60,1.64,1.54,1.59,27800,1.59
2010-04-09,1.56,1.64,1.52,1.59,10400,1.59
2010-04-08,1.65,1.65,1.54,1.62,5900,1.62
2010-04-07,1.59,1.68,1.562,1.65,18900,1.65
2010-04-06,1.64,1.68,1.5344,1.63,22800,1.63
2010-04-05,1.65,1.65,1.5901,1.64,13400,1.64
2010-04-01,1.61,1.67,1.58,1.65,3300,1.65
2010-03-31,1.66,1.68,1.62,1.63,30000,1.63
2010-03-30,1.55,1.64,1.52,1.64,24100,1.64
2010-03-29,1.60,1.63,1.55,1.60,6800,1.60
2010-03-26,1.60,1.62,1.57,1.60,39600,1.60
2010-03-25,1.58,1.60,1.55,1.588,50700,1.588
2010-03-24,1.53,1.55,1.52,1.54,9900,1.54
2010-03-23,1.52,1.56,1.50,1.53,26700,1.53
2010-03-22,1.54,1.5498,1.48,1.50,26100,1.50
2010-03-19,1.55,1.60,1.42,1.55,61400,1.55
2010-03-18,1.52,1.55,1.49,1.49,24700,1.49
2010-03-17,1.40,1.51,1.3999,1.51,77400,1.51
2010-03-16,1.40,1.40,1.38,1.3999,3700,1.3999
2010-03-15,1.41,1.4453,1.40,1.40,4000,1.40
2010-03-12,1.51,1.51,1.46,1.46,2100,1.46
2010-03-11,1.51,1.548,1.45,1.51,17700,1.51
2010-03-10,1.46,1.5101,1.40,1.5101,20500,1.5101
2010-03-09,1.36,1.46,1.36,1.46,70400,1.46
2010-03-08,1.31,1.395,1.30,1.39,89400,1.39
2010-03-05,1.31,1.40,1.31,1.31,41200,1.31
2010-03-04,1.30,1.34,1.25,1.31,66700,1.31
2010-03-03,1.32,1.34,1.29,1.29,6800,1.29
2010-03-02,1.30,1.3038,1.29,1.29,10200,1.29
2010-03-01,1.30,1.33,1.30,1.30,92200,1.30
2010-02-26,1.32,1.35,1.30,1.30,21700,1.30
2010-02-25,1.32,1.3201,1.32,1.32,4700,1.32
2010-02-24,1.32,1.40,1.32,1.32,2600,1.32
2010-02-23,1.35,1.40,1.32,1.40,35500,1.40
2010-02-22,1.29,1.36,1.28,1.35,22600,1.35
2010-02-19,1.30,1.35,1.30,1.30,17900,1.30
2010-02-18,1.30,1.31,1.30,1.30,18300,1.30
2010-02-17,1.35,1.40,1.35,1.35,10300,1.35
2010-02-16,1.28,1.40,1.28,1.367,32200,1.367
2010-02-12,1.28,1.3745,1.27,1.30,3800,1.30
2010-02-11,1.31,1.34,1.29,1.32,19200,1.32
2010-02-10,1.40,1.45,1.29,1.31,60700,1.31
2010-02-09,1.20,1.21,1.17,1.19,7000,1.19
2010-02-08,1.21,1.26,1.20,1.22,6100,1.22
2010-02-05,1.23,1.25,1.20,1.2293,15400,1.2293
2010-02-04,1.28,1.29,1.24,1.25,9600,1.25
2010-02-03,1.25,1.30,1.24,1.30,22300,1.30
2010-02-02,1.28,1.29,1.22,1.27,4600,1.27
2010-02-01,1.25,1.31,1.22,1.31,2600,1.31
2010-01-29,1.21,1.29,1.21,1.26,8400,1.26
2010-01-28,1.22,1.2201,1.19,1.21,12300,1.21
2010-01-27,1.20,1.22,1.20,1.20,11000,1.20
2010-01-26,1.21,1.22,1.20,1.22,18000,1.22
2010-01-25,1.18,1.30,1.18,1.24,22500,1.24
2010-01-22,1.25,1.30,1.18,1.20,23700,1.20
2010-01-21,1.25,1.30,1.17,1.20,35800,1.20
2010-01-20,1.22,1.29,1.22,1.22,300,1.22
2010-01-19,1.30,1.30,1.21,1.21,12900,1.21
2010-01-15,1.29,1.30,1.23,1.24,18900,1.24
2010-01-14,1.30,1.3101,1.30,1.30,1200,1.30
2010-01-13,1.25,1.30,1.25,1.30,4500,1.30
2010-01-12,1.30,1.32,1.30,1.32,4300,1.32
2010-01-11,1.26,1.34,1.26,1.30,20800,1.30
2010-01-08,1.30,1.32,1.27,1.30,4000,1.30
2010-01-07,1.31,1.34,1.25,1.30,13000,1.30
2010-01-06,1.32,1.33,1.29,1.29,13500,1.29
2010-01-05,1.28,1.33,1.24,1.32,23500,1.32
2010-01-04,1.23,1.2501,1.18,1.25,16700,1.25
2009-12-31,1.19,1.24,1.16,1.17,82800,1.17
2009-12-30,1.20,1.23,1.15,1.20,13700,1.20
2009-12-29,1.20,1.25,1.15,1.23,23000,1.23
2009-12-28,1.21,1.25,1.205,1.22,274600,1.22
2009-12-24,1.21,1.25,1.21,1.25,8800,1.25
2009-12-23,1.21,1.25,1.20,1.25,27500,1.25
2009-12-22,1.23,1.28,1.21,1.21,7800,1.21
2009-12-21,1.27,1.30,1.24,1.27,10100,1.27
2009-12-18,1.25,1.28,1.21,1.25,5900,1.25
2009-12-17,1.23,1.29,1.23,1.25,1800,1.25
2009-12-16,1.28,1.33,1.21,1.29,19600,1.29
2009-12-15,1.38,1.39,1.23,1.31,15400,1.31
2009-12-14,1.30,1.30,1.22,1.28,14600,1.28
2009-12-11,1.26,1.35,1.24,1.32,7700,1.32
2009-12-10,1.32,1.37,1.2445,1.35,14300,1.35
2009-12-09,1.33,1.37,1.31,1.32,10400,1.32
2009-12-08,1.35,1.38,1.32,1.33,21500,1.33
2009-12-07,1.38,1.45,1.29,1.33,32800,1.33
2009-12-04,1.32,1.50,1.24,1.346,59900,1.346
2009-12-03,1.23,1.27,1.23,1.25,62600,1.25
2009-12-02,1.16,1.50,1.15,1.22,361400,1.22
2009-12-01,1.19,1.24,1.1801,1.20,21200,1.20
2009-11-30,1.29,1.35,1.17,1.24,42900,1.24
2009-11-27,1.25,1.2801,1.25,1.28,800,1.28
2009-11-25,1.26,1.37,1.20,1.3459,26200,1.3459
2009-11-24,1.30,1.32,1.30,1.3168,3700,1.3168
2009-11-23,1.45,1.45,1.31,1.31,5300,1.31
2009-11-20,1.33,1.45,1.30,1.35,30000,1.35
2009-11-19,1.41,1.41,1.25,1.26,21000,1.26
2009-11-18,1.50,1.50,1.40,1.40,23400,1.40
2009-11-17,1.70,1.70,1.49,1.49,28700,1.49
2009-11-16,1.73,1.77,1.40,1.75,98300,1.75
2009-11-13,1.45,1.70,1.45,1.70,33900,1.70
2009-11-12,1.23,1.53,1.23,1.35,47600,1.35
2009-11-11,1.15,1.24,1.15,1.24,5100,1.24
2009-11-10,1.21,1.21,1.16,1.18,4800,1.18
2009-11-09,1.30,1.30,1.21,1.21,31800,1.21
2009-11-06,1.27,1.27,1.23,1.27,2700,1.27
2009-11-05,1.34,1.34,1.22,1.22,2200,1.22
2009-11-04,1.23,1.33,1.22,1.33,3100,1.33
2009-11-03,1.25,1.35,1.22,1.22,7800,1.22
2009-11-02,1.27,1.28,1.25,1.2501,8500,1.2501
2009-10-30,1.45,1.54,1.36,1.37,2300,1.37
2009-10-29,1.45,1.58,1.36,1.36,8600,1.36
2009-10-28,1.55,1.55,1.44,1.44,14000,1.44
2009-10-27,1.77,1.80,1.56,1.56,20100,1.56
2009-10-26,1.75,1.85,1.63,1.70,8600,1.70
2009-10-23,1.75,1.89,1.70,1.80,24200,1.80
2009-10-22,1.73,1.85,1.53,1.85,31300,1.85
2009-10-21,1.51,1.70,1.51,1.70,13100,1.70
2009-10-20,1.61,1.62,1.50,1.55,12700,1.55
2009-10-19,1.68,1.71,1.60,1.6201,32900,1.6201
2009-10-16,1.63,1.69,1.63,1.68,28900,1.68
2009-10-15,1.588,1.588,1.54,1.54,1800,1.54
2009-10-14,1.54,1.6372,1.50,1.50,17000,1.50
2009-10-13,1.59,1.606,1.59,1.59,1500,1.59
2009-10-12,1.68,1.68,1.68,1.68,100,1.68
2009-10-09,1.64,1.8185,1.59,1.6896,13300,1.6896
2009-10-06,1.64,1.65,1.50,1.50,6800,1.50
2009-10-05,1.43,1.58,1.43,1.58,6000,1.58
2009-10-02,1.50,1.5252,1.41,1.41,9800,1.41
2009-10-01,1.51,1.5201,1.51,1.51,10800,1.51
2009-09-30,1.52,1.57,1.52,1.52,3100,1.52
2009-09-29,1.65,1.65,1.43,1.57,9000,1.57
2009-09-28,1.77,1.80,1.56,1.56,6400,1.56
2009-09-25,1.62,1.78,1.51,1.77,4200,1.77
2009-09-24,1.61,1.84,1.50,1.54,19200,1.54
2009-09-23,1.65,1.75,1.62,1.65,2600,1.65
2009-09-22,1.65,1.7001,1.65,1.65,2900,1.65
2009-09-21,1.55,1.84,1.50,1.61,22700,1.61
2009-09-18,1.52,1.87,1.37,1.54,37300,1.54
2009-09-17,1.86,2.0378,1.44,1.57,51700,1.57
2009-09-16,1.59,2.55,1.5501,1.86,136000,1.86
2009-09-15,1.34,1.45,1.33,1.45,22500,1.45
2009-09-14,1.28,1.32,1.26,1.32,5900,1.32
2009-09-11,1.19,1.26,1.1896,1.23,6900,1.23
2009-09-10,1.20,1.2299,1.20,1.20,1300,1.20
2009-09-09,1.20,1.2006,1.20,1.20,7300,1.20
2009-09-08,1.23,1.28,1.20,1.20,6100,1.20
2009-09-04,1.23,1.23,1.20,1.20,400,1.20
2009-09-03,1.238,1.238,1.238,1.238,000,1.238
2009-09-02,1.28,1.28,1.23,1.238,2100,1.238
2009-09-01,1.2101,1.25,1.20,1.2101,9000,1.2101
2009-08-31,1.34,1.34,1.34,1.34,200,1.34
2009-08-28,1.21,1.29,1.20,1.29,1300,1.29
2009-08-27,1.23,1.30,1.22,1.29,2900,1.29
2009-08-26,1.32,1.32,1.24,1.26,4700,1.26
2009-08-25,1.20,1.31,1.20,1.3099,11400,1.3099
2009-08-24,1.21,1.2501,1.09,1.16,12300,1.16
2009-08-21,1.10,1.20,1.06,1.20,13800,1.20
2009-08-20,1.13,1.13,1.13,1.13,700,1.13
2009-08-19,1.08,1.1299,1.06,1.1299,1000,1.1299
2009-08-18,1.1355,1.1355,1.07,1.07,4300,1.07
2009-08-17,1.09,1.1891,1.08,1.11,2600,1.11
2009-08-14,1.2899,1.30,1.08,1.08,14800,1.08
2009-08-13,1.17,1.35,1.16,1.16,8400,1.16
2009-08-12,1.10,1.346,1.10,1.168,2500,1.168
2009-08-11,1.29,1.2901,1.24,1.24,1500,1.24
2009-08-10,1.125,1.47,1.01,1.21,28200,1.21
2009-08-07,1.12,1.32,1.1101,1.32,10800,1.32
2009-08-06,1.38,1.38,1.192,1.35,6100,1.35
2009-08-05,1.06,1.28,1.06,1.20,29500,1.20
2009-08-04,1.01,1.07,1.00,1.05,5500,1.05
2009-08-03,1.01,1.08,1.00,1.0301,2700,1.0301
2009-07-31,1.00,1.05,1.00,1.05,17400,1.05
2009-07-30,1.00,1.00,0.99,1.00,38300,1.00
2009-07-29,0.9899,1.0001,0.9899,1.00,5800,1.00
2009-07-28,1.01,1.01,1.01,1.01,000,1.01
2009-07-27,1.02,1.09,1.01,1.01,7200,1.01
2009-07-24,1.02,1.02,0.86,1.01,5800,1.01
2009-07-23,1.2099,1.2099,1.10,1.10,2200,1.10
2009-07-22,1.07,1.15,1.07,1.15,6000,1.15
2009-07-21,1.05,1.1399,1.05,1.05,17800,1.05
2009-07-20,1.15,1.15,1.15,1.15,000,1.15
2009-07-17,1.07,1.15,1.05,1.15,2800,1.15
2009-07-16,1.0801,1.0801,1.08,1.08,200,1.08
2009-07-15,1.1601,1.1601,1.1601,1.1601,200,1.1601
2009-07-14,1.07,1.07,1.06,1.06,200,1.06
2009-07-13,1.08,1.08,1.08,1.08,000,1.08
2009-07-10,1.12,1.12,1.07,1.08,1500,1.08
2009-07-09,1.1245,1.23,1.08,1.08,13300,1.08
2009-07-08,1.09,1.10,1.09,1.10,1200,1.10
2009-07-07,1.10,1.15,1.08,1.15,2200,1.15
2009-07-06,1.0991,1.10,1.09,1.10,2500,1.10
2009-07-02,1.13,1.13,1.10,1.10,300,1.10
2009-07-01,1.13,1.1699,1.11,1.15,11200,1.15
2009-06-30,1.115,1.1582,1.03,1.12,36700,1.12
2009-06-29,1.06,1.25,1.06,1.25,8100,1.25
2009-06-26,1.2001,1.2001,1.06,1.0901,7000,1.0901
2009-06-25,1.3199,1.3199,1.09,1.10,7500,1.10
2009-06-24,1.11,1.35,1.06,1.12,10800,1.12
2009-06-23,1.11,1.35,1.11,1.35,8000,1.35
2009-06-22,1.23,1.23,1.111,1.22,1700,1.22
2009-06-19,1.21,1.25,1.10,1.25,63900,1.25
2009-06-18,1.14,1.23,1.14,1.23,9900,1.23
2009-06-17,1.22,1.2799,1.15,1.25,12200,1.25
2009-06-16,1.2701,1.2701,1.21,1.27,8600,1.27
2009-06-12,1.214,1.39,1.204,1.2638,2900,1.2638
2009-06-11,1.2592,1.40,1.2592,1.37,12500,1.37
2009-06-10,1.20,1.29,1.15,1.29,14600,1.29
2009-06-09,1.37,1.37,1.21,1.32,9100,1.32
2009-06-08,1.3099,1.3099,1.30,1.30,800,1.30
2009-06-05,1.27,1.28,1.19,1.2699,5100,1.2699
2009-06-04,1.35,1.36,1.25,1.27,6900,1.27
2009-06-03,1.23,1.23,1.18,1.21,3700,1.21
2009-06-02,1.21,1.23,1.21,1.23,4900,1.23
2009-06-01,1.21,1.22,1.18,1.22,5900,1.22
2009-05-29,1.2001,1.205,1.20,1.20,700,1.20
2009-05-28,1.27,1.27,1.15,1.16,3600,1.16
2009-05-27,1.33,1.34,1.2636,1.2636,11900,1.2636
2009-05-26,1.3399,1.3399,1.2501,1.30,2900,1.30
2009-05-22,1.37,1.38,1.29,1.36,13400,1.36
2009-05-21,1.39,1.39,1.3899,1.3899,400,1.3899
2009-05-20,1.2401,1.40,1.22,1.40,1500,1.40
2009-05-19,1.1572,1.25,1.1572,1.2413,4500,1.2413
2009-05-18,1.2101,1.2201,1.19,1.2201,1400,1.2201
2009-05-15,1.50,1.50,1.17,1.17,12600,1.17
2009-05-14,1.35,1.40,1.30,1.33,4800,1.33
2009-05-13,1.28,1.4942,1.28,1.40,5500,1.40
2009-05-12,1.36,1.37,1.31,1.3699,1400,1.3699
2009-05-11,1.48,1.49,1.16,1.44,5600,1.44
2009-05-08,1.2101,1.36,1.20,1.24,2400,1.24
2009-05-07,1.50,1.50,1.19,1.19,65100,1.19
2009-05-06,1.23,1.3222,1.23,1.26,13100,1.26
2009-05-05,1.02,1.15,1.02,1.14,3000,1.14
2009-05-04,1.02,1.13,1.02,1.11,3200,1.11
2009-05-01,1.10,1.1012,1.09,1.0901,4100,1.0901
2009-04-30,1.0601,1.09,1.0601,1.09,1100,1.09
2009-04-28,0.95,1.15,0.95,1.15,21400,1.15
2009-04-27,1.03,1.22,1.03,1.22,10700,1.22
2009-04-24,1.1455,1.15,1.02,1.02,13300,1.02
2009-04-23,1.00,1.19,1.00,1.19,14700,1.19
2009-04-22,1.12,1.20,1.12,1.20,1400,1.20
2009-04-21,1.1899,1.19,1.16,1.16,7700,1.16
2009-04-20,1.24,1.24,1.20,1.20,700,1.20
2009-04-17,1.24,1.25,1.24,1.24,3100,1.24
2009-04-16,1.22,1.23,1.22,1.23,600,1.23
2009-04-15,1.1701,1.30,1.17,1.17,2200,1.17
2009-04-14,1.20,1.20,1.19,1.19,20100,1.19
2009-04-13,1.19,1.20,1.18,1.18,17700,1.18
2009-04-09,1.00,1.20,1.00,1.16,11300,1.16
2009-04-08,1.06,1.10,1.05,1.0501,8500,1.0501
2009-04-07,1.12,1.20,1.12,1.13,29900,1.13
2009-04-06,1.20,1.20,1.08,1.12,21500,1.12
2009-04-03,1.08,1.17,1.0613,1.14,5800,1.14
2009-04-02,1.05,1.20,1.03,1.105,161400,1.105
2009-04-01,1.06,1.06,1.02,1.03,25500,1.03
2009-03-31,1.05,1.15,1.05,1.085,4400,1.085
2009-03-30,1.0117,1.11,1.01,1.03,6100,1.03
2009-03-27,1.06,1.18,1.00,1.18,900,1.18
2009-03-26,1.19,1.1928,1.02,1.02,7300,1.02
2009-03-25,1.02,1.03,1.00,1.00,14000,1.00
2009-03-24,1.00,1.03,0.93,0.96,39500,0.96
2009-03-23,0.95,0.95,0.91,0.95,7000,0.95
2009-03-20,1.00,1.00,0.91,0.94,10700,0.94
2009-03-19,0.96,1.02,0.91,1.02,43700,1.02
2009-03-18,1.02,1.06,0.99,1.00,24200,1.00
2009-03-17,1.03,1.14,1.03,1.10,4500,1.10
2009-03-16,1.09,1.11,1.02,1.03,2500,1.03
2009-03-13,1.069,1.15,0.96,1.15,205000,1.15
2009-03-12,0.90,1.0999,0.90,1.01,1600,1.01
2009-03-11,0.894,0.894,0.88,0.88,600,0.88
2009-03-10,0.90,0.90,0.81,0.85,800,0.85
2009-03-09,1.05,1.05,0.85,0.9024,21300,0.9024
2009-03-06,1.10,1.10,1.02,1.02,6300,1.02
2009-03-05,1.04,1.04,1.01,1.04,92800,1.04
2009-03-04,1.09,1.09,1.09,1.09,1100,1.09
2009-03-03,1.10,1.139,1.02,1.02,215600,1.02
2009-03-02,1.06,1.06,1.02,1.02,1300,1.02
2009-02-25,1.0701,1.28,1.05,1.20,49200,1.20
2009-02-24,1.00,1.0601,1.00,1.0601,1100,1.0601
2009-02-23,1.15,1.16,1.15,1.15,3100,1.15
2009-02-20,1.20,1.20,1.15,1.1501,15800,1.1501
2009-02-19,1.29,1.30,1.245,1.25,49100,1.25
2009-02-18,1.28,1.30,1.25,1.30,2900,1.30
2009-02-17,1.29,1.29,1.27,1.28,7700,1.28
2009-02-13,1.47,1.47,1.31,1.31,1000,1.31
2009-02-10,1.6001,1.6001,1.39,1.5232,9200,1.5232
2009-02-09,1.60,1.60,1.60,1.60,4400,1.60
2009-02-06,1.5001,1.71,1.5001,1.71,1300,1.71
2009-02-05,1.402,1.71,1.402,1.71,1100,1.71
2009-02-04,1.76,1.76,1.76,1.76,3900,1.76
2009-02-03,1.52,1.52,1.51,1.51,400,1.51
2009-02-02,1.77,1.77,1.76,1.77,400,1.77
2009-01-30,1.92,1.93,1.78,1.81,14000,1.81
2009-01-29,1.90,1.92,1.90,1.92,3500,1.92
2009-01-28,1.48,1.75,1.48,1.75,23800,1.75
2009-01-27,1.40,1.49,1.40,1.49,4600,1.49
2009-01-26,1.32,1.36,1.3099,1.36,1800,1.36
2009-01-23,1.56,1.57,1.35,1.42,9400,1.42
2009-01-22,1.55,1.55,1.55,1.55,100,1.55
2009-01-21,1.73,1.73,1.70,1.70,300,1.70
2009-01-15,1.6155,1.66,1.60,1.61,1400,1.61
2009-01-14,1.64,1.6501,1.6201,1.64,1000,1.64
2009-01-13,1.719,1.89,1.71,1.72,11800,1.72
2009-01-12,1.90,1.90,1.70,1.70,1000,1.70
2009-01-08,1.86,1.91,1.67,1.9099,10700,1.9099
2009-01-07,1.68,1.77,1.68,1.72,5900,1.72
2009-01-06,1.70,1.75,1.69,1.69,1600,1.69
2009-01-05,1.93,1.93,1.66,1.70,12500,1.70
2009-01-02,1.89,1.93,1.77,1.93,9000,1.93
2008-12-31,1.53,1.84,1.53,1.84,41400,1.84
2008-12-30,1.48,1.63,1.48,1.60,57500,1.60
2008-12-29,1.55,1.55,1.49,1.49,18900,1.49
2008-12-26,1.60,1.60,1.43,1.60,40200,1.60
2008-12-24,1.66,1.66,1.57,1.57,7500,1.57
2008-12-23,1.6101,1.78,1.4159,1.61,15300,1.61
2008-12-22,1.54,1.77,1.40,1.77,212000,1.77
2008-12-19,1.75,1.76,1.61,1.61,2700,1.61
2008-12-18,1.75,1.794,1.75,1.77,34600,1.77
2008-12-17,1.517,1.6901,1.48,1.69,43300,1.69
2008-12-16,1.40,1.56,1.40,1.56,3800,1.56
2008-12-15,1.49,1.49,1.40,1.48,52700,1.48
2008-12-12,1.28,1.41,1.28,1.3901,9600,1.3901
2008-12-11,1.4999,1.4999,1.38,1.39,80600,1.39
2008-12-10,1.48,1.4801,1.35,1.35,2500,1.35
2008-12-09,1.4599,1.50,1.32,1.50,35100,1.50
2008-12-08,1.20,1.66,1.20,1.31,19500,1.31
2008-12-05,1.25,1.25,1.14,1.22,210400,1.22
2008-12-04,1.25,1.25,1.25,1.25,700,1.25
2008-12-03,1.15,1.18,1.10,1.15,92900,1.15
2008-12-02,1.19,1.23,1.19,1.19,18900,1.19
2008-12-01,1.41,1.42,1.16,1.16,75500,1.16
2008-11-28,1.39,1.39,1.26,1.26,2400,1.26
2008-11-26,1.338,1.39,1.338,1.39,1500,1.39
2008-11-25,1.2601,1.58,1.2601,1.44,8600,1.44
2008-11-24,1.47,1.593,1.42,1.45,25200,1.45
2008-11-21,1.60,1.60,1.46,1.5001,13500,1.5001
2008-11-20,1.60,1.60,1.55,1.60,10400,1.60
2008-11-19,1.82,1.8201,1.73,1.73,12300,1.73
2008-11-18,1.86,1.95,1.80,1.8001,2000,1.8001
2008-11-17,1.95,1.95,1.73,1.86,12700,1.86
2008-11-14,1.95,1.95,1.66,1.88,3600,1.88
2008-11-13,1.90,1.95,1.62,1.95,17200,1.95
2008-11-12,1.96,1.99,1.85,1.93,17800,1.93
2008-11-11,1.94,1.95,1.86,1.90,2800,1.90
2008-11-10,2.09,2.09,1.86,1.87,4900,1.87
2008-11-07,2.12,2.12,1.95,2.09,29900,2.09
2008-11-06,2.18,2.18,2.02,2.03,2400,2.03
2008-11-05,2.13,2.20,2.09,2.19,138400,2.19
2008-11-04,2.21,2.43,2.18,2.28,25400,2.28
2008-11-03,2.07,2.50,1.98,2.18,63300,2.18
2008-10-31,2.005,2.005,1.96,1.97,2500,1.97
2008-10-30,1.924,1.95,1.924,1.95,900,1.95
2008-10-29,2.0899,2.10,1.85,2.00,13600,2.00
2008-10-28,1.95,2.10,1.85,2.10,5800,2.10
2008-10-27,1.84,2.05,1.84,1.95,9600,1.95
2008-10-24,2.15,2.15,2.15,2.15,200,2.15
2008-10-23,2.21,2.21,2.155,2.20,30100,2.20
2008-10-22,2.625,2.625,2.16,2.2999,6200,2.2999
2008-10-21,2.50,2.74,2.50,2.55,5100,2.55
2008-10-20,2.82,2.82,2.70,2.70,28300,2.70
2008-10-17,2.70,2.81,2.63,2.70,65500,2.70
2008-10-16,2.57,2.84,2.57,2.78,16000,2.78
2008-10-15,2.81,2.81,2.50,2.725,181900,2.725
2008-10-14,2.8399,2.98,2.80,2.91,45600,2.91
2008-10-13,2.77,2.98,2.66,2.71,37800,2.71
2008-10-10,2.57,2.73,1.50,2.72,58700,2.72
2008-10-09,2.65,2.70,2.60,2.67,10100,2.67
2008-10-08,2.50,2.67,2.50,2.67,19900,2.67
2008-10-07,2.90,2.90,2.70,2.70,11100,2.70
2008-10-06,2.94,3.05,2.79,2.90,20200,2.90
2008-10-03,3.01,3.08,3.00,3.08,9900,3.08
2008-10-02,2.93,3.08,2.93,3.023,3600,3.023
2008-10-01,2.9799,3.14,2.9799,3.10,16000,3.10
2008-09-30,2.95,3.07,2.95,3.00,129700,3.00
2008-09-29,2.93,2.9699,2.75,2.75,14000,2.75
2008-09-26,3.00,3.00,2.79,2.90,38700,2.90
2008-09-25,3.00,3.10,3.00,3.08,10800,3.08
2008-09-24,3.00,3.12,2.98,3.12,7600,3.12
2008-09-23,3.09,3.09,2.99,3.00,30100,3.00
2008-09-22,3.00,3.16,2.91,3.00,29000,3.00
2008-09-19,2.84,3.00,2.84,3.00,124200,3.00
2008-09-18,2.895,2.925,2.78,2.84,49900,2.84
2008-09-17,3.15,3.15,2.83,2.92,33100,2.92
2008-09-16,3.00,3.00,2.85,2.96,26700,2.96
2008-09-15,3.11,3.11,2.88,2.95,25500,2.95
2008-09-12,3.20,3.20,3.20,3.20,400,3.20
2008-09-11,3.13,3.20,3.10,3.18,167800,3.18
2008-09-10,3.20,3.20,3.20,3.20,400,3.20
2008-09-09,3.19,3.24,3.15,3.15,6900,3.15
2008-09-08,3.23,3.47,3.20,3.23,18400,3.23
2008-09-05,3.2001,3.43,3.2001,3.37,9300,3.37
2008-09-04,3.35,3.393,3.22,3.393,11600,3.393
2008-09-03,3.42,3.47,3.42,3.47,8100,3.47
2008-09-02,3.44,3.44,3.34,3.36,7900,3.36
2008-08-29,3.43,3.46,3.33,3.35,6500,3.35
2008-08-28,3.40,3.46,3.32,3.37,13500,3.37
2008-08-27,3.28,3.34,3.28,3.34,300,3.34
2008-08-26,3.315,3.35,3.23,3.25,3100,3.25
2008-08-25,3.28,3.28,3.20,3.25,2600,3.25
2008-08-22,3.31,3.31,3.21,3.24,8100,3.24
2008-08-21,3.33,3.33,3.23,3.23,8700,3.23
2008-08-20,3.25,3.41,3.20,3.24,64900,3.24
2008-08-19,3.40,3.41,3.2935,3.35,28000,3.35
2008-08-18,3.40,3.43,3.40,3.40,13600,3.40
2008-08-15,3.50,3.56,3.48,3.48,11200,3.48
2008-08-14,3.47,3.475,3.20,3.40,26000,3.40
2008-08-13,3.72,3.72,3.47,3.47,23900,3.47
2008-08-12,3.7699,3.7699,3.70,3.72,8700,3.72
2008-08-11,3.55,3.74,3.55,3.73,13400,3.73
2008-08-08,3.38,3.52,3.38,3.49,4300,3.49
2008-08-07,3.44,3.45,3.39,3.42,7000,3.42
2008-08-06,3.36,3.43,3.35,3.415,17000,3.415
2008-08-05,3.3999,3.3999,3.35,3.37,9100,3.37
2008-08-04,3.4069,3.42,3.35,3.40,9500,3.40
2008-08-01,3.36,3.41,3.35,3.40,6600,3.40
2008-07-31,3.40,3.70,3.34,3.40,48900,3.40
2008-07-30,3.17,3.40,3.17,3.36,80900,3.36
2008-07-29,3.185,3.30,3.13,3.22,17000,3.22
2008-07-28,3.08,3.18,3.07,3.18,432700,3.18
2008-07-25,3.15,3.19,3.09,3.12,27600,3.12
2008-07-24,3.20,3.25,3.03,3.25,27600,3.25
2008-07-23,3.01,3.30,2.94,3.25,47900,3.25
2008-07-22,3.30,3.30,3.20,3.25,5100,3.25
2008-07-21,3.30,3.30,3.2999,3.30,3200,3.30
2008-07-18,3.37,3.37,3.19,3.25,16700,3.25
2008-07-17,3.33,3.33,3.15,3.31,13100,3.31
2008-07-16,3.32,3.34,3.31,3.31,1300,3.31
2008-07-15,3.26,3.39,3.14,3.32,29000,3.32
2008-07-14,3.36,3.36,3.00,3.22,12400,3.22
2008-07-11,3.06,3.35,3.00,3.35,12500,3.35
2008-07-10,3.20,3.20,3.02,3.02,6400,3.02
2008-07-09,3.39,3.39,3.11,3.11,8300,3.11
2008-07-08,3.31,3.31,3.03,3.20,25300,3.20
2008-07-07,3.34,3.38,3.26,3.31,14100,3.31
2008-07-03,3.39,3.39,3.30,3.39,3800,3.39
2008-07-02,3.35,3.40,3.30,3.37,24000,3.37
2008-07-01,3.35,3.43,3.35,3.387,5700,3.387
2008-06-30,3.38,3.52,3.35,3.43,3700,3.43
2008-06-27,3.40,3.42,3.37,3.40,6400,3.40
2008-06-26,3.45,3.50,3.40,3.45,8300,3.45
2008-06-25,3.55,3.59,3.48,3.52,19200,3.52
2008-06-24,3.59,3.78,3.57,3.58,17200,3.58
2008-06-23,3.61,3.64,3.51,3.61,9900,3.61
2008-06-20,3.60,3.65,3.59,3.63,6600,3.63
2008-06-19,3.5585,3.64,3.55,3.60,11600,3.60
2008-06-18,3.75,3.75,3.56,3.60,32800,3.60
2008-06-17,3.74,3.80,3.71,3.80,4600,3.80
2008-06-16,3.82,3.82,3.74,3.78,5900,3.78
2008-06-13,3.76,3.78,3.73,3.77,1700,3.77
2008-06-12,3.81,3.88,3.71,3.75,25900,3.75
2008-06-11,3.78,3.90,3.77,3.77,11200,3.77
2008-06-10,3.81,3.90,3.80,3.83,14000,3.83
2008-06-09,4.07,4.07,3.85,3.88,72000,3.88
2008-06-06,3.97,4.11,3.96,4.07,10400,4.07
2008-06-05,3.97,4.08,3.95,4.08,27100,4.08
2008-06-04,4.06,4.14,4.06,4.10,11700,4.10
2008-06-03,4.10,4.11,4.00,4.01,14400,4.01
2008-06-02,4.10,4.20,4.09,4.20,5900,4.20
2008-05-30,4.20,4.20,4.12,4.15,6900,4.15
2008-05-29,4.20,4.21,4.19,4.20,6100,4.20
2008-05-28,4.20,4.22,4.16,4.20,28200,4.20
2008-05-27,4.21,4.22,4.16,4.20,5300,4.20
2008-05-23,4.12,4.22,4.00,4.21,6700,4.21
2008-05-22,4.16,4.21,4.15,4.17,21500,4.17
2008-05-21,4.18,4.20,4.18,4.20,17400,4.20
2008-05-20,4.17,4.25,4.17,4.22,4800,4.22
2008-05-19,4.19,4.25,4.16,4.25,39900,4.25
2008-05-16,4.17,4.24,4.17,4.24,22100,4.24
2008-05-15,4.16,4.25,4.16,4.24,9700,4.24
2008-05-14,4.2001,4.24,4.19,4.21,21000,4.21
2008-05-13,4.21,4.30,4.19,4.22,17400,4.22
2008-05-12,4.11,4.25,4.11,4.18,28900,4.18
2008-05-09,3.99,4.23,3.95,4.06,12100,4.06
2008-05-08,4.00,4.03,3.98,4.03,337600,4.03
2008-05-07,4.16,4.19,4.10,4.13,28400,4.13
2008-05-06,4.12,4.22,4.01,4.13,19400,4.13
2008-05-05,4.03,4.20,4.03,4.20,6200,4.20
2008-05-02,4.02,4.03,4.00,4.00,17500,4.00
2008-05-01,3.96,4.02,3.95,4.00,32700,4.00
2008-04-30,3.88,4.05,3.85,3.95,38800,3.95
2008-04-29,3.94,3.94,3.77,3.85,4300,3.85
2008-04-28,3.76,3.95,3.75,3.94,143600,3.94
2008-04-25,3.81,3.81,3.75,3.76,10100,3.76
2008-04-24,3.87,3.90,3.80,3.90,14500,3.90
2008-04-23,3.75,3.87,3.75,3.81,44200,3.81
2008-04-22,3.84,3.87,3.80,3.80,13100,3.80
2008-04-21,3.84,3.85,3.78,3.80,4800,3.80
2008-04-18,3.84,3.873,3.84,3.87,18700,3.87
2008-04-17,3.87,3.87,3.75,3.82,14500,3.82
2008-04-16,3.80,3.98,3.79,3.84,12000,3.84
2008-04-15,3.98,3.98,3.81,3.81,26500,3.81
2008-04-14,3.78,3.92,3.78,3.90,17500,3.90
2008-04-11,4.09,4.09,3.96,3.98,16400,3.98
2008-04-10,4.0999,4.10,3.93,4.06,36700,4.06
2008-04-09,3.90,4.09,3.85,4.09,71200,4.09
2008-04-08,3.89,4.00,3.80,3.86,20800,3.86
2008-04-07,3.95,3.98,3.78,3.96,8700,3.96
2008-04-04,3.90,4.00,3.79,3.95,51000,3.95
2008-04-03,3.94,3.99,3.86,3.90,14400,3.90
2008-04-02,3.97,4.00,3.97,4.00,23200,4.00
2008-04-01,3.82,4.00,3.82,3.96,18500,3.96
2008-03-31,3.86,3.88,3.75,3.81,746800,3.81
2008-03-28,3.93,3.93,3.85,3.86,62200,3.86
2008-03-27,3.93,3.93,3.85,3.86,154800,3.86
2008-03-26,4.00,4.00,3.79,3.85,81500,3.85
2008-03-25,3.94,4.02,3.94,4.00,52900,4.00
2008-03-24,4.00,4.06,3.99,3.99,48000,3.99
2008-03-20,3.91,4.05,3.91,4.00,81100,4.00
2008-03-19,3.99,4.00,3.93,3.98,6100,3.98
2008-03-18,4.00,4.00,3.95,4.00,4900,4.00
2008-03-17,3.99,4.00,3.91,4.00,7000,4.00
2008-03-14,3.99,4.02,3.96,4.00,33900,4.00
2008-03-13,3.96,4.00,3.96,3.97,21500,3.97
2008-03-12,3.99,4.00,3.91,3.98,17200,3.98
2008-03-11,3.97,4.00,3.90,4.00,32300,4.00
2008-03-10,3.99,4.01,3.97,4.00,14700,4.00
2008-03-07,3.90,3.99,3.90,3.96,26100,3.96
2008-03-06,4.00,4.00,3.90,3.97,23500,3.97
2008-03-05,4.08,4.10,3.90,4.00,24600,4.00
2008-03-04,4.01,4.10,3.93,4.10,1700,4.10
2008-03-03,4.12,4.26,3.98,3.99,23300,3.99
2008-02-29,4.15,4.19,4.05,4.06,23400,4.06
2008-02-28,4.16,4.41,4.14,4.18,5700,4.18
2008-02-27,4.25,4.30,4.16,4.26,2200,4.26
2008-02-26,4.27,4.37,4.16,4.26,5800,4.26
2008-02-25,4.22,4.43,4.21,4.33,900,4.33
2008-02-22,4.35,4.49,4.33,4.41,25200,4.41
2008-02-21,4.43,4.50,4.19,4.39,9300,4.39
2008-02-20,4.20,4.27,4.13,4.27,13800,4.27
2008-02-19,4.24,4.49,4.12,4.19,12800,4.19
2008-02-15,4.54,4.55,4.20,4.28,37100,4.28
2008-02-14,4.90,5.00,4.48,4.63,91900,4.63
2008-02-13,5.18,5.18,4.48,4.56,38300,4.56
2008-02-12,4.35,4.48,4.35,4.48,8100,4.48
2008-02-11,4.36,4.40,4.30,4.32,8500,4.32
2008-02-08,4.35,4.57,4.30,4.30,27500,4.30
2008-02-07,4.63,4.63,4.31,4.43,7000,4.43
2008-02-06,4.57,4.57,4.40,4.45,5900,4.45
2008-02-05,4.70,4.70,4.45,4.49,7700,4.49
2008-02-04,4.44,4.71,4.44,4.68,7700,4.68
2008-02-01,4.44,4.68,4.36,4.38,43700,4.38
2008-01-31,4.56,4.66,4.46,4.61,700,4.61
2008-01-30,4.33,4.70,4.33,4.65,24600,4.65
2008-01-29,4.37,4.42,4.35,4.42,300,4.42
2008-01-28,4.525,4.525,4.41,4.525,27600,4.525
2008-01-25,4.46,4.52,4.43,4.52,6600,4.52
2008-01-24,4.43,4.51,4.43,4.51,21800,4.51
2008-01-23,4.44,4.48,4.36,4.48,13200,4.48
2008-01-22,4.23,4.40,4.16,4.40,12400,4.40
2008-01-18,4.48,4.56,4.42,4.52,11700,4.52
2008-01-17,4.60,4.71,4.42,4.58,73900,4.58
2008-01-16,4.38,4.65,4.35,4.59,33500,4.59
2008-01-15,4.33,4.48,4.30,4.44,43000,4.44
2008-01-14,4.45,4.57,4.34,4.49,56000,4.49
2008-01-11,4.40,4.64,4.31,4.53,21300,4.53
2008-01-10,4.50,4.58,4.42,4.45,22300,4.45
2008-01-09,4.40,4.54,4.40,4.51,19900,4.51
2008-01-08,4.38,4.53,4.38,4.42,11800,4.42
2008-01-07,4.48,4.53,4.37,4.49,9900,4.49
2008-01-04,4.74,4.74,4.42,4.48,20300,4.48
2008-01-03,4.9899,4.9899,4.68,4.71,17200,4.71
2008-01-02,4.62,5.00,4.55,4.79,76200,4.79
2007-12-31,4.65,4.65,4.39,4.56,28800,4.56
2007-12-28,4.61,4.75,4.41,4.75,66900,4.75
2007-12-27,4.71,4.71,4.33,4.51,105900,4.51
2007-12-26,4.72,4.72,4.52,4.70,15100,4.70
2007-12-24,4.48,4.74,4.35,4.63,25100,4.63
2007-12-21,4.52,4.74,4.30,4.47,62800,4.47
2007-12-20,4.74,4.74,4.39,4.59,76200,4.59
2007-12-19,4.80,4.87,4.39,4.57,110400,4.57
2007-12-18,4.95,4.95,4.72,4.83,56200,4.83
2007-12-17,4.74,4.95,4.63,4.91,18600,4.91
2007-12-14,4.86,4.87,4.83,4.87,5700,4.87
2007-12-13,4.99,5.00,4.95,5.00,33300,5.00
2007-12-12,4.95,4.98,4.88,4.96,25600,4.96
2007-12-11,5.00,5.00,4.77,4.98,33900,4.98
2007-12-10,5.00,5.04,4.77,4.97,86400,4.97
2007-12-07,4.99,5.00,4.75,4.95,49300,4.95
2007-12-06,4.82,5.00,4.78,4.98,24200,4.98
2007-12-05,5.00,5.04,4.72,4.90,43000,4.90
2007-12-04,5.00,5.13,4.85,4.99,48700,4.99
2007-12-03,5.22,5.22,4.95,5.00,42600,5.00
2007-11-30,4.68,4.68,4.62,4.65,9900,4.65
2007-11-29,4.76,4.84,4.75,4.77,6800,4.77
2007-11-28,4.75,4.86,4.75,4.79,42500,4.79
2007-11-27,4.67,4.75,4.50,4.75,14100,4.75
2007-11-26,4.82,4.89,4.75,4.75,25400,4.75
2007-11-23,4.76,4.76,4.76,4.76,000,4.76
2007-11-21,4.75,4.84,4.66,4.76,18500,4.76
2007-11-20,4.56,4.69,4.56,4.68,31200,4.68
2007-11-19,4.69,4.85,4.40,4.65,40200,4.65
2007-11-16,4.38,4.97,4.30,4.67,46100,4.67
2007-11-15,4.33,4.47,4.30,4.38,35500,4.38
2007-11-14,4.51,4.51,4.25,4.36,52700,4.36
2007-11-13,4.20,4.53,4.18,4.52,28600,4.52
2007-11-12,4.10,4.19,4.07,4.18,67500,4.18
2007-11-09,4.19,4.22,4.11,4.11,18900,4.11
2007-11-08,4.42,4.49,4.16,4.16,46600,4.16
2007-11-07,4.3901,4.45,4.36,4.38,7900,4.38
2007-11-06,4.68,4.68,4.35,4.46,10800,4.46
2007-11-05,4.27,4.67,4.19,4.67,54100,4.67
2007-11-02,4.42,4.523,4.25,4.33,67800,4.33
2007-11-01,4.52,4.62,4.44,4.48,31300,4.48
2007-10-31,4.39,4.68,4.33,4.58,51100,4.58
2007-10-30,4.22,4.39,4.20,4.30,334800,4.30
2007-10-29,4.22,4.34,4.21,4.25,251500,4.25
2007-10-26,4.25,4.50,4.2101,4.25,171100,4.25
2007-10-25,4.70,4.70,4.22,4.25,376400,4.25
2007-10-24,4.84,4.84,4.53,4.62,92000,4.62
2007-10-23,4.93,4.93,4.90,4.93,15900,4.93
2007-10-22,4.76,4.89,4.76,4.89,6100,4.89
2007-10-19,4.86,4.91,4.81,4.91,16800,4.91
2007-10-18,4.96,4.992,4.90,4.992,25000,4.992
2007-10-17,5.20,5.20,4.80,4.88,13100,4.88
2007-10-16,4.93,5.21,4.51,5.21,68200,5.21
2007-10-15,4.69,4.96,4.64,4.96,115100,4.96
2007-10-12,4.83,4.83,4.66,4.83,7300,4.83
2007-10-11,5.04,5.05,4.80,4.80,17600,4.80
2007-10-10,4.81,5.21,4.75,5.05,55400,5.05
2007-10-09,4.83,4.83,4.69,4.81,26300,4.81
2007-10-08,4.86,4.86,4.84,4.85,4400,4.85
2007-10-05,4.89,5.00,4.88,4.94,4000,4.94
2007-10-04,4.83,5.00,4.80,4.97,25600,4.97
2007-10-03,4.90,4.95,4.81,4.85,19100,4.85
2007-10-02,4.99,5.00,4.94,4.98,15000,4.98
2007-10-01,4.92,5.02,4.90,5.00,11700,5.00
2007-09-28,5.05,5.14,4.92,5.14,20500,5.14
2007-09-27,4.96,5.07,4.96,5.05,39400,5.05
2007-09-26,5.02,5.02,4.87,4.95,24400,4.95
2007-09-25,5.05,5.07,4.94,5.07,1900,5.07
2007-09-24,4.94,5.05,4.90,5.05,9300,5.05
2007-09-21,5.02,5.02,4.85,4.97,3400,4.97
2007-09-20,5.00,5.15,4.90,5.03,14600,5.03
2007-09-19,5.00,5.14,5.00,5.00,17300,5.00
2007-09-18,5.02,5.02,5.00,5.00,19500,5.00
2007-09-17,5.09,5.09,5.00,5.02,10300,5.02
2007-09-14,5.07,5.08,5.03,5.07,9200,5.07
2007-09-13,5.05,5.08,5.03,5.08,6900,5.08
2007-09-12,5.13,5.20,5.00,5.01,11200,5.01
2007-09-11,5.04,5.20,5.00,5.08,17000,5.08
2007-09-10,5.11,5.15,4.89,5.04,14200,5.04
2007-09-07,5.06,5.47,5.00,5.06,32800,5.06
2007-09-06,4.77,5.22,4.77,5.11,57000,5.11
2007-09-05,4.80,4.84,4.78,4.78,31500,4.78
2007-09-04,4.84,4.91,4.81,4.82,36300,4.82
2007-08-31,4.60,4.812,4.60,4.812,30900,4.812
2007-08-30,4.60,4.659,4.58,4.61,41600,4.61
2007-08-29,4.61,4.66,4.61,4.61,26700,4.61
2007-08-28,4.57,4.64,4.57,4.60,36800,4.60
2007-08-27,4.50,4.65,4.50,4.58,91000,4.58
2007-08-24,4.58,4.60,4.50,4.50,27800,4.50
2007-08-23,4.45,4.66,4.45,4.57,58300,4.57
2007-08-22,4.47,4.47,4.43,4.47,80400,4.47
2007-08-21,4.47,4.50,4.43,4.45,51200,4.45
2007-08-20,4.61,4.63,4.50,4.63,66500,4.63
2007-08-17,4.68,4.70,4.63,4.68,44100,4.68
2007-08-16,4.84,4.85,4.66,4.85,70000,4.85
2007-08-15,5.21,5.21,4.89,5.21,73200,5.21
2007-08-14,5.15,5.22,5.15,5.15,34400,5.15
2007-08-13,5.15,5.29,5.15,5.15,29700,5.15
2007-08-10,5.15,5.29,5.15,5.15,71700,5.15
2007-08-09,5.18,5.22,5.15,5.15,69500,5.15
2007-08-08,5.14,5.31,5.14,5.31,95800,5.31
2007-08-07,5.20,5.22,5.11,5.22,206800,5.22
2007-08-06,5.25,5.28,5.20,5.28,73600,5.28
2007-08-03,5.44,5.44,5.30,5.30,37500,5.30
2007-08-02,5.60,5.60,5.40,5.60,78500,5.60
2007-08-01,5.85,5.85,5.60,5.85,25900,5.85
2007-07-31,5.81,5.87,5.81,5.87,45800,5.87
2007-07-30,5.75,5.85,5.75,5.756,17100,5.756
2007-07-27,5.97,5.97,5.7101,5.75,14600,5.75
2007-07-26,6.35,6.35,5.64,6.00,123200,6.00
2007-07-25,6.27,6.42,6.00,6.35,34400,6.35
2007-07-24,6.53,6.66,6.34,6.66,15200,6.66
2007-07-23,6.64,6.90,6.53,6.60,10900,6.60
2007-07-20,6.54,6.81,6.54,6.81,26200,6.81
2007-07-19,6.59,6.74,6.54,6.54,9200,6.54
2007-07-18,6.77,6.85,6.50,6.61,34600,6.61
2007-07-17,6.99,6.99,6.75,6.82,23800,6.82
2007-07-16,6.97,7.00,6.96,6.99,19700,6.99
2007-07-13,6.97,7.00,6.97,7.00,8900,7.00
2007-07-12,6.98,7.02,6.96,7.00,49900,7.00
2007-07-11,7.01,7.01,6.97,7.00,21100,7.00
2007-07-10,7.00,7.004,6.99,7.004,20300,7.004
2007-07-09,7.04,7.04,6.96,6.99,16400,6.99
2007-07-06,6.96,7.00,6.95,6.98,7300,6.98
2007-07-05,6.99,7.04,6.97,6.98,19200,6.98
2007-07-03,6.97,7.00,6.961,6.99,6100,6.99
2007-07-02,6.99,7.00,6.95,7.00,29700,7.00
2007-06-29,7.00,7.04,6.98,7.04,41300,7.04
2007-06-28,6.91,7.00,6.90,6.97,58800,6.97
2007-06-27,6.98,6.99,6.80,6.94,16600,6.94
2007-06-26,7.04,7.04,6.90,6.96,13200,6.96
2007-06-25,7.12,7.15,6.99,7.15,25100,7.15
2007-06-22,6.97,7.10,6.97,7.10,24600,7.10
2007-06-21,6.92,7.32,6.92,7.32,22500,7.32
2007-06-20,6.98,7.00,6.91,6.91,17000,6.91
2007-06-19,6.99,7.09,6.9701,6.98,35700,6.98
2007-06-18,6.90,7.12,6.90,7.12,69200,7.12
2007-06-15,6.85,6.85,6.532,6.78,64200,6.78
2007-06-14,6.78,6.87,6.70,6.84,10000,6.84
2007-06-13,6.75,6.81,6.58,6.748,28900,6.748
2007-06-12,6.70,6.70,6.52,6.70,31600,6.70
2007-06-11,6.70,6.75,6.50,6.75,57900,6.75
2007-06-08,6.65,6.72,6.60,6.65,4600,6.65
2007-06-07,6.73,6.76,6.62,6.76,42500,6.76
2007-06-06,6.78,6.84,6.78,6.84,17900,6.84
2007-06-05,6.82,6.85,6.68,6.81,47800,6.81
2007-06-04,6.69,6.82,6.67,6.80,28400,6.80
2007-06-01,6.85,6.86,6.60,6.70,20600,6.70
2007-05-31,6.75,6.82,6.69,6.80,47800,6.80
2007-05-30,6.71,6.76,6.70,6.76,66800,6.76
2007-05-29,6.60,6.70,6.60,6.70,33100,6.70
2007-05-25,6.64,6.70,6.62,6.70,16300,6.70
2007-05-24,6.52,6.67,6.52,6.67,20500,6.67
2007-05-23,6.71,6.71,6.45,6.635,20800,6.635
2007-05-22,6.55,6.68,6.05,6.68,44100,6.68
2007-05-21,6.30,6.56,6.25,6.52,27100,6.52
2007-05-18,6.40,6.40,6.17,6.34,23300,6.34
2007-05-17,6.42,6.46,6.35,6.35,20100,6.35
2007-05-16,6.56,6.68,6.27,6.46,112900,6.46
2007-05-15,6.65,6.69,6.65,6.69,39400,6.69
2007-05-14,6.65,6.70,6.57,6.60,37100,6.60
2007-05-11,6.69,6.82,6.50,6.65,28400,6.65
2007-05-10,6.62,6.73,6.25,6.70,50100,6.70
2007-05-09,6.45,6.64,6.45,6.61,235900,6.61
2007-05-08,6.60,6.60,6.25,6.42,271600,6.42
2007-05-07,6.36,6.57,6.36,6.56,171500,6.56
2007-05-04,6.31,6.48,6.31,6.48,31400,6.48
2007-05-03,6.33,6.47,6.26,6.47,59400,6.47
2007-05-02,6.64,6.68,6.29,6.35,234000,6.35
2007-05-01,6.64,6.77,6.58,6.64,72500,6.64
2007-04-30,6.68,6.88,6.50,6.61,214000,6.61
2007-04-27,6.50,6.75,6.50,6.65,130600,6.65
2007-04-26,6.37,6.60,6.37,6.60,239100,6.60
2007-04-25,6.49,6.64,6.19,6.20,126200,6.20
2007-04-24,6.41,6.66,6.33,6.66,41000,6.66
2007-04-23,6.45,6.65,6.25,6.41,81400,6.41
2007-04-20,6.23,6.45,6.23,6.45,43200,6.45
2007-04-19,5.94,6.30,5.80,6.23,126900,6.23
2007-04-18,5.951,6.20,5.93,5.93,149600,5.93
2007-04-17,5.98,6.08,5.80,6.03,90400,6.03
2007-04-16,5.69,6.05,5.69,6.05,181000,6.05
2007-04-13,5.83,6.00,5.71,6.00,25900,6.00
2007-04-12,5.95,5.95,5.71,5.72,33100,5.72
2007-04-11,5.98,6.00,5.45,5.92,23900,5.92
2007-04-10,6.02,6.03,5.70,5.99,161000,5.99
2007-04-09,6.37,6.37,5.93,6.03,171500,6.03
2007-04-05,6.15,6.38,6.15,6.38,107000,6.38
2007-04-04,5.98,6.18,5.87,6.18,228000,6.18
2007-04-03,5.70,6.12,5.65,5.95,207300,5.95
2007-04-02,5.30,5.74,5.30,5.74,235400,5.74
2007-03-30,5.25,5.45,5.25,5.45,250000,5.45
2007-03-29,5.13,5.55,5.08,5.22,237400,5.22
2007-03-28,5.19,5.24,5.11,5.11,20700,5.11
2007-03-27,5.23,5.31,5.17,5.31,26500,5.31
2007-03-26,5.29,5.3964,5.15,5.20,54700,5.20
2007-03-23,5.30,5.46,5.25,5.29,53200,5.29
2007-03-22,5.34,5.46,5.27,5.33,85600,5.33
2007-03-21,5.69,5.69,5.30,5.30,31100,5.30
2007-03-20,5.67,5.75,5.67,5.75,49600,5.75
2007-03-19,5.53,5.72,5.31,5.70,47800,5.70
2007-03-16,5.33,5.41,5.31,5.40,5000,5.40
2007-03-15,5.29,5.32,5.15,5.30,11500,5.30
2007-03-14,5.25,5.36,5.25,5.36,22500,5.36
2007-03-13,5.31,5.31,5.20,5.20,8600,5.20
2007-03-12,5.36,5.48,5.27,5.31,34300,5.31
2007-03-09,5.87,5.87,5.11,5.33,257200,5.33
2007-03-08,5.59,5.90,5.57,5.88,46400,5.88
2007-03-07,5.44,5.62,5.38,5.62,54700,5.62
2007-03-06,5.21,5.48,5.21,5.44,114000,5.44
2007-03-05,5.30,5.48,5.27,5.48,29300,5.48
2007-03-02,5.51,5.65,5.31,5.39,26100,5.39
2007-03-01,5.60,5.65,5.29,5.49,18300,5.49
2007-02-28,5.33,5.59,5.33,5.59,60300,5.59
2007-02-27,5.30,5.48,5.30,5.30,50700,5.30
2007-02-26,5.95,5.95,5.36,5.38,168200,5.38
2007-02-23,5.90,6.03,5.90,6.03,96300,6.03
2007-02-22,6.00,6.03,5.84,6.03,106700,6.03
2007-02-21,6.04,6.11,5.97,6.00,77100,6.00
2007-02-20,5.80,6.13,5.80,6.02,53300,6.02
2007-02-16,5.67,5.73,5.67,5.73,27600,5.73
2007-02-15,5.50,5.63,5.46,5.51,90600,5.51
2007-02-14,5.74,5.75,5.50,5.50,20900,5.50
2007-02-13,5.61,5.86,5.46,5.59,32800,5.59
2007-02-12,5.64,5.80,5.60,5.80,70200,5.80
2007-02-09,5.80,5.80,5.602,5.80,31100,5.80
2007-02-08,5.96,5.96,5.43,5.73,66200,5.73
2007-02-07,6.14,6.15,5.85,6.15,47700,6.15
2007-02-06,6.10,6.25,6.01,6.15,65300,6.15
2007-02-05,6.25,6.25,6.05,6.07,23200,6.07
2007-02-02,6.24,6.26,6.21,6.24,16700,6.24
2007-02-01,6.20,6.24,6.15,6.23,24200,6.23
2007-01-31,6.3199,6.3199,6.01,6.18,5700,6.18
2007-01-30,6.14,6.30,6.13,6.22,11500,6.22
2007-01-29,6.17,6.20,6.02,6.20,17100,6.20
2007-01-26,6.26,6.40,6.10,6.14,16300,6.14
2007-01-25,6.25,6.32,6.19,6.32,48500,6.32
2007-01-24,6.16,6.47,6.15,6.28,50800,6.28
2007-01-23,6.17,6.17,6.15,6.17,77800,6.17
2007-01-22,6.18,6.21,6.10,6.15,136700,6.15
2007-01-19,6.18,6.20,6.15,6.15,24400,6.15
2007-01-18,6.00,6.24,5.98,6.15,57400,6.15
2007-01-17,6.17,6.18,6.10,6.15,36700,6.15
2007-01-16,6.07,6.19,6.07,6.145,38900,6.145
2007-01-12,6.14,6.22,6.10,6.22,158800,6.22
2007-01-11,6.05,6.38,6.05,6.15,33300,6.15
2007-01-10,6.13,6.15,6.05,6.10,55100,6.10
2007-01-09,6.30,6.38,6.11,6.11,10400,6.11
2007-01-08,6.33,6.36,6.26,6.36,14600,6.36
2007-01-05,6.28,6.34,6.28,6.34,29300,6.34
2007-01-04,6.23,6.3575,6.22,6.32,46100,6.32
2007-01-03,6.05,6.55,6.00,6.26,59300,6.26
2006-12-29,5.80,6.03,5.78,6.00,68100,6.00
2006-12-28,5.70,5.90,5.69,5.87,15900,5.87
2006-12-27,6.00,6.00,5.70,5.76,64700,5.76
2006-12-26,5.90,6.03,5.76,6.03,52400,6.03
2006-12-22,5.78,6.05,5.7701,5.83,28800,5.83
2006-12-21,5.71,5.98,5.71,5.98,32000,5.98
2006-12-20,5.80,6.05,5.79,6.05,128100,6.05
2006-12-19,5.95,6.01,5.80,5.83,56100,5.83
2006-12-18,6.00,6.08,5.92,6.00,26900,6.00
2006-12-15,6.21,6.25,5.94,5.94,26700,5.94
2006-12-14,6.05,6.20,5.95,6.12,59100,6.12
2006-12-13,6.12,6.15,6.00,6.15,72500,6.15
2006-12-12,5.74,6.26,5.00,6.05,132800,6.05
2006-12-11,6.39,6.50,6.12,6.22,64700,6.22
2006-12-08,6.10,6.40,6.10,6.25,11900,6.25
2006-12-07,6.20,6.48,6.20,6.48,7200,6.48
2006-12-06,6.10,6.58,6.10,6.50,9000,6.50
2006-12-05,6.24,6.43,6.06,6.10,82600,6.10
2006-12-04,6.58,6.58,6.10,6.21,142800,6.21
2006-12-01,6.25,6.50,6.25,6.50,21500,6.50
2006-11-30,6.46,6.48,6.46,6.48,7000,6.48
2006-11-29,6.45,6.48,6.37,6.45,27700,6.45
2006-11-28,6.30,6.55,6.21,6.46,21900,6.46
2006-11-27,6.62,6.62,6.34,6.39,32200,6.39
2006-11-24,6.70,6.70,6.36,6.67,3800,6.67
2006-11-22,6.20,6.75,6.20,6.60,15200,6.60
2006-11-21,6.00,6.75,6.00,6.35,26600,6.35
2006-11-20,6.60,7.03,6.50,6.75,154200,6.75
2006-11-17,6.76,7.00,6.69,6.95,49800,6.95
2006-11-16,6.51,6.75,6.51,6.69,30800,6.69
2006-11-15,6.63,6.63,6.46,6.60,39700,6.60
2006-11-14,6.36,6.60,6.25,6.60,46000,6.60
2006-11-13,6.64,6.73,6.30,6.47,73300,6.47
2006-11-10,6.62,6.74,6.60,6.74,15000,6.74
2006-11-09,6.65,6.71,6.575,6.59,28900,6.59
2006-11-08,6.61,6.73,6.50,6.64,36800,6.64
2006-11-07,6.45,6.65,6.45,6.59,88700,6.59
2006-11-06,6.70,6.84,6.10,6.43,366800,6.43
2006-11-03,6.50,6.71,6.45,6.65,82600,6.65
2006-11-02,7.37,7.37,6.56,7.37,334700,7.37
2006-11-01,7.40,7.50,7.30,7.37,111300,7.37
2006-10-31,7.40,7.40,7.32,7.40,42300,7.40
2006-10-30,7.31,7.49,7.25,7.40,54400,7.40
2006-10-27,7.34,7.37,7.00,7.37,80400,7.37
2006-10-26,7.40,7.45,7.35,7.36,147500,7.36
2006-10-25,7.40,7.48,7.35,7.40,39900,7.40
2006-10-24,7.42,7.45,7.31,7.40,85900,7.40
2006-10-23,7.45,7.60,7.35,7.37,94600,7.37
2006-10-20,7.34,7.37,7.34,7.37,28900,7.37
2006-10-19,7.25,7.39,7.25,7.34,88600,7.34
2006-10-18,7.50,7.50,7.35,7.38,67500,7.38
2006-10-17,7.42,7.54,7.41,7.49,91600,7.49
2006-10-16,7.21,7.71,7.21,7.46,372300,7.46
2006-10-13,7.10,7.25,7.10,7.15,62100,7.15
2006-10-12,7.25,7.295,7.10,7.295,38200,7.295
2006-10-11,7.13,7.26,7.13,7.16,93300,7.16
2006-10-10,7.24,7.40,7.11,7.12,92400,7.12
2006-10-09,7.29,7.295,7.20,7.295,136100,7.295
2006-10-06,7.30,7.49,7.02,7.10,214900,7.10
2006-10-05,6.66,7.30,6.66,7.03,180100,7.03
2006-10-04,6.63,6.75,6.63,6.75,21500,6.75
2006-10-03,6.74,6.74,6.69,6.71,7400,6.71
2006-10-02,6.65,6.75,6.61,6.72,62800,6.72
2006-09-29,6.65,6.65,6.60,6.65,26200,6.65
2006-09-28,6.45,6.65,6.45,6.65,36200,6.65
2006-09-27,6.45,6.45,6.40,6.40,10400,6.40
2006-09-26,6.45,6.45,6.35,6.35,38400,6.35
2006-09-25,6.45,6.63,6.37,6.50,45700,6.50
2006-09-22,6.30,6.45,6.25,6.45,35600,6.45
2006-09-21,6.60,6.60,6.10,6.30,22700,6.30
2006-09-20,6.69,6.72,6.55,6.72,31900,6.72
2006-09-19,6.48,6.69,6.48,6.69,48000,6.69
2006-09-18,6.35,6.49,6.35,6.49,50700,6.49
2006-09-15,6.28,6.37,6.28,6.35,58700,6.35
2006-09-14,6.40,6.40,6.28,6.30,66800,6.30
2006-09-13,6.56,6.56,6.30,6.40,42600,6.40
2006-09-12,6.80,6.80,6.25,6.52,87600,6.52
2006-09-11,6.75,6.95,6.72,6.78,157400,6.78
2006-09-08,6.70,6.75,6.66,6.74,23600,6.74
2006-09-07,6.65,6.65,6.55,6.61,56300,6.61
2006-09-06,6.68,6.70,6.56,6.60,83700,6.60
2006-09-05,6.79,6.79,6.61,6.63,52700,6.63
2006-09-01,6.60,6.74,6.60,6.65,106200,6.65
2006-08-31,6.44,6.60,6.30,6.59,74500,6.59
2006-08-30,6.25,6.55,6.25,6.44,143200,6.44
2006-08-29,6.04,6.20,6.02,6.20,85700,6.20
2006-08-28,5.85,6.05,5.85,6.05,143200,6.05
2006-08-25,5.60,5.80,5.58,5.78,28100,5.78
2006-08-24,5.60,5.64,5.52,5.64,76200,5.64
2006-08-23,5.58,5.63,5.55,5.55,33100,5.55
2006-08-22,5.80,5.81,5.50,5.66,80800,5.66
2006-08-21,5.80,5.85,5.76,5.77,14800,5.77
2006-08-18,5.70,5.84,5.70,5.80,25700,5.80
2006-08-17,5.66,5.71,5.61,5.65,3900,5.65
2006-08-16,5.60,5.70,5.60,5.61,3800,5.61
2006-08-15,5.65,5.74,5.60,5.74,51800,5.74
2006-08-14,5.53,5.63,5.46,5.58,37800,5.58
2006-08-11,5.50,5.68,5.50,5.55,25200,5.55
2006-08-10,5.22,5.56,5.21,5.56,26000,5.56
2006-08-09,5.40,5.50,5.27,5.27,31500,5.27
2006-08-08,5.66,5.69,5.38,5.69,29200,5.69
2006-08-07,5.70,5.70,5.53,5.61,45100,5.61
2006-08-04,5.82,5.95,5.73,5.77,144800,5.77
2006-08-03,5.26,5.75,5.05,5.72,120600,5.72
2006-08-02,5.50,5.50,5.24,5.25,54500,5.25
2006-08-01,5.50,5.55,5.46,5.48,11400,5.48
2006-07-31,5.41,5.65,5.41,5.65,25100,5.65
2006-07-28,5.28,5.45,5.20,5.41,25900,5.41
2006-07-27,5.20,5.39,5.06,5.25,62300,5.25
2006-07-26,5.38,5.40,5.15,5.24,78800,5.24
2006-07-25,5.26,5.38,5.21,5.28,197100,5.28
2006-07-24,5.53,5.53,5.33,5.36,77500,5.36
2006-07-21,5.78,5.80,5.60,5.60,14500,5.60
2006-07-20,5.95,5.95,5.75,5.83,21400,5.83
2006-07-19,5.84,5.94,5.84,5.94,24900,5.94
2006-07-18,5.90,5.94,5.83,5.83,31100,5.83
2006-07-17,5.82,5.95,5.82,5.90,24600,5.90
2006-07-14,5.90,5.90,5.66,5.82,55000,5.82
2006-07-13,5.96,5.96,5.70,5.94,77000,5.94
2006-07-12,6.15,6.15,5.95,6.06,50400,6.06
2006-07-11,6.27,6.40,6.21,6.40,14400,6.40
2006-07-10,6.26,6.34,6.21,6.22,22600,6.22
2006-07-07,6.12,6.25,6.08,6.16,28700,6.16
2006-07-06,6.28,6.35,6.11,6.14,37100,6.14
2006-07-05,6.55,6.55,6.20,6.23,64400,6.23
2006-07-03,6.50,6.60,6.49,6.54,35300,6.54
2006-06-30,6.81,7.11,6.48,6.50,160000,6.50
2006-06-29,6.10,6.75,6.10,6.64,165800,6.64
2006-06-28,6.15,6.20,6.05,6.12,20500,6.12
2006-06-27,6.19,6.30,6.10,6.25,50700,6.25
2006-06-26,6.13,6.18,6.07,6.17,21100,6.17
2006-06-23,5.76,6.16,5.76,6.13,54400,6.13
2006-06-22,5.65,5.90,5.64,5.81,35600,5.81
2006-06-21,5.65,5.651,5.55,5.651,7000,5.651
2006-06-20,5.50,5.69,5.46,5.55,4900,5.55
2006-06-19,5.51,5.76,5.37,5.45,43600,5.45
2006-06-16,5.45,5.60,5.45,5.60,10500,5.60
2006-06-15,5.50,5.60,5.46,5.50,11800,5.50
2006-06-14,5.55,5.5699,5.42,5.42,5600,5.42
2006-06-13,5.28,5.56,5.28,5.52,77700,5.52
2006-06-12,5.70,6.00,5.53,6.00,46600,6.00
2006-06-09,5.69,5.85,5.69,5.75,18100,5.75
2006-06-08,5.96,5.96,5.65,5.70,11100,5.70
2006-06-07,5.90,6.00,5.90,5.96,4200,5.96
2006-06-06,6.12,6.134,5.90,5.95,23400,5.95
2006-06-05,5.95,6.05,5.90,5.97,58900,5.97
2006-06-02,6.19,6.19,5.97,6.19,13900,6.19
2006-06-01,6.05,6.24,6.03,6.15,49300,6.15
2006-05-31,5.94,6.06,5.94,6.06,52500,6.06
2006-05-30,5.85,5.94,5.80,5.94,58400,5.94
2006-05-26,5.90,5.90,5.50,5.83,32100,5.83
2006-05-25,5.85,5.90,5.80,5.88,84600,5.88
2006-05-24,5.75,5.77,5.51,5.77,105700,5.77
2006-05-23,5.77,5.80,5.70,5.75,40500,5.75
2006-05-22,5.85,5.90,5.72,5.79,47200,5.79
2006-05-19,5.85,5.90,5.76,5.90,57800,5.90
2006-05-18,5.85,5.89,5.71,5.82,192000,5.82
2006-05-17,5.48,5.93,5.35,5.79,978600,5.79
2006-05-16,5.58,5.60,5.31,5.50,87400,5.50
2006-05-15,5.75,5.75,5.50,5.58,38800,5.58
2006-05-12,6.00,6.00,5.71,5.75,28100,5.75
2006-05-11,6.20,6.20,5.90,6.00,26500,6.00
2006-05-10,6.21,6.30,6.16,6.24,36500,6.24
2006-05-09,6.15,6.20,6.15,6.20,7300,6.20
2006-05-08,6.36,6.36,6.20,6.20,25600,6.20
2006-05-05,6.32,6.36,6.28,6.36,11000,6.36
2006-05-04,6.38,6.38,6.37,6.38,6800,6.38
2006-05-03,6.18,6.38,6.18,6.38,56500,6.38
2006-05-02,6.02,6.09,6.02,6.08,17900,6.08
2006-05-01,6.00,6.06,6.00,6.02,14300,6.02
2006-04-28,6.26,6.26,6.07,6.26,11800,6.26
2006-04-27,6.44,6.44,6.21,6.25,23900,6.25
2006-04-26,6.48,6.48,6.34,6.39,43400,6.39
2006-04-25,6.27,6.55,6.02,6.45,50000,6.45
2006-04-24,6.20,6.20,6.10,6.12,3600,6.12
2006-04-21,6.20,6.25,6.15,6.22,4600,6.22
2006-04-20,6.20,6.34,6.20,6.29,55400,6.29
2006-04-19,6.00,6.20,6.00,6.15,16100,6.15
2006-04-18,6.041,6.08,6.00,6.00,33900,6.00
2006-04-17,6.12,6.12,6.00,6.00,10500,6.00
2006-04-13,6.00,6.11,6.00,6.11,6600,6.11
2006-04-12,6.02,6.02,6.00,6.00,6600,6.00
2006-04-11,6.05,6.12,5.99,6.12,34700,6.12
2006-04-10,6.12,6.33,6.01,6.10,20800,6.10
2006-04-07,6.13,6.20,6.01,6.09,15900,6.09
2006-04-06,6.10,6.10,6.00,6.07,51900,6.07
2006-04-05,5.71,6.08,5.71,6.01,26000,6.01
2006-04-04,5.60,5.80,5.28,5.71,320700,5.71
2006-04-03,6.72,6.749,5.95,5.99,54500,5.99
2006-03-31,6.50,6.70,6.40,6.67,19100,6.67
2006-03-30,6.71,6.71,6.31,6.50,57800,6.50
2006-03-29,6.40,6.809,6.40,6.71,73400,6.71
2006-03-28,6.46,6.46,6.31,6.40,23700,6.40
2006-03-27,6.45,6.46,6.35,6.36,22100,6.36
2006-03-24,6.43,6.58,6.40,6.45,67800,6.45
2006-03-23,6.16,6.60,6.16,6.33,59500,6.33
2006-03-22,6.05,6.20,6.05,6.16,49600,6.16
2006-03-21,6.25,6.25,6.05,6.05,13200,6.05
2006-03-20,6.10,6.20,6.10,6.20,5800,6.20
2006-03-17,6.24,6.25,6.21,6.22,9700,6.22
2006-03-16,6.20,6.25,6.17,6.24,50800,6.24
2006-03-15,6.15,6.25,5.99,6.24,35000,6.24
2006-03-14,6.25,6.25,6.19,6.25,54700,6.25
2006-03-13,5.90,6.21,5.90,6.21,65600,6.21
2006-03-10,5.66,5.81,5.66,5.81,6600,5.81
2006-03-09,5.87,5.87,5.61,5.68,36700,5.68
2006-03-08,5.70,5.84,5.47,5.84,25500,5.84
2006-03-07,5.90,5.95,5.66,5.80,54400,5.80
2006-03-06,6.10,6.11,5.50,5.90,78500,5.90
2006-03-03,6.16,6.24,6.00,6.12,45900,6.12
2006-03-02,6.30,6.30,6.13,6.16,36400,6.16
2006-03-01,6.05,6.34,6.05,6.30,244700,6.30
2006-02-28,6.15,6.15,5.80,5.99,35400,5.99
2006-02-27,6.13,6.19,6.07,6.13,48400,6.13
2006-02-24,5.82,6.14,5.78,6.01,137400,6.01
2006-02-23,5.91,5.94,5.80,5.90,25600,5.90
2006-02-22,6.00,6.00,5.62,5.91,178000,5.91
2006-02-21,5.78,6.21,5.78,5.92,203100,5.92
2006-02-17,5.72,5.80,5.56,5.75,71100,5.75
2006-02-16,5.85,5.90,5.61,5.71,40900,5.71
2006-02-15,5.58,5.75,5.37,5.75,135300,5.75
2006-02-14,5.35,5.80,5.35,5.50,279300,5.50
2006-02-13,4.68,5.40,4.68,5.20,226500,5.20
2006-02-10,5.00,5.20,4.60,4.68,81500,4.68
2006-02-09,4.20,4.25,4.15,4.15,91600,4.15
2006-02-08,4.20,4.24,4.00,4.20,8600,4.20
2006-02-07,4.21,4.21,4.18,4.18,5500,4.18
2006-02-06,4.30,4.30,4.11,4.20,13800,4.20
2006-02-03,4.41,4.44,4.31,4.35,12200,4.35
2006-02-02,4.44,4.44,4.40,4.40,1700,4.40
2006-02-01,4.47,4.47,4.40,4.44,4000,4.44
2006-01-31,4.50,4.52,4.40,4.40,8000,4.40
2006-01-30,4.44,4.47,4.41,4.47,11100,4.47
2006-01-27,4.38,4.50,4.35,4.50,22400,4.50
2006-01-26,4.44,4.45,4.40,4.44,11300,4.44
2006-01-25,4.26,4.40,4.26,4.37,22700,4.37
2006-01-24,4.15,4.19,4.12,4.19,5000,4.19
2006-01-23,4.27,4.27,4.11,4.19,12200,4.19
2006-01-20,4.35,4.37,4.30,4.37,3100,4.37
2006-01-19,4.35,4.48,4.29,4.35,25000,4.35
2006-01-18,4.04,4.52,4.04,4.30,83200,4.30
2006-01-17,3.98,3.99,3.85,3.98,10600,3.98
2006-01-13,3.90,3.95,3.90,3.95,2600,3.95
2006-01-12,3.90,3.95,3.84,3.85,11200,3.85
2006-01-11,3.77,3.99,3.77,3.91,6700,3.91
2006-01-10,3.71,3.74,3.71,3.74,1900,3.74
2006-01-09,3.64,3.70,3.64,3.66,9600,3.66
2006-01-06,3.50,3.61,3.50,3.61,4500,3.61
2006-01-05,3.62,3.62,3.50,3.54,6500,3.54
2006-01-04,3.62,3.62,3.62,3.62,500,3.62
2006-01-03,3.65,3.65,3.60,3.60,1000,3.60
2005-12-30,3.54,3.77,3.54,3.70,7500,3.70
2005-12-29,3.46,3.50,3.45,3.50,8800,3.50
2005-12-28,3.47,3.48,3.47,3.48,200,3.48
2005-12-27,3.57,3.58,3.52,3.52,2600,3.52
2005-12-23,3.55,3.55,3.53,3.53,1600,3.53
2005-12-22,3.36,3.52,3.36,3.52,9600,3.52
2005-12-21,3.41,3.42,3.41,3.42,200,3.42
2005-12-20,3.52,3.52,3.44,3.44,3500,3.44
2005-12-19,3.50,3.53,3.45,3.45,19000,3.45
2005-12-16,3.45,3.50,3.45,3.50,4300,3.50
2005-12-15,3.49,3.55,3.40,3.50,4700,3.50
2005-12-14,3.50,3.50,3.40,3.45,9200,3.45
2005-12-13,3.50,3.50,3.50,3.50,2700,3.50
2005-12-12,3.70,3.70,3.56,3.56,17300,3.56
2005-12-09,3.72,3.74,3.72,3.74,5900,3.74
2005-12-08,3.68,3.68,3.666,3.666,1900,3.666
2005-12-07,3.71,3.71,3.68,3.68,3000,3.68
2005-12-06,3.62,3.62,3.62,3.62,900,3.62
2005-12-05,3.61,3.62,3.61,3.62,2800,3.62
2005-12-02,3.61,3.61,3.61,3.61,3700,3.61
2005-12-01,3.62,3.65,3.62,3.65,7100,3.65
2005-11-30,3.64,3.68,3.64,3.68,1200,3.68
2005-11-29,3.74,3.74,3.74,3.74,500,3.74
2005-11-28,3.72,3.74,3.72,3.74,1100,3.74
2005-11-25,3.67,3.67,3.65,3.65,1700,3.65
2005-11-23,3.70,3.70,3.65,3.65,1200,3.65
2005-11-22,3.55,3.65,3.55,3.65,3600,3.65
2005-11-21,3.50,3.57,3.50,3.57,1600,3.57
2005-11-18,3.50,3.55,3.50,3.50,10300,3.50
2005-11-17,3.46,3.55,3.46,3.46,4300,3.46
2005-11-16,3.51,3.55,3.50,3.50,39200,3.50
2005-11-15,3.66,3.689,3.57,3.57,9200,3.57
2005-11-14,3.60,3.74,3.60,3.74,2700,3.74
2005-11-11,3.41,3.69,3.41,3.60,14400,3.60
2005-11-10,3.36,3.44,3.36,3.44,4400,3.44
2005-11-09,3.29,3.35,3.25,3.35,16900,3.35
2005-11-08,3.25,3.26,3.25,3.25,1300,3.25
2005-11-07,3.24,3.26,3.24,3.25,6700,3.25
2005-11-04,3.25,3.25,3.25,3.25,000,3.25
2005-11-03,3.19,3.25,3.19,3.25,2700,3.25
2005-11-02,3.23,3.23,3.18,3.18,1600,3.18
2005-11-01,3.21,3.26,3.21,3.26,400,3.26
2005-10-31,3.15,3.22,3.13,3.22,15500,3.22
2005-10-28,3.30,3.30,3.21,3.21,1000,3.21
2005-10-27,3.38,3.38,3.33,3.33,1600,3.33
2005-10-26,3.25,3.37,3.25,3.37,5000,3.37
2005-10-25,3.23,3.23,3.18,3.18,500,3.18
2005-10-24,3.18,3.22,3.18,3.22,200,3.22
2005-10-21,3.18,3.20,3.15,3.15,4000,3.15
2005-10-20,3.20,3.20,3.10,3.19,4900,3.19
2005-10-19,3.40,3.40,3.20,3.20,3800,3.20
2005-10-18,3.30,3.30,3.30,3.30,18400,3.30
2005-10-17,3.31,3.31,3.31,3.31,300,3.31
2005-10-14,3.29,3.39,3.29,3.30,2700,3.30
2005-10-13,3.28,3.368,3.28,3.29,8000,3.29
2005-10-12,3.26,3.30,3.25,3.28,21800,3.28
2005-10-11,3.30,3.30,3.25,3.27,88400,3.27
2005-10-10,3.30,3.39,3.30,3.31,7400,3.31
2005-10-07,3.32,3.36,3.30,3.33,62800,3.33
2005-10-06,3.40,3.45,3.28,3.41,20100,3.41
2005-10-05,3.40,3.46,3.40,3.46,700,3.46
2005-10-04,3.69,3.74,3.50,3.50,14500,3.50
2005-10-03,3.74,3.74,3.74,3.74,1200,3.74
2005-09-30,3.75,3.85,3.61,3.84,6100,3.84
2005-09-29,3.80,3.80,3.778,3.778,2600,3.778
2005-09-28,3.87,3.90,3.87,3.90,9600,3.90
2005-09-27,3.95,3.95,3.90,3.91,6300,3.91
2005-09-26,4.15,4.15,4.00,4.00,3400,4.00
2005-09-23,4.05,4.10,4.02,4.10,16800,4.10
2005-09-22,3.99,4.042,3.964,4.04,19100,4.04
2005-09-21,4.05,4.09,3.95,4.04,17000,4.04
2005-09-20,4.08,4.08,4.08,4.08,6500,4.08
2005-09-19,4.10,4.15,4.06,4.15,15400,4.15
2005-09-16,4.10,4.10,4.00,4.10,60100,4.10
2005-09-15,4.28,4.31,4.07,4.14,41800,4.14
2005-09-14,4.00,4.35,4.00,4.29,234100,4.29
2005-09-13,3.75,3.79,3.75,3.79,18400,3.79
2005-09-12,3.85,3.85,3.72,3.75,69000,3.75
2005-09-09,3.61,3.82,3.61,3.82,6700,3.82
2005-09-08,3.63,3.67,3.63,3.67,4200,3.67
2005-09-07,3.65,3.70,3.62,3.68,2400,3.68
2005-09-06,3.66,3.66,3.60,3.60,2600,3.60
2005-09-02,3.76,3.77,3.66,3.70,3700,3.70
2005-09-01,3.81,3.81,3.60,3.75,13500,3.75
2005-08-31,3.45,3.75,3.44,3.75,353200,3.75
2005-08-30,3.64,3.71,3.42,3.49,40400,3.49
2005-08-29,3.78,3.85,3.76,3.76,2500,3.76
2005-08-26,3.75,3.88,3.75,3.84,7200,3.84
2005-08-25,3.82,3.90,3.75,3.75,12100,3.75
2005-08-24,3.50,3.68,3.42,3.68,221400,3.68
2005-08-23,3.43,3.43,3.41,3.42,3900,3.42
2005-08-22,3.44,3.47,3.32,3.47,4300,3.47
2005-08-19,3.46,3.52,3.46,3.52,1200,3.52
2005-08-18,3.54,3.54,3.49,3.49,8400,3.49
2005-08-17,3.50,3.55,3.45,3.55,8500,3.55
2005-08-16,3.50,3.60,3.45,3.48,21400,3.48
2005-08-15,3.50,3.546,3.45,3.546,32400,3.546
2005-08-12,3.65,3.65,3.30,3.34,35800,3.34
2005-08-11,3.70,3.70,3.598,3.65,2700,3.65
2005-08-10,3.69,3.78,3.69,3.75,8700,3.75
2005-08-09,3.61,3.62,3.61,3.62,3100,3.62
2005-08-08,3.80,3.86,3.68,3.68,5600,3.68
2005-08-05,3.74,3.83,3.68,3.83,16200,3.83
2005-08-04,3.90,4.00,3.76,3.76,35900,3.76
2005-08-03,3.73,4.10,3.71,4.00,57900,4.00
2005-08-02,3.72,3.75,3.60,3.70,34000,3.70
2005-08-01,3.60,3.80,3.60,3.70,55500,3.70
2005-07-29,3.37,3.59,3.37,3.59,6500,3.59
2005-07-28,3.35,3.43,3.26,3.37,25400,3.37
2005-07-27,2.99,3.51,2.99,3.43,118300,3.43
2005-07-26,2.89,2.89,2.87,2.87,9800,2.87
2005-07-25,2.71,2.85,2.71,2.85,22600,2.85
2005-07-22,2.81,2.84,2.71,2.71,48300,2.71
2005-07-21,2.95,2.95,2.80,2.81,26600,2.81
2005-07-20,2.90,2.92,2.86,2.87,9800,2.87
2005-07-19,2.90,2.95,2.83,2.95,7900,2.95
2005-07-18,2.99,2.99,2.80,2.91,10000,2.91
2005-07-15,2.95,3.00,2.90,2.98,12100,2.98
2005-07-14,3.06,3.06,2.96,2.99,27500,2.99
2005-07-13,3.02,3.05,2.874,3.05,24000,3.05
2005-07-12,3.03,3.05,2.98,3.018,17300,3.018
2005-07-11,3.05,3.05,2.95,3.00,6400,3.00
2005-07-08,2.95,3.10,2.90,3.10,6700,3.10
2005-07-07,3.00,3.05,2.96,3.05,17700,3.05
2005-07-06,3.09,3.10,3.02,3.02,24600,3.02
2005-07-05,3.15,3.15,3.09,3.09,4700,3.09
2005-07-01,3.21,3.26,3.17,3.17,5700,3.17
2005-06-30,3.21,3.26,3.10,3.22,13200,3.22
2005-06-29,3.29,3.31,3.158,3.22,8800,3.22
2005-06-28,3.29,3.36,3.20,3.30,12400,3.30
2005-06-27,3.28,3.34,3.25,3.30,10000,3.30
2005-06-24,3.30,3.32,3.23,3.32,14700,3.32
2005-06-23,3.16,3.39,3.15,3.36,22300,3.36
2005-06-22,3.15,3.20,3.05,3.19,31500,3.19
2005-06-21,3.30,3.34,3.17,3.19,9000,3.19
2005-06-20,3.15,3.30,3.15,3.28,35500,3.28
2005-06-17,3.00,3.19,2.99,3.19,36400,3.19
2005-06-16,2.94,3.00,2.94,3.00,27000,3.00
2005-06-15,2.92,2.93,2.90,2.90,2700,2.90
2005-06-14,2.88,2.88,2.80,2.87,9400,2.87
2005-06-13,2.96,2.96,2.86,2.87,7100,2.87
2005-06-10,2.90,2.99,2.90,2.99,8100,2.99
2005-06-09,2.94,2.96,2.93,2.96,19000,2.96
2005-06-08,2.95,2.98,2.95,2.96,3700,2.96
2005-06-07,3.00,3.00,2.95,2.99,3600,2.99
2005-06-06,3.00,3.01,3.00,3.00,23100,3.00
2005-06-03,3.04,3.05,2.96,3.00,10900,3.00
2005-06-02,3.00,3.09,2.99,3.09,106700,3.09
2005-06-01,3.05,3.12,3.05,3.05,9800,3.05
2005-05-31,3.06,3.07,3.04,3.06,5000,3.06
2005-05-27,3.15,3.15,3.07,3.09,2800,3.09
2005-05-26,3.10,3.13,3.06,3.12,11700,3.12
2005-05-25,3.10,3.15,3.08,3.10,4200,3.10
2005-05-24,3.10,3.10,3.09,3.09,2800,3.09
2005-05-23,3.10,3.15,3.06,3.15,18000,3.15
2005-05-20,3.20,3.20,3.15,3.15,1300,3.15
2005-05-19,3.16,3.16,3.12,3.15,1500,3.15
2005-05-18,3.20,3.21,3.12,3.17,3800,3.17
2005-05-17,3.18,3.18,3.09,3.15,3300,3.15
2005-05-16,3.31,3.35,3.00,3.21,10100,3.21
2005-05-13,3.25,3.25,3.25,3.25,3200,3.25
2005-05-12,3.15,3.25,3.02,3.25,12300,3.25
2005-05-11,3.31,3.38,3.15,3.18,9200,3.18
2005-05-10,3.35,3.39,3.35,3.39,2100,3.39
2005-05-09,3.41,3.47,3.28,3.40,7700,3.40
2005-05-06,3.44,3.55,3.36,3.46,13900,3.46
2005-05-05,3.27,3.40,3.27,3.34,4500,3.34
2005-05-04,3.40,3.40,3.20,3.27,7800,3.27
2005-05-03,3.40,3.40,3.32,3.38,8900,3.38
2005-05-02,3.50,3.59,3.40,3.53,3900,3.53
2005-04-29,3.40,3.55,3.35,3.55,13500,3.55
2005-04-28,3.80,3.80,3.40,3.40,48100,3.40
2005-04-27,4.02,4.02,3.83,3.84,75400,3.84
2005-04-26,4.19,4.25,4.12,4.12,44700,4.12
2005-04-25,4.13,4.22,4.076,4.09,12000,4.09
2005-04-22,4.12,4.21,4.05,4.13,4100,4.13
2005-04-21,4.25,4.25,4.15,4.19,4900,4.19
2005-04-20,4.27,4.27,4.20,4.21,6700,4.21
2005-04-19,4.25,4.34,4.25,4.28,3200,4.28
2005-04-18,4.34,4.34,4.17,4.28,3500,4.28
2005-04-15,4.25,4.31,4.20,4.30,4900,4.30
2005-04-14,4.30,4.31,4.25,4.30,1800,4.30
2005-04-13,4.25,4.25,4.10,4.25,5700,4.25
2005-04-12,4.29,4.29,4.16,4.25,4800,4.25
2005-04-11,4.24,4.33,4.18,4.24,8100,4.24
2005-04-08,4.05,4.20,4.05,4.17,2500,4.17
2005-04-07,4.05,4.27,4.05,4.05,8900,4.05
2005-04-06,4.00,4.19,4.00,4.05,53000,4.05
2005-04-05,4.08,4.20,3.99,4.04,264100,4.04
2005-04-04,3.99,4.05,3.99,4.03,56800,4.03
2005-04-01,4.05,4.05,3.99,3.99,1200,3.99
2005-03-31,3.99,4.04,3.95,4.03,18800,4.03
2005-03-30,4.00,4.00,3.92,4.00,4700,4.00
2005-03-29,3.95,4.00,3.95,4.00,2600,4.00
2005-03-28,4.03,4.08,3.97,4.00,16300,4.00
2005-03-24,3.88,3.99,3.88,3.99,10100,3.99
2005-03-23,3.78,3.90,3.78,3.90,10400,3.90
2005-03-22,3.65,3.94,3.65,3.75,18400,3.75
2005-03-21,3.63,3.72,3.55,3.65,2000,3.65
2005-03-18,3.44,3.68,3.44,3.57,14500,3.57
2005-03-17,3.38,3.42,3.33,3.40,43800,3.40
2005-03-16,3.35,3.45,3.30,3.39,9500,3.39
2005-03-15,3.35,3.45,3.35,3.38,42000,3.38
2005-03-14,3.40,3.45,3.30,3.40,37000,3.40
2005-03-11,3.57,3.59,3.40,3.44,5900,3.44
2005-03-10,3.60,3.60,3.41,3.54,13400,3.54
2005-03-09,3.67,3.67,3.67,3.67,500,3.67
2005-03-08,3.75,3.84,3.65,3.65,10200,3.65
2005-03-07,3.75,3.85,3.75,3.85,6900,3.85
2005-03-04,3.73,3.74,3.70,3.70,3000,3.70
2005-03-03,3.70,3.71,3.70,3.71,4200,3.71
2005-03-02,3.65,3.73,3.60,3.73,9000,3.73
2005-03-01,3.70,3.71,3.67,3.71,9700,3.71
2005-02-28,3.79,3.80,3.65,3.80,26200,3.80
2005-02-25,3.85,3.85,3.80,3.80,9500,3.80
2005-02-24,3.81,3.81,3.81,3.81,1200,3.81
2005-02-23,3.80,3.80,3.80,3.80,5000,3.80
2005-02-22,4.00,4.00,3.78,3.78,4500,3.78
2005-02-18,3.91,3.91,3.91,3.91,1500,3.91
2005-02-17,3.80,3.95,3.80,3.95,7200,3.95
2005-02-16,3.80,3.80,3.75,3.75,4000,3.75
2005-02-15,3.90,3.90,3.75,3.80,16600,3.80
2005-02-14,3.98,3.99,3.90,3.90,4000,3.90
2005-02-11,4.03,4.03,3.95,3.95,15000,3.95
2005-02-10,3.80,3.94,3.78,3.94,21000,3.94
2005-02-09,4.28,4.28,3.72,3.90,31400,3.90
2005-02-08,4.05,4.05,3.98,4.02,18900,4.02
2005-02-07,3.83,3.90,3.75,3.90,10700,3.90
2005-02-04,3.92,3.95,3.85,3.85,34200,3.85
2005-02-03,3.90,3.95,3.70,3.91,49500,3.91
2005-02-02,4.00,4.00,3.95,3.99,1300,3.99
2005-02-01,4.00,4.05,3.90,4.00,19600,4.00
2005-01-31,4.15,4.15,3.90,4.05,12900,4.05
2005-01-28,4.15,4.15,3.98,4.09,5000,4.09
2005-01-27,4.13,4.17,4.10,4.10,1100,4.10
2005-01-26,3.92,4.09,3.92,4.09,9400,4.09
2005-01-25,4.15,4.15,3.90,3.95,17600,3.95
2005-01-24,4.30,4.30,4.00,4.10,23000,4.10
2005-01-21,4.26,4.40,4.25,4.25,6000,4.25
2005-01-20,4.45,4.45,4.26,4.35,11100,4.35
2005-01-19,4.61,4.61,4.35,4.40,8300,4.40
2005-01-18,4.63,4.63,4.50,4.59,13100,4.59
2005-01-14,4.50,4.63,4.40,4.63,38600,4.63
2005-01-13,4.40,4.54,4.40,4.54,2800,4.54
2005-01-12,4.55,4.59,4.40,4.45,8400,4.45
2005-01-11,4.35,4.55,4.30,4.55,13100,4.55
2005-01-10,4.34,4.41,4.34,4.41,6300,4.41
2005-01-07,4.35,4.39,4.31,4.34,4200,4.34
2005-01-06,4.09,4.28,4.09,4.28,2300,4.28
2005-01-05,4.09,4.09,4.03,4.08,2300,4.08
2005-01-04,4.05,4.09,4.05,4.09,700,4.09
2005-01-03,4.05,4.05,3.85,4.00,10400,4.00
2004-12-31,4.11,4.11,4.06,4.09,6300,4.09
2004-12-30,4.15,4.18,4.02,4.18,8500,4.18
2004-12-29,4.22,4.30,4.18,4.18,3600,4.18
2004-12-28,4.29,4.35,4.13,4.15,10800,4.15
2004-12-27,4.49,4.49,4.20,4.20,7800,4.20
2004-12-23,4.41,4.41,4.20,4.39,7000,4.39
2004-12-22,4.40,4.47,4.40,4.44,7900,4.44
2004-12-21,4.40,4.40,4.32,4.32,1400,4.32
2004-12-20,4.46,4.46,4.42,4.44,3400,4.44
2004-12-17,4.35,4.52,4.35,4.44,11200,4.44
2004-12-16,4.20,4.30,4.10,4.28,6700,4.28
2004-12-15,4.38,4.38,4.06,4.22,17000,4.22
2004-12-14,4.42,4.45,4.38,4.38,2800,4.38
2004-12-13,4.25,4.55,4.25,4.50,4300,4.50
2004-12-10,4.24,4.30,4.20,4.30,5700,4.30
2004-12-09,4.45,4.45,4.25,4.25,15500,4.25
2004-12-08,4.98,4.98,4.41,4.42,18300,4.42
2004-12-07,4.90,5.00,4.80,4.90,22000,4.90
2004-12-06,4.60,4.98,4.60,4.90,30000,4.90
2004-12-03,4.45,4.64,4.45,4.55,11500,4.55
2004-12-02,4.20,4.59,4.20,4.39,19700,4.39
2004-12-01,4.27,4.27,4.13,4.24,6900,4.24
2004-11-30,4.35,4.35,4.25,4.35,15300,4.35
2004-11-29,4.10,4.25,4.08,4.25,7500,4.25
2004-11-26,4.08,4.10,4.01,4.10,1900,4.10
2004-11-24,4.09,4.15,4.01,4.15,13900,4.15
2004-11-23,4.00,4.10,3.90,4.04,12100,4.04
2004-11-22,3.80,4.05,3.76,4.05,23400,4.05
2004-11-19,4.11,4.11,3.65,3.85,205800,3.85
2004-11-18,4.14,4.14,3.95,4.01,42600,4.01
2004-11-17,4.23,4.28,4.09,4.10,60300,4.10
2004-11-16,3.97,4.25,3.87,4.25,43800,4.25
2004-11-15,3.95,4.00,3.85,3.88,10200,3.88
2004-11-12,3.64,3.95,3.64,3.85,158200,3.85
2004-11-11,3.70,3.85,3.69,3.69,2700,3.69
2004-11-10,3.70,3.70,3.67,3.70,8500,3.70
2004-11-09,3.80,3.80,3.80,3.80,1500,3.80
2004-11-08,3.87,4.03,3.86,3.86,2000,3.86
2004-11-05,3.95,3.98,3.70,3.86,8100,3.86
2004-11-04,3.95,3.98,3.88,3.90,4500,3.90
2004-11-03,3.98,4.04,3.95,3.95,16100,3.95
2004-11-02,4.38,4.41,4.10,4.11,22500,4.11
2004-11-01,4.43,4.50,4.28,4.32,10300,4.32
2004-10-29,4.35,4.43,4.15,4.39,131500,4.39
2004-10-28,4.05,4.24,3.98,4.23,7200,4.23
2004-10-27,4.18,4.22,4.11,4.16,6300,4.16
2004-10-26,4.05,4.12,4.00,4.12,2500,4.12
2004-10-25,4.25,4.25,4.10,4.12,3600,4.12
2004-10-22,4.20,4.24,4.10,4.20,1500,4.20
2004-10-21,4.22,4.24,4.22,4.23,1100,4.23
2004-10-20,4.25,4.25,3.92,4.15,22700,4.15
2004-10-19,4.50,4.50,4.38,4.38,6000,4.38
2004-10-18,4.72,4.72,4.45,4.65,48200,4.65
2004-10-15,4.22,4.69,4.22,4.62,13400,4.62
2004-10-14,4.30,4.32,4.22,4.29,6900,4.29
2004-10-13,4.50,4.55,4.30,4.30,24900,4.30
2004-10-12,3.98,4.50,3.98,4.50,22100,4.50
2004-10-11,3.90,4.05,3.88,4.05,5000,4.05
2004-10-08,3.80,3.93,3.79,3.93,12000,3.93
2004-10-07,3.80,3.89,3.75,3.80,27500,3.80
2004-10-06,3.70,3.85,3.70,3.75,31100,3.75
2004-10-05,3.80,3.82,3.75,3.75,8300,3.75
2004-10-04,3.75,3.90,3.75,3.82,96900,3.82
2004-10-01,3.75,3.77,3.65,3.75,35100,3.75
2004-09-30,3.49,3.70,3.46,3.70,262000,3.70
2004-09-29,3.40,3.50,3.39,3.50,3300,3.50
2004-09-28,3.41,3.50,3.40,3.44,11700,3.44
2004-09-27,3.37,3.47,3.36,3.41,8700,3.41
2004-09-24,3.40,3.50,3.36,3.36,12000,3.36
2004-09-23,3.45,3.55,3.40,3.45,31700,3.45
2004-09-22,3.37,3.50,3.37,3.45,18500,3.45
2004-09-21,3.56,3.56,3.38,3.50,8300,3.50
2004-09-20,3.49,3.50,3.49,3.50,900,3.50
2004-09-17,3.48,3.55,3.48,3.50,5800,3.50
2004-09-16,3.48,3.50,3.45,3.45,9500,3.45
2004-09-15,3.60,3.60,3.40,3.49,16500,3.49
2004-09-14,3.61,3.75,3.56,3.69,23300,3.69
2004-09-13,3.83,3.84,3.61,3.75,30700,3.75
2004-09-10,3.72,3.84,3.72,3.84,2400,3.84
2004-09-09,3.78,3.89,3.75,3.84,18800,3.84
2004-09-08,3.86,3.89,3.85,3.89,10200,3.89
2004-09-07,3.65,3.87,3.65,3.87,23800,3.87
2004-09-03,3.65,3.70,3.64,3.64,13100,3.64
2004-09-02,3.67,3.75,3.65,3.65,23000,3.65
2004-09-01,3.68,3.88,3.68,3.69,11500,3.69
2004-08-31,3.75,3.76,3.75,3.76,900,3.76
2004-08-30,3.76,3.76,3.76,3.76,1300,3.76
2004-08-27,3.64,3.90,3.64,3.76,7100,3.76
2004-08-26,3.72,3.73,3.61,3.70,15600,3.70
2004-08-25,3.70,3.80,3.70,3.76,10100,3.76
2004-08-24,3.70,3.90,3.70,3.90,7000,3.90
2004-08-23,3.70,3.90,3.66,3.70,14500,3.70
2004-08-20,3.65,3.70,3.60,3.70,8300,3.70
2004-08-19,3.80,3.81,3.65,3.70,5100,3.70
