Date,Open,High,Low,Close,Volume,Adj Close
2012-12-04,1.44,1.45,1.44,1.445,394200,1.445
2012-11-30,1.45,1.45,1.44,1.45,24900,1.45
2012-11-28,1.42,1.45,1.42,1.44,1492000,1.44
2012-11-27,1.41,1.42,1.40,1.42,27600,1.42
2012-11-26,1.40,1.42,1.39,1.40,67600,1.40
2012-11-23,1.40,1.40,1.39,1.40,9400,1.40
2012-11-22,1.39,1.39,1.39,1.39,000,1.39
2012-11-21,1.39,1.40,1.39,1.39,69600,1.39
2012-11-20,1.39,1.40,1.38,1.39,142000,1.39
2012-11-19,1.39,1.40,1.37,1.39,152600,1.39
2012-11-16,1.39,1.41,1.38,1.40,399100,1.40
2012-11-15,1.39,1.40,1.38,1.38,75600,1.38
2012-11-14,1.39,1.40,1.39,1.395,47800,1.395
2012-11-13,1.39,1.40,1.39,1.40,25100,1.40
2012-11-12,1.40,1.40,1.39,1.40,76800,1.40
2012-11-09,1.39,1.40,1.39,1.39,115700,1.39
2012-11-08,1.39,1.41,1.39,1.39,109400,1.39
2012-11-07,1.35,1.40,1.35,1.40,198300,1.40
2012-11-06,1.42,1.42,1.35,1.37,2291200,1.37
2012-11-05,1.43,1.43,1.42,1.42,31300,1.42
2012-11-02,1.42,1.43,1.42,1.42,141900,1.42
2012-11-01,1.43,1.43,1.42,1.43,131800,1.43
2012-10-31,1.42,1.43,1.42,1.43,74700,1.43
2012-10-30,1.42,1.42,1.42,1.42,000,1.42
2012-10-29,1.42,1.42,1.42,1.42,000,1.42
2012-10-26,1.42,1.43,1.42,1.42,44300,1.42
2012-10-25,1.42,1.43,1.42,1.425,14900,1.425
2012-10-24,1.42,1.43,1.42,1.43,56800,1.43
2012-10-23,1.42,1.43,1.42,1.425,14200,1.425
2012-10-22,1.43,1.44,1.42,1.43,127000,1.43
2012-10-19,1.42,1.44,1.42,1.44,236300,1.44
2012-10-18,1.43,1.44,1.42,1.44,266000,1.44
2012-10-17,1.43,1.44,1.43,1.44,69400,1.44
2012-10-16,1.42,1.44,1.42,1.43,325100,1.43
2012-10-15,1.41,1.435,1.41,1.42,549700,1.42
2012-10-12,1.415,1.42,1.41,1.41,41100,1.41
2012-10-11,1.42,1.42,1.41,1.42,82800,1.42
2012-10-10,1.41,1.42,1.40,1.42,762200,1.42
2012-10-09,1.41,1.42,1.41,1.41,92800,1.41
2012-10-08,1.41,1.42,1.41,1.42,146700,1.42
2012-10-05,1.41,1.42,1.40,1.40,451800,1.40
2012-10-04,1.41,1.42,1.40,1.40,1120200,1.40
2012-10-03,1.41,1.42,1.41,1.41,145900,1.41
2012-10-02,1.42,1.42,1.41,1.41,30000,1.41
2012-10-01,1.42,1.42,1.41,1.41,645000,1.41
2012-09-28,1.41,1.42,1.41,1.42,2922400,1.42
2012-09-27,1.42,1.42,1.41,1.415,770900,1.415
2012-09-26,1.42,1.42,1.419,1.42,169400,1.42
2012-09-25,1.41,1.42,1.41,1.42,384000,1.42
2012-09-24,1.42,1.42,1.41,1.41,511900,1.41
2012-09-21,1.42,1.42,1.41,1.42,610900,1.42
2012-09-20,1.42,1.42,1.41,1.42,500000,1.42
2012-09-19,1.42,1.42,1.41,1.42,1823200,1.42
2012-09-18,1.42,1.43,1.41,1.41,12666200,1.41
2012-09-17,0.78,0.8079,0.78,0.8079,600,0.8079
2012-09-14,0.78,0.7978,0.78,0.7978,20300,0.7978
2012-09-13,0.77,0.8017,0.77,0.8016,2100,0.8016
2012-09-12,0.76,0.8058,0.76,0.80,500,0.80
2012-09-11,0.7977,0.8079,0.76,0.76,600,0.76
2012-09-10,0.77,0.8037,0.7699,0.77,8600,0.77
2012-09-07,0.8059,0.8098,0.7725,0.78,1900,0.78
2012-09-06,0.8059,0.8059,0.7761,0.785,16000,0.785
2012-09-05,0.8099,0.8099,0.78,0.78,900,0.78
2012-09-04,0.7727,0.7997,0.7722,0.7997,29700,0.7997
2012-09-03,0.82,0.82,0.82,0.82,000,0.82
2012-08-31,0.774,0.82,0.774,0.82,51500,0.82
2012-08-30,0.7629,0.825,0.7622,0.8192,1500,0.8192
2012-08-29,0.81,0.81,0.81,0.81,10300,0.81
2012-08-28,0.81,0.81,0.81,0.81,000,0.81
2012-08-27,0.81,0.8298,0.81,0.8298,1300,0.8298
2012-08-24,0.8297,0.8299,0.81,0.81,64200,0.81
2012-08-23,0.81,0.8269,0.81,0.81,11300,0.81
2012-08-22,0.81,0.8298,0.81,0.8298,2400,0.8298
2012-08-21,0.8198,0.82,0.812,0.82,12200,0.82
2012-08-20,0.8199,0.8199,0.8199,0.8199,2100,0.8199
2012-08-17,0.82,0.82,0.82,0.82,19900,0.82
2012-08-16,0.8101,0.82,0.81,0.82,4100,0.82
2012-08-15,0.81,0.8199,0.81,0.81,2700,0.81
2012-08-14,0.81,0.82,0.81,0.81,5800,0.81
2012-08-13,0.8114,0.82,0.81,0.82,45600,0.82
2012-08-10,0.8101,0.83,0.8101,0.8294,17100,0.8294
2012-08-09,0.8101,0.8386,0.81,0.81,25500,0.81
2012-08-08,0.815,0.84,0.815,0.815,9800,0.815
2012-08-07,0.8111,0.8299,0.8101,0.8101,31000,0.8101
2012-08-06,0.85,0.85,0.8101,0.811,32400,0.811
2012-08-03,0.8493,0.8493,0.83,0.83,4400,0.83
2012-08-02,0.83,0.8493,0.8203,0.8203,26900,0.8203
2012-08-01,0.84,0.84,0.84,0.84,000,0.84
2012-07-31,0.8209,0.84,0.8203,0.84,500,0.84
2012-07-30,0.84,0.8498,0.82,0.8211,5500,0.8211
2012-07-27,0.8211,0.84,0.8211,0.84,1000,0.84
2012-07-26,0.8101,0.84,0.8101,0.84,36300,0.84
2012-07-25,0.82,0.8399,0.82,0.8378,36500,0.8378
2012-07-24,0.8103,0.8201,0.81,0.81,33700,0.81
2012-07-23,0.8498,0.8499,0.8101,0.82,67100,0.82
2012-07-20,0.84,0.8494,0.8243,0.8494,300,0.8494
2012-07-19,0.85,0.85,0.81,0.8486,50200,0.8486
2012-07-18,0.8298,0.85,0.8107,0.8499,65700,0.8499
2012-07-17,0.849,0.8498,0.8103,0.8497,2100,0.8497
2012-07-16,0.82,0.8497,0.82,0.8497,18400,0.8497
2012-07-13,0.821,0.821,0.8102,0.8102,9200,0.8102
2012-07-12,0.82,0.8498,0.82,0.82,1200,0.82
2012-07-11,0.85,0.85,0.85,0.85,000,0.85
2012-07-10,0.8192,0.85,0.8192,0.85,500,0.85
2012-07-09,0.8303,0.86,0.8102,0.8102,33200,0.8102
2012-07-06,0.85,0.87,0.84,0.87,13000,0.87
2012-07-05,0.8303,0.8748,0.8303,0.8748,5400,0.8748
2012-07-04,0.86,0.86,0.86,0.86,000,0.86
2012-07-03,0.86,0.86,0.8301,0.86,19100,0.86
2012-07-02,0.86,0.86,0.83,0.83,10300,0.83
2012-06-29,0.8101,0.88,0.81,0.86,72300,0.86
2012-06-28,0.8201,0.8495,0.8115,0.8116,16700,0.8116
2012-06-27,0.85,0.85,0.85,0.85,000,0.85
2012-06-26,0.823,0.8599,0.8135,0.85,7200,0.85
2012-06-25,0.8181,0.8698,0.8101,0.8697,1900,0.8697
2012-06-22,0.87,0.8789,0.81,0.81,142600,0.81
2012-06-21,0.84,0.8798,0.82,0.8786,2000,0.8786
2012-06-20,0.81,0.88,0.81,0.8105,9000,0.8105
2012-06-19,0.84,0.85,0.8101,0.8101,46900,0.8101
2012-06-18,0.88,0.88,0.84,0.84,10900,0.84
2012-06-15,0.86,0.89,0.85,0.89,2400,0.89
2012-06-14,0.8897,0.89,0.86,0.86,1400,0.86
2012-06-13,0.87,0.90,0.86,0.86,1900,0.86
2012-06-12,0.8611,0.95,0.86,0.86,1500,0.86
2012-06-11,0.87,0.90,0.84,0.85,38700,0.85
2012-06-08,0.8201,0.84,0.8201,0.83,46100,0.83
2012-06-07,0.8201,0.8401,0.8201,0.8294,24800,0.8294
2012-06-06,0.84,0.88,0.82,0.82,47500,0.82
2012-06-05,0.84,0.8774,0.84,0.86,18500,0.86
2012-06-04,0.84,0.845,0.83,0.84,41700,0.84
2012-06-01,0.84,0.8799,0.8202,0.8775,21600,0.8775
2012-05-31,0.85,0.8501,0.82,0.82,18000,0.82
2012-05-30,0.84,0.88,0.8201,0.88,2800,0.88
2012-05-29,0.8305,0.835,0.82,0.82,2000,0.82
2012-05-28,0.8102,0.8102,0.8102,0.8102,000,0.8102
2012-05-25,0.84,0.84,0.8102,0.8102,71600,0.8102
2012-05-24,0.8786,0.89,0.81,0.8899,800,0.8899
2012-05-23,0.81,0.86,0.8001,0.82,8100,0.82
2012-05-22,0.84,0.8598,0.8024,0.85,1200,0.85
2012-05-21,0.87,0.87,0.8099,0.81,71200,0.81
2012-05-18,0.8399,0.89,0.82,0.89,100300,0.89
2012-05-17,0.839,0.8399,0.8001,0.8001,3300,0.8001
2012-05-16,0.89,0.9299,0.8001,0.8491,85200,0.8491
2012-05-15,0.8601,0.95,0.86,0.91,7100,0.91
2012-05-14,0.91,0.9699,0.86,0.9699,1800,0.9699
2012-05-11,0.86,0.8896,0.822,0.8896,2200,0.8896
2012-05-10,0.82,0.89,0.82,0.83,6300,0.83
2012-05-09,0.84,0.85,0.82,0.85,46700,0.85
2012-05-08,0.85,0.9096,0.81,0.84,60800,0.84
2012-05-07,0.87,0.9294,0.86,0.86,53300,0.86
2012-05-04,0.93,0.93,0.85,0.90,93300,0.90
2012-05-03,0.975,0.975,0.91,0.93,125200,0.93
2012-05-02,0.95,0.97,0.94,0.94,16000,0.94
2012-05-01,0.96,0.97,0.94,0.95,61600,0.95
2012-04-30,0.95,0.96,0.93,0.93,24200,0.93
2012-04-27,0.95,0.97,0.9101,0.97,24500,0.97
2012-04-26,0.9106,0.96,0.91,0.95,24000,0.95
2012-04-25,0.91,0.94,0.90,0.91,25000,0.91
2012-04-24,0.94,0.9496,0.9002,0.94,900,0.94
2012-04-23,0.9203,0.9691,0.91,0.91,63100,0.91
2012-04-20,0.9201,0.9697,0.92,0.9301,94700,0.9301
2012-04-19,0.9301,0.9747,0.9195,0.9303,83100,0.9303
2012-04-18,0.9305,0.9699,0.9299,0.9698,68300,0.9698
2012-04-17,0.92,0.9668,0.92,0.9668,86200,0.9668
2012-04-16,0.95,0.95,0.9233,0.931,95900,0.931
2012-04-13,0.95,0.9799,0.923,0.97,9300,0.97
2012-04-12,0.9361,0.9799,0.9001,0.97,126900,0.97
2012-04-11,0.96,0.9899,0.9202,0.9301,17600,0.9301
2012-04-10,0.96,0.9985,0.9597,0.96,20200,0.96
2012-04-09,0.9799,0.9799,0.95,0.9799,500,0.9799
2012-04-06,0.9799,0.9799,0.9799,0.9799,000,0.9799
2012-04-05,0.95,0.9799,0.9001,0.9799,9700,0.9799
2012-04-04,0.9501,0.9996,0.9501,0.9799,2100,0.9799
2012-04-03,0.97,0.9799,0.97,0.97,800,0.97
2012-04-02,0.9897,0.9898,0.9308,0.97,21200,0.97
2012-03-30,0.95,0.9898,0.92,0.9897,48400,0.9897
2012-03-29,0.8821,0.9498,0.8518,0.9498,77500,0.9498
2012-03-28,0.97,0.97,0.899,0.9496,55500,0.9496
2012-03-27,1.02,1.02,0.8826,0.92,67800,0.92
2012-03-26,0.8801,1.00,0.8801,1.00,40700,1.00
2012-03-23,0.92,0.92,0.8802,0.92,1300,0.92
2012-03-22,0.91,0.92,0.8802,0.919,6900,0.919
2012-03-21,0.90,0.91,0.8521,0.88,3900,0.88
2012-03-20,0.93,0.9498,0.90,0.915,14300,0.915
2012-03-19,0.8601,0.92,0.8601,0.92,47200,0.92
2012-03-16,0.90,0.91,0.8612,0.90,6800,0.90
2012-03-15,0.8633,0.91,0.8621,0.90,12300,0.90
2012-03-14,0.86,0.93,0.8501,0.9096,28200,0.9096
2012-03-13,0.918,0.918,0.8601,0.88,32500,0.88
2012-03-12,0.88,0.9111,0.88,0.8901,29800,0.8901
2012-03-09,0.9051,0.9052,0.86,0.86,81600,0.86
2012-03-08,0.9365,0.9594,0.9051,0.9296,2700,0.9296
2012-03-07,0.91,0.9691,0.9051,0.9691,13000,0.9691
2012-03-06,0.90,0.9398,0.90,0.9283,6100,0.9283
2012-03-05,0.9001,0.9083,0.9001,0.9001,22800,0.9001
2012-03-02,0.9051,0.9399,0.9001,0.9399,3500,0.9399
2012-03-01,0.90,0.93,0.90,0.91,25800,0.91
2012-02-29,0.8901,0.92,0.8901,0.8901,7700,0.8901
2012-02-28,0.9005,0.92,0.8901,0.8901,3200,0.8901
2012-02-27,0.8951,0.90,0.8901,0.90,1100,0.90
2012-02-24,0.90,0.93,0.90,0.90,5900,0.90
2012-02-23,0.93,0.93,0.8901,0.92,6500,0.92
2012-02-22,0.92,0.92,0.9111,0.9111,1600,0.9111
2012-02-21,0.9219,0.93,0.90,0.90,3600,0.90
2012-02-20,0.9294,0.9294,0.9294,0.9294,000,0.9294
2012-02-17,0.90,0.9299,0.90,0.9294,28100,0.9294
2012-02-16,0.89,0.90,0.89,0.90,8900,0.90
2012-02-15,0.90,0.90,0.8998,0.90,11200,0.90
2012-02-14,0.92,0.92,0.92,0.92,000,0.92
2012-02-13,0.92,0.92,0.89,0.92,10300,0.92
2012-02-10,0.8999,0.8999,0.86,0.8899,8700,0.8899
2012-02-09,0.90,0.9595,0.8601,0.87,52200,0.87
2012-02-08,0.98,1.0084,0.8911,0.8912,28900,0.8912
2012-02-07,0.97,0.98,0.9401,0.9401,4700,0.9401
2012-02-06,0.989,1.00,0.974,0.974,63000,0.974
2012-02-03,0.92,0.98,0.92,0.98,46600,0.98
2012-02-02,0.8601,0.95,0.8601,0.92,16800,0.92
2012-02-01,0.8499,0.90,0.8499,0.862,19600,0.862
2012-01-31,0.82,0.8299,0.8069,0.818,9700,0.818
2012-01-30,0.80,0.8499,0.80,0.8499,20700,0.8499
2012-01-27,0.7801,0.79,0.7801,0.79,500,0.79
2012-01-26,0.81,0.85,0.81,0.85,400,0.85
2012-01-25,0.78,0.85,0.78,0.85,18200,0.85
2012-01-24,0.82,0.8798,0.79,0.80,88700,0.80
2012-01-23,0.84,0.84,0.8001,0.8001,300,0.8001
2012-01-20,0.88,0.88,0.88,0.88,000,0.88
2012-01-19,0.81,0.908,0.80,0.88,15300,0.88
2012-01-18,0.87,0.8799,0.799,0.86,2000,0.86
2012-01-17,0.88,0.88,0.88,0.88,3900,0.88
2012-01-16,0.8798,0.8798,0.8798,0.8798,000,0.8798
2012-01-13,0.7801,0.8798,0.7801,0.8798,1200,0.8798
2012-01-12,0.85,0.85,0.7983,0.82,16700,0.82
2012-01-11,0.7701,0.87,0.7701,0.81,2700,0.81
2012-01-10,0.85,0.86,0.7701,0.7801,66700,0.7801
2012-01-09,0.8601,0.8601,0.8601,0.8601,000,0.8601
2012-01-06,0.88,0.88,0.86,0.88,1400,0.88
2012-01-05,0.8354,0.88,0.8351,0.88,4900,0.88
2012-01-04,0.86,0.90,0.86,0.90,1500,0.90
2012-01-03,0.90,0.90,0.8675,0.90,55200,0.90
2012-01-02,0.95,0.95,0.95,0.95,000,0.95
2011-12-30,0.81,0.95,0.7624,0.95,58500,0.95
2011-12-29,0.76,0.7919,0.7521,0.7919,61500,0.7919
2011-12-28,0.7702,0.7999,0.7515,0.76,57100,0.76
2011-12-27,0.80,0.80,0.78,0.78,46700,0.78
2011-12-26,0.78,0.78,0.78,0.78,000,0.78
2011-12-23,0.80,0.80,0.7701,0.78,39300,0.78
2011-12-22,0.76,0.77,0.76,0.76,16700,0.76
2011-12-21,0.7508,0.77,0.75,0.7645,16200,0.7645
2011-12-20,0.77,0.78,0.76,0.76,22100,0.76
2011-12-19,0.77,0.7975,0.7611,0.7709,8500,0.7709
2011-12-16,0.78,0.80,0.78,0.80,8100,0.80
2011-12-15,0.82,0.82,0.77,0.80,40300,0.80
2011-12-14,0.83,0.8655,0.82,0.82,42100,0.82
2011-12-13,0.83,0.8523,0.82,0.82,39800,0.82
2011-12-12,0.85,0.8508,0.85,0.85,14500,0.85
2011-12-09,0.8318,0.89,0.83,0.85,5300,0.85
2011-12-08,0.85,0.872,0.8201,0.8201,33700,0.8201
2011-12-07,0.84,0.89,0.8301,0.89,10100,0.89
2011-12-06,0.82,0.88,0.82,0.87,15500,0.87
2011-12-05,0.8995,0.8995,0.871,0.88,9300,0.88
2011-12-02,0.88,0.882,0.88,0.88,5700,0.88
2011-12-01,0.8841,0.9459,0.8503,0.87,6800,0.87
2011-11-30,0.90,0.9199,0.88,0.88,23300,0.88
2011-11-29,0.87,0.90,0.8605,0.87,5900,0.87
2011-11-28,0.8503,0.90,0.8503,0.86,5200,0.86
2011-11-25,0.90,0.90,0.90,0.90,000,0.90
2011-11-24,0.90,0.90,0.90,0.90,000,0.90
2011-11-23,0.90,0.90,0.90,0.90,5700,0.90
2011-11-22,0.93,0.93,0.906,0.93,3300,0.93
2011-11-21,0.90,0.9495,0.90,0.91,25800,0.91
2011-11-18,0.90,0.91,0.90,0.91,3100,0.91
2011-11-17,0.91,0.92,0.90,0.91,58900,0.91
2011-11-16,0.91,0.9101,0.90,0.9007,28600,0.9007
2011-11-15,0.91,0.91,0.87,0.87,37200,0.87
2011-11-14,0.89,0.90,0.89,0.89,5600,0.89
2011-11-11,0.91,0.91,0.8801,0.8873,25900,0.8873
2011-11-10,0.9099,0.91,0.88,0.90,24000,0.90
2011-11-09,0.8502,0.9099,0.8502,0.9099,14300,0.9099
2011-11-08,0.8809,0.8971,0.8804,0.8805,2200,0.8805
2011-11-07,0.8701,0.9199,0.86,0.91,56500,0.91
2011-11-04,0.9399,0.9399,0.9299,0.9399,7600,0.9399
2011-11-03,0.9294,0.9295,0.8601,0.926,600,0.926
2011-11-02,0.9498,0.9498,0.92,0.9299,3300,0.9299
2011-11-01,0.90,0.9498,0.8502,0.92,26200,0.92
2011-10-31,0.91,0.91,0.8701,0.8702,16400,0.8702
2011-10-28,0.91,0.91,0.90,0.91,2200,0.91
2011-10-27,0.8601,0.92,0.86,0.90,28400,0.90
2011-10-26,0.9298,0.93,0.87,0.92,1400,0.92
2011-10-25,0.8801,0.9398,0.86,0.9398,10400,0.9398
2011-10-24,0.90,0.9103,0.90,0.903,10200,0.903
2011-10-21,0.903,0.93,0.903,0.903,2500,0.903
2011-10-20,0.9105,0.921,0.8999,0.915,119300,0.915
2011-10-19,0.9116,0.9392,0.9104,0.92,2800,0.92
2011-10-18,0.9103,0.9462,0.9103,0.93,11300,0.93
2011-10-17,0.93,0.93,0.93,0.93,200,0.93
2011-10-14,0.94,0.94,0.93,0.9351,800,0.9351
2011-10-13,0.9321,0.99,0.9066,0.93,3000,0.93
2011-10-12,0.9998,0.9998,0.93,0.9964,1500,0.9964
2011-10-11,0.9051,0.9956,0.9051,0.9956,1300,0.9956
2011-10-10,0.9226,0.9997,0.905,0.93,19500,0.93
2011-10-07,0.9102,0.97,0.905,0.905,14500,0.905
2011-10-06,0.91,0.98,0.9041,0.9101,3000,0.9101
2011-10-05,1.00,1.00,0.95,0.95,7700,0.95
2011-10-04,0.95,1.00,0.95,1.00,1200,1.00
2011-10-03,1.02,1.02,0.95,0.95,12400,0.95
2011-09-30,0.95,1.05,0.90,0.96,31800,0.96
2011-09-29,1.05,1.05,0.90,0.986,137300,0.986
2011-09-28,1.06,1.06,1.00,1.01,3700,1.01
2011-09-27,1.09,1.09,1.00,1.00,9000,1.00
2011-09-26,1.00,1.0138,1.00,1.00,4600,1.00
2011-09-23,1.00,1.03,0.99,1.00,11600,1.00
2011-09-22,0.99,1.00,0.9802,1.00,4900,1.00
2011-09-21,1.01,1.01,1.00,1.00,800,1.00
2011-09-20,1.01,1.08,1.00,1.00,7700,1.00
2011-09-19,1.05,1.06,1.05,1.06,1600,1.06
2011-09-16,1.02,1.05,1.00,1.05,8900,1.05
2011-09-15,1.05,1.05,1.00,1.05,3500,1.05
2011-09-14,1.10,1.10,1.05,1.05,11300,1.05
2011-09-13,1.09,1.10,0.97,1.10,12100,1.10
2011-09-12,1.06,1.10,0.96,1.10,9100,1.10
2011-09-09,1.02,1.13,0.96,1.05,13000,1.05
2011-09-08,1.15,1.15,1.07,1.10,2700,1.10
2011-09-07,1.20,1.25,1.12,1.15,24500,1.15
2011-09-06,1.04,1.39,1.0397,1.18,67100,1.18
2011-09-02,1.05,1.10,1.05,1.05,2000,1.05
2011-09-01,1.08,1.08,1.01,1.05,1000,1.05
2011-08-31,1.10,1.10,1.06,1.06,2400,1.06
2011-08-30,1.10,1.18,1.0508,1.13,2200,1.13
2011-08-29,1.06,1.18,1.007,1.17,38500,1.17
2011-08-26,1.03,1.10,1.00,1.06,15000,1.06
2011-08-25,1.06,1.08,1.06,1.08,1900,1.08
2011-08-23,1.04,1.10,1.04,1.10,600,1.10
2011-08-22,1.00,1.02,0.99,1.02,50400,1.02
2011-08-19,1.00,1.00,0.99,1.00,24000,1.00
2011-08-18,1.03,1.03,1.01,1.01,48000,1.01
2011-08-17,1.01,1.05,1.01,1.03,2300,1.03
2011-08-16,1.04,1.08,1.01,1.01,17700,1.01
2011-08-15,1.11,1.114,1.08,1.08,10000,1.08
2011-08-12,1.20,1.20,1.11,1.15,8200,1.15
2011-08-11,1.12,1.1201,1.11,1.11,26100,1.11
2011-08-10,1.12,1.20,1.12,1.15,22200,1.15
2011-08-09,1.11,1.2001,1.11,1.15,21900,1.15
2011-08-08,1.20,1.20,1.11,1.111,31500,1.111
2011-08-05,1.18,1.2001,1.1501,1.20,5200,1.20
2011-08-04,1.21,1.21,1.1201,1.21,700,1.21
2011-08-03,1.11,1.17,1.11,1.1496,17900,1.1496
2011-08-02,1.03,1.15,1.03,1.115,39500,1.115
2011-08-01,1.07,1.111,1.03,1.03,15600,1.03
2011-07-29,1.10,1.19,1.095,1.10,4700,1.10
2011-07-28,1.10,1.12,1.0799,1.12,39000,1.12
2011-07-27,1.06,1.12,1.05,1.0736,26500,1.0736
2011-07-26,1.06,1.11,1.05,1.06,30500,1.06
2011-07-25,1.10,1.15,0.9974,1.05,123400,1.05
2011-07-22,1.10,1.14,1.08,1.10,6200,1.10
2011-07-21,1.14,1.14,1.08,1.11,76500,1.11
2011-07-20,1.14,1.14,1.1398,1.1399,900,1.1399
2011-07-19,1.10,1.17,1.10,1.10,11600,1.10
2011-07-18,1.10,1.10,1.08,1.0848,8600,1.0848
2011-07-15,1.15,1.20,1.14,1.1616,19700,1.1616
2011-07-14,1.20,1.26,1.20,1.20,8400,1.20
2011-07-13,1.16,1.20,1.16,1.20,7600,1.20
2011-07-12,1.19,1.20,1.13,1.13,2900,1.13
2011-07-11,1.18,1.21,1.18,1.20,20100,1.20
2011-07-08,1.15,1.25,1.15,1.20,32800,1.20
2011-07-07,1.12,1.18,1.088,1.1718,7400,1.1718
2011-07-06,1.11,1.12,1.11,1.11,52100,1.11
2011-07-05,1.13,1.16,1.12,1.13,25800,1.13
2011-07-01,1.16,1.18,1.15,1.16,14300,1.16
2011-06-30,1.15,1.1875,1.08,1.18,29400,1.18
2011-06-29,1.09,1.17,1.06,1.12,23100,1.12
2011-06-28,1.12,1.12,1.09,1.11,10500,1.11
2011-06-27,1.07,1.12,1.06,1.11,15700,1.11
2011-06-24,1.10,1.12,1.06,1.12,33100,1.12
2011-06-23,1.15,1.15,1.05,1.10,29500,1.10
2011-06-22,1.13,1.28,1.10,1.1801,55300,1.1801
2011-06-21,1.04,1.09,1.04,1.06,11600,1.06
2011-06-20,1.08,1.13,1.05,1.05,1900,1.05
2011-06-17,1.05,1.11,1.05,1.11,12800,1.11
2011-06-16,1.00,1.06,0.9281,1.05,29600,1.05
2011-06-15,1.06,1.0601,1.00,1.00,26300,1.00
2011-06-14,1.11,1.12,1.05,1.08,20700,1.08
2011-06-13,1.19,1.2299,1.10,1.11,21400,1.11
2011-06-10,1.20,1.24,1.16,1.20,7200,1.20
2011-06-09,1.14,1.24,1.14,1.18,1400,1.18
2011-06-08,1.20,1.2101,1.11,1.13,8600,1.13
2011-06-07,1.23,1.2301,1.20,1.21,7000,1.21
2011-06-06,1.20,1.24,1.20,1.238,9500,1.238
2011-06-03,1.20,1.22,1.20,1.20,3700,1.20
2011-06-02,1.21,1.24,1.21,1.23,1900,1.23
2011-06-01,1.30,1.30,1.24,1.241,18900,1.241
2011-05-31,1.26,1.35,1.26,1.26,22100,1.26
2011-05-27,1.22,1.25,1.22,1.24,1200,1.24
2011-05-26,1.22,1.29,1.22,1.29,400,1.29
2011-05-25,1.22,1.25,1.21,1.21,3600,1.21
2011-05-24,1.21,1.2899,1.21,1.25,5500,1.25
2011-05-23,1.26,1.26,1.205,1.21,5300,1.21
2011-05-20,1.30,1.30,1.2709,1.2709,800,1.2709
2011-05-19,1.29,1.34,1.29,1.29,9500,1.29
2011-05-18,1.23,1.29,1.23,1.279,6600,1.279
2011-05-17,1.26,1.26,1.23,1.24,1400,1.24
2011-05-16,1.29,1.29,1.2472,1.29,2100,1.29
2011-05-13,1.25,1.25,1.247,1.25,11700,1.25
2011-05-12,1.28,1.28,1.2399,1.24,8100,1.24
2011-05-11,1.28,1.28,1.2601,1.2601,1400,1.2601
2011-05-10,1.26,1.31,1.26,1.31,300,1.31
2011-05-09,1.25,1.38,1.24,1.27,18100,1.27
2011-05-06,1.28,1.28,1.25,1.26,17000,1.26
2011-05-05,1.28,1.40,1.22,1.24,20100,1.24
2011-05-04,1.29,1.29,1.25,1.27,25800,1.27
2011-05-03,1.29,1.35,1.29,1.30,14400,1.30
2011-05-02,1.36,1.40,1.29,1.29,29500,1.29
2011-04-29,1.35,1.37,1.3009,1.3599,2500,1.3599
2011-04-28,1.33,1.3799,1.291,1.3799,14500,1.3799
2011-04-27,1.30,1.35,1.30,1.35,2300,1.35
2011-04-26,1.34,1.34,1.26,1.26,4700,1.26
2011-04-25,1.35,1.40,1.30,1.31,12000,1.31
2011-04-21,1.36,1.40,1.3205,1.33,1700,1.33
2011-04-20,1.33,1.41,1.33,1.40,20500,1.40
2011-04-19,1.32,1.3201,1.2901,1.2901,14700,1.2901
2011-04-18,1.30,1.34,1.26,1.29,25300,1.29
2011-04-15,1.34,1.34,1.29,1.30,13400,1.30
2011-04-14,1.32,1.35,1.32,1.3494,3500,1.3494
2011-04-13,1.30,1.33,1.30,1.3208,15600,1.3208
2011-04-12,1.28,1.32,1.28,1.28,2800,1.28
2011-04-11,1.27,1.3294,1.25,1.27,29600,1.27
2011-04-08,1.43,1.44,1.25,1.25,116200,1.25
2011-04-07,1.42,1.45,1.42,1.44,4300,1.44
2011-04-06,1.49,1.49,1.39,1.44,13800,1.44
2011-04-05,1.44,1.48,1.40,1.48,6900,1.48
2011-04-04,1.40,1.50,1.40,1.45,46800,1.45
2011-04-01,1.43,1.45,1.38,1.39,10400,1.39
2011-03-31,1.42,1.42,1.34,1.40,4900,1.40
2011-03-30,1.41,1.50,1.40,1.43,29300,1.43
2011-03-29,1.34,1.40,1.34,1.37,2700,1.37
2011-03-28,1.39,1.39,1.35,1.35,15500,1.35
2011-03-25,1.40,1.41,1.3525,1.41,17200,1.41
2011-03-24,1.36,1.39,1.28,1.39,16300,1.39
2011-03-23,1.36,1.38,1.32,1.32,4800,1.32
2011-03-21,1.38,1.39,1.37,1.37,600,1.37
2011-03-18,1.31,1.40,1.30,1.40,30400,1.40
2011-03-17,1.29,1.32,1.25,1.30,13700,1.30
2011-03-16,1.26,1.34,1.2301,1.32,13600,1.32
2011-03-15,1.38,1.38,1.23,1.25,125000,1.25
2011-03-14,1.34,1.44,1.34,1.40,35200,1.40
2011-03-11,1.44,1.44,1.28,1.40,137300,1.40
2011-03-10,1.50,1.50,1.40,1.42,16700,1.42
2011-03-09,1.53,1.57,1.50,1.5301,20300,1.5301
2011-03-08,1.56,1.56,1.511,1.5399,5700,1.5399
2011-03-07,1.63,1.63,1.50,1.5586,7000,1.5586
2011-03-04,1.68,1.69,1.6045,1.63,27700,1.63
2011-03-03,1.68,1.70,1.68,1.70,14800,1.70
2011-03-02,1.67,1.69,1.67,1.69,28800,1.69
2011-03-01,1.67,1.69,1.64,1.66,11800,1.66
2011-02-28,1.65,1.69,1.63,1.68,40600,1.68
2011-02-25,1.62,1.69,1.60,1.63,164000,1.63
2011-02-24,1.53,1.70,1.49,1.61,282900,1.61
2011-02-23,1.71,1.71,1.58,1.64,43400,1.64
2011-02-22,1.77,1.85,1.641,1.7352,40000,1.7352
2011-02-18,1.81,1.83,1.75,1.79,71200,1.79
2011-02-17,1.45,1.99,1.45,1.781,250100,1.781
2011-02-16,1.46,1.49,1.431,1.47,57500,1.47
2011-02-15,1.44,1.47,1.431,1.45,1000,1.45
2011-02-14,1.41,1.46,1.41,1.45,28600,1.45
2011-02-11,1.45,1.4899,1.44,1.45,10300,1.45
2011-02-10,1.49,1.49,1.45,1.45,5400,1.45
2011-02-09,1.45,1.47,1.44,1.46,13400,1.46
2011-02-08,1.41,1.46,1.41,1.43,21100,1.43
2011-02-07,1.45,1.46,1.40,1.42,17300,1.42
2011-02-04,1.40,1.43,1.39,1.43,42600,1.43
2011-02-03,1.45,1.4599,1.3801,1.39,46600,1.39
2011-02-02,1.28,1.54,1.28,1.45,72800,1.45
2011-02-01,1.36,1.37,1.30,1.32,5500,1.32
2011-01-31,1.34,1.36,1.27,1.36,16600,1.36
2011-01-28,1.26,1.34,1.26,1.33,17600,1.33
2011-01-27,1.26,1.32,1.25,1.26,29800,1.26
2011-01-26,1.31,1.36,1.28,1.28,67600,1.28
2011-01-25,1.31,1.31,1.28,1.28,25700,1.28
2011-01-24,1.29,1.33,1.261,1.33,85900,1.33
2011-01-21,1.30,1.33,1.26,1.29,72100,1.29
2011-01-20,1.32,1.3299,1.26,1.30,18000,1.30
2011-01-19,1.44,1.46,1.33,1.33,184900,1.33
2011-01-18,1.48,1.54,1.39,1.43,55700,1.43
2011-01-14,1.43,1.55,1.43,1.52,47200,1.52
2011-01-13,1.43,1.47,1.43,1.45,5500,1.45
2011-01-12,1.45,1.45,1.43,1.44,56200,1.44
2011-01-11,1.36,1.44,1.36,1.43,22100,1.43
2011-01-10,1.37,1.40,1.36,1.3801,18100,1.3801
2011-01-07,1.375,1.405,1.37,1.37,16800,1.37
2011-01-06,1.42,1.42,1.38,1.38,34700,1.38
2011-01-05,1.40,1.44,1.36,1.44,38300,1.44
2011-01-04,1.39,1.4275,1.39,1.3901,161200,1.3901
2011-01-03,1.39,1.43,1.38,1.40,17100,1.40
2010-12-31,1.38,1.44,1.38,1.43,45300,1.43
2010-12-30,1.43,1.43,1.38,1.39,54900,1.39
2010-12-29,1.37,1.44,1.37,1.42,41000,1.42
2010-12-28,1.35,1.42,1.35,1.40,62600,1.40
2010-12-27,1.36,1.38,1.36,1.36,21700,1.36
2010-12-23,1.35,1.36,1.32,1.3499,102900,1.3499
2010-12-22,1.36,1.36,1.323,1.332,32200,1.332
2010-12-21,1.34,1.36,1.33,1.3401,50200,1.3401
2010-12-20,1.38,1.39,1.34,1.34,6200,1.34
2010-12-17,1.34,1.39,1.32,1.37,6700,1.37
2010-12-16,1.34,1.4001,1.33,1.38,12500,1.38
2010-12-15,1.32,1.37,1.30,1.36,12100,1.36
2010-12-14,1.26,1.39,1.26,1.34,16600,1.34
2010-12-13,1.31,1.37,1.28,1.30,19700,1.30
2010-12-10,1.32,1.35,1.27,1.32,20500,1.32
2010-12-09,1.25,1.40,1.22,1.30,32000,1.30
2010-12-08,1.19,1.459,1.19,1.35,30500,1.35
2010-12-07,1.50,1.50,1.39,1.4628,15000,1.4628
2010-12-06,1.46,1.50,1.39,1.48,13500,1.48
2010-12-03,1.44,1.50,1.405,1.4572,26900,1.4572
2010-12-02,1.44,1.46,1.39,1.44,27000,1.44
2010-12-01,1.41,1.42,1.27,1.38,36600,1.38
2010-11-30,1.31,1.44,1.31,1.44,4600,1.44
2010-11-29,1.39,1.42,1.242,1.33,31500,1.33
2010-11-26,1.36,1.42,1.33,1.39,25300,1.39
2010-11-24,1.34,1.38,1.33,1.34,20000,1.34
2010-11-23,1.38,1.4299,1.35,1.35,26400,1.35
2010-11-22,1.42,1.43,1.41,1.41,4000,1.41
2010-11-19,1.43,1.459,1.42,1.44,2700,1.44
2010-11-18,1.42,1.4899,1.42,1.4499,11800,1.4499
2010-11-16,1.45,1.48,1.42,1.45,15800,1.45
2010-11-15,1.45,1.4899,1.45,1.4756,1300,1.4756
2010-11-12,1.46,1.50,1.44,1.46,13300,1.46
2010-11-11,1.43,1.50,1.40,1.50,10900,1.50
2010-11-10,1.49,1.4994,1.46,1.47,25200,1.47
2010-11-09,1.47,1.50,1.43,1.49,21700,1.49
2010-11-08,1.45,1.52,1.45,1.4801,41700,1.4801
2010-11-05,1.46,1.48,1.43,1.48,14300,1.48
2010-11-04,1.35,1.48,1.34,1.48,28600,1.48
2010-11-03,1.39,1.48,1.33,1.34,11800,1.34
2010-11-02,1.41,1.45,1.39,1.42,3100,1.42
2010-11-01,1.42,1.45,1.39,1.42,16900,1.42
2010-10-29,1.44,1.44,1.31,1.42,34400,1.42
2010-10-28,1.45,1.47,1.41,1.46,3100,1.46
2010-10-27,1.48,1.49,1.41,1.49,22700,1.49
2010-10-26,1.44,1.50,1.41,1.50,8900,1.50
2010-10-25,1.41,1.5099,1.40,1.41,8300,1.41
2010-10-22,1.43,1.47,1.40,1.41,26800,1.41
2010-10-21,1.46,1.50,1.41,1.49,30200,1.49
2010-10-20,1.41,1.50,1.41,1.48,45600,1.48
2010-10-19,1.44,1.45,1.38,1.42,12000,1.42
2010-10-18,1.42,1.46,1.37,1.45,22600,1.45
2010-10-15,1.40,1.45,1.39,1.42,54500,1.42
2010-10-14,1.32,1.44,1.29,1.40,109300,1.40
2010-10-13,1.37,1.39,1.29,1.30,37500,1.30
2010-10-12,1.34,1.39,1.29,1.39,27000,1.39
2010-10-11,1.29,1.35,1.28,1.33,59600,1.33
2010-10-08,1.27,1.30,1.26,1.30,29100,1.30
2010-10-07,1.30,1.30,1.25,1.25,113200,1.25
2010-10-06,1.14,1.32,1.14,1.29,45200,1.29
2010-10-05,1.27,1.35,1.19,1.21,42900,1.21
2010-10-04,1.30,1.3299,1.29,1.3199,7200,1.3199
2010-10-01,1.29,1.32,1.25,1.30,30200,1.30
2010-09-30,1.30,1.32,1.24,1.32,16500,1.32
2010-09-29,1.20,1.33,1.18,1.3299,81700,1.3299
2010-09-28,1.22,1.23,1.18,1.18,10400,1.18
2010-09-27,1.25,1.28,1.15,1.21,55100,1.21
2010-09-24,1.24,1.28,1.2105,1.23,30200,1.23
2010-09-23,1.18,1.34,1.18,1.33,38700,1.33
2010-09-22,1.19,1.29,1.1001,1.2599,16500,1.2599
2010-09-21,1.27,1.28,1.15,1.15,46600,1.15
2010-09-20,1.24,1.39,1.2399,1.25,49800,1.25
2010-09-17,1.10,1.39,1.08,1.34,109100,1.34
2010-09-16,1.05,1.09,1.04,1.09,25100,1.09
2010-09-15,1.02,1.0799,1.01,1.06,61700,1.06
2010-09-14,1.02,1.05,1.02,1.04,10500,1.04
2010-09-13,1.04,1.09,1.02,1.0499,71600,1.0499
2010-09-10,0.98,1.05,0.97,1.03,76200,1.03
2010-09-09,1.03,1.03,0.91,0.94,187400,0.94
2010-09-08,1.11,1.1599,0.94,0.9503,128200,0.9503
2010-09-07,1.22,1.22,1.11,1.19,8100,1.19
2010-09-03,1.21,1.22,1.18,1.22,3600,1.22
2010-09-02,1.17,1.21,1.16,1.18,23500,1.18
2010-09-01,1.16,1.22,1.13,1.2199,19100,1.2199
2010-08-31,1.11,1.16,1.05,1.16,23600,1.16
2010-08-30,1.08,1.15,1.08,1.14,49500,1.14
2010-08-27,1.12,1.17,1.05,1.13,9200,1.13
2010-08-26,1.10,1.14,1.10,1.13,49400,1.13
2010-08-25,1.09,1.12,1.07,1.10,38400,1.10
2010-08-24,1.16,1.18,1.11,1.1401,11300,1.1401
2010-08-23,1.15,1.16,1.13,1.1501,8800,1.1501
2010-08-20,1.06,1.18,1.05,1.18,9200,1.18
2010-08-19,1.11,1.19,1.11,1.18,42100,1.18
2010-08-18,1.11,1.16,1.11,1.16,18400,1.16
2010-08-17,1.16,1.17,1.13,1.13,38600,1.13
2010-08-16,1.15,1.1999,1.15,1.17,8400,1.17
2010-08-13,1.21,1.23,1.18,1.1999,7800,1.1999
2010-08-12,1.25,1.25,1.248,1.25,1200,1.25
2010-08-11,1.23,1.25,1.21,1.25,4100,1.25
2010-08-10,1.21,1.25,1.20,1.23,78200,1.23
2010-08-09,1.24,1.25,1.21,1.21,45400,1.21
2010-08-06,1.21,1.25,1.21,1.23,7700,1.23
2010-08-05,1.19,1.26,1.19,1.24,41900,1.24
2010-08-04,1.24,1.26,1.22,1.22,106700,1.22
2010-08-03,1.23,1.26,1.22,1.24,31900,1.24
2010-08-02,1.22,1.26,1.22,1.25,30400,1.25
2010-07-30,1.22,1.25,1.22,1.25,1800,1.25
2010-07-29,1.22,1.26,1.21,1.2499,6100,1.2499
2010-07-28,1.23,1.24,1.20,1.23,12000,1.23
2010-07-27,1.25,1.2585,1.20,1.20,50000,1.20
2010-07-26,1.23,1.29,1.20,1.25,144600,1.25
2010-07-23,1.25,1.2594,1.238,1.25,13600,1.25
2010-07-22,1.25,1.26,1.24,1.26,19100,1.26
2010-07-21,1.30,1.30,1.25,1.26,4900,1.26
2010-07-20,1.24,1.27,1.21,1.26,5200,1.26
2010-07-19,1.27,1.27,1.26,1.27,3000,1.27
2010-07-16,1.22,1.26,1.2119,1.25,34300,1.25
2010-07-15,1.23,1.27,1.23,1.26,2600,1.26
2010-07-14,1.28,1.28,1.25,1.25,26500,1.25
2010-07-13,1.26,1.29,1.25,1.25,12200,1.25
2010-07-12,1.22,1.29,1.22,1.2799,49800,1.2799
2010-07-09,1.28,1.28,1.25,1.25,50700,1.25
2010-07-08,1.20,1.27,1.20,1.26,22800,1.26
2010-07-07,1.24,1.27,1.24,1.25,44100,1.25
2010-07-06,1.23,1.28,1.23,1.24,40300,1.24
2010-07-02,1.22,1.32,1.22,1.27,27100,1.27
2010-07-01,1.27,1.28,1.231,1.25,36200,1.25
2010-06-30,1.25,1.29,1.24,1.27,18900,1.27
2010-06-29,1.32,1.3599,1.24,1.25,93400,1.25
2010-06-28,1.39,1.40,1.31,1.32,46100,1.32
2010-06-25,1.36,1.49,1.29,1.37,167300,1.37
2010-06-24,1.35,1.37,1.31,1.32,39600,1.32
2010-06-23,1.30,1.38,1.26,1.38,61500,1.38
2010-06-22,1.35,1.37,1.33,1.35,10100,1.35
2010-06-21,1.37,1.44,1.35,1.38,54300,1.38
2010-06-18,1.33,1.38,1.27,1.38,35700,1.38
2010-06-17,1.35,1.36,1.31,1.36,74100,1.36
2010-06-16,1.28,1.36,1.28,1.36,38800,1.36
2010-06-15,1.37,1.37,1.31,1.31,14100,1.31
2010-06-14,1.34,1.3494,1.30,1.33,13600,1.33
2010-06-11,1.33,1.34,1.31,1.33,6300,1.33
2010-06-10,1.40,1.40,1.28,1.38,13000,1.38
2010-06-09,1.37,1.44,1.33,1.37,85100,1.37
2010-06-08,1.33,1.37,1.33,1.33,19200,1.33
2010-06-07,1.35,1.39,1.32,1.35,55000,1.35
2010-06-04,1.33,1.33,1.30,1.32,43900,1.32
2010-06-03,1.38,1.38,1.3068,1.35,51300,1.35
2010-06-02,1.33,1.37,1.30,1.33,422200,1.33
2010-06-01,1.37,1.38,1.32,1.32,64900,1.32
2010-05-28,1.52,1.52,1.37,1.37,239600,1.37
2010-05-27,1.37,1.52,1.37,1.4999,74800,1.4999
2010-05-26,1.42,1.49,1.3799,1.48,59400,1.48
2010-05-25,1.34,1.38,1.33,1.37,93100,1.37
2010-05-24,1.38,1.39,1.35,1.37,76400,1.37
2010-05-21,1.40,1.45,1.36,1.43,56900,1.43
2010-05-20,1.44,1.44,1.34,1.40,149000,1.40
2010-05-19,1.50,1.50,1.42,1.42,72800,1.42
2010-05-18,1.50,1.53,1.47,1.50,20000,1.50
2010-05-17,1.50,1.50,1.46,1.47,25300,1.47
2010-05-14,1.46,1.50,1.43,1.4799,13300,1.4799
2010-05-13,1.52,1.52,1.47,1.50,22200,1.50
2010-05-12,1.45,1.5166,1.44,1.50,35200,1.50
2010-05-11,1.46,1.49,1.40,1.49,139000,1.49
2010-05-10,1.48,1.55,1.40,1.51,274900,1.51
2010-05-07,1.49,1.58,1.40,1.496,311100,1.496
2010-05-06,1.50,1.58,1.42,1.50,56900,1.50
2010-05-05,1.56,1.58,1.45,1.47,135000,1.47
2010-05-04,1.57,1.61,1.48,1.61,327700,1.61
2010-05-03,1.55,1.63,1.5201,1.56,93000,1.56
2010-04-30,1.59,1.65,1.54,1.55,118200,1.55
2010-04-29,1.56,1.6501,1.55,1.63,80200,1.63
2010-04-28,1.60,1.6299,1.55,1.56,96400,1.56
2010-04-27,1.62,1.74,1.55,1.55,32200,1.55
2010-04-26,1.76,1.76,1.58,1.61,110900,1.61
2010-04-23,1.70,1.78,1.694,1.72,5400,1.72
2010-04-22,1.69,1.74,1.63,1.7001,49700,1.7001
2010-04-21,1.71,1.7101,1.58,1.66,42000,1.66
2010-04-20,1.65,1.80,1.62,1.72,202900,1.72
2010-04-19,1.43,1.64,1.43,1.62,127300,1.62
2010-04-16,1.43,1.57,1.43,1.46,74500,1.46
2010-04-15,1.46,1.47,1.40,1.40,200600,1.40
2010-04-14,1.52,1.52,1.42,1.44,63500,1.44
2010-04-13,1.50,1.54,1.50,1.54,11000,1.54
2010-04-12,1.52,1.58,1.52,1.53,4300,1.53
2010-04-09,1.58,1.59,1.55,1.56,39600,1.56
2010-04-08,1.56,1.62,1.54,1.56,73300,1.56
2010-04-07,1.58,1.634,1.5401,1.60,4800,1.60
2010-04-06,1.58,1.64,1.5401,1.62,23300,1.62
2010-04-05,1.52,1.6064,1.52,1.55,20000,1.55
2010-04-01,1.62,1.62,1.50,1.525,33300,1.525
2010-03-31,1.60,1.65,1.60,1.648,149500,1.648
2010-03-30,1.53,1.60,1.51,1.58,19100,1.58
2010-03-29,1.55,1.58,1.50,1.56,23700,1.56
2010-03-26,1.50,1.60,1.48,1.51,9900,1.51
2010-03-25,1.57,1.65,1.46,1.46,11000,1.46
2010-03-24,1.61,1.61,1.48,1.48,35100,1.48
2010-03-23,1.59,1.65,1.50,1.60,11800,1.60
2010-03-22,1.63,1.63,1.50,1.56,53800,1.56
2010-03-19,1.49,1.60,1.41,1.60,83300,1.60
2010-03-18,1.45,1.52,1.43,1.47,22200,1.47
2010-03-17,1.59,1.59,1.45,1.51,31700,1.51
2010-03-16,1.54,1.59,1.5101,1.59,4600,1.59
2010-03-15,1.61,1.63,1.51,1.56,4100,1.56
2010-03-12,1.60,1.62,1.5601,1.59,18100,1.59
2010-03-11,1.60,1.62,1.55,1.62,80300,1.62
2010-03-10,1.53,1.64,1.48,1.61,101600,1.61
2010-03-09,1.44,1.50,1.44,1.50,67600,1.50
2010-03-08,1.40,1.42,1.36,1.40,48100,1.40
2010-03-05,1.43,1.44,1.40,1.42,41800,1.42
2010-03-04,1.40,1.519,1.376,1.41,142300,1.41
2010-03-03,1.38,1.46,1.34,1.44,95100,1.44
2010-03-02,1.30,1.369,1.30,1.35,214300,1.35
2010-03-01,1.28,1.33,1.2795,1.31,69600,1.31
2010-02-26,1.27,1.27,1.2106,1.26,68100,1.26
2010-02-25,1.31,1.31,1.2701,1.2999,58500,1.2999
2010-02-24,1.27,1.33,1.26,1.31,50800,1.31
2010-02-23,1.26,1.27,1.26,1.27,80500,1.27
2010-02-22,1.26,1.28,1.26,1.26,6200,1.26
2010-02-19,1.28,1.28,1.26,1.26,9900,1.26
2010-02-18,1.29,1.29,1.27,1.27,9600,1.27
2010-02-17,1.29,1.29,1.27,1.29,13900,1.29
2010-02-16,1.30,1.30,1.27,1.29,13500,1.29
2010-02-12,1.295,1.30,1.29,1.30,12400,1.30
2010-02-11,1.28,1.33,1.2701,1.30,38000,1.30
2010-02-10,1.27,1.28,1.2601,1.27,18200,1.27
2010-02-09,1.28,1.29,1.27,1.2799,5000,1.2799
2010-02-08,1.28,1.29,1.27,1.29,2700,1.29
2010-02-05,1.27,1.2975,1.26,1.27,33100,1.27
2010-02-04,1.29,1.33,1.27,1.2701,64900,1.2701
2010-02-03,1.31,1.33,1.30,1.33,5700,1.33
2010-02-02,1.31,1.33,1.31,1.33,13600,1.33
2010-02-01,1.31,1.35,1.26,1.34,8300,1.34
2010-01-29,1.39,1.39,1.26,1.26,28700,1.26
2010-01-28,1.32,1.36,1.27,1.35,99700,1.35
2010-01-27,1.28,1.32,1.25,1.32,35900,1.32
2010-01-26,1.29,1.29,1.26,1.29,101100,1.29
2010-01-25,1.28,1.30,1.2602,1.29,189700,1.29
2010-01-22,1.29,1.30,1.28,1.2899,17200,1.2899
2010-01-21,1.32,1.32,1.29,1.30,31700,1.30
2010-01-20,1.32,1.35,1.31,1.324,24100,1.324
2010-01-19,1.34,1.35,1.29,1.31,553200,1.31
2010-01-15,1.33,1.36,1.31,1.34,243400,1.34
2010-01-14,1.38,1.38,1.33,1.35,26200,1.35
2010-01-13,1.32,1.46,1.2818,1.36,170700,1.36
2010-01-12,1.31,1.40,1.27,1.31,271800,1.31
2010-01-11,1.31,1.41,1.27,1.30,216600,1.30
2010-01-08,1.26,1.31,1.26,1.29,89500,1.29
2010-01-07,1.26,1.28,1.26,1.27,40900,1.27
2010-01-06,1.27,1.28,1.26,1.26,47500,1.26
2010-01-05,1.27,1.31,1.26,1.27,54300,1.27
2010-01-04,1.33,1.35,1.27,1.27,214300,1.27
2009-12-31,1.25,1.29,1.25,1.29,53300,1.29
2009-12-30,1.30,1.36,1.28,1.29,18300,1.29
2009-12-29,1.33,1.39,1.28,1.34,12200,1.34
2009-12-28,1.36,1.36,1.28,1.325,266000,1.325
2009-12-24,1.30,1.3698,1.29,1.36,30000,1.36
2009-12-23,1.29,1.30,1.2899,1.30,52200,1.30
2009-12-22,1.28,1.29,1.28,1.29,23700,1.29
2009-12-21,1.28,1.29,1.28,1.29,38200,1.29
2009-12-18,1.29,1.2994,1.28,1.28,30300,1.28
2009-12-17,1.29,1.31,1.28,1.28,139900,1.28
2009-12-16,1.30,1.30,1.28,1.29,26600,1.29
2009-12-15,1.33,1.36,1.293,1.293,1600,1.293
2009-12-14,1.32,1.35,1.28,1.35,21300,1.35
2009-12-11,1.32,1.33,1.26,1.32,5900,1.32
2009-12-10,1.30,1.34,1.2999,1.34,3500,1.34
2009-12-09,1.31,1.35,1.26,1.3101,20100,1.3101
2009-12-08,1.41,1.41,1.32,1.36,20300,1.36
2009-12-07,1.41,1.47,1.40,1.42,17400,1.42
2009-12-04,1.43,1.52,1.41,1.50,11800,1.50
2009-12-03,1.38,1.43,1.38,1.43,2900,1.43
2009-12-02,1.39,1.43,1.34,1.41,5400,1.41
2009-12-01,1.26,1.44,1.26,1.385,42000,1.385
2009-11-30,1.25,1.38,1.20,1.37,56800,1.37
2009-11-27,1.39,1.40,1.34,1.40,18900,1.40
2009-11-25,1.38,1.44,1.33,1.42,26900,1.42
2009-11-24,1.35,1.38,1.2218,1.33,28700,1.33
2009-11-23,1.21,1.39,1.21,1.27,76300,1.27
2009-11-20,1.25,1.40,1.21,1.24,18200,1.24
2009-11-19,1.3638,1.3638,1.30,1.30,1100,1.30
2009-11-18,1.49,1.49,1.40,1.40,11600,1.40
2009-11-17,1.41,1.48,1.38,1.44,8800,1.44
2009-11-16,1.48,1.4999,1.40,1.44,22400,1.44
2009-11-13,1.45,1.50,1.43,1.50,16200,1.50
2009-11-12,1.50,1.50,1.41,1.43,6700,1.43
2009-11-11,1.40,1.4899,1.40,1.46,3800,1.46
2009-11-10,1.42,1.50,1.37,1.4259,18500,1.4259
2009-11-09,1.42,1.42,1.352,1.40,11400,1.40
2009-11-06,1.30,1.42,1.29,1.40,10500,1.40
2009-11-05,1.29,1.35,1.24,1.3499,27300,1.3499
2009-11-04,1.33,1.36,1.26,1.33,33500,1.33
2009-11-03,1.26,1.32,1.18,1.32,40000,1.32
2009-11-02,1.22,1.37,1.19,1.32,20100,1.32
2009-10-30,1.34,1.37,1.28,1.28,12000,1.28
2009-10-29,1.39,1.49,1.30,1.37,48900,1.37
2009-10-28,1.48,1.52,1.44,1.49,18400,1.49
2009-10-27,1.52,1.52,1.45,1.50,9100,1.50
2009-10-26,1.60,1.60,1.52,1.52,28300,1.52
2009-10-23,1.56,1.62,1.55,1.55,17200,1.55
2009-10-22,1.65,1.65,1.60,1.60,3100,1.60
2009-10-21,1.60,1.68,1.60,1.65,14500,1.65
2009-10-20,1.68,1.73,1.58,1.65,40400,1.65
2009-10-19,1.80,1.81,1.49,1.63,221000,1.63
2009-10-16,1.90,1.95,1.78,1.79,213500,1.79
2009-10-15,2.02,2.02,1.95,1.98,27000,1.98
2009-10-14,2.03,2.03,2.03,2.03,39400,2.03
2009-10-13,2.00,2.12,2.00,2.01,39400,2.01
2009-10-12,2.15,2.15,1.92,2.0501,36000,2.0501
2009-10-09,1.94,2.15,1.91,2.14,41400,2.14
2009-10-08,1.91,2.03,1.83,1.98,46100,1.98
2009-10-07,1.95,2.00,1.82,1.99,58100,1.99
2009-10-06,1.81,2.00,1.81,2.00,25500,2.00
2009-10-05,1.92,2.05,1.77,1.99,42000,1.99
2009-10-02,1.90,2.13,1.63,1.9599,132600,1.9599
2009-10-01,2.01,2.03,1.15,1.96,115700,1.96
2009-09-30,2.18,2.18,2.00,2.09,77000,2.09
2009-09-29,2.10,2.19,2.05,2.1699,73100,2.1699
2009-09-28,2.14,2.14,2.04,2.08,18700,2.08
2009-09-25,2.05,2.14,2.00,2.13,40500,2.13
2009-09-24,2.11,2.1499,2.05,2.12,27200,2.12
2009-09-23,2.20,2.20,2.10,2.14,53300,2.14
2009-09-22,1.96,2.1566,1.95,2.15,68600,2.15
2009-09-21,2.10,2.10,1.96,1.99,45500,1.99
2009-09-18,1.95,2.10,1.94,2.10,91200,2.10
2009-09-17,1.65,1.95,1.63,1.95,116900,1.95
2009-09-16,1.70,1.80,1.69,1.7995,31600,1.7995
2009-09-15,1.64,1.77,1.64,1.73,95000,1.73
2009-09-14,1.67,1.68,1.601,1.67,37200,1.67
2009-09-11,1.68,1.7899,1.609,1.75,46900,1.75
2009-09-10,1.62,1.70,1.62,1.69,23300,1.69
2009-09-09,1.70,1.75,1.67,1.70,36200,1.70
2009-09-08,1.5772,1.72,1.5772,1.72,23100,1.72
2009-09-04,1.56,1.79,1.51,1.73,108600,1.73
2009-09-03,1.56,1.58,1.44,1.56,166700,1.56
2009-09-02,1.475,1.57,1.475,1.562,15700,1.562
2009-09-01,1.50,1.60,1.35,1.55,58700,1.55
2009-08-31,1.62,1.62,1.56,1.57,26900,1.57
2009-08-28,1.66,1.80,1.5505,1.65,53700,1.65
2009-08-27,1.66,1.71,1.63,1.69,33700,1.69
2009-08-26,1.60,1.64,1.59,1.63,50100,1.63
2009-08-25,1.62,1.65,1.62,1.64,13200,1.64
2009-08-24,1.63,1.66,1.49,1.65,118500,1.65
2009-08-21,1.63,1.65,1.53,1.65,62500,1.65
2009-08-20,1.6444,1.66,1.58,1.63,23100,1.63
2009-08-19,1.66,1.66,1.51,1.64,63500,1.64
2009-08-18,1.50,1.67,1.488,1.67,40200,1.67
2009-08-17,1.57,1.64,1.46,1.5212,15400,1.5212
2009-08-14,1.55,1.62,1.55,1.56,19000,1.56
2009-08-13,1.51,1.5901,1.51,1.59,41900,1.59
2009-08-12,1.60,1.60,1.43,1.60,31500,1.60
2009-08-11,1.49,1.66,1.4313,1.61,34700,1.61
2009-08-10,1.43,1.48,1.43,1.48,43600,1.48
2009-08-07,1.41,1.50,1.3742,1.50,40900,1.50
2009-08-06,1.28,1.42,1.28,1.42,189900,1.42
2009-08-05,1.40,1.42,1.28,1.42,137400,1.42
2009-08-04,1.37,1.41,1.3338,1.40,22300,1.40
2009-08-03,1.36,1.4199,1.28,1.41,118100,1.41
2009-07-31,1.34,1.36,1.34,1.36,2200,1.36
2009-07-30,1.30,1.3405,1.30,1.31,11100,1.31
2009-07-29,1.40,1.40,1.23,1.26,16900,1.26
2009-07-28,1.35,1.45,1.30,1.45,4800,1.45
2009-07-27,1.37,1.37,1.25,1.32,10300,1.32
2009-07-24,1.36,1.37,1.23,1.37,8400,1.37
2009-07-23,1.31,1.38,1.19,1.37,14900,1.37
2009-07-22,1.19,1.35,1.19,1.35,18800,1.35
2009-07-21,1.21,1.27,1.20,1.20,19300,1.20
2009-07-20,1.15,1.24,1.15,1.22,12400,1.22
2009-07-17,1.25,1.29,1.13,1.16,48300,1.16
2009-07-16,1.28,1.32,1.28,1.29,28300,1.29
2009-07-15,1.31,1.38,1.29,1.30,17000,1.30
2009-07-14,1.35,1.39,1.28,1.31,20100,1.31
2009-07-13,1.40,1.40,1.2901,1.34,132200,1.34
2009-07-10,1.38,1.40,1.3501,1.40,76200,1.40
2009-07-09,1.31,1.3725,1.12,1.33,86500,1.33
2009-07-08,1.28,1.30,1.23,1.30,107300,1.30
2009-07-07,1.18,1.30,1.15,1.20,48600,1.20
2009-07-06,1.14,1.18,1.14,1.15,59000,1.15
2009-07-02,1.11,1.21,1.06,1.17,32500,1.17
2009-07-01,1.25,1.25,1.13,1.18,48400,1.18
2009-06-30,1.10,1.24,1.09,1.22,44600,1.22
2009-06-29,1.04,1.09,1.04,1.09,14500,1.09
2009-06-26,1.07,1.11,1.04,1.04,115000,1.04
2009-06-25,1.07,1.14,1.03,1.03,106300,1.03
2009-06-24,1.07,1.08,1.05,1.05,13200,1.05
2009-06-23,1.1401,1.19,1.05,1.07,53000,1.07
2009-06-22,1.11,1.16,1.11,1.12,9000,1.12
2009-06-19,1.11,1.16,1.11,1.16,37100,1.16
2009-06-18,1.18,1.30,1.09,1.09,75100,1.09
2009-06-17,1.10,1.24,1.059,1.14,64700,1.14
2009-06-16,1.12,1.20,1.09,1.09,17300,1.09
2009-06-15,1.21,1.30,1.12,1.15,26800,1.15
2009-06-12,1.30,1.31,1.21,1.21,26700,1.21
2009-06-11,1.20,1.30,1.1825,1.30,30000,1.30
2009-06-10,1.25,1.29,1.18,1.20,95600,1.20
2009-06-09,1.22,1.50,1.21,1.40,153000,1.40
2009-06-08,1.10,1.22,1.10,1.22,121500,1.22
2009-06-05,1.08,1.10,1.07,1.09,12200,1.09
2009-06-04,1.04,1.10,1.04,1.08,50900,1.08
2009-06-03,1.08,1.08,1.01,1.04,40300,1.04
2009-06-02,1.09,1.10,1.07,1.0701,12700,1.0701
2009-06-01,1.05,1.11,1.05,1.08,23900,1.08
2009-05-29,1.02,1.07,0.9801,1.07,28800,1.07
2009-05-28,1.00,1.0526,1.00,1.02,19700,1.02
2009-05-27,1.02,1.06,1.00,1.03,16400,1.03
2009-05-26,1.0201,1.05,1.01,1.04,9500,1.04
2009-05-22,1.07,1.10,1.05,1.05,18100,1.05
2009-05-21,1.06,1.06,0.99,1.00,28600,1.00
2009-05-20,1.05,1.07,1.0302,1.06,56200,1.06
2009-05-19,1.03,1.06,1.02,1.05,12500,1.05
2009-05-18,0.9713,1.03,0.9713,1.01,22100,1.01
2009-05-15,0.97,1.0096,0.97,0.9826,8000,0.9826
2009-05-14,0.956,1.04,0.95,1.00,32800,1.00
2009-05-13,1.01,1.04,0.98,0.99,12900,0.99
2009-05-12,1.03,1.06,1.03,1.05,12700,1.05
2009-05-11,1.01,1.03,1.00,1.03,33900,1.03
2009-05-08,0.96,1.05,0.956,1.00,60700,1.00
2009-05-07,1.01,1.03,0.97,0.97,29700,0.97
2009-05-06,0.98,1.00,0.97,0.981,40500,0.981
2009-05-05,0.99,1.01,0.9505,0.97,55200,0.97
2009-05-04,1.00,1.03,0.99,1.00,28000,1.00
2009-05-01,1.00,1.00,0.98,0.9999,17500,0.9999
2009-04-30,1.00,1.07,0.9801,0.9801,63000,0.9801
2009-04-29,1.03,1.03,1.00,1.02,12200,1.02
2009-04-28,0.98,1.03,0.98,1.03,8600,1.03
2009-04-27,0.99,1.04,0.96,1.01,38100,1.01
2009-04-24,1.02,1.06,0.95,0.95,52800,0.95
2009-04-23,1.06,1.07,1.0075,1.04,15000,1.04
2009-04-22,0.97,1.06,0.97,1.03,5500,1.03
2009-04-21,0.9501,1.04,0.9501,1.01,13500,1.01
2009-04-20,1.07,1.07,0.94,1.00,22800,1.00
2009-04-17,1.00,1.06,1.00,1.06,16300,1.06
2009-04-16,1.0003,1.04,0.98,1.01,11300,1.01
2009-04-15,1.01,1.04,0.98,0.98,467700,0.98
2009-04-14,1.00,1.04,0.98,1.03,36800,1.03
2009-04-13,1.06,1.15,1.00,1.00,48900,1.00
2009-04-09,1.14,1.15,1.05,1.05,154500,1.05
2009-04-08,1.07,1.15,1.01,1.15,59400,1.15
2009-04-07,1.07,1.07,1.01,1.06,1700,1.06
2009-04-06,1.08,1.08,1.00,1.08,33300,1.08
2009-04-03,0.99,1.0992,0.99,1.06,215800,1.06
2009-04-02,1.05,1.08,1.01,1.02,33600,1.02
2009-04-01,1.05,1.09,0.99,1.00,22200,1.00
2009-03-31,1.02,1.03,0.93,1.03,30200,1.03
2009-03-30,1.02,1.0591,0.96,1.05,16400,1.05
2009-03-27,1.02,1.04,0.98,0.98,4100,0.98
2009-03-26,1.06,1.08,0.96,1.08,13200,1.08
2009-03-25,1.02,1.06,0.96,0.9985,7800,0.9985
2009-03-24,0.94,1.05,0.94,1.04,46000,1.04
2009-03-23,0.93,0.97,0.9299,0.96,19000,0.96
2009-03-20,0.93,0.97,0.93,0.9301,8900,0.9301
2009-03-19,1.0877,1.09,0.91,0.98,12200,0.98
2009-03-18,1.02,1.04,0.99,1.00,23700,1.00
2009-03-17,0.95,1.10,0.95,0.99,18400,0.99
2009-03-16,1.14,1.14,0.98,0.98,4300,0.98
2009-03-13,1.00,1.06,0.97,1.06,16900,1.06
2009-03-12,0.95,1.00,0.95,0.96,14800,0.96
2009-03-11,0.93,0.948,0.93,0.94,1900,0.94
2009-03-10,0.92,0.95,0.92,0.93,9800,0.93
2009-03-09,0.90,1.02,0.90,0.9001,4800,0.9001
2009-03-06,0.91,1.00,0.8518,0.92,25300,0.92
2009-03-05,1.01,1.01,0.91,0.93,6900,0.93
2009-03-04,1.0668,1.10,1.01,1.01,10400,1.01
2009-03-03,1.14,1.14,1.10,1.10,6400,1.10
2009-03-02,1.17,1.17,1.05,1.05,13600,1.05
2009-02-27,1.01,1.15,1.01,1.15,10700,1.15
2009-02-26,1.01,1.15,1.01,1.09,11500,1.09
2009-02-25,1.05,1.13,1.02,1.02,6300,1.02
2009-02-24,0.96,1.03,0.95,1.01,14700,1.01
2009-02-23,1.13,1.13,0.91,0.96,28100,0.96
2009-02-20,0.9001,1.06,0.9001,1.06,17200,1.06
2009-02-19,0.9999,1.00,0.93,0.93,8300,0.93
2009-02-18,0.9001,0.93,0.89,0.93,2000,0.93
2009-02-17,0.9006,0.96,0.90,0.90,16600,0.90
2009-02-13,0.94,0.95,0.93,0.95,7100,0.95
2009-02-12,0.93,0.93,0.91,0.93,7200,0.93
2009-02-11,0.99,0.9999,0.92,0.93,70400,0.93
2009-02-10,0.92,0.97,0.9001,0.95,19100,0.95
2009-02-09,0.93,0.99,0.90,0.95,7600,0.95
2009-02-06,0.988,0.9999,0.90,0.93,11700,0.93
2009-02-05,0.92,0.958,0.91,0.95,2800,0.95
2009-02-04,0.98,0.98,0.95,0.95,2500,0.95
2009-02-03,0.94,0.9819,0.9001,0.91,3000,0.91
2009-02-02,0.89,1.08,0.88,0.96,13300,0.96
2009-01-30,1.07,1.07,0.92,0.96,8900,0.96
2009-01-29,0.94,1.10,0.894,1.10,51400,1.10
2009-01-28,0.91,0.98,0.90,0.98,900,0.98
2009-01-27,0.892,1.01,0.89,0.91,5300,0.91
2009-01-26,0.9499,1.03,0.88,1.00,23200,1.00
2009-01-23,0.94,0.94,0.87,0.87,2200,0.87
2009-01-22,0.96,0.99,0.9399,0.94,8900,0.94
2009-01-21,0.886,1.05,0.886,1.05,21800,1.05
2009-01-20,0.81,0.88,0.80,0.86,4000,0.86
2009-01-16,0.80,0.84,0.7901,0.84,8200,0.84
2009-01-15,0.92,0.948,0.76,0.78,38200,0.78
2009-01-14,0.9999,1.00,0.9001,0.922,28300,0.922
2009-01-13,1.0036,1.02,0.97,1.02,24400,1.02
2009-01-12,0.98,1.05,0.93,1.05,9300,1.05
2009-01-09,1.04,1.06,1.01,1.02,6500,1.02
2009-01-08,0.9648,1.08,0.9648,1.05,6100,1.05
2009-01-07,0.9801,1.08,0.9801,1.08,14200,1.08
2009-01-06,0.8101,1.30,0.8101,1.10,56700,1.10
2009-01-05,0.862,0.96,0.862,0.94,11600,0.94
2009-01-02,0.79,0.96,0.762,0.96,53500,0.96
2008-12-31,0.85,0.87,0.7802,0.819,27300,0.819
2008-12-30,0.75,0.85,0.75,0.8399,61700,0.8399
2008-12-29,0.75,0.84,0.75,0.79,108200,0.79
2008-12-26,0.72,0.79,0.72,0.7534,43000,0.7534
2008-12-24,0.71,0.8001,0.71,0.76,24400,0.76
2008-12-23,0.7001,0.79,0.70,0.76,47400,0.76
2008-12-22,0.75,0.77,0.70,0.73,31100,0.73
2008-12-19,0.89,0.89,0.68,0.7699,157200,0.7699
2008-12-18,0.78,0.86,0.78,0.84,20300,0.84
2008-12-17,0.75,0.85,0.71,0.71,35300,0.71
2008-12-16,0.70,0.76,0.70,0.72,24700,0.72
2008-12-15,0.78,0.79,0.72,0.74,32900,0.74
2008-12-12,0.849,0.849,0.70,0.83,24900,0.83
2008-12-11,0.73,0.84,0.71,0.79,64200,0.79
2008-12-10,0.82,0.82,0.71,0.7799,20200,0.7799
2008-12-09,0.81,0.89,0.75,0.80,55400,0.80
2008-12-08,0.80,0.80,0.68,0.78,18300,0.78
2008-12-05,0.7088,0.81,0.7088,0.80,15800,0.80
2008-12-04,0.75,0.8599,0.65,0.73,26200,0.73
2008-12-03,0.86,0.86,0.75,0.76,13200,0.76
2008-12-02,0.8415,0.95,0.7201,0.81,13500,0.81
2008-12-01,0.82,0.9201,0.82,0.88,20900,0.88
2008-11-28,0.75,0.95,0.75,0.95,8600,0.95
2008-11-26,0.65,0.75,0.64,0.72,184900,0.72
2008-11-25,0.75,0.79,0.70,0.70,33400,0.70
2008-11-24,0.79,0.80,0.64,0.69,114100,0.69
2008-11-21,0.60,0.77,0.60,0.77,83600,0.77
2008-11-20,0.83,0.83,0.75,0.79,2099000,0.79
2008-11-19,0.83,0.86,0.80,0.83,37700,0.83
2008-11-18,0.85,0.87,0.81,0.82,16600,0.82
2008-11-17,0.90,0.9399,0.85,0.90,20800,0.90
2008-11-14,0.82,0.89,0.80,0.88,45100,0.88
2008-11-13,0.81,0.82,0.79,0.82,19700,0.82
2008-11-12,0.84,0.85,0.80,0.82,30300,0.82
2008-11-11,0.81,0.87,0.80,0.86,67500,0.86
2008-11-10,0.81,0.83,0.81,0.83,38800,0.83
2008-11-07,0.959,0.96,0.83,0.8301,12300,0.8301
2008-11-06,0.89,0.92,0.86,0.87,14400,0.87
2008-11-05,0.89,0.98,0.89,0.90,16200,0.90
2008-11-04,0.87,0.89,0.87,0.89,218800,0.89
2008-11-03,0.80,0.89,0.80,0.89,129000,0.89
2008-10-31,0.75,0.84,0.75,0.82,172500,0.82
2008-10-30,0.75,0.76,0.75,0.76,373800,0.76
2008-10-29,0.79,0.79,0.73,0.74,123700,0.74
2008-10-28,0.77,0.795,0.73,0.79,444000,0.79
2008-10-27,0.75,0.76,0.75,0.76,281700,0.76
2008-10-24,0.74,0.76,0.72,0.75,38700,0.75
2008-10-23,0.89,0.89,0.78,0.78,108500,0.78
2008-10-22,0.90,0.90,0.83,0.84,26000,0.84
2008-10-21,0.86,0.92,0.83,0.86,145600,0.86
2008-10-20,0.79,0.85,0.78,0.83,57200,0.83
2008-10-17,0.86,0.86,0.80,0.80,178500,0.80
2008-10-16,0.79,0.88,0.79,0.84,85100,0.84
2008-10-15,0.88,0.88,0.79,0.84,156600,0.84
2008-10-14,1.04,1.04,0.84,0.86,179000,0.86
2008-10-13,0.99,1.02,0.94,0.96,179000,0.96
2008-10-10,0.90,1.00,0.85,1.00,201700,1.00
2008-10-09,1.05,1.05,0.91,0.95,142800,0.95
2008-10-08,1.06,1.11,1.01,1.01,35100,1.01
2008-10-07,1.12,1.17,1.10,1.12,199200,1.12
2008-10-06,1.06,1.27,1.06,1.17,180500,1.17
2008-10-03,1.08,1.20,1.06,1.12,175600,1.12
2008-10-02,1.20,1.20,1.04,1.11,65300,1.11
2008-10-01,1.15,1.20,1.13,1.13,24500,1.13
2008-09-30,1.16,1.21,1.16,1.21,29000,1.21
2008-09-29,1.12,1.19,1.12,1.19,136100,1.19
2008-09-26,1.25,1.25,1.13,1.13,125000,1.13
2008-09-25,1.40,1.40,1.20,1.25,27200,1.25
2008-09-24,1.50,1.50,1.34,1.35,20400,1.35
2008-09-23,1.12,1.66,1.12,1.66,165700,1.66
2008-09-22,1.20,1.25,1.16,1.16,172400,1.16
2008-09-19,1.43,1.43,1.15,1.22,132000,1.22
2008-09-18,1.12,1.25,1.12,1.24,39800,1.24
2008-09-17,1.20,1.24,1.15,1.24,139600,1.24
2008-09-16,1.35,1.35,1.20,1.25,41400,1.25
2008-09-15,1.35,1.39,1.32,1.35,24500,1.35
2008-09-12,1.40,1.40,1.34,1.37,63400,1.37
2008-09-11,1.38,1.40,1.36,1.38,88600,1.38
2008-09-10,1.45,1.45,1.38,1.39,71700,1.39
2008-09-09,1.43,1.49,1.40,1.42,49500,1.42
2008-09-08,1.50,1.53,1.43,1.43,47900,1.43
2008-09-05,1.47,1.50,1.43,1.50,73200,1.50
2008-09-04,1.54,1.54,1.45,1.48,90000,1.48
2008-09-03,1.53,1.58,1.53,1.54,30500,1.54
2008-09-02,1.58,1.58,1.50,1.57,50700,1.57
2008-08-29,1.55,1.58,1.51,1.55,45500,1.55
2008-08-28,1.55,1.59,1.55,1.56,41400,1.56
2008-08-27,1.55,1.58,1.55,1.55,31300,1.55
2008-08-26,1.53,1.57,1.53,1.57,60000,1.57
2008-08-25,1.45,1.54,1.45,1.50,37800,1.50
2008-08-22,1.43,1.51,1.43,1.50,131300,1.50
2008-08-21,1.55,1.59,1.52,1.54,190400,1.54
2008-08-20,1.55,1.57,1.44,1.51,2143800,1.51
2008-08-19,1.48,1.5801,1.48,1.55,395000,1.55
2008-08-18,1.60,1.60,1.39,1.48,120100,1.48
2008-08-15,1.56,1.61,1.56,1.61,83500,1.61
2008-08-14,1.61,1.66,1.57,1.60,130400,1.60
2008-08-13,1.69,1.80,1.68,1.80,21800,1.80
2008-08-12,1.81,1.84,1.73,1.73,40300,1.73
2008-08-11,1.60,1.83,1.60,1.83,165500,1.83
2008-08-08,1.59,1.64,1.52,1.64,87800,1.64
2008-08-07,1.78,1.78,1.50,1.57,177300,1.57
2008-08-06,1.84,1.85,1.80,1.85,34700,1.85
2008-08-05,1.88,1.88,1.79,1.84,78000,1.84
2008-08-04,1.98,1.99,1.84,1.87,150600,1.87
2008-08-01,1.99,1.99,1.95,1.95,41900,1.95
2008-07-31,1.96,2.00,1.95,1.98,92200,1.98
2008-07-30,2.07,2.10,1.95,2.01,70800,2.01
2008-07-29,2.09,2.13,2.08,2.10,24000,2.10
2008-07-28,2.07,2.15,2.05,2.06,67600,2.06
2008-07-25,2.14,2.19,2.11,2.11,53800,2.11
2008-07-24,2.16,2.19,2.15,2.16,52100,2.16
2008-07-23,2.13,2.18,2.08,2.16,57900,2.16
2008-07-22,2.02,2.15,2.02,2.09,167300,2.09
2008-07-21,2.07,2.08,2.03,2.05,47600,2.05
2008-07-18,2.10,2.10,2.04,2.04,29200,2.04
2008-07-17,2.15,2.15,2.00,2.10,106900,2.10
2008-07-16,2.13,2.15,2.03,2.12,37900,2.12
2008-07-15,2.05,2.15,2.02,2.11,146400,2.11
2008-07-14,2.10,2.10,2.05,2.07,44900,2.07
2008-07-11,2.00,2.15,2.00,2.10,375400,2.10
2008-07-10,2.06,2.07,2.05,2.06,171600,2.06
2008-07-09,2.05,2.07,2.05,2.07,189800,2.07
2008-07-08,2.02,2.07,2.02,2.05,119600,2.05
2008-07-07,2.00,2.09,2.00,2.06,315200,2.06
2008-07-03,2.05,2.10,2.02,2.02,56900,2.02
2008-07-02,2.05,2.10,2.00,2.01,178700,2.01
2008-07-01,2.07,2.17,2.05,2.05,106000,2.05
2008-06-30,2.18,2.26,2.11,2.15,139400,2.15
2008-06-27,2.19,2.25,2.11,2.15,1434700,2.15
2008-06-26,2.21,2.26,2.18,2.19,160500,2.19
2008-06-25,2.15,2.23,2.13,2.23,44600,2.23
2008-06-24,2.11,2.29,2.08,2.17,112600,2.17
2008-06-23,2.15,2.20,2.15,2.20,74200,2.20
2008-06-20,2.27,2.29,2.11,2.15,294100,2.15
2008-06-19,2.27,2.29,2.27,2.29,28000,2.29
2008-06-18,2.25,2.30,2.25,2.27,35600,2.27
2008-06-17,2.21,2.29,2.21,2.27,67500,2.27
2008-06-16,2.29,2.29,2.23,2.25,25100,2.25
2008-06-13,2.34,2.34,2.26,2.29,68900,2.29
2008-06-12,2.23,2.32,2.22,2.32,65700,2.32
2008-06-11,2.23,2.25,2.205,2.22,49700,2.22
2008-06-10,2.21,2.25,2.21,2.24,37200,2.24
2008-06-09,2.32,2.32,2.24,2.32,86300,2.32
2008-06-06,2.31,2.33,2.27,2.28,53500,2.28
2008-06-05,2.29,2.34,2.27,2.33,84500,2.33
2008-06-04,2.31,2.34,2.27,2.29,45800,2.29
2008-06-03,2.34,2.34,2.31,2.32,66200,2.32
2008-06-02,2.39,2.47,2.33,2.34,90000,2.34
2008-05-30,2.45,2.54,2.38,2.54,45200,2.54
2008-05-29,2.31,2.45,2.31,2.45,74300,2.45
2008-05-28,2.37,2.38,2.31,2.32,77900,2.32
2008-05-27,2.34,2.42,2.34,2.37,64700,2.37
2008-05-23,2.40,2.44,2.31,2.31,146300,2.31
2008-05-22,2.57,2.63,2.52,2.56,89800,2.56
2008-05-21,2.60,2.60,2.51,2.51,61400,2.51
2008-05-20,2.62,2.62,2.53,2.56,51700,2.56
2008-05-19,2.57,2.72,2.57,2.64,101000,2.64
2008-05-16,2.74,2.74,2.55,2.57,75700,2.57
2008-05-15,2.62,2.72,2.58,2.70,151200,2.70
2008-05-14,2.56,2.68,2.56,2.62,62700,2.62
2008-05-13,2.57,2.61,2.55,2.59,55200,2.59
2008-05-12,2.54,2.62,2.54,2.57,33200,2.57
2008-05-09,2.51,2.57,2.51,2.51,34200,2.51
2008-05-08,2.57,2.59,2.50,2.53,75000,2.53
2008-05-07,2.67,2.68,2.55,2.56,144900,2.56
2008-05-06,2.74,2.78,2.63,2.64,151500,2.64
2008-05-05,2.83,2.83,2.73,2.76,68000,2.76
2008-05-02,2.90,2.90,2.75,2.81,83400,2.81
2008-05-01,2.84,2.90,2.80,2.89,55100,2.89
2008-04-30,2.90,2.95,2.79,2.85,51200,2.85
2008-04-29,2.90,2.94,2.85,2.89,31800,2.89
2008-04-28,2.92,2.95,2.79,2.90,93700,2.90
2008-04-25,2.91,2.96,2.88,2.92,73300,2.92
2008-04-24,2.81,2.98,2.77,2.91,62400,2.91
2008-04-23,2.80,2.90,2.80,2.83,43400,2.83
2008-04-22,2.75,2.93,2.70,2.78,45700,2.78
2008-04-21,2.81,2.89,2.76,2.76,43200,2.76
2008-04-18,2.92,2.94,2.80,2.85,65800,2.85
2008-04-17,2.92,2.93,2.75,2.86,33800,2.86
2008-04-16,2.83,2.95,2.81,2.94,54300,2.94
2008-04-15,2.83,2.85,2.75,2.80,80500,2.80
2008-04-14,2.82,2.975,2.82,2.82,93900,2.82
2008-04-11,2.90,2.99,2.82,2.83,77000,2.83
2008-04-10,3.01,3.09,2.90,2.93,74500,2.93
2008-04-09,3.10,3.21,2.98,3.00,76500,3.00
2008-04-08,2.98,3.17,2.98,3.17,95800,3.17
2008-04-07,2.95,3.07,2.94,2.96,299800,2.96
2008-04-04,2.95,2.95,2.92,2.94,42500,2.94
2008-04-03,2.99,3.00,2.92,2.95,67500,2.95
2008-04-02,2.96,3.05,2.96,3.05,72200,3.05
2008-04-01,2.99,2.99,2.86,2.98,64600,2.98
2008-03-31,2.73,2.95,2.73,2.94,105000,2.94
2008-03-28,2.95,2.95,2.72,2.72,53700,2.72
2008-03-27,2.99,2.99,2.87,2.91,96100,2.91
2008-03-26,2.98,2.99,2.84,2.99,120000,2.99
2008-03-25,2.81,3.00,2.62,3.00,102800,3.00
2008-03-24,2.98,2.99,2.7701,2.80,147800,2.80
2008-03-20,2.93,3.10,2.69,2.99,678700,2.99
2008-03-19,2.68,2.73,2.47,2.47,85700,2.47
2008-03-18,2.60,2.67,2.50,2.65,72900,2.65
2008-03-17,2.55,2.63,2.46,2.54,104400,2.54
2008-03-14,2.62,2.62,2.51,2.57,66700,2.57
2008-03-13,2.74,2.74,2.54,2.59,111900,2.59
2008-03-12,2.73,2.87,2.62,2.78,159400,2.78
2008-03-11,2.57,2.79,2.54,2.72,173700,2.72
2008-03-10,2.64,2.64,2.49,2.49,65300,2.49
2008-03-07,2.69,2.74,2.61,2.64,38500,2.64
2008-03-06,2.75,2.78,2.73,2.74,83600,2.74
2008-03-05,2.81,2.81,2.73,2.76,78400,2.76
2008-03-04,2.73,2.81,2.65,2.80,127500,2.80
2008-03-03,2.74,2.78,2.68,2.75,165900,2.75
2008-02-29,2.96,3.01,2.71,2.73,185600,2.73
2008-02-28,2.99,3.05,2.92,3.00,173200,3.00
2008-02-27,3.00,3.06,2.90,3.01,84400,3.01
2008-02-26,3.04,3.05,2.99,3.02,173200,3.02
2008-02-25,2.91,3.08,2.90,3.04,216600,3.04
2008-02-22,2.85,2.93,2.81,2.92,176600,2.92
2008-02-21,3.13,3.13,2.86,2.90,246300,2.90
2008-02-20,3.28,3.28,2.90,3.06,146300,3.06
2008-02-19,3.28,3.36,3.24,3.24,27300,3.24
2008-02-15,3.28,3.28,3.23,3.27,104600,3.27
2008-02-14,3.21,3.31,3.20,3.31,16200,3.31
2008-02-13,3.05,3.24,3.00,3.24,99300,3.24
2008-02-12,3.02,3.09,3.00,3.01,71700,3.01
2008-02-11,3.09,3.09,3.00,3.00,103400,3.00
2008-02-08,3.12,3.19,3.09,3.10,93300,3.10
2008-02-07,3.04,3.19,3.03,3.17,36600,3.17
2008-02-06,3.15,3.15,3.00,3.05,124300,3.05
2008-02-05,3.08,3.23,3.04,3.12,165100,3.12
2008-02-04,3.28,3.31,3.15,3.15,105200,3.15
2008-02-01,3.11,3.29,3.05,3.28,200300,3.28
2008-01-31,3.04,3.19,3.04,3.12,95600,3.12
2008-01-30,3.15,3.29,3.10,3.10,227800,3.10
2008-01-29,3.27,3.28,2.96,3.18,286900,3.18
2008-01-28,3.12,3.29,3.12,3.26,120100,3.26
2008-01-25,3.43,3.43,3.23,3.26,128300,3.26
2008-01-24,3.35,3.43,3.28,3.42,161400,3.42
2008-01-23,3.24,3.37,3.16,3.37,180600,3.37
2008-01-22,3.18,3.36,3.14,3.31,129800,3.31
2008-01-18,3.29,3.34,3.28,3.31,166700,3.31
2008-01-17,3.36,3.37,3.32,3.34,107300,3.34
2008-01-16,3.36,3.37,3.29,3.36,208400,3.36
2008-01-15,3.32,3.37,3.32,3.36,239000,3.36
2008-01-14,3.31,3.37,3.30,3.36,207000,3.36
2008-01-11,3.25,3.32,3.16,3.30,307300,3.30
2008-01-10,3.18,3.27,3.16,3.26,352500,3.26
2008-01-09,3.11,3.20,3.11,3.19,366200,3.19
2008-01-08,3.21,3.21,3.11,3.14,195600,3.14
2008-01-07,3.19,3.22,3.16,3.20,268400,3.20
2008-01-04,3.22,3.32,3.16,3.16,343100,3.16
2008-01-03,3.40,3.47,3.23,3.23,137200,3.23
2008-01-02,3.45,3.55,3.41,3.41,99100,3.41
2007-12-31,3.50,3.55,3.47,3.47,279100,3.47
2007-12-28,3.56,3.56,3.49,3.52,175700,3.52
2007-12-27,3.54,3.56,3.46,3.56,213200,3.56
2007-12-26,3.53,3.56,3.51,3.55,223400,3.55
2007-12-24,3.48,3.60,3.45,3.58,75600,3.58
2007-12-21,3.47,3.47,3.38,3.45,638900,3.45
2007-12-20,3.42,3.46,3.28,3.39,295600,3.39
2007-12-19,3.26,3.40,3.25,3.39,325400,3.39
2007-12-18,3.22,3.31,3.20,3.28,157300,3.28
2007-12-17,3.25,3.30,3.21,3.21,222800,3.21
2007-12-14,3.26,3.31,3.24,3.28,131800,3.28
2007-12-13,3.41,3.44,3.27,3.35,156700,3.35
2007-12-12,3.65,3.70,3.41,3.43,132100,3.43
2007-12-11,3.50,3.695,3.44,3.53,209400,3.53
2007-12-10,3.41,3.62,3.41,3.49,412200,3.49
2007-12-07,3.41,3.50,3.39,3.42,275200,3.42
2007-12-06,3.26,3.41,3.26,3.41,177400,3.41
2007-12-05,3.27,3.31,3.22,3.27,196700,3.27
2007-12-04,3.22,3.29,3.22,3.25,346500,3.25
2007-12-03,3.22,3.275,3.22,3.25,415500,3.25
2007-11-30,3.30,3.40,3.23,3.23,135000,3.23
2007-11-29,3.27,3.37,3.24,3.25,118000,3.25
2007-11-28,3.31,3.46,3.24,3.27,235000,3.27
2007-11-27,3.23,3.39,3.23,3.29,239700,3.29
2007-11-26,3.43,3.54,3.21,3.21,213900,3.21
2007-11-23,3.27,3.40,3.27,3.39,90600,3.39
2007-11-21,3.24,3.29,3.22,3.23,881000,3.23
2007-11-20,3.30,3.40,3.24,3.29,249100,3.29
2007-11-19,3.30,3.30,3.20,3.26,186900,3.26
2007-11-16,3.18,4.00,3.16,3.34,555600,3.34
2007-11-15,3.22,3.25,3.15,3.25,364700,3.25
2007-11-14,3.27,3.27,3.23,3.24,89000,3.24
2007-11-13,3.38,3.42,3.24,3.26,341400,3.26
2007-11-12,3.26,3.39,3.17,3.36,580300,3.36
2007-11-09,3.24,3.29,3.20,3.27,534900,3.27
2007-11-08,3.35,3.38,3.23,3.28,285100,3.28
2007-11-07,3.36,3.44,3.29,3.33,399200,3.33
2007-11-06,3.60,3.60,3.38,3.41,432100,3.41
2007-11-05,3.55,3.63,3.55,3.60,267700,3.60
2007-11-02,3.77,4.08,3.55,3.66,2212300,3.66
2007-11-01,4.83,4.98,4.60,4.69,416900,4.69
2007-10-31,4.57,4.98,4.56,4.97,918600,4.97
2007-10-30,4.59,4.62,4.54,4.62,263100,4.62
2007-10-29,4.68,4.76,4.54,4.57,175600,4.57
2007-10-26,4.61,4.73,4.61,4.68,140300,4.68
2007-10-25,4.66,4.73,4.54,4.54,124900,4.54
2007-10-24,4.63,4.67,4.50,4.66,194700,4.66
2007-10-23,4.54,4.73,4.52,4.67,219400,4.67
2007-10-22,4.42,4.54,4.40,4.46,388900,4.46
2007-10-19,4.59,4.61,4.44,4.45,259100,4.45
2007-10-18,4.61,4.65,4.57,4.61,181600,4.61
2007-10-17,4.70,4.70,4.63,4.70,295800,4.70
2007-10-16,4.67,4.75,4.62,4.62,197100,4.62
2007-10-15,4.78,4.80,4.69,4.69,233300,4.69
2007-10-12,4.82,4.86,4.76,4.80,219200,4.80
2007-10-11,5.04,5.04,4.82,4.82,411600,4.82
2007-10-10,5.11,5.14,4.98,5.02,158300,5.02
2007-10-09,5.06,5.15,5.03,5.11,177300,5.11
2007-10-08,5.20,5.20,5.04,5.06,346900,5.06
2007-10-05,5.25,5.25,5.10,5.20,184500,5.20
2007-10-04,5.28,5.32,5.14,5.20,101100,5.20
2007-10-03,5.37,5.47,5.25,5.25,163600,5.25
2007-10-02,5.42,5.50,5.39,5.39,273500,5.39
2007-10-01,5.26,5.46,5.17,5.40,207400,5.40
2007-09-28,5.30,5.33,5.15,5.27,869800,5.27
2007-09-27,5.29,5.36,5.29,5.33,213200,5.33
2007-09-26,5.27,5.30,5.25,5.28,117300,5.28
2007-09-25,5.26,5.28,5.22,5.26,230000,5.26
2007-09-24,5.22,5.26,5.20,5.26,152500,5.26
2007-09-21,5.24,5.24,5.16,5.20,272700,5.20
2007-09-20,5.17,5.22,5.13,5.20,127800,5.20
2007-09-19,5.20,5.24,5.09,5.19,178400,5.19
2007-09-18,5.05,5.15,5.02,5.15,153300,5.15
2007-09-17,5.03,5.08,5.00,5.03,162400,5.03
2007-09-14,5.02,5.06,5.00,5.06,157500,5.06
2007-09-13,5.02,5.04,5.00,5.03,140100,5.03
2007-09-12,5.04,5.06,5.00,5.01,114600,5.01
2007-09-11,4.99,5.08,4.93,5.07,134700,5.07
2007-09-10,5.05,5.05,4.95,5.00,188300,5.00
2007-09-07,5.00,5.05,4.99,5.01,158800,5.01
2007-09-06,5.07,5.09,5.03,5.04,110100,5.04
2007-09-05,5.08,5.10,5.04,5.06,156800,5.06
2007-09-04,5.10,5.17,5.08,5.10,137600,5.10
2007-08-31,5.12,5.14,5.08,5.13,120000,5.13
2007-08-30,5.05,5.12,5.05,5.11,157900,5.11
2007-08-29,5.09,5.20,5.00,5.11,203100,5.11
2007-08-28,5.03,5.13,4.98,5.01,990700,5.01
2007-08-27,5.10,5.22,5.06,5.08,155600,5.08
2007-08-24,5.13,5.21,5.06,5.12,542200,5.12
2007-08-23,5.36,5.41,5.11,5.11,375800,5.11
2007-08-22,5.38,5.45,5.20,5.32,319200,5.32
2007-08-21,5.22,5.36,5.17,5.32,216600,5.32
2007-08-20,5.30,5.30,5.09,5.18,256800,5.18
2007-08-17,5.60,5.60,5.04,5.27,383700,5.27
2007-08-16,5.11,5.27,5.11,5.27,383900,5.27
2007-08-15,5.08,5.23,5.01,5.23,274000,5.23
2007-08-14,5.23,5.32,5.13,5.32,340700,5.32
2007-08-13,5.39,5.49,5.18,5.23,221900,5.23
2007-08-10,5.39,5.50,5.32,5.50,323500,5.50
2007-08-09,5.58,5.64,5.42,5.46,617800,5.46
2007-08-08,5.08,5.81,4.93,5.66,744000,5.66
2007-08-07,5.20,5.21,4.88,5.03,480100,5.03
2007-08-06,5.45,5.45,5.10,5.20,693100,5.20
2007-08-03,5.61,6.00,5.39,5.46,1733100,5.46
2007-08-02,7.32,7.49,7.28,7.49,250700,7.49
2007-08-01,7.40,7.53,7.35,7.53,256400,7.53
2007-07-31,7.44,7.57,7.35,7.46,221900,7.46
2007-07-30,7.40,7.50,7.39,7.44,200200,7.44
2007-07-27,7.65,7.67,7.40,7.41,415000,7.41
2007-07-26,7.86,7.86,7.60,7.65,257100,7.65
2007-07-25,7.96,8.02,7.89,7.90,124000,7.90
2007-07-24,8.04,8.06,7.96,8.06,149800,8.06
2007-07-23,8.18,8.26,8.09,8.12,98700,8.12
2007-07-20,8.18,8.25,8.02,8.19,199200,8.19
2007-07-19,8.11,8.26,8.11,8.20,110200,8.20
2007-07-18,8.09,8.11,8.00,8.07,126300,8.07
2007-07-17,8.19,8.28,8.09,8.11,116100,8.11
2007-07-16,8.22,8.30,8.15,8.21,83700,8.21
2007-07-13,8.16,8.29,8.16,8.27,91000,8.27
2007-07-12,8.19,8.26,8.10,8.20,168900,8.20
2007-07-11,8.00,8.18,8.00,8.15,77700,8.15
2007-07-10,8.08,8.15,8.01,8.02,170900,8.02
2007-07-09,8.09,8.14,8.05,8.12,163600,8.12
2007-07-06,8.14,8.17,8.10,8.12,132100,8.12
2007-07-05,8.17,8.21,8.05,8.17,161200,8.17
2007-07-03,8.14,8.23,8.14,8.23,90400,8.23
2007-07-02,8.17,8.22,8.16,8.17,147100,8.17
2007-06-29,8.29,8.38,8.19,8.38,297900,8.38
2007-06-28,8.35,8.44,8.28,8.28,119300,8.28
2007-06-27,8.05,8.40,8.05,8.37,295700,8.37
2007-06-26,8.13,8.14,8.00,8.07,137900,8.07
2007-06-25,8.02,8.25,8.00,8.10,179100,8.10
2007-06-22,8.22,8.25,8.00,8.00,383900,8.00
2007-06-21,8.20,8.26,8.13,8.25,115300,8.25
2007-06-20,8.42,8.45,8.17,8.21,170600,8.21
2007-06-19,8.17,8.49,8.15,8.43,176000,8.43
2007-06-18,8.27,8.37,8.21,8.28,249100,8.28
2007-06-15,8.30,8.31,8.18,8.27,371800,8.27
2007-06-14,8.28,8.31,8.13,8.14,302700,8.14
2007-06-13,7.69,8.35,7.62,8.28,650000,8.28
2007-06-12,7.57,7.71,7.55,7.6825,224700,7.6825
2007-06-11,7.60,7.67,7.51,7.66,249000,7.66
2007-06-08,7.60,7.65,7.58,7.61,158800,7.61
2007-06-07,7.65,7.74,7.62,7.74,255300,7.74
2007-06-06,7.69,7.70,7.621,7.66,125400,7.66
2007-06-05,7.74,7.80,7.69,7.73,163300,7.73
2007-06-04,7.72,7.92,7.72,7.76,201200,7.76
2007-06-01,8.00,8.08,7.75,7.76,292400,7.76
2007-05-31,7.93,8.01,7.69,8.00,516400,8.00
2007-05-30,7.74,7.92,7.70,7.91,366900,7.91
2007-05-29,7.81,7.85,7.69,7.81,450300,7.81
2007-05-25,7.76,8.24,7.63,7.80,1517100,7.80
2007-05-24,8.34,8.41,8.23,8.37,277800,8.37
2007-05-23,8.63,8.63,8.34,8.35,193300,8.35
2007-05-22,8.64,8.64,8.46,8.60,221800,8.60
2007-05-21,8.44,8.65,8.40,8.64,206000,8.64
2007-05-18,8.35,8.48,8.31,8.43,468900,8.43
2007-05-17,8.36,8.36,8.27,8.32,172700,8.32
2007-05-16,8.27,8.38,8.20,8.36,205100,8.36
2007-05-15,8.26,8.30,8.18,8.23,279000,8.23
2007-05-14,8.25,8.27,8.15,8.25,229400,8.25
2007-05-11,8.16,8.31,8.15,8.20,171700,8.20
2007-05-10,8.00,8.32,8.00,8.20,378400,8.20
2007-05-09,8.15,8.33,7.86,8.06,1056300,8.06
2007-05-08,8.73,8.79,8.61,8.76,103600,8.76
2007-05-07,8.75,8.81,8.74,8.76,115800,8.76
2007-05-04,8.89,8.89,8.702,8.78,165800,8.78
2007-05-03,8.95,8.99,8.74,8.81,115100,8.81
2007-05-02,8.73,8.95,8.73,8.93,172900,8.93
2007-05-01,8.69,8.80,8.58,8.74,183500,8.74
2007-04-30,8.84,8.87,8.56,8.70,295100,8.70
2007-04-27,8.61,8.85,8.45,8.78,328400,8.78
2007-04-26,8.44,8.66,8.30,8.63,155500,8.63
2007-04-25,8.55,8.55,8.43,8.46,79800,8.46
2007-04-24,8.44,8.50,8.35,8.49,128200,8.49
2007-04-23,8.45,8.49,8.35,8.44,103000,8.44
2007-04-20,8.61,8.61,8.50,8.61,143300,8.61
2007-04-19,8.43,8.50,8.26,8.47,167700,8.47
2007-04-18,8.55,8.69,8.37,8.50,221800,8.50
2007-04-17,8.45,8.67,8.31,8.58,202900,8.58
2007-04-16,8.49,8.49,8.36,8.45,127200,8.45
2007-04-13,8.21,8.48,8.21,8.46,171300,8.46
2007-04-12,8.14,8.25,8.05,8.22,107600,8.22
2007-04-11,8.36,8.37,8.04,8.14,227600,8.14
2007-04-10,8.49,8.49,8.37,8.49,91000,8.49
2007-04-09,8.25,8.48,8.17,8.47,218100,8.47
2007-04-05,8.16,8.25,8.14,8.24,93100,8.24
2007-04-04,8.21,8.31,8.13,8.21,134400,8.21
2007-04-03,8.03,8.28,8.03,8.28,272000,8.28
2007-04-02,8.15,8.15,7.96,8.02,153700,8.02
2007-03-30,8.25,8.25,7.84,8.12,207900,8.12
2007-03-29,8.14,8.14,7.96,8.11,127400,8.11
2007-03-28,8.13,8.15,7.95,8.09,84000,8.09
2007-03-27,8.15,8.21,8.15,8.21,109500,8.21
2007-03-26,8.27,8.34,8.15,8.19,78800,8.19
2007-03-23,8.21,8.26,8.08,8.25,166200,8.25
2007-03-22,8.26,8.30,8.08,8.20,129800,8.20
2007-03-21,8.10,8.29,8.00,8.25,244800,8.25
2007-03-20,7.90,8.11,7.88,8.06,238100,8.06
2007-03-19,7.77,7.9307,7.76,7.88,259800,7.88
2007-03-16,7.51,7.77,7.50,7.75,317300,7.75
2007-03-15,7.53,7.666,7.52,7.666,148400,7.666
2007-03-14,7.50,7.63,7.50,7.63,139400,7.63
2007-03-13,7.76,7.76,7.42,7.52,229600,7.52
2007-03-12,7.60,7.88,7.59,7.85,160800,7.85
2007-03-09,7.62,7.63,7.47,7.58,132500,7.58
2007-03-08,7.76,7.81,7.50,7.58,160700,7.58
2007-03-07,7.71,7.87,7.65,7.66,168000,7.66
2007-03-06,7.47,7.79,7.47,7.76,493800,7.76
2007-03-05,7.50,7.57,7.27,7.34,311500,7.34
2007-03-02,7.52,7.65,7.49,7.54,186800,7.54
2007-03-01,7.55,7.80,7.50,7.60,183500,7.60
2007-02-28,7.64,7.82,7.50,7.75,339500,7.75
2007-02-27,7.90,8.02,7.60,7.64,317900,7.64
2007-02-26,8.19,8.27,7.94,8.02,253200,8.02
2007-02-23,8.29,8.46,8.14,8.46,216600,8.46
2007-02-22,8.27,8.33,8.24,8.33,186500,8.33
2007-02-21,8.37,8.40,8.20,8.27,234900,8.27
2007-02-20,8.22,8.48,7.98,8.42,484300,8.42
2007-02-16,7.47,8.37,7.47,8.17,1098700,8.17
2007-02-15,7.18,7.44,7.18,7.22,395700,7.22
2007-02-14,7.27,7.30,7.10,7.18,145100,7.18
2007-02-13,7.23,7.38,7.22,7.29,86000,7.29
2007-02-12,7.34,7.38,7.19,7.23,112700,7.23
2007-02-09,7.39,7.42,7.21,7.31,123100,7.31
2007-02-08,7.41,7.45,7.31,7.40,90900,7.40
2007-02-07,7.17,7.42,7.12,7.41,133500,7.41
2007-02-06,7.16,7.20,7.09,7.17,118500,7.17
2007-02-05,7.15,7.18,7.10,7.15,118900,7.15
2007-02-02,7.24,7.25,7.13,7.14,117400,7.14
2007-02-01,7.18,7.26,7.16,7.25,159800,7.25
2007-01-31,7.15,7.20,7.10,7.17,160400,7.17
2007-01-30,7.01,7.14,7.00,7.14,222000,7.14
2007-01-29,7.08,7.10,6.91,7.01,232500,7.01
2007-01-26,6.98,7.10,6.89,7.07,194600,7.07
2007-01-25,7.04,7.04,6.87,6.95,121400,6.95
2007-01-24,6.81,7.02,6.79,7.00,204900,7.00
2007-01-23,6.81,6.90,6.75,6.80,203800,6.80
2007-01-22,6.67,6.88,6.60,6.85,222400,6.85
2007-01-19,6.60,6.72,6.60,6.69,87500,6.69
2007-01-18,6.82,6.84,6.59,6.61,229300,6.61
2007-01-17,6.91,6.91,6.75,6.81,119100,6.81
2007-01-16,6.85,6.92,6.81,6.91,229000,6.91
2007-01-12,6.68,6.82,6.68,6.78,165900,6.78
2007-01-11,6.67,6.74,6.63,6.66,192900,6.66
2007-01-10,6.60,6.64,6.59,6.62,161500,6.62
2007-01-09,6.69,6.72,6.60,6.64,173200,6.64
2007-01-08,6.65,6.71,6.60,6.65,127700,6.65
2007-01-05,6.84,6.89,6.62,6.63,448600,6.63
2007-01-04,6.91,6.92,6.84,6.89,166700,6.89
2007-01-03,6.91,6.99,6.85,6.91,200200,6.91
2006-12-29,6.86,7.01,6.86,6.92,198000,6.92
2006-12-28,6.88,6.92,6.85,6.86,237200,6.86
2006-12-27,6.85,6.96,6.85,6.87,319600,6.87
2006-12-26,6.93,7.012,6.92,7.012,137700,7.012
2006-12-22,6.90,7.00,6.90,7.00,80900,7.00
2006-12-21,6.96,6.97,6.86,6.90,128900,6.90
2006-12-20,6.98,7.01,6.87,6.93,155000,6.93
2006-12-19,6.83,6.95,6.83,6.88,109300,6.88
2006-12-18,6.96,7.05,6.86,6.90,473100,6.90
2006-12-15,7.00,7.09,6.90,6.94,407300,6.94
2006-12-14,6.92,7.08,6.92,6.96,172000,6.96
2006-12-13,7.16,7.19,6.93,6.93,263000,6.93
2006-12-12,7.07,7.19,7.05,7.15,183400,7.15
2006-12-11,6.97,7.09,6.95,7.04,218500,7.04
2006-12-08,6.90,6.98,6.86,6.95,142300,6.95
2006-12-07,6.86,6.94,6.86,6.94,277600,6.94
2006-12-06,6.91,6.97,6.83,6.87,218200,6.87
2006-12-05,7.11,7.11,6.86,6.91,254800,6.91
2006-12-04,6.86,7.10,6.81,7.09,237900,7.09
2006-12-01,6.96,7.00,6.78,6.82,256900,6.82
2006-11-30,6.95,7.01,6.91,7.00,318900,7.00
2006-11-29,7.06,7.10,6.93,6.98,209700,6.98
2006-11-28,7.21,7.23,6.99,7.00,374200,7.00
2006-11-27,7.34,7.42,7.20,7.21,257700,7.21
2006-11-24,7.35,7.44,7.33,7.38,105500,7.38
2006-11-22,7.45,7.45,7.35,7.35,148700,7.35
2006-11-21,7.45,7.50,7.36,7.39,368100,7.39
2006-11-20,7.41,7.60,7.41,7.60,608100,7.60
2006-11-17,7.70,7.715,7.32,7.38,938500,7.38
2006-11-16,8.32,8.95,8.09,8.79,563400,8.79
2006-11-15,8.20,8.39,8.20,8.34,320600,8.34
2006-11-14,7.88,8.20,7.86,8.19,150600,8.19
2006-11-13,7.75,7.89,7.75,7.88,93400,7.88
2006-11-10,7.72,7.81,7.69,7.77,67500,7.77
2006-11-09,7.86,7.96,7.69,7.74,136300,7.74
2006-11-08,7.69,7.86,7.64,7.83,122200,7.83
2006-11-07,7.60,7.72,7.60,7.72,134500,7.72
2006-11-06,7.64,7.69,7.49,7.59,152700,7.59
2006-11-03,7.45,7.67,7.42,7.62,92000,7.62
2006-11-02,7.51,7.57,7.36,7.38,131200,7.38
2006-11-01,7.90,7.99,7.49,7.51,128500,7.51
2006-10-31,7.96,7.97,7.89,7.97,93800,7.97
2006-10-30,7.86,7.962,7.77,7.96,61200,7.96
2006-10-27,8.04,8.14,7.81,7.86,79400,7.86
2006-10-26,7.94,8.12,7.93,8.10,163300,8.10
2006-10-25,7.80,7.96,7.76,7.94,164800,7.94
2006-10-24,7.75,7.85,7.68,7.83,65500,7.83
2006-10-23,7.67,7.97,7.60,7.80,86300,7.80
2006-10-20,7.86,7.89,7.74,7.89,113300,7.89
2006-10-19,7.82,7.90,7.78,7.82,119200,7.82
2006-10-18,7.87,7.97,7.75,7.86,124300,7.86
2006-10-17,8.04,8.05,7.82,7.86,100900,7.86
2006-10-16,7.93,8.15,7.93,8.12,89000,8.12
2006-10-13,7.83,8.00,7.80,7.95,79800,7.95
2006-10-12,7.60,7.83,7.60,7.83,134000,7.83
2006-10-11,7.44,7.64,7.44,7.64,126400,7.64
2006-10-10,7.57,7.57,7.45,7.57,111600,7.57
2006-10-09,7.60,7.62,7.53,7.55,106800,7.55
2006-10-06,7.58,7.65,7.56,7.63,106200,7.63
2006-10-05,7.67,7.79,7.64,7.64,120300,7.64
2006-10-04,7.63,7.75,7.61,7.70,141200,7.70
2006-10-03,7.56,7.74,7.55,7.66,232200,7.66
2006-10-02,7.69,7.80,7.56,7.56,109000,7.56
2006-09-29,7.77,7.79,7.71,7.79,259600,7.79
2006-09-28,8.01,8.01,7.77,7.79,201400,7.79
2006-09-27,8.00,8.05,7.94,7.96,259800,7.96
2006-09-26,8.03,8.09,7.91,8.04,172100,8.04
2006-09-25,7.97,8.14,7.88,8.07,124800,8.07
2006-09-22,8.03,8.06,7.95,8.06,195300,8.06
2006-09-21,8.10,8.19,8.01,8.06,384100,8.06
2006-09-20,8.19,8.28,8.11,8.28,131000,8.28
2006-09-19,8.54,8.54,8.05,8.10,222400,8.10
2006-09-18,8.30,8.62,8.20,8.48,134900,8.48
2006-09-15,8.58,8.60,8.22,8.30,290500,8.30
2006-09-14,8.65,8.66,8.48,8.53,97700,8.53
2006-09-13,8.45,8.70,8.35,8.70,60200,8.70
2006-09-12,8.28,8.47,8.16,8.42,129600,8.42
2006-09-11,8.14,8.32,8.11,8.25,103100,8.25
2006-09-08,8.30,8.35,8.13,8.22,118600,8.22
2006-09-07,8.44,8.61,8.28,8.31,75100,8.31
2006-09-06,8.78,8.85,8.50,8.85,115400,8.85
2006-09-05,8.74,8.90,8.70,8.87,103300,8.87
2006-09-01,8.83,8.87,8.74,8.76,123700,8.76
2006-08-31,8.70,8.83,8.70,8.81,143300,8.81
2006-08-30,8.77,8.85,8.56,8.71,100800,8.71
2006-08-29,8.75,8.76,8.73,8.76,115600,8.76
2006-08-28,8.40,8.75,8.36,8.75,153000,8.75
2006-08-25,8.33,8.49,8.32,8.43,66600,8.43
2006-08-24,8.43,8.48,8.31,8.38,340000,8.38
2006-08-23,8.40,8.45,8.30,8.38,133100,8.38
2006-08-22,8.39,8.53,8.32,8.41,204700,8.41
2006-08-21,8.18,8.49,8.12,8.43,323500,8.43
2006-08-18,9.00,9.00,8.02,8.23,677800,8.23
2006-08-17,8.87,9.35,8.87,9.35,444700,9.35
2006-08-16,8.76,9.04,8.61,9.02,179900,9.02
2006-08-15,8.55,8.74,8.45,8.67,184200,8.67
2006-08-14,8.15,8.45,8.10,8.42,236500,8.42
2006-08-11,7.98,8.15,7.95,8.08,480200,8.08
2006-08-10,7.61,8.09,7.61,8.03,385500,8.03
2006-08-09,7.89,7.99,7.59,7.65,293200,7.65
2006-08-08,7.91,8.07,7.74,7.79,141000,7.79
2006-08-07,7.71,7.86,7.71,7.85,79900,7.85
2006-08-04,8.14,8.28,7.75,7.79,137000,7.79
2006-08-03,7.79,8.11,7.78,8.02,113600,8.02
2006-08-02,7.88,7.89,7.76,7.83,96000,7.83
2006-08-01,8.09,8.09,7.70,7.81,151900,7.81
2006-07-31,8.02,8.13,8.02,8.13,109600,8.13
2006-07-28,7.85,8.00,7.70,8.00,108700,8.00
2006-07-27,7.74,8.00,7.68,7.74,129300,7.74
2006-07-26,7.84,7.84,7.65,7.67,245800,7.67
2006-07-25,7.88,8.08,7.76,7.85,152300,7.85
2006-07-24,7.71,8.00,7.65,7.90,136800,7.90
2006-07-21,7.94,8.12,7.62,7.63,203800,7.63
2006-07-20,8.23,8.23,7.92,7.94,134800,7.94
2006-07-19,7.95,8.25,7.94,8.17,245900,8.17
2006-07-18,8.30,8.46,7.90,8.00,137300,8.00
2006-07-17,8.20,8.31,8.09,8.20,95600,8.20
2006-07-14,8.27,8.33,8.16,8.33,147600,8.33
2006-07-13,8.49,8.73,8.26,8.26,232400,8.26
2006-07-12,8.79,8.87,8.53,8.55,151700,8.55
2006-07-11,8.50,8.82,8.48,8.80,209200,8.80
2006-07-10,8.55,8.65,8.51,8.65,328100,8.65
2006-07-07,8.70,8.72,8.35,8.49,191000,8.49
2006-07-06,8.85,8.90,8.63,8.74,97100,8.74
2006-07-05,8.70,8.84,8.58,8.81,220300,8.81
2006-07-03,8.77,8.78,8.69,8.75,44700,8.75
2006-06-30,8.60,8.73,8.53,8.72,361200,8.72
2006-06-29,8.54,8.75,8.40,8.68,252100,8.68
2006-06-28,8.41,8.50,8.22,8.45,434300,8.45
2006-06-27,8.55,8.60,8.28,8.33,241900,8.33
2006-06-26,8.52,8.68,8.45,8.51,211900,8.51
2006-06-23,8.58,8.61,8.43,8.46,63300,8.46
2006-06-22,8.73,8.73,8.59,8.73,141300,8.73
2006-06-21,8.62,8.80,8.59,8.75,185100,8.75
2006-06-20,8.45,8.67,8.31,8.60,265000,8.60
2006-06-19,8.51,8.55,8.42,8.43,268500,8.43
2006-06-16,8.62,8.62,8.45,8.62,770400,8.62
2006-06-15,8.52,8.84,8.52,8.84,342100,8.84
2006-06-14,8.50,8.67,8.20,8.46,256800,8.46
2006-06-13,8.45,8.62,8.45,8.62,491800,8.62
2006-06-12,8.62,8.70,8.45,8.47,241700,8.47
2006-06-09,8.85,8.93,8.50,8.60,590300,8.60
2006-06-08,8.73,8.85,8.50,8.80,225400,8.80
2006-06-07,8.80,9.10,8.64,8.77,189500,8.77
2006-06-06,8.88,8.96,8.50,8.80,293200,8.80
2006-06-05,9.23,9.28,8.82,8.88,348300,8.88
2006-06-02,9.39,9.44,9.07,9.24,335600,9.24
2006-06-01,9.09,9.40,9.05,9.38,352600,9.38
2006-05-31,9.06,9.15,8.895,9.04,384000,9.04
2006-05-30,9.24,9.35,9.00,9.35,424400,9.35
2006-05-26,9.78,9.96,9.18,9.29,738500,9.29
2006-05-25,10.26,10.26,9.81,10.21,424700,10.21
2006-05-24,10.38,10.45,10.01,10.06,385200,10.06
2006-05-23,10.39,10.60,10.15,10.25,495000,10.25
2006-05-22,10.22,10.40,10.15,10.40,361800,10.40
2006-05-19,10.11,10.43,10.00,10.29,248800,10.29
2006-05-18,10.15,10.31,10.11,10.31,184000,10.31
2006-05-17,10.00,10.24,10.00,10.24,197500,10.24
2006-05-16,10.13,10.30,10.00,10.02,162500,10.02
2006-05-15,10.25,10.45,10.07,10.14,216900,10.14
2006-05-12,10.39,10.49,10.26,10.32,196600,10.32
2006-05-11,10.94,10.98,10.44,10.47,294100,10.47
2006-05-10,11.25,11.43,10.91,11.43,511400,11.43
2006-05-09,10.25,11.44,10.25,11.44,1827600,11.44
2006-05-08,9.74,9.82,9.57,9.58,138400,9.58
2006-05-05,9.76,9.85,9.76,9.85,127000,9.85
2006-05-04,9.70,9.74,9.43,9.68,95300,9.68
2006-05-03,9.79,9.79,9.64,9.79,142300,9.79
2006-05-02,9.38,9.74,9.24,9.74,354500,9.74
2006-05-01,9.45,9.58,9.32,9.36,159600,9.36
2006-04-28,9.57,9.67,9.35,9.42,161600,9.42
2006-04-27,9.65,9.97,9.57,9.60,96400,9.60
2006-04-26,9.80,9.94,9.63,9.72,93200,9.72
2006-04-25,9.68,9.84,9.57,9.78,189000,9.78
2006-04-24,10.00,10.03,9.62,10.03,157800,10.03
2006-04-21,10.18,10.18,9.88,9.98,143400,9.98
2006-04-20,10.07,10.12,9.81,10.10,124200,10.10
2006-04-19,9.99,10.10,9.91,10.09,116600,10.09
2006-04-18,9.59,10.00,9.56,9.94,240600,9.94
2006-04-17,9.79,9.89,9.50,9.89,289200,9.89
2006-04-13,9.71,9.97,9.50,9.81,91000,9.81
2006-04-12,9.79,9.93,9.76,9.93,135100,9.93
2006-04-11,10.13,10.14,9.83,10.14,247900,10.14
2006-04-10,10.09,10.23,9.96,10.06,212600,10.06
2006-04-07,10.06,10.18,9.97,10.06,180900,10.06
2006-04-06,9.79,10.14,9.79,10.14,234800,10.14
2006-04-05,9.61,9.82,9.61,9.82,228200,9.82
2006-04-04,9.85,10.04,9.41,9.55,500500,9.55
2006-04-03,10.51,10.51,9.83,9.88,311500,9.88
2006-03-31,10.72,10.72,10.44,10.45,144200,10.45
2006-03-30,10.76,10.765,10.64,10.765,140400,10.765
2006-03-29,10.68,10.84,10.55,10.72,166700,10.72
2006-03-28,10.66,10.85,10.65,10.68,145800,10.68
2006-03-27,10.71,10.83,10.69,10.71,102700,10.71
2006-03-24,10.74,10.85,10.74,10.85,168800,10.85
2006-03-23,10.70,10.84,10.57,10.80,318400,10.80
2006-03-22,9.90,10.76,9.90,10.63,609900,10.63
2006-03-21,9.93,10.22,9.93,10.22,337300,10.22
2006-03-20,9.95,9.98,9.74,9.97,206400,9.97
2006-03-17,9.99,10.00,9.77,9.86,332300,9.86
2006-03-16,9.97,10.14,9.91,9.93,131900,9.93
2006-03-15,9.83,9.99,9.59,9.91,103400,9.91
2006-03-14,9.64,9.85,9.59,9.79,152000,9.79
2006-03-13,9.76,10.02,9.62,9.69,174800,9.69
2006-03-10,9.61,9.92,9.56,9.80,120500,9.80
2006-03-09,9.73,9.95,9.61,9.65,128200,9.65
2006-03-08,9.70,9.96,9.60,9.73,130200,9.73
2006-03-07,9.85,9.93,9.72,9.76,223200,9.76
2006-03-06,10.33,10.386,9.97,10.386,395000,10.386
2006-03-03,10.30,10.60,10.27,10.34,236600,10.34
2006-03-02,10.50,10.59,10.34,10.37,165300,10.37
2006-03-01,10.29,10.51,10.25,10.46,188900,10.46
2006-02-28,10.40,10.50,10.31,10.50,256300,10.50
2006-02-27,10.42,10.56,10.33,10.36,171900,10.36
2006-02-24,10.49,10.62,10.44,10.62,268700,10.62
2006-02-23,10.33,10.62,10.33,10.62,260600,10.62
2006-02-22,10.11,10.36,9.81,10.35,580200,10.35
2006-02-21,10.69,10.88,10.11,10.88,785800,10.88
2006-02-17,10.91,11.18,10.28,10.61,2018300,10.61
2006-02-16,8.85,9.50,8.80,9.45,830400,9.45
2006-02-15,8.92,9.04,8.74,8.85,246300,8.85
2006-02-14,9.02,9.04,8.76,8.82,219900,8.82
2006-02-13,9.05,9.06,8.83,8.94,201200,8.94
2006-02-10,9.14,9.19,8.95,9.13,282300,9.13
2006-02-09,8.92,9.19,8.92,9.19,246800,9.19
2006-02-08,8.92,9.05,8.90,8.98,162400,8.98
2006-02-07,9.00,9.09,8.90,8.90,171000,8.90
2006-02-06,8.90,9.01,8.83,9.01,180900,9.01
2006-02-03,8.91,9.25,8.74,8.94,195900,8.94
2006-02-02,9.19,9.22,8.98,9.22,277000,9.22
2006-02-01,9.07,9.28,8.94,9.24,245900,9.24
2006-01-31,9.05,9.14,8.92,9.11,211500,9.11
2006-01-30,9.03,9.19,9.03,9.11,181800,9.11
2006-01-27,9.145,9.30,8.85,9.11,304400,9.11
2006-01-26,9.09,9.26,8.88,9.25,402200,9.25
2006-01-25,8.92,9.08,8.88,9.01,293100,9.01
2006-01-24,8.67,9.06,8.60,8.98,240600,8.98
2006-01-23,8.55,8.76,8.49,8.57,206400,8.57
2006-01-20,8.90,8.90,8.57,8.59,210500,8.59
2006-01-19,8.87,8.95,8.68,8.85,315900,8.85
2006-01-18,8.66,8.82,8.66,8.82,274100,8.82
2006-01-17,8.48,8.82,8.41,8.78,204900,8.78
2006-01-13,8.75,8.77,8.59,8.59,153900,8.59
2006-01-12,8.92,8.99,8.72,8.73,295900,8.73
2006-01-11,8.74,8.99,8.70,8.99,319500,8.99
2006-01-10,8.53,8.82,8.51,8.78,303900,8.78
2006-01-09,8.50,8.68,8.47,8.55,243000,8.55
2006-01-06,8.49,8.60,8.38,8.56,186600,8.56
2006-01-05,8.35,8.66,8.326,8.40,310700,8.40
2006-01-04,8.38,8.49,8.38,8.49,264800,8.49
2006-01-03,8.36,8.47,8.12,8.40,278900,8.40
2005-12-30,8.27,8.45,8.24,8.35,412700,8.35
2005-12-29,8.27,8.40,8.27,8.31,254700,8.31
2005-12-28,8.35,8.42,8.20,8.34,258600,8.34
2005-12-27,8.47,8.58,8.30,8.58,329700,8.58
2005-12-23,8.37,8.61,8.37,8.61,309200,8.61
2005-12-22,8.17,8.47,8.17,8.47,477400,8.47
2005-12-21,7.89,8.27,7.89,8.21,829000,8.21
2005-12-20,8.49,8.49,7.93,8.49,1485800,8.49
2005-12-19,8.54,8.68,8.54,8.68,230300,8.68
2005-12-16,8.75,8.75,8.55,8.56,527100,8.56
2005-12-15,8.64,8.778,8.51,8.71,543800,8.71
2005-12-14,8.73,8.81,8.53,8.66,233100,8.66
2005-12-13,8.81,8.93,8.73,8.73,249600,8.73
2005-12-12,8.82,8.94,8.75,8.85,226000,8.85
2005-12-09,8.86,8.91,8.75,8.82,214600,8.82
2005-12-08,8.88,9.00,8.75,8.81,555000,8.81
2005-12-07,8.80,8.94,8.554,8.82,448300,8.82
2005-12-06,9.00,9.31,8.724,8.81,974600,8.81
2005-12-05,8.96,9.037,8.96,9.037,442000,9.037
2005-12-02,8.97,9.12,8.82,9.01,440000,9.01
2005-12-01,8.77,8.96,8.77,8.88,496900,8.88
2005-11-30,8.82,8.93,8.70,8.77,387900,8.77
2005-11-29,8.95,9.12,8.70,8.86,306400,8.86
2005-11-28,8.90,9.17,8.83,8.84,400500,8.84
2005-11-25,9.01,9.09,8.80,8.98,164300,8.98
2005-11-23,8.75,9.34,8.75,8.98,738400,8.98
2005-11-22,9.00,9.05,8.61,8.82,698300,8.82
2005-11-21,8.52,9.20,8.52,9.20,2157800,9.20
2005-11-18,7.54,8.83,7.35,8.51,5302900,8.51
2005-11-17,6.25,6.55,6.15,6.45,380800,6.45
2005-11-16,6.43,6.43,6.25,6.43,343500,6.43
2005-11-15,6.26,6.40,6.254,6.39,164200,6.39
2005-11-14,6.42,6.48,6.31,6.48,172300,6.48
2005-11-11,6.17,6.40,6.17,6.38,149000,6.38
2005-11-10,6.25,6.33,6.14,6.20,234800,6.20
2005-11-09,6.15,6.34,6.10,6.32,315600,6.32
2005-11-08,6.39,6.41,6.13,6.17,569200,6.17
2005-11-07,6.55,6.55,6.40,6.42,187100,6.42
2005-11-04,6.46,6.58,6.46,6.54,131600,6.54
2005-11-03,6.55,6.59,6.23,6.45,181500,6.45
2005-11-02,6.28,6.55,6.22,6.54,284600,6.54
2005-11-01,6.35,6.39,6.28,6.39,367300,6.39
2005-10-31,6.25,6.40,6.17,6.34,729900,6.34
2005-10-28,6.19,6.28,6.16,6.23,342900,6.23
2005-10-27,6.20,6.25,6.11,6.12,303200,6.12
2005-10-26,6.27,6.33,6.24,6.33,189400,6.33
2005-10-25,6.38,6.44,6.18,6.29,314000,6.29
2005-10-24,6.32,6.44,6.22,6.44,244500,6.44
2005-10-21,6.37,6.45,6.14,6.27,332300,6.27
2005-10-20,6.55,6.63,6.34,6.40,264700,6.40
2005-10-19,6.37,6.57,6.26,6.57,182400,6.57
2005-10-18,6.45,6.47,6.27,6.40,331700,6.40
2005-10-17,6.58,6.64,6.45,6.50,220000,6.50
2005-10-14,6.65,6.70,6.57,6.62,321400,6.62
2005-10-13,6.39,6.66,6.28,6.63,750500,6.63
2005-10-12,6.46,6.49,6.00,6.19,590100,6.19
2005-10-11,6.52,6.57,6.49,6.57,329900,6.57
2005-10-10,6.51,6.64,6.51,6.52,150600,6.52
2005-10-07,6.51,6.58,6.50,6.51,170700,6.51
2005-10-06,6.54,6.65,6.50,6.52,329600,6.52
2005-10-05,6.71,6.71,6.51,6.52,259900,6.52
2005-10-04,6.77,6.83,6.73,6.83,248800,6.83
2005-10-03,6.78,6.82,6.77,6.82,173400,6.82
2005-09-30,6.70,6.76,6.59,6.74,359900,6.74
2005-09-29,6.67,6.75,6.55,6.70,272500,6.70
2005-09-28,6.74,6.75,6.60,6.69,297400,6.69
2005-09-27,6.84,6.84,6.58,6.76,265900,6.76
2005-09-26,6.69,6.90,6.66,6.86,336500,6.86
2005-09-23,6.71,6.71,6.55,6.66,384100,6.66
2005-09-22,6.75,6.85,6.70,6.85,304100,6.85
2005-09-21,6.94,6.97,6.75,6.79,383200,6.79
2005-09-20,7.00,7.13,6.95,6.99,398600,6.99
2005-09-19,7.07,7.18,6.98,7.02,252900,7.02
2005-09-16,7.11,7.16,6.93,7.12,519500,7.12
2005-09-15,7.21,7.25,6.99,7.04,399100,7.04
2005-09-14,7.36,7.42,7.16,7.26,342000,7.26
2005-09-13,7.43,7.53,7.33,7.39,240000,7.39
2005-09-12,7.33,7.55,7.33,7.49,341700,7.49
2005-09-09,7.54,7.54,7.30,7.39,303900,7.39
2005-09-08,7.54,7.56,7.42,7.47,339000,7.47
2005-09-07,7.44,7.59,7.38,7.51,334900,7.51
2005-09-06,7.35,7.49,7.29,7.46,364800,7.46
2005-09-02,7.34,7.46,7.23,7.33,297800,7.33
2005-09-01,7.34,7.51,7.28,7.38,651400,7.38
2005-08-31,7.19,7.46,7.11,7.36,544100,7.36
2005-08-30,7.00,7.16,6.92,7.13,561900,7.13
2005-08-29,7.03,7.10,6.98,7.10,780600,7.10
2005-08-26,7.05,7.18,7.01,7.05,457000,7.05
2005-08-25,6.90,7.07,6.88,7.05,357500,7.05
2005-08-24,6.96,7.06,6.84,6.90,641400,6.90
2005-08-23,6.68,7.03,6.67,6.98,718000,6.98
2005-08-22,6.70,6.77,6.626,6.68,862200,6.68
2005-08-19,6.90,7.05,6.65,6.71,2113000,6.71
2005-08-18,7.68,7.98,7.65,7.77,661900,7.77
2005-08-17,7.99,8.049,7.70,7.70,502400,7.70
2005-08-16,7.60,7.96,7.58,7.88,685600,7.88
2005-08-15,7.50,7.65,7.50,7.63,475600,7.63
2005-08-12,7.57,7.59,7.41,7.43,239900,7.43
2005-08-11,7.35,7.67,7.33,7.59,516200,7.59
2005-08-10,7.74,7.81,7.27,7.35,732100,7.35
2005-08-09,7.75,7.87,7.69,7.73,403200,7.73
2005-08-08,7.80,7.80,7.51,7.73,434300,7.73
2005-08-05,7.59,7.85,7.59,7.82,618200,7.82
2005-08-04,7.91,7.91,7.59,7.63,428600,7.63
2005-08-03,8.12,8.12,7.80,7.87,769600,7.87
2005-08-02,8.25,8.32,8.00,8.12,681000,8.12
2005-08-01,8.11,8.29,8.11,8.21,727200,8.21
2005-07-29,7.89,8.23,7.89,8.23,1174700,8.23
2005-07-28,7.50,7.88,7.50,7.84,1245400,7.84
2005-07-27,7.50,7.50,7.26,7.48,495100,7.48
2005-07-26,7.25,7.49,7.23,7.43,789300,7.43
2005-07-25,7.11,7.25,7.09,7.22,675900,7.22
2005-07-22,7.11,7.20,7.02,7.13,505800,7.13
2005-07-21,7.02,7.19,7.00,7.02,786000,7.02
2005-07-20,6.79,7.05,6.75,6.97,989700,6.97
2005-07-19,6.83,6.91,6.76,6.78,522000,6.78
2005-07-18,6.79,6.85,6.76,6.80,506800,6.80
2005-07-15,6.75,6.84,6.67,6.75,501200,6.75
2005-07-14,7.03,7.079,6.76,6.77,589000,6.77
2005-07-13,7.03,7.05,6.91,6.96,1310800,6.96
2005-07-12,6.96,7.03,6.88,6.95,695000,6.95
2005-07-11,6.75,6.96,6.69,6.91,533800,6.91
2005-07-08,6.82,6.82,6.61,6.70,685200,6.70
2005-07-07,6.80,6.82,6.64,6.71,568400,6.71
2005-07-06,6.60,6.84,6.55,6.80,984900,6.80
2005-07-05,6.46,6.57,6.40,6.56,460900,6.56
2005-07-01,6.50,6.56,6.40,6.45,230700,6.45
2005-06-30,6.62,6.62,6.49,6.62,287000,6.62
2005-06-29,6.60,6.70,6.48,6.56,380400,6.56
2005-06-28,6.35,6.60,6.32,6.57,561800,6.57
2005-06-27,6.50,6.52,6.32,6.35,808300,6.35
2005-06-24,6.48,6.52,6.34,6.52,790000,6.52
2005-06-23,6.50,6.53,6.43,6.48,931800,6.48
2005-06-22,6.51,6.61,6.43,6.46,694800,6.46
2005-06-21,6.46,6.55,6.42,6.51,687500,6.51
2005-06-20,6.73,6.74,6.45,6.49,905400,6.49
2005-06-17,6.83,6.90,6.73,6.73,863500,6.73
2005-06-16,6.86,6.98,6.77,6.83,636200,6.83
2005-06-15,6.94,6.96,6.77,6.90,857300,6.90
2005-06-14,7.01,7.02,6.87,6.94,342500,6.94
2005-06-13,6.93,7.07,6.89,7.01,699700,7.01
2005-06-10,6.86,6.99,6.75,6.91,843100,6.91
2005-06-09,6.81,6.91,6.75,6.89,518700,6.89
2005-06-08,7.02,7.10,6.83,6.90,814300,6.90
2005-06-07,6.79,7.05,6.72,6.99,1229900,6.99
2005-06-06,6.88,6.89,6.73,6.80,1698600,6.80
2005-06-03,6.99,7.00,6.79,7.00,2665800,7.00
2005-06-02,7.04,7.17,6.94,6.97,2437600,6.97
2005-06-01,7.29,7.35,6.98,7.06,2762300,7.06
2005-05-31,7.72,7.79,7.17,7.22,4027200,7.22
2005-05-27,7.67,7.97,7.43,7.79,18302000,7.79
2005-05-26,12.00,12.64,12.00,12.59,898100,12.59
2005-05-25,11.87,12.07,11.75,11.97,213100,11.97
2005-05-24,12.16,12.20,11.88,12.00,337000,12.00
2005-05-23,11.74,12.20,11.74,12.15,445400,12.15
2005-05-20,11.80,11.90,11.58,11.83,220000,11.83
2005-05-19,11.51,11.99,11.45,11.85,508300,11.85
2005-05-18,11.07,11.55,10.96,11.52,406800,11.52
2005-05-17,10.96,11.09,10.84,11.00,201300,11.00
2005-05-16,10.77,10.99,10.77,10.93,233600,10.93
2005-05-13,10.80,11.01,10.58,10.78,360500,10.78
2005-05-12,11.04,11.15,10.73,10.85,184000,10.85
2005-05-11,10.95,11.04,10.62,11.01,149600,11.01
2005-05-10,10.89,10.94,10.81,10.91,256500,10.91
2005-05-09,11.18,11.18,10.82,10.96,226100,10.96
2005-05-06,11.14,11.19,10.85,10.89,269300,10.89
2005-05-05,11.02,11.29,10.91,11.05,388300,11.05
2005-05-04,11.05,11.128,11.05,11.128,378600,11.128
2005-05-03,11.16,11.36,11.044,11.11,308100,11.11
2005-05-02,11.25,11.38,11.05,11.31,282000,11.31
2005-04-29,11.51,11.58,11.20,11.31,316600,11.31
2005-04-28,11.61,11.74,11.47,11.53,260000,11.53
2005-04-27,11.73,11.79,11.57,11.64,293200,11.64
2005-04-26,11.82,11.97,11.68,11.81,611900,11.81
2005-04-25,11.47,11.98,11.47,11.95,3956300,11.95
2005-04-22,11.49,11.57,11.08,11.17,329700,11.17
2005-04-21,11.23,11.52,11.22,11.475,359800,11.475
2005-04-20,11.18,11.47,11.02,11.21,427100,11.21
2005-04-19,10.85,11.07,10.85,11.00,246000,11.00
2005-04-18,10.81,10.96,10.65,10.85,318600,10.85
2005-04-15,11.26,11.40,10.76,10.85,452900,10.85
2005-04-14,11.20,11.51,11.18,11.26,470700,11.26
2005-04-13,11.56,11.65,11.16,11.28,487600,11.28
2005-04-12,11.85,11.85,11.441,11.68,894100,11.68
2005-04-11,12.24,12.25,11.79,11.93,522600,11.93
2005-04-08,12.27,12.37,12.11,12.25,471800,12.25
2005-04-07,12.301,12.38,12.301,12.38,606900,12.38
2005-04-06,12.47,12.65,12.25,12.36,480000,12.36
2005-04-05,12.57,12.69,12.39,12.47,572500,12.47
2005-04-04,12.31,12.69,12.25,12.68,501300,12.68
2005-04-01,12.60,12.74,12.17,12.29,298800,12.29
2005-03-31,12.69,12.91,12.34,12.47,467500,12.47
2005-03-30,12.52,12.79,12.52,12.79,339300,12.79
2005-03-29,12.62,12.87,12.43,12.54,460300,12.54
2005-03-28,12.73,12.85,12.60,12.64,362000,12.64
2005-03-24,12.56,12.78,12.42,12.61,777800,12.61
2005-03-23,12.20,12.26,12.00,12.13,217900,12.13
2005-03-22,12.33,12.35,12.06,12.10,395900,12.10
2005-03-21,12.40,12.63,12.20,12.289,623600,12.289
2005-03-18,11.95,12.19,11.79,11.94,468600,11.94
2005-03-17,12.02,12.29,12.02,12.08,223700,12.08
2005-03-16,12.00,12.57,11.801,12.135,413300,12.135
2005-03-15,12.25,12.33,11.88,12.00,350500,12.00
2005-03-14,11.86,12.23,11.85,12.20,336700,12.20
2005-03-11,12.02,12.16,11.87,11.88,329600,11.88
2005-03-10,12.28,12.39,12.039,12.16,310200,12.16
2005-03-09,12.26,12.49,12.20,12.35,273200,12.35
2005-03-08,12.57,12.72,12.22,12.26,439300,12.26
2005-03-07,12.54,12.74,12.45,12.61,326000,12.61
2005-03-04,12.31,12.51,12.21,12.46,307400,12.46
2005-03-03,12.62,12.65,12.199,12.27,418000,12.27
2005-03-02,12.73,12.82,12.51,12.53,335800,12.53
2005-03-01,12.67,12.87,12.67,12.87,453500,12.87
2005-02-28,12.51,12.87,12.40,12.56,434400,12.56
2005-02-25,12.72,12.90,12.43,12.54,1021600,12.54
2005-02-24,12.70,12.78,12.37,12.72,477200,12.72
2005-02-23,12.75,12.97,12.60,12.87,584900,12.87
2005-02-22,12.83,13.17,12.40,12.69,1064700,12.69
2005-02-18,14.25,14.269,13.02,13.03,1378600,13.03
2005-02-17,13.88,14.12,13.64,13.98,727500,13.98
2005-02-16,14.17,14.17,13.71,13.83,395000,13.83
2005-02-15,14.00,14.33,13.908,14.05,455600,14.05
2005-02-14,14.00,14.18,13.84,13.99,431700,13.99
2005-02-11,13.45,14.09,13.30,13.99,600900,13.99
2005-02-10,13.13,13.45,12.99,13.23,401200,13.23
2005-02-09,13.80,13.80,13.18,13.26,300500,13.26
2005-02-08,13.57,13.85,13.50,13.66,506700,13.66
2005-02-07,13.84,13.84,13.40,13.59,676600,13.59
2005-02-04,13.51,13.82,13.34,13.70,567900,13.70
2005-02-03,13.70,13.829,13.50,13.55,525900,13.55
2005-02-02,13.62,13.98,13.54,13.78,656500,13.78
2005-02-01,13.35,13.70,13.24,13.67,631200,13.67
2005-01-31,13.34,13.45,13.19,13.30,515400,13.30
2005-01-28,13.26,13.45,13.04,13.14,1088700,13.14
2005-01-27,13.70,13.70,13.17,13.27,973300,13.27
2005-01-26,13.22,13.73,13.04,13.72,546300,13.72
2005-01-25,12.87,13.25,12.87,13.07,971400,13.07
2005-01-24,12.96,13.03,12.76,12.76,696000,12.76
2005-01-21,13.08,13.19,12.91,12.96,401000,12.96
2005-01-20,13.12,13.25,13.07,13.08,587600,13.08
2005-01-19,13.64,13.69,13.10,13.25,776400,13.25
2005-01-18,13.45,13.73,13.01,13.59,688000,13.59
2005-01-14,13.27,13.59,13.22,13.38,468800,13.38
2005-01-13,13.73,13.73,13.30,13.31,451400,13.31
2005-01-12,13.54,13.70,13.35,13.61,730100,13.61
2005-01-11,13.74,13.98,13.17,13.32,837700,13.32
2005-01-10,13.40,13.98,13.31,13.84,629800,13.84
2005-01-07,13.86,13.99,13.33,13.41,691800,13.41
2005-01-06,14.06,14.16,13.80,13.819,734500,13.819
2005-01-05,14.00,14.37,13.87,13.90,1090500,13.90
2005-01-04,14.60,14.72,13.91,14.12,1310500,14.12
2005-01-03,15.09,15.09,14.60,14.70,996700,14.70
2004-12-31,15.00,15.10,14.88,14.95,245300,14.95
2004-12-30,15.10,15.10,14.88,14.92,382000,14.92
2004-12-29,15.15,15.15,14.81,14.98,368600,14.98
2004-12-28,14.75,15.05,14.71,15.05,612300,15.05
2004-12-27,15.23,15.37,14.62,14.75,689400,14.75
2004-12-23,15.06,15.27,15.04,15.10,284500,15.10
2004-12-22,15.27,15.38,15.06,15.07,379100,15.07
2004-12-21,15.05,15.24,14.96,15.12,651900,15.12
2004-12-20,15.10,15.44,14.95,15.10,881900,15.10
2004-12-17,15.30,15.34,14.80,15.00,1065700,15.00
2004-12-16,15.43,15.68,15.14,15.23,1318300,15.23
2004-12-15,15.51,15.75,15.17,15.39,1926300,15.39
2004-12-14,15.50,15.74,15.11,15.23,1312600,15.23
2004-12-13,16.10,16.10,15.20,15.34,2305100,15.34
2004-12-10,17.50,18.28,16.58,16.73,2452700,16.73
2004-12-09,16.25,17.98,16.10,17.46,5087900,17.46
2004-12-08,15.54,15.87,15.06,15.25,1340400,15.25
2004-12-07,16.01,16.07,15.61,15.71,1332100,15.71
2004-12-06,16.02,16.18,15.69,16.00,720200,16.00
2004-12-03,16.15,16.26,15.68,16.00,1115100,16.00
2004-12-02,15.15,16.49,15.04,16.09,2281900,16.09
2004-12-01,15.80,15.88,15.15,15.16,1525800,15.16
2004-11-30,15.97,16.12,15.65,15.76,797000,15.76
2004-11-29,15.91,16.15,15.71,16.02,1024300,16.02
2004-11-26,16.34,16.34,15.68,15.70,280000,15.70
2004-11-24,15.63,16.27,15.63,16.11,789500,16.11
2004-11-23,15.86,15.94,15.14,15.79,1116500,15.79
2004-11-22,15.99,16.35,15.19,15.36,2555200,15.36
2004-11-19,17.48,17.55,15.92,15.96,1856700,15.96
2004-11-18,18.25,18.43,17.57,17.57,748400,17.57
2004-11-17,17.85,18.46,17.55,18.34,609400,18.34
2004-11-16,17.65,17.89,17.27,17.61,526000,17.61
2004-11-15,17.46,17.73,17.37,17.67,429000,17.67
2004-11-12,16.85,17.46,16.85,17.46,418400,17.46
2004-11-11,16.78,17.208,16.77,17.094,332500,17.094
2004-11-10,17.12,17.22,16.52,16.80,755200,16.80
2004-11-09,17.57,17.605,17.07,17.21,596900,17.21
2004-11-08,17.29,17.77,17.11,17.57,730600,17.57
2004-11-05,16.80,17.90,16.60,17.15,1853400,17.15
2004-11-04,15.12,16.60,14.86,16.60,7556200,16.60
2004-11-03,21.98,23.09,21.88,22.29,800000,22.29
2004-11-02,22.28,22.28,21.24,21.36,1073000,21.36
2004-11-01,23.14,23.19,22.02,22.07,965300,22.07
2004-10-29,23.02,23.40,22.76,22.94,335200,22.94
2004-10-28,23.51,23.51,22.99,23.08,267800,23.08
2004-10-27,23.07,23.70,22.90,23.56,667500,23.56
2004-10-26,23.89,23.89,22.59,23.00,891300,23.00
2004-10-25,24.34,24.48,23.50,23.75,839200,23.75
2004-10-22,26.78,26.87,23.91,24.44,1922700,24.44
2004-10-21,25.30,26.75,25.28,26.74,1153900,26.74
2004-10-20,25.07,25.37,24.65,25.06,752900,25.06
2004-10-19,24.02,26.33,23.89,25.19,1804400,25.19
2004-10-18,23.00,23.82,22.05,23.82,671200,23.82
2004-10-15,23.22,23.24,22.78,22.89,324900,22.89
2004-10-14,23.39,23.39,22.99,23.12,269900,23.12
2004-10-13,23.71,23.80,23.35,23.39,409100,23.39
2004-10-12,22.82,23.17,22.41,22.96,305900,22.96
2004-10-11,23.00,23.47,23.00,23.47,424300,23.47
2004-10-08,24.19,24.23,23.02,23.12,634800,23.12
2004-10-07,24.65,24.93,24.23,24.33,562100,24.33
2004-10-06,24.73,25.02,24.41,25.02,542300,25.02
2004-10-05,24.53,25.25,24.53,25.25,1050600,25.25
2004-10-04,23.17,24.84,23.10,24.41,1102600,24.41
2004-10-01,22.24,23.10,22.15,22.95,569100,22.95
2004-09-30,22.29,22.41,21.67,22.39,560500,22.39
2004-09-29,21.62,22.35,21.62,22.24,344200,22.24
2004-09-28,22.15,22.16,21.18,21.77,733000,21.77
2004-09-27,22.39,22.40,21.88,21.97,607400,21.97
2004-09-24,22.45,22.86,22.26,22.50,747300,22.50
2004-09-23,21.752,22.61,21.752,22.61,931300,22.61
2004-09-22,22.26,22.31,21.72,21.92,642100,21.92
2004-09-21,21.69,22.56,20.95,22.31,423900,22.31
2004-09-20,22.17,22.17,21.47,21.61,604300,21.61
2004-09-17,22.49,22.54,21.80,21.92,461200,21.92
2004-09-16,21.88,22.60,21.50,22.16,440500,22.16
2004-09-15,22.72,22.88,21.80,21.88,756500,21.88
2004-09-14,23.75,24.06,22.61,22.97,758200,22.97
2004-09-13,22.20,24.24,22.20,23.85,1310700,23.85
2004-09-10,22.10,22.34,21.73,22.10,695400,22.10
2004-09-09,21.95,22.15,21.15,22.10,617800,22.10
2004-09-08,22.07,22.81,21.40,21.65,738700,21.65
2004-09-07,21.83,22.52,21.83,22.30,462300,22.30
2004-09-03,22.17,22.47,21.44,21.83,456900,21.83
2004-09-02,22.40,22.80,22.00,22.33,385100,22.33
2004-09-01,21.79,22.94,21.45,22.261,931500,22.261
2004-08-31,21.39,21.92,21.11,21.52,588100,21.52
2004-08-30,21.67,22.05,21.14,21.50,633500,21.50
2004-08-27,22.39,22.78,21.51,21.84,973800,21.84
2004-08-26,20.97,22.83,20.84,22.60,2686200,22.60
2004-08-25,22.86,23.18,20.56,20.93,6407800,20.93
2004-08-24,18.26,18.52,18.01,18.25,735900,18.25
2004-08-23,18.24,18.65,17.69,17.96,575600,17.96
2004-08-20,17.22,18.19,16.94,17.97,678100,17.97
2004-08-19,17.25,17.68,17.12,17.17,462200,17.17
