Date,Open,High,Low,Close,Volume,Adj Close
2016-04-15,26.68,26.99,26.450001,26.98,324900,26.98
2016-04-14,26.379999,27.030001,25.98,26.610001,410100,26.610001
2016-04-13,26.66,26.889999,26.09,26.16,600300,26.16
2016-04-12,26.18,27.049999,26.17,26.530001,259800,26.530001
2016-04-11,25.879999,26.50,25.77,26.18,259300,26.18
2016-04-08,24.52,25.790001,24.40,25.790001,253200,25.790001
2016-04-07,24.200001,24.605,23.910999,24.15,363700,24.15
2016-04-06,24.389999,24.50,23.709999,24.32,295700,24.32
2016-04-05,23.889999,24.34,23.889999,24.290001,399800,24.290001
2016-04-04,24.469999,25.040001,24.00,24.10,471100,24.10
2016-04-01,24.700001,24.950001,23.99,24.43,340100,24.43
2016-03-31,25.35,25.35,24.67,25.08,404200,25.08
2016-03-30,25.950001,26.42,25.040001,25.549999,372200,25.549999
2016-03-29,24.809999,25.65,24.43,25.620001,185800,25.620001
2016-03-28,25.85,25.85,24.325001,24.99,256400,24.99
2016-03-24,25.02,25.969999,24.459999,25.959999,252800,25.959999
2016-03-23,26.65,26.969999,25.209999,25.219999,410400,25.219999
2016-03-22,25.59,26.719999,25.59,26.530001,321600,26.530001
2016-03-21,25.540001,26.33,25.40,25.780001,154100,25.780001
2016-03-18,25.389999,25.889999,24.91,25.49,495400,25.49
2016-03-17,24.309999,25.83,24.264999,25.299999,365600,25.299999
2016-03-16,24.209999,24.729,21.790001,24.52,423300,24.52
2016-03-15,23.74,24.57,23.40,24.389999,670300,24.389999
2016-03-14,22.790001,24.059999,22.639999,24.030001,415700,24.030001
2016-03-11,22.620001,23.10,22.469999,23.030001,398900,23.030001
2016-03-10,21.299999,22.530001,21.299999,22.48,539800,22.48
2016-03-09,19.860001,20.860001,19.76,20.639999,318300,20.639999
2016-03-08,20.17,20.540001,19.66,19.709999,515100,19.709999
2016-03-07,19.299999,20.50,19.299999,20.450001,317600,20.450001
2016-03-04,19.98,20.299999,19.33,19.43,486200,19.43
2016-03-03,19.93,20.620001,19.790001,19.92,682500,19.92
2016-03-02,19.639999,19.950001,19.57,19.940001,306400,19.940001
2016-03-01,18.889999,19.985001,18.780001,19.700001,220300,19.700001
2016-02-29,19.33,19.530001,18.73,18.73,309300,18.73
2016-02-26,18.52,19.40,18.469999,19.33,495300,19.33
2016-02-25,17.98,18.50,17.434999,18.41,323500,18.41
2016-02-24,17.51,17.91,16.52,17.870001,404900,17.870001
2016-02-23,17.690001,17.93,17.09,17.68,355000,17.68
2016-02-22,16.65,17.75,16.629999,17.719999,821200,17.719999
2016-02-19,16.84,16.84,16.246,16.32,384500,16.32
2016-02-18,17.15,17.15,16.68,16.889999,429200,16.889999
2016-02-17,16.389999,16.389999,16.389999,16.389999,000,16.389999
2016-02-16,16.66,16.969999,16.34,16.389999,611300,16.389999
2016-02-12,16.24,17.23,16.200001,16.34,588800,16.34
2016-02-11,16.879999,17.82,14.85,16.459999,1771700,16.459999
2016-02-10,15.40,17.389999,15.40,15.76,1596500,15.76
2016-02-09,21.08,21.57,20.549999,20.809999,434400,20.809999
2016-02-08,21.290001,21.700001,20.915001,21.49,734200,21.49
2016-02-05,21.25,21.690001,20.860001,21.629999,433900,21.629999
2016-02-04,20.49,21.92,20.49,21.379999,438900,21.379999
2016-02-03,21.110001,21.129999,19.85,20.42,488000,20.42
2016-02-02,22.02,22.059999,20.719999,20.85,384400,20.85
2016-02-01,23.389999,23.82,22.299999,22.49,255800,22.49
2016-01-29,22.50,23.85,22.50,23.84,263600,23.84
2016-01-28,24.209999,24.60,22.43,22.559999,245400,22.559999
2016-01-27,22.32,24.33,22.32,24.15,551000,24.15
2016-01-26,21.440001,22.459999,21.25,22.440001,608600,22.440001
2016-01-25,21.74,22.08,21.200001,21.23,232800,21.23
2016-01-22,21.92,22.469999,21.674999,22.040001,627500,22.040001
2016-01-21,21.059999,21.879999,21.030001,21.50,466200,21.50
2016-01-20,21.25,21.280001,20.02,20.85,643600,20.85
2016-01-19,22.719999,22.950001,21.58,21.66,538600,21.66
2016-01-15,22.58,22.73,22.280001,22.52,420300,22.52
2016-01-14,23.33,23.450001,22.74,23.190001,648600,23.190001
2016-01-13,23.42,23.639999,23.00,23.309999,477500,23.309999
2016-01-12,23.780001,23.780001,22.67,23.35,494600,23.35
2016-01-11,23.68,23.719999,22.83,23.549999,208200,23.549999
2016-01-08,24.530001,24.715,23.549999,23.66,361500,23.66
2016-01-07,24.83,24.85,24.139999,24.40,349400,24.40
2016-01-06,26.530001,26.530001,25.200001,25.290001,603800,25.290001
2016-01-05,28.450001,28.450001,26.75,26.969999,209600,26.969999
2016-01-04,27.629999,28.559999,27.01,28.42,235600,28.42
2015-12-31,26.76,28.08,26.690001,27.91,204200,27.91
2015-12-30,27.610001,27.757999,26.870001,26.92,162500,26.92
2015-12-29,27.559999,27.889999,27.27,27.780001,178500,27.780001
2015-12-28,28.940001,29.26,27.17,27.530001,413000,27.530001
2015-12-24,28.85,29.139999,28.67,29.059999,105200,29.059999
2015-12-23,28.41,29.309999,28.200001,28.809999,305800,28.809999
2015-12-22,27.280001,28.24,27.129999,28.139999,567400,28.139999
2015-12-21,26.90,27.52,26.549999,27.379999,409400,27.379999
2015-12-18,26.540001,26.99,26.110001,26.84,778700,26.84
2015-12-17,26.00,26.59,25.49,26.440001,379800,26.440001
2015-12-16,27.48,27.48,25.57,25.860001,498000,25.860001
2015-12-15,27.200001,27.92,25.983999,26.700001,801800,26.700001
2015-12-14,28.690001,28.950001,26.91,27.040001,504100,27.040001
2015-12-11,29.280001,29.280001,28.450001,28.889999,575800,28.889999
2015-12-10,29.450001,30.184999,29.014999,29.799999,407600,29.799999
2015-12-09,31.01,31.139,29.469999,29.59,290300,29.59
2015-12-08,31.450001,32.080002,30.99,31.09,579400,31.09
2015-12-07,33.040001,33.470001,32.189999,32.439999,433900,32.439999
2015-12-04,33.459999,33.73,32.91,33.439999,355000,33.439999
2015-12-03,33.810001,33.869999,33.09,33.66,607200,33.66
2015-12-02,33.799999,33.919998,33.25,33.73,399300,33.73
2015-12-01,33.599998,34.02,33.450001,33.939999,396100,33.939999
2015-11-30,33.349998,34.16,33.195,33.599998,201500,33.599998
2015-11-27,33.380001,33.52,32.810001,33.310001,69500,33.310001
2015-11-25,33.049999,34.049999,33.049999,33.75,135000,33.75
2015-11-24,32.00,33.220001,31.860001,33.07,206300,33.07
2015-11-23,32.450001,32.450001,31.879999,32.09,174900,32.09
2015-11-20,32.799999,33.16,32.16,32.419998,329600,32.419998
2015-11-19,32.73,33.290001,31.870001,32.959999,276900,32.959999
2015-11-18,32.259998,33.849998,32.00,33.380001,420000,33.380001
2015-11-17,31.48,32.66,30.76,31.950001,347800,31.950001
2015-11-16,29.68,31.719999,29.58,31.309999,494600,31.309999
2015-11-13,29.73,30.24,29.209999,30.01,241700,30.01
2015-11-12,31.09,31.15,29.77,29.98,383400,29.98
2015-11-11,31.60,31.60,31.00,31.459999,316300,31.459999
2015-11-10,31.530001,31.700001,30.91,31.610001,154100,31.610001
2015-11-09,32.860001,32.860001,31.280001,31.690001,463100,31.690001
2015-11-06,35.00,35.00,32.889999,33.07,590800,33.07
2015-11-05,35.43,35.709999,34.689999,35.200001,182400,35.200001
2015-11-04,35.220001,35.992001,34.959999,35.490002,393100,35.490002
2015-11-03,35.919998,36.41,35.009998,35.09,307700,35.09
2015-11-02,33.91,36.189999,33.279999,36.009998,471800,36.009998
2015-10-30,34.400002,34.970001,33.330002,33.900002,530900,33.900002
2015-10-29,36.439999,36.439999,33.919998,34.25,538600,34.25
2015-10-28,34.919998,36.91,34.02,35.779999,662300,35.779999
2015-10-27,34.400002,35.389999,33.880001,34.57,542800,34.57
2015-10-26,36.689999,36.970001,33.779999,34.68,973500,34.68
2015-10-23,36.849998,37.07,35.939999,36.82,127300,36.82
2015-10-22,37.240002,37.630001,36.189999,36.490002,358000,36.490002
2015-10-21,37.970001,37.970001,36.34,36.740002,508600,36.740002
2015-10-20,36.310001,38.400002,36.064999,38.130001,441700,38.130001
2015-10-19,35.619999,36.91,35.57,36.490002,503500,36.490002
2015-10-16,36.75,37.139999,35.691002,36.48,553600,36.48
2015-10-15,37.200001,37.25,36.080002,36.759998,558700,36.759998
2015-10-14,37.34,37.93,36.009998,36.709999,605100,36.709999
2015-10-13,37.400002,38.709999,35.599998,37.470001,351000,37.470001
2015-10-12,39.549999,39.948002,38.130001,38.169998,127900,38.169998
2015-10-09,41.360001,41.849998,39.07,39.130001,931700,39.130001
2015-10-08,38.700001,42.060001,38.700001,40.950001,470500,40.950001
2015-10-07,37.59,40.145,37.59,39.360001,497000,39.360001
2015-10-06,35.299999,38.00,35.110001,37.889999,269600,37.889999
2015-10-05,35.799999,37.689999,35.700001,35.900002,667900,35.900002
2015-10-02,34.48,35.50,34.279999,35.299999,500500,35.299999
2015-10-01,33.939999,35.799999,33.919998,35.07,821900,35.07
2015-09-30,34.099998,34.720001,33.50,34.43,750400,34.43
2015-09-29,34.34,34.50,31.694,33.549999,1417900,33.549999
2015-09-28,36.50,37.150002,31.00,34.00,1170500,34.00
2015-09-25,36.25,37.130001,36.25,36.990002,392200,36.990002
2015-09-24,37.73,39.130001,36.389999,36.799999,14800,36.799999
2015-09-23,38.099998,38.139999,38.099998,38.139999,600,38.139999
2015-09-22,38.959999,38.959999,38.25,38.25,1100,38.25
2015-09-21,39.439999,39.439999,39.25,39.25,300,39.25
2015-09-18,39.00,39.00,38.990002,38.990002,300,38.990002
2015-09-17,39.900002,39.900002,39.560001,39.560001,1100,39.560001
