Date,Open,High,Low,Close,Volume,Adj Close
2012-10-11,6.20,6.23,6.20,6.22,235800,6.22
2012-10-10,6.19,6.20,6.19,6.19,92200,6.19
2012-10-09,6.19,6.20,6.19,6.19,88800,6.19
2012-10-08,6.20,6.20,6.19,6.19,94900,6.19
2012-10-05,6.19,6.20,6.19,6.19,105900,6.19
2012-10-04,6.19,6.20,6.19,6.20,150000,6.20
2012-10-03,6.19,6.20,6.18,6.18,262600,6.18
2012-10-02,6.19,6.20,6.19,6.195,245300,6.195
2012-10-01,6.19,6.20,6.19,6.19,279900,6.19
2012-09-28,6.19,6.20,6.18,6.185,227000,6.185
2012-09-27,6.20,6.20,6.19,6.19,288300,6.19
2012-09-26,6.19,6.19,6.18,6.18,329800,6.18
2012-09-25,6.19,6.19,6.18,6.18,548700,6.18
2012-09-24,6.19,6.20,6.18,6.18,515500,6.18
2012-09-21,6.19,6.19,6.18,6.19,379700,6.19
2012-09-20,6.19,6.20,6.18,6.19,456000,6.19
2012-09-19,6.18,6.20,6.18,6.20,505000,6.20
2012-09-18,6.19,6.19,6.18,6.185,194500,6.185
2012-09-17,6.19,6.19,6.18,6.185,442600,6.185
2012-09-14,6.18,6.19,6.18,6.19,278100,6.19
2012-09-13,6.17,6.19,6.17,6.18,1605900,6.18
2012-09-12,6.18,6.19,6.17,6.18,626900,6.18
2012-09-11,6.18,6.18,6.17,6.18,362500,6.18
2012-09-10,6.18,6.18,6.17,6.17,433800,6.17
2012-09-07,6.18,6.1801,6.17,6.17,928400,6.17
2012-09-06,6.18,6.19,6.18,6.18,572400,6.18
2012-09-05,6.18,6.19,6.18,6.18,350900,6.18
2012-09-04,6.18,6.19,6.18,6.19,496000,6.19
2012-09-03,6.17,6.17,6.17,6.17,000,6.17
2012-08-31,6.18,6.19,6.17,6.17,950300,6.17
2012-08-30,6.17,6.18,6.17,6.17,865000,6.17
2012-08-29,6.165,6.18,6.16,6.18,1132100,6.18
2012-08-28,6.18,6.18,6.16,6.16,1877100,6.16
2012-08-27,6.17,6.18,6.17,6.17,1341400,6.17
2012-08-24,6.17,6.18,6.17,6.175,208800,6.175
2012-08-23,6.17,6.18,6.16,6.17,718200,6.17
2012-08-22,6.16,6.18,6.16,6.17,409100,6.17
2012-08-21,6.19,6.19,6.15,6.165,2461700,6.165
2012-08-20,6.17,6.19,6.165,6.18,1122400,6.18
2012-08-17,6.16,6.19,6.16,6.19,940300,6.19
2012-08-16,6.16,6.17,6.16,6.17,714400,6.17
2012-08-15,6.16,6.17,6.16,6.165,2218600,6.165
2012-08-14,6.16,6.17,6.16,6.165,7005300,6.165
2012-08-13,6.15,6.20,4.44,6.16,20876100,6.16
2012-08-10,4.01,4.06,3.96,4.04,182800,4.04
2012-08-09,4.15,4.216,4.01,4.02,384800,4.02
2012-08-08,4.10,4.2425,4.00,4.15,293900,4.15
2012-08-07,4.09,4.20,4.04,4.10,301000,4.10
2012-08-06,3.92,4.10,3.92,4.06,335600,4.06
2012-08-03,3.85,3.94,3.76,3.89,247600,3.89
2012-08-02,3.54,3.77,3.532,3.75,188800,3.75
2012-08-01,3.66,3.77,3.58,3.58,305700,3.58
2012-07-31,3.88,3.95,3.60,3.62,511000,3.62
2012-07-30,3.75,3.93,3.75,3.85,611000,3.85
2012-07-27,3.64,3.779,3.64,3.74,401000,3.74
2012-07-26,3.54,3.62,3.54,3.60,257200,3.60
2012-07-25,3.45,3.53,3.44,3.48,212100,3.48
2012-07-24,3.49,3.49,3.39,3.40,151200,3.40
2012-07-23,3.40,3.53,3.40,3.47,225400,3.47
2012-07-20,3.54,3.54,3.385,3.48,300600,3.48
2012-07-19,3.49,3.62,3.40,3.57,283600,3.57
2012-07-18,3.37,3.48,3.3434,3.43,295200,3.43
2012-07-17,3.31,3.45,3.25,3.36,398600,3.36
2012-07-16,3.37,3.37,3.25,3.27,247900,3.27
2012-07-13,3.36,3.45,3.26,3.37,193700,3.37
2012-07-12,3.42,3.42,3.20,3.35,396500,3.35
2012-07-11,3.50,3.55,3.35,3.42,290200,3.42
2012-07-10,3.84,3.85,3.43,3.45,750500,3.45
2012-07-09,3.82,3.87,3.78,3.81,257500,3.81
2012-07-06,3.78,3.87,3.74,3.825,231600,3.825
2012-07-05,3.83,3.86,3.78,3.84,206100,3.84
2012-07-04,3.83,3.83,3.83,3.83,000,3.83
2012-07-03,3.74,3.83,3.70,3.83,232900,3.83
2012-07-02,3.60,3.72,3.50,3.72,564800,3.72
2012-06-29,3.48,3.64,3.43,3.59,479400,3.59
2012-06-28,3.30,3.41,3.25,3.40,298100,3.40
2012-06-27,3.37,3.49,3.33,3.35,484100,3.35
2012-06-26,3.53,3.59,3.30,3.365,531600,3.365
2012-06-25,3.53,3.60,3.43,3.53,435300,3.53
2012-06-22,3.62,3.65,3.50,3.64,753200,3.64
2012-06-21,3.63,3.69,3.57,3.58,517100,3.58
2012-06-20,3.84,3.84,3.55,3.61,2654900,3.61
2012-06-19,4.22,4.47,4.22,4.44,1211300,4.44
2012-06-18,4.02,4.21,4.02,4.19,686700,4.19
2012-06-15,4.00,4.09,3.97,4.05,457800,4.05
2012-06-14,3.95,4.03,3.85,4.01,560400,4.01
2012-06-13,3.59,4.02,3.51,3.96,991600,3.96
2012-06-12,3.25,3.60,3.18,3.60,433200,3.60
2012-06-11,3.51,3.51,3.21,3.22,319100,3.22
2012-06-08,3.40,3.42,3.31,3.39,177900,3.39
2012-06-07,3.52,3.72,3.36,3.41,437700,3.41
2012-06-06,3.21,3.57,3.21,3.455,425700,3.455
2012-06-05,3.00,3.18,2.99,3.16,288500,3.16
2012-06-04,3.16,3.309,2.98,3.02,682100,3.02
2012-06-01,3.38,3.44,3.13,3.16,717400,3.16
2012-05-31,3.63,3.63,3.34,3.48,464200,3.48
2012-05-30,3.66,3.68,3.55,3.61,211400,3.61
2012-05-29,3.76,3.88,3.70,3.70,337100,3.70
2012-05-28,3.75,3.75,3.75,3.75,000,3.75
2012-05-25,3.61,3.80,3.54,3.75,189800,3.75
2012-05-24,3.63,3.71,3.55,3.60,240900,3.60
2012-05-23,3.62,3.71,3.50,3.63,477500,3.63
2012-05-22,3.93,3.9446,3.63,3.66,325200,3.66
2012-05-21,3.72,3.93,3.61,3.92,364100,3.92
2012-05-18,3.81,3.87,3.69,3.69,411100,3.69
2012-05-17,4.21,4.21,3.78,3.81,752800,3.81
2012-05-16,4.38,4.44,4.14,4.19,344700,4.19
2012-05-15,4.35,4.46,4.30,4.34,241200,4.34
2012-05-14,4.46,4.47,4.35,4.35,227700,4.35
2012-05-11,4.27,4.63,4.27,4.59,431600,4.59
2012-05-10,4.40,4.40,4.28,4.33,194500,4.33
2012-05-09,4.35,4.39,4.24,4.35,218500,4.35
2012-05-08,4.34,4.41,4.25,4.40,169300,4.40
2012-05-07,4.37,4.43,4.30,4.37,373100,4.37
2012-05-04,4.68,4.68,4.44,4.45,333200,4.45
2012-05-03,4.66,4.82,4.64,4.69,315800,4.69
2012-05-02,4.84,4.84,4.598,4.64,601700,4.64
2012-05-01,5.07,5.12,4.91,4.91,614900,4.91
2012-04-30,5.14,5.14,4.93,5.07,468500,5.07
2012-04-27,5.00,5.12,4.91,5.11,900700,5.11
2012-04-26,4.85,5.02,4.85,4.98,852000,4.98
2012-04-25,4.96,4.96,4.79,4.86,416400,4.86
2012-04-24,4.70,4.90,4.57,4.88,624000,4.88
2012-04-23,4.69,4.71,4.50,4.70,543100,4.70
2012-04-20,5.12,5.12,4.71,4.76,744400,4.76
2012-04-19,4.63,4.90,4.63,4.90,1246600,4.90
2012-04-18,4.48,4.51,4.40,4.43,245700,4.43
2012-04-17,4.39,4.60,4.34,4.51,491900,4.51
2012-04-16,4.40,4.44,4.31,4.33,384200,4.33
2012-04-13,4.44,4.44,4.31,4.35,206300,4.35
2012-04-12,4.47,4.55,4.41,4.45,377200,4.45
2012-04-11,4.29,4.51,4.29,4.47,294300,4.47
2012-04-10,4.51,4.56,4.21,4.24,508600,4.24
2012-04-09,4.36,4.54,4.32,4.50,539200,4.50
2012-04-06,4.52,4.52,4.52,4.52,000,4.52
2012-04-05,4.58,4.64,4.51,4.52,311600,4.52
2012-04-04,4.70,4.74,4.52,4.61,694000,4.61
2012-04-03,5.04,5.05,4.72,4.73,593500,4.73
2012-04-02,4.92,5.09,4.87,5.04,613400,5.04
2012-03-30,4.86,4.92,4.73,4.89,540000,4.89
2012-03-29,4.88,4.93,4.74,4.82,526300,4.82
2012-03-28,5.00,5.02,4.86,4.91,757400,4.91
2012-03-27,5.14,5.15,4.86,5.00,1027800,5.00
2012-03-26,5.25,5.30,5.00,5.13,1102500,5.13
2012-03-23,5.00,5.20,4.92,5.20,941000,5.20
2012-03-22,4.85,5.11,4.78,4.97,1362700,4.97
2012-03-21,5.33,5.44,4.87,4.87,6743400,4.87
2012-03-20,4.48,4.60,4.39,4.60,1543600,4.60
2012-03-19,4.52,4.63,4.38,4.52,429800,4.52
2012-03-16,4.59,4.61,4.50,4.51,251500,4.51
2012-03-15,4.57,4.60,4.48,4.60,439100,4.60
2012-03-14,4.35,4.57,4.31,4.56,429500,4.56
2012-03-13,4.30,4.34,4.23,4.34,141600,4.34
2012-03-12,4.27,4.31,4.24,4.28,102500,4.28
2012-03-09,4.23,4.30,4.16,4.27,213700,4.27
2012-03-08,4.22,4.28,4.12,4.23,366300,4.23
2012-03-07,4.22,4.28,4.11,4.18,399500,4.18
2012-03-06,3.99,4.25,3.9399,4.21,336900,4.21
2012-03-05,4.02,4.12,3.99,4.05,156500,4.05
2012-03-02,4.10,4.25,3.99,4.01,286500,4.01
2012-03-01,4.02,4.10,3.93,4.06,181400,4.06
2012-02-29,3.97,4.08,3.96,3.98,291600,3.98
2012-02-28,3.96,4.11,3.94,3.99,187500,3.99
2012-02-27,4.12,4.21,3.91,3.96,331400,3.96
2012-02-24,4.27,4.30,4.12,4.18,102100,4.18
2012-02-23,4.12,4.24,4.09,4.23,124000,4.23
2012-02-22,4.19,4.19,4.10,4.11,94300,4.11
2012-02-21,4.15,4.33,4.15,4.20,190400,4.20
2012-02-20,4.14,4.14,4.14,4.14,000,4.14
2012-02-17,4.20,4.25,4.11,4.14,265000,4.14
2012-02-16,4.07,4.22,4.06,4.15,693500,4.15
2012-02-15,4.37,4.3703,4.07,4.08,137000,4.08
2012-02-14,4.20,4.49,4.15,4.34,348200,4.34
2012-02-13,4.38,4.38,4.1806,4.20,155400,4.20
2012-02-10,4.45,4.45,4.25,4.34,212400,4.34
2012-02-09,4.58,4.59,4.42,4.50,113200,4.50
2012-02-08,4.51,4.66,4.49,4.57,215600,4.57
2012-02-07,4.54,4.54,4.39,4.46,551400,4.46
2012-02-06,4.55,4.61,4.441,4.56,180900,4.56
2012-02-03,4.53,4.67,4.49,4.56,320000,4.56
2012-02-02,4.51,4.56,4.40,4.46,338300,4.46
2012-02-01,4.28,4.59,4.25,4.51,564800,4.51
2012-01-31,4.29,4.29,4.18,4.25,101700,4.25
2012-01-30,4.28,4.32,4.21,4.28,160300,4.28
2012-01-27,4.24,4.33,4.19,4.32,118500,4.32
2012-01-26,4.40,4.40,4.16,4.26,295100,4.26
2012-01-25,4.36,4.39,4.28,4.38,330200,4.38
2012-01-24,4.32,4.43,4.32,4.36,301300,4.36
2012-01-23,4.40,4.40,4.34,4.36,208600,4.36
2012-01-20,4.41,4.44,4.29,4.37,266400,4.37
2012-01-19,4.40,4.54,4.37,4.43,527000,4.43
2012-01-18,4.19,4.35,4.19,4.27,460100,4.27
2012-01-17,4.30,4.44,4.18,4.18,416800,4.18
2012-01-16,4.26,4.26,4.26,4.26,000,4.26
2012-01-13,4.29,4.34,4.2045,4.26,261900,4.26
2012-01-12,4.42,4.45,4.18,4.36,635000,4.36
2012-01-11,4.29,4.44,4.22,4.40,711300,4.40
2012-01-10,4.20,4.32,4.16,4.29,911000,4.29
2012-01-09,4.05,4.18,4.02,4.14,468200,4.14
2012-01-06,3.85,4.17,3.85,4.06,2223100,4.06
2012-01-05,3.81,3.91,3.81,3.87,481400,3.87
2012-01-04,3.84,3.86,3.71,3.81,296100,3.81
2012-01-03,3.73,3.87,3.69,3.87,493800,3.87
2012-01-02,3.66,3.66,3.66,3.66,000,3.66
2011-12-30,3.70,3.70,3.61,3.66,317400,3.66
2011-12-29,3.70,3.73,3.65,3.71,421700,3.71
2011-12-28,3.72,3.75,3.68,3.70,248200,3.70
2011-12-27,3.72,3.75,3.64,3.74,276400,3.74
2011-12-26,3.73,3.73,3.73,3.73,000,3.73
2011-12-23,3.63,3.75,3.57,3.73,433900,3.73
2011-12-22,3.44,3.679,3.36,3.66,707200,3.66
2011-12-21,3.33,3.50,3.16,3.49,1680100,3.49
2011-12-20,3.17,3.23,2.94,3.00,727900,3.00
2011-12-19,3.21,3.25,3.03,3.10,535200,3.10
2011-12-16,3.26,3.28,3.10,3.19,414400,3.19
2011-12-15,3.32,3.349,3.12,3.24,551900,3.24
2011-12-14,3.16,3.27,3.02,3.26,471700,3.26
2011-12-13,3.30,3.41,3.145,3.19,480700,3.19
2011-12-12,3.21,3.29,3.14,3.26,426500,3.26
2011-12-09,3.03,3.28,2.88,3.27,645000,3.27
2011-12-08,3.14,3.21,3.02,3.03,227400,3.03
2011-12-07,3.22,3.29,3.08,3.18,423000,3.18
2011-12-06,3.09,3.27,2.991,3.26,537900,3.26
2011-12-05,3.07,3.18,3.00,3.12,567800,3.12
2011-12-02,2.95,3.08,2.833,3.00,666700,3.00
2011-12-01,2.75,3.09,2.7199,2.97,1420000,2.97
2011-11-30,2.52,2.60,2.48,2.60,330900,2.60
2011-11-29,2.36,2.46,2.33,2.40,94900,2.40
2011-11-28,2.33,2.38,2.29,2.32,149400,2.32
2011-11-25,2.22,2.32,2.21,2.22,98700,2.22
2011-11-24,2.22,2.22,2.22,2.22,000,2.22
2011-11-23,2.30,2.34,2.22,2.22,155300,2.22
2011-11-22,2.37,2.46,2.29,2.29,130000,2.29
2011-11-21,2.54,2.54,2.36,2.37,265800,2.37
2011-11-18,2.65,2.65,2.54,2.61,334200,2.61
2011-11-17,2.48,2.67,2.48,2.65,345200,2.65
2011-11-16,2.39,2.71,2.35,2.50,401500,2.50
2011-11-15,2.24,2.47,2.21,2.43,364500,2.43
2011-11-14,2.20,2.61,2.20,2.26,1200100,2.26
2011-11-11,2.29,2.32,2.10,2.14,481100,2.14
2011-11-10,2.38,2.38,2.17,2.24,361300,2.24
2011-11-09,2.33,2.41,2.23,2.32,500200,2.32
2011-11-08,2.44,2.50,2.37,2.42,276000,2.42
2011-11-07,2.41,2.43,2.35,2.40,93700,2.40
2011-11-04,2.52,2.58,2.41,2.43,208100,2.43
2011-11-03,2.62,2.62,2.49,2.56,294300,2.56
2011-11-02,2.48,2.63,2.44,2.57,360300,2.57
2011-11-01,2.32,2.45,2.30,2.42,1242300,2.42
2011-10-31,2.54,2.60,2.46,2.47,277800,2.47
2011-10-28,2.65,2.74,2.56,2.62,351700,2.62
2011-10-27,2.36,2.74,2.36,2.70,1120700,2.70
2011-10-26,2.25,2.34,2.19,2.34,371200,2.34
2011-10-25,2.19,2.211,2.15,2.21,297500,2.21
2011-10-24,2.16,2.22,2.09,2.22,670200,2.22
2011-10-21,2.15,2.15,2.04,2.14,460300,2.14
2011-10-20,2.17,2.18,2.00,2.09,295800,2.09
2011-10-19,2.11,2.39,2.04,2.15,760300,2.15
2011-10-18,2.03,2.12,1.93,2.11,412100,2.11
2011-10-17,2.22,2.22,2.02,2.04,312400,2.04
2011-10-14,2.21,2.25,2.11,2.25,357300,2.25
2011-10-13,2.05,2.20,2.03,2.17,324400,2.17
2011-10-12,2.03,2.14,1.99,2.05,777100,2.05
2011-10-11,2.00,2.04,1.95,2.01,654800,2.01
2011-10-10,1.87,2.00,1.87,2.00,410200,2.00
2011-10-07,1.83,1.88,1.77,1.82,291200,1.82
2011-10-06,1.92,1.93,1.77,1.83,290900,1.83
2011-10-05,1.88,2.00,1.84,1.94,212800,1.94
2011-10-04,1.74,1.88,1.73,1.86,526000,1.86
2011-10-03,1.85,1.88,1.74,1.74,269600,1.74
2011-09-30,1.83,1.95,1.83,1.88,171900,1.88
2011-09-29,1.84,2.00,1.81,1.87,260600,1.87
2011-09-28,1.98,2.00,1.77,1.77,245700,1.77
2011-09-27,1.85,2.06,1.85,1.95,371300,1.95
2011-09-26,1.87,1.87,1.74,1.79,221000,1.79
2011-09-23,1.74,1.82,1.74,1.81,277100,1.81
2011-09-22,1.73,1.88,1.70,1.75,498800,1.75
2011-09-21,1.95,1.95,1.81,1.815,368700,1.815
2011-09-20,2.07,2.11,1.92,1.93,356000,1.93
2011-09-19,2.05,2.11,2.05,2.07,199700,2.07
2011-09-16,2.09,2.11,2.06,2.10,285000,2.10
2011-09-15,2.13,2.13,2.04,2.09,182100,2.09
2011-09-14,2.12,2.13,2.07,2.10,268500,2.10
2011-09-13,2.10,2.13,2.05,2.09,170800,2.09
2011-09-12,2.00,2.10,2.00,2.09,173400,2.09
2011-09-09,2.16,2.16,2.02,2.04,497900,2.04
2011-09-08,2.24,2.2899,2.15,2.19,250200,2.19
2011-09-07,2.04,2.27,2.04,2.27,540100,2.27
2011-09-06,1.86,2.00,1.86,1.98,390100,1.98
2011-09-02,2.05,2.0785,1.94,2.00,991000,2.00
2011-09-01,2.14,2.22,2.08,2.09,536200,2.09
2011-08-31,2.23,2.26,2.15,2.15,463900,2.15
2011-08-30,2.27,2.28,2.15,2.21,644300,2.21
2011-08-29,2.28,2.30,2.20,2.30,632200,2.30
2011-08-26,2.16,2.22,2.12,2.16,617900,2.16
2011-08-25,2.42,2.42,2.17,2.17,285200,2.17
2011-08-24,2.32,2.40,2.26,2.36,121000,2.36
2011-08-23,2.21,2.34,2.20,2.33,280100,2.33
2011-08-22,2.24,2.29,2.15,2.17,145900,2.17
2011-08-19,2.15,2.30,2.11,2.16,271100,2.16
2011-08-18,2.22,2.31,2.16,2.17,270400,2.17
2011-08-17,2.31,2.40,2.28,2.32,155500,2.32
2011-08-16,2.37,2.451,2.28,2.30,238700,2.30
2011-08-15,2.41,2.54,2.39,2.40,305400,2.40
2011-08-12,2.42,2.57,2.33,2.37,462000,2.37
2011-08-11,2.20,2.44,2.20,2.37,402700,2.37
2011-08-10,2.28,2.35,2.16,2.18,582100,2.18
2011-08-09,2.28,2.51,2.18,2.37,989700,2.37
2011-08-08,2.44,2.57,2.11,2.15,506500,2.15
2011-08-05,2.72,2.746,2.38,2.56,433100,2.56
2011-08-04,2.79,2.79,2.65,2.66,312500,2.66
2011-08-03,2.89,2.9292,2.73,2.85,199800,2.85
2011-08-02,2.74,2.90,2.74,2.85,358800,2.85
2011-08-01,2.87,2.94,2.73,2.75,441400,2.75
2011-07-29,2.71,2.875,2.70,2.83,226500,2.83
2011-07-28,2.72,2.82,2.7106,2.77,244900,2.77
2011-07-27,2.90,2.92,2.75,2.75,451800,2.75
2011-07-26,3.00,3.02,2.901,2.91,232400,2.91
2011-07-25,2.97,3.03,2.9215,2.99,317500,2.99
2011-07-22,3.07,3.09,3.00,3.01,232100,3.01
2011-07-21,2.97,3.09,2.95,3.07,284900,3.07
2011-07-20,3.02,3.02,2.92,2.98,192100,2.98
2011-07-19,2.96,3.06,2.87,2.99,271900,2.99
2011-07-18,2.97,3.02,2.84,2.90,464500,2.90
2011-07-15,2.85,3.04,2.80,3.00,563300,3.00
2011-07-14,2.89,2.90,2.80,2.82,330200,2.82
2011-07-13,2.86,2.93,2.82,2.87,600900,2.87
2011-07-12,2.91,2.94,2.79,2.82,631200,2.82
2011-07-11,3.09,3.14,2.95,2.99,501900,2.99
2011-07-08,3.07,3.17,3.00,3.14,555300,3.14
2011-07-07,2.86,3.20,2.84,3.15,1292000,3.15
2011-07-06,2.86,2.87,2.77,2.82,248500,2.82
2011-07-05,2.88,2.92,2.81,2.87,346300,2.87
2011-07-01,2.75,2.88,2.74,2.88,392200,2.88
2011-06-30,2.85,2.89,2.74,2.74,530200,2.74
2011-06-29,2.92,2.936,2.80,2.83,536800,2.83
2011-06-28,2.88,3.01,2.88,2.90,689900,2.90
2011-06-27,2.83,2.89,2.76,2.88,744700,2.88
2011-06-24,2.98,3.01,2.77,2.81,2460200,2.81
2011-06-23,2.85,2.99,2.73,2.93,2151800,2.93
2011-06-22,3.15,3.15,2.77,2.78,5098300,2.78
2011-06-21,3.52,3.75,3.47,3.68,583200,3.68
2011-06-20,3.67,3.67,3.37,3.48,933600,3.48
2011-06-17,4.06,4.10,3.67,3.71,625700,3.71
2011-06-16,4.03,4.11,3.94,4.01,584400,4.01
2011-06-15,3.83,4.04,3.82,4.01,563500,4.01
2011-06-14,3.77,3.95,3.77,3.90,266500,3.90
2011-06-13,3.76,3.82,3.71,3.73,222200,3.73
2011-06-10,3.81,3.83,3.72,3.75,307900,3.75
2011-06-09,3.77,3.88,3.75,3.85,411700,3.85
2011-06-08,3.88,3.92,3.75,3.76,353900,3.76
2011-06-07,3.97,4.10,3.89,3.91,579000,3.91
2011-06-06,4.08,4.12,3.90,3.91,412200,3.91
2011-06-03,4.20,4.20,4.02,4.07,742100,4.07
2011-06-02,4.37,4.49,4.25,4.32,904900,4.32
2011-06-01,4.13,4.52,4.01,4.04,1407900,4.04
2011-05-31,4.76,4.76,4.41,4.41,539700,4.41
2011-05-27,4.55,4.73,4.55,4.71,334900,4.71
2011-05-26,4.46,4.53,4.41,4.52,231600,4.52
2011-05-25,4.44,4.53,4.42,4.50,367000,4.50
2011-05-24,4.54,4.60,4.45,4.47,395300,4.47
2011-05-23,4.53,4.59,4.45,4.55,340800,4.55
2011-05-20,4.72,4.78,4.60,4.63,298800,4.63
2011-05-19,4.93,4.95,4.71,4.76,397800,4.76
2011-05-18,4.82,4.98,4.81,4.90,345000,4.90
2011-05-17,5.21,5.21,4.81,4.83,1110900,4.83
2011-05-16,5.24,5.38,5.21,5.23,849300,5.23
2011-05-13,5.20,5.38,5.14,5.28,754400,5.28
2011-05-12,5.23,5.41,5.11,5.23,1110000,5.23
2011-05-11,5.06,5.26,4.90,5.25,978800,5.25
2011-05-10,4.81,5.08,4.81,5.07,1520800,5.07
2011-05-09,4.47,4.84,4.47,4.79,500900,4.79
2011-05-06,4.73,4.73,4.42,4.47,399100,4.47
2011-05-05,4.30,4.735,4.18,4.65,402000,4.65
2011-05-04,4.53,4.53,4.30,4.38,307400,4.38
2011-05-03,4.50,4.61,4.475,4.50,295600,4.50
2011-05-02,4.60,4.63,4.48,4.51,464300,4.51
2011-04-29,4.57,4.63,4.47,4.60,393100,4.60
2011-04-28,4.62,4.68,4.52,4.59,614000,4.59
2011-04-27,4.42,4.67,4.35,4.65,812100,4.65
2011-04-26,4.31,4.45,4.25,4.41,387400,4.41
2011-04-25,4.42,4.45,4.28,4.29,445500,4.29
2011-04-21,4.31,4.43,4.25,4.41,385900,4.41
2011-04-20,4.27,4.35,4.16,4.24,260700,4.24
2011-04-19,3.99,4.28,3.96,4.15,742900,4.15
2011-04-18,3.87,3.88,3.75,3.86,376400,3.86
2011-04-15,3.95,4.03,3.85,3.95,384000,3.95
2011-04-14,4.03,4.04,3.76,3.95,823400,3.95
2011-04-13,4.14,4.15,4.045,4.10,353900,4.10
2011-04-12,4.10,4.16,4.04,4.13,320200,4.13
2011-04-11,4.40,4.42,4.06,4.19,651500,4.19
2011-04-08,4.55,4.55,4.31,4.41,416800,4.41
2011-04-07,4.49,4.54,4.40,4.53,583900,4.53
2011-04-06,4.41,4.53,4.40,4.50,446400,4.50
2011-04-05,4.45,4.45,4.30,4.36,212600,4.36
2011-04-04,4.52,4.57,4.35,4.42,588300,4.42
2011-04-01,4.38,4.48,4.30,4.47,391200,4.47
2011-03-31,4.44,4.48,4.17,4.38,694600,4.38
2011-03-30,4.38,4.49,4.36,4.45,378200,4.45
2011-03-29,4.38,4.38,4.25,4.34,368300,4.34
2011-03-28,4.33,4.4192,4.28,4.38,517000,4.38
2011-03-25,4.32,4.40,4.10,4.32,637400,4.32
2011-03-24,4.26,4.34,4.08,4.30,1161200,4.30
2011-03-23,4.03,4.26,3.91,4.24,2564700,4.24
2011-03-22,3.57,3.63,3.50,3.59,269200,3.59
2011-03-21,3.50,3.63,3.49,3.57,411800,3.57
2011-03-18,3.32,3.49,3.25,3.44,450400,3.44
2011-03-17,3.39,3.47,3.22,3.27,491200,3.27
2011-03-16,3.53,3.65,3.30,3.32,1109400,3.32
2011-03-15,3.32,3.58,3.20,3.52,364600,3.52
2011-03-14,3.56,3.71,3.52,3.56,159600,3.56
2011-03-11,3.64,3.71,3.51,3.61,364700,3.61
2011-03-10,3.70,3.81,3.61,3.66,495000,3.66
2011-03-09,3.70,3.86,3.66,3.76,371000,3.76
2011-03-08,3.75,3.85,3.64,3.68,274800,3.68
2011-03-07,3.89,3.94,3.7393,3.76,464200,3.76
2011-03-04,3.75,3.99,3.75,3.88,619200,3.88
2011-03-03,3.69,3.86,3.68,3.84,771900,3.84
2011-03-02,3.62,3.75,3.61,3.64,635400,3.64
2011-03-01,3.87,3.87,3.58,3.63,606800,3.63
2011-02-28,3.99,3.99,3.85,3.87,528100,3.87
2011-02-25,3.81,4.04,3.79,3.97,772300,3.97
2011-02-24,3.71,3.85,3.60,3.81,667800,3.81
2011-02-23,3.96,4.01,3.62,3.73,958700,3.73
2011-02-22,4.09,4.18,3.94,3.95,608100,3.95
2011-02-18,4.22,4.46,4.20,4.25,838100,4.25
2011-02-17,4.15,4.21,4.10,4.20,216600,4.20
2011-02-16,4.05,4.21,4.03,4.20,332200,4.20
2011-02-15,4.08,4.12,4.00,4.02,452700,4.02
2011-02-14,4.14,4.20,4.08,4.08,191200,4.08
2011-02-11,3.99,4.19,3.9301,4.12,395600,4.12
2011-02-10,3.97,4.04,3.91,3.99,249100,3.99
2011-02-09,4.03,4.05,3.95,4.00,282100,4.00
2011-02-08,4.05,4.07,3.99,4.03,377400,4.03
2011-02-07,4.05,4.14,3.97,4.08,1081900,4.08
2011-02-04,4.32,4.355,4.10,4.15,518700,4.15
2011-02-03,4.48,4.498,4.29,4.34,454500,4.34
2011-02-02,4.35,4.51,4.29,4.48,600000,4.48
2011-02-01,4.23,4.55,4.23,4.36,825600,4.36
2011-01-31,4.29,4.35,4.16,4.18,392500,4.18
2011-01-28,4.43,4.45,4.13,4.26,627800,4.26
2011-01-27,4.20,4.53,4.08,4.47,1132100,4.47
2011-01-26,3.90,4.21,3.83,4.19,888900,4.19
2011-01-25,3.93,3.97,3.85,3.90,412100,3.90
2011-01-24,3.95,3.96,3.90,3.96,363700,3.96
2011-01-21,4.10,4.139,3.92,3.92,430700,3.92
2011-01-20,3.99,4.12,3.88,4.07,651500,4.07
2011-01-19,4.23,4.25,3.99,4.06,560300,4.06
2011-01-18,4.26,4.31,4.25,4.25,365500,4.25
2011-01-14,4.12,4.27,4.10,4.27,886100,4.27
2011-01-13,4.23,4.30,4.11,4.14,555100,4.14
2011-01-12,4.06,4.20,4.05,4.195,434500,4.195
2011-01-11,4.01,4.12,3.93,4.05,531600,4.05
2011-01-10,3.98,4.07,3.79,4.01,647700,4.01
2011-01-07,4.10,4.23,4.02,4.04,505700,4.04
2011-01-06,4.18,4.19,4.0401,4.16,465500,4.16
2011-01-05,4.05,4.27,3.98,4.19,1025500,4.19
2011-01-04,4.44,4.44,4.15,4.17,1101000,4.17
2011-01-03,4.45,4.61,4.37,4.41,1056800,4.41
2010-12-31,4.48,4.52,4.41,4.42,146600,4.42
2010-12-30,4.48,4.53,4.38,4.47,347300,4.47
2010-12-29,4.60,4.66,4.46,4.47,327900,4.47
2010-12-28,4.66,4.70,4.50,4.57,436300,4.57
2010-12-27,4.78,4.78,4.56,4.67,371300,4.67
2010-12-23,4.69,4.82,4.42,4.815,944200,4.815
2010-12-22,4.22,4.67,4.22,4.65,1434700,4.65
2010-12-21,4.32,4.44,4.13,4.24,719500,4.24
2010-12-20,4.47,4.49,4.27,4.35,239400,4.35
2010-12-17,4.48,4.51,4.36,4.47,480900,4.47
2010-12-16,4.30,4.50,4.20,4.49,370700,4.49
2010-12-15,4.62,4.62,4.20,4.30,714900,4.30
2010-12-14,4.22,4.69,4.15,4.63,1444400,4.63
2010-12-13,4.20,4.30,4.15,4.19,305500,4.19
2010-12-10,4.17,4.21,4.0702,4.19,445100,4.19
2010-12-09,4.25,4.25,4.10,4.16,409500,4.16
2010-12-08,4.23,4.24,4.15,4.23,376500,4.23
2010-12-07,4.21,4.29,4.15,4.20,715300,4.20
2010-12-06,4.03,4.15,3.95,4.13,694700,4.13
2010-12-03,4.00,4.16,3.81,4.06,1379900,4.06
2010-12-02,3.88,4.12,3.88,4.04,1587600,4.04
2010-12-01,3.57,3.89,3.53,3.86,1428600,3.86
2010-11-30,3.41,3.5699,3.36,3.53,1184300,3.53
2010-11-29,3.36,3.47,3.25,3.47,461800,3.47
2010-11-26,3.26,3.37,3.26,3.37,221600,3.37
2010-11-24,3.26,3.38,3.20,3.29,660200,3.29
2010-11-23,3.29,3.30,3.13,3.20,488900,3.20
2010-11-22,3.17,3.35,3.1119,3.34,943400,3.34
2010-11-19,2.99,3.23,2.91,3.19,1491800,3.19
2010-11-18,2.84,2.96,2.84,2.95,403400,2.95
2010-11-17,2.81,2.87,2.76,2.79,354700,2.79
2010-11-16,2.85,2.85,2.775,2.80,383300,2.80
2010-11-15,2.89,2.95,2.85,2.88,410700,2.88
2010-11-12,2.98,2.9999,2.87,2.90,392200,2.90
2010-11-11,2.98,3.03,2.92,3.01,367100,3.01
2010-11-10,3.06,3.09,2.95,3.07,381000,3.07
2010-11-09,3.01,3.09,2.95,3.03,432100,3.03
2010-11-08,3.14,3.15,2.96,3.0075,553800,3.0075
2010-11-05,2.99,3.169,2.95,3.13,686900,3.13
2010-11-04,2.93,3.00,2.87,3.00,870400,3.00
2010-11-03,2.77,2.905,2.76,2.87,769600,2.87
2010-11-02,2.66,2.77,2.61,2.77,738500,2.77
2010-11-01,2.69,2.7102,2.64,2.64,682300,2.64
2010-10-29,2.64,2.70,2.629,2.69,454700,2.69
2010-10-28,2.68,2.71,2.62,2.64,638300,2.64
2010-10-27,2.62,2.71,2.61,2.67,1211100,2.67
2010-10-26,2.64,2.70,2.60,2.64,776100,2.64
2010-10-25,2.71,2.7395,2.59,2.64,901200,2.64
2010-10-22,2.70,2.79,2.65,2.70,877200,2.70
2010-10-21,2.59,2.71,2.57,2.69,1101800,2.69
2010-10-20,2.59,2.70,2.22,2.55,3244300,2.55
2010-10-19,3.02,3.15,2.99,3.08,1259400,3.08
2010-10-18,3.20,3.25,3.01,3.03,1299700,3.03
2010-10-15,3.04,3.22,2.94,3.20,824600,3.20
2010-10-14,3.00,3.04,2.95,2.97,345300,2.97
2010-10-13,2.92,3.03,2.90,3.02,679000,3.02
2010-10-12,2.84,2.92,2.76,2.92,644600,2.92
2010-10-11,2.72,2.92,2.69,2.89,693800,2.89
2010-10-08,2.93,2.93,2.66,2.68,1552200,2.68
2010-10-07,2.99,3.0499,2.85,2.92,636600,2.92
2010-10-06,2.88,3.09,2.8601,2.96,2099600,2.96
2010-10-05,2.66,2.89,2.66,2.86,1935500,2.86
2010-10-04,2.73,2.74,2.61,2.64,805000,2.64
2010-10-01,2.74,2.78,2.68,2.76,479100,2.76
2010-09-30,2.85,2.85,2.66,2.66,666500,2.66
2010-09-29,2.79,2.89,2.76,2.78,517900,2.78
2010-09-28,2.81,2.83,2.70,2.79,678500,2.79
2010-09-27,2.72,2.84,2.691,2.78,1091900,2.78
2010-09-24,2.68,2.71,2.56,2.64,825700,2.64
2010-09-23,2.65,2.69,2.61,2.65,608900,2.65
2010-09-22,2.79,2.80,2.65,2.70,527600,2.70
2010-09-21,2.80,2.83,2.68,2.79,469400,2.79
2010-09-20,2.61,2.79,2.61,2.78,884400,2.78
2010-09-17,2.70,2.70,2.51,2.55,675100,2.55
2010-09-16,2.53,2.64,2.52,2.54,535600,2.54
2010-09-15,2.73,2.93,2.45,2.51,1519900,2.51
2010-09-14,2.93,2.93,2.75,2.75,573900,2.75
2010-09-13,2.81,2.95,2.79,2.90,453900,2.90
2010-09-10,2.69,2.75,2.65,2.75,274800,2.75
2010-09-09,2.75,2.79,2.66,2.66,344300,2.66
2010-09-08,2.81,2.89,2.66,2.68,688300,2.68
2010-09-07,2.99,3.06,2.78,2.79,589700,2.79
2010-09-03,2.90,3.00,2.83,2.98,689300,2.98
2010-09-02,2.82,2.90,2.78,2.79,369800,2.79
2010-09-01,2.79,2.85,2.75,2.85,497300,2.85
2010-08-31,2.77,2.83,2.65,2.69,426400,2.69
2010-08-30,2.80,2.948,2.78,2.79,514500,2.79
2010-08-27,2.85,2.91,2.65,2.80,1024200,2.80
2010-08-26,2.90,3.00,2.76,2.77,783600,2.77
2010-08-25,3.00,3.06,2.80,2.88,1480700,2.88
2010-08-24,3.26,3.26,2.90,3.01,1018700,3.01
2010-08-23,3.44,3.49,3.27,3.27,340300,3.27
2010-08-20,3.33,3.46,3.26,3.41,261000,3.41
2010-08-19,3.59,3.68,3.32,3.35,513800,3.35
2010-08-18,3.56,3.68,3.41,3.6075,405900,3.6075
2010-08-17,3.40,3.60,3.39,3.53,447100,3.53
2010-08-16,3.27,3.34,3.25,3.32,334400,3.32
2010-08-13,3.36,3.44,3.25,3.31,505700,3.31
2010-08-12,3.56,3.57,3.35,3.36,867100,3.36
2010-08-11,3.88,3.88,3.60,3.61,694200,3.61
2010-08-10,4.01,4.01,3.88,3.94,407600,3.94
2010-08-09,3.94,4.12,3.92,4.07,488000,4.07
2010-08-06,3.86,3.90,3.77,3.88,300500,3.88
2010-08-05,3.88,4.05,3.86,3.90,375700,3.90
2010-08-04,4.02,4.04,3.86,3.89,740100,3.89
2010-08-03,4.00,4.05,3.85,3.91,603800,3.91
2010-08-02,3.99,4.04,3.88,3.97,1355000,3.97
2010-07-30,3.67,3.77,3.54,3.54,854100,3.54
2010-07-29,3.91,3.95,3.56,3.68,591300,3.68
2010-07-28,3.87,3.95,3.77,3.80,441200,3.80
2010-07-27,4.00,4.08,3.87,3.87,444700,3.87
2010-07-26,3.90,4.03,3.87,3.98,443400,3.98
2010-07-23,3.84,4.00,3.78,3.93,343400,3.93
2010-07-22,3.97,3.97,3.70,3.86,607600,3.86
2010-07-21,3.95,3.98,3.83,3.88,443100,3.88
2010-07-20,3.70,3.95,3.63,3.93,408200,3.93
2010-07-19,3.90,3.98,3.68,3.80,482800,3.80
2010-07-16,4.06,4.12,3.85,3.89,698500,3.89
2010-07-15,4.22,4.2301,3.97,4.12,521700,4.12
2010-07-14,4.21,4.4301,4.12,4.19,1092800,4.19
2010-07-13,3.97,4.19,3.97,4.18,1347500,4.18
2010-07-12,4.07,4.10,3.85,3.86,503600,3.86
2010-07-09,4.04,4.09,3.98,4.08,282600,4.08
2010-07-08,4.23,4.38,3.9601,4.04,615700,4.04
2010-07-07,3.83,4.15,3.75,4.14,848100,4.14
2010-07-06,3.87,4.10,3.73,3.77,833200,3.77
2010-07-02,4.06,4.16,3.73,3.74,825000,3.74
2010-07-01,4.15,4.18,3.86,4.06,1415800,4.06
2010-06-30,4.06,4.29,4.05,4.19,768700,4.19
2010-06-29,4.36,4.40,4.04,4.08,1032700,4.08
2010-06-28,4.38,4.62,4.32,4.54,1009200,4.54
2010-06-25,4.37,4.52,4.18,4.44,5908600,4.44
2010-06-24,4.59,4.71,4.41,4.58,1016400,4.58
2010-06-23,4.56,4.71,4.18,4.65,1638200,4.65
2010-06-22,4.80,4.9699,4.50,4.62,1092800,4.62
2010-06-21,5.15,5.17,4.73,4.81,2199200,4.81
2010-06-18,4.53,4.95,4.53,4.93,2494700,4.93
2010-06-17,4.20,4.50,4.05,4.50,1450500,4.50
2010-06-16,3.90,4.22,3.82,4.14,993100,4.14
2010-06-15,3.83,3.95,3.61,3.89,553700,3.89
2010-06-14,3.95,4.05,3.65,3.73,795600,3.73
2010-06-11,3.54,3.85,3.50,3.85,512500,3.85
2010-06-10,3.68,3.90,3.52,3.67,888000,3.67
2010-06-09,3.60,3.80,3.49,3.73,2549800,3.73
2010-06-08,3.40,3.45,3.16,3.23,884400,3.23
2010-06-07,3.95,3.96,3.31,3.37,1155300,3.37
2010-06-04,3.94,4.10,3.82,3.90,698000,3.90
2010-06-03,4.39,4.43,3.96,4.12,511500,4.12
2010-06-02,4.28,4.32,4.08,4.24,343100,4.24
2010-06-01,4.17,4.3585,4.15,4.23,1108900,4.23
2010-05-28,4.00,4.25,3.93,4.20,1322900,4.20
2010-05-27,3.47,4.04,3.30,4.04,3255000,4.04
2010-05-26,2.73,2.95,2.65,2.75,524300,2.75
2010-05-25,2.51,2.73,2.31,2.64,586200,2.64
2010-05-24,2.80,2.9501,2.72,2.73,364500,2.73
2010-05-21,2.57,2.97,2.57,2.80,348900,2.80
2010-05-20,2.75,2.84,2.50,2.70,715700,2.70
2010-05-19,2.90,2.98,2.75,2.91,542900,2.91
2010-05-18,3.25,3.27,2.90,2.92,595400,2.92
2010-05-17,3.35,3.43,3.11,3.23,359300,3.23
2010-05-14,3.49,3.52,3.27,3.36,198500,3.36
2010-05-13,3.54,3.62,3.44,3.52,278000,3.52
2010-05-12,3.35,3.59,3.35,3.48,296200,3.48
2010-05-11,3.49,3.55,3.30,3.35,294900,3.35
2010-05-10,3.45,3.65,3.30,3.53,460400,3.53
2010-05-07,3.45,3.56,3.0995,3.11,578400,3.11
2010-05-06,3.79,3.80,3.071,3.48,764600,3.48
2010-05-05,3.62,3.92,3.43,3.70,432800,3.70
2010-05-04,4.00,4.04,3.75,3.76,393500,3.76
2010-05-03,3.84,4.14,3.76,4.13,499600,4.13
2010-04-30,4.03,4.07,3.66,3.82,511400,3.82
2010-04-29,4.13,4.18,3.98,4.07,306700,4.07
2010-04-28,4.04,4.18,3.93,4.12,425700,4.12
2010-04-27,4.38,4.38,3.92,4.00,781200,4.00
2010-04-26,4.50,4.54,4.39,4.39,402600,4.39
2010-04-23,4.42,4.56,4.3905,4.448,388400,4.448
2010-04-22,4.40,4.48,4.24,4.37,451400,4.37
2010-04-21,4.25,4.45,4.24,4.37,657500,4.37
2010-04-20,4.12,4.23,4.08,4.21,277700,4.21
2010-04-19,4.12,4.23,4.00,4.10,348500,4.10
2010-04-16,4.15,4.15,3.89,4.14,394600,4.14
2010-04-15,4.14,4.22,4.10,4.17,254000,4.17
2010-04-14,4.06,4.19,4.04,4.15,587600,4.15
2010-04-13,4.00,4.05,3.95,4.005,332300,4.005
2010-04-12,3.94,4.141,3.8703,4.005,838900,4.005
2010-04-09,3.93,3.99,3.80,3.84,303000,3.84
2010-04-08,3.75,3.99,3.70,3.91,345700,3.91
2010-04-07,3.58,3.88,3.58,3.75,474200,3.75
2010-04-06,3.75,3.84,3.55,3.63,437600,3.63
2010-04-05,4.00,4.00,3.74,3.74,574000,3.74
2010-04-01,3.83,3.99,3.71,3.98,804300,3.98
2010-03-31,3.86,4.09,3.69,3.87,1795600,3.87
2010-03-30,3.75,3.82,3.65,3.69,560700,3.69
2010-03-29,3.72,3.75,3.67,3.72,277100,3.72
2010-03-26,3.66,3.86,3.65,3.67,519900,3.67
2010-03-25,3.59,3.7696,3.48,3.66,515400,3.66
2010-03-24,3.72,3.72,3.46,3.51,402200,3.51
2010-03-23,3.64,3.75,3.60,3.70,585600,3.70
2010-03-22,3.35,3.71,3.31,3.55,575200,3.55
2010-03-19,3.62,3.62,3.30,3.39,750000,3.39
2010-03-18,3.68,3.91,3.47,3.63,1529600,3.63
2010-03-17,3.33,3.79,3.25,3.65,3080800,3.65
2010-03-16,2.99,3.27,2.95,3.22,517900,3.22
2010-03-15,3.19,3.2018,2.95,2.99,418900,2.99
2010-03-12,3.25,3.34,3.13,3.18,471300,3.18
2010-03-11,3.05,3.25,3.04,3.21,854600,3.21
2010-03-10,2.96,3.05,2.93,3.04,400900,3.04
2010-03-09,2.91,3.05,2.86,2.96,384200,2.96
2010-03-08,2.83,2.96,2.818,2.90,291900,2.90
2010-03-05,2.82,2.90,2.78,2.82,340900,2.82
2010-03-04,2.74,2.84,2.70,2.78,218600,2.78
2010-03-03,2.82,2.89,2.70,2.74,358600,2.74
2010-03-02,2.90,2.96,2.80,2.83,420500,2.83
2010-03-01,2.82,2.92,2.76,2.90,301400,2.90
2010-02-26,2.88,2.989,2.82,2.82,205300,2.82
2010-02-25,2.80,2.92,2.60,2.92,353800,2.92
2010-02-24,2.92,3.03,2.85,2.87,307600,2.87
2010-02-23,3.18,3.20,2.71,2.91,972100,2.91
2010-02-22,3.22,3.2799,3.13,3.18,879700,3.18
2010-02-19,3.10,3.15,3.07,3.11,140800,3.11
2010-02-18,3.09,3.18,3.08,3.12,355800,3.12
2010-02-17,3.05,3.20,2.93,3.05,687200,3.05
2010-02-16,2.83,3.05,2.80,2.99,571600,2.99
2010-02-12,2.68,2.83,2.64,2.83,166300,2.83
2010-02-11,2.65,2.81,2.55,2.78,178400,2.78
2010-02-10,2.73,2.80,2.65,2.66,167400,2.66
2010-02-09,2.94,3.0192,2.75,2.77,214000,2.77
2010-02-08,2.90,2.99,2.71,2.89,225700,2.89
2010-02-05,2.72,2.87,2.65,2.85,226900,2.85
2010-02-04,2.95,2.96,2.66,2.72,405400,2.72
2010-02-03,3.05,3.18,2.91,2.99,469700,2.99
2010-02-02,2.57,3.29,2.56,3.10,1641200,3.10
2010-02-01,2.37,2.60,2.30,2.56,386600,2.56
2010-01-29,2.59,2.60,2.30,2.40,391800,2.40
2010-01-28,2.43,2.54,2.28,2.54,334600,2.54
2010-01-27,2.50,2.5201,2.24,2.43,794200,2.43
2010-01-26,2.61,2.75,2.50,2.54,466000,2.54
2010-01-25,2.70,2.75,2.47,2.52,815700,2.52
2010-01-22,2.84,2.98,2.64,2.75,679900,2.75
2010-01-21,3.09,3.10,2.85,2.89,588300,2.89
2010-01-20,3.11,3.15,2.91,3.11,414700,3.11
2010-01-19,3.40,3.47,3.10,3.18,789300,3.18
2010-01-15,3.25,3.40,3.14,3.31,744900,3.31
2010-01-14,3.02,3.24,3.00,3.17,751100,3.17
2010-01-13,3.00,3.11,2.62,3.04,1452500,3.04
2010-01-12,3.31,3.38,2.93,2.95,720600,2.95
2010-01-11,3.31,3.44,3.27,3.40,880600,3.40
2010-01-08,3.29,3.33,3.09,3.25,887000,3.25
2010-01-07,3.38,3.43,3.25,3.30,833700,3.30
2010-01-06,3.25,3.47,3.20,3.33,1204000,3.33
2010-01-05,3.13,3.23,3.10,3.19,612500,3.19
2010-01-04,3.01,3.20,3.00,3.09,1079000,3.09
2009-12-31,2.89,2.95,2.80,2.94,436800,2.94
2009-12-30,2.76,3.02,2.75,2.87,615800,2.87
2009-12-29,3.01,3.03,2.72,2.85,874500,2.85
2009-12-28,2.96,3.14,2.86,3.00,1986900,3.00
2009-12-24,2.52,2.95,2.50,2.80,1691400,2.80
2009-12-23,2.15,2.55,2.15,2.49,2104500,2.49
2009-12-22,2.03,2.07,1.95,2.00,625000,2.00
2009-12-21,1.98,2.00,1.7705,1.99,581500,1.99
2009-12-18,1.91,1.96,1.85,1.94,244400,1.94
2009-12-17,1.90,2.08,1.89,1.92,595900,1.92
2009-12-16,1.80,1.94,1.7499,1.93,798200,1.93
2009-12-15,1.72,1.79,1.61,1.72,503400,1.72
2009-12-14,1.84,1.85,1.70,1.71,150200,1.71
2009-12-11,1.70,1.80,1.68,1.80,292300,1.80
2009-12-10,1.87,1.88,1.56,1.65,446000,1.65
2009-12-09,1.48,1.85,1.45,1.82,1201500,1.82
2009-12-08,1.48,1.50,1.44,1.49,187300,1.49
2009-12-07,1.42,1.50,1.38,1.44,158500,1.44
2009-12-04,1.36,1.41,1.33,1.39,101700,1.39
2009-12-03,1.31,1.38,1.29,1.37,133500,1.37
2009-12-02,1.21,1.28,1.19,1.27,92800,1.27
2009-12-01,1.17,1.24,1.15,1.208,59200,1.208
2009-11-30,1.20,1.22,1.13,1.17,131800,1.17
2009-11-27,1.29,1.29,1.23,1.23,33200,1.23
2009-11-25,1.29,1.32,1.24,1.26,43100,1.26
2009-11-24,1.31,1.34,1.24,1.28,111000,1.28
2009-11-23,1.42,1.42,1.30,1.32,110100,1.32
2009-11-20,1.35,1.43,1.35,1.40,78900,1.40
2009-11-19,1.36,1.42,1.36,1.40,67800,1.40
2009-11-18,1.43,1.43,1.368,1.40,48900,1.40
2009-11-17,1.39,1.44,1.33,1.41,91400,1.41
2009-11-16,1.34,1.44,1.33,1.36,166300,1.36
2009-11-13,1.37,1.40,1.22,1.30,82600,1.30
2009-11-12,1.34,1.40,1.29,1.34,66600,1.34
2009-11-11,1.41,1.41,1.2148,1.31,140900,1.31
2009-11-10,1.29,1.42,1.28,1.33,92200,1.33
2009-11-09,1.30,1.40,1.27,1.30,139400,1.30
2009-11-06,1.27,1.3701,1.22,1.24,205900,1.24
2009-11-05,1.15,1.29,1.15,1.27,146100,1.27
2009-11-04,1.17,1.18,1.13,1.15,60300,1.15
2009-11-03,1.08,1.16,1.00,1.16,253100,1.16
2009-11-02,1.15,1.16,1.08,1.10,270100,1.10
2009-10-30,1.21,1.24,1.12,1.16,125200,1.16
2009-10-29,1.10,1.28,1.08,1.17,359900,1.17
2009-10-28,1.33,1.33,1.05,1.10,587100,1.10
2009-10-27,1.50,1.5492,1.32,1.35,219300,1.35
2009-10-26,1.60,1.65,1.48,1.51,185000,1.51
2009-10-23,1.58,1.60,1.476,1.60,244600,1.60
2009-10-22,1.48,1.55,1.31,1.55,294600,1.55
2009-10-21,1.59,1.632,1.47,1.52,90900,1.52
2009-10-20,1.57,1.59,1.41,1.59,331400,1.59
2009-10-19,1.56,1.66,1.47,1.58,436400,1.58
2009-10-16,1.71,1.71,1.58,1.60,194100,1.60
2009-10-15,1.69,1.71,1.58,1.71,255200,1.71
2009-10-14,1.71,1.76,1.58,1.74,541500,1.74
2009-10-13,1.84,2.03,1.55,1.69,962100,1.69
2009-10-12,1.72,2.40,1.70,1.84,1980500,1.84
2009-10-09,1.60,1.70,1.58,1.70,626800,1.70
2009-10-08,1.50,1.60,1.38,1.58,793400,1.58
2009-10-07,1.21,1.52,1.205,1.50,896600,1.50
2009-10-06,1.13,1.19,1.13,1.19,68700,1.19
2009-10-05,1.02,1.1399,1.02,1.119,89700,1.119
2009-10-02,1.04,1.06,0.90,1.04,186500,1.04
2009-10-01,1.16,1.1899,1.08,1.08,136400,1.08
2009-09-30,1.16,1.20,1.13,1.16,91000,1.16
2009-09-29,1.10,1.25,1.10,1.16,144100,1.16
2009-09-28,1.04,1.17,1.04,1.16,176100,1.16
2009-09-25,1.07,1.09,1.05,1.07,67700,1.07
2009-09-24,1.14,1.14,1.00,1.09,195000,1.09
2009-09-23,1.14,1.16,1.10,1.11,130700,1.11
2009-09-22,1.12,1.18,1.08,1.09,201100,1.09
2009-09-21,1.16,1.16,1.10,1.13,135600,1.13
2009-09-18,1.40,1.40,1.11,1.21,214200,1.21
2009-09-17,1.28,1.39,1.2701,1.36,385600,1.36
2009-09-16,1.18,1.33,1.18,1.27,430000,1.27
2009-09-15,1.10,1.18,1.01,1.17,236800,1.17
2009-09-14,1.20,1.30,1.08,1.09,296600,1.09
2009-09-11,1.41,1.41,1.20,1.20,297300,1.20
2009-09-10,1.25,1.35,1.22,1.31,351700,1.31
2009-09-09,1.11,1.29,1.10,1.2224,559800,1.2224
2009-09-08,1.02,1.15,0.97,1.09,722100,1.09
2009-09-04,0.86,1.03,0.86,0.97,318900,0.97
2009-09-03,0.88,0.905,0.83,0.87,29500,0.87
2009-09-02,0.87,0.89,0.86,0.88,25500,0.88
2009-09-01,0.8805,0.8868,0.851,0.886,72300,0.886
2009-08-31,0.88,0.88,0.83,0.87,38100,0.87
2009-08-28,0.83,0.89,0.83,0.87,134500,0.87
2009-08-27,0.85,0.88,0.77,0.85,68500,0.85
2009-08-26,0.89,0.94,0.8403,0.87,181300,0.87
2009-08-25,0.88,0.90,0.82,0.88,66300,0.88
2009-08-24,0.88,0.90,0.80,0.87,44900,0.87
2009-08-21,0.885,0.89,0.85,0.87,128100,0.87
2009-08-20,0.84,0.89,0.81,0.88,73400,0.88
2009-08-19,0.8275,0.84,0.791,0.81,13800,0.81
2009-08-18,0.78,0.85,0.76,0.85,47400,0.85
2009-08-17,0.72,0.83,0.72,0.78,108200,0.78
2009-08-14,0.75,0.8701,0.74,0.83,32700,0.83
2009-08-13,0.86,0.89,0.8116,0.88,55500,0.88
2009-08-12,0.88,0.90,0.85,0.875,43000,0.875
2009-08-11,0.8608,0.9199,0.83,0.905,51600,0.905
2009-08-10,0.90,0.91,0.7001,0.86,92200,0.86
2009-08-07,0.91,0.96,0.9001,0.9275,95800,0.9275
2009-08-06,0.94,0.94,0.842,0.928,111900,0.928
2009-08-05,0.90,0.94,0.90,0.908,58000,0.908
2009-08-04,0.85,0.94,0.85,0.91,151200,0.91
2009-08-03,0.87,0.90,0.80,0.8899,182300,0.8899
2009-07-31,0.88,0.88,0.76,0.8497,36100,0.8497
2009-07-30,0.79,0.88,0.7503,0.83,66300,0.83
2009-07-29,0.80,0.80,0.60,0.795,250000,0.795
2009-07-28,0.86,0.89,0.83,0.86,92600,0.86
2009-07-27,0.79,0.99,0.78,0.8599,199600,0.8599
2009-07-24,0.87,0.95,0.76,0.79,533800,0.79
2009-07-23,0.668,0.85,0.668,0.84,322000,0.84
2009-07-22,0.70,0.70,0.64,0.6502,124400,0.6502
2009-07-21,0.72,0.72,0.62,0.621,83600,0.621
2009-07-20,0.69,0.69,0.64,0.69,118600,0.69
2009-07-17,0.55,0.64,0.54,0.64,151400,0.64
2009-07-16,0.49,0.54,0.49,0.539,99200,0.539
2009-07-15,0.47,0.51,0.47,0.48,130800,0.48
2009-07-14,0.46,0.47,0.42,0.47,50400,0.47
2009-07-13,0.47,0.47,0.44,0.45,34200,0.45
2009-07-10,0.411,0.45,0.411,0.44,19200,0.44
2009-07-09,0.441,0.45,0.40,0.40,65000,0.40
2009-07-08,0.45,0.4699,0.441,0.4411,23100,0.4411
2009-07-07,0.4788,0.48,0.45,0.45,65000,0.45
2009-07-06,0.481,0.49,0.463,0.49,24800,0.49
2009-07-02,0.48,0.49,0.46,0.481,28400,0.481
2009-07-01,0.39,0.499,0.38,0.499,188400,0.499
2009-06-30,0.46,0.46,0.35,0.41,114600,0.41
2009-06-29,0.333,0.37,0.333,0.36,31400,0.36
2009-06-26,0.41,0.41,0.32,0.32,177300,0.32
2009-06-25,0.4199,0.43,0.4013,0.42,33000,0.42
2009-06-24,0.421,0.43,0.39,0.39,80100,0.39
2009-06-23,0.422,0.43,0.422,0.422,11200,0.422
2009-06-22,0.422,0.43,0.422,0.43,700,0.43
2009-06-19,0.4221,0.43,0.422,0.43,5500,0.43
2009-06-18,0.43,0.44,0.422,0.422,12500,0.422
2009-06-17,0.431,0.45,0.421,0.421,14500,0.421
2009-06-16,0.44,0.45,0.431,0.431,9800,0.431
2009-06-15,0.44,0.46,0.431,0.44,34300,0.44
2009-06-12,0.45,0.4555,0.43,0.44,20500,0.44
2009-06-11,0.45,0.47,0.45,0.47,15500,0.47
2009-06-10,0.45,0.4699,0.4412,0.46,63100,0.46
2009-06-09,0.50,0.50,0.445,0.45,21700,0.45
2009-06-08,0.451,0.46,0.44,0.46,39200,0.46
2009-06-05,0.43,0.45,0.43,0.45,25600,0.45
2009-06-04,0.4801,0.53,0.44,0.53,56100,0.53
2009-06-03,0.50,0.51,0.471,0.48,16700,0.48
2009-06-02,0.431,0.51,0.431,0.50,51400,0.50
2009-06-01,0.421,0.48,0.421,0.4325,16000,0.4325
2009-05-29,0.40,0.45,0.395,0.395,23500,0.395
2009-05-28,0.4001,0.41,0.40,0.40,29800,0.40
2009-05-27,0.42,0.42,0.38,0.39,29400,0.39
2009-05-26,0.41,0.4299,0.40,0.42,6200,0.42
2009-05-22,0.4199,0.44,0.4199,0.42,7300,0.42
2009-05-21,0.42,0.42,0.39,0.42,15800,0.42
2009-05-20,0.41,0.44,0.39,0.44,8900,0.44
2009-05-19,0.39,0.48,0.38,0.46,19600,0.46
2009-05-18,0.43,0.47,0.402,0.46,5100,0.46
2009-05-15,0.44,0.48,0.40,0.42,25700,0.42
2009-05-14,0.4502,0.49,0.4502,0.46,9600,0.46
2009-05-13,0.46,0.48,0.43,0.44,29000,0.44
2009-05-12,0.4899,0.4899,0.46,0.47,3200,0.47
2009-05-11,0.47,0.48,0.46,0.476,19200,0.476
2009-05-08,0.486,0.5001,0.48,0.48,39500,0.48
2009-05-07,0.48,0.52,0.47,0.50,8800,0.50
2009-05-06,0.43,0.51,0.42,0.51,66500,0.51
2009-05-05,0.4216,0.43,0.41,0.42,10100,0.42
2009-05-04,0.43,0.49,0.41,0.41,10400,0.41
2009-05-01,0.49,0.49,0.45,0.47,17300,0.47
2009-04-30,0.5001,0.5001,0.49,0.49,3600,0.49
2009-04-29,0.39,0.55,0.39,0.52,83000,0.52
2009-04-28,0.4188,0.4188,0.40,0.41,14400,0.41
2009-04-27,0.43,0.43,0.39,0.41,14800,0.41
2009-04-24,0.4135,0.45,0.39,0.39,2600,0.39
2009-04-23,0.41,0.43,0.39,0.41,17000,0.41
2009-04-22,0.50,0.50,0.43,0.44,23800,0.44
2009-04-21,0.42,0.44,0.40,0.4399,13300,0.4399
2009-04-20,0.40,0.4299,0.40,0.4101,23400,0.4101
2009-04-17,0.42,0.42,0.40,0.41,2800,0.41
2009-04-16,0.41,0.42,0.40,0.4199,17300,0.4199
2009-04-15,0.39,0.42,0.39,0.42,17000,0.42
2009-04-14,0.40,0.42,0.39,0.39,51900,0.39
2009-04-13,0.3897,0.40,0.3603,0.37,23400,0.37
2009-04-09,0.35,0.38,0.35,0.38,30500,0.38
2009-04-08,0.36,0.37,0.35,0.36,4700,0.36
2009-04-07,0.37,0.37,0.35,0.37,28300,0.37
2009-04-06,0.35,0.36,0.33,0.36,11100,0.36
2009-04-03,0.38,0.38,0.29,0.34,10600,0.34
2009-04-02,0.31,0.38,0.30,0.36,13700,0.36
2009-04-01,0.29,0.38,0.29,0.38,16300,0.38
2009-03-31,0.39,0.39,0.323,0.323,20800,0.323
2009-03-30,0.33,0.3701,0.32,0.37,12000,0.37
2009-03-27,0.34,0.3599,0.30,0.33,22400,0.33
2009-03-26,0.28,0.37,0.28,0.37,39600,0.37
2009-03-25,0.27,0.30,0.22,0.30,88800,0.30
2009-03-24,0.23,0.27,0.2299,0.26,25000,0.26
2009-03-23,0.25,0.25,0.21,0.23,58300,0.23
2009-03-20,0.29,0.29,0.24,0.24,3700,0.24
2009-03-19,0.30,0.30,0.24,0.29,37800,0.29
2009-03-18,0.29,0.30,0.26,0.2701,41600,0.2701
2009-03-17,0.27,0.30,0.25,0.29,101300,0.29
2009-03-16,0.25,0.28,0.23,0.23,7400,0.23
2009-03-13,0.24,0.25,0.22,0.23,14500,0.23
2009-03-12,0.2316,0.25,0.22,0.24,71500,0.24
2009-03-11,0.2599,0.2599,0.21,0.21,20000,0.21
2009-03-10,0.22,0.25,0.21,0.231,21600,0.231
2009-03-09,0.23,0.26,0.22,0.2242,6100,0.2242
2009-03-06,0.24,0.28,0.23,0.23,4600,0.23
2009-03-05,0.2472,0.27,0.23,0.24,3000,0.24
2009-03-04,0.24,0.31,0.24,0.25,1600,0.25
2009-03-03,0.225,0.29,0.225,0.235,000,0.235
2009-03-02,0.25,0.275,0.20,0.22,120800,0.22
2009-02-27,0.29,0.315,0.25,0.25,36700,0.25
2009-02-26,0.36,0.36,0.30,0.31,11400,0.31
2009-02-25,0.33,0.33,0.31,0.33,24700,0.33
2009-02-24,0.3297,0.40,0.31,0.31,22400,0.31
2009-02-23,0.32,0.3489,0.32,0.33,7500,0.33
2009-02-20,0.37,0.37,0.31,0.32,29600,0.32
2009-02-19,0.41,0.41,0.351,0.351,13700,0.351
2009-02-18,0.37,0.38,0.351,0.36,13300,0.36
2009-02-17,0.351,0.40,0.351,0.38,22200,0.38
2009-02-13,0.34,0.38,0.3351,0.3591,6000,0.3591
2009-02-12,0.40,0.41,0.34,0.38,43800,0.38
2009-02-11,0.39,0.41,0.39,0.39,6000,0.39
2009-02-10,0.40,0.40,0.39,0.39,32200,0.39
2009-02-09,0.41,0.41,0.39,0.40,7100,0.40
2009-02-06,0.44,0.46,0.3911,0.46,13500,0.46
2009-02-05,0.4465,0.46,0.44,0.44,33400,0.44
2009-02-04,0.40,0.44,0.40,0.44,66800,0.44
2009-02-03,0.40,0.40,0.385,0.385,10000,0.385
2009-02-02,0.40,0.40,0.385,0.40,3300,0.40
2009-01-30,0.39,0.4001,0.385,0.385,42700,0.385
2009-01-29,0.39,0.39,0.38,0.39,8200,0.39
2009-01-28,0.3823,0.399,0.36,0.365,36300,0.365
2009-01-27,0.382,0.399,0.38,0.38,10300,0.38
2009-01-26,0.3971,0.40,0.382,0.382,22200,0.382
2009-01-23,0.382,0.395,0.382,0.382,2700,0.382
2009-01-22,0.382,0.40,0.382,0.39,8300,0.39
2009-01-21,0.40,0.40,0.362,0.372,11200,0.372
2009-01-20,0.3999,0.40,0.362,0.39,6200,0.39
2009-01-16,0.3601,0.40,0.36,0.39,4200,0.39
2009-01-15,0.37,0.39,0.352,0.352,44400,0.352
2009-01-14,0.3599,0.38,0.352,0.36,55700,0.36
2009-01-13,0.416,0.426,0.33,0.37,144500,0.37
2009-01-12,0.49,0.49,0.416,0.44,19600,0.44
2009-01-09,0.50,0.50,0.45,0.46,34300,0.46
2009-01-08,0.45,0.49,0.40,0.49,108500,0.49
2009-01-07,0.347,0.40,0.33,0.40,298100,0.40
2009-01-06,0.315,0.33,0.31,0.32,142700,0.32
2009-01-05,0.31,0.315,0.306,0.315,10800,0.315
2009-01-02,0.30,0.31,0.30,0.3099,39300,0.3099
2008-12-31,0.281,0.31,0.281,0.31,143000,0.31
2008-12-30,0.29,0.31,0.2701,0.29,150700,0.29
2008-12-29,0.31,0.32,0.285,0.285,121200,0.285
2008-12-26,0.31,0.32,0.285,0.3117,91600,0.3117
2008-12-24,0.329,0.35,0.29,0.30,965700,0.30
2008-12-23,0.3669,0.39,0.32,0.35,81000,0.35
2008-12-22,0.39,0.39,0.36,0.375,82500,0.375
2008-12-19,0.39,0.39,0.37,0.37,21500,0.37
2008-12-18,0.38,0.40,0.37,0.37,64000,0.37
2008-12-17,0.37,0.40,0.37,0.40,23200,0.40
2008-12-16,0.36,0.39,0.35,0.37,82600,0.37
2008-12-15,0.41,0.4154,0.35,0.36,55000,0.36
2008-12-12,0.40,0.43,0.39,0.39,38000,0.39
2008-12-11,0.40,0.45,0.40,0.44,38400,0.44
2008-12-10,0.36,0.41,0.36,0.40,54000,0.40
2008-12-09,0.49,0.49,0.36,0.38,93800,0.38
2008-12-08,0.43,0.49,0.43,0.44,66100,0.44
2008-12-05,0.45,0.47,0.43,0.43,18400,0.43
2008-12-04,0.49,0.50,0.44,0.47,16700,0.47
2008-12-03,0.435,0.50,0.43,0.44,38800,0.44
2008-12-02,0.54,0.54,0.435,0.48,14400,0.48
2008-12-01,0.4715,0.53,0.4201,0.53,10600,0.53
2008-11-28,0.50,0.50,0.41,0.48,21800,0.48
2008-11-26,0.3999,0.50,0.395,0.46,34200,0.46
2008-11-25,0.3999,0.40,0.37,0.37,5500,0.37
2008-11-24,0.42,0.42,0.39,0.39,39500,0.39
2008-11-21,0.40,0.41,0.40,0.40,12800,0.40
2008-11-20,0.42,0.47,0.37,0.37,68500,0.37
2008-11-19,0.41,0.45,0.39,0.39,39700,0.39
2008-11-18,0.4101,0.46,0.37,0.37,33300,0.37
2008-11-17,0.45,0.45,0.41,0.41,71300,0.41
2008-11-14,0.47,0.51,0.39,0.45,85700,0.45
2008-11-13,0.49,0.55,0.47,0.55,24500,0.55
2008-11-12,0.47,0.54,0.37,0.54,64700,0.54
2008-11-11,0.48,0.50,0.45,0.45,19400,0.45
2008-11-10,0.45,0.50,0.44,0.47,112900,0.47
2008-11-07,0.40,0.51,0.40,0.41,51500,0.41
2008-11-06,0.49,0.50,0.46,0.50,94800,0.50
2008-11-05,0.50,0.52,0.48,0.49,80100,0.49
2008-11-04,0.50,0.52,0.495,0.50,123000,0.50
2008-11-03,0.49,0.50,0.48,0.50,112900,0.50
2008-10-31,0.4199,0.49,0.39,0.49,228700,0.49
2008-10-30,0.37,0.42,0.37,0.42,141400,0.42
2008-10-29,0.36,0.39,0.34,0.37,62100,0.37
2008-10-28,0.32,0.36,0.32,0.35,96500,0.35
2008-10-27,0.35,0.38,0.32,0.38,63200,0.38
2008-10-24,0.36,0.38,0.35,0.359,140900,0.359
2008-10-23,0.37,0.40,0.36,0.36,157500,0.36
2008-10-22,0.39,0.41,0.35,0.37,253800,0.37
2008-10-21,0.38,0.38,0.36,0.37,134900,0.37
2008-10-20,0.389,0.389,0.38,0.389,97300,0.389
2008-10-17,0.35,0.379,0.35,0.379,135000,0.379
2008-10-16,0.38,0.38,0.31,0.33,167000,0.33
2008-10-15,0.38,0.40,0.363,0.40,291400,0.40
2008-10-14,0.46,0.46,0.36,0.37,421300,0.37
2008-10-13,0.42,0.51,0.39,0.42,268900,0.42
2008-10-10,0.42,0.46,0.42,0.42,122900,0.42
2008-10-09,0.51,0.51,0.4599,0.46,43600,0.46
2008-10-08,0.50,0.55,0.50,0.50,17200,0.50
2008-10-07,0.52,0.60,0.52,0.52,89000,0.52
2008-10-06,0.66,0.66,0.42,0.58,178000,0.58
2008-10-03,0.66,0.68,0.63,0.68,41200,0.68
2008-10-02,0.65,0.71,0.61,0.66,225600,0.66
2008-10-01,0.69,0.75,0.63,0.75,95800,0.75
2008-09-30,0.74,0.74,0.70,0.73,174300,0.73
2008-09-29,0.75,0.80,0.65,0.80,206100,0.80
2008-09-26,0.75,0.79,0.74,0.77,73400,0.77
2008-09-25,0.76,0.79,0.74,0.78,98100,0.78
2008-09-24,0.72,0.83,0.72,0.80,17700,0.80
2008-09-23,0.90,0.97,0.70,0.84,305500,0.84
2008-09-22,1.06,1.06,0.90,0.90,19700,0.90
2008-09-19,0.94,1.10,0.94,1.10,29400,1.10
2008-09-18,1.01,1.01,0.94,1.01,101100,1.01
2008-09-17,1.08,1.08,1.01,1.01,23200,1.01
2008-09-16,1.05,1.09,1.05,1.09,14200,1.09
2008-09-15,1.06,1.08,1.04,1.05,14000,1.05
2008-09-12,1.09,1.16,1.07,1.09,6500,1.09
2008-09-11,1.09,1.091,1.06,1.091,46600,1.091
2008-09-10,1.10,1.13,1.08,1.09,23600,1.09
2008-09-09,1.16,1.16,1.10,1.10,58400,1.10
2008-09-08,1.16,1.20,1.14,1.17,34500,1.17
2008-09-05,1.13,1.17,1.13,1.16,36500,1.16
2008-09-04,1.19,1.20,1.15,1.1573,18900,1.1573
2008-09-03,1.20,1.20,1.17,1.18,93500,1.18
2008-09-02,1.17,1.21,1.15,1.18,33300,1.18
2008-08-29,1.19,1.20,1.14,1.14,21000,1.14
2008-08-28,1.19,1.19,1.14,1.15,9000,1.15
2008-08-27,1.16,1.20,1.15,1.15,9400,1.15
2008-08-26,1.19,1.20,1.15,1.20,29600,1.20
2008-08-25,1.18,1.19,1.16,1.19,24300,1.19
2008-08-22,1.17,1.17,1.13,1.15,32500,1.15
2008-08-21,1.18,1.18,1.12,1.15,28500,1.15
2008-08-20,1.18,1.23,1.16,1.17,21600,1.17
2008-08-19,1.20,1.23,1.15,1.17,58900,1.17
2008-08-18,1.2425,1.25,1.18,1.19,16600,1.19
2008-08-15,1.29,1.29,1.16,1.22,43500,1.22
2008-08-14,1.27,1.29,1.20,1.27,31700,1.27
2008-08-13,1.19,1.25,1.16,1.24,656900,1.24
2008-08-12,1.20,1.20,1.20,1.20,10200,1.20
2008-08-11,1.17,1.20,1.16,1.18,73900,1.18
2008-08-08,1.15,1.20,1.15,1.15,96400,1.15
2008-08-07,1.18,1.21,1.17,1.18,60500,1.18
2008-08-06,1.22,1.22,1.16,1.20,89500,1.20
2008-08-05,1.22,1.22,1.17,1.21,34900,1.21
2008-08-04,1.17,1.20,1.16,1.19,60700,1.19
2008-08-01,1.19,1.23,1.19,1.20,60200,1.20
2008-07-31,1.20,1.23,1.17,1.18,27600,1.18
2008-07-30,1.20,1.23,1.20,1.20,19000,1.20
2008-07-29,1.21,1.21,1.16,1.19,103000,1.19
2008-07-28,1.23,1.33,1.20,1.20,38500,1.20
2008-07-25,1.2708,1.35,1.20,1.25,15100,1.25
2008-07-24,1.32,1.32,1.25,1.30,8100,1.30
2008-07-23,1.31,1.43,1.25,1.28,7400,1.28
2008-07-22,1.33,1.35,1.30,1.34,14000,1.34
2008-07-21,1.37,1.39,1.37,1.38,6900,1.38
2008-07-18,1.27,1.46,1.25,1.39,132600,1.39
2008-07-17,1.22,1.35,1.20,1.34,48500,1.34
2008-07-16,1.19,1.24,1.15,1.22,55200,1.22
2008-07-15,1.2501,1.29,1.1721,1.18,29600,1.18
2008-07-14,1.33,1.33,1.23,1.25,10800,1.25
2008-07-11,1.23,1.30,1.18,1.18,13300,1.18
2008-07-10,1.30,1.30,1.18,1.23,15400,1.23
2008-07-09,1.28,1.36,1.22,1.32,5600,1.32
2008-07-08,1.29,1.35,1.15,1.30,79500,1.30
2008-07-07,1.33,1.46,1.29,1.29,35900,1.29
2008-07-03,1.40,1.42,1.29,1.29,25900,1.29
2008-07-02,1.38,1.54,1.38,1.40,34000,1.40
2008-07-01,1.28,1.50,1.28,1.37,40000,1.37
2008-06-30,1.26,1.50,1.25,1.34,42200,1.34
2008-06-27,1.25,1.29,1.25,1.29,71700,1.29
2008-06-26,1.20,1.27,1.20,1.25,25800,1.25
2008-06-25,1.31,1.31,1.19,1.21,90700,1.21
2008-06-24,1.41,1.43,1.365,1.365,82100,1.365
2008-06-23,1.44,1.44,1.39,1.41,58000,1.41
2008-06-20,1.40,1.48,1.40,1.44,66300,1.44
2008-06-19,1.36,1.43,1.32,1.42,156600,1.42
2008-06-18,1.37,1.38,1.31,1.35,99900,1.35
2008-06-17,1.30,1.31,1.20,1.30,219900,1.30
2008-06-16,1.26,1.31,1.26,1.31,43700,1.31
2008-06-13,1.23,1.27,1.12,1.25,289800,1.25
2008-06-12,1.35,1.36,1.08,1.24,393300,1.24
2008-06-11,1.30,1.47,1.28,1.37,64800,1.37
2008-06-10,1.38,1.38,1.27,1.28,78800,1.28
2008-06-09,1.36,1.38,1.35,1.38,52300,1.38
2008-06-06,1.40,1.40,1.36,1.40,19800,1.40
2008-06-05,1.40,1.41,1.34,1.41,110200,1.41
2008-06-04,1.44,1.44,1.38,1.40,134200,1.40
2008-06-03,1.44,1.46,1.40,1.40,46900,1.40
2008-06-02,1.74,1.74,1.44,1.44,49400,1.44
2008-05-30,1.46,1.75,1.44,1.75,000,1.75
2008-05-29,1.47,1.49,1.46,1.49,9300,1.49
2008-05-28,1.47,1.49,1.45,1.46,27700,1.46
2008-05-27,1.46,1.51,1.45,1.46,46000,1.46
2008-05-23,1.45,1.51,1.45,1.46,10500,1.46
2008-05-22,1.48,1.53,1.45,1.45,52100,1.45
2008-05-21,1.50,1.53,1.42,1.45,21300,1.45
2008-05-20,1.53,1.53,1.46,1.48,55300,1.48
2008-05-19,1.63,1.65,1.52,1.53,99400,1.53
2008-05-16,1.58,1.65,1.58,1.65,40200,1.65
2008-05-15,1.54,1.68,1.52,1.59,94500,1.59
2008-05-14,1.58,1.64,1.58,1.62,9800,1.62
2008-05-13,1.56,1.63,1.56,1.60,34900,1.60
2008-05-12,1.60,1.64,1.50,1.60,32600,1.60
2008-05-09,1.57,1.66,1.53,1.64,37700,1.64
2008-05-08,1.59,1.60,1.52,1.55,52500,1.55
2008-05-07,1.59,1.67,1.57,1.60,16500,1.60
2008-05-06,1.62,1.63,1.57,1.57,27400,1.57
2008-05-05,1.64,1.66,1.60,1.60,19700,1.60
2008-05-02,1.6101,1.67,1.563,1.67,17600,1.67
2008-05-01,1.60,1.63,1.5899,1.62,11800,1.62
2008-04-30,1.66,1.66,1.60,1.63,8200,1.63
2008-04-29,1.64,1.69,1.62,1.64,29400,1.64
2008-04-28,1.66,1.71,1.64,1.67,14900,1.67
2008-04-25,1.66,1.70,1.64,1.64,21300,1.64
2008-04-24,1.74,1.74,1.65,1.67,29500,1.67
2008-04-23,1.75,1.76,1.64,1.72,32500,1.72
2008-04-22,1.79,1.80,1.70,1.71,49000,1.71
2008-04-21,1.79,1.82,1.77,1.82,44100,1.82
2008-04-18,1.80,1.80,1.735,1.77,35600,1.77
2008-04-17,1.52,1.76,1.52,1.75,115400,1.75
2008-04-16,1.82,1.82,1.50,1.51,240200,1.51
2008-04-15,1.7601,1.81,1.674,1.80,77800,1.80
2008-04-14,1.74,1.80,1.73,1.80,54400,1.80
2008-04-11,1.74,1.78,1.70,1.76,25000,1.76
2008-04-10,1.68,1.80,1.67,1.75,65600,1.75
2008-04-09,1.68,1.70,1.62,1.70,20000,1.70
2008-04-08,1.70,1.73,1.63,1.63,30100,1.63
2008-04-07,1.63,1.77,1.62,1.77,56700,1.77
2008-04-04,1.50,1.65,1.49,1.65,52100,1.65
2008-04-03,1.50,1.58,1.40,1.53,75300,1.53
2008-04-02,1.42,1.57,1.42,1.50,102300,1.50
2008-04-01,1.35,1.45,1.30,1.45,122100,1.45
2008-03-31,1.30,1.33,1.27,1.33,126900,1.33
2008-03-28,1.35,1.36,1.28,1.32,184100,1.32
2008-03-27,1.48,1.48,1.34,1.37,144600,1.37
2008-03-26,1.40,1.52,1.25,1.46,295200,1.46
2008-03-25,1.58,1.60,1.50,1.54,52100,1.54
2008-03-24,1.60,1.60,1.52,1.52,81800,1.52
2008-03-20,1.54,1.59,1.54,1.55,5200,1.55
2008-03-19,1.47,1.55,1.41,1.50,48200,1.50
2008-03-18,1.53,1.62,1.53,1.56,17700,1.56
2008-03-17,1.40,1.59,1.40,1.56,28800,1.56
2008-03-14,1.58,1.58,1.40,1.43,46700,1.43
2008-03-13,1.58,1.61,1.48,1.61,114500,1.61
2008-03-12,1.50,1.61,1.35,1.57,3749400,1.57
2008-03-11,1.47,1.54,1.27,1.53,204800,1.53
2008-03-10,1.43,1.45,1.38,1.41,69900,1.41
2008-03-07,1.43,1.56,1.40,1.45,28200,1.45
2008-03-06,1.46,1.46,1.43,1.46,34500,1.46
2008-03-05,1.53,1.53,1.45,1.46,10600,1.46
2008-03-04,1.51,1.55,1.49,1.51,51700,1.51
2008-03-03,1.66,1.70,1.50,1.50,94800,1.50
2008-02-29,1.74,1.75,1.63,1.63,41900,1.63
2008-02-28,1.74,1.74,1.70,1.71,14300,1.71
2008-02-27,1.70,1.75,1.70,1.72,2000,1.72
2008-02-26,1.70,1.72,1.63,1.70,18100,1.70
2008-02-25,1.66,1.70,1.62,1.70,16700,1.70
2008-02-22,1.65,1.69,1.62,1.68,14000,1.68
2008-02-21,1.61,1.759,1.61,1.759,79800,1.759
2008-02-20,1.61,1.62,1.57,1.58,83200,1.58
2008-02-19,1.64,1.64,1.58,1.59,68400,1.59
2008-02-15,1.69,1.70,1.60,1.60,64700,1.60
2008-02-14,1.66,1.67,1.62,1.63,21500,1.63
2008-02-13,1.60,1.69,1.59,1.62,31100,1.62
2008-02-12,1.59,1.70,1.59,1.70,25400,1.70
2008-02-11,1.60,1.64,1.56,1.62,36900,1.62
2008-02-08,1.57,1.65,1.57,1.62,12500,1.62
2008-02-07,1.59,1.69,1.54,1.59,8500,1.59
2008-02-06,1.66,1.70,1.62,1.64,38200,1.64
2008-02-05,1.76,1.76,1.66,1.67,45900,1.67
2008-02-04,1.82,1.82,1.76,1.78,5400,1.78
2008-02-01,1.74,1.83,1.74,1.80,22000,1.80
2008-01-31,1.70,1.93,1.70,1.78,6700,1.78
2008-01-30,1.85,1.85,1.65,1.68,155100,1.68
2008-01-29,1.90,1.93,1.75,1.82,41200,1.82
2008-01-28,1.77,1.90,1.77,1.90,35600,1.90
2008-01-25,1.69,1.84,1.63,1.80,43700,1.80
2008-01-24,1.62,1.85,1.62,1.76,142300,1.76
2008-01-23,1.63,1.64,1.57,1.62,54000,1.62
2008-01-22,1.54,1.73,1.52,1.62,91100,1.62
2008-01-18,1.76,1.79,1.61,1.6799,50700,1.6799
2008-01-17,1.75,1.85,1.72,1.79,65900,1.79
2008-01-16,1.66,1.75,1.63,1.74,72400,1.74
2008-01-15,1.69,1.70,1.63,1.70,156000,1.70
2008-01-14,1.69,1.71,1.67,1.71,175800,1.71
2008-01-11,1.69,1.71,1.60,1.65,97700,1.65
2008-01-10,1.70,1.70,1.61,1.69,168300,1.69
2008-01-09,1.75,1.76,1.65,1.69,83400,1.69
2008-01-08,1.75,1.86,1.70,1.72,76700,1.72
2008-01-07,1.94,1.98,1.71,1.72,73800,1.72
2008-01-04,1.9399,1.9399,1.74,1.79,145400,1.79
2008-01-03,1.95,1.99,1.92,1.93,25000,1.93
2008-01-02,1.89,1.95,1.78,1.94,107600,1.94
2007-12-31,1.81,1.85,1.74,1.80,206200,1.80
2007-12-28,1.90,1.92,1.81,1.85,50100,1.85
2007-12-27,1.92,1.95,1.89,1.93,44800,1.93
2007-12-26,1.91,1.95,1.82,1.95,129600,1.95
2007-12-24,1.88,1.94,1.84,1.89,74100,1.89
2007-12-21,1.98,1.99,1.80,1.85,165100,1.85
2007-12-20,1.94,2.02,1.94,2.00,115000,2.00
2007-12-19,1.70,2.00,1.69,1.91,210800,1.91
2007-12-18,1.70,1.75,1.65,1.68,105100,1.68
2007-12-17,1.67,1.75,1.67,1.75,56700,1.75
2007-12-14,1.69,1.73,1.65,1.70,169000,1.70
2007-12-13,1.65,1.72,1.64,1.68,91600,1.68
2007-12-12,1.70,1.76,1.60,1.65,102700,1.65
2007-12-11,1.73,1.77,1.69,1.70,49100,1.70
2007-12-10,1.73,1.75,1.64,1.70,81200,1.70
2007-12-07,1.76,1.78,1.68,1.70,93300,1.70
2007-12-06,1.75,1.77,1.70,1.74,52500,1.74
2007-12-05,1.75,1.77,1.71,1.73,38000,1.73
2007-12-04,1.72,1.83,1.70,1.75,35200,1.75
2007-12-03,1.83,1.89,1.74,1.75,18300,1.75
2007-11-30,1.84,1.87,1.77,1.80,70700,1.80
2007-11-29,1.85,1.95,1.82,1.87,29600,1.87
2007-11-28,1.86,1.94,1.85,1.93,81800,1.93
2007-11-27,1.88,1.93,1.81,1.85,44600,1.85
2007-11-26,1.92,1.92,1.81,1.86,46800,1.86
2007-11-23,1.84,1.92,1.84,1.87,27000,1.87
2007-11-21,1.8501,1.88,1.81,1.83,34300,1.83
2007-11-20,1.72,1.94,1.71,1.86,157300,1.86
2007-11-19,1.83,1.91,1.72,1.75,75800,1.75
2007-11-16,1.85,1.93,1.81,1.83,22700,1.83
2007-11-15,1.82,1.90,1.80,1.83,50300,1.83
2007-11-14,1.78,1.85,1.74,1.80,68000,1.80
2007-11-13,1.80,1.88,1.75,1.80,139300,1.80
2007-11-12,1.90,1.91,1.70,1.81,405600,1.81
2007-11-09,1.90,1.9101,1.85,1.88,71700,1.88
2007-11-08,1.97,2.00,1.75,1.93,54300,1.93
2007-11-07,2.05,2.11,1.94,2.11,133500,2.11
2007-11-06,2.15,2.16,2.01,2.03,73800,2.03
2007-11-05,2.14,2.24,2.10,2.12,73400,2.12
2007-11-02,2.12,2.23,2.12,2.17,26700,2.17
2007-11-01,2.22,2.24,2.10,2.16,81700,2.16
2007-10-31,2.15,2.19,2.102,2.19,79900,2.19
2007-10-30,2.12,2.19,2.08,2.15,57900,2.15
2007-10-29,2.21,2.23,2.09,2.11,50200,2.11
2007-10-26,2.13,2.18,2.13,2.18,60700,2.18
2007-10-25,2.19,2.19,2.08,2.12,137800,2.12
2007-10-24,2.14,2.16,2.14,2.16,123900,2.16
2007-10-23,2.11,2.16,2.11,2.15,96400,2.15
2007-10-22,2.15,2.18,2.08,2.11,181800,2.11
2007-10-19,2.15,2.17,2.10,2.12,109800,2.12
2007-10-18,2.08,2.17,2.08,2.17,326400,2.17
2007-10-17,2.15,2.16,2.08,2.11,1118500,2.11
2007-10-16,2.203,2.203,2.132,2.203,57700,2.203
2007-10-15,2.14,2.33,2.03,2.20,160100,2.20
2007-10-12,2.13,2.19,2.00,2.11,903800,2.11
2007-10-11,2.12,2.15,2.10,2.15,79700,2.15
2007-10-10,2.16,2.20,2.11,2.12,54300,2.12
2007-10-09,2.19,2.19,2.14,2.19,70500,2.19
2007-10-08,2.19,2.20,2.12,2.13,37500,2.13
2007-10-05,2.05,2.22,2.05,2.19,136200,2.19
2007-10-04,2.00,2.17,2.00,2.04,51800,2.04
2007-10-03,2.05,2.06,2.01,2.01,103900,2.01
2007-10-02,2.19,2.19,1.71,2.04,492000,2.04
2007-10-01,2.30,2.40,2.17,2.40,234500,2.40
2007-09-28,2.30,2.33,2.30,2.33,23600,2.33
2007-09-27,2.25,2.39,2.17,2.27,101000,2.27
2007-09-26,2.28,2.32,2.14,2.24,51400,2.24
2007-09-25,2.27,2.318,2.27,2.318,56900,2.318
2007-09-24,2.40,2.43,2.26,2.30,57900,2.30
2007-09-21,2.42,2.47,2.33,2.40,39700,2.40
2007-09-20,2.53,2.53,2.35,2.44,99900,2.44
2007-09-19,2.70,2.73,2.47,2.51,64600,2.51
2007-09-18,2.56,2.67,2.50,2.66,66000,2.66
2007-09-17,2.48,2.60,2.48,2.58,73700,2.58
2007-09-14,2.57,2.57,2.43,2.46,204700,2.46
2007-09-13,2.56,2.59,2.52,2.56,47500,2.56
2007-09-12,2.50,2.60,2.50,2.58,48500,2.58
2007-09-11,2.523,2.56,2.523,2.56,19500,2.56
2007-09-10,2.52,2.59,2.45,2.49,39200,2.49
2007-09-07,2.56,2.57,2.50,2.54,97800,2.54
2007-09-06,2.57,2.59,2.52,2.57,41100,2.57
2007-09-05,2.60,2.61,2.59,2.61,23400,2.61
2007-09-04,2.57,2.64,2.57,2.64,36500,2.64
2007-08-31,2.59,2.64,2.59,2.64,75500,2.64
2007-08-30,2.54,2.62,2.54,2.59,55300,2.59
2007-08-29,2.59,2.63,2.55,2.55,99400,2.55
2007-08-28,2.62,2.63,2.55,2.55,85100,2.55
2007-08-27,2.55,2.63,2.55,2.62,56100,2.62
2007-08-24,2.61,2.64,2.53,2.55,77500,2.55
2007-08-23,2.64,2.67,2.57,2.57,49300,2.57
2007-08-22,2.59,2.65,2.58,2.58,38900,2.58
2007-08-21,2.56,2.66,2.52,2.55,100800,2.55
2007-08-20,2.61,2.64,2.50,2.60,112800,2.60
2007-08-17,2.59,2.63,2.52,2.54,42500,2.54
2007-08-16,2.55,2.62,2.50,2.56,86700,2.56
2007-08-15,2.56,2.68,2.56,2.68,71500,2.68
2007-08-14,2.59,2.69,2.55,2.56,126900,2.56
2007-08-13,2.36,2.70,2.36,2.57,178600,2.57
2007-08-10,2.27,2.39,2.15,2.35,280000,2.35
2007-08-09,2.20,2.43,2.20,2.43,276200,2.43
2007-08-08,2.30,2.30,2.14,2.18,376300,2.18
2007-08-07,2.36,2.45,2.24,2.45,233000,2.45
2007-08-06,2.62,2.63,2.33,2.63,172300,2.63
2007-08-03,2.70,2.80,2.56,2.57,77900,2.57
2007-08-02,2.75,2.77,2.70,2.77,62500,2.77
2007-08-01,2.81,2.87,2.75,2.87,61000,2.87
2007-07-31,2.91,2.92,2.84,2.92,49500,2.92
2007-07-30,3.03,3.03,2.85,2.87,37900,2.87
2007-07-27,2.98,3.01,2.89,3.00,96000,3.00
2007-07-26,3.02,3.02,2.85,2.95,90500,2.95
2007-07-25,3.08,3.12,2.97,3.12,68300,3.12
2007-07-24,3.03,3.08,2.99,3.05,78100,3.05
2007-07-23,3.08,3.12,3.02,3.03,72000,3.03
2007-07-20,3.17,3.17,3.05,3.17,79500,3.17
2007-07-19,3.12,3.15,3.06,3.15,107500,3.15
2007-07-18,3.10,3.11,3.09,3.11,48600,3.11
2007-07-17,3.13,3.16,3.09,3.09,37700,3.09
2007-07-16,3.10,3.18,3.09,3.09,35000,3.09
2007-07-13,3.20,3.20,3.12,3.20,73500,3.20
2007-07-12,3.10,3.17,3.08,3.16,60900,3.16
2007-07-11,3.12,3.14,3.09,3.12,113800,3.12
2007-07-10,3.14,3.15,3.09,3.10,63400,3.10
2007-07-09,3.15,3.19,3.11,3.12,53000,3.12
2007-07-06,3.16,3.20,3.13,3.17,70800,3.17
2007-07-05,3.15,3.18,3.13,3.18,71500,3.18
2007-07-03,3.18,3.23,3.15,3.17,32600,3.17
2007-07-02,3.16,3.29,3.09,3.19,67000,3.19
2007-06-29,3.21,3.24,3.12,3.19,59700,3.19
2007-06-28,3.30,3.33,3.17,3.17,47900,3.17
2007-06-27,3.21,3.40,3.10,3.30,157900,3.30
2007-06-26,3.17,3.24,3.17,3.24,133700,3.24
2007-06-25,3.30,3.41,3.13,3.22,164000,3.22
2007-06-22,3.30,3.34,3.27,3.34,96600,3.34
2007-06-21,3.40,3.40,3.28,3.28,326400,3.28
2007-06-20,3.55,3.55,3.25,3.43,643100,3.43
2007-06-19,4.04,4.09,3.976,4.09,67300,4.09
2007-06-18,4.05,4.09,3.97,4.02,87000,4.02
2007-06-15,4.09,4.12,4.03,4.08,72400,4.08
2007-06-14,4.11,4.21,4.09,4.11,51600,4.11
2007-06-13,4.11,4.14,4.11,4.14,132200,4.14
2007-06-12,4.12,4.13,3.98,4.03,43500,4.03
2007-06-11,4.17,4.17,4.09,4.11,69200,4.11
2007-06-08,4.16,4.17,4.13,4.17,14900,4.17
2007-06-07,4.24,4.24,4.15,4.24,50200,4.24
2007-06-06,4.32,4.33,4.23,4.24,15700,4.24
2007-06-05,4.38,4.41,4.32,4.38,38700,4.38
2007-06-04,4.34,4.49,4.34,4.49,103400,4.49
2007-06-01,4.31,4.427,4.31,4.427,90400,4.427
2007-05-31,4.42,4.42,4.29,4.33,182600,4.33
2007-05-30,4.33,4.42,4.27,4.42,31900,4.42
2007-05-29,4.25,4.34,4.24,4.34,15000,4.34
2007-05-25,4.20,4.30,4.18,4.30,14900,4.30
2007-05-24,4.23,4.24,4.22,4.24,34100,4.24
2007-05-23,4.19,4.28,4.19,4.28,69900,4.28
2007-05-22,4.19,4.23,4.19,4.23,26700,4.23
2007-05-21,4.18,4.24,4.15,4.17,32900,4.17
2007-05-18,4.21,4.21,4.15,4.19,31800,4.19
2007-05-17,4.21,4.23,4.131,4.16,66300,4.16
2007-05-16,4.23,4.24,4.17,4.24,36400,4.24
2007-05-15,4.22,4.26,4.20,4.22,42800,4.22
2007-05-14,4.26,4.31,4.22,4.31,73900,4.31
2007-05-11,4.21,4.27,4.19,4.26,9500,4.26
2007-05-10,4.22,4.24,4.15,4.20,25800,4.20
2007-05-09,4.25,4.28,4.19,4.28,97400,4.28
2007-05-08,4.19,4.24,4.15,4.24,41600,4.24
2007-05-07,4.25,4.30,4.17,4.20,53000,4.20
2007-05-04,4.25,4.25,4.19,4.22,47000,4.22
2007-05-03,4.27,4.31,4.1999,4.21,109700,4.21
2007-05-02,4.29,4.35,4.29,4.35,65600,4.35
2007-05-01,4.25,4.36,4.25,4.36,67200,4.36
2007-04-30,4.27,4.33,4.25,4.33,48300,4.33
2007-04-27,4.29,4.35,4.27,4.35,26700,4.35
2007-04-26,4.24,4.37,4.24,4.30,20500,4.30
2007-04-25,4.31,4.39,4.26,4.27,59600,4.27
2007-04-24,4.23,4.36,4.23,4.33,88300,4.33
2007-04-23,4.27,4.33,4.21,4.24,48200,4.24
2007-04-20,4.30,4.41,4.30,4.41,74000,4.41
2007-04-19,4.40,4.459,4.29,4.34,52800,4.34
2007-04-18,4.35,4.47,4.33,4.45,46500,4.45
2007-04-17,4.44,4.45,4.35,4.38,56900,4.38
2007-04-16,4.38,4.47,4.36,4.41,46600,4.41
2007-04-13,4.37,4.47,4.37,4.47,59900,4.47
2007-04-12,4.53,4.56,4.35,4.56,78900,4.56
2007-04-11,4.50,4.55,4.49,4.51,107600,4.51
2007-04-10,4.47,4.54,4.40,4.50,106200,4.50
2007-04-09,4.24,4.52,4.24,4.48,136800,4.48
2007-04-05,4.41,4.46,4.26,4.27,78800,4.27
2007-04-04,4.23,4.51,4.23,4.45,78100,4.45
2007-04-03,4.24,4.40,4.22,4.22,164900,4.22
2007-04-02,4.42,4.53,4.22,4.24,181000,4.24
2007-03-30,4.12,4.68,4.12,4.68,270300,4.68
2007-03-29,4.13,4.13,4.08,4.10,122700,4.10
2007-03-28,4.14,4.20,4.08,4.20,75700,4.20
2007-03-27,4.30,4.30,4.17,4.18,150100,4.18
2007-03-26,4.35,4.38,4.20,4.28,308500,4.28
2007-03-23,4.31,4.33,4.26,4.32,123700,4.32
2007-03-22,4.18,4.34,4.16,4.34,184300,4.34
2007-03-21,4.10,4.22,4.07,4.20,837000,4.20
2007-03-20,4.85,4.89,4.77,4.88,55400,4.88
2007-03-19,4.93,4.98,4.83,4.98,79600,4.98
2007-03-16,4.99,5.07,4.85,4.86,39100,4.86
2007-03-15,4.90,5.01,4.90,4.96,39600,4.96
2007-03-14,4.94,4.99,4.90,4.99,17100,4.99
2007-03-13,5.04,5.16,4.93,4.93,57600,4.93
2007-03-12,5.14,5.17,5.05,5.06,27600,5.06
2007-03-09,5.05,5.15,4.97,5.11,36800,5.11
2007-03-08,5.06,5.06,5.01,5.06,38900,5.06
2007-03-07,4.98,5.04,4.98,5.04,136400,5.04
2007-03-06,4.94,5.09,4.87,5.00,105900,5.00
2007-03-05,4.97,5.00,4.89,4.95,83600,4.95
2007-03-02,5.04,5.04,5.02,5.04,57000,5.04
2007-03-01,5.03,5.07,5.02,5.07,44600,5.07
2007-02-28,5.04,5.14,5.04,5.14,57400,5.14
2007-02-27,5.24,5.24,5.03,5.09,34900,5.09
2007-02-26,5.11,5.25,5.02,5.25,64800,5.25
2007-02-23,5.16,5.28,5.13,5.28,42000,5.28
2007-02-22,5.20,5.27,5.17,5.20,27800,5.20
2007-02-21,5.24,5.33,5.19,5.33,45500,5.33
2007-02-20,5.19,5.32,5.04,5.27,46900,5.27
2007-02-16,5.16,5.21,5.10,5.16,39800,5.16
2007-02-15,5.10,5.22,5.10,5.22,46200,5.22
2007-02-14,5.06,5.11,5.06,5.11,89800,5.11
2007-02-13,5.00,5.03,4.87,5.03,150400,5.03
2007-02-12,5.04,5.10,4.97,5.07,96700,5.07
2007-02-09,5.02,5.03,5.01,5.03,201600,5.03
2007-02-08,4.99,5.05,4.91,5.04,313800,5.04
2007-02-07,4.85,4.97,4.80,4.96,142500,4.96
2007-02-06,4.82,4.98,4.82,4.95,44900,4.95
2007-02-05,4.85,4.92,4.82,4.92,93100,4.92
2007-02-02,4.82,4.90,4.82,4.90,53700,4.90
2007-02-01,4.90,4.93,4.75,4.85,80600,4.85
2007-01-31,5.02,5.03,4.88,5.03,66500,5.03
2007-01-30,5.00,5.03,4.95,4.99,37600,4.99
2007-01-29,4.82,5.02,4.82,5.00,111300,5.00
2007-01-26,4.87,4.89,4.81,4.86,46700,4.86
2007-01-25,4.90,4.96,4.83,4.85,30200,4.85
2007-01-24,4.82,4.91,4.82,4.89,46800,4.89
2007-01-23,4.90,4.95,4.79,4.83,108600,4.83
2007-01-22,4.83,4.91,4.81,4.87,53000,4.87
2007-01-19,4.90,4.95,4.80,4.826,114000,4.826
2007-01-18,5.00,5.0101,4.89,4.90,166600,4.90
2007-01-17,5.04,5.09,4.99,5.00,137900,5.00
2007-01-16,5.07,5.09,5.03,5.09,120900,5.09
2007-01-12,5.10,5.16,5.05,5.08,150600,5.08
2007-01-11,5.155,5.18,5.10,5.18,131900,5.18
2007-01-10,5.22,5.26,5.10,5.1101,163500,5.1101
2007-01-09,5.27,5.28,5.25,5.26,45500,5.26
2007-01-08,5.30,5.35,5.25,5.30,38400,5.30
2007-01-05,5.17,5.32,5.17,5.27,77300,5.27
2007-01-04,5.25,5.26,5.18,5.19,37800,5.19
2007-01-03,5.27,5.43,5.23,5.23,112900,5.23
2006-12-29,5.15,5.33,5.15,5.27,138000,5.27
2006-12-28,5.16,5.27,5.16,5.27,212900,5.27
2006-12-27,5.25,5.25,5.16,5.18,165400,5.18
2006-12-26,5.31,5.33,5.23,5.24,91400,5.24
2006-12-22,5.37,5.40,5.301,5.31,67700,5.31
2006-12-21,5.39,5.52,5.34,5.39,127800,5.39
2006-12-20,5.38,5.50,5.28,5.36,382100,5.36
2006-12-19,5.80,5.80,5.58,5.75,98400,5.75
2006-12-18,5.90,5.93,5.74,5.82,94500,5.82
2006-12-15,5.88,5.90,5.84,5.87,73600,5.87
2006-12-14,5.86,5.87,5.79,5.87,81400,5.87
2006-12-13,5.75,5.86,5.64,5.83,74500,5.83
2006-12-12,5.64,5.77,5.64,5.77,70300,5.77
2006-12-11,5.66,5.67,5.60,5.66,52900,5.66
2006-12-08,5.60,5.63,5.55,5.63,54500,5.63
2006-12-07,5.69,5.72,5.64,5.67,47800,5.67
2006-12-06,5.51,5.69,5.49,5.68,81500,5.68
2006-12-05,5.56,5.57,5.52,5.52,43900,5.52
2006-12-04,5.55,5.65,5.52,5.568,63200,5.568
2006-12-01,5.63,5.63,5.46,5.55,69800,5.55
2006-11-30,5.29,5.66,5.10,5.61,440900,5.61
2006-11-29,5.30,5.44,5.28,5.37,52300,5.37
2006-11-28,5.32,5.35,5.18,5.31,83600,5.31
2006-11-27,5.38,5.38,5.25,5.27,63800,5.27
2006-11-24,5.44,5.44,5.27,5.40,53800,5.40
2006-11-22,5.53,5.55,5.37,5.44,103700,5.44
2006-11-21,5.67,5.67,5.52,5.55,100500,5.55
2006-11-20,5.56,5.65,5.52,5.65,45100,5.65
2006-11-17,5.60,5.70,5.55,5.60,78200,5.60
2006-11-16,5.76,5.78,5.55,5.65,118800,5.65
2006-11-15,5.67,5.82,5.57,5.78,111200,5.78
2006-11-14,5.73,5.73,5.55,5.70,86000,5.70
2006-11-13,5.73,5.79,5.66,5.70,48700,5.70
2006-11-10,5.70,5.79,5.65,5.70,72600,5.70
2006-11-09,5.77,5.90,5.63,5.72,81400,5.72
2006-11-08,5.71,5.86,5.71,5.86,136800,5.86
2006-11-07,5.92,5.97,5.82,5.85,74800,5.85
2006-11-06,6.05,6.05,5.84,5.95,70700,5.95
2006-11-03,6.06,6.06,5.87,6.00,92800,6.00
2006-11-02,6.02,6.09,5.95,6.06,169500,6.06
2006-11-01,5.86,6.13,5.86,6.01,231700,6.01
2006-10-31,5.70,5.86,5.68,5.86,98900,5.86
2006-10-30,5.69,5.90,5.47,5.79,208700,5.79
2006-10-27,5.71,5.75,5.58,5.68,86000,5.68
2006-10-26,5.62,5.79,5.62,5.79,96300,5.79
2006-10-25,5.67,5.75,5.51,5.62,136800,5.62
2006-10-24,5.54,5.66,5.51,5.64,154600,5.64
2006-10-23,5.75,5.75,5.44,5.52,260000,5.52
2006-10-20,5.89,5.89,5.61,5.69,635000,5.69
2006-10-19,5.80,5.85,5.68,5.84,494100,5.84
2006-10-18,6.45,6.50,5.76,6.50,769900,6.50
2006-10-17,6.50,6.90,6.45,6.70,394600,6.70
2006-10-16,6.25,6.499,6.25,6.48,209500,6.48
2006-10-13,5.94,6.42,5.83,6.09,202500,6.09
2006-10-12,5.87,6.02,5.75,5.90,108400,5.90
2006-10-11,5.58,5.91,5.58,5.80,86300,5.80
2006-10-10,5.65,5.69,5.31,5.54,246800,5.54
2006-10-09,5.74,5.74,5.58,5.67,72300,5.67
2006-10-06,5.70,5.75,5.70,5.75,60100,5.75
2006-10-05,5.67,5.75,5.67,5.75,79000,5.75
2006-10-04,5.70,5.75,5.60,5.68,71600,5.68
2006-10-03,5.62,5.86,5.62,5.76,96400,5.76
2006-10-02,5.69,5.75,5.64,5.70,18900,5.70
2006-09-29,5.69,5.81,5.69,5.75,29200,5.75
2006-09-28,5.73,5.83,5.69,5.71,40700,5.71
2006-09-27,5.57,5.86,5.57,5.75,166200,5.75
2006-09-26,5.64,5.77,5.51,5.61,72800,5.61
2006-09-25,5.62,5.68,5.48,5.68,53200,5.68
2006-09-22,5.65,5.65,5.58,5.60,51900,5.60
2006-09-21,5.82,5.82,5.63,5.65,41400,5.65
2006-09-20,5.92,5.98,5.79,5.84,22200,5.84
2006-09-19,5.94,5.96,5.89,5.96,50700,5.96
2006-09-18,5.92,6.02,5.92,6.00,97200,6.00
2006-09-15,6.06,6.13,5.95,5.95,64400,5.95
2006-09-14,5.96,6.05,5.91,6.05,47500,6.05
2006-09-13,5.78,6.00,5.78,5.95,102300,5.95
2006-09-12,5.63,5.90,5.63,5.81,51900,5.81
2006-09-11,5.72,5.78,5.53,5.66,28800,5.66
2006-09-08,5.76,5.83,5.70,5.74,22600,5.74
2006-09-07,5.78,5.92,5.775,5.92,35900,5.92
2006-09-06,5.93,5.97,5.80,5.82,25600,5.82
2006-09-05,5.96,6.05,5.89,6.00,79700,6.00
2006-09-01,5.79,6.09,5.70,5.93,188600,5.93
2006-08-31,5.79,5.90,5.67,5.80,83400,5.80
2006-08-30,5.97,5.99,5.73,5.76,97200,5.76
2006-08-29,5.855,5.98,5.855,5.98,96100,5.98
2006-08-28,5.50,5.93,5.40,5.90,217400,5.90
2006-08-25,5.45,5.52,5.34,5.48,45600,5.48
2006-08-24,5.39,5.49,5.34,5.46,67200,5.46
2006-08-23,5.46,5.50,5.33,5.41,46500,5.41
2006-08-22,5.50,5.51,5.36,5.45,113000,5.45
2006-08-21,5.76,5.76,5.50,5.58,87000,5.58
2006-08-18,5.63,5.80,5.55,5.74,27600,5.74
2006-08-17,5.66,5.827,5.59,5.61,80500,5.61
2006-08-16,5.51,5.72,5.47,5.70,72100,5.70
2006-08-15,5.48,5.67,5.43,5.51,58900,5.51
2006-08-14,5.25,5.49,5.19,5.48,73200,5.48
2006-08-11,5.24,5.38,5.24,5.38,47700,5.38
2006-08-10,5.27,5.33,5.27,5.33,142400,5.33
2006-08-09,5.535,5.55,5.25,5.28,97300,5.28
2006-08-08,5.40,5.57,5.24,5.50,101800,5.50
2006-08-07,5.40,5.66,5.40,5.66,163100,5.66
2006-08-04,5.64,5.78,5.36,5.44,210700,5.44
2006-08-03,5.76,5.78,5.52,5.69,89300,5.69
2006-08-02,5.79,5.90,5.72,5.81,76100,5.81
2006-08-01,5.76,5.84,5.70,5.72,87500,5.72
2006-07-31,5.65,5.90,5.65,5.82,196100,5.82
2006-07-28,5.85,5.85,5.71,5.85,95000,5.85
2006-07-27,5.92,6.06,5.85,6.06,110500,6.06
2006-07-26,6.00,6.09,5.70,6.02,170300,6.02
2006-07-25,5.95,6.01,5.77,5.99,114500,5.99
2006-07-24,5.66,5.94,5.66,5.91,118600,5.91
2006-07-21,5.92,6.04,5.58,5.68,132500,5.68
2006-07-20,6.20,6.20,5.96,6.20,93300,6.20
2006-07-19,6.00,6.24,6.00,6.17,131300,6.17
2006-07-18,6.15,6.25,5.96,6.03,213400,6.03
2006-07-17,5.93,6.18,5.92,6.15,248300,6.15
2006-07-14,6.06,6.10,5.91,5.99,131500,5.99
2006-07-13,6.25,6.27,5.97,6.07,236500,6.07
2006-07-12,6.39,6.45,6.32,6.45,231300,6.45
2006-07-11,6.24,6.38,6.24,6.38,289600,6.38
2006-07-10,6.63,6.78,6.19,6.78,574600,6.78
2006-07-07,6.90,6.95,6.59,6.63,378800,6.63
2006-07-06,7.02,7.09,6.84,6.90,446700,6.90
2006-07-05,6.97,7.13,6.76,7.02,547700,7.02
2006-07-03,7.00,7.00,6.85,6.95,242800,6.95
2006-06-30,6.92,6.96,6.66,6.89,442100,6.89
2006-06-29,6.89,7.18,6.74,6.85,836000,6.85
2006-06-28,6.58,6.88,6.58,6.88,328000,6.88
2006-06-27,6.64,6.64,6.50,6.59,335000,6.59
2006-06-26,6.60,6.73,6.60,6.73,336000,6.73
2006-06-23,6.72,6.80,6.47,6.60,350900,6.60
2006-06-22,6.50,6.74,6.30,6.69,1028200,6.69
2006-06-21,6.51,6.55,5.88,6.50,2578400,6.50
2006-06-20,5.58,5.94,5.55,5.94,530500,5.94
2006-06-19,5.46,5.58,5.26,5.58,244900,5.58
2006-06-16,5.06,5.42,5.00,5.42,709300,5.42
2006-06-15,5.00,5.18,4.97,5.01,308200,5.01
2006-06-14,4.69,4.99,4.69,4.99,125800,4.99
2006-06-13,4.74,4.89,4.63,4.89,202900,4.89
2006-06-12,5.03,5.03,4.71,5.03,166700,5.03
2006-06-09,5.12,5.20,4.94,4.99,271200,4.99
2006-06-08,5.01,5.15,5.01,5.15,207700,5.15
2006-06-07,5.06,5.24,5.00,5.00,516000,5.00
2006-06-06,4.88,4.88,4.75,4.78,118600,4.78
2006-06-05,4.78,4.89,4.77,4.88,110600,4.88
2006-06-02,4.74,4.86,4.71,4.76,126900,4.76
2006-06-01,4.88,4.92,4.62,4.84,80600,4.84
2006-05-31,4.81,4.95,4.62,4.84,73500,4.84
2006-05-30,4.82,4.887,4.82,4.887,65800,4.887
2006-05-26,4.71,4.92,4.54,4.81,131700,4.81
2006-05-25,4.46,4.62,4.27,4.59,187300,4.59
2006-05-24,4.59,4.62,4.30,4.40,249300,4.40
2006-05-23,4.62,4.70,4.50,4.59,65900,4.59
2006-05-22,4.90,5.00,4.40,4.54,140900,4.54
2006-05-19,4.75,5.07,4.74,4.91,73700,4.91
2006-05-18,4.75,4.90,4.56,4.75,118800,4.75
2006-05-17,4.77,4.92,4.60,4.76,54000,4.76
2006-05-16,4.57,4.88,4.57,4.88,85200,4.88
2006-05-15,4.54,4.68,4.40,4.60,67400,4.60
2006-05-12,4.52,4.60,4.52,4.60,92200,4.60
2006-05-11,4.66,4.697,4.44,4.56,58700,4.56
2006-05-10,4.74,4.84,4.60,4.69,155900,4.69
2006-05-09,4.86,4.96,4.71,4.74,44400,4.74
2006-05-08,4.98,5.03,4.84,5.03,107800,5.03
2006-05-05,4.97,5.04,4.93,4.99,64700,4.99
2006-05-04,4.77,4.98,4.65,4.97,174900,4.97
2006-05-03,4.81,4.81,4.62,4.74,134100,4.74
2006-05-02,4.89,4.89,4.86,4.89,216600,4.89
2006-05-01,5.07,5.07,4.75,4.75,116300,4.75
2006-04-28,5.05,5.13,4.90,5.07,86600,5.07
2006-04-27,5.11,5.21,5.09,5.21,54500,5.21
2006-04-26,5.38,5.46,5.14,5.20,94700,5.20
2006-04-25,5.25,5.41,5.25,5.41,56800,5.41
2006-04-24,5.13,5.26,5.06,5.26,66300,5.26
2006-04-21,5.38,5.42,5.18,5.42,105800,5.42
2006-04-20,5.14,5.34,5.13,5.33,60200,5.33
2006-04-19,5.21,5.21,5.07,5.19,78000,5.19
2006-04-18,5.15,5.25,5.00,5.22,69000,5.22
2006-04-17,5.15,5.17,4.91,5.09,51300,5.09
2006-04-13,5.06,5.23,4.98,5.15,35800,5.15
2006-04-12,4.99,5.13,4.95,5.10,39400,5.10
2006-04-11,5.07,5.11,4.87,5.03,84300,5.03
2006-04-10,5.23,5.24,5.02,5.03,84400,5.03
2006-04-07,5.38,5.50,5.11,5.21,61900,5.21
2006-04-06,5.43,5.43,5.32,5.41,65400,5.41
2006-04-05,5.20,5.48,5.05,5.43,99900,5.43
2006-04-04,5.28,5.30,5.15,5.21,76600,5.21
2006-04-03,5.21,5.66,5.21,5.30,242900,5.30
2006-03-31,5.19,5.27,5.01,5.27,107700,5.27
2006-03-30,5.09,5.20,5.03,5.16,92200,5.16
2006-03-29,4.93,5.21,4.92,5.06,175000,5.06
2006-03-28,4.89,4.99,4.89,4.95,145400,4.95
2006-03-27,4.86,5.00,4.86,5.00,121700,5.00
2006-03-24,4.82,4.90,4.80,4.89,133000,4.89
2006-03-23,4.88,4.91,4.80,4.87,200100,4.87
2006-03-22,4.93,4.93,4.57,4.89,233900,4.89
2006-03-21,4.94,5.00,4.87,4.95,189700,4.95
2006-03-20,5.05,5.09,4.95,5.09,113000,5.09
2006-03-17,5.11,5.23,5.02,5.09,151900,5.09
2006-03-16,5.09,5.21,5.06,5.14,120600,5.14
2006-03-15,5.10,5.13,5.00,5.11,129800,5.11
2006-03-14,5.01,5.16,5.01,5.16,164800,5.16
2006-03-13,5.25,5.30,4.94,5.05,204000,5.05
2006-03-10,5.47,5.54,5.21,5.25,190800,5.25
2006-03-09,5.51,5.62,5.38,5.48,105900,5.48
2006-03-08,5.41,5.57,5.30,5.54,109400,5.54
2006-03-07,5.40,5.55,5.40,5.43,71400,5.43
2006-03-06,5.61,5.61,5.44,5.61,237800,5.61
2006-03-03,5.78,5.86,5.46,5.52,530100,5.52
2006-03-02,5.85,5.91,5.65,5.79,229100,5.79
2006-03-01,5.88,5.98,5.87,5.96,160400,5.96
2006-02-28,5.915,5.95,5.87,5.91,100700,5.91
2006-02-27,5.94,5.94,5.85,5.93,158300,5.93
2006-02-24,5.85,5.90,5.76,5.90,102300,5.90
2006-02-23,5.77,5.89,5.67,5.85,178100,5.85
2006-02-22,5.79,5.81,5.62,5.75,131200,5.75
2006-02-21,5.84,5.84,5.65,5.83,171700,5.83
2006-02-17,5.78,5.90,5.75,5.84,132500,5.84
2006-02-16,5.43,5.75,5.43,5.75,123600,5.75
2006-02-15,5.42,5.43,5.30,5.38,46100,5.38
2006-02-14,5.31,5.48,5.30,5.38,85000,5.38
2006-02-13,5.25,5.43,5.25,5.27,62100,5.27
2006-02-10,5.65,5.65,5.24,5.25,207900,5.25
2006-02-09,5.80,5.80,5.52,5.62,112000,5.62
2006-02-08,5.70,5.80,5.61,5.77,112200,5.77
2006-02-07,5.78,5.85,5.62,5.72,111500,5.72
2006-02-06,5.49,5.88,5.49,5.88,430800,5.88
2006-02-03,5.56,5.58,5.31,5.37,142200,5.37
2006-02-02,5.44,5.56,5.25,5.50,165300,5.50
2006-02-01,5.50,5.50,5.35,5.40,180300,5.40
2006-01-31,5.40,5.56,5.333,5.54,263800,5.54
2006-01-30,5.21,5.35,5.21,5.35,397100,5.35
2006-01-27,5.19,5.20,5.04,5.18,199900,5.18
2006-01-26,5.03,5.197,4.97,5.13,367500,5.13
2006-01-25,4.99,5.09,4.95,4.98,264800,4.98
2006-01-24,4.86,4.96,4.86,4.96,439700,4.96
2006-01-23,4.83,4.97,4.81,4.86,167600,4.86
2006-01-20,5.02,5.05,4.83,4.854,124600,4.854
2006-01-19,4.94,5.10,4.94,4.98,153400,4.98
2006-01-18,5.18,5.18,4.93,4.94,170900,4.94
2006-01-17,5.18,5.25,5.15,5.16,123600,5.16
2006-01-13,5.25,5.25,5.13,5.19,147400,5.19
2006-01-12,5.25,5.40,5.10,5.18,262400,5.18
2006-01-11,5.27,5.27,5.12,5.20,176300,5.20
2006-01-10,5.47,5.47,4.98,5.24,231800,5.24
2006-01-09,5.04,5.69,5.03,5.36,388100,5.36
2006-01-06,4.65,5.08,4.58,4.98,360200,4.98
2006-01-05,4.55,4.61,4.53,4.598,392500,4.598
2006-01-04,4.61,4.69,4.50,4.526,119400,4.526
2006-01-03,4.69,4.70,4.50,4.55,96200,4.55
2005-12-30,4.58,4.66,4.48,4.60,189000,4.60
2005-12-29,4.35,4.75,4.34,4.59,244300,4.59
2005-12-28,4.45,4.49,4.34,4.35,66800,4.35
2005-12-27,4.26,4.44,4.26,4.41,84000,4.41
2005-12-23,4.40,4.44,4.22,4.35,149900,4.35
2005-12-22,4.42,4.50,4.35,4.39,114400,4.39
2005-12-21,4.15,4.46,4.15,4.40,229000,4.40
2005-12-20,4.04,4.34,4.00,4.13,56000,4.13
2005-12-19,4.12,4.23,4.11,4.12,48000,4.12
2005-12-16,4.19,4.30,4.15,4.22,148900,4.22
2005-12-15,4.15,4.29,4.10,4.23,55600,4.23
2005-12-14,4.24,4.24,4.12,4.16,35900,4.16
2005-12-13,4.24,4.25,4.18,4.19,49100,4.19
2005-12-12,4.384,4.39,4.30,4.39,48600,4.39
2005-12-09,4.35,4.44,4.35,4.41,38300,4.41
2005-12-08,4.30,4.48,4.30,4.40,82000,4.40
2005-12-07,4.31,4.40,4.25,4.34,58500,4.34
2005-12-06,4.37,4.49,4.31,4.40,101500,4.40
2005-12-05,4.30,4.43,4.30,4.33,44900,4.33
2005-12-02,4.17,4.37,4.13,4.37,222000,4.37
2005-12-01,4.09,4.22,4.06,4.20,56100,4.20
2005-11-30,4.05,4.20,4.03,4.09,52000,4.09
2005-11-29,4.073,4.20,4.073,4.20,65700,4.20
2005-11-28,4.26,4.26,4.01,4.04,41800,4.04
2005-11-25,4.25,4.25,4.21,4.22,5900,4.22
2005-11-23,4.01,4.25,4.01,4.23,189100,4.23
2005-11-22,3.93,4.09,3.93,4.06,45600,4.06
2005-11-21,3.96,4.07,3.89,3.99,48800,3.99
2005-11-18,3.90,4.05,3.88,4.03,86700,4.03
2005-11-17,3.90,3.93,3.87,3.92,20200,3.92
2005-11-16,3.93,3.98,3.90,3.94,40600,3.94
2005-11-15,3.74,3.90,3.74,3.88,51300,3.88
2005-11-14,3.87,3.90,3.77,3.77,37300,3.77
2005-11-11,3.89,3.94,3.76,3.83,36900,3.83
2005-11-10,3.94,3.96,3.85,3.88,52100,3.88
2005-11-09,3.91,4.02,3.90,4.00,51000,4.00
2005-11-08,4.09,4.09,3.85,3.86,49400,3.86
2005-11-07,3.97,4.03,3.96,3.99,31900,3.99
2005-11-04,3.85,4.01,3.85,3.95,43600,3.95
2005-11-03,3.73,3.87,3.719,3.83,67200,3.83
2005-11-02,3.91,3.97,3.76,3.80,52100,3.80
2005-11-01,3.90,3.96,3.85,3.86,17300,3.86
2005-10-31,3.96,4.00,3.80,3.86,39900,3.86
2005-10-28,3.98,4.06,3.96,4.00,37300,4.00
2005-10-27,4.20,4.20,3.99,4.01,56800,4.01
2005-10-26,4.20,4.20,4.15,4.16,30400,4.16
2005-10-25,4.05,4.22,4.00,4.21,97900,4.21
2005-10-24,4.04,4.08,3.95,4.00,30500,4.00
2005-10-21,3.77,4.08,3.75,4.03,170900,4.03
2005-10-20,3.987,4.04,3.75,4.04,80200,4.04
2005-10-19,3.86,4.17,3.752,3.99,239100,3.99
2005-10-18,4.01,4.22,3.99,4.05,84700,4.05
2005-10-17,4.15,4.20,4.03,4.03,94600,4.03
2005-10-14,4.19,4.25,4.17,4.18,223500,4.18
2005-10-13,4.15,4.24,4.01,4.20,167400,4.20
2005-10-12,4.20,4.31,4.20,4.25,149500,4.25
2005-10-11,4.25,4.30,4.17,4.25,58200,4.25
2005-10-10,4.299,4.38,4.28,4.38,37900,4.38
2005-10-07,4.30,4.38,4.29,4.29,45800,4.29
2005-10-06,4.35,4.38,4.23,4.30,53500,4.30
2005-10-05,4.32,4.41,4.17,4.32,123900,4.32
2005-10-04,4.36,4.42,4.26,4.37,90800,4.37
2005-10-03,4.24,4.34,4.20,4.30,57800,4.30
2005-09-30,4.08,4.22,4.08,4.21,41200,4.21
2005-09-29,4.09,4.11,4.04,4.07,39300,4.07
2005-09-28,4.06,4.08,4.02,4.08,28800,4.08
2005-09-27,4.009,4.09,4.009,4.09,32500,4.09
2005-09-26,4.05,4.15,4.00,4.01,29200,4.01
2005-09-23,4.02,4.21,3.96,4.09,49600,4.09
2005-09-22,4.01,4.02,3.97,4.02,130900,4.02
2005-09-21,4.11,4.11,3.91,4.02,96000,4.02
2005-09-20,4.15,4.20,4.10,4.11,87900,4.11
2005-09-19,4.13,4.23,4.03,4.12,360900,4.12
2005-09-16,4.08,4.10,4.05,4.08,41400,4.08
2005-09-15,4.305,4.34,4.10,4.34,82200,4.34
2005-09-14,4.33,4.35,4.26,4.27,64200,4.27
2005-09-13,4.31,4.34,4.28,4.28,50900,4.28
2005-09-12,4.35,4.38,4.31,4.31,55300,4.31
2005-09-09,4.20,4.38,4.16,4.31,245200,4.31
2005-09-08,3.98,4.20,3.98,4.15,222200,4.15
2005-09-07,3.90,3.99,3.85,3.97,21600,3.97
2005-09-06,3.88,3.94,3.85,3.85,62800,3.85
2005-09-02,3.90,3.95,3.86,3.92,15900,3.92
2005-09-01,4.00,4.00,3.85,3.95,43900,3.95
2005-08-31,3.95,4.04,3.92,4.00,47700,4.00
2005-08-30,3.94,4.02,3.85,3.95,73500,3.95
2005-08-29,3.92,3.97,3.88,3.89,85000,3.89
2005-08-26,4.06,4.06,3.90,4.01,38200,4.01
2005-08-25,3.99,4.13,3.98,4.00,54500,4.00
2005-08-24,4.06,4.12,4.00,4.02,67000,4.02
2005-08-23,4.01,4.13,3.85,4.13,52300,4.13
2005-08-22,4.11,4.15,3.98,4.02,102600,4.02
2005-08-19,4.11,4.18,3.98,4.14,47100,4.14
2005-08-18,4.10,4.26,4.00,4.10,154400,4.10
2005-08-17,3.70,4.06,3.70,4.03,172800,4.03
2005-08-16,3.66,3.74,3.55,3.64,99100,3.64
2005-08-15,3.74,3.81,3.72,3.72,18600,3.72
2005-08-12,3.76,3.79,3.62,3.69,49000,3.69
2005-08-11,3.84,3.89,3.75,3.78,35800,3.78
2005-08-10,3.78,3.98,3.75,3.89,66800,3.89
2005-08-09,3.78,3.89,3.75,3.78,50200,3.78
2005-08-08,3.60,3.86,3.60,3.79,59800,3.79
2005-08-05,3.67,3.69,3.58,3.60,79900,3.60
2005-08-04,3.81,3.83,3.67,3.67,57100,3.67
2005-08-03,3.76,3.85,3.72,3.78,85400,3.78
2005-08-02,3.80,3.89,3.76,3.80,131000,3.80
2005-08-01,3.76,3.89,3.76,3.81,76700,3.81
2005-07-29,3.82,3.89,3.81,3.85,31300,3.85
2005-07-28,3.85,3.88,3.81,3.84,43500,3.84
2005-07-27,3.94,3.96,3.83,3.87,87700,3.87
2005-07-26,3.85,3.95,3.77,3.89,193600,3.89
2005-07-25,3.84,3.85,3.75,3.80,207600,3.80
2005-07-22,3.85,3.87,3.77,3.78,48500,3.78
2005-07-21,3.90,3.95,3.76,3.80,240000,3.80
2005-07-20,3.70,3.95,3.70,3.85,251400,3.85
2005-07-19,3.70,3.74,3.65,3.70,163200,3.70
2005-07-18,3.90,3.90,3.64,3.75,117900,3.75
2005-07-15,3.84,3.98,3.81,3.85,158200,3.85
2005-07-14,3.90,3.94,3.85,3.90,85000,3.90
2005-07-13,3.81,3.90,3.80,3.85,53400,3.85
2005-07-12,3.95,3.95,3.80,3.88,87600,3.88
2005-07-11,3.76,3.90,3.76,3.87,53700,3.87
2005-07-08,3.86,3.94,3.76,3.76,71000,3.76
2005-07-07,3.90,3.97,3.86,3.89,72500,3.89
2005-07-06,3.91,4.00,3.90,3.91,75100,3.91
2005-07-05,3.88,3.97,3.88,3.92,66500,3.92
2005-07-01,3.77,3.98,3.76,3.90,87400,3.90
2005-06-30,3.71,3.85,3.71,3.72,77200,3.72
2005-06-29,3.88,4.00,3.65,3.73,192600,3.73
2005-06-28,3.91,3.92,3.82,3.86,70600,3.86
2005-06-27,3.53,3.95,3.53,3.81,269500,3.81
2005-06-24,3.53,3.80,3.42,3.50,1312900,3.50
2005-06-23,3.71,3.81,3.51,3.53,127400,3.53
2005-06-22,3.70,3.80,3.60,3.74,283300,3.74
2005-06-21,3.85,3.96,3.80,3.93,101600,3.93
2005-06-20,3.79,3.81,3.70,3.79,48000,3.79
2005-06-17,3.89,3.89,3.77,3.82,121500,3.82
2005-06-16,3.75,3.83,3.70,3.83,67200,3.83
2005-06-15,3.87,3.87,3.75,3.77,91500,3.77
2005-06-14,3.81,3.91,3.76,3.81,59600,3.81
2005-06-13,4.10,4.10,3.75,3.80,108200,3.80
2005-06-10,3.90,4.10,3.82,4.05,55900,4.05
2005-06-09,4.00,4.00,3.76,3.89,110200,3.89
2005-06-08,4.08,4.12,3.93,3.93,88500,3.93
2005-06-07,3.91,4.18,3.87,4.03,129700,4.03
2005-06-06,3.89,4.00,3.77,3.91,50400,3.91
2005-06-03,3.96,4.04,3.81,3.81,65600,3.81
2005-06-02,3.78,4.10,3.78,4.03,125600,4.03
2005-06-01,3.80,4.07,3.80,3.82,153800,3.82
2005-05-31,3.87,3.89,3.72,3.76,52200,3.76
2005-05-27,3.73,3.90,3.73,3.84,65600,3.84
2005-05-26,3.80,3.84,3.73,3.79,90500,3.79
2005-05-25,3.75,3.79,3.69,3.74,74500,3.74
2005-05-24,3.71,3.80,3.61,3.77,94700,3.77
2005-05-23,3.70,3.85,3.70,3.73,90300,3.73
2005-05-20,3.55,3.70,3.55,3.70,39500,3.70
2005-05-19,3.62,3.69,3.53,3.66,87200,3.66
2005-05-18,3.54,3.66,3.45,3.66,69700,3.66
2005-05-17,3.46,3.51,3.44,3.47,54400,3.47
2005-05-16,3.38,3.47,3.38,3.42,50700,3.42
2005-05-13,3.34,3.48,3.22,3.35,75700,3.35
2005-05-12,3.41,3.45,3.30,3.34,55000,3.34
2005-05-11,3.38,3.43,3.31,3.37,58200,3.37
2005-05-10,3.33,3.46,3.33,3.37,47200,3.37
2005-05-09,3.45,3.56,3.32,3.39,52800,3.39
2005-05-06,3.61,3.74,3.41,3.42,75300,3.42
2005-05-05,3.51,3.61,3.47,3.61,65200,3.61
2005-05-04,3.44,3.64,3.44,3.54,65700,3.54
2005-05-03,3.43,3.54,3.40,3.46,95300,3.46
2005-05-02,3.33,3.43,3.28,3.43,90600,3.43
2005-04-29,3.48,3.58,3.30,3.30,75800,3.30
2005-04-28,3.43,3.59,3.33,3.45,95900,3.45
2005-04-27,3.50,3.55,3.44,3.46,37800,3.46
2005-04-26,3.51,3.63,3.41,3.52,59800,3.52
2005-04-25,3.57,3.598,3.41,3.50,101100,3.50
2005-04-22,3.67,3.72,3.49,3.51,111700,3.51
2005-04-21,3.59,3.91,3.59,3.72,163100,3.72
2005-04-20,3.66,3.73,3.50,3.58,142200,3.58
2005-04-19,3.64,3.65,3.52,3.64,237400,3.64
2005-04-18,3.55,3.83,3.52,3.59,86300,3.59
2005-04-15,3.62,3.64,3.52,3.55,74700,3.55
2005-04-14,3.63,3.67,3.53,3.60,52800,3.60
2005-04-13,3.70,3.85,3.55,3.60,95600,3.60
2005-04-12,3.62,3.75,3.62,3.74,104200,3.74
2005-04-11,3.82,3.88,3.67,3.67,180000,3.67
2005-04-08,3.94,3.97,3.76,3.80,103100,3.80
2005-04-07,3.92,4.02,3.87,3.88,105900,3.88
2005-04-06,3.82,4.04,3.67,3.94,134900,3.94
2005-04-05,3.79,3.86,3.64,3.80,127300,3.80
2005-04-04,4.08,4.08,3.70,3.72,206200,3.72
2005-04-01,4.19,4.39,3.94,3.98,181500,3.98
2005-03-31,4.30,4.38,4.10,4.23,48900,4.23
2005-03-30,4.11,4.33,4.05,4.32,85700,4.32
2005-03-29,4.10,4.13,4.00,4.01,82400,4.01
2005-03-28,4.07,4.15,4.02,4.11,68700,4.11
2005-03-24,4.31,4.36,4.06,4.36,115800,4.36
2005-03-23,4.16,4.50,4.04,4.21,196300,4.21
2005-03-22,4.14,4.19,4.03,4.12,163700,4.12
2005-03-21,4.13,4.19,4.03,4.14,71800,4.14
2005-03-18,4.24,4.25,4.13,4.17,128100,4.17
2005-03-17,4.29,4.33,4.17,4.20,60300,4.20
2005-03-16,4.30,4.40,4.20,4.21,83300,4.21
2005-03-15,4.66,4.688,4.30,4.36,196700,4.36
2005-03-14,4.50,4.73,4.50,4.62,80200,4.62
2005-03-11,4.66,4.69,4.52,4.64,64300,4.64
2005-03-10,4.68,4.70,4.51,4.68,85300,4.68
2005-03-09,4.51,4.73,4.40,4.57,88800,4.57
2005-03-08,4.51,4.61,4.45,4.54,171900,4.54
2005-03-07,4.44,4.53,4.32,4.36,61800,4.36
2005-03-04,4.36,4.43,4.31,4.43,226700,4.43
2005-03-03,4.47,4.54,4.28,4.29,180100,4.29
2005-03-02,4.61,4.66,4.36,4.36,58800,4.36
2005-03-01,4.51,4.77,4.51,4.62,213800,4.62
2005-02-28,4.52,4.73,4.52,4.63,118200,4.63
2005-02-25,4.36,4.58,4.36,4.54,54600,4.54
2005-02-24,4.39,4.55,4.25,4.55,72700,4.55
2005-02-23,4.43,4.43,4.30,4.32,54600,4.32
2005-02-22,4.40,4.49,4.28,4.32,90200,4.32
2005-02-18,4.57,4.58,4.42,4.46,34900,4.46
2005-02-17,4.65,4.77,4.46,4.52,306600,4.52
2005-02-16,4.64,4.75,4.60,4.74,80400,4.74
2005-02-15,4.57,4.80,4.48,4.64,181300,4.64
2005-02-14,4.56,4.65,4.44,4.49,106500,4.49
2005-02-11,4.45,4.65,4.40,4.58,129300,4.58
2005-02-10,4.45,4.622,4.31,4.47,321500,4.47
2005-02-09,4.50,4.60,4.35,4.35,81900,4.35
2005-02-08,4.58,4.62,4.50,4.50,143600,4.50
2005-02-07,4.43,4.60,4.43,4.56,206500,4.56
2005-02-04,4.35,4.45,4.32,4.44,61900,4.44
2005-02-03,4.39,4.40,4.28,4.34,111200,4.34
2005-02-02,4.31,4.40,4.31,4.38,52400,4.38
2005-02-01,4.29,4.35,4.29,4.35,177200,4.35
2005-01-31,4.20,4.34,4.20,4.29,65800,4.29
2005-01-28,4.39,4.39,4.12,4.18,81100,4.18
2005-01-27,4.25,4.30,4.11,4.28,67300,4.28
2005-01-26,4.35,4.35,4.00,4.21,92400,4.21
2005-01-25,4.39,4.40,4.16,4.27,61000,4.27
2005-01-24,4.40,4.45,4.30,4.30,112800,4.30
2005-01-21,4.36,4.49,4.278,4.32,78500,4.32
2005-01-20,4.35,4.80,4.31,4.33,78000,4.33
2005-01-19,4.45,4.52,4.33,4.33,61700,4.33
2005-01-18,4.37,4.55,4.37,4.47,36900,4.47
2005-01-14,4.50,4.50,4.36,4.44,82100,4.44
2005-01-13,4.70,4.70,4.36,4.40,118600,4.40
2005-01-12,4.44,4.59,4.38,4.59,178200,4.59
2005-01-11,4.56,4.59,4.30,4.31,67200,4.31
2005-01-10,4.48,4.55,4.34,4.46,82600,4.46
2005-01-07,4.56,4.56,4.31,4.39,162000,4.39
2005-01-06,4.36,4.50,4.26,4.31,131400,4.31
2005-01-05,4.60,4.60,4.29,4.35,104300,4.35
2005-01-04,4.60,4.74,4.30,4.49,201800,4.49
2005-01-03,4.70,4.82,4.53,4.54,129500,4.54
2004-12-31,4.52,4.82,4.52,4.67,255200,4.67
2004-12-30,4.51,4.76,4.51,4.52,128000,4.52
2004-12-29,4.61,4.72,4.55,4.61,131900,4.61
2004-12-28,4.43,4.76,4.43,4.75,254000,4.75
2004-12-27,4.66,4.71,4.41,4.64,120100,4.64
2004-12-23,4.52,4.80,4.49,4.71,348500,4.71
2004-12-22,4.35,4.70,4.29,4.62,455100,4.62
2004-12-21,4.26,4.65,4.26,4.62,151100,4.62
2004-12-20,4.45,4.45,4.31,4.41,173900,4.41
2004-12-17,4.33,4.43,4.32,4.43,166800,4.43
2004-12-16,4.37,4.42,4.15,4.30,564800,4.30
2004-12-15,4.48,4.50,4.40,4.46,113600,4.46
2004-12-14,4.30,4.40,4.25,4.40,121300,4.40
2004-12-13,4.34,4.35,4.13,4.21,229200,4.21
2004-12-10,4.06,4.33,4.06,4.31,111900,4.31
2004-12-09,4.28,4.33,3.99,4.06,278100,4.06
2004-12-08,4.41,4.53,4.26,4.29,232400,4.29
2004-12-07,4.50,4.68,4.31,4.42,232900,4.42
2004-12-06,4.60,4.60,4.46,4.52,129500,4.52
2004-12-03,4.60,4.65,4.45,4.50,184200,4.50
2004-12-02,4.74,4.74,4.44,4.50,348000,4.50
2004-12-01,4.35,4.85,4.33,4.74,386800,4.74
2004-11-30,4.68,4.68,4.39,4.50,140200,4.50
2004-11-29,4.74,4.91,4.51,4.65,109700,4.65
2004-11-26,4.75,4.78,4.68,4.73,7700,4.73
2004-11-24,4.81,4.99,4.74,4.78,38600,4.78
2004-11-23,4.77,4.79,4.54,4.79,81300,4.79
2004-11-22,4.96,5.01,4.46,4.72,172200,4.72
2004-11-19,4.84,5.01,4.82,4.91,107100,4.91
2004-11-18,4.89,4.97,4.74,4.89,87900,4.89
2004-11-17,4.70,4.94,4.64,4.85,74200,4.85
2004-11-16,4.51,4.66,4.49,4.60,119800,4.60
2004-11-15,4.64,4.73,4.56,4.65,79400,4.65
2004-11-12,4.51,4.88,4.50,4.68,96400,4.68
2004-11-11,4.41,4.55,4.32,4.51,75100,4.51
2004-11-10,4.15,4.50,4.15,4.33,100300,4.33
2004-11-09,4.16,4.25,4.10,4.25,113800,4.25
2004-11-08,4.22,4.43,4.10,4.12,79700,4.12
2004-11-05,4.41,4.51,4.30,4.30,79800,4.30
2004-11-04,4.31,4.54,4.31,4.47,55800,4.47
2004-11-03,4.56,4.80,4.38,4.52,78300,4.52
2004-11-02,4.59,4.79,4.50,4.52,59600,4.52
2004-11-01,4.69,4.69,4.47,4.56,78700,4.56
2004-10-29,4.35,4.71,4.18,4.665,79000,4.665
2004-10-28,4.31,4.44,4.25,4.41,63900,4.41
2004-10-27,4.17,4.38,4.07,4.38,118100,4.38
2004-10-26,4.15,4.288,4.07,4.15,95000,4.15
2004-10-25,4.25,4.34,4.25,4.34,70400,4.34
2004-10-22,4.53,4.70,4.271,4.271,87100,4.271
2004-10-21,4.08,4.55,3.86,4.45,253200,4.45
2004-10-20,4.28,4.29,3.87,4.00,408100,4.00
2004-10-19,4.33,4.42,4.25,4.25,80000,4.25
2004-10-18,4.66,4.78,4.41,4.46,69200,4.46
2004-10-15,4.71,4.90,4.67,4.67,21200,4.67
2004-10-14,4.82,4.82,4.63,4.65,35600,4.65
2004-10-13,5.32,5.35,4.70,4.82,96600,4.82
2004-10-12,4.95,5.15,4.81,5.13,76100,5.13
2004-10-11,5.14,5.14,4.89,5.05,55000,5.05
2004-10-08,5.04,5.16,4.96,5.05,137600,5.05
2004-10-07,5.05,5.15,4.94,5.07,128100,5.07
2004-10-06,4.98,5.13,4.80,5.13,52800,5.13
2004-10-05,5.13,5.21,4.83,5.06,124500,5.06
2004-10-04,4.84,5.21,4.80,5.12,205100,5.12
2004-10-01,4.35,4.80,4.35,4.73,384200,4.73
2004-09-30,4.24,4.32,4.18,4.18,112500,4.18
2004-09-29,4.35,4.35,4.00,4.23,140500,4.23
2004-09-28,4.41,4.41,4.10,4.22,113100,4.22
2004-09-27,4.54,4.76,4.34,4.34,113200,4.34
2004-09-24,4.89,5.09,4.61,4.65,117900,4.65
2004-09-23,4.84,5.14,4.75,4.91,114000,4.91
2004-09-22,4.89,5.04,4.79,4.92,70200,4.92
2004-09-21,5.05,5.27,4.90,5.00,93800,5.00
2004-09-20,5.15,5.23,4.96,5.18,81500,5.18
2004-09-17,4.81,5.30,4.75,5.02,181100,5.02
2004-09-16,4.87,4.91,4.70,4.82,36500,4.82
2004-09-15,4.69,4.91,4.54,4.81,32900,4.81
2004-09-14,4.76,4.83,4.64,4.70,51800,4.70
2004-09-13,4.90,4.95,4.77,4.79,162900,4.79
2004-09-10,4.97,5.02,4.84,5.02,131700,5.02
2004-09-09,4.71,5.02,4.53,4.94,170100,4.94
2004-09-08,4.50,4.75,4.50,4.61,87400,4.61
2004-09-07,4.75,4.82,4.43,4.50,193800,4.50
2004-09-03,4.86,4.89,4.55,4.74,115500,4.74
2004-09-02,4.61,4.87,4.61,4.79,63500,4.79
2004-09-01,4.90,5.56,4.67,4.80,217300,4.80
2004-08-31,4.85,4.86,4.66,4.86,158600,4.86
2004-08-30,4.70,4.91,4.68,4.87,42600,4.87
2004-08-27,4.80,4.95,4.75,4.84,152300,4.84
2004-08-26,4.90,4.90,4.75,4.85,190100,4.85
2004-08-25,4.83,4.89,4.67,4.89,187000,4.89
2004-08-24,5.02,5.02,4.64,4.83,142600,4.83
2004-08-23,5.00,5.001,4.50,4.80,107900,4.80
2004-08-20,4.79,5.05,4.72,4.81,125200,4.81
2004-08-19,5.00,5.00,4.75,4.83,116100,4.83
