Date,Open,High,Low,Close,Volume,Adj Close
2016-04-15,17.280001,17.49,17.25,17.40,89300,17.40
2016-04-14,17.440001,17.440001,17.32,17.32,76500,17.32
2016-04-13,17.469999,17.469999,17.35,17.41,93700,17.41
2016-04-12,17.35,17.40,17.200001,17.370001,65900,17.370001
2016-04-11,17.15,17.40,17.15,17.25,83700,17.25
2016-04-08,17.219999,17.33,17.09,17.139999,74500,17.139999
2016-04-07,17.35,17.35,17.139999,17.209999,90100,17.209999
2016-04-06,17.26,17.379999,17.16,17.33,65500,17.33
2016-04-05,17.24,17.32,17.16,17.190001,58500,17.190001
2016-04-04,17.40,17.40,17.23,17.27,56600,17.27
2016-04-01,17.309999,17.41,17.280001,17.40,70800,17.40
2016-03-31,17.200001,17.34,17.200001,17.309999,162200,17.309999
2016-03-30,17.459999,17.459999,17.25,17.25,150200,17.25
2016-03-29,17.219999,17.40,17.129999,17.379999,169700,17.379999
2016-03-28,17.200001,17.280001,17.059999,17.16,126700,17.16
2016-03-24,17.16,17.23,16.92,17.209999,94800,17.209999
2016-03-23,17.299999,17.299999,17.049999,17.059999,77100,17.059999
2016-03-22,17.200001,17.27,17.139999,17.26,83300,17.26
2016-03-21,17.24,17.33,17.190001,17.25,69600,17.25
2016-03-18,17.360001,17.379999,17.17,17.24,149700,17.24
2016-03-17,17.23,17.379999,17.209999,17.32,219000,17.32
2016-03-16,17.200001,17.280001,17.10,17.25,205200,17.25
2016-03-15,16.98,17.23,16.98,17.15,180900,17.15
2016-03-14,17.040001,17.120001,16.959999,17.049999,111000,17.049999
2016-03-11,16.879999,17.120001,16.879999,17.02,171100,17.02
2016-03-10,16.75,16.889999,16.74,16.870001,87200,16.870001
2016-03-09,16.82,16.959999,16.700001,16.77,179300,16.77
2016-03-08,16.75,17.139999,16.60,16.860001,192300,16.860001
2016-03-07,16.700001,16.93,16.700001,16.85,95600,16.85
2016-03-04,16.870001,16.950001,16.700001,16.73,144000,16.73
2016-03-03,16.74,16.85,16.610001,16.700001,247300,16.700001
2016-03-02,16.559999,16.959999,16.50,16.91,172200,16.59
2016-03-01,16.809999,16.809999,16.450001,16.610001,117500,16.295678
2016-02-29,16.58,16.780001,16.35,16.67,152700,16.354542
2016-02-26,16.48,16.77,16.41,16.52,123700,16.207381
2016-02-25,15.99,16.35,15.99,16.34,425700,16.030787
2016-02-24,15.95,16.09,15.82,16.059999,57200,15.756085
2016-02-23,16.040001,16.450001,15.91,16.10,162900,15.795329
2016-02-22,16.200001,16.219999,16.00,16.17,149400,15.864004
2016-02-19,15.97,16.209999,15.95,16.139999,93900,15.834571
2016-02-18,16.139999,16.17,15.95,16.08,122400,15.775707
2016-02-17,16.00,16.17,15.88,16.040001,152900,15.736465
2016-02-16,15.64,15.92,15.61,15.91,94800,15.608924
2016-02-12,15.59,15.68,15.39,15.61,148700,15.314601
2016-02-11,15.31,15.55,15.24,15.51,157200,15.216494
2016-02-10,15.23,15.77,15.13,15.43,182700,15.138008
2016-02-09,15.32,15.74,15.09,15.23,164500,14.941792
2016-02-08,15.25,15.77,15.16,15.39,158600,15.098765
2016-02-05,15.59,15.68,15.30,15.39,125300,15.098765
2016-02-04,15.58,15.73,15.25,15.58,73400,15.285169
2016-02-03,15.54,15.73,15.25,15.60,103100,15.304791
2016-02-02,15.58,15.66,15.40,15.48,144500,15.187061
2016-02-01,15.41,15.80,15.30,15.75,108300,15.451952
2016-01-29,15.68,15.82,15.50,15.54,215600,15.245926
2016-01-28,16.01,16.01,15.55,15.59,125300,15.29498
2016-01-27,15.84,16.08,15.74,15.91,136400,15.608924
2016-01-26,15.58,15.86,15.58,15.85,138100,15.55006
2016-01-25,15.79,15.85,15.55,15.60,154600,15.304791
2016-01-22,15.72,15.96,15.62,15.90,127900,15.599113
2016-01-21,15.40,15.81,15.40,15.62,143900,15.324412
2016-01-20,15.60,15.69,14.80,15.43,507600,15.138008
2016-01-19,16.24,16.26,15.68,15.77,180700,15.471574
2016-01-15,16.01,16.209999,15.69,16.059999,298900,15.756085
2016-01-14,16.190001,16.27,16.030001,16.030001,259000,15.726654
2016-01-13,16.24,16.57,16.209999,16.219999,153200,15.913057
2016-01-12,16.32,16.33,16.02,16.26,253500,15.952301
2016-01-11,16.549999,16.620001,16.25,16.299999,116700,15.991543
2016-01-08,16.66,16.83,16.50,16.50,83200,16.187759
2016-01-07,16.85,16.91,16.60,16.610001,101300,16.295678
2016-01-06,16.719999,17.00,16.68,16.92,114400,16.599811
2016-01-05,16.870001,16.879999,16.620001,16.75,127200,16.433028
2016-01-04,16.52,16.889999,16.52,16.82,96700,16.501703
2015-12-31,16.799999,16.92,16.629999,16.629999,98500,16.315298
2015-12-30,16.77,16.889999,16.700001,16.85,127400,16.531136
2015-12-29,16.799999,16.870001,16.52,16.76,232800,16.442839
2015-12-28,16.92,16.98,16.700001,16.77,122700,16.45265
2015-12-24,16.959999,17.139999,16.93,17.030001,83900,16.70773
2015-12-23,16.969999,17.23,16.780001,16.879999,197800,16.560567
2015-12-22,16.76,16.93,16.629999,16.870001,179200,16.550758
2015-12-21,16.50,16.780001,16.50,16.74,300500,16.423217
2015-12-18,16.790001,16.879999,16.33,16.41,322500,16.099462
2015-12-17,16.90,16.940001,16.799999,16.84,107200,16.521325
2015-12-16,16.68,16.90,16.57,16.84,152300,16.521325
2015-12-15,16.24,16.60,16.24,16.530001,348900,16.217192
2015-12-14,16.65,16.75,16.07,16.139999,307100,15.834571
2015-12-11,16.82,16.92,16.540001,16.610001,201500,16.295678
2015-12-10,16.870001,17.049999,16.809999,16.83,201400,16.511514
2015-12-09,17.110001,17.15,16.809999,16.84,247800,16.521325
2015-12-08,17.370001,17.48,17.17,17.360001,251100,16.717541
2015-12-07,17.33,17.440001,17.09,17.41,265400,16.76569
2015-12-04,17.200001,17.360001,17.16,17.35,157200,16.707911
2015-12-03,17.459999,17.50,17.129999,17.139999,180900,16.505681
2015-12-02,17.450001,17.58,17.309999,17.379999,222100,16.736799
2015-12-01,17.34,17.50,17.34,17.469999,216300,16.823469
2015-11-30,17.370001,17.440001,17.26,17.41,281500,16.76569
2015-11-27,17.34,17.35,17.26,17.34,43900,16.698281
2015-11-25,17.290001,17.35,17.25,17.26,109000,16.621241
2015-11-24,17.16,17.280001,17.08,17.27,136500,16.630871
2015-11-23,17.049999,17.25,16.98,17.219999,168200,16.582721
2015-11-20,17.00,17.08,16.940001,17.030001,129100,16.399754
2015-11-19,16.99,17.00,16.83,16.98,130600,16.351603
2015-11-18,17.02,17.02,16.83,16.98,130400,16.351603
2015-11-17,17.040001,17.040001,16.83,16.91,118400,16.284194
2015-11-16,16.75,17.00,16.74,16.959999,85900,16.332343
2015-11-13,16.690001,16.860001,16.60,16.809999,82900,16.187894
2015-11-12,16.76,16.83,16.629999,16.73,108500,16.110855
2015-11-11,16.780001,16.940001,16.73,16.90,75500,16.274564
2015-11-10,16.790001,16.99,16.77,16.83,152000,16.207154
2015-11-09,16.91,17.16,16.870001,16.90,199500,16.274564
2015-11-06,17.00,17.08,16.860001,17.049999,146200,16.419012
2015-11-05,16.93,17.00,16.85,16.969999,108400,16.341973
2015-11-04,16.889999,16.940001,16.790001,16.91,157700,16.284194
2015-11-03,16.65,16.98,16.459999,16.889999,189400,16.264933
2015-11-02,16.42,16.639999,16.370001,16.620001,157100,16.004927
2015-10-30,16.43,16.49,16.27,16.370001,156900,15.764179
2015-10-29,16.26,16.450001,16.24,16.370001,138500,15.764179
2015-10-28,16.209999,16.42,16.190001,16.280001,207000,15.67751
2015-10-27,16.41,16.469999,16.18,16.290001,147000,15.68714
2015-10-26,16.75,16.83,16.43,16.50,159400,15.889367
2015-10-23,16.60,16.799999,16.60,16.75,142500,16.130115
2015-10-22,16.66,16.799999,16.58,16.59,116100,15.976037
2015-10-21,16.870001,16.92,16.620001,16.639999,146600,16.024186
2015-10-20,16.73,16.90,16.73,16.860001,135500,16.236045
2015-10-19,16.709999,16.82,16.709999,16.790001,106600,16.168636
2015-10-16,16.559999,16.76,16.49,16.74,138100,16.120485
2015-10-15,16.42,16.60,16.370001,16.530001,97300,15.918258
2015-10-14,16.41,16.549999,16.360001,16.379999,55800,15.773807
2015-10-13,16.51,16.59,16.389999,16.440001,69500,15.831588
2015-10-12,16.549999,16.620001,16.51,16.60,92000,15.985667
2015-10-09,16.58,16.65,16.41,16.49,101200,15.879737
2015-10-08,16.51,16.65,16.450001,16.57,104900,15.956776
2015-10-07,16.34,16.629999,16.34,16.559999,115000,15.947146
2015-10-06,16.219999,16.299999,16.110001,16.290001,93000,15.68714
2015-10-05,16.200001,16.370001,16.139999,16.24,174800,15.638989
2015-10-02,16.040001,16.139999,16.01,16.120001,181900,15.523431
2015-10-01,15.95,16.200001,15.92,16.139999,295300,15.54269
2015-09-30,15.95,16.07,15.90,15.98,434500,15.388611
2015-09-29,16.42,16.530001,15.89,15.90,505000,15.311572
2015-09-28,16.68,16.76,16.27,16.35,353700,15.744919
2015-09-25,16.709999,16.870001,16.51,16.75,209300,16.130115
2015-09-24,16.67,16.77,16.58,16.610001,258300,15.995297
2015-09-23,16.799999,16.940001,16.690001,16.75,176400,16.130115
2015-09-22,16.73,16.870001,16.610001,16.790001,117600,16.168636
2015-09-21,16.84,16.940001,16.719999,16.809999,89500,16.187894
2015-09-18,16.75,16.84,16.67,16.84,193200,16.216785
2015-09-17,16.950001,17.040001,16.73,16.77,130800,16.149375
2015-09-16,17.040001,17.059999,16.889999,17.01,104700,16.380493
2015-09-15,17.00,17.129999,16.940001,17.02,95300,16.390123
2015-09-14,17.040001,17.08,16.98,17.040001,105200,16.409384
2015-09-11,17.00,17.059999,16.99,17.049999,105900,16.419012
2015-09-10,17.299999,17.35,17.01,17.059999,177400,16.428642
2015-09-09,17.219999,17.35,17.02,17.02,231200,16.390123
2015-09-08,17.190001,17.299999,16.969999,17.129999,246200,16.496051
2015-09-04,16.870001,17.10,16.82,17.07,221500,16.438272
2015-09-03,17.00,17.129999,16.889999,16.92,257400,16.293824
2015-09-02,16.83,17.129999,16.809999,17.059999,244000,16.428642
2015-09-01,16.889999,17.15,16.799999,17.08,415500,16.139745
2015-08-31,16.620001,16.799999,16.549999,16.780001,154200,15.85626
2015-08-28,16.58,16.719999,16.50,16.65,160900,15.733416
2015-08-27,16.57,16.870001,16.440001,16.58,239800,15.66727
2015-08-26,16.27,16.559999,16.27,16.48,254200,15.572774
2015-08-25,16.65,16.65,16.26,16.27,461000,15.374336
2015-08-24,16.200001,16.620001,16.02,16.48,478500,15.572774
2015-08-21,16.52,16.59,16.41,16.52,250500,15.610573
2015-08-20,16.469999,16.610001,16.469999,16.48,87600,15.572774
2015-08-19,16.58,16.66,16.43,16.58,99400,15.66727
2015-08-18,16.530001,16.68,16.530001,16.629999,59800,15.714516
2015-08-17,16.450001,16.74,16.42,16.549999,155000,15.638921
2015-08-14,16.549999,16.59,16.389999,16.51,108500,15.601123
2015-08-13,16.51,16.74,16.459999,16.610001,85400,15.695619
2015-08-12,16.379999,16.57,16.23,16.530001,152000,15.620023
2015-08-11,16.41,16.58,16.389999,16.50,111500,15.591674
2015-08-10,16.68,16.719999,16.50,16.559999,100000,15.64837
2015-08-07,16.60,16.780001,16.379999,16.40,170200,15.497178
2015-08-06,16.200001,16.719999,16.120001,16.610001,177000,15.695619
2015-08-05,16.299999,16.389999,16.049999,16.059999,150600,15.175895
2015-08-04,16.139999,16.34,16.139999,16.280001,139800,15.383785
2015-08-03,16.200001,16.26,16.059999,16.17,121900,15.27984
2015-07-31,16.18,16.35,16.16,16.299999,90600,15.402683
2015-07-30,16.129999,16.360001,16.120001,16.18,93200,15.28929
2015-07-29,16.040001,16.129999,16.040001,16.09,127500,15.204244
2015-07-28,16.07,16.25,16.02,16.049999,219100,15.166446
2015-07-27,16.049999,16.129999,16.02,16.030001,186300,15.147548
2015-07-24,16.07,16.15,16.02,16.049999,142700,15.166446
2015-07-23,16.110001,16.24,16.07,16.07,145400,15.185345
2015-07-22,16.10,16.200001,16.07,16.110001,168400,15.223144
2015-07-21,16.200001,16.35,16.09,16.110001,232500,15.223144
2015-07-20,16.360001,16.370001,16.200001,16.23,79300,15.336537
2015-07-17,16.50,16.57,16.32,16.389999,128300,15.487729
2015-07-16,16.469999,16.620001,16.469999,16.549999,156300,15.638921
2015-07-15,16.50,16.57,16.450001,16.51,108900,15.601123
2015-07-14,16.35,16.549999,16.35,16.530001,163000,15.620023
2015-07-13,16.27,16.450001,16.23,16.389999,149900,15.487729
2015-07-10,16.299999,16.33,16.15,16.18,197600,15.28929
2015-07-09,16.10,16.290001,16.10,16.129999,301600,15.242041
2015-07-08,16.18,16.190001,16.07,16.10,333900,15.213694
2015-07-07,16.35,16.360001,15.93,16.18,397200,15.28929
2015-07-06,16.389999,16.440001,16.280001,16.370001,133600,15.468831
2015-07-02,16.25,16.42,16.25,16.35,122800,15.449932
2015-07-01,16.549999,16.75,16.25,16.32,212500,15.421582
2015-06-30,16.719999,16.83,16.52,16.559999,253200,15.64837
2015-06-29,16.799999,16.83,16.57,16.66,297800,15.742866
2015-06-26,16.77,16.84,16.74,16.75,105600,15.827911
2015-06-25,16.83,16.860001,16.76,16.77,103200,15.846811
2015-06-24,16.809999,16.90,16.799999,16.870001,173800,15.941306
2015-06-23,16.700001,16.799999,16.620001,16.77,150100,15.846811
2015-06-22,16.870001,16.870001,16.610001,16.66,135900,15.742866
2015-06-19,16.870001,16.940001,16.58,16.73,163200,15.809012
2015-06-18,16.709999,16.91,16.700001,16.860001,97900,15.931856
2015-06-17,16.709999,16.85,16.709999,16.780001,95400,15.85626
2015-06-16,16.82,16.99,16.74,16.76,176700,15.837361
2015-06-15,17.120001,17.280001,17.120001,17.209999,138600,15.960203
2015-06-12,17.25,17.360001,17.209999,17.360001,113700,16.099312
2015-06-11,17.07,17.299999,16.92,17.26,268800,16.006573
2015-06-10,17.299999,17.360001,17.10,17.120001,193200,15.876741
2015-06-09,17.280001,17.33,17.18,17.23,148900,15.978751
2015-06-08,17.27,17.34,17.209999,17.32,111300,16.062216
2015-06-05,17.33,17.33,17.120001,17.280001,101100,16.025121
2015-06-04,17.440001,17.440001,17.309999,17.360001,78300,16.099312
2015-06-03,17.299999,17.42,17.190001,17.42,79800,16.154954
2015-06-02,17.25,17.33,17.219999,17.280001,72900,16.025121
2015-06-01,17.309999,17.33,17.200001,17.23,80500,15.978751
2015-05-29,17.35,17.43,17.120001,17.32,178200,16.062216
2015-05-28,17.15,17.35,17.139999,17.33,127000,16.07149
2015-05-27,17.059999,17.290001,17.059999,17.23,128200,15.978751
2015-05-26,17.10,17.280001,17.01,17.17,172700,15.923109
2015-05-22,17.049999,17.24,17.040001,17.16,128900,15.913835
2015-05-21,17.129999,17.17,17.040001,17.10,114900,15.858193
2015-05-20,17.129999,17.24,17.110001,17.16,96400,15.913835
2015-05-19,17.15,17.190001,17.049999,17.129999,150200,15.886013
2015-05-18,16.969999,17.17,16.940001,17.139999,121200,15.895287
2015-05-15,16.870001,17.09,16.860001,17.040001,91300,15.80255
2015-05-14,16.84,16.98,16.790001,16.959999,126600,15.728358
2015-05-13,16.950001,17.02,16.76,16.799999,151600,15.579978
2015-05-12,17.00,17.139999,16.870001,16.959999,278400,15.728358
2015-05-11,17.00,17.299999,17.00,17.16,154100,15.913835
2015-05-08,17.17,17.209999,16.99,17.059999,176900,15.821097
2015-05-07,17.190001,17.309999,17.139999,17.190001,128600,15.941657
2015-05-06,17.51,17.51,17.120001,17.299999,146500,16.043668
2015-05-05,17.41,17.50,17.25,17.40,221400,16.136406
2015-05-04,17.450001,17.610001,17.42,17.450001,175000,16.182776
2015-05-01,17.530001,17.639999,17.43,17.50,101500,16.229144
2015-04-30,17.530001,17.610001,17.43,17.559999,146200,16.284786
2015-04-29,17.59,17.77,17.549999,17.57,119000,16.29406
2015-04-28,17.51,17.73,17.450001,17.709999,177700,16.423893
2015-04-27,17.68,17.68,17.42,17.549999,198700,16.275512
2015-04-24,17.799999,17.799999,17.620001,17.67,152700,16.386799
2015-04-23,17.76,17.90,17.65,17.90,175000,16.600096
2015-04-22,17.559999,17.719999,17.51,17.709999,169100,16.423893
2015-04-21,17.700001,17.74,17.59,17.620001,138900,16.340431
2015-04-20,17.790001,17.82,17.709999,17.74,179600,16.451715
2015-04-17,17.65,17.799999,17.620001,17.73,231700,16.442441
2015-04-16,17.719999,17.84,17.629999,17.76,282600,16.470263
2015-04-15,17.74,17.92,17.559999,17.879999,337500,16.581548
2015-04-14,17.65,17.75,17.57,17.719999,315400,16.433167
2015-04-13,17.60,17.73,17.530001,17.65,367800,16.368251
2015-04-10,17.40,17.700001,17.360001,17.65,1097000,16.368251
2015-04-09,17.610001,17.809999,17.58,17.780001,125700,16.488811
2015-04-08,17.809999,17.85,17.629999,17.65,82100,16.368251
2015-04-07,17.77,17.98,17.77,17.870001,102800,16.572275
2015-04-06,17.639999,17.90,17.549999,17.879999,90200,16.581548
2015-04-02,17.50,17.67,17.50,17.639999,72400,16.358977
2015-04-01,17.50,17.559999,17.389999,17.51,138700,16.238418
2015-03-31,17.65,17.99,17.51,17.549999,252600,16.275512
2015-03-30,17.84,17.92,17.700001,17.84,137500,16.544453
2015-03-27,17.77,17.91,17.700001,17.799999,152800,16.507357
2015-03-26,17.709999,17.85,17.60,17.690001,179000,16.405347
2015-03-25,17.559999,17.799999,17.51,17.76,254800,16.470263
2015-03-24,17.50,17.60,17.43,17.549999,66600,16.275512
2015-03-23,17.49,17.60,17.379999,17.540001,80200,16.26624
2015-03-20,17.280001,17.52,17.23,17.49,164000,16.21987
2015-03-19,17.09,17.299999,16.99,17.299999,416400,16.043668
2015-03-18,17.379999,17.379999,17.00,17.049999,340200,15.811823
2015-03-17,17.68,17.709999,17.450001,17.700001,117200,16.117859
2015-03-16,17.67,17.68,17.50,17.559999,119200,15.990372
2015-03-13,17.60,17.67,17.40,17.629999,99100,16.054115
2015-03-12,17.540001,17.67,17.469999,17.58,97700,16.008585
2015-03-11,17.50,17.57,17.41,17.51,67100,15.944842
2015-03-10,17.50,17.59,17.389999,17.51,131000,15.944842
2015-03-09,17.60,17.690001,17.540001,17.57,64600,15.999479
2015-03-06,17.549999,17.690001,17.50,17.60,108800,16.026798
2015-03-05,17.65,17.700001,17.51,17.65,133800,16.072328
2015-03-04,17.629999,17.75,17.530001,17.620001,137100,16.04501
2015-03-03,17.690001,17.799999,17.610001,17.68,149100,16.099647
2015-03-02,17.809999,17.83,17.629999,17.790001,95300,16.199815
2015-02-27,17.690001,17.799999,17.620001,17.76,205600,16.172496
2015-02-26,17.620001,17.74,17.540001,17.68,77400,16.099647
2015-02-25,17.540001,17.66,17.459999,17.65,83100,16.072328
2015-02-24,17.51,17.59,17.450001,17.51,63900,15.944842
2015-02-23,17.51,17.559999,17.440001,17.530001,85000,15.963055
2015-02-20,17.50,17.60,17.48,17.58,96600,16.008585
2015-02-19,17.50,17.629999,17.440001,17.620001,65200,16.04501
2015-02-18,17.49,17.709999,17.469999,17.610001,85300,16.035904
2015-02-17,17.50,17.690001,17.370001,17.59,160400,16.017691
2015-02-13,17.57,17.65,17.450001,17.51,180800,15.944842
2015-02-12,17.299999,17.700001,17.299999,17.57,241800,15.999479
2015-02-11,17.450001,17.50,17.26,17.35,190400,15.799144
2015-02-10,17.459999,17.700001,17.35,17.469999,302100,15.908417
2015-02-09,17.860001,17.950001,17.549999,17.620001,300600,16.04501
2015-02-06,17.799999,17.940001,17.549999,17.799999,337400,16.208919
2015-02-05,17.91,18.040001,17.709999,17.799999,221000,16.208919
2015-02-04,17.98,17.98,17.66,17.809999,128800,16.218026
2015-02-03,17.68,18.00,17.59,17.99,189600,16.381936
2015-02-02,17.860001,17.860001,17.25,17.639999,306500,16.063221
2015-01-30,17.860001,17.969999,17.75,17.84,64000,16.245345
2015-01-29,17.83,17.99,17.719999,17.959999,102900,16.354617
2015-01-28,18.059999,18.059999,17.530001,17.68,238100,16.099647
2015-01-27,17.93,17.950001,17.75,17.780001,119500,16.190708
2015-01-26,17.84,18.049999,17.74,17.98,97600,16.37283
2015-01-23,18.059999,18.07,17.870001,17.91,77500,16.309087
2015-01-22,18.00,18.07,17.93,18.040001,112400,16.427468
2015-01-21,17.73,18.01,17.549999,17.92,123400,16.318194
2015-01-20,17.67,17.799999,17.40,17.780001,107800,16.190708
2015-01-16,17.639999,17.82,17.440001,17.66,167400,16.081434
2015-01-15,17.690001,17.860001,17.57,17.74,141100,16.154283
2015-01-14,17.73,17.889999,17.379999,17.58,139900,16.008585
2015-01-13,18.00,18.00,17.719999,17.889999,113800,16.290875
2015-01-12,17.959999,18.00,17.709999,17.98,106300,16.37283
2015-01-09,17.889999,18.00,17.76,17.93,142400,16.3273
2015-01-08,17.77,17.98,17.77,17.90,77300,16.299981
2015-01-07,17.700001,17.879999,17.68,17.790001,129500,16.199815
2015-01-06,17.700001,17.82,17.58,17.709999,106400,16.126964
2015-01-05,17.700001,17.98,17.700001,17.719999,111400,16.13607
2015-01-02,17.940001,18.02,17.52,17.790001,197900,16.199815
2014-12-31,18.08,18.209999,17.84,17.93,368800,16.3273
2014-12-30,17.85,18.16,17.85,18.15,238900,16.527634
2014-12-29,18.00,18.01,17.809999,17.90,120100,16.299981
2014-12-26,18.02,18.02,17.82,17.82,51100,16.227132
2014-12-24,18.00,18.120001,17.98,18.02,92200,16.409255
2014-12-23,17.950001,18.049999,17.59,18.00,224600,16.391043
2014-12-22,17.440001,17.969999,17.440001,17.91,315900,16.309087
2014-12-19,17.549999,17.60,17.370001,17.440001,164200,15.8811
2014-12-18,17.25,17.60,17.25,17.559999,282200,15.990372
2014-12-17,16.950001,17.48,16.90,17.17,160700,15.635233
2014-12-16,17.09,17.290001,16.90,17.02,162300,15.498642
2014-12-15,17.139999,17.65,17.09,17.32,301100,15.480429
2014-12-12,17.059999,17.290001,16.84,16.91,231100,15.113976
2014-12-11,17.41,17.42,17.110001,17.17,238800,15.346361
2014-12-10,17.559999,17.65,17.299999,17.389999,207300,15.542994
2014-12-09,17.48,17.67,17.389999,17.58,156200,15.712815
2014-12-08,17.75,17.75,17.43,17.59,201200,15.721753
2014-12-05,17.809999,17.860001,17.65,17.74,139300,15.855821
2014-12-04,17.68,17.860001,17.450001,17.83,305600,15.936262
2014-12-03,17.530001,17.65,17.379999,17.620001,152700,15.748567
2014-12-02,17.68,17.719999,17.40,17.51,116000,15.65025
2014-12-01,17.700001,17.84,17.40,17.57,207500,15.703877
2014-11-28,17.700001,18.43,17.700001,17.76,122300,15.873697
2014-11-26,17.469999,17.65,17.469999,17.629999,147500,15.757503
2014-11-25,17.450001,17.559999,17.32,17.559999,142300,15.694938
2014-11-24,17.50,17.57,17.389999,17.40,126800,15.551932
2014-11-21,17.65,17.65,17.33,17.40,156000,15.551932
2014-11-20,17.290001,17.629999,17.209999,17.50,213400,15.641312
2014-11-19,17.620001,17.65,17.280001,17.299999,208400,15.462553
2014-11-18,17.25,17.530001,17.25,17.43,208900,15.578747
2014-11-17,17.34,17.49,17.26,17.290001,121500,15.453617
2014-11-14,17.42,17.49,17.360001,17.440001,64300,15.587685
2014-11-13,17.360001,17.50,17.290001,17.379999,105000,15.534056
2014-11-12,17.35,17.49,17.309999,17.450001,147900,15.596623
2014-11-11,17.25,17.40,17.25,17.34,103400,15.498305
2014-11-10,17.32,17.389999,17.139999,17.32,135300,15.480429
2014-11-07,17.23,17.41,17.09,17.23,198200,15.399988
2014-11-06,17.190001,17.309999,16.90,17.15,105800,15.328485
2014-11-05,17.40,17.40,16.91,17.15,135500,15.328485
2014-11-04,17.24,17.280001,16.91,17.120001,134700,15.301672
2014-11-03,17.290001,17.379999,17.120001,17.209999,115600,15.382112
2014-10-31,17.309999,17.389999,17.10,17.33,146200,15.489367
2014-10-30,17.120001,17.299999,17.040001,17.18,129900,15.355299
2014-10-29,17.129999,17.23,17.01,17.120001,137300,15.301672
2014-10-28,17.10,17.129999,16.92,17.08,195000,15.26592
2014-10-27,16.93,17.18,16.870001,17.120001,173200,15.301672
2014-10-24,16.860001,17.02,16.709999,16.93,152500,15.131852
2014-10-23,16.870001,16.99,16.690001,16.780001,139400,14.997784
2014-10-22,16.690001,16.879999,16.690001,16.809999,186400,15.024597
2014-10-21,16.549999,16.790001,16.540001,16.709999,197600,14.935217
2014-10-20,16.719999,16.780001,16.469999,16.50,190800,14.747522
2014-10-17,16.629999,16.809999,16.48,16.59,123400,14.827963
2014-10-16,16.32,16.620001,16.190001,16.52,328500,14.765399
2014-10-15,16.25,16.51,16.02,16.459999,296900,14.71177
2014-10-14,16.469999,16.610001,16.35,16.370001,180300,14.63133
2014-10-13,16.450001,16.629999,16.33,16.50,193300,14.747522
2014-10-10,16.469999,16.629999,16.32,16.51,316700,14.75646
2014-10-09,16.469999,16.559999,16.309999,16.40,217800,14.658143
2014-10-08,16.440001,16.50,16.280001,16.42,328400,14.676019
2014-10-07,16.40,16.58,16.34,16.50,182400,14.747522
2014-10-06,16.33,16.60,16.309999,16.540001,343300,14.783275
2014-10-03,16.33,16.34,16.209999,16.23,125400,14.506199
2014-10-02,16.16,16.51,16.16,16.26,352400,14.533013
2014-10-01,15.98,16.23,15.92,16.15,312900,14.434696
2014-09-30,16.15,16.18,15.95,15.95,392600,14.255938
2014-09-29,16.219999,16.23,16.030001,16.09,271800,14.381069
2014-09-26,16.35,16.35,16.110001,16.290001,206800,14.559827
2014-09-25,16.08,16.219999,16.049999,16.219999,186900,14.497261
2014-09-24,16.27,16.27,16.00,16.110001,252800,14.398945
2014-09-23,16.17,16.309999,16.10,16.219999,252000,14.497261
2014-09-22,16.200001,16.25,16.02,16.129999,152200,14.41682
2014-09-19,16.440001,16.459999,16.08,16.209999,225900,14.488323
2014-09-18,16.540001,16.540001,16.309999,16.35,225000,14.613454
2014-09-17,16.51,16.549999,16.41,16.48,142800,14.729646
2014-09-16,16.459999,16.530001,16.40,16.440001,148400,14.693895
2014-09-15,16.84,16.84,16.450001,16.48,227800,14.729646
2014-09-12,17.040001,17.24,16.799999,16.82,246500,15.033535
2014-09-11,17.23,17.379999,17.16,17.35,114900,15.221231
2014-09-10,17.34,17.389999,17.190001,17.24,116800,15.124727
2014-09-09,17.450001,17.559999,17.25,17.290001,103400,15.168593
2014-09-08,17.58,17.639999,17.40,17.43,93600,15.291416
2014-09-05,17.540001,17.780001,17.40,17.530001,101900,15.379146
2014-09-04,17.85,17.85,17.50,17.51,234400,15.3616
2014-09-03,18.00,18.00,17.700001,17.77,199600,15.589699
2014-09-02,17.809999,17.950001,17.67,17.799999,251300,15.616017
2014-08-29,17.610001,17.700001,17.40,17.690001,273800,15.519515
2014-08-28,17.27,17.559999,17.25,17.530001,242400,15.379146
2014-08-27,17.299999,17.309999,17.09,17.26,117400,15.142274
2014-08-26,17.25,17.25,17.040001,17.209999,166000,15.098407
2014-08-25,17.01,17.200001,16.93,17.190001,186200,15.080863
2014-08-22,16.969999,17.00,16.790001,16.91,71300,14.835217
2014-08-21,16.65,17.00,16.65,16.92,218100,14.84399
2014-08-20,16.549999,16.84,16.50,16.780001,285700,14.721168
2014-08-19,16.860001,16.92,16.67,16.74,158800,14.686075
2014-08-18,16.690001,16.860001,16.57,16.85,152100,14.782579
2014-08-15,16.66,16.74,16.48,16.629999,92700,14.589571
2014-08-14,16.73,16.73,16.50,16.639999,105200,14.598344
2014-08-13,16.60,16.68,16.469999,16.66,150400,14.615891
2014-08-12,16.48,16.66,16.370001,16.51,193800,14.484295
2014-08-11,16.40,16.58,16.25,16.49,127200,14.466749
2014-08-08,16.35,16.59,16.299999,16.389999,131700,14.379018
2014-08-07,16.629999,16.860001,16.16,16.35,186100,14.343927
2014-08-06,16.379999,16.58,16.370001,16.52,158800,14.493069
2014-08-05,16.52,16.52,16.35,16.450001,77100,14.431658
2014-08-04,16.299999,16.549999,16.299999,16.540001,156200,14.510615
2014-08-01,16.58,16.620001,16.27,16.299999,312300,14.300061
2014-07-31,16.76,16.93,16.51,16.610001,340700,14.572026
2014-07-30,17.120001,17.120001,16.84,16.91,336700,14.835217
2014-07-29,17.10,17.360001,17.059999,17.09,211200,14.993132
2014-07-28,17.299999,17.299999,17.049999,17.139999,251800,15.036996
2014-07-25,17.35,17.440001,17.26,17.299999,124600,15.177365
2014-07-24,17.459999,17.559999,17.370001,17.40,86400,15.265096
2014-07-23,17.299999,17.50,17.299999,17.450001,124100,15.308962
2014-07-22,17.52,17.52,17.24,17.26,230800,15.142274
2014-07-21,17.299999,17.450001,17.24,17.42,138200,15.282642
2014-07-18,17.209999,17.370001,17.190001,17.280001,126800,15.15982
2014-07-17,17.299999,17.469999,17.139999,17.139999,155200,15.036996
2014-07-16,17.389999,17.50,17.280001,17.33,160200,15.203685
2014-07-15,17.559999,17.68,17.33,17.389999,181100,15.256323
2014-07-14,17.469999,17.719999,17.34,17.50,136200,15.352827
2014-07-11,17.41,17.58,17.299999,17.389999,174600,15.256323
2014-07-10,17.469999,17.48,17.299999,17.440001,151700,15.300189
2014-07-09,17.389999,17.58,17.35,17.559999,149200,15.405464
2014-07-08,17.450001,17.469999,17.15,17.360001,316500,15.230004
2014-07-07,17.549999,17.559999,17.41,17.459999,267600,15.317734
2014-07-03,17.77,17.84,17.50,17.58,130000,15.423011
2014-07-02,17.83,17.870001,17.629999,17.74,231700,15.563379
2014-07-01,17.639999,17.93,17.559999,17.77,364400,15.589699
2014-06-30,17.93,17.93,17.67,17.700001,418500,15.528288
2014-06-27,17.84,17.969999,17.639999,17.969999,5895400,15.765159
2014-06-26,17.25,17.799999,17.200001,17.799999,570400,15.616017
2014-06-25,17.00,17.25,16.98,17.23,284300,15.115954
2014-06-24,17.049999,17.24,17.00,17.01,393800,14.922948
2014-06-23,17.059999,17.290001,17.00,17.040001,265100,14.949267
2014-06-20,17.25,17.25,17.049999,17.09,546000,14.993132
2014-06-19,17.15,17.280001,17.059999,17.24,293700,15.124727
2014-06-18,17.25,17.280001,16.959999,17.18,348500,15.072089
2014-06-17,17.25,17.379999,17.209999,17.280001,363300,15.15982
2014-06-16,17.17,17.379999,17.09,17.299999,190500,15.177365
2014-06-13,17.379999,17.389999,17.08,17.129999,189000,15.028223
2014-06-12,17.200001,17.360001,17.08,17.299999,248600,15.177365
2014-06-11,17.58,17.719999,17.440001,17.49,191400,15.063315
2014-06-10,17.85,17.889999,17.530001,17.60,366900,15.158054
2014-06-09,17.620001,17.879999,17.35,17.879999,321900,15.399203
2014-06-06,17.43,17.549999,17.15,17.40,264200,14.985802
2014-06-05,17.200001,17.26,17.00,17.24,167500,14.848002
2014-06-04,17.200001,17.200001,16.959999,17.110001,238100,14.73604
2014-06-03,17.00,17.219999,16.959999,17.17,269200,14.787714
2014-06-02,17.120001,17.129999,16.84,17.00,228000,14.641301
2014-05-30,17.07,17.18,16.950001,17.02,617200,14.658527
2014-05-29,17.049999,17.24,16.75,17.01,269300,14.649914
2014-05-28,16.90,16.959999,16.77,16.93,316900,14.581014
2014-05-27,16.90,16.959999,16.700001,16.90,296700,14.555176
2014-05-23,16.540001,16.790001,16.450001,16.77,364000,14.443214
2014-05-22,16.40,16.52,16.299999,16.459999,278700,14.176224
2014-05-21,16.360001,16.440001,16.200001,16.32,300300,14.055649
2014-05-20,16.299999,16.309999,16.129999,16.26,430900,14.003974
2014-05-19,16.049999,16.280001,16.00,16.27,344500,14.012587
2014-05-16,16.190001,16.23,15.96,16.09,269100,13.857561
2014-05-15,16.049999,16.280001,15.92,16.17,396400,13.926461
2014-05-14,16.50,16.74,16.110001,16.120001,343100,13.883399
2014-05-13,16.59,16.65,16.309999,16.559999,423200,14.26235
2014-05-12,16.25,16.629999,16.200001,16.610001,329300,14.305413
2014-05-09,15.58,16.200001,15.57,16.10,539500,13.866174
2014-05-08,16.299999,16.67,15.93,15.94,415100,13.728373
2014-05-07,16.549999,16.549999,16.209999,16.440001,353000,14.159
2014-05-06,16.540001,16.719999,16.50,16.50,190900,14.210675
2014-05-05,16.74,16.790001,16.59,16.73,206400,14.408763
2014-05-02,16.58,16.809999,16.49,16.74,280000,14.417375
2014-05-01,16.639999,16.82,16.43,16.629999,379700,14.322637
2014-04-30,16.790001,16.860001,16.57,16.719999,441100,14.40015
2014-04-29,17.10,17.120001,16.82,16.860001,203300,14.520726
2014-04-28,17.17,17.17,16.84,17.10,393300,14.727427
2014-04-25,17.200001,17.200001,17.059999,17.129999,210100,14.753264
2014-04-24,17.32,17.32,17.030001,17.219999,320800,14.830776
2014-04-23,17.190001,17.209999,17.07,17.110001,195100,14.73604
2014-04-22,16.959999,17.18,16.92,17.17,238800,14.787714
2014-04-21,16.93,17.08,16.889999,16.969999,338400,14.615463
2014-04-17,17.200001,17.200001,16.870001,16.93,523500,14.581014
2014-04-16,17.110001,17.110001,16.92,17.030001,212200,14.66714
2014-04-15,17.08,17.23,16.799999,16.98,241400,14.624076
2014-04-14,17.08,17.219999,16.870001,17.059999,311000,14.692976
2014-04-11,17.00,17.219999,16.90,16.93,332300,14.581014
2014-04-10,17.370001,17.42,17.040001,17.07,356800,14.701589
2014-04-09,17.32,17.50,17.25,17.459999,207500,15.037477
2014-04-08,17.26,17.43,17.25,17.32,255400,14.916902
2014-04-07,17.450001,17.450001,17.299999,17.32,326300,14.916902
2014-04-04,17.74,17.74,17.459999,17.469999,303400,15.04609
2014-04-03,17.860001,17.879999,17.65,17.690001,237100,15.235566
2014-04-02,17.77,17.90,17.75,17.82,254300,15.347529
2014-04-01,17.799999,17.93,17.74,17.780001,232800,15.313079
2014-03-31,17.74,17.889999,17.65,17.84,392100,15.364754
2014-03-28,17.73,17.82,17.620001,17.68,262400,15.226954
2014-03-27,17.75,17.860001,17.549999,17.639999,374900,15.192503
2014-03-26,18.15,18.15,17.75,17.75,468800,15.287241
2014-03-25,18.290001,18.299999,18.049999,18.059999,353800,15.554229
2014-03-24,18.299999,18.32,18.049999,18.25,350700,15.717868
2014-03-21,18.360001,18.379999,18.17,18.34,866500,15.795381
2014-03-20,18.219999,18.35,18.10,18.32,305700,15.778155
2014-03-19,18.15,18.26,18.040001,18.17,506200,15.648967
2014-03-18,18.00,18.360001,17.950001,18.219999,2911300,15.692029
2014-03-17,19.16,19.299999,18.41,18.42,283700,15.864281
2014-03-14,18.76,19.360001,18.76,19.139999,317100,16.484382
2014-03-13,18.60,18.84,18.559999,18.74,237100,16.139881
2014-03-12,18.889999,19.16,18.889999,18.950001,271700,16.045144
2014-03-11,19.24,19.24,18.809999,19.09,288000,16.163683
2014-03-10,18.93,19.23,18.709999,19.16,227200,16.222953
2014-03-07,19.23,19.280001,18.82,18.889999,159100,15.994341
2014-03-06,19.17,19.360001,19.08,19.139999,204800,16.206018
2014-03-05,19.10,19.24,19.040001,19.18,227000,16.239887
2014-03-04,19.08,19.26,18.690001,19.129999,533600,16.197551
2014-03-03,18.700001,18.950001,18.620001,18.91,191900,16.011275
2014-02-28,18.790001,18.90,18.65,18.76,294100,15.884269
2014-02-27,18.860001,18.860001,18.60,18.700001,272200,15.833467
2014-02-26,19.00,19.00,18.809999,18.870001,266500,15.977408
2014-02-25,19.17,19.379999,18.67,19.040001,332800,16.121348
2014-02-24,19.02,19.309999,18.90,19.26,269800,16.307624
2014-02-21,19.01,19.120001,18.969999,19.07,286300,16.146749
2014-02-20,18.629999,18.98,18.629999,18.92,145400,16.019742
2014-02-19,18.99,19.00,18.459999,18.549999,147500,15.706459
2014-02-18,18.690001,19.110001,18.60,18.959999,185900,16.05361
2014-02-14,18.73,18.77,18.540001,18.75,85700,15.875802
2014-02-13,18.48,18.76,18.40,18.68,113300,15.816532
2014-02-12,18.49,18.610001,18.23,18.58,134200,15.731861
2014-02-11,18.379999,18.57,18.27,18.469999,125600,15.638723
2014-02-10,18.190001,18.379999,18.190001,18.35,171700,15.537118
2014-02-07,18.10,18.290001,18.030001,18.16,223200,15.376243
2014-02-06,18.299999,18.299999,18.08,18.120001,170700,15.342376
2014-02-05,17.83,18.18,17.790001,18.110001,321700,15.333908
2014-02-04,17.870001,17.889999,17.690001,17.83,183700,15.096829
2014-02-03,18.32,18.41,17.75,17.83,226300,15.096829
2014-01-31,18.25,18.76,18.200001,18.299999,160300,15.494782
2014-01-30,18.32,18.639999,18.209999,18.49,138200,15.655657
2014-01-29,18.43,18.52,18.17,18.200001,226500,15.410112
2014-01-28,18.57,18.620001,18.309999,18.530001,351200,15.689526
2014-01-27,18.940001,19.00,18.440001,18.49,160300,15.655657
2014-01-24,18.92,19.02,18.629999,18.82,147800,15.935071
2014-01-23,18.98,19.09,18.83,18.969999,155600,16.062077
2014-01-22,19.00,19.049999,18.90,18.98,143300,16.070545
2014-01-21,18.950001,18.99,18.73,18.950001,208500,16.045144
2014-01-17,18.700001,18.870001,18.58,18.860001,673200,15.96894
2014-01-16,18.92,18.98,18.629999,18.66,346000,15.799598
2014-01-15,18.780001,18.950001,18.700001,18.889999,392400,15.994341
2014-01-14,18.68,18.809999,18.52,18.799999,257700,15.918137
2014-01-13,18.530001,18.629999,18.27,18.530001,216500,15.689526
2014-01-10,18.459999,18.66,18.40,18.629999,179700,15.774196
2014-01-09,18.34,18.40,18.17,18.40,228300,15.579453
2014-01-08,18.40,18.40,18.190001,18.25,160800,15.452447
2014-01-07,18.440001,18.68,18.27,18.370001,163400,15.554053
2014-01-06,18.52,18.68,18.299999,18.40,292600,15.579453
2014-01-03,18.690001,18.82,18.43,18.530001,293200,15.689526
2014-01-02,19.02,19.059999,18.620001,18.700001,299200,15.833467
2013-12-31,18.709999,19.25,18.709999,19.110001,305900,16.180618
2013-12-30,18.73,18.83,18.59,18.74,341700,15.867335
2013-12-27,18.709999,18.75,18.58,18.719999,156500,15.8504
2013-12-26,18.68,18.75,18.52,18.58,189400,15.731861
2013-12-24,18.41,18.60,18.41,18.57,129300,15.723394
2013-12-23,18.48,18.52,18.18,18.51,335100,15.672592
2013-12-20,18.059999,18.469999,17.74,18.43,710400,15.604855
2013-12-19,18.23,18.280001,18.01,18.08,180500,15.308506
2013-12-18,18.120001,18.24,17.940001,18.200001,207100,15.410112
2013-12-17,17.700001,18.110001,17.700001,18.110001,240300,15.333908
2013-12-16,17.85,17.85,17.51,17.66,177200,14.952888
2013-12-13,18.110001,18.24,17.60,17.73,282300,15.012158
2013-12-12,18.049999,18.440001,17.91,18.42,468600,15.325441
2013-12-11,17.93,18.139999,17.799999,18.110001,240500,15.067522
2013-12-10,18.059999,18.18,17.889999,17.98,229100,14.959361
2013-12-09,18.139999,18.219999,17.84,18.02,205700,14.992642
2013-12-06,17.780001,18.18,17.620001,18.08,161300,15.042561
2013-12-05,17.74,17.860001,17.610001,17.67,176000,14.701441
2013-12-04,17.85,18.25,17.66,17.75,171300,14.768001
2013-12-03,18.34,18.41,17.85,18.00,245700,14.976001
2013-12-02,18.75,18.870001,18.280001,18.450001,204100,15.350402
2013-11-29,18.629999,18.860001,18.549999,18.809999,97300,15.649921
2013-11-27,18.35,18.58,18.25,18.530001,159600,15.416962
2013-11-26,18.360001,18.43,18.209999,18.27,161600,15.200642
2013-11-25,18.360001,18.40,18.08,18.32,136600,15.242241
2013-11-22,18.23,18.379999,17.82,18.25,137100,15.184001
2013-11-21,18.370001,18.459999,18.07,18.16,185100,15.109121
2013-11-20,17.98,18.280001,17.83,18.25,176100,15.184001
2013-11-19,17.860001,17.99,17.76,17.879999,117400,14.876161
2013-11-18,17.860001,17.90,17.700001,17.860001,124800,14.859522
2013-11-15,17.76,17.93,17.709999,17.75,145500,14.768001
2013-11-14,17.719999,17.889999,17.530001,17.700001,88900,14.726402
2013-11-13,17.57,17.719999,17.50,17.68,137000,14.709762
2013-11-12,17.469999,17.67,17.43,17.59,240500,14.634881
2013-11-11,17.389999,17.549999,17.25,17.469999,108100,14.535041
2013-11-08,17.17,17.450001,17.00,17.360001,144300,14.443522
2013-11-07,17.549999,17.549999,17.16,17.219999,202700,14.327041
2013-11-06,17.690001,17.690001,17.50,17.559999,117300,14.609921
2013-11-05,17.48,17.690001,17.309999,17.60,169300,14.643202
2013-11-04,17.629999,17.67,17.370001,17.51,129800,14.568322
2013-11-01,17.57,17.639999,17.379999,17.57,184900,14.618241
2013-10-31,17.780001,17.91,17.60,17.60,236000,14.643202
2013-10-30,17.969999,17.969999,17.76,17.77,141300,14.784642
2013-10-29,17.84,17.969999,17.709999,17.959999,206500,14.942721
2013-10-28,17.83,17.84,17.639999,17.780001,109000,14.792962
2013-10-25,17.780001,17.83,17.66,17.799999,123900,14.809601
2013-10-24,17.559999,17.719999,17.48,17.709999,241600,14.734721
2013-10-23,17.17,17.52,17.129999,17.50,250200,14.560001
2013-10-22,17.23,17.280001,17.110001,17.18,205500,14.293762
2013-10-21,17.40,17.43,17.15,17.209999,174000,14.318721
2013-10-18,17.469999,17.48,17.27,17.42,230800,14.493441
2013-10-17,17.120001,17.450001,17.110001,17.33,138200,14.418561
2013-10-16,17.10,17.209999,17.01,17.120001,141200,14.243842
2013-10-15,17.129999,17.17,16.92,16.969999,97900,14.119041
2013-10-14,17.09,17.18,17.00,17.139999,135800,14.260481
2013-10-11,16.889999,17.18,16.889999,17.18,176000,14.293762
2013-10-10,16.92,17.040001,16.85,16.91,158000,14.069121
2013-10-09,16.73,16.91,16.719999,16.82,137600,13.994241
2013-10-08,16.85,16.879999,16.719999,16.74,144300,13.927681
2013-10-07,16.870001,16.99,16.799999,16.799999,135500,13.977601
2013-10-04,16.879999,16.99,16.83,16.93,132000,14.085762
2013-10-03,17.18,17.18,16.809999,16.83,222300,14.002561
2013-10-02,17.17,17.24,17.07,17.16,232200,14.277121
2013-10-01,17.35,17.379999,17.200001,17.309999,284500,14.401921
2013-09-30,17.469999,17.469999,17.110001,17.32,474800,14.410241
2013-09-27,17.610001,17.639999,17.43,17.59,324100,14.634881
2013-09-26,17.52,17.66,17.450001,17.58,372900,14.626561
2013-09-25,17.43,17.610001,17.26,17.540001,314800,14.593282
2013-09-24,17.09,17.389999,17.02,17.35,397200,14.435202
2013-09-23,17.059999,17.209999,17.00,17.139999,253000,14.260481
2013-09-20,17.09,17.200001,16.959999,17.120001,356400,14.243842
2013-09-19,17.209999,17.23,16.950001,17.00,303100,14.144001
2013-09-18,17.139999,17.26,16.99,17.26,251200,14.360322
2013-09-17,17.26,17.280001,16.950001,17.209999,383700,14.318721
2013-09-16,17.290001,17.43,17.10,17.17,493900,14.285441
2013-09-13,17.02,17.200001,16.99,17.139999,519500,14.260481
2013-09-12,16.950001,17.07,16.799999,17.049999,1903900,14.185601
2013-09-11,17.51,17.639999,17.18,17.299999,178600,14.393601
2013-09-10,17.51,17.969999,17.389999,17.860001,239100,14.593282
2013-09-09,17.469999,17.559999,17.309999,17.50,110800,14.299128
2013-09-06,17.49,17.49,17.139999,17.370001,82700,14.192906
2013-09-05,17.49,17.49,17.25,17.389999,86600,14.209247
2013-09-04,17.450001,17.50,17.34,17.459999,120600,14.266443
2013-09-03,17.43,17.43,17.16,17.379999,130300,14.201076
2013-08-30,17.35,17.440001,17.15,17.280001,223700,14.119368
2013-08-29,17.030001,17.379999,17.030001,17.370001,242400,14.192906
2013-08-28,16.799999,17.040001,16.780001,17.00,141600,13.890581
2013-08-27,17.00,17.02,16.75,16.76,315700,13.694479
2013-08-26,17.18,17.26,17.049999,17.059999,239100,13.939606
2013-08-23,17.16,17.24,17.00,17.200001,133300,14.054
2013-08-22,17.360001,17.360001,17.15,17.18,180700,14.037658
2013-08-21,17.33,17.389999,17.18,17.299999,149800,14.135709
2013-08-20,17.129999,17.35,17.10,17.32,153900,14.152051
2013-08-19,17.190001,17.290001,17.00,17.059999,192600,13.939606
2013-08-16,17.02,17.25,17.02,17.10,150100,13.972291
2013-08-15,17.040001,17.16,16.99,17.07,230200,13.947778
2013-08-14,17.18,17.18,17.040001,17.110001,220400,13.980462
2013-08-13,17.16,17.16,16.83,17.110001,251200,13.980462
2013-08-12,17.17,17.219999,16.92,17.10,278900,13.972291
2013-08-09,17.00,17.34,16.809999,17.200001,265900,14.054
2013-08-08,17.799999,18.00,17.01,17.08,357300,13.955949
2013-08-07,17.85,17.950001,17.58,17.84,494500,14.57694
2013-08-06,18.219999,18.27,17.870001,17.90,209000,14.625965
2013-08-05,18.379999,18.379999,18.15,18.290001,235600,14.944632
2013-08-02,18.17,18.370001,18.049999,18.360001,153700,15.001828
2013-08-01,18.24,18.309999,17.950001,18.10,202700,14.789384
2013-07-31,18.25,18.299999,18.09,18.18,246500,14.854751
2013-07-30,18.559999,18.620001,18.15,18.17,173700,14.84658
2013-07-29,18.360001,18.59,18.360001,18.469999,173800,15.091707
2013-07-26,18.360001,18.629999,18.32,18.440001,142300,15.067196
2013-07-25,18.299999,18.51,18.299999,18.49,162100,15.10805
2013-07-24,18.60,18.60,18.129999,18.389999,188600,15.02634
2013-07-23,18.450001,18.75,18.43,18.50,245900,15.116221
2013-07-22,18.200001,18.48,18.200001,18.41,146200,15.042682
2013-07-19,18.27,18.35,18.190001,18.290001,215800,14.944632
2013-07-18,18.110001,18.27,18.01,18.25,198500,14.911948
2013-07-17,18.129999,18.299999,18.10,18.129999,201600,14.813896
2013-07-16,18.27,18.290001,18.110001,18.120001,162500,14.805726
2013-07-15,18.07,18.26,18.07,18.219999,176400,14.887434
2013-07-12,18.01,18.139999,17.959999,18.040001,147800,14.740359
2013-07-11,17.99,18.049999,17.73,17.99,192800,14.699503
2013-07-10,17.870001,17.940001,17.74,17.860001,216000,14.593282
2013-07-09,17.85,17.969999,17.68,17.860001,234900,14.593282
2013-07-08,17.790001,17.93,17.690001,17.76,255000,14.511572
2013-07-05,18.00,18.049999,17.469999,17.780001,334300,14.527914
2013-07-03,17.90,17.940001,17.59,17.83,141900,14.568768
2013-07-02,17.50,18.07,17.450001,17.99,505300,14.699503
2013-07-01,17.60,17.60,17.440001,17.50,267800,14.299128
2013-06-28,17.50,17.559999,17.40,17.50,2143700,14.299128
2013-06-27,17.51,17.58,17.48,17.49,453400,14.290957
2013-06-26,17.58,17.60,17.299999,17.35,245000,14.176564
2013-06-25,17.43,17.540001,17.27,17.48,259500,14.282786
2013-06-24,17.469999,17.49,16.870001,17.370001,364100,14.192906
2013-06-21,17.540001,17.60,17.370001,17.51,455700,14.307299
2013-06-20,17.629999,17.629999,17.370001,17.459999,326000,14.266443
2013-06-19,17.91,18.02,17.700001,17.700001,241500,14.462547
2013-06-18,17.85,17.969999,17.60,17.85,326000,14.585111
2013-06-17,17.75,18.08,17.73,17.870001,419600,14.601453
2013-06-14,17.559999,17.77,17.360001,17.58,317300,14.364495
2013-06-13,17.77,17.77,17.50,17.610001,199700,14.389008
2013-06-12,17.610001,17.74,17.33,17.700001,338900,14.462547
2013-06-11,17.290001,17.780001,17.25,17.620001,480600,14.39718
2013-06-10,17.799999,17.860001,17.50,17.68,231500,14.184734
2013-06-07,17.549999,17.799999,17.51,17.76,250500,14.248919
2013-06-06,17.219999,17.469999,17.209999,17.440001,163500,13.992182
2013-06-05,17.620001,17.620001,17.209999,17.27,461700,13.85579
2013-06-04,17.50,17.610001,17.42,17.59,297300,14.112527
2013-06-03,17.59,17.809999,17.35,17.459999,398200,14.008227
2013-05-31,17.84,17.90,17.450001,17.51,755500,14.048343
2013-05-30,17.60,18.16,17.48,17.98,699600,14.425425
2013-05-29,17.549999,17.73,17.219999,17.58,522100,14.104504
2013-05-28,17.530001,17.629999,17.35,17.57,514000,14.096481
2013-05-24,17.25,17.34,17.25,17.34,240600,13.911951
2013-05-23,17.360001,17.440001,17.25,17.26,386400,13.847767
2013-05-22,17.469999,17.57,17.40,17.440001,674600,13.992182
2013-05-21,17.68,17.68,17.469999,17.469999,409800,14.01625
2013-05-20,17.549999,17.68,17.50,17.67,353000,14.176711
2013-05-17,17.65,17.77,17.450001,17.50,563200,14.040319
2013-05-16,17.48,17.700001,17.48,17.65,473000,14.160665
2013-05-15,17.48,17.559999,17.469999,17.540001,488400,14.072412
2013-05-14,17.469999,17.559999,17.469999,17.48,753100,14.024273
2013-05-13,17.57,17.57,17.469999,17.49,525500,14.032296
2013-05-10,17.65,17.65,17.48,17.59,383100,14.112527
2013-05-09,17.530001,17.610001,17.469999,17.60,755900,14.12055
2013-05-08,17.50,17.60,17.469999,17.540001,1200500,14.072412
2013-05-07,17.35,17.610001,17.299999,17.57,3294100,14.096481
2013-05-06,17.65,17.860001,17.530001,17.82,430400,14.297056
2013-05-03,17.50,17.67,17.299999,17.65,410100,14.160665
2013-05-02,17.16,17.40,17.16,17.25,342100,13.839743
2013-05-01,17.60,17.60,17.10,17.120001,352400,13.735445
2013-04-30,17.50,17.709999,17.26,17.629999,482600,14.144618
2013-04-29,17.440001,17.60,17.40,17.52,401000,14.056366
2013-04-26,17.40,17.469999,17.15,17.389999,375200,13.952066
2013-04-25,17.190001,17.370001,17.10,17.33,327200,13.903928
2013-04-24,17.25,17.35,17.10,17.139999,484500,13.75149
2013-04-23,17.049999,17.450001,16.91,17.299999,936900,13.879858
2013-04-22,16.49,17.00,16.440001,16.950001,948900,13.599053
2013-04-19,16.030001,16.309999,15.96,16.290001,193400,13.069532
2013-04-18,16.08,16.15,15.95,16.02,398900,12.85291
2013-04-17,16.26,16.370001,16.07,16.07,255600,12.893025
2013-04-16,16.299999,16.530001,16.25,16.370001,397800,13.133717
2013-04-15,16.60,16.690001,16.25,16.26,322500,13.045463
2013-04-12,16.790001,16.82,16.65,16.690001,175500,13.390454
2013-04-11,16.82,16.879999,16.66,16.790001,344700,13.470684
2013-04-10,16.83,16.99,16.83,16.93,234600,13.583006
2013-04-09,17.049999,17.049999,16.799999,16.83,232800,13.502776
2013-04-08,16.91,17.00,16.780001,16.99,260000,13.631144
2013-04-05,16.73,16.959999,16.719999,16.93,385600,13.583006
2013-04-04,16.879999,17.00,16.83,16.90,495000,13.558937
2013-04-03,17.00,17.27,16.719999,16.85,1249900,13.518822
2013-04-02,16.540001,16.549999,16.379999,16.48,230600,13.221969
2013-04-01,16.51,16.549999,16.309999,16.43,194400,13.181854
2013-03-28,16.50,16.549999,16.360001,16.51,224400,13.246039
2013-03-27,16.280001,16.51,16.190001,16.440001,182800,13.189878
2013-03-26,16.049999,16.389999,16.049999,16.379999,144700,13.141738
2013-03-25,16.25,16.360001,16.01,16.040001,176300,12.868956
2013-03-22,16.18,16.25,16.10,16.15,128900,12.957209
2013-03-21,16.09,16.33,16.040001,16.129999,179900,12.941162
2013-03-20,16.24,16.43,16.00,16.09,286800,12.909071
2013-03-19,16.370001,16.48,16.219999,16.25,176300,13.03744
2013-03-18,16.34,16.540001,16.34,16.40,132300,13.157785
2013-03-15,16.52,16.549999,16.35,16.469999,279600,13.213946
2013-03-14,16.379999,16.52,16.309999,16.51,186200,13.246039
2013-03-13,16.309999,16.49,16.209999,16.379999,179000,13.141738
2013-03-12,16.200001,16.51,16.200001,16.34,180400,13.109647
2013-03-11,16.469999,16.60,16.40,16.50,196900,12.981279
2013-03-08,16.24,16.50,16.209999,16.440001,250000,12.934075
2013-03-07,16.370001,16.50,16.23,16.32,210200,12.839665
2013-03-06,16.299999,16.50,16.200001,16.35,354900,12.863268
2013-03-05,16.530001,16.59,16.360001,16.50,170000,12.981279
2013-03-04,16.68,16.68,16.34,16.530001,289300,13.004882
2013-03-01,16.370001,16.690001,16.299999,16.66,259000,13.107158
2013-02-28,16.379999,16.48,16.290001,16.43,283300,12.926207
2013-02-27,16.23,16.450001,16.23,16.280001,159500,12.808196
2013-02-26,16.309999,16.360001,16.110001,16.23,175400,12.768858
2013-02-25,16.43,16.440001,16.17,16.23,248200,12.768858
2013-02-22,16.219999,16.450001,16.17,16.280001,221100,12.808196
2013-02-21,16.110001,16.290001,16.02,16.17,305000,12.721653
2013-02-20,16.23,16.379999,16.09,16.110001,277200,12.674449
2013-02-19,16.190001,16.23,16.040001,16.190001,274300,12.737389
2013-02-15,16.200001,16.200001,16.00,16.15,177800,12.705918
2013-02-14,16.15,16.190001,15.95,16.15,218000,12.705918
2013-02-13,15.96,16.219999,15.96,16.200001,216400,12.745256
2013-02-12,16.139999,16.139999,15.89,15.98,166000,12.572172
2013-02-11,16.18,16.209999,15.95,16.110001,257300,12.674449
2013-02-08,16.10,16.15,15.90,16.15,183300,12.705918
2013-02-07,16.10,16.10,15.87,16.02,204200,12.603642
2013-02-06,15.98,16.09,15.87,16.049999,160700,12.627243
2013-02-05,16.030001,16.07,15.87,16.02,182200,12.603642
2013-02-04,16.110001,16.110001,15.87,15.92,167900,12.524967
2013-02-01,16.23,16.23,16.01,16.09,259400,12.658714
2013-01-31,16.030001,16.23,15.98,16.10,782000,12.666582
2013-01-30,15.96,16.120001,15.87,16.01,318400,12.595774
2013-01-29,16.10,16.10,15.91,15.99,243400,12.580039
2013-01-28,15.98,16.09,15.87,16.049999,314400,12.627243
2013-01-25,16.00,16.01,15.89,15.92,268000,12.524967
2013-01-24,15.90,16.00,15.90,15.91,359500,12.5171
2013-01-23,15.90,15.99,15.90,15.91,388700,12.5171
2013-01-22,16.00,16.00,15.87,15.91,232400,12.5171
2013-01-18,15.94,15.97,15.85,15.91,308100,12.5171
2013-01-17,15.95,15.97,15.85,15.89,380200,12.501365
2013-01-16,15.82,16.00,15.80,15.93,631000,12.532835
2013-01-15,15.75,15.89,15.74,15.82,2367200,12.446293
2013-01-14,16.27,16.35,16.01,16.15,134200,12.705918
2013-01-11,16.469999,16.52,16.25,16.27,84400,12.800328
2013-01-10,16.60,16.719999,16.190001,16.370001,134900,12.879003
2013-01-09,16.41,16.59,16.33,16.559999,89500,13.028483
2013-01-08,16.450001,16.450001,16.129999,16.379999,141900,12.886869
2013-01-07,16.25,16.52,16.120001,16.50,168800,12.981279
2013-01-04,16.120001,16.40,16.040001,16.26,199900,12.792461
2013-01-03,16.10,16.139999,15.93,16.030001,76900,12.61151
2013-01-02,16.08,16.16,15.88,16.08,168300,12.650846
2012-12-31,15.64,16.02,15.53,15.98,86700,12.572172
2012-12-28,15.88,16.10,15.51,15.61,131700,12.281076
2012-12-27,15.95,16.040001,15.75,15.85,118800,12.469896
2012-12-26,15.84,16.08,15.79,15.96,46300,12.556437
2012-12-24,16.049999,16.059999,15.73,15.80,42900,12.430558
2012-12-21,15.81,16.10,15.81,16.10,232400,12.666582
2012-12-20,15.75,16.00,15.71,15.90,95400,12.509232
2012-12-19,15.89,16.049999,15.80,15.81,155400,12.438426
2012-12-18,15.56,15.89,15.54,15.80,127800,12.430558
2012-12-17,15.40,15.72,15.40,15.50,102500,12.194535
2012-12-14,15.35,15.60,15.35,15.40,102400,12.11586
2012-12-13,15.32,15.59,15.32,15.37,79500,12.092258
2012-12-12,15.64,15.74,15.30,15.35,207200,12.076523
2012-12-11,15.84,16.040001,15.78,15.99,195700,12.328281
2012-12-10,15.63,15.82,15.41,15.79,101500,12.174081
2012-12-07,15.72,15.87,15.43,15.59,108300,12.019881
2012-12-06,15.59,15.70,15.50,15.61,73200,12.035301
2012-12-05,15.58,15.72,15.51,15.53,88000,11.973621
2012-12-04,15.51,15.75,15.51,15.64,118300,12.058431
2012-12-03,15.83,15.92,15.64,15.64,126800,12.058431
2012-11-30,15.85,15.91,15.65,15.81,142700,12.189501
2012-11-29,15.64,15.99,15.46,15.80,198700,12.181791
2012-11-28,15.54,15.65,15.32,15.46,162500,11.919651
2012-11-27,15.75,15.80,15.50,15.65,107200,12.066141
2012-11-26,15.86,15.86,15.52,15.71,99600,12.112401
2012-11-23,15.57,15.79,15.46,15.75,70300,12.143241
2012-11-21,15.40,15.48,15.17,15.45,99300,11.911941
2012-11-20,15.55,15.66,15.30,15.46,81000,11.919651
2012-11-19,15.76,15.76,15.36,15.48,143800,11.935071
2012-11-16,15.36,15.74,15.05,15.73,237000,12.127821
2012-11-15,14.75,15.50,14.75,15.42,190300,11.888811
2012-11-14,15.30,15.43,14.40,14.75,446800,11.372242
2012-11-13,15.59,15.68,15.29,15.32,178200,11.811711
2012-11-12,15.45,15.74,15.45,15.61,76500,12.035301
2012-11-09,15.69,15.72,15.45,15.47,153900,11.927361
2012-11-08,15.58,15.71,15.58,15.58,146700,12.012171
2012-11-07,15.65,15.94,15.50,15.58,217400,12.012171
2012-11-06,15.70,15.77,15.60,15.65,101200,12.066141
2012-11-05,15.63,16.00,15.60,15.72,70100,12.120111
2012-11-02,16.00,16.00,15.64,15.68,115800,12.089271
2012-11-01,15.68,16.01,15.64,16.01,137700,12.343701
2012-10-31,15.90,15.98,15.58,15.63,257700,12.050721
2012-10-26,15.67,15.90,15.58,15.87,112700,12.235761
2012-10-25,15.85,15.85,15.58,15.63,127200,12.050721
2012-10-24,15.70,15.84,15.65,15.82,128100,12.197211
2012-10-23,15.90,15.90,15.58,15.61,163800,12.035301
2012-10-22,15.65,15.93,15.58,15.91,133200,12.266601
2012-10-19,15.74,15.98,15.62,15.68,304200,12.089271
2012-10-18,15.73,15.99,15.58,15.94,276700,12.289731
2012-10-17,15.78,15.89,15.64,15.88,276900,12.243471
2012-10-16,15.63,15.84,15.58,15.78,966300,12.166371
2012-10-15,15.85,15.95,15.83,15.90,33900,12.258891
2012-10-12,15.98,16.00,15.75,15.84,42600,12.212631
2012-10-11,16.299999,16.299999,15.86,16.01,107800,12.343701
2012-10-10,16.290001,16.41,16.219999,16.280001,87400,12.551871
2012-10-09,16.110001,16.469999,16.110001,16.309999,59000,12.575
2012-10-08,16.34,16.34,16.049999,16.190001,49500,12.482481
2012-10-05,16.09,16.49,16.030001,16.32,65000,12.58271
2012-10-04,16.049999,16.129999,15.93,16.08,56000,12.397671
2012-10-03,15.99,16.059999,15.87,15.98,38000,12.320571
2012-10-02,16.00,16.10,15.87,16.02,74800,12.351411
2012-10-01,15.93,16.639999,15.90,15.97,135800,12.312861
2012-09-28,16.00,16.08,15.89,15.90,83300,12.258891
2012-09-27,15.91,16.00,15.70,16.00,84700,12.335991
2012-09-26,15.78,15.91,15.73,15.78,37600,12.166371
2012-09-25,15.87,15.94,15.74,15.74,79000,12.135531
2012-09-24,15.80,15.91,15.74,15.86,59000,12.228051
2012-09-21,15.85,15.85,15.78,15.80,90500,12.181791
2012-09-20,15.87,15.88,15.75,15.83,73100,12.204921
2012-09-19,15.65,15.81,15.65,15.81,63200,12.189501
2012-09-18,15.56,15.78,15.48,15.64,67700,12.058431
2012-09-17,15.48,15.71,15.45,15.68,35300,12.089271
2012-09-14,15.69,15.79,15.48,15.58,119000,12.012171
2012-09-13,15.52,15.65,15.43,15.64,66200,12.058431
2012-09-12,15.43,15.59,15.40,15.57,49600,12.004461
2012-09-11,15.35,15.52,15.27,15.37,56800,11.850261
2012-09-10,15.67,15.71,15.58,15.62,91800,11.796291
2012-09-07,15.69,15.71,15.40,15.62,58500,11.796291
2012-09-06,15.70,15.70,15.32,15.62,109400,11.796291
2012-09-05,15.70,15.71,15.53,15.60,70000,11.781188
2012-09-04,15.54,15.65,15.50,15.64,97600,11.811396
2012-08-31,15.54,15.60,15.28,15.51,59000,11.713219
2012-08-30,15.43,15.66,15.40,15.41,38100,11.637698
2012-08-29,15.70,15.80,15.43,15.45,51900,11.667907
2012-08-28,15.52,15.66,15.27,15.64,162500,11.811396
2012-08-27,15.58,15.84,15.45,15.75,43800,11.894468
2012-08-24,15.54,15.85,15.46,15.52,41700,11.720771
2012-08-23,15.42,15.64,15.33,15.59,32500,11.773635
2012-08-22,15.62,15.72,15.42,15.46,46300,11.675459
2012-08-21,15.73,15.90,15.62,15.70,49800,11.856708
2012-08-20,15.68,15.75,15.53,15.72,38000,11.871812
2012-08-17,15.59,15.72,15.33,15.64,81600,11.811396
2012-08-16,15.65,15.75,15.44,15.68,67900,11.841604
2012-08-15,15.45,15.66,15.45,15.60,66000,11.781188
2012-08-14,15.33,15.55,15.33,15.40,48600,11.630146
2012-08-13,15.42,15.50,15.18,15.41,24300,11.637698
2012-08-10,15.41,15.52,15.24,15.37,47000,11.60749
2012-08-09,15.10,15.50,15.10,15.38,106800,11.615043
2012-08-08,15.27,15.38,15.11,15.15,72200,11.441345
2012-08-07,15.31,15.45,15.25,15.28,65200,11.539522
2012-08-06,15.28,15.44,15.10,15.33,56600,11.577282
2012-08-03,15.20,15.45,15.17,15.24,73800,11.509314
2012-08-02,15.10,15.29,15.10,15.12,59400,11.418689
2012-08-01,15.45,15.50,15.09,15.09,63800,11.396033
2012-07-31,15.19,15.40,15.19,15.38,67400,11.615043
2012-07-30,15.40,15.45,15.14,15.17,76400,11.45645
2012-07-27,15.40,15.49,15.35,15.40,70300,11.630146
2012-07-26,15.38,15.40,15.31,15.39,64500,11.622595
2012-07-25,15.35,15.38,15.26,15.33,47000,11.577282
2012-07-24,15.24,15.34,15.15,15.30,78700,11.554626
2012-07-23,15.10,15.31,15.10,15.25,45700,11.516866
2012-07-20,15.16,15.35,15.16,15.29,44500,11.547074
2012-07-19,15.39,15.39,15.10,15.24,29500,11.509314
2012-07-18,15.16,15.35,15.01,15.33,39200,11.577282
2012-07-17,15.25,15.35,15.08,15.25,60600,11.516866
2012-07-16,15.24,15.35,15.14,15.20,39300,11.479106
2012-07-13,15.28,15.35,15.17,15.30,58700,11.554626
2012-07-12,15.25,15.34,15.11,15.27,59500,11.53197
2012-07-11,15.15,15.30,15.03,15.26,38100,11.524418
2012-07-10,15.17,15.23,14.93,15.05,43000,11.365825
2012-07-09,15.36,15.44,15.05,15.15,75800,11.441345
2012-07-06,15.24,15.34,15.19,15.22,25100,11.49421
2012-07-05,15.40,15.40,15.16,15.37,42900,11.60749
2012-07-03,15.40,15.40,15.19,15.40,37500,11.630146
2012-07-02,15.11,15.40,15.00,15.40,73200,11.630146
2012-06-29,14.98,15.10,14.80,15.09,104200,11.396033
2012-06-28,15.01,15.16,14.77,14.77,75200,11.154368
2012-06-27,14.98,15.31,14.93,15.02,54800,11.343169
2012-06-26,15.10,15.10,14.87,14.99,45800,11.320513
2012-06-25,14.97,15.27,14.85,15.08,101500,11.388481
2012-06-22,14.81,15.37,14.74,15.10,453600,11.403586
2012-06-21,14.98,15.05,14.64,14.74,63200,11.131712
2012-06-20,15.07,15.10,14.90,14.95,35000,11.290304
2012-06-19,15.00,15.39,14.94,15.12,90100,11.418689
2012-06-18,15.07,15.21,14.98,15.00,83300,11.328065
2012-06-15,15.04,15.21,15.00,15.15,84100,11.441345
2012-06-14,15.14,15.22,15.02,15.09,57200,11.396033
2012-06-13,14.79,15.25,14.76,15.08,113400,11.388481
2012-06-12,14.86,15.25,14.76,15.18,158400,11.222336
2012-06-11,14.90,15.00,14.78,14.79,103700,10.934015
2012-06-08,14.74,14.85,14.71,14.80,57200,10.941408
2012-06-07,14.78,14.87,14.64,14.73,99600,10.889658
2012-06-06,14.60,14.76,14.56,14.68,108300,10.852694
2012-06-05,14.41,14.62,14.41,14.53,106700,10.741801
2012-06-04,14.40,14.53,14.40,14.40,121700,10.645694
2012-06-01,14.40,14.59,14.40,14.41,83400,10.653087
2012-05-31,14.44,14.66,14.44,14.57,74900,10.771373
2012-05-30,14.49,14.63,14.41,14.42,71900,10.66048
2012-05-29,14.61,14.62,14.46,14.53,50600,10.741801
2012-05-25,14.39,14.75,14.30,14.50,56300,10.719623
2012-05-24,14.41,14.41,14.23,14.34,41700,10.601337
2012-05-23,14.22,14.41,14.20,14.31,46500,10.579159
2012-05-22,14.37,14.58,14.20,14.25,63500,10.534802
2012-05-21,14.28,14.48,14.20,14.36,45900,10.616123
2012-05-18,14.27,14.50,14.25,14.27,61000,10.549588
2012-05-17,14.43,14.62,14.30,14.31,41400,10.579159
2012-05-16,14.34,14.55,14.32,14.45,50000,10.682659
2012-05-15,14.27,14.57,14.27,14.35,70700,10.608731
2012-05-14,14.49,14.70,14.41,14.43,50000,10.667873
2012-05-11,14.74,14.87,14.54,14.57,39900,10.771373
2012-05-10,14.44,14.80,14.44,14.79,113000,10.934015
2012-05-09,14.26,14.42,14.26,14.32,46400,10.586551
2012-05-08,14.26,14.45,14.25,14.35,75100,10.608731
2012-05-07,14.43,14.55,14.31,14.38,119800,10.630909
2012-05-04,14.54,14.55,14.26,14.39,120100,10.638302
2012-05-03,14.53,14.72,14.45,14.59,151300,10.786159
2012-05-02,14.64,14.74,14.52,14.60,70000,10.793552
2012-05-01,14.81,14.92,14.65,14.65,122000,10.830515
2012-04-30,14.85,14.93,14.78,14.86,167900,10.985765
2012-04-27,14.67,14.91,14.62,14.83,131000,10.963587
2012-04-26,14.65,14.91,14.50,14.69,256700,10.860087
2012-04-25,14.67,14.67,14.51,14.54,89500,10.749194
2012-04-24,14.62,14.74,14.57,14.58,129500,10.778766
2012-04-23,14.58,14.89,14.27,14.74,134900,10.897051
2012-04-20,14.95,14.97,14.65,14.68,74300,10.852694
2012-04-19,14.80,14.89,14.67,14.80,42700,10.941408
2012-04-18,14.74,14.95,14.74,14.80,28100,10.941408
2012-04-17,14.79,14.95,14.76,14.83,88700,10.963587
2012-04-16,14.84,14.85,14.72,14.81,37900,10.948801
2012-04-13,14.75,14.87,14.72,14.79,64500,10.934015
2012-04-12,14.84,14.94,14.75,14.81,52300,10.948801
2012-04-11,14.82,14.90,14.72,14.83,74700,10.963587
2012-04-10,14.81,14.84,14.58,14.68,79000,10.852694
2012-04-09,14.87,14.91,14.76,14.80,83900,10.941408
2012-04-05,14.87,15.05,14.87,15.01,34500,11.096658
2012-04-04,14.88,14.96,14.77,14.92,49700,11.030122
2012-04-03,15.14,15.14,14.89,15.01,65300,11.096658
2012-04-02,15.25,15.25,14.96,15.15,92200,11.200157
2012-03-30,15.20,15.30,14.95,15.27,249500,11.288872
2012-03-29,15.10,15.19,14.92,15.15,212000,11.200157
2012-03-28,14.83,14.93,14.61,14.81,114100,10.948801
2012-03-27,14.92,14.98,14.74,14.75,62300,10.904444
2012-03-26,15.09,15.23,14.85,14.96,94100,11.059694
2012-03-23,14.57,14.98,14.57,14.98,170300,11.074479
2012-03-22,14.59,14.79,14.59,14.71,52800,10.874873
2012-03-21,14.67,14.89,14.59,14.71,107100,10.874873
2012-03-20,14.57,14.71,14.51,14.65,87400,10.830515
2012-03-19,14.57,14.74,14.57,14.57,59600,10.771373
2012-03-16,14.73,14.80,14.46,14.57,143200,10.771373
2012-03-15,14.79,14.84,14.60,14.73,79000,10.889658
2012-03-14,14.86,14.97,14.58,14.75,169200,10.904444
2012-03-13,15.09,15.22,15.05,15.14,146800,10.956194
2012-03-12,14.85,15.02,14.85,15.02,52900,10.869356
2012-03-09,14.74,14.95,14.68,14.82,130300,10.724623
2012-03-08,14.99,14.99,14.63,14.70,128600,10.637784
2012-03-07,14.66,14.93,14.66,14.93,102700,10.804226
2012-03-06,14.75,14.95,14.65,14.70,277900,10.637784
2012-03-05,15.10,15.23,14.83,14.90,206300,10.782516
2012-03-02,15.06,15.19,14.72,15.10,297000,10.927248
2012-03-01,15.04,15.24,15.00,15.04,88700,10.883828
2012-02-29,15.28,15.30,15.00,15.00,334600,10.854882
2012-02-28,15.39,15.39,15.14,15.21,122200,11.00685
2012-02-27,15.20,15.37,15.20,15.36,202700,11.115399
2012-02-24,15.25,15.34,15.20,15.30,53200,11.07198
2012-02-23,15.20,15.30,15.20,15.26,36200,11.043033
2012-02-22,15.21,15.30,15.20,15.21,64500,11.00685
2012-02-21,15.21,15.29,15.20,15.23,54900,11.021323
2012-02-17,15.34,15.34,15.15,15.21,44400,11.00685
2012-02-16,15.20,15.34,15.20,15.30,72700,11.07198
2012-02-15,15.37,15.44,15.20,15.21,117400,11.00685
2012-02-14,15.25,15.34,15.20,15.31,121500,11.079217
2012-02-13,15.41,15.43,15.25,15.25,80500,11.035797
2012-02-10,15.25,15.33,15.21,15.25,112200,11.035797
2012-02-09,15.39,15.39,15.25,15.28,36400,11.057506
2012-02-08,15.37,15.37,15.25,15.29,72700,11.064743
2012-02-07,15.25,15.45,15.25,15.28,220900,11.057506
2012-02-06,15.28,15.36,15.20,15.35,257500,11.108163
2012-02-03,15.43,15.43,15.25,15.28,515800,11.057506
2012-02-02,15.29,15.34,15.25,15.28,187800,11.057506
2012-02-01,15.30,15.36,15.25,15.32,309500,11.086453
2012-01-31,15.35,15.42,15.14,15.28,1543900,11.057506
2012-01-30,15.83,15.83,15.56,15.62,48300,11.30355
2012-01-27,15.60,15.95,15.59,15.95,34900,11.542358
2012-01-26,15.79,15.95,15.56,15.71,67900,11.36868
2012-01-25,15.70,15.91,15.53,15.77,49100,11.4121
2012-01-24,15.41,15.81,15.40,15.75,64800,11.397626
2012-01-23,15.57,15.57,15.42,15.47,36200,11.195002
2012-01-20,15.58,15.71,15.50,15.59,46600,11.281841
2012-01-19,15.71,15.71,15.40,15.55,64900,11.252894
2012-01-18,15.51,15.65,15.38,15.64,54100,11.318024
2012-01-17,15.38,15.57,15.15,15.48,33000,11.202238
2012-01-13,15.15,15.42,15.15,15.27,45000,11.05027
2012-01-12,15.47,15.62,15.33,15.42,23400,11.158819
2012-01-11,15.37,15.41,15.24,15.41,17600,11.151582
2012-01-10,15.42,15.46,15.32,15.46,24200,11.187765
2012-01-09,15.30,15.49,15.28,15.35,21900,11.108163
2012-01-06,15.19,15.34,15.17,15.28,29200,11.057506
2012-01-05,15.17,15.33,15.11,15.19,46300,10.992377
2012-01-04,15.39,15.40,15.22,15.23,35700,11.021323
2012-01-03,15.76,15.76,15.32,15.48,42500,11.202238
2011-12-30,15.74,15.81,15.44,15.50,31200,11.216711
2011-12-29,15.79,15.84,15.63,15.73,28400,11.383153
2011-12-28,15.87,15.87,15.63,15.69,20400,11.354206
2011-12-27,15.63,15.88,15.57,15.87,13000,11.484465
2011-12-23,15.74,15.86,15.68,15.73,11400,11.383153
2011-12-22,15.95,15.95,15.59,15.71,24300,11.36868
2011-12-21,15.95,15.95,15.73,15.88,40000,11.491702
2011-12-20,15.58,15.95,15.37,15.94,51600,11.535121
2011-12-19,15.52,15.72,15.26,15.36,35000,11.115399
2011-12-16,15.73,15.95,15.30,15.38,47000,11.129872
2011-12-15,15.38,15.75,15.20,15.59,46700,11.281841
2011-12-14,15.01,15.57,15.01,15.50,50500,10.98514
2011-12-13,15.30,15.47,15.06,15.14,28100,10.730002
2011-12-12,15.01,15.36,15.00,15.18,57200,10.75835
2011-12-09,15.94,15.94,15.08,15.45,39700,10.949704
2011-12-08,15.40,15.44,15.02,15.06,33700,10.673304
2011-12-07,15.39,15.75,15.21,15.61,23400,11.063099
2011-12-06,15.34,15.67,15.34,15.58,18000,11.041838
2011-12-05,15.94,15.95,15.00,15.39,67200,10.907181
2011-12-02,15.95,15.95,15.66,15.80,22600,11.197756
2011-12-01,15.95,15.95,15.72,15.78,26900,11.183581
2011-11-30,15.85,16.00,15.66,16.00,89400,11.339499
2011-11-29,15.44,15.85,15.08,15.79,54800,11.190669
2011-11-28,15.16,15.45,15.05,15.45,49200,10.949704
2011-11-25,14.91,15.19,14.77,14.84,15800,10.517386
2011-11-23,14.95,15.10,14.81,15.00,36900,10.630781
2011-11-22,15.40,15.49,15.05,15.05,24400,10.666217
2011-11-21,15.20,15.75,15.19,15.42,45300,10.928443
2011-11-18,14.92,15.44,14.89,15.43,41200,10.93553
2011-11-17,15.04,15.23,14.79,14.87,46000,10.538647
2011-11-16,15.19,15.33,15.01,15.05,24400,10.666217
2011-11-15,14.92,15.33,14.85,15.28,35800,10.829222
2011-11-14,15.32,15.32,14.86,15.04,28800,10.659129
2011-11-11,15.18,15.37,15.00,15.29,23500,10.836309
2011-11-10,15.19,15.24,15.00,15.06,54500,10.673304
2011-11-09,15.59,15.75,15.00,15.00,68700,10.630781
2011-11-08,15.62,15.95,15.49,15.89,37300,11.261541
2011-11-07,15.69,15.86,15.44,15.56,14300,11.027664
2011-11-04,15.69,15.79,15.53,15.76,20600,11.169407
2011-11-03,15.70,15.85,15.52,15.80,48600,11.197756
2011-11-02,15.20,15.56,15.17,15.48,45100,10.970965
2011-11-01,15.00,15.44,14.86,14.92,54700,10.574083
2011-10-31,15.41,15.61,15.41,15.52,30500,10.999315
2011-10-28,15.61,15.93,15.58,15.67,36400,11.105622
2011-10-27,15.79,15.99,15.30,15.93,108000,11.289889
2011-10-26,15.45,15.60,15.27,15.52,35300,10.999315
2011-10-25,15.25,15.52,15.08,15.24,31800,10.800873
2011-10-24,15.26,15.78,15.17,15.29,42800,10.836309
2011-10-21,15.30,15.77,15.16,15.25,56800,10.80796
2011-10-20,15.05,15.30,14.75,15.09,22000,10.694566
2011-10-19,15.73,15.73,14.76,15.05,82100,10.666217
2011-10-18,15.22,15.69,15.15,15.65,49400,11.091448
2011-10-17,15.34,15.45,15.10,15.13,27400,10.722914
2011-10-14,15.25,15.42,15.10,15.40,31200,10.914268
2011-10-13,15.13,15.23,14.82,15.13,34300,10.722914
2011-10-12,15.06,15.26,15.01,15.21,33400,10.779612
2011-10-11,14.88,15.09,14.88,15.06,39500,10.673304
2011-10-10,15.20,15.22,14.72,14.98,42200,10.616606
2011-10-07,15.24,15.24,14.88,14.98,35200,10.616606
2011-10-06,14.95,15.25,14.81,15.23,68800,10.793786
2011-10-05,14.85,14.87,14.48,14.83,28800,10.510299
2011-10-04,14.11,14.81,14.01,14.80,106100,10.489037
2011-10-03,14.77,14.92,14.12,14.16,73400,10.035457
2011-09-30,14.72,15.13,14.72,14.85,70600,10.524473
2011-09-29,14.77,14.98,14.57,14.94,78000,10.588257
2011-09-28,14.57,14.79,14.40,14.58,72700,10.333119
2011-09-27,14.72,14.85,14.42,14.50,78400,10.276421
2011-09-26,14.69,14.69,14.13,14.49,55100,10.269334
2011-09-23,14.49,14.66,14.36,14.60,42500,10.347294
2011-09-22,14.25,14.55,14.21,14.48,78800,10.262247
2011-09-21,14.87,15.13,14.50,14.52,41300,10.290596
2011-09-20,14.86,15.01,14.61,14.90,63900,10.559909
2011-09-19,14.86,15.14,14.72,14.81,43800,10.496124
2011-09-16,15.06,15.15,14.91,15.02,66800,10.644955
2011-09-15,14.68,14.94,14.68,14.93,35300,10.581171
2011-09-14,14.79,15.09,14.59,14.98,76100,10.389816
2011-09-13,14.71,14.88,14.59,14.75,30400,10.230293
2011-09-12,14.42,14.84,14.40,14.67,54000,10.174807
2011-09-09,14.74,14.87,14.42,14.57,40000,10.105449
2011-09-08,14.79,14.90,14.75,14.78,41700,10.2511
2011-09-07,14.77,14.88,14.70,14.83,51200,10.285779
2011-09-06,14.18,14.75,14.18,14.63,44200,10.147064
2011-09-02,14.46,14.78,14.30,14.44,35700,10.015283
2011-09-01,14.91,15.15,14.58,14.64,58500,10.154
2011-08-31,14.96,15.07,14.80,14.95,96700,10.369009
2011-08-30,14.93,15.10,14.79,14.90,85400,10.33433
2011-08-29,15.00,15.11,14.85,14.98,72100,10.389816
2011-08-26,14.74,15.10,14.57,14.85,110800,10.299651
2011-08-25,14.88,15.00,14.47,14.71,46000,10.20255
2011-08-24,14.72,14.90,14.53,14.88,37500,10.320459
2011-08-23,14.54,14.85,14.41,14.79,95800,10.258036
2011-08-22,14.74,14.74,14.37,14.47,62300,10.036091
2011-08-19,14.50,14.79,14.35,14.38,48300,9.973669
2011-08-18,14.72,14.87,14.50,14.57,50600,10.105449
2011-08-17,14.85,14.97,14.79,14.90,35400,10.33433
2011-08-16,14.87,14.99,14.49,14.85,87800,10.299651
2011-08-15,14.86,15.00,14.77,15.00,62800,10.403688
2011-08-12,14.94,15.00,14.57,14.72,51600,10.209486
2011-08-11,14.37,14.95,14.19,14.86,101000,10.306587
2011-08-10,14.75,14.82,14.00,14.00,175200,9.710109
2011-08-09,14.06,14.70,14.00,14.70,179300,10.195614
2011-08-08,14.32,14.98,14.02,14.03,258400,9.730916
2011-08-05,15.29,15.46,14.64,15.00,127200,10.403688
2011-08-04,15.74,15.84,15.20,15.26,113000,10.584019
2011-08-03,15.53,15.90,15.47,15.81,136000,10.965487
2011-08-02,15.64,15.75,15.54,15.59,105500,10.8129
2011-08-01,15.75,15.75,15.51,15.64,62700,10.847579
2011-07-29,15.52,15.68,15.50,15.65,127600,10.854514
2011-07-28,15.62,15.66,15.42,15.60,51000,10.819836
2011-07-27,15.60,15.67,15.40,15.54,103900,10.778221
2011-07-26,15.70,15.75,15.50,15.61,41500,10.826771
2011-07-25,15.49,15.71,15.49,15.65,53800,10.854514
2011-07-22,15.69,15.74,15.55,15.55,46700,10.785157
2011-07-21,15.56,15.75,15.56,15.64,72300,10.847579
2011-07-20,15.42,15.65,15.42,15.62,61600,10.833707
2011-07-19,15.65,15.65,15.25,15.46,49900,10.722734
2011-07-18,15.36,15.56,15.13,15.19,54200,10.535468
2011-07-15,15.41,15.75,15.36,15.45,63600,10.715798
2011-07-14,15.32,15.55,15.13,15.39,69200,10.674184
2011-07-13,15.22,15.42,15.05,15.37,72000,10.660312
2011-07-12,15.04,15.25,14.96,15.20,85600,10.542404
2011-07-11,15.18,15.30,14.94,15.05,54600,10.438367
2011-07-08,15.27,15.38,15.10,15.34,43000,10.639505
2011-07-07,15.14,15.73,15.10,15.43,72500,10.701927
2011-07-06,15.20,15.29,14.92,15.07,94700,10.452238
2011-07-05,15.16,15.18,14.92,15.18,59800,10.528532
2011-07-01,14.98,15.47,14.89,15.11,73800,10.479981
2011-06-30,15.20,15.25,14.88,14.93,99000,10.355138
2011-06-29,15.11,15.50,15.02,15.16,50300,10.514661
2011-06-28,15.26,15.41,14.89,15.04,76400,10.431431
2011-06-27,15.06,15.34,14.94,15.20,69100,10.542404
2011-06-24,14.72,15.20,14.71,15.14,404800,10.500789
2011-06-23,14.35,14.79,14.35,14.71,74600,10.20255
2011-06-22,14.57,14.83,14.46,14.47,34600,10.036091
2011-06-21,14.75,14.79,14.52,14.63,31600,10.147064
2011-06-20,14.40,14.76,14.40,14.69,37500,10.188678
2011-06-17,14.79,14.98,14.31,14.40,109000,9.98754
2011-06-16,14.77,15.11,14.65,14.68,75100,10.181743
2011-06-15,15.01,15.07,14.65,14.75,73600,10.230293
2011-06-14,15.18,15.29,15.05,15.22,37400,10.334331
2011-06-13,15.04,15.30,14.92,15.07,74600,10.232481
2011-06-10,15.05,15.24,14.92,14.94,70200,10.144211
2011-06-09,15.27,15.46,15.03,15.06,64900,10.225691
2011-06-08,15.10,15.46,15.10,15.22,54700,10.334331
2011-06-07,15.28,15.57,15.15,15.16,37500,10.293591
2011-06-06,15.39,15.54,15.16,15.16,55800,10.293591
2011-06-03,15.50,15.60,15.33,15.35,54000,10.4226
2011-06-02,15.16,15.65,15.05,15.60,41900,10.592349
2011-06-01,15.56,15.79,15.11,15.20,112600,10.32075
2011-05-31,15.44,15.76,15.44,15.67,86600,10.639879
2011-05-27,15.40,15.55,15.16,15.34,80600,10.41581
2011-05-26,15.29,15.37,14.34,15.34,266100,10.41581
2011-05-25,15.50,15.80,15.32,15.35,92400,10.4226
2011-05-24,15.72,15.80,15.50,15.50,47000,10.524449
2011-05-23,15.60,15.83,15.60,15.70,77800,10.660249
2011-05-20,15.73,15.83,15.61,15.63,48100,10.612719
2011-05-19,15.86,15.90,15.52,15.65,111000,10.626299
2011-05-18,15.90,15.92,15.85,15.86,71100,10.768888
2011-05-17,15.74,15.94,15.66,15.88,68200,10.782468
2011-05-16,15.76,15.86,15.73,15.78,77000,10.714568
2011-05-13,15.85,15.97,15.76,15.81,86800,10.734939
2011-05-12,15.90,15.94,15.73,15.93,42700,10.816418
2011-05-11,15.95,15.95,15.80,15.94,69100,10.823208
2011-05-10,15.85,15.96,15.69,15.95,69200,10.829998
2011-05-09,15.71,15.88,15.50,15.81,172900,10.734939
2011-05-06,15.81,16.200001,15.81,15.89,66000,10.789258
2011-05-05,15.86,16.15,15.82,15.94,53300,10.823208
2011-05-04,16.040001,16.15,15.80,16.059999,82000,10.904687
2011-05-03,16.08,16.24,15.97,16.059999,72400,10.904687
2011-05-02,16.09,16.200001,15.85,16.17,81300,10.979377
2011-04-29,16.25,16.25,16.01,16.040001,182000,10.891108
2011-04-28,16.030001,16.299999,15.98,16.299999,151100,11.067646
2011-04-27,15.95,16.10,15.87,16.09,69200,10.925058
2011-04-26,15.85,15.92,15.82,15.91,67500,10.802838
2011-04-25,15.77,15.88,15.77,15.85,35400,10.762099
2011-04-21,15.87,15.89,15.74,15.78,40900,10.714568
2011-04-20,15.91,15.91,15.75,15.81,46900,10.734939
2011-04-19,15.84,15.84,15.75,15.76,59100,10.700989
2011-04-18,15.76,15.88,15.75,15.79,61600,10.721359
2011-04-15,15.78,15.94,15.75,15.91,96700,10.802838
2011-04-14,15.84,15.94,15.75,15.80,77100,10.728149
2011-04-13,15.89,15.89,15.75,15.78,56400,10.714568
2011-04-12,15.79,15.94,15.75,15.75,88700,10.694199
2011-04-11,16.15,16.15,15.82,15.86,77700,10.768888
2011-04-08,16.07,16.129999,15.90,16.129999,101100,10.952217
2011-04-07,16.00,16.09,15.85,16.00,107700,10.863948
2011-04-06,16.08,16.10,15.80,16.07,128200,10.911477
2011-04-05,15.88,16.120001,15.85,16.01,180200,10.870738
2011-04-04,15.94,16.200001,15.75,16.200001,278000,10.999748
2011-04-01,15.65,16.00,15.61,15.86,1360900,10.768888
2011-03-31,16.50,16.50,15.65,15.78,153300,10.714568
2011-03-30,16.139999,16.959999,16.01,16.959999,53200,11.515784
2011-03-29,16.23,16.27,16.00,16.16,20500,10.972587
2011-03-28,16.41,16.610001,16.07,16.07,15300,10.911477
2011-03-25,16.719999,16.719999,16.35,16.40,12200,11.135546
2011-03-24,16.75,16.799999,16.370001,16.700001,12700,11.339246
2011-03-23,16.620001,16.780001,16.58,16.75,7500,11.373195
2011-03-22,16.77,16.77,16.60,16.60,12400,11.271346
2011-03-21,16.280001,16.780001,16.120001,16.73,27400,11.359615
2011-03-18,16.190001,16.58,16.01,16.16,30300,10.972587
2011-03-17,16.049999,16.280001,15.80,16.18,26300,10.986167
2011-03-16,15.82,16.530001,15.50,15.84,21200,10.755308
2011-03-15,15.97,16.35,15.97,16.129999,33000,10.734937
2011-03-14,16.209999,16.42,16.040001,16.35,6700,10.881354
2011-03-11,16.34,16.50,16.08,16.35,27800,10.881354
2011-03-10,16.700001,16.959999,16.200001,16.32,68400,10.861388
2011-03-09,17.00,17.040001,16.530001,16.84,19600,11.207461
2011-03-08,16.73,17.129999,16.73,16.940001,20100,11.274014
2011-03-07,17.299999,17.299999,16.639999,16.66,26100,11.087667
2011-03-04,17.10,17.280001,17.10,17.219999,24000,11.460361
2011-03-03,17.10,17.23,17.08,17.17,15000,11.427085
2011-03-02,17.299999,17.299999,16.92,17.030001,25400,11.333912
2011-03-01,17.52,17.559999,16.92,17.18,34400,11.433741
2011-02-28,17.370001,17.370001,17.23,17.280001,18800,11.500293
2011-02-25,16.91,17.379999,16.77,17.360001,21000,11.553535
2011-02-24,16.940001,17.25,16.860001,16.90,25900,11.247393
2011-02-23,17.120001,17.389999,16.809999,16.82,23900,11.194151
2011-02-22,17.07,17.450001,17.02,17.02,22200,11.327256
2011-02-18,17.33,17.33,17.120001,17.25,14200,11.480327
2011-02-17,17.139999,17.299999,16.879999,17.24,21300,11.473672
2011-02-16,16.959999,17.299999,16.940001,17.10,17800,11.380498
2011-02-15,16.959999,17.18,16.74,16.969999,16900,11.293979
2011-02-14,17.200001,17.32,17.030001,17.040001,19800,11.340567
2011-02-11,16.719999,17.209999,16.719999,17.190001,31400,11.440396
2011-02-10,16.83,17.120001,16.629999,16.709999,18000,11.120942
2011-02-09,17.34,17.34,16.77,16.879999,18800,11.234082
2011-02-08,17.280001,17.35,16.40,17.35,21100,11.54688
2011-02-07,17.209999,17.459999,16.91,17.280001,30400,11.500293
2011-02-04,16.950001,17.139999,16.84,17.08,32000,11.367188
2011-02-03,16.549999,17.139999,16.40,17.030001,19900,11.333912
2011-02-02,16.15,16.690001,16.15,16.51,8300,10.987838
2011-02-01,16.200001,16.469999,16.10,16.110001,45400,10.721628
2011-01-31,16.379999,16.469999,16.01,16.120001,24400,10.728283
2011-01-28,16.709999,16.99,16.139999,16.200001,33300,10.781525
2011-01-27,16.629999,16.860001,16.33,16.65,23600,11.081011
2011-01-26,16.60,16.860001,16.48,16.57,21900,11.027769
2011-01-25,16.309999,16.549999,16.190001,16.48,27500,10.967872
2011-01-24,15.84,16.66,15.80,16.32,41700,10.861388
2011-01-21,15.84,15.96,15.70,15.85,56700,10.548591
2011-01-20,16.469999,17.10,15.82,15.82,137900,10.528624
2011-01-19,17.34,17.370001,16.33,16.59,79900,11.04108
2011-01-18,17.27,17.42,17.10,17.42,36900,11.593467
2011-01-14,17.51,17.60,17.27,17.360001,26200,11.553535
2011-01-13,17.469999,17.629999,17.35,17.360001,29000,11.553535
2011-01-12,17.34,17.49,17.309999,17.360001,30300,11.553535
2011-01-11,17.450001,17.620001,17.08,17.290001,34700,11.506949
2011-01-10,17.290001,17.620001,17.290001,17.459999,40500,11.620087
2011-01-07,17.719999,17.719999,17.290001,17.530001,16800,11.666675
2011-01-06,16.98,17.700001,16.98,17.60,24600,11.713262
2011-01-05,17.200001,17.68,17.200001,17.540001,18700,11.67333
2011-01-04,17.75,17.99,17.059999,17.15,51700,11.413774
2011-01-03,17.309999,17.719999,17.27,17.60,51500,11.713262
2010-12-31,17.75,17.75,17.120001,17.120001,36100,11.393809
2010-12-30,16.83,17.950001,16.83,17.950001,184900,11.946196
2010-12-29,17.209999,17.33,16.709999,16.780001,32200,11.16753
2010-12-28,17.110001,17.360001,16.82,16.84,17600,11.207461
2010-12-27,16.629999,17.52,16.629999,17.02,42200,11.327256
2010-12-23,16.60,17.309999,16.50,16.58,27400,11.034425
2010-12-22,16.48,16.969999,16.299999,16.610001,29500,11.054391
2010-12-21,16.629999,16.75,16.309999,16.41,24500,10.921285
2010-12-20,16.780001,17.10,16.450001,16.629999,32600,11.0677
2010-12-17,16.709999,16.790001,16.26,16.780001,89200,11.16753
2010-12-16,16.190001,16.90,16.190001,16.639999,58800,11.074356
2010-12-15,17.10,17.10,16.280001,16.540001,79300,10.801491
2010-12-14,16.99,17.34,16.75,17.17,39900,11.212914
2010-12-13,17.200001,17.280001,16.530001,16.90,53100,11.036589
2010-12-10,16.92,17.790001,16.90,17.01,39900,11.108425
2010-12-09,17.17,17.200001,16.82,17.02,27900,11.114956
2010-12-08,17.07,17.360001,16.790001,17.030001,33300,11.121487
2010-12-07,17.120001,17.27,16.75,17.00,52500,11.101895
2010-12-06,16.66,17.32,16.49,16.950001,22800,11.069243
2010-12-03,16.65,16.90,16.469999,16.74,18700,10.932101
2010-12-02,16.25,17.00,16.17,16.91,26700,11.04312
2010-12-01,16.18,16.73,16.00,16.110001,59700,10.520678
2010-11-30,17.32,17.65,16.209999,16.23,254800,10.599044
2010-11-29,17.299999,17.700001,16.969999,17.370001,89800,11.343525
2010-11-26,16.809999,17.42,16.700001,17.42,15000,11.376177
2010-11-24,16.549999,16.90,16.41,16.82,46000,10.984345
2010-11-23,16.360001,16.540001,15.97,16.469999,31400,10.755776
2010-11-22,16.02,16.50,15.82,16.389999,140100,10.703532
2010-11-19,15.91,16.299999,15.91,16.129999,23400,10.533738
2010-11-18,15.92,16.049999,15.91,15.91,20200,10.390067
2010-11-17,16.41,16.459999,15.92,16.040001,39800,10.474965
2010-11-16,16.49,16.700001,16.07,16.379999,60000,10.697001
2010-11-15,16.360001,16.85,16.23,16.620001,62500,10.853735
2010-11-12,15.66,16.52,15.66,16.24,46800,10.605575
2010-11-11,15.57,16.780001,15.57,16.040001,84000,10.474965
2010-11-10,15.78,15.81,15.61,15.61,54700,10.194151
2010-11-09,15.93,16.07,15.81,15.91,46300,10.390067
2010-11-08,16.25,16.440001,15.99,16.01,32500,10.455373
2010-11-05,16.42,16.42,16.049999,16.26,28100,10.618636
2010-11-04,15.90,16.41,15.79,16.389999,70700,10.703532
2010-11-03,15.75,15.93,15.57,15.90,26900,10.383537
2010-11-02,15.75,15.90,15.65,15.79,36800,10.311701
2010-11-01,15.80,15.96,15.57,15.61,30600,10.194151
2010-10-29,16.00,16.00,15.61,15.91,82300,10.390067
2010-10-28,16.469999,16.469999,16.040001,16.16,33000,10.55333
2010-10-27,16.059999,16.450001,16.049999,16.41,40000,10.716594
2010-10-26,15.93,16.33,15.93,16.32,22200,10.657819
2010-10-25,16.030001,16.030001,15.86,15.91,35200,10.390067
2010-10-22,15.89,16.139999,15.84,15.91,27400,10.390067
2010-10-21,16.10,16.74,15.76,15.89,46200,10.377006
2010-10-20,16.09,16.389999,16.09,16.15,21200,10.5468
2010-10-19,16.200001,16.76,15.99,16.049999,35200,10.481494
2010-10-18,16.07,16.33,15.67,16.33,24200,10.664349
2010-10-15,16.32,16.32,15.71,15.97,39200,10.429251
2010-10-14,16.139999,16.290001,15.71,16.25,22000,10.612105
2010-10-13,15.55,16.25,15.33,16.139999,31600,10.540269
2010-10-12,15.33,15.55,15.25,15.53,13300,10.141907
2010-10-11,15.53,15.56,15.23,15.44,34300,10.083132
2010-10-08,15.60,15.69,15.45,15.50,72100,10.122316
2010-10-07,16.120001,16.719999,15.62,15.62,89800,10.200682
2010-10-06,15.72,16.059999,15.64,16.01,36800,10.455373
2010-10-05,15.66,15.83,15.33,15.72,71200,10.265987
2010-10-04,15.82,15.82,15.48,15.54,33600,10.148438
2010-10-01,15.39,15.83,15.26,15.82,65900,10.331292
2010-09-30,15.19,15.51,15.13,15.30,60700,9.991705
2010-09-29,15.00,15.19,14.95,15.19,51400,9.919869
2010-09-28,14.96,15.05,14.70,15.02,78500,9.808851
2010-09-27,14.96,14.96,14.90,14.93,22200,9.750076
2010-09-24,14.80,14.95,14.74,14.94,59300,9.756606
2010-09-23,14.85,14.90,14.53,14.72,96700,9.612935
2010-09-22,14.87,14.95,14.86,14.89,53500,9.723954
2010-09-21,14.79,14.91,14.72,14.87,96900,9.710893
2010-09-20,14.80,14.84,14.70,14.84,43200,9.691301
2010-09-17,14.80,14.80,14.57,14.65,29600,9.567221
2010-09-16,14.62,14.80,14.57,14.78,28400,9.652118
2010-09-15,14.74,14.79,14.58,14.72,15400,9.612935
2010-09-14,14.84,14.87,14.62,14.81,39200,9.67171
2010-09-13,14.74,14.87,14.53,14.84,51600,9.691301
2010-09-10,14.45,14.74,14.41,14.74,38400,9.625996
2010-09-09,14.64,14.64,14.30,14.45,16300,9.43661
2010-09-08,14.60,14.61,14.36,14.50,47600,9.469263
2010-09-07,14.62,14.74,14.62,14.67,66400,9.377836
2010-09-03,14.72,14.72,14.56,14.61,33800,9.33948
2010-09-02,14.70,14.70,14.56,14.61,22700,9.33948
2010-09-01,14.48,14.72,14.42,14.66,66500,9.371443
2010-08-31,14.32,14.52,14.25,14.31,41300,9.147705
2010-08-30,14.41,14.47,14.26,14.26,18800,9.115742
2010-08-27,14.49,14.52,14.34,14.52,34900,9.281948
2010-08-26,14.49,14.52,14.29,14.41,23500,9.21163
2010-08-25,14.40,14.57,14.40,14.49,15900,9.26277
2010-08-24,14.43,14.70,14.40,14.40,33200,9.205237
2010-08-23,14.58,14.70,14.47,14.53,28800,9.28834
2010-08-20,14.44,14.71,14.40,14.50,40400,9.269163
2010-08-19,14.33,14.74,14.27,14.50,36700,9.269163
2010-08-18,14.52,14.56,14.25,14.41,44100,9.21163
2010-08-17,14.61,14.72,14.50,14.58,43900,9.320303
2010-08-16,14.57,14.73,14.50,14.68,51400,9.384228
2010-08-13,14.64,14.70,14.44,14.49,31300,9.26277
2010-08-12,14.11,14.66,14.11,14.64,81100,9.358658
2010-08-11,13.91,14.46,13.90,14.26,108200,9.115742
2010-08-10,14.14,14.29,13.62,14.09,32200,9.007069
2010-08-09,14.15,14.25,13.81,14.25,43000,9.10935
2010-08-06,14.31,14.41,13.62,14.12,69500,9.026247
2010-08-05,14.41,14.49,14.25,14.39,23600,9.198845
2010-08-04,14.28,14.50,14.16,14.48,40500,9.256377
2010-08-03,14.10,14.31,14.10,14.25,24300,9.10935
2010-08-02,14.17,14.21,14.04,14.14,25700,9.039032
2010-07-30,13.92,14.21,13.92,14.03,26100,8.968714
2010-07-29,14.15,14.21,13.95,14.03,17500,8.968714
2010-07-28,14.30,14.30,14.04,14.09,28300,9.007069
2010-07-27,14.20,14.32,14.03,14.31,22200,9.147705
2010-07-26,14.32,14.32,13.93,14.14,45400,9.039032
2010-07-23,14.20,14.30,13.94,14.25,36200,9.10935
2010-07-22,14.35,14.35,14.14,14.25,33500,9.10935
2010-07-21,14.37,14.37,14.13,14.21,63900,9.08378
2010-07-20,14.03,14.34,13.92,14.34,19400,9.166882
2010-07-19,14.01,14.47,13.92,14.11,39900,9.019854
2010-07-16,13.97,14.05,13.90,13.92,19800,8.898396
2010-07-15,14.21,14.21,14.00,14.07,13300,8.994284
2010-07-14,14.44,14.44,13.91,14.15,52000,9.045424
2010-07-13,14.17,14.54,14.00,14.39,116600,9.198845
2010-07-12,14.16,14.40,13.96,14.01,25000,8.955929
2010-07-09,14.43,14.43,14.09,14.13,29100,9.032639
2010-07-08,14.50,14.53,14.13,14.40,30600,9.205237
2010-07-07,13.91,14.55,13.86,14.48,44000,9.256377
2010-07-06,14.14,14.32,13.65,13.83,72000,8.840863
2010-07-02,14.19,14.20,14.00,14.01,23600,8.955929
2010-07-01,14.40,14.50,14.02,14.08,69800,9.000677
2010-06-30,14.39,14.73,14.25,14.42,36800,9.218023
2010-06-29,14.28,14.47,14.25,14.33,38200,9.16049
2010-06-28,14.66,14.66,14.33,14.36,38200,9.179667
2010-06-25,14.69,14.77,14.44,14.65,898000,9.36505
2010-06-24,14.37,14.65,14.37,14.63,70000,9.352266
2010-06-23,14.43,14.62,14.21,14.49,135200,9.26277
2010-06-22,14.25,14.58,14.18,14.49,151600,9.26277
2010-06-21,14.50,14.60,14.00,14.48,153400,9.256377
2010-06-18,14.45,14.50,14.28,14.40,69200,9.205237
2010-06-17,14.42,14.55,14.15,14.55,41200,9.147705
2010-06-16,14.29,14.55,14.27,14.51,44600,9.122557
2010-06-15,14.44,14.60,14.25,14.59,56000,9.172853
2010-06-14,14.30,14.54,14.05,14.39,45600,9.047112
2010-06-11,13.95,14.38,13.85,14.38,41800,9.040825
2010-06-10,13.98,14.17,13.87,13.96,16600,8.776767
2010-06-09,13.97,13.97,13.36,13.87,18200,8.720183
2010-06-08,13.75,13.75,13.31,13.67,57400,8.594442
2010-06-07,13.88,14.14,13.83,13.98,53200,8.789341
2010-06-04,14.21,14.21,13.55,13.93,17000,8.757906
2010-06-03,14.08,14.10,13.38,13.80,35800,8.676174
2010-06-02,14.14,14.20,14.00,14.14,12800,8.889935
2010-06-01,14.14,14.40,14.00,14.03,40800,8.820776
2010-05-28,14.20,14.44,13.38,14.14,54600,8.889935
2010-05-27,13.73,14.22,13.33,13.95,49200,8.77048
2010-05-26,13.45,13.98,13.27,13.65,56000,8.581867
2010-05-25,13.02,13.35,12.50,13.35,94100,8.393255
2010-05-24,12.81,13.42,12.56,13.27,43800,8.342959
2010-05-21,13.37,13.56,12.75,12.85,84500,8.078901
2010-05-20,13.19,13.55,12.56,13.50,170800,8.487561
2010-05-19,13.59,13.79,12.57,13.40,223200,8.42469
2010-05-18,14.32,14.43,13.25,13.47,131500,8.4687
2010-05-17,14.50,14.50,14.02,14.19,147700,8.92137
2010-05-14,14.50,14.52,14.50,14.50,106800,9.11627
2010-05-13,14.56,14.56,14.50,14.50,35300,9.11627
2010-05-12,14.51,14.69,14.50,14.50,75800,9.11627
2010-05-11,14.55,14.60,14.50,14.53,58400,9.135131
2010-05-10,14.70,14.70,14.50,14.52,95900,9.128844
2010-05-07,14.51,15.00,14.50,14.54,118000,9.141418
2010-05-06,14.55,14.60,14.50,14.50,667600,9.11627
2010-05-05,14.51,14.56,14.50,14.55,154000,9.147705
2010-05-04,14.51,14.60,14.50,14.60,190400,9.179141
2010-05-03,14.64,14.64,14.50,14.51,114100,9.122557
2010-04-30,14.60,14.65,14.50,14.50,195700,9.11627
2010-04-29,14.70,14.72,14.51,14.70,133100,9.242011
2010-04-28,14.56,14.74,14.50,14.70,146600,9.242011
2010-04-27,14.61,14.70,14.50,14.55,195100,9.147705
2010-04-26,14.71,14.73,14.57,14.66,123400,9.216863
2010-04-23,14.70,14.80,14.55,14.80,159500,9.304882
2010-04-22,14.60,14.79,14.60,14.72,86200,9.254586
2010-04-21,14.83,14.83,14.61,14.80,118300,9.304882
2010-04-20,14.80,14.85,14.66,14.85,171200,9.336318
2010-04-19,14.70,14.85,14.57,14.72,231600,9.254586
2010-04-16,14.50,14.75,14.50,14.70,247400,9.242011
2010-04-15,14.50,14.95,14.30,14.71,1801200,9.248298
