Date,Open,High,Low,Close,Volume,Adj Close
2012-12-31,10.25,10.41,10.25,10.4099,3900,10.4099
2012-12-28,10.3944,10.3944,10.3776,10.3776,1100,10.3776
2012-12-27,10.33,10.3436,10.32,10.3201,1400,10.3201
2012-12-26,10.54,10.54,10.33,10.38,16800,10.38
2012-12-24,10.60,10.62,10.60,10.61,21000,10.3537
2012-12-21,10.57,10.60,10.57,10.57,8700,10.3147
2012-12-20,10.60,10.60,10.60,10.60,300,10.344
2012-12-19,10.57,10.5701,10.57,10.57,4900,10.3147
2012-12-18,10.60,10.60,10.57,10.57,1200,10.3147
2012-12-17,10.55,10.608,10.55,10.608,14100,10.3518
2012-12-14,10.61,10.61,10.607,10.607,900,10.3508
2012-12-13,10.61,10.61,10.58,10.58,300,10.3245
2012-12-12,10.61,10.61,10.606,10.606,1100,10.3498
2012-12-11,10.61,10.61,10.57,10.61,1200,10.3537
2012-12-10,10.55,10.5999,10.55,10.5999,14300,10.3439
2012-12-07,10.57,10.57,10.56,10.57,2500,10.3147
2012-12-06,10.56,10.56,10.56,10.56,900,10.305
2012-12-05,10.54,10.546,10.54,10.546,2900,10.2913
2012-12-04,10.55,10.56,10.54,10.54,1900,10.2854
2012-12-03,10.55,10.61,10.53,10.54,9000,10.2854
2012-11-30,10.61,10.61,10.55,10.55,9900,10.2952
2012-11-29,10.62,10.62,10.56,10.60,5000,10.344
2012-11-28,10.55,10.568,10.55,10.56,6000,10.305
2012-11-27,10.56,10.61,10.56,10.57,134800,10.3147
2012-11-26,10.57,10.61,10.55,10.5701,14500,10.3148
2012-11-23,10.53,10.57,10.52,10.57,1300,10.3147
2012-11-21,10.54,10.5899,10.53,10.53,9000,10.2757
2012-11-20,10.56,10.63,10.53,10.54,10200,10.2854
2012-11-19,11.28,11.35,10.50,10.65,40400,10.3928
2012-11-16,11.50,11.50,11.25,11.35,6100,11.0759
2012-11-15,11.52,11.59,11.35,11.53,2000,11.2515
2012-11-14,11.60,11.60,11.2501,11.2501,2000,10.9784
2012-11-13,11.50,11.50,11.50,11.50,1300,11.2223
2012-11-12,11.50,11.601,11.41,11.601,500,11.3208
2012-11-09,11.34,11.52,11.34,11.52,4400,11.2418
2012-11-08,11.2001,11.50,11.20,11.50,2800,11.2223
2012-11-07,11.23,11.23,11.1501,11.20,800,10.9295
2012-11-06,11.41,11.72,11.41,11.41,1100,11.1344
2012-11-05,11.62,11.62,11.62,11.62,100,11.3394
2012-11-02,11.24,11.2401,11.20,11.2001,4200,10.9296
2012-11-01,11.22,11.7799,11.20,11.20,3600,10.9295
2012-10-31,11.23,11.23,11.23,11.23,100,10.9588
2012-10-25,11.20,11.20,11.20,11.20,1000,10.9295
2012-10-24,11.20,11.20,11.05,11.1501,1800,10.8808
2012-10-23,11.22,11.22,11.20,11.20,1000,10.9295
2012-10-22,11.25,11.25,11.10,11.22,6100,10.949
2012-10-19,11.20,11.22,11.20,11.22,1800,10.949
2012-10-18,11.13,11.2501,11.12,11.22,2400,10.949
2012-10-17,11.22,11.22,11.118,11.22,800,10.949
2012-10-16,11.26,11.28,11.11,11.11,7100,10.8417
2012-10-15,11.26,11.39,11.26,11.39,200,11.1149
2012-10-12,11.80,11.80,11.80,11.80,100,11.515
2012-10-11,11.77,11.79,11.25,11.25,800,10.9783
2012-10-10,11.80,11.80,11.75,11.75,700,11.4662
2012-10-09,11.72,11.72,11.72,11.72,100,11.4369
2012-10-08,11.50,11.50,11.50,11.50,300,11.2223
2012-10-05,11.285,11.42,11.285,11.42,300,11.1442
2012-10-04,11.13,11.50,11.13,11.13,1300,10.8612
2012-10-03,11.22,11.22,11.20,11.20,200,10.9295
2012-10-02,11.50,11.50,11.1501,11.4865,1600,11.2091
2012-10-01,11.41,11.95,11.26,11.95,2000,11.6614
2012-09-28,11.24,11.44,11.23,11.31,1600,11.0368
2012-09-27,11.08,11.44,11.08,11.28,6100,11.0076
2012-09-26,11.50,11.5001,11.04,11.35,2100,11.0759
2012-09-25,11.49,11.60,11.49,11.50,600,10.9722
2012-09-24,11.9899,11.9899,11.75,11.75,500,11.2107
2012-09-21,11.6501,11.6501,11.6501,11.6501,400,11.1154
2012-09-20,11.39,11.40,11.39,11.40,500,10.8768
2012-09-19,11.51,11.51,11.40,11.40,300,10.8768
2012-09-18,11.40,11.50,11.40,11.50,400,10.9722
2012-09-14,11.40,11.95,11.32,11.40,13800,10.8768
2012-09-13,11.22,11.22,11.22,11.22,100,10.705
2012-09-12,11.33,11.33,11.22,11.31,2400,10.7909
2012-09-11,11.25,11.43,11.19,11.43,5200,10.9054
2012-09-10,11.12,11.4499,11.10,11.40,900,10.8768
2012-09-07,11.26,11.26,11.16,11.16,1600,10.6478
2012-09-05,11.24,11.50,11.24,11.50,1700,10.9722
2012-09-04,11.05,11.20,10.99,11.20,7500,10.686
2012-08-31,11.21,11.21,11.21,11.21,200,10.6955
2012-08-30,11.22,11.24,11.00,11.24,800,10.7241
2012-08-29,11.17,11.24,11.17,11.24,1800,10.7241
2012-08-28,11.17,11.17,11.1666,11.1666,1100,10.6541
2012-08-27,11.17,11.17,11.17,11.17,400,10.6573
2012-08-24,11.1699,11.1699,11.1525,11.1525,600,10.6406
2012-08-23,11.05,11.0912,11.0001,11.0912,700,10.5822
2012-08-22,11.18,11.18,11.18,11.18,800,10.6669
2012-08-21,11.06,11.06,11.06,11.06,100,10.5524
2012-08-20,11.09,11.1675,11.09,11.1675,400,10.655
2012-08-17,11.13,11.18,11.0918,11.0918,1000,10.5827
2012-08-15,11.09,11.09,11.09,11.09,100,10.581
2012-08-14,11.02,11.02,10.96,10.96,2700,10.457
2012-08-10,11.15,11.16,11.15,11.16,500,10.6478
2012-08-09,11.16,11.17,11.15,11.15,2400,10.6383
2012-08-08,11.05,11.24,10.91,11.24,2400,10.7241
2012-08-07,11.28,11.28,11.28,11.28,800,10.7623
2012-08-03,11.00,11.0001,11.00,11.0001,200,10.4952
2012-08-02,11.49,11.49,11.20,11.25,3600,10.7337
2012-08-01,10.95,11.50,10.93,11.50,7700,10.9722
2012-07-31,10.90,10.95,10.90,10.95,1600,10.4474
2012-07-30,10.94,10.9401,10.90,10.9001,3200,10.3998
2012-07-27,11.00,11.00,11.00,11.00,100,10.4951
2012-07-26,11.00,11.00,10.9995,11.00,2200,10.4951
2012-07-25,11.00,11.04,10.75,11.04,7100,10.5333
2012-07-24,11.04,11.04,11.00,11.0005,1400,10.4956
2012-07-23,11.0001,11.0001,11.0001,11.0001,400,10.4952
2012-07-20,10.98,11.25,10.98,11.225,3900,10.7098
2012-07-19,11.18,11.18,10.9601,11.00,1000,10.4951
2012-07-18,11.16,11.20,11.15,11.18,4800,10.6669
2012-07-17,10.96,11.11,10.96,11.10,1100,10.5906
2012-07-16,11.20,11.20,11.20,11.20,1100,10.686
2012-07-13,11.24,11.24,11.20,11.20,2300,10.686
2012-07-12,11.00,11.26,11.00,11.26,400,10.7432
2012-07-11,11.26,11.26,11.20,11.20,1100,10.686
2012-07-10,11.23,11.23,11.00,11.00,200,10.4951
2012-07-09,11.24,11.26,11.234,11.234,1200,10.7184
2012-07-06,11.16,11.39,11.09,11.09,8400,10.581
2012-07-05,11.1499,11.15,11.1499,11.15,2400,10.6383
2012-07-02,11.20,11.20,11.122,11.15,2200,10.6383
2012-06-29,11.10,11.10,11.10,11.10,1000,10.5906
2012-06-28,11.15,11.15,11.11,11.11,1800,10.6001
2012-06-26,11.10,11.12,11.03,11.12,2800,10.3485
2012-06-25,11.20,11.20,11.20,11.20,400,10.4229
2012-06-22,10.98,11.27,10.98,11.25,21300,10.4694
2012-06-21,10.87,10.95,10.84,10.95,2900,10.1903
2012-06-20,11.25,11.25,11.25,11.25,500,10.4694
2012-06-19,10.98,11.2695,10.98,11.2695,3500,10.4876
2012-06-15,10.85,10.85,10.85,10.85,600,10.0972
2012-06-13,11.00,11.00,10.85,10.85,800,10.0972
2012-06-12,11.00,11.00,11.00,11.00,200,10.2368
2012-06-11,11.05,11.05,11.02,11.02,800,10.2554
2012-06-08,11.04,11.04,11.03,11.03,500,10.2647
2012-06-07,11.00,11.00,11.00,11.00,300,10.2368
2012-06-06,11.10,11.10,11.10,11.10,100,10.3299
2012-06-05,11.11,11.11,11.11,11.11,300,10.3392
2012-06-01,11.12,11.12,11.10,11.11,1700,10.3392
2012-05-31,11.01,11.01,11.01,11.01,200,10.2461
2012-05-30,10.89,10.91,10.89,10.89,500,10.1344
2012-05-29,11.29,11.29,11.29,11.29,1500,10.5067
2012-05-25,11.13,11.24,11.13,11.24,6400,10.4601
2012-05-23,10.80,10.85,10.78,10.85,2800,10.0972
2012-05-22,10.85,10.86,10.85,10.85,1800,10.0972
2012-05-18,10.98,10.98,10.78,10.78,1900,10.0321
2012-05-17,10.93,11.00,10.93,11.00,3500,10.2368
2012-05-16,10.78,10.78,10.78,10.78,200,10.0321
2012-05-14,10.7801,10.7801,10.7801,10.7801,200,10.0322
2012-05-10,10.84,10.99,10.76,10.81,1600,10.06
2012-05-09,10.82,10.82,10.7501,10.7501,2800,10.0042
2012-05-08,10.90,10.95,10.8899,10.89,2600,10.1344
2012-05-07,10.91,10.91,10.90,10.90,500,10.1437
2012-05-04,10.99,11.0999,10.92,10.92,1300,10.1623
2012-05-03,10.996,10.996,10.996,10.996,200,10.2331
2012-05-02,10.8001,10.85,10.8001,10.85,700,10.0972
2012-05-01,10.82,10.85,10.82,10.85,900,10.0972
2012-04-30,10.85,10.85,10.85,10.85,800,10.0972
2012-04-27,10.85,10.85,10.8296,10.85,2400,10.0972
2012-04-26,10.79,10.80,10.75,10.75,1400,10.0041
2012-04-25,10.84,10.85,10.72,10.85,3700,10.0972
2012-04-24,10.71,10.85,10.71,10.85,1300,10.0972
2012-04-23,10.61,10.64,10.60,10.64,2700,9.9018
2012-04-20,10.81,10.81,10.55,10.5999,10900,9.8645
2012-04-19,10.79,10.91,10.75,10.75,1900,10.0041
2012-04-18,10.90,10.9101,10.90,10.9101,600,10.1531
2012-04-16,10.82,11.00,10.80,11.00,1900,10.2368
2012-04-13,10.97,11.1499,10.97,10.97,200,10.2089
2012-04-12,11.09,11.09,11.09,11.09,100,10.3205
2012-04-11,11.16,11.00,10.80,11.00,2800,10.2368
2012-04-10,11.00,11.19,10.95,11.19,1100,10.4136
2012-04-09,11.00,11.05,11.00,11.05,700,10.2833
2012-04-04,11.09,11.09,11.0501,11.0501,1000,10.2834
2012-04-02,11.01,11.25,10.98,11.00,6200,10.2368
2012-03-30,11.01,11.209,11.00,11.00,500,10.2368
2012-03-29,10.91,11.2499,10.74,11.2499,800,10.4694
2012-03-28,11.11,11.11,10.91,10.91,1000,10.153
2012-03-27,11.00,11.10,10.9999,11.10,4900,10.0914
2012-03-26,11.07,11.25,11.03,11.05,8700,10.0459
2012-03-23,11.23,11.23,11.23,11.23,100,10.2096
2012-03-22,11.10,11.11,11.10,11.10,3400,10.0914
2012-03-20,11.25,11.25,11.25,11.25,500,10.2278
2012-03-19,11.31,11.324,11.12,11.25,1800,10.2278
2012-03-16,11.16,11.3299,11.10,11.10,1800,10.0914
2012-03-15,11.16,11.16,11.16,11.16,1000,10.1459
2012-03-13,11.15,11.25,11.10,11.10,1700,10.0914
2012-03-12,11.3406,11.3406,11.3406,11.3406,100,10.3101
2012-03-09,11.15,11.20,11.15,11.15,700,10.1368
2012-03-08,11.55,11.68,11.15,11.21,6700,10.1914
2012-03-06,11.50,11.50,11.50,11.50,100,10.455
2012-03-05,11.53,11.60,11.3001,11.5999,2800,10.5459
2012-03-02,11.2601,11.2601,11.2601,11.2601,200,10.2369
2012-03-01,11.41,11.41,11.20,11.252,1300,10.2296
2012-02-24,11.43,11.4992,11.19,11.26,1400,10.2368
2012-02-23,11.22,11.22,11.22,11.22,1600,10.2005
2012-02-21,11.26,11.55,11.25,11.55,2500,10.5005
2012-02-15,11.28,11.28,11.10,11.10,2600,10.0914
2012-02-14,11.59,11.59,11.59,11.59,000,10.5369
2012-02-13,11.58,11.60,11.30,11.35,1700,10.3187
2012-02-10,11.64,11.64,11.5999,11.5999,1000,10.5459
2012-02-09,11.60,11.60,11.60,11.60,100,10.546
2012-02-08,11.60,11.60,11.60,11.60,700,10.546
2012-02-06,11.28,11.39,11.28,11.38,2000,10.3459
2012-02-03,11.30,11.30,11.27,11.273,1100,10.2487
2012-02-01,11.29,11.30,11.29,11.30,1000,10.2732
2012-01-30,11.17,11.17,11.17,11.17,100,10.155
2012-01-27,11.30,11.30,11.17,11.299,2200,10.2723
2012-01-26,11.24,11.24,11.24,11.24,000,10.2187
2012-01-24,11.17,11.17,11.17,11.17,500,10.155
2012-01-23,11.18,11.18,11.18,11.18,000,10.1641
2012-01-20,11.20,11.20,11.17,11.17,800,10.155
2012-01-17,11.25,11.378,11.25,11.378,700,10.3441
2012-01-12,11.10,11.32,11.10,11.16,1500,10.1459
2012-01-11,11.14,11.187,11.0575,11.13,13700,10.1187
2012-01-10,11.01,11.25,11.0085,11.02,25400,10.0187
2012-01-09,10.96,11.11,10.96,11.10,1300,10.0914
2012-01-06,11.14,11.18,10.97,10.97,14100,9.9732
2012-01-04,11.00,11.00,11.00,11.00,000,10.0005
2012-01-03,11.20,11.20,11.20,11.20,400,10.1823
2011-12-30,11.18,11.20,10.97,11.1445,4300,10.1318
2011-12-29,11.05,11.20,10.98,11.00,30300,10.0005
2011-12-28,11.20,11.20,10.95,10.95,1800,9.955
2011-12-27,11.20,11.20,11.20,11.20,300,10.1823
2011-12-22,11.20,11.20,11.20,11.20,200,9.9493
2011-12-20,11.31,11.3192,11.20,11.3192,400,10.0552
2011-12-16,11.20,11.26,11.20,11.26,300,10.0026
2011-12-15,11.59,11.60,11.59,11.60,600,10.3047
2011-12-09,11.23,11.7148,11.20,11.7148,600,10.4066
2011-12-08,11.66,11.66,11.66,11.66,500,10.358
2011-12-07,11.23,11.23,11.23,11.23,200,9.976
2011-12-01,11.23,11.23,11.2001,11.23,200,9.976
2011-11-30,11.2001,11.2001,11.2001,11.2001,100,9.9494
2011-11-28,11.48,11.557,11.15,11.15,2600,9.9049
2011-11-17,11.33,11.33,11.15,11.15,1200,9.9049
2011-11-14,11.33,11.33,11.33,11.33,300,10.0648
2011-11-11,11.34,11.36,11.31,11.325,2700,10.0604
2011-11-09,11.31,11.339,11.3001,11.3001,500,10.0383
2011-11-07,11.588,11.588,11.588,11.588,400,10.294
2011-11-04,11.58,11.58,11.58,11.58,400,10.2869
2011-11-03,11.59,11.59,11.22,11.59,2400,10.2958
2011-11-02,11.58,11.5892,11.58,11.5892,400,10.2951
2011-11-01,11.50,11.55,11.33,11.45,1100,10.1714
2011-10-31,11.50,11.50,11.50,11.50,1000,10.2158
2011-10-27,11.51,11.51,11.51,11.51,100,10.2247
2011-10-26,11.18,11.1999,11.18,11.1999,500,9.9492
2011-10-24,11.06,11.06,11.06,11.06,100,9.825
2011-10-21,11.10,11.21,11.05,11.20,2700,9.9493
2011-10-20,11.00,11.00,11.00,11.00,400,9.7717
2011-10-18,11.2001,11.2001,11.20,11.20,3100,9.9493
2011-10-17,11.22,11.22,11.22,11.22,100,9.9671
2011-10-14,11.19,11.20,11.19,11.20,400,9.9493
2011-10-13,11.21,11.21,11.00,11.03,800,9.7983
2011-10-12,11.32,11.5388,11.03,11.06,3500,9.825
2011-10-11,11.57,11.59,11.57,11.59,800,10.2958
2011-10-10,11.72,11.72,11.20,11.47,1700,10.1892
2011-10-07,11.71,11.71,11.71,11.71,400,10.4024
2011-10-05,11.32,11.74,11.15,11.73,2800,10.4201
2011-10-04,11.31,11.31,11.31,11.31,000,10.047
2011-09-30,11.53,11.54,11.32,11.32,1700,10.0559
2011-09-29,11.54,11.54,11.54,11.54,100,10.2514
2011-09-28,11.24,11.24,11.15,11.15,300,9.9049
2011-09-27,11.43,11.77,11.00,11.15,2300,9.9049
2011-09-23,11.45,11.4501,11.45,11.4501,1000,9.9439
2011-09-22,11.25,11.50,11.20,11.45,1400,9.9438
2011-09-20,11.05,11.49,11.05,11.20,4700,9.7267
2011-09-19,11.22,11.30,11.14,11.22,900,9.744
2011-09-16,11.40,11.40,11.40,11.40,800,9.9004
2011-09-15,11.28,11.35,11.28,11.35,500,9.8569
2011-09-14,11.08,11.10,11.08,11.08,1000,9.6225
2011-09-13,11.00,11.02,11.00,11.00,2500,9.553
2011-09-12,11.11,11.11,11.00,11.09,2000,9.6311
2011-09-09,11.20,11.20,11.11,11.11,1000,9.6485
2011-09-07,11.30,11.30,11.20,11.20,800,9.7267
2011-09-01,11.13,11.13,11.13,11.13,200,9.6659
2011-08-31,11.35,11.3821,11.10,11.3821,3800,9.8848
2011-08-30,11.40,11.40,11.40,11.40,400,9.9004
2011-08-29,11.35,11.35,11.35,11.35,200,9.8569
2011-08-26,11.35,11.3563,11.35,11.3563,200,9.8624
2011-08-25,11.32,11.423,11.32,11.35,1700,9.8569
2011-08-18,11.16,11.16,11.16,11.16,100,9.6919
2011-08-15,11.10,11.45,11.10,11.45,800,9.9438
2011-08-12,11.10,11.10,11.10,11.10,500,9.6398
2011-08-11,11.00,11.01,11.00,11.00,1000,9.553
2011-08-10,11.45,11.45,10.45,11.00,4200,9.553
2011-08-09,11.45,11.45,11.2172,11.22,1500,9.744
2011-08-08,11.45,11.45,11.122,11.45,1600,9.9438
2011-08-05,11.50,11.50,11.4999,11.4999,600,9.9871
2011-08-03,11.68,11.77,11.50,11.75,2600,10.2043
2011-08-02,11.27,11.70,11.04,11.70,7700,10.1609
2011-08-01,11.40,11.40,11.20,11.21,1900,9.7354
2011-07-29,11.49,11.50,11.3999,11.40,4400,9.9004
2011-07-28,11.47,11.47,11.47,11.47,100,9.9612
2011-07-27,11.32,11.44,11.32,11.44,2500,9.9351
2011-07-26,11.53,11.53,11.27,11.27,7700,9.7875
2011-07-25,11.55,11.64,11.55,11.55,2000,10.0306
2011-07-22,11.87,11.87,11.87,11.87,300,10.3085
2011-07-21,11.89,11.89,11.50,11.50,3000,9.9872
2011-07-20,11.64,11.82,11.64,11.82,3800,10.2651
2011-07-19,11.53,11.53,11.38,11.38,700,9.883
2011-07-15,11.75,11.75,11.72,11.75,1500,10.2043
2011-07-13,11.55,11.55,11.50,11.55,2500,10.0306
2011-07-12,11.34,11.40,11.34,11.39,2600,9.8917
2011-07-11,11.72,11.73,11.72,11.73,200,10.1869
2011-07-08,11.57,11.79,11.53,11.79,2400,10.2391
2011-07-07,11.80,12.00,11.53,11.53,2300,10.0133
2011-07-06,11.80,11.80,11.80,11.80,900,10.2477
2011-07-05,11.58,11.58,11.58,11.58,200,10.0567
2011-07-01,11.53,11.53,11.53,11.53,1700,10.0133
2011-06-30,11.45,11.8715,11.45,11.8715,2500,10.3098
2011-06-29,11.89,11.94,11.585,11.8991,4600,10.3338
2011-06-28,11.21,12.35,11.14,11.55,7700,10.0306
2011-06-24,11.43,11.43,11.43,11.43,400,9.9264
2011-06-22,11.47,11.7299,11.34,11.72,8000,10.1783
2011-06-21,11.51,11.73,10.73,11.50,5000,9.9872
2011-06-20,11.60,11.60,11.60,11.60,100,10.0741
2011-06-17,11.50,11.5009,11.50,11.5009,1500,9.988
2011-06-15,11.72,11.72,11.68,11.7004,500,10.1612
2011-06-14,11.57,11.57,11.36,11.36,200,9.8656
2011-06-13,11.37,11.82,11.32,11.37,5500,9.8743
2011-06-10,11.71,11.83,11.31,11.83,3200,10.2738
2011-06-09,11.50,11.50,11.50,11.50,400,9.9872
2011-06-08,11.3001,11.3001,11.3001,11.3001,200,9.8136
2011-06-07,11.43,11.8055,11.30,11.30,2600,9.8135
2011-06-06,11.83,11.89,11.83,11.89,1500,10.3259
2011-06-03,11.50,11.89,11.4044,11.79,6000,10.2391
2011-06-02,11.45,11.45,11.4499,11.45,500,9.9438
2011-05-31,11.84,11.84,11.84,11.84,1000,10.2825
2011-05-27,11.58,11.60,11.58,11.60,700,10.0741
2011-05-26,11.30,11.30,11.30,11.30,100,9.8135
2011-05-20,11.50,11.50,11.32,11.32,400,9.8309
2011-05-16,11.79,11.79,11.54,11.68,400,10.1435
2011-05-13,11.78,11.79,11.748,11.75,700,10.2043
2011-05-12,11.50,11.50,11.50,11.50,1000,9.9872
2011-05-10,11.82,11.82,11.50,11.50,1700,9.9872
2011-05-06,11.40,11.50,11.34,11.50,1800,9.9872
2011-05-04,11.35,11.55,11.34,11.34,900,9.8483
2011-05-03,11.50,11.60,11.50,11.5001,3700,9.9873
2011-05-02,11.50,11.50,11.50,11.50,1400,9.9872
2011-04-29,11.33,11.40,11.31,11.3101,1500,9.8223
2011-04-28,11.40,11.40,11.40,11.40,400,9.9004
2011-04-27,11.31,11.31,11.31,11.31,1500,9.8222
2011-04-26,11.30,11.30,11.30,11.30,300,9.8135
2011-04-25,11.50,11.50,11.31,11.31,600,9.8222
2011-04-21,11.33,11.33,11.30,11.30,800,9.8135
2011-04-19,11.33,11.33,11.33,11.33,200,9.8396
2011-04-18,11.32,11.32,11.32,11.32,100,9.8309
2011-04-15,11.25,11.5899,11.25,11.5899,1400,10.0653
2011-04-13,11.56,11.58,11.56,11.56,900,10.0393
2011-04-12,11.26,11.33,11.25,11.25,1700,9.7701
2011-04-11,11.27,11.569,11.25,11.27,800,9.7875
2011-04-07,11.26,11.26,11.25,11.25,200,9.7701
2011-04-06,11.51,11.56,11.25,11.39,2300,9.8917
2011-04-05,11.49,11.55,11.49,11.55,300,10.0306
2011-04-04,11.25,11.5699,11.5699,11.5699,300,10.0479
2011-04-01,11.32,11.9099,10.99,11.22,7300,9.744
2011-03-31,11.67,11.90,11.65,11.65,4300,10.1175
2011-03-30,11.95,11.95,11.95,11.95,1800,10.378
2011-03-29,11.51,11.51,11.51,11.51,100,9.9959
2011-03-24,11.54,11.54,11.54,11.54,400,10.0219
2011-03-22,11.9099,11.9099,11.9099,11.9099,500,10.3432
2011-03-16,11.85,11.85,11.70,11.70,600,10.1609
2011-03-10,11.86,11.87,11.85,11.85,900,10.2912
2011-03-09,11.73,11.74,11.73,11.74,300,10.1956
2011-03-04,11.965,11.965,11.48,11.48,400,9.9698
2011-03-03,11.49,11.51,11.46,11.48,3400,9.9698
2011-03-02,11.99,11.99,11.88,11.95,4300,10.378
2011-03-01,11.71,11.71,11.40,11.57,1300,10.048
2011-02-28,11.52,11.91,11.52,11.91,2200,10.3433
2011-02-23,11.36,11.4001,11.36,11.40,1100,9.9004
2011-02-22,11.46,11.48,11.30,11.3101,1600,9.8223
2011-02-18,11.23,11.23,11.20,11.23,2300,9.7527
2011-02-17,11.27,11.27,11.25,11.25,3100,9.7701
2011-02-16,11.39,11.39,11.39,11.39,2000,9.8917
2011-02-15,11.30,11.40,11.30,11.40,3500,9.9004
2011-02-14,11.28,11.30,11.28,11.30,3900,9.8135
2011-02-11,11.29,11.29,11.2899,11.29,2200,9.8048
2011-02-10,11.22,11.23,11.15,11.15,2300,9.6832
2011-02-09,11.16,11.16,11.12,11.12,1200,9.6572
2011-02-08,11.15,11.345,11.12,11.345,1000,9.8526
2011-02-07,11.40,11.40,11.21,11.22,1000,9.744
2011-02-03,11.45,11.45,11.45,11.45,700,9.9438
2011-02-01,11.52,11.52,11.52,11.52,400,10.0046
2011-01-31,11.53,11.53,11.53,11.53,1000,10.0133
2011-01-26,11.25,11.53,11.25,11.53,5400,10.0133
2011-01-24,11.32,11.59,11.25,11.25,5000,9.7701
2011-01-21,11.50,11.50,11.28,11.2999,11900,9.8134
2011-01-20,11.43,11.43,11.31,11.31,2500,9.8222
2011-01-18,11.49,11.49,11.49,11.49,100,9.9785
2011-01-13,11.96,12.00,11.40,11.50,5800,9.9872
2011-01-12,11.936,11.936,11.936,11.936,100,10.3659
2011-01-10,11.95,11.95,11.385,11.385,500,9.8873
2011-01-07,11.96,11.96,11.75,11.9598,300,10.3865
2011-01-05,11.26,11.75,11.26,11.75,700,10.2043
2011-01-03,11.96,11.98,11.96,11.96,900,10.3867
2010-12-31,12.00,12.00,11.97,11.98,2300,10.4041
2010-12-30,11.36,11.65,11.09,11.65,2100,10.1175
2010-12-28,11.36,11.60,11.36,11.5904,500,10.0657
2010-12-27,11.98,11.98,11.70,11.70,200,9.9384
2010-12-22,11.64,12.00,11.64,11.65,900,9.8959
2010-12-21,11.85,11.50,11.36,11.36,1500,9.6495
2010-12-20,11.60,12.00,11.60,11.9999,2400,10.1931
2010-12-16,11.35,11.60,11.59,11.60,400,9.8534
2010-12-15,11.36,11.50,11.35,11.35,2100,9.6411
2010-12-14,11.60,11.60,11.599,11.599,600,9.8526
2010-12-13,11.36,11.36,11.36,11.36,100,9.6495
2010-12-09,11.59,11.60,11.59,11.60,500,9.8534
2010-12-02,11.37,11.65,11.36,11.6388,1500,9.8864
2010-12-01,11.65,11.65,11.65,11.65,1000,9.8959
2010-11-30,11.65,11.65,11.65,11.65,100,9.8959
2010-11-26,11.64,11.64,11.64,11.64,100,9.8874
2010-11-23,11.75,11.75,11.54,11.54,1500,9.8024
2010-11-17,11.36,11.56,11.35,11.38,1600,9.6665
2010-11-16,11.40,11.40,11.40,11.40,200,9.6835
2010-11-12,11.35,11.35,11.35,11.35,000,9.6411
2010-11-10,11.36,11.36,11.351,11.351,200,9.6419
2010-11-05,11.50,11.50,11.30,11.30,2400,9.5986
2010-11-03,11.65,11.6501,11.50,11.50,1000,9.7685
2010-11-02,12.00,12.00,12.00,12.00,200,10.1932
2010-10-29,12.00,12.00,11.98,12.00,2800,10.1932
2010-10-27,11.61,11.9668,11.21,11.65,2200,9.8959
2010-10-20,11.88,11.97,11.472,11.97,2100,10.1677
2010-10-19,11.90,11.90,11.55,11.89,900,10.0997
2010-10-18,11.61,11.9499,11.61,11.9499,300,10.1506
2010-10-15,11.84,11.85,11.84,11.85,800,10.0658
2010-10-13,11.83,11.83,11.83,11.83,100,10.0488
2010-10-12,11.60,11.85,11.60,11.74,2100,9.9723
2010-10-08,11.665,11.665,11.665,11.665,400,9.9086
2010-10-06,11.70,11.70,11.70,11.70,700,9.9384
2010-10-05,11.55,11.55,11.40,11.50,4900,9.7685
2010-10-04,11.75,11.75,11.742,11.75,1900,9.9808
2010-10-01,11.75,11.75,11.75,11.75,300,9.9808
2010-09-30,11.60,11.6001,11.56,11.5601,2300,9.8195
2010-09-29,11.75,11.75,11.75,11.75,1000,9.7632
2010-09-28,11.75,11.75,11.75,11.75,200,9.7632
2010-09-24,11.98,11.99,11.98,11.99,1200,9.9626
2010-09-22,11.94,12.49,11.7001,11.99,800,9.9626
2010-09-21,11.99,11.99,11.90,11.90,1400,9.8878
2010-09-17,11.96,11.99,11.955,11.99,3500,9.9626
2010-09-15,11.93,11.99,11.92,11.99,1100,9.9626
2010-09-13,11.81,11.85,11.80,11.80,800,9.8047
2010-09-10,11.77,12.00,11.77,12.00,2400,9.9709
2010-09-09,11.80,11.965,11.77,11.78,900,9.7881
2010-09-08,11.42,12.01,11.42,12.01,5100,9.9792
2010-09-07,11.90,11.90,11.90,11.90,200,9.8878
2010-09-02,11.90,11.90,11.90,11.90,100,9.8878
2010-08-31,11.90,11.92,11.90,11.90,1200,9.8878
2010-08-30,11.915,11.915,11.915,11.915,300,9.9003
2010-08-26,11.73,11.75,11.6001,11.6001,800,9.6386
2010-08-24,11.88,11.91,11.88,11.90,900,9.8878
2010-08-23,11.46,11.46,11.40,11.4001,1100,9.4724
2010-08-20,11.44,11.4401,11.44,11.4401,400,9.5057
2010-08-19,11.94,11.99,11.94,11.95,900,9.9293
2010-08-18,11.984,11.9899,11.984,11.9899,1100,9.9625
2010-08-17,12.00,12.00,12.00,12.00,200,9.9709
2010-08-16,11.94,12.00,11.80,12.00,900,9.9709
2010-08-13,11.53,11.99,11.53,11.99,1200,9.9626
2010-08-12,11.21,11.21,11.21,11.21,1000,9.3145
2010-08-10,11.75,12.01,11.70,12.01,6300,9.9792
2010-08-09,11.70,11.75,11.69,11.75,800,9.7632
2010-08-05,11.30,11.30,11.30,11.30,1000,9.3893
2010-08-03,11.50,11.74,11.4999,11.74,300,9.7548
2010-08-02,11.50,11.50,11.30,11.50,2400,9.5554
2010-07-30,11.50,11.79,11.105,11.7899,2100,9.7963
2010-07-28,11.4999,11.4999,11.4999,11.4999,700,9.5553
2010-07-27,11.26,11.26,11.2599,11.2599,600,9.3559
2010-07-26,11.2495,11.26,11.2495,11.2599,1000,9.3559
2010-07-23,11.26,11.26,11.051,11.051,400,9.1824
2010-07-22,11.00,11.02,10.99,11.02,600,9.1566
2010-07-21,11.24,11.24,11.00,11.23,1100,9.3311
2010-07-20,11.10,11.21,11.00,11.00,1900,9.14
2010-07-19,11.15,11.15,11.15,11.15,900,9.2646
2010-07-15,10.80,11.50,10.74,11.50,3900,9.5554
2010-07-14,11.45,11.45,11.00,11.30,2500,9.3893
2010-07-13,11.45,11.45,11.45,11.45,700,9.5139
2010-06-30,10.99,11.55,10.99,11.528,2500,9.5787
2010-06-29,11.00,11.00,11.00,11.00,300,9.14
2010-06-28,10.80,11.00,10.54,10.72,6000,8.9073
2010-06-25,11.35,11.035,11.00,11.035,500,9.1691
2010-06-24,11.35,11.37,11.05,11.05,600,9.1815
2010-06-17,11.44,11.70,11.39,11.46,1800,9.5222
2010-06-15,11.41,11.74,11.25,11.734,1300,9.7499
2010-06-11,11.41,11.54,11.41,11.41,600,9.4807
2010-06-09,11.40,11.43,11.30,11.34,900,9.4225
2010-06-08,11.60,11.25,11.20,11.20,400,9.3062
2010-06-07,11.60,11.60,11.30,11.30,2800,9.3893
2010-06-01,11.19,11.42,11.39,11.42,900,9.489
2010-05-28,11.19,11.855,11.00,11.396,3700,9.469
2010-05-27,11.17,11.17,11.17,11.17,100,9.2812
2010-05-26,11.00,11.15,11.00,11.15,2200,9.2646
2010-05-24,11.30,11.95,11.01,11.10,2600,9.2231
2010-05-20,11.13,11.13,11.10,11.11,3200,9.2314
2010-05-19,11.65,11.65,11.05,11.40,4700,9.4723
2010-05-17,11.30,11.40,11.01,11.40,8100,9.4723
2010-05-14,11.30,11.3501,11.35,11.35,2600,9.4308
2010-05-13,11.30,11.35,11.30,11.35,2400,9.4308
2010-05-12,11.38,11.33,11.30,11.30,800,9.3893
2010-05-11,11.38,11.95,11.00,11.25,12600,9.3477
2010-05-10,11.50,11.50,10.82,11.3616,19700,9.4404
2010-05-07,11.13,11.42,10.73,11.3748,13700,9.4514
2010-05-06,11.15,11.35,11.15,11.15,2100,9.2646
2010-05-05,11.40,11.35,11.35,11.35,2000,9.4308
2010-05-03,11.40,11.35,11.16,11.35,2000,9.4308
2010-04-27,11.40,11.40,11.35,11.35,2600,9.4308
2010-04-26,11.29,11.30,11.1201,11.30,3300,9.3893
2010-04-23,11.13,11.255,11.1501,11.255,300,9.3519
2010-04-22,11.13,11.1201,11.1201,11.1201,600,9.2398
2010-04-21,11.13,11.2909,11.13,11.13,1900,9.248
2010-04-20,11.21,11.30,11.12,11.2932,5500,9.3836
2010-04-19,11.30,11.30,11.30,11.30,400,9.3893
2010-04-16,11.28,11.28,11.26,11.26,1000,9.356
2010-04-15,11.28,11.30,11.28,11.281,1800,9.3735
2010-04-14,11.47,11.32,11.28,11.28,2100,9.3726
2010-04-13,11.30,11.40,11.30,11.3999,2700,9.4723
2010-04-12,11.47,11.47,11.47,11.47,1600,9.5305
2010-04-09,11.27,11.35,11.27,11.35,700,9.4308
2010-04-08,11.27,11.35,11.35,11.35,2000,9.4308
2010-04-07,11.27,11.35,11.30,11.35,2900,9.4308
2010-04-06,11.27,11.27,11.27,11.27,1800,9.3643
2010-04-05,11.45,11.2601,11.2601,11.2601,200,9.3561
2010-04-01,11.45,11.4324,11.40,11.40,3700,9.4723
2010-03-31,11.45,11.442,11.442,11.442,100,9.5072
2010-03-30,11.45,11.45,11.4399,11.45,800,9.5139
2010-03-29,11.44,11.4099,11.2899,11.2899,200,9.3809
2010-03-26,11.44,11.26,11.26,11.26,100,9.356
2010-03-25,11.44,11.44,11.249,11.44,3600,9.5056
2010-03-24,11.45,11.45,11.2499,11.30,4300,9.3893
2010-03-23,11.26,11.26,11.25,11.25,2100,9.3477
2010-03-19,11.4561,11.4561,11.4561,11.4561,100,9.519
2010-03-18,11.44,11.47,11.44,11.4599,1800,9.5221
2010-03-17,11.23,11.415,11.25,11.414,1800,9.484
2010-03-11,11.23,11.462,11.20,11.462,1500,9.5239
2010-03-10,11.23,11.2501,11.22,11.2396,3300,9.3391
2010-03-08,11.10,11.50,11.465,11.50,500,9.5554
2010-03-04,11.10,11.49,11.4792,11.4792,700,9.5381
2010-03-03,11.10,11.2075,11.20,11.20,300,9.3062
2010-03-02,11.10,11.50,11.10,11.3499,3900,9.4307
2010-03-01,11.21,11.25,11.01,11.06,2300,9.1898
2010-02-26,11.24,11.25,11.2499,11.2499,200,9.3476
2010-02-24,11.24,11.25,11.2101,11.2101,1000,9.3146
2010-02-23,11.24,11.4775,11.2301,11.2301,4300,9.3312
2010-02-18,11.24,11.24,11.21,11.21,2000,9.3145
2010-02-17,11.20,11.50,11.13,11.20,6300,9.3062
2010-02-16,11.49,11.50,11.21,11.2101,5200,9.3146
2010-02-12,11.4999,11.4999,11.25,11.30,600,9.3893
2010-02-08,11.22,11.22,11.199,11.20,4400,9.3062
2010-02-05,11.44,11.60,11.415,11.60,2500,9.6385
2010-02-03,11.235,11.235,11.235,11.235,100,9.3352
2010-02-02,11.21,11.21,11.20,11.20,500,9.3062
2010-02-01,11.48,11.48,11.20,11.20,5600,9.3062
2010-01-29,11.28,11.29,11.255,11.255,1500,9.3519
2010-01-28,11.28,11.2801,11.28,11.2801,700,9.3727
2010-01-27,11.59,11.60,11.59,11.60,400,9.6385
2010-01-26,11.48,11.62,11.48,11.60,3800,9.6385
2010-01-25,13.42,13.60,11.35,11.40,4900,9.4723
2010-01-22,11.10,11.10,11.10,11.10,200,9.2231
2010-01-20,11.25,11.251,11.0601,11.251,4000,9.3485
2010-01-19,11.0601,11.0601,11.0601,11.0601,800,9.1899
2010-01-15,11.05,11.10,11.05,11.06,1700,9.1898
2010-01-14,11.88,11.88,11.12,11.325,5200,9.41
2010-01-13,11.1824,11.1824,11.1824,11.1824,300,9.2915
2010-01-11,10.99,10.99,10.96,10.96,800,9.1067
2010-01-08,10.92,10.92,10.92,10.92,400,9.0735
2010-01-06,10.93,10.9401,10.93,10.9401,6000,9.0902
2010-01-05,11.09,11.1001,10.92,10.93,5900,9.0818
2010-01-04,11.18,11.18,11.18,11.18,1600,9.2895
2009-12-31,11.24,11.24,11.0999,11.1824,1600,9.2915
2009-12-30,11.50,11.50,11.50,11.50,1400,9.5554
2009-12-28,10.91,10.9999,10.91,10.91,1400,9.0652
2009-12-24,11.03,11.03,11.03,11.03,100,8.952
2009-12-23,10.955,10.955,10.955,10.955,200,8.8911
2009-12-22,11.09,11.09,11.00,11.00,400,8.9276
2009-12-21,11.08,11.08,11.04,11.08,4400,8.9926
2009-12-18,11.10,11.10,10.78,10.80,6300,8.7653
2009-12-17,10.90,10.90,10.81,10.81,7500,8.7734
2009-12-16,11.00,11.00,11.00,11.00,400,8.9276
2009-12-15,11.00,11.00,11.00,11.00,1100,8.9276
2009-12-14,11.00,11.065,10.98,11.00,8300,8.9276
2009-12-10,10.77,10.98,10.76,10.98,2000,8.9114
2009-12-09,10.98,10.98,10.98,10.98,600,8.9114
2009-12-08,10.98,10.98,10.75,10.98,2200,8.9114
2009-12-07,10.8385,10.8385,10.74,10.74,800,8.7166
2009-12-03,10.81,10.86,10.65,10.65,3900,8.6436
2009-12-02,10.95,10.95,10.95,10.95,700,8.8871
2009-12-01,10.96,10.98,10.96,10.98,600,8.9114
2009-11-30,10.85,10.99,10.85,10.99,2900,8.9195
2009-11-27,10.5801,10.5801,10.58,10.58,700,8.5868
2009-11-24,10.745,10.75,10.5701,10.5701,2300,8.5787
2009-11-23,10.7344,10.7344,10.7344,10.7344,500,8.7121
2009-11-18,10.79,10.87,10.57,10.75,2200,8.7247
2009-11-17,10.59,10.6001,10.58,10.60,3600,8.603
2009-11-16,10.60,10.85,10.58,10.60,5000,8.603
2009-11-13,10.682,10.682,10.682,10.682,800,8.6695
2009-11-11,10.60,10.61,10.60,10.61,1100,8.6111
2009-11-06,10.51,10.51,10.51,10.51,500,8.53
2009-11-05,10.82,10.82,10.60,10.60,1200,8.603
2009-11-04,10.52,10.5901,10.52,10.58,1900,8.5868
2009-11-03,10.54,10.54,10.54,10.54,200,8.5543
2009-10-30,10.54,10.54,10.5301,10.5301,1000,8.5463
2009-10-29,10.60,10.60,10.52,10.58,2500,8.5868
2009-10-26,10.6375,10.6375,10.6375,10.6375,400,8.6334
2009-10-22,10.66,10.90,10.66,10.671,1600,8.6606
2009-10-19,10.57,10.5701,10.57,10.5701,800,8.5787
2009-10-15,10.74,10.77,10.74,10.77,10100,8.741
2009-10-14,10.55,10.65,10.55,10.65,4200,8.6436
2009-10-13,10.50,10.65,10.47,10.65,8000,8.6436
2009-10-12,10.52,10.52,10.48,10.50,4100,8.5218
2009-10-08,10.45,10.45,10.45,10.45,200,8.4813
2009-10-07,10.51,10.51,10.42,10.42,2500,8.4569
2009-10-06,10.46,10.64,10.46,10.64,5600,8.6355
2009-10-05,10.54,10.54,10.47,10.47,7700,8.4975
2009-10-02,10.60,10.60,10.40,10.44,9600,8.4731
2009-10-01,10.52,10.63,10.52,10.63,1700,8.6273
2009-09-30,10.55,10.70,10.53,10.55,2200,8.5624
2009-09-29,10.65,10.65,10.65,10.65,100,8.6436
2009-09-28,10.52,10.57,10.51,10.55,1100,8.5624
2009-09-24,10.76,10.95,10.7599,10.95,1500,8.6683
2009-09-23,10.55,10.65,10.55,10.65,700,8.4308
2009-09-18,10.65,10.67,10.65,10.6501,1300,8.4309
2009-09-17,10.60,10.60,10.57,10.57,800,8.3675
2009-09-16,10.64,10.65,10.64,10.64,900,8.4229
2009-09-15,10.27,10.52,10.27,10.52,700,8.3279
2009-09-14,10.51,10.51,10.51,10.51,700,8.32
2009-09-11,10.537,10.537,10.537,10.537,300,8.3414
2009-09-10,10.58,10.58,10.51,10.52,2900,8.3279
2009-09-08,10.65,10.65,10.65,10.65,100,8.4308
2009-09-04,10.76,10.76,10.76,10.76,100,8.5179
2009-09-03,10.55,10.55,10.55,10.55,200,8.3516
2009-09-02,10.55,10.55,10.55,10.55,100,8.3516
2009-09-01,10.53,10.53,10.52,10.5201,2000,8.328
2009-08-31,10.51,10.65,10.51,10.65,800,8.4308
2009-08-28,10.5312,10.5312,10.5312,10.5312,000,8.3368
2009-08-27,10.81,10.81,10.5312,10.5312,500,8.3368
2009-08-26,10.51,10.51,10.51,10.51,1000,8.32
2009-08-25,10.58,10.58,10.58,10.58,000,8.3754
2009-08-24,10.58,10.58,10.58,10.58,100,8.3754
2009-08-21,10.5675,10.5675,10.5675,10.5675,400,8.3655
2009-08-20,10.52,10.52,10.52,10.52,200,8.3279
2009-08-19,10.51,10.53,10.51,10.53,1000,8.3358
2009-08-18,10.55,10.55,10.55,10.55,000,8.3516
2009-08-17,10.55,10.55,10.55,10.55,000,8.3516
2009-08-14,10.55,10.55,10.55,10.55,400,8.3516
2009-08-13,10.62,10.62,10.56,10.56,1500,8.3596
2009-08-12,11.00,11.00,11.00,11.00,000,8.7079
2009-08-11,10.95,11.00,10.95,11.00,900,8.7079
2009-08-10,10.65,11.14,10.65,11.14,1200,8.8187
2009-08-07,10.65,10.65,10.65,10.65,100,8.4308
2009-08-06,10.6865,10.6865,10.6865,10.6865,200,8.4597
2009-08-05,11.00,11.00,10.50,10.50,3600,8.3121
2009-08-04,10.26,11.25,10.26,11.00,5600,8.7079
2009-08-03,10.2501,10.295,10.2501,10.26,1700,8.1221
2009-07-31,10.44,10.44,10.44,10.44,000,8.2646
2009-07-30,10.30,10.44,10.25,10.44,2500,8.2646
2009-07-29,10.43,10.43,10.43,10.43,300,8.2566
2009-07-28,10.39,10.39,10.39,10.39,500,8.225
2009-07-27,10.21,10.21,10.21,10.21,000,8.0825
2009-07-24,10.21,10.21,10.21,10.21,000,8.0825
2009-07-23,10.21,10.21,10.21,10.21,1700,8.0825
2009-07-22,10.33,10.34,10.33,10.34,1200,8.1854
2009-07-21,10.2417,10.33,10.2417,10.33,200,8.1775
2009-07-20,10.22,10.2201,10.22,10.2201,200,8.0905
2009-07-17,10.21,10.2441,10.21,10.2101,900,8.0826
2009-07-16,10.16,10.16,10.16,10.16,000,8.0429
2009-07-15,10.16,10.16,10.16,10.16,000,8.0429
2009-07-14,10.30,10.30,10.16,10.16,1700,8.0429
2009-07-13,10.28,10.28,10.28,10.28,000,8.1379
2009-07-10,10.28,10.28,10.28,10.28,500,8.1379
2009-07-08,10.2733,10.2733,10.2733,10.2733,100,8.1326
2009-07-06,10.18,10.18,10.13,10.13,800,8.0192
2009-07-02,10.28,10.28,10.2697,10.2697,500,8.1298
2009-07-01,10.15,10.15,10.15,10.15,2000,8.035
2009-06-30,10.12,10.2696,10.12,10.2696,3200,8.1297
2009-06-29,10.1201,10.1201,10.12,10.1201,500,8.0113
2009-06-25,10.3408,10.3408,10.15,10.30,1900,8.1537
2009-06-23,10.46,10.46,10.21,10.21,300,7.8796
2009-06-22,10.20,10.20,10.15,10.15,1800,7.8333
2009-06-19,10.00,10.392,10.00,10.392,1200,8.0201
2009-06-17,10.30,10.30,10.20,10.20,1600,7.8719
2009-06-15,10.30,10.30,10.30,10.30,1000,7.9491
2009-06-12,10.35,10.36,10.35,10.36,400,7.9954
2009-06-11,10.05,10.05,10.05,10.05,1300,7.7562
2009-06-10,10.05,10.05,10.05,10.05,100,7.7562
2009-06-04,10.10,10.10,10.01,10.05,1100,7.7562
2009-06-01,10.05,10.05,10.05,10.05,2200,7.7562
2009-05-29,10.04,10.05,10.02,10.05,2900,7.7562
2009-05-27,10.05,10.09,10.05,10.06,400,7.7639
2009-05-26,10.05,10.05,10.05,10.05,400,7.7562
2009-05-19,10.47,10.47,10.05,10.05,1400,7.7562
2009-05-18,10.06,10.073,10.06,10.073,500,7.7739
2009-05-15,10.25,10.25,10.25,10.25,2800,7.9105
2009-05-14,10.25,10.25,10.25,10.25,1400,7.9105
2009-05-13,10.10,10.1001,9.91,9.91,6400,7.6481
2009-05-12,10.13,10.40,10.05,10.10,2700,7.7947
2009-05-11,10.10,10.13,10.0154,10.1264,1900,7.8151
2009-05-08,10.00,10.12,10.00,10.12,400,7.8102
2009-05-06,10.11,10.11,10.11,10.11,200,7.8025
2009-05-05,9.8224,9.8224,9.8224,9.8224,200,7.5805
2009-04-30,10.10,10.10,10.10,10.10,500,7.7947
2009-04-29,9.99,10.12,9.99,10.1199,9100,7.8101
2009-04-28,10.11,10.11,9.99,10.00,2000,7.7176
2009-04-27,10.13,10.13,9.51,9.652,4200,7.449
2009-04-24,10.00,10.00,10.00,10.00,1000,7.7176
2009-04-21,10.19,10.19,10.138,10.138,800,7.8241
2009-04-17,10.09,10.15,10.071,10.15,2100,7.8333
2009-04-16,9.99,10.00,9.99,10.00,2100,7.7176
2009-04-15,9.69,10.038,9.69,10.038,1200,7.7469
2009-04-14,10.00,10.05,10.00,10.05,1600,7.7562
2009-04-13,10.15,10.15,10.00,10.00,800,7.7176
2009-04-09,10.37,10.37,10.37,10.37,100,8.0031
2009-04-08,10.10,10.10,9.92,9.92,1300,7.6558
2009-04-06,10.46,10.46,10.46,10.46,300,8.0726
2009-04-03,10.39,10.39,10.25,10.39,1000,8.0186
2009-04-01,10.27,10.27,10.27,10.27,300,7.9259
2009-03-31,10.25,10.27,10.2396,10.2396,900,7.9025
2009-03-30,9.81,10.167,9.25,10.167,1200,7.8465
2009-03-27,9.52,9.52,9.52,9.52,200,7.3471
2009-03-25,9.88,9.88,9.88,9.88,500,7.4373
2009-03-23,9.88,9.88,9.83,9.84,1900,7.4072
2009-03-20,9.86,10.69,9.79,9.79,2900,7.3695
2009-03-18,10.49,10.49,10.00,10.00,1000,7.5276
2009-03-17,10.00,10.00,10.00,10.00,1600,7.5276
2009-03-16,9.91,9.91,9.85,9.85,1100,7.4147
2009-03-13,9.562,9.562,9.562,9.562,200,7.1979
2009-03-12,9.50,9.50,9.4999,9.50,1200,7.1512
2009-03-11,9.51,9.69,9.51,9.60,900,7.2265
2009-03-10,9.6999,9.70,9.6999,9.70,700,7.3018
2009-03-09,9.50,9.71,9.50,9.70,1900,7.3018
2009-03-06,10.14,10.14,9.535,9.535,1500,7.1776
2009-03-05,10.13,10.1399,10.13,10.1399,300,7.6329
2009-03-04,9.9999,9.9999,9.70,9.7001,5900,7.3018
2009-03-03,9.75,9.7701,9.75,9.7701,11400,7.3545
2009-03-02,9.75,9.7501,9.75,9.7501,1200,7.3395
2009-02-27,10.05,10.15,9.69,10.15,1300,7.6405
2009-02-26,10.30,10.30,10.00,10.00,1500,7.5276
2009-02-25,10.00,10.31,9.65,9.96,3000,7.4975
2009-02-23,9.65,9.6501,9.65,9.6501,400,7.2642
2009-02-20,10.00,10.50,10.00,10.49,6600,7.8964
2009-02-19,10.58,10.58,10.58,10.58,300,7.9642
2009-02-18,10.48,10.58,9.70,10.58,9500,7.9642
2009-02-17,10.12,10.12,10.00,10.00,2000,7.5276
2009-02-13,10.35,10.83,10.35,10.83,2000,8.1524
2009-02-12,10.70,10.70,10.70,10.70,500,8.0545
2009-02-10,10.65,10.65,10.65,10.65,100,8.0169
2009-02-09,10.1906,10.50,10.1906,10.50,1500,7.904
2009-02-06,10.50,10.50,10.50,10.50,700,7.904
2009-02-04,10.30,10.30,10.30,10.30,200,7.7534
2009-02-03,10.15,10.15,10.15,10.15,800,7.6405
2009-02-02,10.40,10.65,10.17,10.25,7500,7.7158
2009-01-29,10.50,10.50,10.50,10.50,300,7.904
2009-01-28,10.185,10.6365,10.16,10.50,2700,7.904
2009-01-27,10.1701,10.1701,10.17,10.17,400,7.6556
2009-01-20,10.70,10.70,10.70,10.70,100,8.0545
2009-01-13,10.50,10.50,10.50,10.50,600,7.904
2009-01-12,10.76,10.76,10.76,10.76,500,8.0997
2009-01-08,10.75,10.75,10.75,10.75,400,8.0922
2009-01-07,10.4001,10.4001,10.40,10.40,400,7.8287
2009-01-06,10.48,10.50,10.40,10.4001,6000,7.8288
2009-01-05,10.4999,10.50,10.45,10.4799,2900,7.8888
2008-12-31,9.57,10.47,9.51,10.4699,10000,7.8813
2008-12-30,10.23,10.23,9.46,10.10,2100,7.6029
2008-12-29,10.15,10.15,10.15,10.15,800,7.6405
2008-12-26,10.28,10.28,9.51,10.176,1800,7.6601
2008-12-23,10.03,10.046,10.01,10.046,600,7.3693
2008-12-18,10.40,10.40,10.40,10.40,400,7.629
2008-12-17,10.47,10.47,9.89,9.908,3800,7.2681
2008-12-15,10.45,10.45,10.45,10.45,1100,7.6657
2008-12-12,10.32,10.45,10.25,10.45,4400,7.6657
2008-12-11,10.24,10.25,10.20,10.25,2900,7.519
2008-12-10,9.875,9.9042,9.87,9.87,800,7.2402
2008-12-09,10.185,10.185,9.86,10.1101,2300,7.4163
2008-12-08,9.735,10.47,9.73,10.47,1800,7.6804
2008-12-05,10.45,10.45,10.25,10.45,2200,7.6657
2008-12-03,10.45,10.45,10.45,10.45,100,7.6657
2008-12-02,10.20,10.20,10.20,10.20,500,7.4823
2008-12-01,10.47,10.47,10.20,10.215,1900,7.4933
2008-11-28,10.20,10.20,10.20,10.20,2600,7.4823
2008-11-26,10.40,10.40,9.50,10.20,9100,7.4823
2008-11-24,10.44,10.44,9.322,9.322,200,6.8382
2008-11-20,9.99,10.44,9.99,10.44,1200,7.6583
2008-11-19,8.98,9.57,8.94,9.54,2000,6.9981
2008-11-18,8.94,9.51,8.94,8.96,1500,6.5727
2008-11-17,8.90,8.90,8.90,8.90,600,6.5287
2008-11-14,8.68,9.10,8.27,8.90,10600,6.5287
2008-11-13,9.12,9.59,6.77,8.00,18000,5.8685
2008-11-07,9.11,9.59,9.10,9.59,400,7.0348
2008-11-05,9.59,9.59,9.59,9.59,500,7.0348
2008-11-04,9.56,9.59,9.5599,9.59,1000,7.0348
2008-11-03,9.49,9.49,9.02,9.49,2000,6.9615
2008-10-31,9.47,9.495,9.00,9.49,1300,6.9615
2008-10-30,9.03,9.03,9.03,9.03,300,6.624
2008-10-29,9.65,9.65,8.91,8.981,1400,6.5881
2008-10-28,9.75,9.75,8.70,8.73,7200,6.404
2008-10-27,9.25,10.265,9.25,10.265,1200,7.53
2008-10-24,9.005,9.01,8.66,8.9999,2000,6.602
2008-10-23,9.74,9.74,9.336,9.418,1600,6.9087
2008-10-21,9.00,9.00,9.00,9.00,500,6.602
2008-10-20,8.67,8.876,8.67,8.778,900,6.4392
2008-10-17,8.97,9.00,8.795,9.00,7300,6.602
2008-10-15,8.655,8.655,8.65,8.65,3900,6.3453
2008-10-14,9.40,9.40,8.55,8.55,1500,6.2719
2008-10-13,8.97,9.68,8.906,9.55,3700,7.0055
2008-10-10,8.35,9.675,8.35,9.675,700,7.0972
2008-10-09,9.30,9.30,8.50,8.54,3400,6.2646
2008-10-08,9.25,9.25,9.25,9.25,200,6.7854
2008-10-07,9.49,9.49,9.40,9.40,400,6.8954
2008-10-06,10.23,10.23,8.26,8.26,4900,6.0592
2008-10-03,9.53,10.14,9.11,9.25,3200,6.7854
2008-10-02,9.14,9.50,9.14,9.50,1800,6.9688
2008-10-01,10.25,10.40,9.6601,9.6601,1600,7.0862
2008-09-30,8.05,10.25,8.05,10.2499,11300,7.5189
2008-09-29,9.34,9.34,6.84,8.00,15300,5.8685
2008-09-26,8.035,9.49,8.035,9.355,4800,6.8624
2008-09-25,9.57,9.5701,9.35,9.38,7000,6.8808
2008-09-24,9.90,10.23,9.90,10.23,900,7.3163
2008-09-23,9.61,9.90,9.61,9.80,2600,7.0088
2008-09-22,10.35,10.359,9.59,10.2999,6000,7.3663
2008-09-19,10.10,10.11,10.00,10.00,16900,7.1518
2008-09-18,9.51,10.45,9.51,10.45,4600,7.4737
2008-09-17,9.89,10.10,9.85,9.85,13800,7.0446
2008-09-16,9.88,9.88,9.88,9.88,1000,7.066
2008-09-15,10.02,10.03,9.885,9.89,9900,7.0732
2008-09-12,10.02,10.02,10.02,10.02,500,7.1661
2008-09-11,10.02,10.14,10.02,10.0201,6400,7.1662
2008-09-10,10.20,10.20,10.02,10.03,6100,7.1733
2008-09-09,10.05,10.07,10.05,10.0501,1900,7.1877
2008-09-08,10.11,10.11,10.00,10.10,1300,7.2234
2008-09-04,10.25,10.25,10.17,10.17,1100,7.2734
2008-09-03,10.21,10.322,10.17,10.17,1500,7.2734
2008-08-29,10.10,10.10,10.09,10.09,500,7.2162
2008-08-26,10.05,10.0501,10.05,10.0501,400,7.1877
2008-08-22,10.11,10.1101,10.11,10.1101,1000,7.2306
2008-08-21,10.16,10.48,10.00,10.28,6100,7.3521
2008-08-20,10.05,10.16,10.00,10.16,1700,7.2663
2008-08-19,10.21,10.21,10.11,10.11,300,7.2305
2008-08-18,10.12,10.327,10.11,10.327,1800,7.3857
2008-08-14,10.05,10.24,10.00,10.03,13100,7.1733
2008-08-13,10.10,10.10,10.05,10.10,6900,7.2234
2008-08-12,10.30,10.30,10.00,10.10,9000,7.2234
2008-08-11,10.38,10.39,10.20,10.2999,4500,7.3663
2008-08-06,10.73,10.74,10.36,10.38,3800,7.4236
2008-08-05,10.51,10.51,10.27,10.50,3100,7.5094
2008-08-04,10.87,10.87,10.5296,10.5296,1300,7.5306
2008-08-01,10.77,10.77,10.77,10.77,100,7.7025
2008-07-31,10.74,10.74,10.50,10.50,1000,7.5094
2008-07-30,10.43,10.77,10.40,10.42,2000,7.4522
2008-07-28,10.2701,10.2701,10.27,10.27,1900,7.3449
2008-07-25,10.35,10.35,10.26,10.28,4600,7.3521
2008-07-24,10.43,10.43,10.20,10.20,4200,7.2949
2008-07-23,10.85,10.85,10.41,10.4266,1700,7.4569
2008-07-21,10.74,10.74,10.36,10.452,2000,7.4751
2008-07-18,10.77,10.77,10.22,10.37,2100,7.4165
2008-07-16,10.63,10.63,10.63,10.63,200,7.6024
2008-07-15,10.40,10.80,10.22,10.22,5300,7.3092
2008-07-14,10.87,10.87,10.19,10.636,12600,7.6067
2008-07-11,10.35,10.85,10.33,10.805,3300,7.7276
2008-07-10,10.35,10.80,10.35,10.80,2700,7.724
2008-07-08,10.43,10.75,10.30,10.709,4500,7.6589
2008-07-07,10.74,10.75,10.74,10.75,1500,7.6882
2008-07-03,10.69,10.72,10.69,10.72,600,7.6668
2008-07-02,10.38,10.73,10.38,10.45,2100,7.4737
2008-07-01,10.7399,10.7399,10.7399,10.7399,100,7.681
2008-06-30,10.65,10.65,10.39,10.39,1200,7.4308
2008-06-27,10.40,10.40,10.40,10.40,700,7.4379
2008-06-26,10.50,10.50,10.43,10.43,12000,7.4594
2008-06-25,10.55,10.55,10.356,10.38,5800,7.4236
2008-06-24,10.67,10.67,10.66,10.66,1600,7.4406
2008-06-19,10.85,10.85,10.83,10.83,2500,7.5592
2008-06-17,10.83,10.8301,10.83,10.8301,200,7.5593
2008-06-16,10.80,10.89,10.80,10.89,600,7.6011
2008-06-12,10.70,10.80,10.70,10.80,1000,7.5383
2008-06-11,10.89,10.89,10.89,10.89,900,7.6011
2008-06-10,10.89,10.89,10.89,10.89,100,7.6011
2008-06-06,10.75,10.75,10.75,10.75,1000,7.5034
2008-06-04,10.71,10.71,10.71,10.71,400,7.4755
2008-06-03,10.67,10.67,10.65,10.65,800,7.4336
2008-06-02,10.67,10.67,10.67,10.67,1000,7.4476
2008-05-30,10.6701,10.6701,10.67,10.67,1400,7.4476
2008-05-28,10.67,10.87,10.65,10.6501,6500,7.4337
2008-05-21,10.87,10.87,10.87,10.87,200,7.5872
2008-05-20,10.7501,10.7501,10.65,10.75,900,7.5034
2008-05-19,10.75,10.75,10.57,10.75,2900,7.5034
2008-05-16,10.7802,10.7802,10.7802,10.7802,100,7.5245
2008-05-15,10.66,10.66,10.5517,10.62,900,7.4127
2008-05-14,10.75,10.822,10.74,10.822,1800,7.5537
2008-05-12,10.65,10.65,10.65,10.65,2000,7.4336
2008-05-08,10.87,10.87,10.7101,10.7101,2400,7.4756
2008-05-05,10.80,10.80,10.70,10.70,3700,7.4685
2008-05-02,10.70,10.70,10.70,10.70,1000,7.4685
2008-04-30,10.67,10.67,10.67,10.67,500,7.4476
2008-04-29,10.79,10.79,10.79,10.79,200,7.5313
2008-04-24,10.59,10.59,10.59,10.59,300,7.3917
2008-04-23,10.74,10.74,10.74,10.74,200,7.4964
2008-04-21,10.75,10.75,10.52,10.53,6100,7.3499
2008-04-16,10.76,10.76,10.76,10.76,300,7.5104
2008-04-15,10.76,10.76,10.75,10.75,1000,7.5034
2008-04-11,10.92,10.92,10.92,10.92,1600,7.6221
2008-04-09,10.69,10.70,10.69,10.70,1200,7.4685
2008-04-08,10.65,10.65,10.65,10.65,600,7.4336
2008-04-07,10.59,10.60,10.55,10.60,1500,7.3987
2008-04-04,10.6101,10.64,10.56,10.57,1900,7.3778
2008-04-02,10.92,10.92,10.871,10.871,1500,7.5879
2008-04-01,10.62,10.92,10.50,10.92,6400,7.6221
2008-03-31,10.61,10.84,10.61,10.84,1000,7.5662
2008-03-28,10.83,10.83,10.83,10.83,2000,7.5592
2008-03-27,10.75,10.80,10.75,10.80,1000,7.5383
2008-03-26,10.83,10.84,10.65,10.65,4400,7.4336
2008-03-25,10.71,10.72,10.71,10.72,300,7.3036
2008-03-24,10.77,10.77,10.66,10.71,1100,7.2968
2008-03-20,11.17,11.17,11.17,11.17,000,7.6102
2008-03-19,11.05,11.05,11.05,11.05,000,7.5284
2008-03-17,10.90,10.90,10.75,10.75,1500,7.324
2008-03-13,10.75,10.75,10.75,10.75,400,7.324
2008-03-11,10.52,10.89,10.52,10.89,12100,7.4194
2008-03-10,10.86,10.86,10.86,10.86,1200,7.399
2008-03-04,10.86,10.86,10.86,10.86,000,7.399
2008-03-03,10.85,10.86,10.85,10.85,800,7.3922
2008-02-29,10.90,10.90,10.86,10.86,1800,7.399
2008-02-28,10.86,10.86,10.85,10.85,100,7.3922
2008-02-27,10.98,10.98,10.98,10.98,400,7.4807
2008-02-26,10.98,10.98,10.98,10.98,200,7.4807
2008-02-22,10.99,10.99,10.99,10.99,4900,7.4876
2008-02-21,10.85,10.85,10.85,10.85,1000,7.3922
2008-02-19,10.99,10.99,10.99,10.99,000,7.4876
2008-02-15,10.90,10.98,10.90,10.98,000,7.4807
2008-02-13,10.90,10.90,10.90,10.90,2000,7.4262
2008-02-12,11.00,11.00,10.99,10.99,900,7.4876
2008-02-11,10.77,10.99,10.77,10.99,1700,7.4876
2008-02-07,11.15,11.15,10.85,10.85,4200,7.3922
2008-02-06,10.80,10.95,10.80,10.95,1700,7.4603
2008-02-04,10.88,10.88,10.71,10.75,1400,7.324
2008-02-01,11.00,11.00,11.00,11.00,000,7.4944
2008-01-29,10.85,11.09,10.85,11.09,3100,7.5557
2008-01-28,10.95,10.95,10.95,10.95,100,7.4603
2008-01-25,10.95,10.95,10.95,10.95,000,7.4603
2008-01-23,10.751,10.751,10.751,10.751,000,7.3247
2008-01-22,10.80,10.866,10.75,10.75,2500,7.324
2008-01-18,10.85,10.85,10.85,10.85,000,7.3922
2008-01-17,10.80,10.80,10.80,10.80,200,7.3581
2008-01-14,10.87,10.87,10.87,10.87,200,7.4058
2008-01-11,10.95,10.95,10.90,10.90,2400,7.4262
2008-01-10,10.95,10.95,10.95,10.95,1600,7.4603
2008-01-09,10.81,10.81,10.81,10.81,400,7.3649
2008-01-07,10.9699,10.97,10.9699,10.97,6000,7.4739
2008-01-04,10.61,10.75,10.6001,10.75,1900,7.324
2008-01-03,10.98,10.98,10.98,10.98,200,7.4807
2008-01-02,10.90,10.90,10.90,10.90,400,7.4262
2007-12-31,10.80,10.8899,10.72,10.72,1100,7.3036
2007-12-28,10.80,10.83,10.51,10.83,3100,7.3786
2007-12-27,10.90,10.90,10.72,10.72,1100,7.3036
2007-12-26,10.65,10.75,10.62,10.70,2600,7.29
2007-12-21,11.03,11.03,11.03,11.03,100,7.3402
2007-12-20,10.90,10.95,10.85,10.85,4300,7.2204
2007-12-19,11.20,11.20,10.94,10.94,5500,7.2803
2007-12-18,10.90,10.90,10.82,10.82,1000,7.2005
2007-12-17,10.7501,10.7501,10.7501,10.7501,100,7.154
2007-12-14,10.76,10.76,10.76,10.76,000,7.1605
2007-12-13,10.94,10.94,10.71,10.81,3800,7.1938
2007-12-12,10.78,10.94,10.75,10.78,1600,7.1739
2007-12-11,10.85,10.85,10.85,10.85,1200,7.2204
2007-12-10,10.78,10.78,10.75,10.78,7200,7.1739
2007-12-07,10.78,10.94,10.78,10.94,2400,7.2803
2007-12-06,10.75,10.778,10.75,10.778,800,7.1725
2007-12-05,10.85,10.85,10.85,10.85,400,7.2204
2007-12-04,11.14,11.14,10.95,11.05,2300,7.3535
2007-12-03,10.99,10.99,10.99,10.99,000,7.3136
2007-11-30,11.00,11.00,10.90,10.90,1100,7.2537
2007-11-29,10.9501,10.9501,10.95,10.95,500,7.287
2007-11-28,10.83,10.83,10.80,10.80,3400,7.1872
2007-11-27,10.86,10.99,10.83,10.98,700,7.307
2007-11-23,11.00,11.00,11.00,11.00,000,7.3203
2007-11-21,10.89,10.90,10.83,10.90,2800,7.2537
2007-11-20,10.89,10.89,10.89,10.89,200,7.2471
2007-11-16,10.89,10.89,10.89,10.89,200,7.2471
2007-11-14,10.84,10.84,10.84,10.84,300,7.2138
2007-11-13,11.12,11.12,11.12,11.12,100,7.4001
2007-11-12,11.00,11.00,11.00,11.00,1100,7.3203
2007-11-09,10.83,11.1099,10.83,11.1099,1800,7.3934
2007-11-07,10.83,10.85,10.83,10.83,300,7.2071
2007-11-06,10.93,10.96,10.90,10.90,1300,7.2537
2007-11-05,10.95,10.96,10.93,10.96,1500,7.2936
2007-11-02,10.95,10.95,10.95,10.95,600,7.287
2007-11-01,10.93,10.93,10.93,10.93,100,7.2737
2007-10-31,10.93,10.93,10.93,10.93,000,7.2737
2007-10-29,10.96,11.02,10.92,10.92,1200,7.267
2007-10-24,10.92,10.97,10.92,10.9699,2900,7.3002
2007-10-23,10.94,10.94,10.92,10.92,1200,7.267
2007-10-22,10.92,10.92,10.92,10.92,000,7.267
2007-10-19,10.94,10.94,10.92,10.93,3000,7.2737
2007-10-17,10.92,10.92,10.90,10.91,700,7.2604
2007-10-16,11.07,11.07,11.07,11.07,1000,7.3668
2007-10-15,11.07,11.07,11.07,11.07,1000,7.3668
2007-10-12,10.99,11.08,10.99,11.08,2600,7.3735
2007-10-11,10.87,10.90,10.87,10.90,3900,7.2537
2007-10-10,10.87,10.88,10.80,10.80,2500,7.1872
2007-10-09,10.87,10.906,10.87,10.906,800,7.2577
2007-10-08,10.87,10.87,10.86,10.86,1200,7.2271
2007-10-05,10.87,10.87,10.86,10.86,700,7.2271
2007-10-03,10.85,10.85,10.85,10.85,000,7.2204
2007-10-02,10.91,10.91,10.81,10.81,1600,7.1938
2007-10-01,11.05,11.05,11.05,11.05,200,7.3535
2007-09-28,10.81,10.83,10.80,10.83,1500,7.2071
2007-09-27,11.02,11.02,11.0199,11.02,2900,7.3336
2007-09-26,10.90,10.95,10.90,10.95,4000,7.287
2007-09-25,11.05,11.10,11.05,11.10,800,7.2163
2007-09-24,11.10,11.10,11.10,11.10,300,7.2163
2007-09-21,11.06,11.0701,11.03,11.03,3300,7.1708
2007-09-20,11.04,11.04,11.04,11.04,000,7.1773
2007-09-19,11.05,11.05,11.03,11.03,500,7.1708
2007-09-18,11.2399,11.24,11.04,11.064,1700,7.1929
2007-09-17,11.25,11.25,11.00,11.00,3500,7.1513
2007-09-13,11.16,11.16,11.16,11.16,400,7.2553
2007-09-12,11.00,11.00,11.00,11.00,200,7.1513
2007-09-11,11.01,11.01,10.99,10.99,400,7.1448
2007-09-10,11.01,11.05,11.01,11.05,1900,7.1838
2007-09-07,11.00,11.19,11.00,11.19,1800,7.2748
2007-08-31,11.18,11.18,11.18,11.18,200,7.2683
2007-08-30,11.05,11.05,10.94,11.05,3600,7.1838
2007-08-29,11.00,11.00,11.00,11.00,1300,7.1513
2007-08-28,11.10,11.10,11.10,11.10,000,7.2163
2007-08-27,11.10,11.10,11.10,11.10,000,7.2163
2007-08-24,10.90,11.10,10.90,11.10,1300,7.2163
2007-08-23,11.09,11.24,10.90,10.90,1200,7.0863
2007-08-22,10.99,11.24,10.99,11.24,2200,7.3073
2007-08-21,10.848,10.848,10.848,10.848,200,7.0525
2007-08-20,10.66,10.66,10.66,10.66,000,6.9302
2007-08-17,10.66,10.66,10.66,10.66,000,6.9302
2007-08-16,10.98,11.13,10.50,10.66,5300,6.9302
2007-08-15,10.80,10.85,10.80,10.85,3000,7.0538
2007-08-14,10.90,10.90,10.75,10.81,10900,7.0278
2007-08-13,11.39,11.39,10.90,10.90,9700,7.0863
2007-08-10,11.00,11.03,11.00,11.01,900,7.1578
2007-08-09,11.04,11.04,11.04,11.04,1000,7.1773
2007-08-08,11.39,11.39,11.37,11.37,300,7.3918
2007-08-07,11.05,11.05,11.00,11.00,2900,7.1513
2007-08-06,10.91,11.45,10.91,10.97,3000,7.1318
2007-08-03,11.05,11.05,11.05,11.05,1000,7.1838
2007-08-02,10.91,10.91,10.91,10.91,3000,7.0928
2007-08-01,10.94,10.94,10.91,10.91,1700,7.0928
2007-07-31,11.10,11.30,11.06,11.06,4200,7.1903
2007-07-30,10.94,10.94,10.94,10.94,000,7.1123
2007-07-27,11.00,11.00,10.94,10.94,1300,7.1123
2007-07-26,11.00,11.00,10.90,10.94,700,7.1123
2007-07-25,11.10,11.10,11.05,11.05,3000,7.1838
2007-07-24,11.01,11.20,11.01,11.01,3200,7.1578
2007-07-23,11.11,11.11,11.11,11.11,100,7.2228
2007-07-20,11.46,11.46,11.46,11.46,000,7.4503
2007-07-19,11.00,11.46,11.00,11.46,2300,7.4503
2007-07-18,11.05,11.16,11.02,11.10,2500,7.2163
2007-07-17,11.17,11.17,11.17,11.17,000,7.2618
2007-07-16,11.17,11.17,11.17,11.17,3000,7.2618
2007-07-13,11.05,11.20,11.01,11.17,6100,7.2618
2007-07-12,10.95,11.10,10.95,11.01,2400,7.1578
2007-07-11,11.12,11.12,11.12,11.12,000,7.2293
2007-07-10,11.15,11.30,11.12,11.12,2100,7.2293
2007-07-09,11.38,11.38,11.13,11.13,3100,7.2358
2007-07-06,11.15,11.15,11.15,11.15,1000,7.2488
2007-07-05,11.18,11.18,11.18,11.18,400,7.2683
2007-07-03,11.157,11.157,11.157,11.157,000,7.2533
2007-07-02,11.10,11.157,11.10,11.157,1600,7.2533
2007-06-29,11.12,11.12,11.11,11.11,1900,7.2228
2007-06-28,11.29,11.29,11.29,11.29,000,7.3398
2007-06-27,11.35,11.35,11.29,11.29,8600,7.3398
2007-06-26,11.407,11.407,11.35,11.35,2500,7.2122
2007-06-25,11.48,11.48,11.48,11.48,1000,7.2948
2007-06-22,11.32,11.40,11.32,11.40,200,7.244
2007-06-21,11.60,11.60,11.60,11.60,000,7.371
2007-06-20,11.44,11.60,11.44,11.60,1200,7.371
2007-06-19,11.318,11.318,11.318,11.318,000,7.1919
2007-06-18,11.15,11.318,11.15,11.318,3900,7.1919
2007-06-15,11.43,11.43,11.43,11.43,000,7.263
2007-06-14,11.43,11.43,11.43,11.43,000,7.263
2007-06-13,11.43,11.43,11.43,11.43,000,7.263
2007-06-12,11.43,11.43,11.43,11.43,000,7.263
2007-06-11,11.43,11.43,11.43,11.43,1000,7.263
2007-06-08,11.45,11.45,11.45,11.45,000,7.2757
2007-06-07,11.35,11.53,11.35,11.45,4000,7.2757
2007-06-06,11.33,11.33,11.31,11.31,700,7.1868
2007-06-05,11.40,11.40,11.35,11.35,1500,7.2122
2007-06-04,11.45,11.45,11.31,11.35,1700,7.2122
2007-06-01,11.48,11.48,11.47,11.47,400,7.2884
2007-05-31,11.50,11.50,11.50,11.50,000,7.3075
2007-05-30,11.49,11.50,11.49,11.50,1200,7.3075
2007-05-29,11.50,11.50,11.50,11.50,000,7.3075
2007-05-25,11.49,11.50,11.49,11.50,2000,7.3075
2007-05-24,11.33,11.33,11.33,11.33,000,7.1995
2007-05-23,11.55,11.55,11.33,11.33,300,7.1995
2007-05-22,11.33,11.33,11.33,11.33,000,7.1995
2007-05-21,11.33,11.33,11.31,11.33,2800,7.1995
2007-05-18,11.33,11.50,11.33,11.40,7000,7.244
2007-05-17,11.37,11.37,11.31,11.32,3700,7.1931
2007-05-16,11.36,11.37,11.35,11.36,6900,7.2185
2007-05-15,11.33,11.33,11.33,11.33,500,7.1995
2007-05-14,11.67,11.67,11.61,11.63,2500,7.3901
2007-05-11,11.55,11.55,11.55,11.55,300,7.3393
2007-05-10,11.50,11.50,11.50,11.50,000,7.3075
2007-05-09,11.41,11.50,11.41,11.50,1000,7.3075
2007-05-08,11.70,11.70,11.70,11.70,000,7.4346
2007-05-07,11.393,11.70,11.393,11.70,5300,7.4346
2007-05-04,11.70,11.70,11.70,11.70,000,7.4346
2007-05-03,11.66,11.70,11.66,11.70,4000,7.4346
2007-05-02,11.35,11.35,11.35,11.35,000,7.2122
2007-05-01,11.35,11.35,11.35,11.35,1000,7.2122
2007-04-30,11.56,11.56,11.56,11.56,000,7.3456
2007-04-27,11.56,11.56,11.56,11.56,1000,7.3456
2007-04-26,11.37,11.59,11.37,11.59,1800,7.3647
2007-04-25,11.30,11.30,11.30,11.30,000,7.1804
2007-04-24,11.35,11.35,11.30,11.30,1200,7.1804
2007-04-23,11.30,11.39,11.30,11.39,200,7.2376
2007-04-20,11.40,11.40,11.35,11.35,1000,7.2122
2007-04-19,11.30,11.30,11.30,11.30,1800,7.1804
2007-04-18,11.20,11.20,11.20,11.20,700,7.1169
2007-04-17,11.11,11.28,11.11,11.28,2200,7.1677
2007-04-16,11.28,11.28,11.28,11.28,1000,7.1677
2007-04-13,11.20,11.28,11.20,11.28,1500,7.1677
2007-04-12,11.20,11.20,11.20,11.20,2000,7.1169
2007-04-11,11.30,11.345,11.30,11.30,2100,7.1804
2007-04-10,11.29,11.44,11.20,11.44,5600,7.2694
2007-04-09,11.50,11.50,11.00,11.00,2500,6.9898
2007-04-05,11.50,11.50,11.50,11.50,700,7.3075
2007-04-04,11.44,11.44,11.44,11.44,000,7.2694
2007-04-03,11.45,11.45,11.44,11.44,900,7.2694
2007-04-02,11.45,11.45,11.45,11.45,300,7.2757
2007-03-30,11.60,11.60,11.60,11.60,500,7.371
2007-03-29,11.49,11.62,11.49,11.61,800,7.3774
2007-03-28,11.76,11.76,11.64,11.64,4800,7.3965
2007-03-27,12.07,12.10,12.07,12.09,7600,7.5195
2007-03-26,12.00,12.09,12.00,12.00,5400,7.4636
2007-03-23,11.99,12.00,11.95,11.95,1500,7.4325
2007-03-22,11.95,11.95,11.95,11.95,1000,7.4325
2007-03-21,12.09,12.11,11.95,11.96,8000,7.4387
2007-03-20,12.02,12.10,12.02,12.10,400,7.5258
2007-03-19,12.22,12.25,11.97,12.25,4100,7.6191
2007-03-16,12.33,12.33,12.28,12.28,6400,7.6377
2007-03-15,12.31,12.31,12.30,12.30,800,7.6502
2007-03-14,12.56,12.57,12.56,12.57,300,7.8181
2007-03-13,12.22,12.268,12.22,12.268,500,7.6303
2007-03-12,12.94,12.95,12.94,12.95,200,8.0544
2007-03-09,12.70,12.70,12.50,12.50,1400,7.7746
2007-03-08,12.66,12.66,12.66,12.66,000,7.8741
2007-03-07,12.66,12.66,12.66,12.66,000,7.8741
2007-03-06,12.66,12.66,12.66,12.66,000,7.8741
2007-03-05,12.66,12.66,12.66,12.66,000,7.8741
2007-03-02,12.66,12.66,12.66,12.66,2100,7.8741
2007-03-01,12.85,12.85,12.66,12.66,500,7.8741
2007-02-28,12.70,12.70,12.66,12.66,400,7.8741
2007-02-27,12.66,12.66,12.66,12.66,1000,7.8741
2007-02-26,12.80,12.95,12.80,12.80,700,7.9611
2007-02-23,12.80,12.80,12.80,12.80,800,7.9611
2007-02-22,12.80,12.80,12.80,12.80,2100,7.9611
2007-02-21,12.80,12.80,12.80,12.80,900,7.9611
2007-02-20,12.84,13.15,12.83,12.982,2500,8.0743
2007-02-16,12.766,12.766,12.766,12.766,000,7.94
2007-02-15,12.766,12.766,12.766,12.766,000,7.94
2007-02-14,12.766,12.766,12.766,12.766,000,7.94
2007-02-13,12.766,12.766,12.766,12.766,300,7.94
2007-02-12,12.66,12.67,12.66,12.66,800,7.8741
2007-02-09,12.646,12.65,12.646,12.65,1200,7.8678
2007-02-08,13.00,13.00,13.00,13.00,000,8.0855
2007-02-07,13.00,13.00,13.00,13.00,000,8.0855
2007-02-06,13.00,13.00,13.00,13.00,000,8.0855
2007-02-05,13.17,13.17,13.00,13.00,1100,8.0855
2007-02-02,12.52,12.52,12.52,12.52,000,7.787
2007-02-01,13.07,13.07,12.52,12.52,1600,7.787
2007-01-31,12.70,13.00,12.50,13.00,32200,8.0855
2007-01-30,12.50,12.75,12.50,12.75,3700,7.93
2007-01-29,12.60,12.67,12.60,12.67,1800,7.8803
2007-01-26,12.60,12.60,12.60,12.60,000,7.8367
2007-01-25,12.60,12.60,12.60,12.60,000,7.8367
2007-01-24,12.60,12.60,12.60,12.60,1900,7.8367
2007-01-23,12.55,12.57,12.55,12.57,1000,7.8181
2007-01-22,12.40,12.40,12.40,12.40,000,7.7124
2007-01-19,12.40,12.40,12.40,12.40,000,7.7124
2007-01-18,12.25,12.40,12.25,12.40,3100,7.7124
2007-01-17,12.25,12.25,12.25,12.25,400,7.6191
2007-01-16,11.99,12.29,11.98,12.29,3300,7.6439
2007-01-12,12.29,12.29,12.29,12.29,1400,7.6439
2007-01-11,12.19,12.29,12.19,12.29,1000,7.6439
2007-01-10,12.19,12.19,12.18,12.19,1700,7.5817
2007-01-09,12.19,12.19,12.00,12.19,4400,7.5817
2007-01-08,12.00,12.00,12.00,12.00,100,7.4636
2007-01-05,11.98,11.98,11.95,11.95,600,7.4325
2007-01-04,12.20,12.29,12.00,12.29,1700,7.6439
2007-01-03,12.30,12.30,12.00,12.15,1400,7.5569
2006-12-29,12.38,12.38,12.05,12.05,500,7.4947
2006-12-28,12.38,12.38,12.05,12.05,200,7.4947
2006-12-27,12.38,12.38,12.04,12.05,1600,7.4947
2006-12-26,12.43,12.43,12.43,12.43,000,7.731
2006-12-22,12.43,12.43,12.43,12.43,400,7.5716
2006-12-21,12.20,12.20,12.20,12.20,100,7.4315
2006-12-20,12.20,12.20,12.20,12.20,000,7.4315
2006-12-19,12.20,12.20,12.20,12.20,400,7.4315
2006-12-18,12.25,12.25,12.25,12.25,1400,7.462
2006-12-15,12.25,12.25,12.25,12.25,100,7.462
2006-12-14,12.25,12.25,12.25,12.25,100,7.462
2006-12-13,12.03,12.03,12.03,12.03,100,7.3279
2006-12-12,12.24,12.25,12.03,12.03,1600,7.3279
2006-12-11,12.10,12.10,12.10,12.10,100,7.3706
2006-12-08,12.26,12.26,12.03,12.04,2600,7.334
2006-12-07,12.23,12.23,12.23,12.23,200,7.4498
2006-12-06,12.16,12.16,12.16,12.16,100,7.4071
2006-12-05,12.13,12.13,12.13,12.13,200,7.3889
2006-12-04,12.12,12.12,12.12,12.12,000,7.3828
2006-12-01,12.10,12.12,12.10,12.12,1000,7.3828
2006-11-30,12.25,12.25,12.25,12.25,100,7.462
2006-11-29,12.05,12.05,12.05,12.05,000,7.3401
2006-11-28,12.05,12.05,12.05,12.05,100,7.3401
2006-11-27,12.05,12.06,12.05,12.05,2100,7.3401
2006-11-24,12.25,12.25,12.25,12.25,100,7.462
2006-11-22,12.10,12.10,12.10,12.10,1000,7.3706
2006-11-21,12.30,12.30,12.10,12.10,1500,7.3706
2006-11-20,12.25,12.25,12.25,12.25,100,7.462
2006-11-17,12.05,12.05,12.05,12.05,000,7.3401
2006-11-16,12.05,12.05,12.05,12.05,500,7.3401
2006-11-15,12.05,12.05,12.05,12.05,000,7.3401
2006-11-14,12.05,12.05,12.00,12.05,3200,7.3401
2006-11-13,12.10,12.10,12.05,12.05,4000,7.3401
2006-11-10,12.07,12.25,12.07,12.10,1900,7.3706
2006-11-09,12.07,12.10,11.94,11.94,1800,7.2731
2006-11-08,12.01,12.01,12.00,12.00,900,7.3097
2006-11-07,12.01,12.01,12.01,12.01,100,7.3158
2006-11-06,12.07,12.07,12.07,12.07,000,7.3523
2006-11-03,12.00,12.07,12.00,12.07,2500,7.3523
2006-11-02,12.09,12.10,12.00,12.00,2400,7.3097
2006-11-01,12.099,12.099,12.099,12.099,400,7.37
2006-10-31,12.10,12.10,12.10,12.10,200,7.3706
2006-10-30,12.20,12.20,12.10,12.10,1200,7.3706
2006-10-27,12.00,12.00,12.00,12.00,000,7.3097
2006-10-26,12.00,12.00,12.00,12.00,000,7.3097
2006-10-25,12.49,12.49,12.00,12.00,3000,7.3097
2006-10-24,12.30,12.30,12.12,12.30,600,7.4924
2006-10-23,12.39,12.39,12.39,12.39,000,7.5472
2006-10-20,12.39,12.39,12.39,12.39,1200,7.5472
2006-10-19,12.10,12.129,12.10,12.10,1300,7.3706
2006-10-18,12.40,12.40,12.40,12.40,400,7.5533
2006-10-17,12.10,12.10,12.10,12.10,000,7.3706
2006-10-16,12.10,12.10,12.10,12.10,100,7.3706
2006-10-13,12.108,12.108,12.108,12.108,000,7.3755
2006-10-12,12.108,12.108,12.108,12.108,000,7.3755
2006-10-11,12.108,12.108,12.108,12.108,1000,7.3755
2006-10-10,12.12,12.12,12.12,12.12,500,7.3828
2006-10-09,12.10,12.10,12.10,12.10,200,7.3706
2006-10-06,12.12,12.12,12.10,12.10,1700,7.3706
2006-10-05,12.12,12.12,12.12,12.12,100,7.3828
2006-10-04,12.15,12.15,12.15,12.15,000,7.401
2006-10-03,12.208,12.208,12.15,12.15,400,7.401
2006-10-02,12.20,12.21,12.20,12.21,3600,7.4376
2006-09-29,12.20,12.20,12.20,12.20,500,7.4315
2006-09-28,12.20,12.20,12.20,12.20,2500,7.4315
2006-09-27,12.20,12.20,12.20,12.20,3300,7.4315
2006-09-26,12.46,12.46,12.11,12.205,1600,7.4345
2006-09-25,12.53,12.599,12.53,12.599,1100,7.5184
2006-09-22,12.293,12.293,12.293,12.293,000,7.3358
2006-09-21,12.293,12.293,12.293,12.293,500,7.3358
2006-09-20,12.30,12.68,12.30,12.68,2400,7.5668
2006-09-19,12.20,12.20,12.20,12.20,1100,7.2803
2006-09-18,12.25,12.298,12.25,12.298,600,7.3388
2006-09-15,12.30,12.30,12.298,12.298,4500,7.3388
2006-09-14,12.25,12.25,12.25,12.25,000,7.3102
2006-09-13,12.25,12.25,12.25,12.25,300,7.3102
2006-09-12,12.39,12.39,12.39,12.39,000,7.3937
2006-09-11,12.39,12.39,12.39,12.39,000,7.3937
2006-09-08,12.39,12.39,12.39,12.39,400,7.3937
2006-09-07,12.45,12.45,12.45,12.45,200,7.4295
2006-09-06,12.31,12.31,12.14,12.14,4000,7.2445
2006-09-05,12.47,12.47,12.25,12.25,800,7.3102
2006-09-01,12.47,12.47,12.47,12.47,000,7.4414
2006-08-31,12.47,12.47,12.47,12.47,000,7.4414
2006-08-30,12.47,12.47,12.47,12.47,300,7.4414
2006-08-29,12.35,12.35,12.02,12.02,2400,7.1729
2006-08-28,12.40,12.40,12.40,12.40,400,7.3997
2006-08-25,12.40,12.40,12.40,12.40,000,7.3997
2006-08-24,12.40,12.40,12.40,12.40,000,7.3997
2006-08-23,12.40,12.40,12.40,12.40,000,7.3997
2006-08-22,12.40,12.40,12.40,12.40,200,7.3997
2006-08-21,12.399,12.399,12.399,12.399,200,7.3991
2006-08-18,12.083,12.083,12.083,12.083,000,7.2105
2006-08-17,12.71,12.75,12.083,12.083,600,7.2105
2006-08-16,12.50,12.50,12.50,12.50,000,7.4593
2006-08-15,12.50,12.50,12.50,12.50,000,7.4593
2006-08-14,12.56,12.56,12.00,12.50,1600,7.4593
2006-08-11,12.51,12.51,12.51,12.51,4400,7.4653
2006-08-10,12.75,12.75,12.75,12.75,100,7.6085
2006-08-09,12.75,12.75,12.75,12.75,400,7.6085
2006-08-08,12.80,12.80,12.75,12.75,1000,7.6085
2006-08-07,13.00,13.00,13.00,13.00,100,7.7577
2006-08-04,12.80,12.80,12.67,12.67,2800,7.5608
2006-08-03,13.00,13.00,13.00,13.00,1100,7.7577
2006-08-02,13.13,13.13,13.13,13.13,000,7.8353
2006-08-01,13.13,13.13,13.13,13.13,200,7.8353
2006-07-31,12.80,12.80,12.80,12.80,100,7.6384
2006-07-28,12.80,13.25,12.80,13.25,7100,7.9069
2006-07-27,12.48,12.48,12.48,12.48,1000,7.4474
2006-07-26,12.90,12.90,12.90,12.90,000,7.698
2006-07-25,12.90,12.90,12.90,12.90,2900,7.698
2006-07-24,12.40,12.40,12.40,12.40,100,7.3997
2006-07-21,12.50,12.51,12.50,12.50,4000,7.4593
2006-07-20,12.80,12.80,12.80,12.80,000,7.6384
2006-07-19,12.80,12.80,12.80,12.80,3000,7.6384
2006-07-18,12.65,12.77,12.65,12.77,700,7.6205
2006-07-17,12.01,12.01,12.01,12.01,000,7.1669
2006-07-14,12.01,12.01,12.01,12.01,200,7.1669
2006-07-13,12.65,12.65,12.65,12.65,000,7.5489
2006-07-12,12.65,12.65,12.65,12.65,000,7.5489
2006-07-11,12.65,12.65,12.65,12.65,000,7.5489
2006-07-10,12.65,12.65,12.65,12.65,000,7.5489
2006-07-07,12.65,12.65,12.65,12.65,1000,7.5489
2006-07-06,12.51,12.51,12.51,12.51,000,7.4653
2006-07-05,11.932,12.51,11.932,12.51,300,7.4653
2006-07-03,12.65,12.65,12.65,12.65,100,7.5489
2006-06-30,12.24,12.24,12.23,12.23,500,7.2982
2006-06-29,12.50,12.50,12.50,12.50,300,7.4593
2006-06-28,12.64,12.64,12.64,12.64,000,7.5429
2006-06-27,12.64,12.64,12.64,12.64,000,7.5429
2006-06-26,12.64,12.64,12.64,12.64,000,7.3899
2006-06-23,12.64,12.64,12.64,12.64,000,7.3899
2006-06-22,12.64,12.64,12.64,12.64,500,7.3899
2006-06-21,12.47,12.47,12.47,12.47,500,7.2906
2006-06-20,12.46,12.46,12.46,12.46,400,7.2847
2006-06-19,12.47,12.47,12.45,12.45,2300,7.2789
2006-06-16,12.45,12.45,12.45,12.45,1000,7.2789
2006-06-15,12.42,12.42,12.42,12.42,500,7.2613
2006-06-14,12.48,12.48,12.48,12.48,000,7.2964
2006-06-13,12.48,12.48,12.48,12.48,000,7.2964
2006-06-12,12.48,12.48,12.48,12.48,000,7.2964
2006-06-09,11.92,12.48,11.92,12.48,400,7.2964
2006-06-08,12.20,12.20,12.20,12.20,000,7.1327
2006-06-07,12.20,12.20,12.20,12.20,1800,7.1327
2006-06-06,13.14,13.14,12.25,12.78,3000,7.4718
2006-06-05,12.00,12.38,12.00,12.38,1400,7.2379
2006-06-02,12.38,12.38,12.38,12.38,000,7.2379
2006-06-01,12.38,12.38,12.38,12.38,1000,7.2379
2006-05-31,12.076,12.076,12.076,12.076,000,7.0602
2006-05-30,12.076,12.076,12.076,12.076,000,7.0602
2006-05-26,12.076,12.076,12.076,12.076,000,7.0602
2006-05-25,12.076,12.076,12.076,12.076,000,7.0602
2006-05-24,12.076,12.076,12.076,12.076,000,7.0602
2006-05-23,11.66,12.076,11.66,12.076,1100,7.0602
2006-05-22,12.00,12.00,12.00,12.00,1600,7.0158
2006-05-19,12.00,12.00,12.00,12.00,100,7.0158
2006-05-18,11.62,11.62,11.62,11.62,000,6.7936
2006-05-17,11.62,11.62,11.62,11.62,000,6.7936
2006-05-16,12.00,12.00,11.62,11.62,600,6.7936
2006-05-15,12.00,12.00,12.00,12.00,000,7.0158
2006-05-12,12.00,12.00,12.00,12.00,000,7.0158
2006-05-11,11.65,12.00,11.65,12.00,1700,7.0158
2006-05-10,12.45,12.45,12.45,12.45,200,7.2789
2006-05-09,12.00,12.10,11.51,12.00,6100,7.0158
2006-05-08,12.34,12.34,12.34,12.34,000,7.2146
2006-05-05,12.34,12.34,12.34,12.34,100,7.2146
2006-05-04,12.00,12.00,12.00,12.00,000,7.0158
2006-05-03,12.00,12.00,12.00,12.00,000,7.0158
2006-05-02,12.00,12.00,12.00,12.00,000,7.0158
2006-05-01,12.00,12.00,12.00,12.00,000,7.0158
2006-04-28,12.00,12.00,12.00,12.00,000,7.0158
2006-04-27,12.00,12.00,12.00,12.00,000,7.0158
2006-04-26,12.00,12.00,12.00,12.00,500,7.0158
2006-04-25,12.00,12.00,12.00,12.00,1600,7.0158
2006-04-24,12.31,12.31,12.31,12.31,700,7.197
2006-04-21,12.306,12.306,12.306,12.306,000,7.1947
2006-04-20,12.306,12.306,12.306,12.306,000,7.1947
2006-04-19,12.306,12.306,12.306,12.306,500,7.1947
2006-04-18,12.38,12.38,12.38,12.38,100,7.2379
2006-04-17,12.14,12.14,12.00,12.00,900,7.0158
2006-04-13,12.21,12.38,12.21,12.38,1100,7.2379
2006-04-12,12.30,12.30,12.30,12.30,800,7.1912
2006-04-11,12.10,12.25,12.10,12.25,500,7.1619
2006-04-10,11.75,11.75,11.75,11.75,1500,6.8696
2006-04-07,12.11,12.22,12.05,12.10,3700,7.0742
2006-04-06,11.60,11.85,11.60,11.85,13200,6.9281
2006-04-05,11.64,11.64,11.64,11.64,000,6.8053
2006-04-04,11.64,11.64,11.64,11.64,000,6.8053
2006-04-03,11.78,11.78,11.64,11.64,6200,6.8053
2006-03-31,11.77,11.77,10.75,11.51,14300,6.7293
2006-03-30,11.75,11.75,11.75,11.75,000,6.8696
2006-03-29,11.75,11.75,11.75,11.75,300,6.8696
2006-03-28,11.64,12.22,11.64,11.80,3400,6.8988
2006-03-27,12.04,12.14,12.04,12.06,2100,6.901
2006-03-24,12.00,12.48,12.00,12.48,700,7.1413
2006-03-23,11.97,11.97,11.97,11.97,000,6.8495
2006-03-22,11.97,11.97,11.97,11.97,100,6.8495
2006-03-21,12.40,12.40,11.95,11.95,500,6.8381
2006-03-20,12.82,12.82,12.82,12.82,000,7.3359
2006-03-17,12.50,13.00,12.50,12.82,1700,7.3359
2006-03-16,12.49,12.49,12.425,12.425,300,7.1099
2006-03-15,11.90,12.40,11.90,12.00,4500,6.8667
2006-03-14,11.99,11.99,11.99,11.99,000,6.861
2006-03-13,11.99,11.99,11.99,11.99,000,6.861
2006-03-10,11.99,11.99,11.99,11.99,000,6.861
2006-03-09,11.99,11.99,11.99,11.99,400,6.861
2006-03-08,11.66,11.66,11.66,11.66,000,6.6721
2006-03-07,11.66,11.66,11.66,11.66,000,6.6721
2006-03-06,11.81,11.81,11.50,11.66,1600,6.6721
2006-03-03,12.15,12.15,12.15,12.15,1200,6.9525
2006-03-02,12.17,12.17,12.15,12.15,600,6.9525
2006-03-01,12.594,12.594,12.594,12.594,000,7.2066
2006-02-28,12.24,12.60,12.152,12.594,1600,7.2066
2006-02-27,12.25,12.25,12.058,12.058,1100,6.8999
2006-02-24,12.35,12.35,12.35,12.35,000,7.067
2006-02-23,12.35,12.35,12.35,12.35,000,7.067
2006-02-22,12.35,12.35,12.35,12.35,000,7.067
2006-02-21,12.35,12.35,12.35,12.35,600,7.067
2006-02-17,12.18,12.18,12.18,12.18,100,6.9697
2006-02-16,12.15,12.15,12.084,12.084,600,6.9147
2006-02-15,12.068,12.068,12.068,12.068,300,6.9056
2006-02-14,11.88,11.88,11.88,11.88,000,6.798
2006-02-13,11.88,11.88,11.88,11.88,000,6.798
2006-02-10,11.88,11.88,11.88,11.88,000,6.798
2006-02-09,11.88,11.88,11.88,11.88,000,6.798
2006-02-08,11.88,11.88,11.88,11.88,200,6.798
2006-02-07,12.15,12.15,12.15,12.15,100,6.9525
2006-02-06,12.15,12.15,12.15,12.15,400,6.9525
2006-02-03,11.88,11.88,11.88,11.88,400,6.798
2006-02-02,12.15,12.15,12.15,12.15,000,6.9525
2006-02-01,12.15,12.15,12.15,12.15,1200,6.9525
2006-01-31,12.077,12.077,12.077,12.077,100,6.9107
2006-01-30,12.12,12.12,11.83,12.00,4200,6.8667
2006-01-27,12.15,12.15,12.15,12.15,200,6.9525
2006-01-26,12.00,12.00,12.00,12.00,400,6.8667
2006-01-25,12.00,12.00,12.00,12.00,000,6.8667
2006-01-24,12.00,12.00,12.00,12.00,000,6.8667
2006-01-23,12.00,12.00,12.00,12.00,500,6.8667
2006-01-20,12.15,12.15,12.15,12.15,000,6.9525
2006-01-19,12.15,12.15,12.15,12.15,800,6.9525
2006-01-18,12.25,12.25,12.184,12.25,2400,7.0097
2006-01-17,12.20,12.20,12.20,12.20,000,6.9811
2006-01-13,12.31,12.31,12.20,12.20,300,6.9811
2006-01-12,12.47,12.47,12.47,12.47,1000,7.1356
2006-01-11,12.15,12.15,12.00,12.10,1200,6.9239
2006-01-10,12.15,12.15,12.046,12.046,1000,6.893
2006-01-09,12.09,12.09,12.09,12.09,000,6.9182
2006-01-06,12.09,12.09,12.09,12.09,1100,6.9182
2006-01-05,12.15,12.15,12.15,12.15,000,6.9525
2006-01-04,11.99,12.15,11.99,12.15,2300,6.9525
2006-01-03,11.95,12.12,11.95,12.12,1200,6.9353
2005-12-30,11.95,11.95,11.95,11.95,000,6.8381
2005-12-29,11.95,11.95,11.95,11.95,000,6.8381
2005-12-28,11.95,11.95,11.95,11.95,100,6.8381
2005-12-27,11.99,11.99,11.95,11.95,1000,6.8381
2005-12-23,12.00,12.00,12.00,12.00,400,6.72
2005-12-22,12.038,12.038,12.038,12.038,500,6.7413
2005-12-21,12.00,12.19,12.00,12.19,1800,6.8264
2005-12-20,11.99,11.99,11.99,11.99,000,6.7144
2005-12-19,11.99,11.99,11.99,11.99,1100,6.7144
2005-12-16,11.961,11.961,11.961,11.961,000,6.6982
2005-12-15,11.961,11.961,11.961,11.961,000,6.6982
2005-12-14,11.961,11.961,11.961,11.961,1000,6.6982
2005-12-13,11.85,11.971,11.85,11.92,2000,6.6752
2005-12-12,11.85,11.85,11.85,11.85,1400,6.636
2005-12-09,11.94,12.08,11.94,12.08,4900,6.7648
2005-12-08,11.93,11.94,11.93,11.94,200,6.6864
2005-12-07,11.75,11.75,11.75,11.75,2500,6.58
2005-12-06,11.95,11.95,11.75,11.75,900,6.58
2005-12-05,12.02,12.02,12.02,12.02,800,6.7312
2005-12-02,11.923,11.923,11.923,11.923,2500,6.6769
2005-12-01,11.80,11.80,11.64,11.64,900,6.5184
2005-11-30,11.76,11.88,11.75,11.75,2900,6.58
2005-11-29,11.99,12.05,11.99,12.05,300,6.748
2005-11-28,11.75,11.75,11.75,11.75,000,6.58
2005-11-25,11.75,11.75,11.75,11.75,100,6.58
2005-11-23,11.75,11.75,11.75,11.75,000,6.58
2005-11-22,11.75,11.75,11.75,11.75,700,6.58
2005-11-21,11.60,11.73,11.60,11.73,700,6.5688
2005-11-18,11.70,11.70,11.70,11.70,1000,6.552
2005-11-17,11.70,11.70,11.70,11.70,000,6.552
2005-11-16,11.70,11.70,11.70,11.70,000,6.552
2005-11-15,11.70,11.70,11.70,11.70,500,6.552
2005-11-14,11.60,11.60,11.60,11.60,300,6.496
2005-11-11,11.70,11.70,11.70,11.70,000,6.552
2005-11-10,11.618,11.70,11.618,11.70,500,6.552
2005-11-09,11.72,11.72,11.72,11.72,200,6.5632
2005-11-08,11.73,11.73,11.73,11.73,500,6.5688
2005-11-07,11.69,11.70,11.69,11.70,1200,6.552
2005-11-04,11.72,11.72,11.72,11.72,000,6.5632
2005-11-03,11.72,11.72,11.72,11.72,000,6.5632
2005-11-02,11.72,11.72,11.72,11.72,000,6.5632
2005-11-01,11.72,11.72,11.72,11.72,000,6.5632
2005-10-31,11.72,11.72,11.72,11.72,000,6.5632
2005-10-28,11.72,11.72,11.72,11.72,000,6.5632
2005-10-27,11.719,11.72,11.719,11.72,3400,6.5632
2005-10-26,11.75,11.75,11.56,11.65,7900,6.524
2005-10-25,11.888,11.888,11.888,11.888,100,6.6573
2005-10-24,12.00,12.00,12.00,12.00,300,6.72
2005-10-21,11.81,11.81,10.50,11.76,3000,6.5856
2005-10-20,12.00,12.00,12.00,12.00,000,6.72
2005-10-19,12.00,12.00,12.00,12.00,900,6.72
2005-10-18,12.00,12.00,12.00,12.00,400,6.72
2005-10-17,11.62,12.03,11.62,12.03,1800,6.7368
2005-10-14,12.24,12.24,12.24,12.24,000,6.8544
2005-10-13,12.24,12.24,12.24,12.24,000,6.8544
2005-10-12,12.24,12.24,12.24,12.24,100,6.8544
2005-10-11,12.30,12.30,12.30,12.30,000,6.888
2005-10-10,12.30,12.30,12.30,12.30,000,6.888
2005-10-07,12.30,12.30,12.30,12.30,000,6.888
2005-10-06,12.25,12.30,12.25,12.30,600,6.888
2005-10-05,12.30,12.30,12.30,12.30,3200,6.888
2005-10-04,12.31,12.31,12.31,12.31,000,6.8936
2005-10-03,12.011,12.32,12.011,12.31,5100,6.8936
2005-09-30,12.314,12.314,12.314,12.314,000,6.8959
2005-09-29,11.233,12.35,11.233,12.314,1500,6.8959
2005-09-28,12.558,12.558,12.558,12.558,000,7.0325
2005-09-27,12.558,12.558,12.558,12.558,000,7.0325
2005-09-26,12.59,12.59,12.558,12.558,500,6.889
2005-09-23,12.40,12.40,12.32,12.32,700,6.7584
2005-09-22,12.59,12.59,12.59,12.59,000,6.9065
2005-09-21,12.65,12.65,12.59,12.59,300,6.9065
2005-09-20,12.42,12.42,12.40,12.40,900,6.8023
2005-09-19,12.32,12.42,12.32,12.42,1000,6.8133
2005-09-16,12.32,12.54,12.32,12.54,200,6.8791
2005-09-15,12.40,12.40,12.40,12.40,500,6.8023
2005-09-14,12.40,12.41,12.40,12.40,2600,6.8023
2005-09-13,12.40,12.40,12.40,12.40,500,6.8023
2005-09-12,12.40,12.40,12.40,12.40,000,6.8023
2005-09-09,12.40,12.40,12.40,12.40,000,6.8023
2005-09-08,12.50,12.50,12.40,12.40,10500,6.8023
2005-09-07,12.40,12.40,12.40,12.40,1000,6.8023
2005-09-06,12.31,12.32,12.31,12.32,400,6.7584
2005-09-02,12.35,12.35,12.31,12.31,1400,6.7529
2005-09-01,12.35,12.35,12.35,12.35,000,6.7749
2005-08-31,12.34,12.35,12.34,12.35,500,6.7749
2005-08-30,12.40,12.40,12.36,12.36,2000,6.7803
2005-08-29,12.34,12.36,12.33,12.33,3200,6.7639
2005-08-26,12.45,12.45,12.34,12.34,1100,6.7694
2005-08-25,12.331,12.331,12.31,12.31,900,6.7529
2005-08-24,12.38,12.38,12.38,12.38,000,6.7913
2005-08-23,12.43,12.43,12.38,12.38,6500,6.7913
2005-08-22,12.34,12.42,12.34,12.411,1100,6.8083
2005-08-19,12.34,12.40,12.34,12.40,3600,6.8023
2005-08-18,12.34,12.34,12.34,12.34,3000,6.7694
2005-08-17,12.45,12.50,12.45,12.50,2600,6.8571
2005-08-16,12.30,12.39,12.30,12.39,900,6.7968
2005-08-15,12.30,12.30,12.30,12.30,500,6.7474
2005-08-12,12.45,12.45,12.45,12.45,500,6.8297
2005-08-11,12.17,12.80,12.17,12.80,3700,7.0217
2005-08-10,12.31,12.36,12.31,12.36,200,6.7803
2005-08-09,12.30,12.30,12.30,12.30,000,6.7474
2005-08-08,12.30,12.30,12.30,12.30,100,6.7474
2005-08-05,12.25,12.25,12.25,12.25,400,6.72
2005-08-04,12.26,12.36,11.856,12.30,3000,6.7474
2005-08-03,12.33,12.33,12.33,12.33,000,6.7639
2005-08-02,12.33,12.33,12.33,12.33,3200,6.7639
2005-08-01,12.33,12.33,12.33,12.33,000,6.7639
2005-07-29,12.35,12.42,12.33,12.33,900,6.7639
2005-07-28,12.34,12.34,12.34,12.34,2700,6.7694
2005-07-27,12.27,12.27,12.27,12.27,000,6.731
2005-07-26,12.27,12.27,12.27,12.27,000,6.731
2005-07-25,12.27,12.27,12.27,12.27,000,6.731
2005-07-22,12.14,12.50,12.14,12.27,1300,6.731
2005-07-21,12.50,12.50,12.50,12.50,000,6.8571
2005-07-20,12.60,12.60,12.50,12.50,700,6.8571
2005-07-19,12.60,13.00,12.60,13.00,1400,7.1314
2005-07-18,12.97,12.97,12.97,12.97,000,7.115
2005-07-15,12.97,12.97,12.97,12.97,200,7.115
2005-07-14,12.506,12.506,12.506,12.506,200,6.8604
2005-07-13,12.56,12.56,12.56,12.56,000,6.8901
2005-07-12,12.25,12.56,12.25,12.56,2100,6.8901
2005-07-11,12.50,12.50,12.16,12.24,700,6.7145
2005-07-08,13.00,13.00,13.00,13.00,500,7.1314
2005-07-07,13.00,13.00,13.00,13.00,000,7.1314
2005-07-06,12.60,13.00,12.60,13.00,1100,7.1314
2005-07-05,13.00,13.00,13.00,13.00,000,7.1314
2005-07-01,13.00,13.00,13.00,13.00,100,7.1314
2005-06-30,12.371,12.524,12.37,12.524,1100,6.8703
2005-06-29,12.50,12.50,12.50,12.50,200,6.8571
2005-06-28,13.00,13.00,12.60,12.60,2400,6.912
2005-06-27,13.00,13.00,13.00,13.00,000,7.1314
2005-06-24,12.608,13.00,12.608,13.00,200,6.9908
2005-06-23,12.999,12.999,12.999,12.999,100,6.9903
2005-06-22,12.30,12.30,12.30,12.30,700,6.6144
2005-06-21,12.52,12.52,12.52,12.52,000,6.7327
2005-06-20,12.95,12.95,12.52,12.52,1000,6.7327
2005-06-17,12.95,12.95,12.95,12.95,100,6.9639
2005-06-16,12.90,13.00,12.90,13.00,700,6.9908
2005-06-15,12.86,12.86,12.85,12.85,1700,6.9102
2005-06-14,12.65,12.65,12.65,12.65,400,6.8026
2005-06-13,12.65,12.68,12.65,12.65,1100,6.8026
2005-06-10,12.41,12.41,12.41,12.41,000,6.6736
2005-06-09,12.41,12.41,12.41,12.41,500,6.6736
2005-06-08,12.68,12.68,12.68,12.68,300,6.8188
2005-06-07,12.29,12.29,12.29,12.29,000,6.609
2005-06-06,12.29,12.29,12.29,12.29,000,6.609
2005-06-03,12.29,12.29,12.29,12.29,000,6.609
2005-06-02,12.29,12.29,12.29,12.29,1000,6.609
2005-06-01,12.66,12.66,12.66,12.66,600,6.808
2005-05-31,12.50,12.68,12.50,12.68,600,6.8188
2005-05-27,12.50,12.50,12.50,12.50,000,6.722
2005-05-26,12.50,12.50,12.50,12.50,000,6.722
2005-05-25,12.24,12.52,12.24,12.50,4500,6.722
2005-05-24,12.20,12.20,12.20,12.20,300,6.5606
2005-05-23,12.20,12.20,12.20,12.20,400,6.5606
2005-05-20,12.19,12.22,12.19,12.22,1400,6.5714
2005-05-19,12.02,12.02,11.47,12.00,6100,6.4531
2005-05-18,12.10,12.10,12.10,12.10,3400,6.5069
2005-05-17,12.17,12.17,12.17,12.17,000,6.5445
2005-05-16,12.17,12.17,12.17,12.17,100,6.5445
2005-05-13,12.00,12.192,12.00,12.192,1600,6.5563
2005-05-12,12.19,12.19,12.19,12.19,000,6.5553
2005-05-11,12.20,12.20,12.18,12.19,1000,6.5553
2005-05-10,12.12,12.12,12.12,12.12,100,6.5176
2005-05-09,11.96,12.03,11.96,12.03,500,6.4692
2005-05-06,12.25,12.34,11.91,12.00,12100,6.4531
2005-05-05,12.298,12.30,12.08,12.08,900,6.4961
2005-05-04,12.01,12.15,12.00,12.00,1600,6.4531
2005-05-03,12.00,12.20,12.00,12.01,3300,6.4585
2005-05-02,11.96,11.96,11.96,11.96,000,6.4316
2005-04-29,12.42,12.42,11.96,11.96,1800,6.4316
2005-04-28,12.06,12.06,12.06,12.06,1200,6.4853
2005-04-27,12.06,12.06,12.06,12.06,1600,6.4853
2005-04-26,12.06,12.06,12.06,12.06,2500,6.4853
2005-04-25,12.18,12.18,12.18,12.18,1000,6.5499
2005-04-22,12.18,12.18,12.18,12.18,000,6.5499
2005-04-21,12.18,12.18,12.18,12.18,000,6.5499
2005-04-20,12.18,12.18,12.18,12.18,700,6.5499
2005-04-19,12.196,12.196,12.18,12.18,300,6.5499
2005-04-18,12.024,12.024,12.024,12.024,000,6.466
2005-04-15,12.024,12.024,12.024,12.024,000,6.466
2005-04-14,12.024,12.024,12.024,12.024,000,6.466
2005-04-13,12.024,12.024,12.024,12.024,700,6.466
2005-04-12,12.13,12.13,11.98,11.98,500,6.4423
2005-04-11,11.91,12.17,11.91,12.17,5200,6.5445
2005-04-08,12.10,12.10,12.10,12.10,000,6.5069
2005-04-07,11.75,12.25,11.75,12.10,2100,6.5069
2005-04-06,12.132,12.132,12.132,12.132,000,6.5241
2005-04-05,12.132,12.132,12.132,12.132,000,6.5241
2005-04-04,12.132,12.132,12.132,12.132,000,6.5241
2005-04-01,12.132,12.132,12.132,12.132,100,6.5241
2005-03-31,11.99,12.00,11.99,12.00,3200,6.4531
2005-03-30,12.00,12.00,12.00,12.00,400,6.4531
2005-03-29,12.00,12.00,12.00,12.00,600,6.4531
2005-03-28,12.10,12.19,12.10,12.19,5100,6.5553
2005-03-24,12.274,12.274,12.01,12.01,200,6.3206
2005-03-23,12.01,12.479,12.01,12.02,1600,6.3259
2005-03-22,12.308,12.308,12.19,12.19,3500,6.4154
2005-03-21,12.35,12.35,12.35,12.35,000,6.4996
2005-03-18,12.35,12.35,12.35,12.35,000,6.4996
2005-03-17,12.35,12.35,12.35,12.35,600,6.4996
2005-03-16,12.57,12.57,12.57,12.57,000,6.6153
2005-03-15,12.57,12.57,12.57,12.57,400,6.6153
2005-03-14,12.35,12.53,12.21,12.53,6200,6.5943
2005-03-11,12.50,12.50,12.50,12.50,000,6.5785
2005-03-10,12.50,12.50,12.50,12.50,000,6.5785
2005-03-09,12.33,12.50,12.20,12.50,8600,6.5785
2005-03-08,12.45,12.45,12.39,12.39,2200,6.5206
2005-03-07,12.47,12.47,12.45,12.46,1200,6.5575
2005-03-04,12.44,12.44,12.44,12.44,500,6.5469
2005-03-03,12.33,12.33,12.33,12.33,000,6.489
2005-03-02,12.44,12.44,12.33,12.33,1600,6.489
2005-03-01,12.54,12.54,12.40,12.40,5700,6.5259
2005-02-28,12.51,12.53,12.51,12.53,200,6.5943
2005-02-25,12.698,12.82,12.52,12.53,4700,6.5943
2005-02-24,12.63,12.63,12.57,12.57,5900,6.6153
2005-02-23,12.68,12.68,12.68,12.68,000,6.6732
2005-02-22,12.68,12.68,12.68,12.68,000,6.6732
2005-02-18,12.69,12.69,12.68,12.68,1500,6.6732
2005-02-17,12.68,12.68,12.68,12.68,000,6.6732
2005-02-16,12.68,12.68,12.68,12.68,000,6.6732
2005-02-15,12.68,12.68,12.68,12.68,000,6.6732
2005-02-14,12.85,12.85,12.68,12.68,2400,6.6732
2005-02-11,12.849,12.849,12.849,12.849,100,6.7622
2005-02-10,12.83,12.85,12.83,12.85,1900,6.7627
2005-02-09,12.819,12.819,12.68,12.68,800,6.6732
2005-02-08,12.63,12.84,12.63,12.84,2600,6.7574
2005-02-07,12.788,12.79,12.76,12.76,2100,6.7153
2005-02-04,12.81,12.81,12.81,12.81,000,6.7417
2005-02-03,12.62,12.81,12.62,12.81,3800,6.7417
2005-02-02,12.60,12.60,12.60,12.60,000,6.6311
2005-02-01,12.60,12.60,12.60,12.60,000,6.6311
2005-01-31,12.60,12.60,12.60,12.60,1000,6.6311
2005-01-28,12.59,12.59,12.59,12.59,700,6.6259
2005-01-27,12.572,12.572,12.57,12.57,500,6.6153
2005-01-26,12.79,12.85,12.79,12.848,1100,6.7617
2005-01-25,12.84,12.84,12.814,12.814,4000,6.7438
2005-01-24,12.82,12.82,12.50,12.72,17100,6.6943
2005-01-21,12.85,12.85,12.85,12.85,000,6.7627
2005-01-20,12.85,12.85,12.85,12.85,300,6.7627
2005-01-19,12.83,12.85,12.83,12.85,2000,6.7627
2005-01-18,12.85,12.85,12.85,12.85,000,6.7627
2005-01-14,12.80,12.85,12.80,12.85,4900,6.7627
2005-01-13,12.82,12.82,12.82,12.82,800,6.7469
2005-01-12,12.699,12.699,12.699,12.699,000,6.6832
2005-01-11,12.699,12.699,12.699,12.699,700,6.6832
2005-01-10,12.69,12.69,12.69,12.69,000,6.6785
2005-01-07,12.69,12.69,12.69,12.69,000,6.6785
2005-01-06,12.69,12.69,12.69,12.69,000,6.6785
2005-01-05,12.69,12.69,12.69,12.69,000,6.6785
2005-01-04,12.69,12.69,12.69,12.69,100,6.6785
2005-01-03,12.613,12.65,12.613,12.65,900,6.6574
2004-12-31,12.648,12.648,12.648,12.648,100,6.6564
2004-12-30,12.15,12.42,12.15,12.42,3000,6.5364
2004-12-29,12.739,12.739,12.739,12.739,000,6.7043
2004-12-28,12.739,12.739,12.739,12.739,200,6.7043
2004-12-27,12.90,12.94,12.90,12.94,400,6.6752
2004-12-23,12.98,12.98,12.98,12.98,400,6.6958
2004-12-22,12.93,12.93,12.93,12.93,500,6.67
2004-12-21,12.90,12.90,12.90,12.90,000,6.6545
2004-12-20,12.90,12.90,12.90,12.90,000,6.6545
2004-12-17,12.83,12.90,12.83,12.90,2500,6.6545
2004-12-16,12.69,12.69,12.69,12.69,100,6.5462
2004-12-15,12.72,12.75,12.71,12.75,700,6.5772
2004-12-14,12.77,12.77,12.76,12.77,1300,6.5875
2004-12-13,12.929,12.929,12.929,12.929,000,6.6695
2004-12-10,12.69,12.929,12.69,12.929,1200,6.6695
2004-12-09,12.74,12.74,12.74,12.74,000,6.572
2004-12-08,12.989,12.989,12.74,12.74,300,6.572
2004-12-07,12.61,12.75,12.61,12.75,600,6.5772
2004-12-06,12.97,12.97,12.97,12.97,400,6.6907
2004-12-03,12.969,12.99,12.66,12.731,2200,6.5674
2004-12-02,12.732,12.732,12.732,12.732,000,6.5679
2004-12-01,12.732,12.732,12.732,12.732,000,6.5679
2004-11-30,12.661,12.732,12.661,12.732,300,6.5679
2004-11-29,12.80,12.82,12.80,12.80,5000,6.603
2004-11-26,12.711,12.75,12.711,12.75,2900,6.5772
2004-11-24,12.95,12.95,12.95,12.95,2000,6.6803
2004-11-23,12.85,12.87,12.69,12.80,4600,6.603
2004-11-22,12.752,12.752,12.752,12.752,100,6.5782
2004-11-19,12.93,12.93,12.93,12.93,300,6.67
2004-11-18,12.849,12.849,12.849,12.849,000,6.6282
2004-11-17,12.849,12.849,12.849,12.849,000,6.6282
2004-11-16,12.63,12.85,12.63,12.849,900,6.6282
2004-11-15,12.80,12.80,12.80,12.80,200,6.603
2004-11-12,12.90,12.90,12.90,12.90,000,6.6545
2004-11-11,12.90,12.90,12.90,12.90,000,6.6545
2004-11-10,12.90,12.90,12.90,12.90,100,6.6545
2004-11-09,12.96,12.96,12.96,12.96,1200,6.6855
2004-11-08,12.82,12.94,12.82,12.82,2300,6.6133
2004-11-05,12.90,12.90,12.83,12.86,2300,6.6339
2004-11-04,12.861,12.87,12.86,12.87,1200,6.6391
2004-11-03,12.80,12.88,12.80,12.88,1100,6.6442
2004-11-02,12.80,12.80,12.80,12.80,200,6.603
2004-11-01,12.87,12.87,12.87,12.87,1100,6.6391
2004-10-29,12.55,12.55,12.55,12.55,000,6.474
2004-10-28,12.55,12.55,12.55,12.55,000,6.474
2004-10-27,12.55,12.55,12.55,12.55,000,6.474
2004-10-26,12.64,12.64,12.55,12.55,3500,6.474
2004-10-25,12.85,12.85,12.85,12.85,2300,6.6288
2004-10-22,12.69,12.69,12.69,12.69,000,6.5462
2004-10-21,12.69,12.69,12.69,12.69,000,6.5462
2004-10-20,12.81,12.81,12.51,12.69,10600,6.5462
2004-10-19,12.81,12.81,12.81,12.81,2200,6.6081
2004-10-18,13.04,13.04,13.04,13.04,1000,6.7268
2004-10-15,12.90,12.90,12.90,12.90,000,6.6545
2004-10-14,12.90,12.90,12.90,12.90,000,6.6545
2004-10-13,12.81,12.90,12.81,12.90,2100,6.6545
2004-10-12,13.20,13.20,13.20,13.20,000,6.8093
2004-10-11,13.18,13.20,13.18,13.20,2100,6.8093
2004-10-08,12.73,12.73,12.73,12.73,200,6.5669
2004-10-07,12.82,12.82,12.71,12.80,2600,6.603
2004-10-06,13.15,13.15,12.77,12.77,2100,6.5875
2004-10-05,13.18,13.18,13.00,13.00,600,6.7061
2004-10-04,13.00,13.00,13.00,13.00,300,6.7061
2004-10-01,13.18,13.18,13.18,13.18,100,6.799
2004-09-30,12.93,12.93,12.93,12.93,1500,6.67
2004-09-29,13.00,13.00,13.00,13.00,2500,6.7061
2004-09-28,13.459,13.459,13.459,13.459,000,6.9429
2004-09-27,13.459,13.459,13.459,13.459,000,6.9429
2004-09-24,13.459,13.459,13.459,13.459,000,6.8107
2004-09-23,13.10,13.459,13.08,13.459,1900,6.8107
2004-09-22,13.10,13.10,13.10,13.10,000,6.629
2004-09-21,12.99,13.10,12.99,13.10,400,6.629
2004-09-20,13.02,13.02,13.02,13.02,000,6.5886
2004-09-17,13.02,13.02,13.02,13.02,000,6.5886
2004-09-16,13.02,13.02,13.02,13.02,000,6.5886
2004-09-15,13.02,13.04,13.02,13.02,1700,6.5886
2004-09-14,13.261,13.27,13.22,13.27,2300,6.7151
2004-09-13,13.25,13.25,13.25,13.25,100,6.7049
2004-09-10,13.22,13.23,13.22,13.23,1400,6.6948
2004-09-09,13.24,13.24,13.21,13.21,3300,6.6847
2004-09-08,13.02,13.02,13.02,13.02,500,6.5886
2004-09-07,12.91,12.91,12.91,12.91,000,6.5329
2004-09-03,12.91,12.91,12.91,12.91,2000,6.5329
2004-09-02,13.10,13.10,12.95,12.95,3200,6.5531
2004-09-01,13.10,13.15,13.10,13.10,8300,6.629
2004-08-31,12.55,13.10,12.55,13.10,7200,6.629
2004-08-30,12.73,12.73,12.53,12.53,700,6.3406
2004-08-27,12.50,12.75,12.50,12.75,6700,6.4519
2004-08-26,12.45,12.45,12.45,12.45,000,6.3001
2004-08-25,12.45,12.45,12.45,12.45,1500,6.3001
2004-08-24,12.45,12.45,12.45,12.45,1800,6.3001
2004-08-23,12.45,12.45,12.45,12.45,1100,6.3001
2004-08-20,12.45,12.45,12.45,12.45,000,6.3001
2004-08-19,12.50,12.50,12.45,12.45,2300,6.3001
