Date,Open,High,Low,Close,Volume,Adj Close
2016-04-15,10.10,10.10,10.10,10.10,000,10.10
2016-04-14,10.10,10.10,10.10,10.10,000,10.10
2016-04-13,10.10,10.10,10.10,10.10,000,10.10
2016-04-12,10.10,10.10,10.10,10.10,000,10.10
2016-04-11,10.10,10.10,10.10,10.10,000,10.10
2016-04-08,10.10,10.10,10.10,10.10,000,10.10
2016-04-07,10.10,10.10,10.10,10.10,000,10.10
2016-04-06,10.10,10.10,10.10,10.10,000,10.10
2016-04-05,10.10,10.10,10.10,10.10,000,10.10
2016-04-04,10.10,10.10,10.10,10.10,000,10.10
2016-04-01,10.10,10.10,10.10,10.10,000,10.10
2016-03-31,10.10,10.10,10.10,10.10,000,10.10
2016-03-30,10.10,10.10,10.10,10.10,000,10.10
2016-03-29,10.10,10.10,10.10,10.10,000,10.10
2016-03-28,10.10,10.10,10.10,10.10,000,10.10
2016-03-24,10.10,10.10,10.10,10.10,000,10.10
2016-03-23,10.10,10.10,10.10,10.10,000,10.10
2016-03-22,10.10,10.10,10.10,10.10,000,10.10
2016-03-21,10.10,10.10,10.10,10.10,000,10.10
2016-03-18,10.10,10.10,10.10,10.10,000,10.10
2016-03-17,10.10,10.10,10.10,10.10,000,10.10
2016-03-16,10.10,10.10,10.10,10.10,000,10.10
2016-03-15,10.10,10.10,10.10,10.10,000,10.10
2016-03-14,10.10,10.10,10.10,10.10,000,10.10
2016-03-11,10.10,10.10,10.10,10.10,000,10.10
2016-03-10,10.10,10.10,10.10,10.10,000,10.10
2016-03-09,10.10,10.10,10.10,10.10,000,10.10
2016-03-08,10.10,10.10,10.10,10.10,000,10.10
2016-03-07,10.10,10.10,10.10,10.10,000,10.10
2016-03-04,10.10,10.10,10.10,10.10,000,10.10
2016-03-03,10.10,10.10,10.10,10.10,000,10.10
2016-03-02,10.10,10.10,10.10,10.10,000,10.10
2016-03-01,10.10,10.10,10.10,10.10,000,10.10
2016-02-29,10.10,10.10,10.10,10.10,000,10.10
2016-02-26,10.10,10.10,10.10,10.10,000,10.10
2016-02-25,10.10,10.10,10.10,10.10,000,10.10
2016-02-24,10.10,10.10,10.10,10.10,000,10.10
2016-02-23,10.10,10.10,10.10,10.10,000,10.10
2016-02-22,10.10,10.10,10.10,10.10,000,10.10
2016-02-19,10.10,10.10,10.10,10.10,000,10.10
2016-02-18,10.10,10.10,10.10,10.10,000,10.10
2016-02-17,10.10,10.10,10.10,10.10,000,10.10
2016-02-16,10.10,10.10,10.10,10.10,000,10.10
2016-02-12,10.10,10.10,10.10,10.10,000,10.10
2016-02-11,10.10,10.10,10.10,10.10,000,10.10
2016-02-10,10.10,10.10,10.10,10.10,000,10.10
2016-02-09,10.10,10.10,10.10,10.10,000,10.10
2016-02-08,10.10,10.10,10.10,10.10,000,10.10
2016-02-05,10.10,10.10,10.10,10.10,000,10.10
2016-02-04,10.10,10.10,10.10,10.10,000,10.10
2016-02-03,10.10,10.10,10.10,10.10,000,10.10
2016-02-02,10.10,10.10,10.10,10.10,000,10.10
2016-02-01,10.10,10.10,10.10,10.10,000,10.10
2016-01-29,10.10,10.10,10.10,10.10,000,10.10
2016-01-28,10.10,10.10,10.10,10.10,000,10.10
2016-01-27,10.10,10.10,10.10,10.10,000,10.10
2016-01-26,10.10,10.10,10.10,10.10,000,10.10
2016-01-25,10.10,10.10,10.10,10.10,000,10.10
2016-01-22,10.10,10.10,10.10,10.10,000,10.10
2016-01-21,10.10,10.10,10.10,10.10,000,10.10
2016-01-20,10.10,10.10,10.10,10.10,000,10.10
2016-01-19,10.10,10.10,10.10,10.10,000,10.10
2016-01-15,10.10,10.10,10.10,10.10,000,10.10
2016-01-14,10.10,10.10,10.10,10.10,000,10.10
2016-01-13,10.10,10.10,10.10,10.10,000,10.10
2016-01-12,10.10,10.10,10.10,10.10,000,10.10
2016-01-11,10.10,10.10,10.10,10.10,000,10.10
2016-01-08,10.10,10.10,10.10,10.10,000,10.10
2016-01-07,10.10,10.10,10.10,10.10,000,10.10
2016-01-06,10.10,10.10,10.10,10.10,000,10.10
2016-01-05,10.10,10.10,10.10,10.10,000,10.10
2016-01-04,10.10,10.10,10.10,10.10,000,10.10
2015-12-31,10.10,10.10,10.10,10.10,000,10.10
2015-12-30,10.10,10.10,10.10,10.10,000,10.10
2015-12-29,10.10,10.10,10.10,10.10,000,10.10
2015-12-28,10.10,10.10,10.10,10.10,000,10.10
2015-12-24,10.10,10.10,10.10,10.10,000,10.10
2015-12-23,10.10,10.10,10.10,10.10,000,10.10
2015-12-22,10.10,10.10,10.10,10.10,000,10.10
2015-12-21,10.10,10.10,10.10,10.10,000,10.10
2015-12-18,10.10,10.10,10.10,10.10,000,10.10
2015-12-17,10.10,10.10,10.10,10.10,000,10.10
2015-12-16,10.10,10.10,10.10,10.10,000,10.10
2015-12-15,10.10,10.10,10.10,10.10,000,10.10
2015-12-14,10.10,10.10,10.10,10.10,000,10.10
2015-12-11,10.10,10.10,10.10,10.10,000,10.10
2015-12-10,10.10,10.10,10.10,10.10,000,10.10
2015-12-09,10.10,10.10,10.10,10.10,000,10.10
2015-12-08,10.10,10.10,10.10,10.10,000,10.10
2015-12-07,10.10,10.10,10.10,10.10,000,10.10
2015-12-04,10.10,10.10,10.10,10.10,000,10.10
2015-12-03,10.10,10.10,10.10,10.10,000,10.10
2015-12-02,10.10,10.10,10.10,10.10,000,10.10
2015-12-01,10.10,10.10,10.10,10.10,000,10.10
2015-11-30,10.10,10.10,10.10,10.10,000,10.10
2015-11-27,10.10,10.10,10.10,10.10,000,10.10
2015-11-25,10.10,10.10,10.10,10.10,000,10.10
2015-11-24,10.10,10.10,10.10,10.10,000,10.10
2015-11-23,10.10,10.10,10.10,10.10,000,10.10
2015-11-20,10.10,10.10,10.10,10.10,000,10.10
2015-11-19,10.10,10.10,10.10,10.10,000,10.10
2015-11-18,10.10,10.10,10.10,10.10,000,10.10
2015-11-17,10.10,10.10,10.10,10.10,000,10.10
2015-11-16,10.10,10.10,10.10,10.10,000,10.10
2015-11-13,10.10,10.10,10.10,10.10,000,10.10
2015-11-12,10.10,10.10,10.10,10.10,000,10.10
2015-11-11,10.10,10.10,10.10,10.10,000,10.10
2015-11-10,10.10,10.10,10.10,10.10,000,10.10
2015-11-09,10.10,10.10,10.10,10.10,000,10.10
2015-11-06,10.10,10.10,10.10,10.10,000,10.10
2015-11-05,10.10,10.10,10.10,10.10,000,10.10
2015-11-04,10.10,10.10,10.10,10.10,000,10.10
2015-11-03,10.10,10.10,10.10,10.10,000,10.10
2015-11-02,10.10,10.10,10.10,10.10,000,10.10
2015-10-30,10.10,10.10,10.10,10.10,000,10.10
2015-10-29,10.10,10.10,10.10,10.10,000,10.10
2015-10-28,10.10,10.10,10.10,10.10,000,10.10
2015-10-27,10.10,10.10,10.10,10.10,000,10.10
2015-10-26,10.10,10.10,10.10,10.10,000,10.10
2015-10-23,10.10,10.10,10.10,10.10,000,10.10
2015-10-22,10.10,10.10,10.10,10.10,000,10.10
2015-10-21,10.10,10.10,10.10,10.10,000,10.10
2015-10-20,10.10,10.10,10.10,10.10,000,10.10
2015-10-19,10.10,10.10,10.10,10.10,000,10.10
2015-10-16,10.10,10.10,10.10,10.10,000,10.10
2015-10-15,10.10,10.10,10.10,10.10,000,10.10
2015-10-14,10.10,10.10,10.10,10.10,000,10.10
2015-10-13,10.10,10.10,10.10,10.10,000,10.10
2015-10-12,10.10,10.10,10.10,10.10,000,10.10
2015-10-09,10.10,10.10,10.10,10.10,000,10.10
2015-10-08,10.10,10.10,10.10,10.10,000,10.10
2015-10-07,10.10,10.10,10.10,10.10,000,10.10
2015-10-06,10.10,10.10,10.10,10.10,000,10.10
2015-10-05,10.10,10.10,10.10,10.10,000,10.10
2015-10-02,10.10,10.10,10.10,10.10,000,10.10
2015-10-01,10.10,10.10,10.10,10.10,000,10.10
2015-09-30,10.10,10.10,10.10,10.10,000,10.10
2015-09-29,10.10,10.10,10.10,10.10,000,10.10
2015-09-28,10.10,10.10,10.10,10.10,000,10.10
2015-09-25,3.16,3.16,3.16,3.16,000,3.16
2015-09-24,10.10,10.10,10.10,10.10,000,10.10
2015-09-23,10.10,10.10,10.10,10.10,000,10.10
2015-09-22,10.10,10.10,10.10,10.10,000,10.10
2015-09-21,10.10,10.10,10.10,10.10,000,10.10
2015-09-18,10.10,10.10,10.10,10.10,000,10.10
2015-09-17,10.10,10.10,10.10,10.10,000,10.10
2015-09-16,10.10,10.10,10.10,10.10,000,10.10
2015-09-15,10.10,10.10,10.10,10.10,000,10.10
2015-09-14,10.10,10.10,10.10,10.10,000,10.10
2015-09-11,10.10,10.10,10.10,10.10,000,10.10
2015-09-10,10.10,10.10,10.10,10.10,000,10.10
2015-09-09,10.10,10.10,10.10,10.10,000,10.10
2015-09-08,10.10,10.10,10.10,10.10,000,10.10
2015-09-04,10.10,10.10,10.10,10.10,000,10.10
2015-09-03,10.10,10.10,10.10,10.10,000,10.10
2015-09-02,10.10,10.10,10.10,10.10,000,10.10
2015-09-01,10.10,10.10,10.10,10.10,000,10.10
2015-08-31,10.10,10.10,10.10,10.10,000,10.10
2015-08-28,10.10,10.10,10.10,10.10,000,10.10
2015-08-27,10.10,10.10,10.10,10.10,000,10.10
2015-08-26,10.10,10.10,10.10,10.10,000,10.10
2015-08-25,10.10,10.10,10.10,10.10,000,10.10
2015-08-24,10.10,10.10,10.10,10.10,000,10.10
2015-08-21,10.10,10.10,10.10,10.10,000,10.10
2015-08-20,10.10,10.10,10.10,10.10,000,10.10
2015-08-19,10.10,10.10,10.10,10.10,000,10.10
2015-08-18,10.10,10.10,10.10,10.10,000,10.10
2015-08-17,10.10,10.10,10.10,10.10,000,10.10
2015-08-14,10.10,10.10,10.10,10.10,000,10.10
2015-08-13,10.10,10.10,10.10,10.10,000,10.10
2015-08-12,10.10,10.10,10.10,10.10,000,10.10
2015-08-11,10.10,10.10,10.10,10.10,000,10.10
2015-08-10,10.10,10.10,10.10,10.10,000,10.10
2015-08-07,10.10,10.10,10.10,10.10,000,10.10
2015-08-06,10.10,10.10,10.10,10.10,000,10.10
2015-08-05,10.10,10.10,10.10,10.10,000,10.10
2015-08-04,10.10,10.10,10.10,10.10,000,10.10
2015-08-03,10.10,10.10,10.10,10.10,000,10.10
2015-07-31,10.10,10.10,10.10,10.10,000,10.10
2015-07-30,10.10,10.10,10.10,10.10,000,10.10
2015-07-29,10.10,10.10,10.10,10.10,000,10.10
2015-07-28,10.10,10.10,10.10,10.10,000,10.10
2015-07-27,10.10,10.10,10.10,10.10,000,10.10
2015-07-24,10.10,10.10,10.10,10.10,000,10.10
2015-07-23,10.10,10.10,10.10,10.10,000,10.10
2015-07-22,10.10,10.10,10.10,10.10,000,10.10
2015-07-21,10.10,10.10,10.10,10.10,000,10.10
2015-07-20,10.10,10.10,10.10,10.10,000,10.10
2015-07-17,10.10,10.10,10.10,10.10,000,10.10
2015-07-16,10.10,10.10,10.10,10.10,000,10.10
2015-07-15,10.10,10.10,10.10,10.10,000,10.10
2015-07-14,10.10,10.10,10.10,10.10,000,10.10
2015-07-13,10.10,10.10,10.10,10.10,000,10.10
2015-07-10,10.10,10.10,10.10,10.10,000,10.10
2015-07-09,10.10,10.10,10.10,10.10,000,10.10
2015-07-08,10.10,10.10,10.10,10.10,000,10.10
2015-07-07,10.10,10.10,10.10,10.10,000,10.10
2015-07-06,10.10,10.10,10.10,10.10,000,10.10
2015-07-02,10.10,10.10,10.10,10.10,000,10.10
2015-07-01,10.10,10.10,10.10,10.10,000,10.10
2015-06-30,10.10,10.10,10.10,10.10,000,10.10
2015-06-29,10.10,10.10,10.10,10.10,000,10.10
2015-06-26,10.10,10.10,10.10,10.10,000,10.10
2015-06-25,10.10,10.10,10.10,10.10,000,10.10
2015-06-24,10.10,10.10,10.10,10.10,000,10.10
2015-06-23,10.10,10.10,10.10,10.10,000,10.10
2015-06-22,10.10,10.10,10.10,10.10,000,10.10
2015-06-19,10.10,10.10,10.10,10.10,000,10.10
2015-06-18,10.10,10.10,10.10,10.10,000,10.10
2015-06-17,10.10,10.10,10.10,10.10,000,10.10
2015-06-16,10.10,10.10,10.10,10.10,000,10.10
2015-06-15,10.10,10.10,10.10,10.10,000,10.10
2015-06-12,10.10,10.10,10.10,10.10,000,10.10
2015-06-11,10.10,10.10,10.10,10.10,000,10.10
2015-06-10,10.10,10.10,10.10,10.10,000,10.10
2015-06-09,10.10,10.10,10.10,10.10,000,10.10
2015-06-08,10.10,10.10,10.10,10.10,000,10.10
2015-06-05,10.10,10.10,10.10,10.10,000,10.10
2015-06-04,10.10,10.10,10.10,10.10,000,10.10
2015-06-03,10.10,10.10,10.10,10.10,000,10.10
2015-06-02,10.10,10.10,10.10,10.10,000,10.10
2015-06-01,10.10,10.10,10.10,10.10,000,10.10
2015-05-29,10.10,10.10,10.10,10.10,000,10.10
2015-05-28,10.10,10.10,10.10,10.10,000,10.10
2015-05-27,10.10,10.10,10.10,10.10,000,10.10
2015-05-26,10.10,10.10,10.10,10.10,000,10.10
2015-05-22,10.10,10.10,10.10,10.10,000,10.10
2015-05-21,10.10,10.10,10.10,10.10,000,10.10
2015-05-20,10.10,10.10,10.10,10.10,000,10.10
2015-05-19,10.10,10.10,10.10,10.10,000,10.10
2015-05-18,10.10,10.10,10.10,10.10,000,10.10
2015-05-15,10.10,10.10,10.10,10.10,000,10.10
2015-05-14,10.10,10.10,10.10,10.10,000,10.10
2015-05-13,10.10,10.10,10.10,10.10,000,10.10
2015-05-12,10.10,10.10,10.10,10.10,000,10.10
2015-05-11,10.10,10.10,10.10,10.10,000,10.10
2015-05-08,10.10,10.10,10.10,10.10,000,10.10
2015-05-07,10.10,10.10,10.10,10.10,000,10.10
2015-05-06,10.10,10.10,10.10,10.10,000,10.10
2015-05-05,10.10,10.10,10.10,10.10,000,10.10
2015-05-04,10.10,10.10,10.10,10.10,000,10.10
2015-05-01,10.10,10.10,10.10,10.10,000,10.10
2015-04-30,10.10,10.10,10.10,10.10,000,10.10
2015-04-29,10.10,10.10,10.10,10.10,000,10.10
2015-04-28,10.10,10.10,10.10,10.10,000,10.10
2015-04-27,10.10,10.10,10.10,10.10,000,10.10
2015-04-24,10.10,10.10,10.10,10.10,000,10.10
2015-04-23,10.10,10.10,10.10,10.10,000,10.10
2015-04-22,10.10,10.10,10.10,10.10,000,10.10
2015-04-21,10.10,10.10,10.10,10.10,000,10.10
2015-04-20,10.10,10.10,10.10,10.10,000,10.10
2015-04-17,10.10,10.10,10.10,10.10,000,10.10
2015-04-16,10.10,10.10,10.10,10.10,000,10.10
2015-04-15,10.10,10.10,10.10,10.10,000,10.10
2015-04-14,10.10,10.10,10.10,10.10,000,10.10
2015-04-13,10.10,10.10,10.10,10.10,000,10.10
2015-04-10,10.10,10.10,10.10,10.10,000,10.10
2015-04-09,10.10,10.10,10.10,10.10,000,10.10
2015-04-08,10.10,10.10,10.10,10.10,000,10.10
2015-04-07,10.10,10.10,10.10,10.10,000,10.10
2015-04-06,10.10,10.10,10.10,10.10,000,10.10
2015-04-02,10.10,10.10,10.10,10.10,000,10.10
2015-04-01,10.10,10.10,10.10,10.10,000,10.10
2015-03-31,10.10,10.10,10.10,10.10,000,10.10
2015-03-30,10.10,10.10,10.10,10.10,000,10.10
2015-03-27,10.10,10.10,10.10,10.10,000,10.10
2015-03-26,10.10,10.10,10.10,10.10,000,10.10
2015-03-25,10.10,10.10,10.10,10.10,000,10.10
2015-03-24,10.10,10.10,10.10,10.10,000,10.10
2015-03-23,10.10,10.10,10.10,10.10,000,10.10
2015-03-20,10.10,10.10,10.10,10.10,000,10.10
2015-03-19,10.10,10.10,10.10,10.10,000,10.10
2015-03-18,10.10,10.10,10.10,10.10,000,10.10
2015-03-17,10.10,10.10,10.10,10.10,000,10.10
2015-03-16,10.10,10.10,10.10,10.10,000,10.10
2015-03-13,10.10,10.10,10.10,10.10,000,10.10
2015-03-12,10.10,10.10,10.10,10.10,000,10.10
2015-03-11,10.10,10.10,10.10,10.10,000,10.10
2015-03-10,10.10,10.10,10.10,10.10,000,10.10
2015-03-09,10.10,10.10,10.10,10.10,000,10.10
2015-03-06,10.10,10.10,10.10,10.10,000,10.10
2015-03-05,10.10,10.10,10.10,10.10,000,10.10
2015-03-04,10.10,10.10,10.10,10.10,000,10.10
2015-03-03,10.10,10.10,10.10,10.10,000,10.10
2015-03-02,10.10,10.10,10.10,10.10,000,10.10
2015-02-27,10.10,10.10,10.10,10.10,000,10.10
2015-02-26,10.10,10.10,10.10,10.10,000,10.10
2015-02-25,10.10,10.10,10.10,10.10,000,10.10
2015-02-24,10.10,10.10,10.10,10.10,000,10.10
2015-02-23,10.10,10.10,10.10,10.10,000,10.10
2015-02-20,10.10,10.10,10.10,10.10,000,10.10
2015-02-19,10.10,10.10,10.10,10.10,000,10.10
2015-02-18,10.10,10.10,10.10,10.10,000,10.10
2015-02-17,10.10,10.10,10.10,10.10,000,10.10
2015-02-13,10.10,10.10,10.10,10.10,000,10.10
2015-02-12,10.10,10.10,10.10,10.10,000,10.10
2015-02-11,10.10,10.10,10.10,10.10,000,10.10
2015-02-10,10.10,10.10,10.10,10.10,000,10.10
2015-02-09,10.10,10.10,10.10,10.10,000,10.10
2015-02-06,10.10,10.10,10.10,10.10,000,10.10
2015-02-05,10.10,10.10,10.10,10.10,000,10.10
2015-02-04,10.10,10.10,10.10,10.10,000,10.10
2015-02-03,10.10,10.10,10.10,10.10,000,10.10
2015-02-02,10.10,10.10,10.10,10.10,000,10.10
2015-01-30,10.10,10.10,10.10,10.10,000,10.10
2015-01-29,10.10,10.10,10.10,10.10,000,10.10
2015-01-28,10.10,10.10,10.10,10.10,000,10.10
2015-01-27,10.10,10.10,10.10,10.10,000,10.10
2015-01-26,10.10,10.10,10.10,10.10,000,10.10
2015-01-23,10.10,10.10,10.10,10.10,000,10.10
2015-01-22,10.10,10.10,10.10,10.10,000,10.10
2015-01-21,10.10,10.10,10.10,10.10,000,10.10
2015-01-20,10.10,10.10,10.10,10.10,000,10.10
2015-01-16,10.10,10.10,10.10,10.10,000,10.10
2015-01-15,10.10,10.10,10.10,10.10,000,10.10
2015-01-14,10.10,10.10,10.10,10.10,000,10.10
2015-01-13,10.10,10.10,10.10,10.10,000,10.10
2015-01-12,10.10,10.10,10.10,10.10,000,10.10
2015-01-09,10.10,10.10,10.10,10.10,000,10.10
2015-01-08,10.10,10.10,10.10,10.10,000,10.10
2015-01-07,10.10,10.10,10.10,10.10,000,10.10
2015-01-06,10.10,10.10,10.10,10.10,000,10.10
2015-01-05,10.10,10.10,10.10,10.10,000,10.10
2015-01-02,10.10,10.10,10.10,10.10,000,10.10
2014-12-31,10.10,10.10,10.10,10.10,000,10.10
2014-12-30,10.10,10.10,10.10,10.10,000,10.10
2014-12-29,10.10,10.10,10.10,10.10,000,10.10
2014-12-26,10.10,10.10,10.10,10.10,000,10.10
2014-12-24,10.10,10.10,10.10,10.10,000,10.10
2014-12-23,10.10,10.10,10.10,10.10,000,10.10
2014-12-22,10.10,10.10,10.10,10.10,000,10.10
2014-12-19,10.10,10.10,10.10,10.10,000,10.10
2014-12-18,10.10,10.10,10.10,10.10,000,10.10
2014-12-17,10.10,10.10,10.10,10.10,000,10.10
2014-12-16,10.10,10.10,10.10,10.10,000,10.10
2014-12-15,10.10,10.10,10.10,10.10,000,10.10
2014-12-12,10.10,10.10,10.10,10.10,000,10.10
2014-12-11,10.10,10.10,10.10,10.10,000,10.10
2014-12-10,10.10,10.10,10.10,10.10,000,10.10
2014-12-09,10.10,10.10,10.10,10.10,000,10.10
2014-12-08,10.10,10.10,10.10,10.10,000,10.10
2014-12-05,10.10,10.10,10.10,10.10,000,10.10
2014-12-04,10.10,10.10,10.10,10.10,000,10.10
2014-12-03,10.10,10.10,10.10,10.10,000,10.10
2014-12-02,10.10,10.10,10.10,10.10,000,10.10
2014-12-01,10.10,10.10,10.10,10.10,000,10.10
2014-11-28,10.10,10.10,10.10,10.10,000,10.10
2014-11-26,10.10,10.10,10.10,10.10,000,10.10
2014-11-25,10.10,10.10,10.10,10.10,000,10.10
2014-11-24,10.10,10.10,10.10,10.10,000,10.10
2014-11-21,10.10,10.10,10.10,10.10,000,10.10
2014-11-20,10.10,10.10,10.10,10.10,000,10.10
2014-11-19,10.10,10.10,10.10,10.10,000,10.10
2014-11-18,10.10,10.10,10.10,10.10,000,10.10
2014-11-17,10.10,10.10,10.10,10.10,000,10.10
2014-11-14,10.10,10.10,10.10,10.10,000,10.10
2014-11-13,10.10,10.10,10.10,10.10,000,10.10
2014-11-12,10.10,10.10,10.10,10.10,000,10.10
2014-11-11,10.10,10.10,10.10,10.10,000,10.10
2014-11-10,10.10,10.10,10.10,10.10,000,10.10
2014-11-07,10.10,10.10,10.10,10.10,000,10.10
2014-11-06,10.10,10.10,10.10,10.10,000,10.10
2014-11-05,10.10,10.10,10.10,10.10,000,10.10
2014-11-04,10.10,10.10,10.10,10.10,000,10.10
2014-11-03,10.10,10.10,10.10,10.10,000,10.10
2014-10-31,10.10,10.10,10.10,10.10,000,10.10
2014-10-30,10.10,10.10,10.10,10.10,000,10.10
2014-10-29,10.10,10.10,10.10,10.10,000,10.10
2014-10-28,10.10,10.10,10.10,10.10,000,10.10
2014-10-27,10.10,10.10,10.10,10.10,000,10.10
2014-10-24,10.10,10.10,10.10,10.10,000,10.10
2014-10-23,10.10,10.10,10.10,10.10,000,10.10
2014-10-22,10.10,10.10,10.10,10.10,000,10.10
2014-10-21,10.10,10.10,10.10,10.10,000,10.10
2014-10-20,10.10,10.10,10.10,10.10,000,10.10
2014-10-17,10.10,10.10,10.10,10.10,000,10.10
2014-10-16,10.10,10.10,10.10,10.10,000,10.10
2014-10-15,10.10,10.10,10.10,10.10,000,10.10
2014-10-14,10.10,10.10,10.10,10.10,000,10.10
2014-10-13,10.10,10.10,10.10,10.10,000,10.10
2014-10-10,10.10,10.10,10.10,10.10,000,10.10
2014-10-09,10.10,10.10,10.10,10.10,000,10.10
2014-10-08,10.10,10.10,10.10,10.10,000,10.10
2014-10-07,10.10,10.10,10.10,10.10,000,10.10
2014-10-06,10.10,10.10,10.10,10.10,000,10.10
2014-10-03,10.10,10.10,10.10,10.10,000,10.10
2014-10-02,10.10,10.10,10.10,10.10,000,10.10
2014-10-01,10.10,10.10,10.10,10.10,000,10.10
2014-09-30,10.10,10.10,10.10,10.10,000,10.10
2014-09-29,10.10,10.10,10.10,10.10,000,10.10
2014-09-26,10.10,10.10,10.10,10.10,000,10.10
2014-09-25,10.10,10.10,10.10,10.10,000,10.10
2014-09-24,10.10,10.10,10.10,10.10,000,10.10
2014-09-23,10.10,10.10,10.10,10.10,000,10.10
2014-09-22,10.10,10.10,10.10,10.10,000,10.10
2014-09-19,10.10,10.10,10.10,10.10,000,10.10
2014-09-18,10.10,10.10,10.10,10.10,000,10.10
2014-09-17,10.10,10.10,10.10,10.10,000,10.10
2014-09-16,10.10,10.10,10.10,10.10,000,10.10
2014-09-15,10.10,10.10,10.10,10.10,000,10.10
2014-09-12,10.10,10.10,10.10,10.10,000,10.10
2014-09-11,10.10,10.10,10.10,10.10,000,10.10
2014-09-10,10.10,10.10,10.10,10.10,000,10.10
2014-09-09,10.10,10.10,10.10,10.10,000,10.10
2014-09-08,10.10,10.10,10.10,10.10,000,10.10
2014-09-05,10.10,10.10,10.10,10.10,000,10.10
2014-09-04,10.10,10.10,10.10,10.10,000,10.10
2014-09-03,10.10,10.10,10.10,10.10,000,10.10
2014-09-02,10.10,10.10,10.10,10.10,000,10.10
2014-08-29,10.10,10.10,10.10,10.10,000,10.10
2014-08-28,10.10,10.10,10.10,10.10,000,10.10
2014-08-27,10.10,10.10,10.10,10.10,000,10.10
2014-08-26,10.10,10.10,10.10,10.10,000,10.10
2014-08-25,10.10,10.10,10.10,10.10,000,10.10
2014-08-22,10.10,10.10,10.10,10.10,000,10.10
2014-08-21,10.10,10.10,10.10,10.10,000,10.10
2014-08-20,10.10,10.10,10.10,10.10,000,10.10
2014-08-19,10.10,10.10,10.10,10.10,000,10.10
2014-08-18,10.10,10.10,10.10,10.10,000,10.10
2014-08-15,10.10,10.10,10.10,10.10,000,10.10
2014-08-14,10.10,10.10,10.10,10.10,000,10.10
2014-08-13,10.10,10.10,10.10,10.10,000,10.10
2014-08-12,10.10,10.10,10.10,10.10,000,10.10
2014-08-11,10.10,10.10,10.10,10.10,000,10.10
2014-08-08,10.10,10.10,10.10,10.10,000,10.10
2014-08-07,10.10,10.10,10.10,10.10,000,10.10
2014-08-06,10.10,10.10,10.10,10.10,000,10.10
2014-08-05,10.10,10.10,10.10,10.10,000,10.10
2014-08-04,10.10,10.10,10.10,10.10,000,10.10
2014-08-01,10.10,10.10,10.10,10.10,000,10.10
2014-07-31,10.10,10.10,10.10,10.10,000,10.10
2014-07-30,10.10,10.10,10.10,10.10,000,10.10
2014-07-29,10.10,10.10,10.10,10.10,000,10.10
2014-07-28,10.10,10.10,10.10,10.10,000,10.10
2014-07-25,10.10,10.10,10.10,10.10,000,10.10
2014-07-24,10.10,10.10,10.10,10.10,000,10.10
2014-07-23,10.10,10.10,10.10,10.10,000,10.10
2014-07-22,10.10,10.10,10.10,10.10,000,10.10
2014-07-21,10.10,10.10,10.10,10.10,000,10.10
2014-07-18,10.10,10.10,10.10,10.10,000,10.10
2014-07-17,10.10,10.10,10.10,10.10,000,10.10
2014-07-16,10.10,10.10,10.10,10.10,000,10.10
2014-07-15,10.10,10.10,10.10,10.10,000,10.10
2014-07-14,10.10,10.10,10.10,10.10,000,10.10
2014-07-11,10.10,10.10,10.10,10.10,000,10.10
2014-07-10,10.10,10.10,10.10,10.10,000,10.10
2014-07-09,10.10,10.10,10.10,10.10,000,10.10
2014-07-08,10.10,10.10,10.10,10.10,000,10.10
2014-07-07,10.10,10.10,10.10,10.10,000,10.10
2014-07-03,10.10,10.10,10.10,10.10,000,10.10
2014-07-02,10.10,10.10,10.10,10.10,000,10.10
2014-07-01,10.10,10.10,10.10,10.10,000,10.10
2014-06-30,10.10,10.10,10.10,10.10,000,10.10
2014-06-27,10.10,10.10,10.10,10.10,000,10.10
2014-06-26,10.10,10.10,10.10,10.10,000,10.10
2014-06-25,10.10,10.10,10.10,10.10,000,10.10
2014-06-24,10.10,10.10,10.10,10.10,000,10.10
2014-06-23,10.10,10.10,10.10,10.10,000,10.10
2014-06-20,10.10,10.10,10.10,10.10,000,10.10
2014-06-19,10.10,10.10,10.10,10.10,000,10.10
2014-06-18,10.10,10.10,10.10,10.10,000,10.10
2014-06-17,10.10,10.10,10.10,10.10,000,10.10
2014-06-16,10.10,10.10,10.10,10.10,000,10.10
2014-06-13,10.10,10.10,10.10,10.10,000,10.10
2014-06-12,10.10,10.10,10.10,10.10,000,10.10
2014-06-11,10.10,10.10,10.10,10.10,000,10.10
2014-06-10,10.10,10.10,10.10,10.10,000,10.10
2014-06-09,10.10,10.10,10.10,10.10,000,10.10
2014-06-06,10.10,10.10,10.10,10.10,000,10.10
2014-06-05,10.10,10.10,10.10,10.10,000,10.10
2014-06-04,10.10,10.10,10.10,10.10,000,10.10
2014-06-03,10.10,10.10,10.10,10.10,000,10.10
2014-06-02,10.10,10.10,10.10,10.10,000,10.10
2014-05-30,10.10,10.10,10.10,10.10,000,10.10
2014-05-29,10.10,10.10,10.10,10.10,000,10.10
2014-05-28,10.10,10.10,10.10,10.10,000,10.042001
2014-05-27,10.10,10.10,10.10,10.10,000,10.042001
2014-05-23,10.10,10.10,10.10,10.10,000,10.042001
2014-05-22,10.10,10.10,10.10,10.10,000,10.042001
2014-05-21,10.10,10.10,10.10,10.10,000,10.042001
2014-05-20,10.10,10.10,10.10,10.10,000,10.042001
2014-05-19,10.10,10.10,10.10,10.10,000,10.042001
2014-05-16,10.10,10.10,10.10,10.10,000,10.042001
2014-05-15,10.10,10.10,10.10,10.10,000,10.042001
2014-05-14,10.10,10.10,10.10,10.10,000,10.042001
2014-05-13,10.10,10.10,10.10,10.10,000,10.042001
2014-05-12,10.10,10.10,10.10,10.10,000,10.042001
2014-05-09,10.10,10.10,10.10,10.10,000,10.042001
2014-05-08,10.10,10.10,10.10,10.10,000,10.042001
2014-05-07,10.10,10.10,10.10,10.10,000,10.042001
2014-05-06,10.10,10.10,10.10,10.10,000,10.042001
2014-05-05,10.10,10.10,10.10,10.10,000,10.042001
2014-05-02,10.10,10.10,10.10,10.10,000,10.042001
2014-05-01,10.10,10.10,10.10,10.10,000,10.042001
2014-04-30,10.10,10.10,10.10,10.10,000,10.042001
2014-04-29,10.10,10.10,10.10,10.10,000,10.042001
2014-04-28,10.10,10.10,10.10,10.10,000,9.984333
2014-04-25,10.10,10.10,10.10,10.10,000,9.984333
2014-04-24,10.10,10.10,10.10,10.10,300,9.984333
2014-04-23,31.10,31.10,31.10,31.10,000,30.743837
2014-04-22,31.10,31.10,31.10,31.10,000,30.743837
2014-04-21,31.10,31.10,31.10,31.10,000,30.743837
2014-04-17,31.10,31.10,31.10,31.10,000,30.743837
2014-04-16,31.10,31.10,31.10,31.10,000,30.743837
2014-04-15,31.10,31.10,31.10,31.10,000,30.743837
2014-04-14,31.10,31.10,31.10,31.10,000,30.743837
2014-04-11,31.10,31.10,31.10,31.10,000,30.743837
2014-04-10,31.10,31.10,31.10,31.10,000,30.743837
2014-04-09,31.10,31.10,31.10,31.10,000,30.743837
2014-04-08,31.10,31.10,31.10,31.10,000,30.743837
2014-04-07,31.10,31.10,31.10,31.10,000,30.743837
2014-04-04,31.10,31.10,31.10,31.10,000,30.743837
2014-04-03,31.10,31.10,31.10,31.10,000,30.743837
2014-04-02,31.10,31.10,31.10,31.10,100,30.743837
2014-04-01,31.10,31.10,31.10,31.10,000,30.743837
2014-03-31,31.10,31.10,31.10,31.10,000,30.743837
2014-03-28,31.10,31.10,31.10,31.10,600,30.743837
2014-03-27,35.849998,35.849998,35.849998,35.849998,000,35.382102
2014-03-26,35.849998,35.849998,35.849998,35.849998,000,35.382102
2014-03-25,35.849998,35.849998,35.849998,35.849998,000,35.382102
2014-03-24,35.849998,35.849998,35.849998,35.849998,000,35.382102
2014-03-21,35.849998,35.849998,35.849998,35.849998,000,35.382102
2014-03-20,35.849998,35.849998,35.849998,35.849998,000,35.382102
2014-03-19,35.849998,35.849998,35.849998,35.849998,000,35.382102
2014-03-18,35.849998,35.849998,35.849998,35.849998,000,35.382102
2014-03-17,35.849998,35.849998,35.849998,35.849998,500,35.382102
2014-03-14,39.00,39.00,39.00,39.00,000,38.490991
2014-03-13,39.00,39.00,39.00,39.00,000,38.490991
2014-03-12,39.00,39.00,39.00,39.00,000,38.490991
2014-03-11,39.00,39.00,39.00,39.00,000,38.490991
2014-03-10,38.25,39.00,38.25,39.00,200,38.490991
2014-03-07,39.00,39.00,39.00,39.00,000,38.490991
2014-03-06,40.25,40.25,39.00,39.00,200,38.490991
2014-03-05,48.00,48.00,45.50,45.50,200,44.906156
2014-03-04,47.00,49.00,47.00,49.00,1400,48.360476
2014-03-03,47.00,47.00,47.00,47.00,100,46.386579
2014-02-28,47.68,47.68,47.68,47.68,000,47.057704
2014-02-27,47.400002,47.779999,47.400002,47.68,1100,47.057704
2014-02-26,47.110001,47.700001,46.610001,47.650002,900,46.970854
2014-02-25,48.34,48.34,48.34,48.34,000,47.651018
2014-02-24,48.34,48.34,48.34,48.34,100,47.651018
2014-02-21,46.610001,47.360001,46.32,47.360001,300,46.684986
2014-02-20,42.240002,46.990002,41.91,46.990002,5100,46.320261
2014-02-19,43.91,43.91,42.779999,42.860001,2500,42.249124
2014-02-18,43.950001,43.950001,43.950001,43.950001,000,43.323588
2014-02-14,43.950001,43.950001,43.950001,43.950001,000,43.323588
2014-02-13,42.27,43.950001,42.27,43.950001,600,43.323588
2014-02-12,42.849998,42.849998,42.849998,42.849998,100,42.239264
2014-02-11,41.02,42.09,41.00,42.09,1000,41.490098
2014-02-10,41.290001,41.290001,41.290001,41.290001,000,40.701501
2014-02-07,41.290001,41.290001,41.290001,41.290001,100,40.701501
2014-02-06,39.740002,39.740002,39.740002,39.740002,000,39.173594
2014-02-05,40.259998,40.259998,39.740002,39.740002,400,39.173594
2014-02-04,40.41,40.41,40.41,40.41,000,39.834043
2014-02-03,43.950001,43.950001,39.860001,40.41,2900,39.834043
2014-01-31,42.970001,42.970001,42.919998,42.919998,600,42.308266
2014-01-30,44.919998,44.919998,44.919998,44.919998,000,44.279761
2014-01-29,46.25,46.25,44.919998,44.919998,400,44.222589
2014-01-28,45.740002,45.740002,45.50,45.50,300,44.793586
2014-01-27,43.84,46.080002,43.84,46.080002,400,45.364583
2014-01-24,45.349998,46.200001,45.349998,46.049999,1600,45.335046
2014-01-23,52.139999,52.139999,52.139999,52.139999,000,51.330496
2014-01-22,51.459999,52.139999,51.459999,52.139999,700,51.330496
2014-01-21,51.32,51.32,50.450001,50.540001,300,49.755338
2014-01-17,51.150002,51.700001,49.98,49.98,900,49.204031
2014-01-16,50.59,50.59,50.59,50.59,100,49.804561
2014-01-15,50.09,50.650002,50.09,50.650002,400,49.863631
2014-01-14,49.09,50.759998,48.59,50.610001,500,49.824251
2014-01-13,50.599998,50.599998,48.34,48.34,600,47.589494
2014-01-10,51.66,51.66,51.66,51.66,000,50.857948
2014-01-09,51.66,51.66,51.66,51.66,000,50.857948
2014-01-08,50.57,51.66,50.57,51.66,300,50.857948
2014-01-07,51.009998,51.630001,51.009998,51.259998,500,50.464157
2014-01-06,49.939999,50.139999,49.919998,50.119999,1000,49.341857
2014-01-03,52.50,52.50,52.400002,52.400002,200,51.586461
2014-01-02,53.799999,53.799999,51.59,52.09,900,51.281273
2013-12-31,52.459999,53.599998,51.77,53.549999,1700,52.718604
2013-12-30,52.490002,52.549999,52.490002,52.549999,300,51.73413
2013-12-27,51.720001,52.689999,51.41,52.669998,2400,51.795167
2013-12-26,51.790001,52.150002,51.189999,51.799999,800,50.939618
2013-12-24,51.700001,52.209999,51.560001,51.950001,1600,51.087128
2013-12-23,46.200001,46.200001,46.200001,46.200001,000,45.432634
2013-12-20,46.200001,46.200001,46.200001,46.200001,000,45.432634
2013-12-19,46.200001,46.200001,46.200001,46.200001,000,45.432634
2013-12-18,46.200001,46.200001,46.200001,46.200001,000,45.432634
2013-12-17,46.200001,46.200001,46.200001,46.200001,000,45.432634
2013-12-16,46.560001,46.560001,45.130001,46.200001,1200,45.432634
2013-12-13,48.810001,48.810001,48.810001,48.810001,000,47.999283
2013-12-12,48.810001,48.810001,48.810001,48.810001,000,47.999283
2013-12-11,48.810001,48.810001,48.810001,48.810001,000,47.999283
2013-12-10,48.810001,48.810001,48.810001,48.810001,000,47.999283
2013-12-09,48.150002,48.860001,47.32,48.810001,1400,47.999283
2013-12-06,48.18,48.529999,47.830002,48.080002,500,47.281409
2013-12-05,48.139999,48.139999,48.139999,48.139999,100,47.34041
2013-12-04,51.27,51.27,51.27,51.27,000,50.418423
2013-12-03,51.27,51.27,51.27,51.27,000,50.418423
2013-12-02,51.27,51.27,51.27,51.27,100,50.418423
2013-11-29,51.099998,51.700001,50.150002,50.150002,800,49.317027
2013-11-27,50.220001,50.23,50.220001,50.23,200,49.395696
2013-11-26,48.360001,50.119999,48.07,50.119999,2700,49.230484
2013-11-25,48.740002,48.740002,48.740002,48.740002,700,47.874979
2013-11-22,46.830002,46.830002,46.830002,46.830002,900,45.998877
2013-11-21,47.57,48.139999,47.16,47.59,4300,46.745387
2013-11-20,47.279999,48.25,46.080002,47.630001,1600,46.784678
2013-11-19,46.720001,46.720001,46.720001,46.720001,100,45.890829
2013-11-18,44.27,44.27,44.27,44.27,000,43.48431
2013-11-15,44.27,44.27,44.27,44.27,000,43.48431
2013-11-14,44.27,44.27,44.27,44.27,000,43.48431
2013-11-13,44.27,44.27,44.27,44.27,100,43.48431
2013-11-12,43.639999,43.639999,43.139999,43.139999,2400,42.374364
2013-11-11,41.540001,41.540001,41.540001,41.540001,000,40.802761
2013-11-08,41.540001,41.540001,41.540001,41.540001,000,40.802761
2013-11-07,41.52,41.540001,41.52,41.540001,1800,40.802761
2013-11-06,44.439999,45.439999,44.439999,45.09,700,44.289756
2013-11-05,44.459999,44.459999,42.599998,44.279999,1100,43.494131
2013-11-04,43.48,43.48,43.48,43.48,000,42.70833
2013-11-01,43.560001,43.939999,43.02,43.48,1400,42.70833
2013-10-31,44.119999,44.119999,44.119999,44.119999,500,43.33697
2013-10-30,45.59,45.59,45.59,45.59,000,44.780882
2013-10-29,45.59,45.59,45.59,45.59,000,44.723913
2013-10-28,44.970001,46.09,44.970001,45.59,700,44.723913
2013-10-25,45.599998,45.599998,43.830002,44.029999,900,43.193547
2013-10-24,45.419998,45.419998,45.419998,45.419998,000,44.55714
2013-10-23,44.029999,45.419998,43.73,45.419998,1500,44.55714
2013-10-22,44.740002,45.279999,43.650002,44.650002,4600,43.801772
2013-10-21,43.32,43.470001,42.07,42.240002,1200,41.437555
2013-10-18,42.23,42.23,41.66,42.150002,500,41.349265
2013-10-17,41.689999,41.689999,41.689999,41.689999,1500,40.898001
2013-10-16,41.200001,41.200001,41.200001,41.200001,000,40.417312
2013-10-15,41.560001,41.849998,41.200001,41.200001,1900,40.417312
2013-10-14,40.02,40.939999,40.02,40.709999,500,39.936619
2013-10-11,39.41,39.41,39.41,39.41,000,38.661316
2013-10-10,39.41,39.41,39.41,39.41,000,38.661316
2013-10-09,39.41,39.41,39.41,39.41,000,38.661316
2013-10-08,40.41,40.41,39.41,39.41,200,38.661316
2013-10-07,41.07,41.07,39.889999,39.889999,400,39.132197
2013-10-04,40.369999,42.16,40.369999,42.060001,300,41.260974
2013-10-03,41.779999,41.779999,41.779999,41.779999,100,40.986291
2013-10-02,42.639999,42.639999,42.389999,42.470001,500,41.663185
2013-10-01,42.25,43.389999,42.25,43.369999,600,42.546086
2013-09-30,42.599998,42.599998,42.599998,42.599998,000,41.790713
2013-09-27,41.889999,42.599998,41.889999,42.599998,1000,41.790713
2013-09-26,40.970001,41.200001,40.75,41.119999,600,40.281931
2013-09-25,40.849998,40.849998,40.849998,40.849998,500,40.017433
2013-09-24,39.400002,39.400002,39.400002,39.400002,700,38.596989
2013-09-23,36.349998,36.349998,36.349998,36.349998,000,35.609148
2013-09-20,36.349998,36.349998,36.349998,36.349998,300,35.609148
2013-09-19,36.43,36.91,36.189999,36.189999,1100,35.452409
2013-09-18,35.619999,36.48,35.619999,35.73,900,35.001785
2013-09-17,35.73,35.98,35.630001,35.98,700,35.24669
2013-09-16,36.540001,37.009998,36.299999,36.32,1200,35.579761
2013-09-13,35.709999,37.09,35.57,37.09,400,36.334068
2013-09-12,35.529999,35.529999,35.529999,35.529999,000,34.805861
2013-09-11,35.529999,35.529999,35.529999,35.529999,100,34.805861
2013-09-10,35.529999,35.529999,34.25,34.400002,300,33.698894
2013-09-09,35.220001,35.220001,35.220001,35.220001,100,34.502181
2013-09-06,35.16,35.169998,34.709999,35.169998,500,34.453197
2013-09-05,35.049999,35.049999,34.77,34.77,400,34.061352
2013-09-04,35.919998,36.09,35.290001,35.360001,500,34.639327
2013-09-03,35.720001,35.889999,35.470001,35.889999,300,35.158524
2013-08-30,31.85,34.610001,31.85,34.610001,1800,33.904613
2013-08-29,31.75,31.75,31.75,31.75,000,31.102902
2013-08-28,31.75,31.75,31.75,31.75,000,31.046083
2013-08-27,31.75,31.75,31.75,31.75,000,31.046083
2013-08-26,31.75,31.75,31.75,31.75,000,31.046083
2013-08-23,31.790001,31.790001,31.75,31.75,200,31.046083
2013-08-22,32.34,32.34,32.34,32.34,000,31.623003
2013-08-21,32.34,32.34,32.34,32.34,800,31.623003
2013-08-20,35.049999,35.049999,35.049999,35.049999,000,34.27292
2013-08-19,35.049999,35.049999,35.049999,35.049999,000,34.27292
2013-08-16,35.049999,35.049999,35.049999,35.049999,000,34.27292
2013-08-15,35.049999,35.049999,35.049999,35.049999,000,34.27292
2013-08-14,35.049999,35.049999,35.049999,35.049999,000,34.27292
2013-08-13,35.049999,35.049999,35.049999,35.049999,000,34.27292
2013-08-12,35.049999,35.049999,35.049999,35.049999,200,34.27292
2013-08-09,34.09,34.09,34.09,34.09,000,33.334204
2013-08-08,34.09,34.09,34.09,34.09,000,33.334204
2013-08-07,34.09,34.09,34.09,34.09,000,33.334204
2013-08-06,33.619999,34.09,33.369999,34.09,300,33.334204
2013-08-05,35.07,35.07,34.77,34.799999,300,34.028462
2013-08-02,35.32,35.32,35.209999,35.209999,500,34.429372
2013-08-01,36.27,36.27,36.27,36.27,000,35.465873
2013-07-31,36.27,36.27,36.27,36.27,000,35.465873
2013-07-30,35.970001,36.27,35.970001,36.27,2300,35.465873
2013-07-29,36.389999,36.389999,36.389999,36.389999,000,35.526498
2013-07-26,36.389999,36.389999,36.389999,36.389999,000,35.526498
2013-07-25,36.389999,36.389999,36.389999,36.389999,000,35.526498
2013-07-24,36.389999,36.389999,36.389999,36.389999,000,35.526498
2013-07-23,36.009998,36.389999,36.009998,36.389999,300,35.526498
2013-07-22,34.380001,34.380001,34.380001,34.380001,000,33.564195
2013-07-19,34.380001,34.380001,34.380001,34.380001,000,33.564195
2013-07-18,34.380001,34.380001,34.380001,34.380001,100,33.564195
2013-07-17,32.68,32.68,32.68,32.68,000,31.904534
2013-07-16,32.68,32.68,32.580002,32.68,300,31.904534
2013-07-15,32.400002,32.400002,32.400002,32.400002,100,31.631179
2013-07-12,30.950001,30.950001,30.950001,30.950001,000,30.215586
2013-07-11,30.950001,30.950001,30.950001,30.950001,000,30.215586
2013-07-10,30.950001,30.950001,30.950001,30.950001,100,30.215586
2013-07-09,30.610001,31.48,30.610001,31.34,800,30.596331
2013-07-08,30.08,30.75,30.08,30.75,400,30.020331
2013-07-05,30.23,30.23,30.23,30.23,100,29.512669
2013-07-03,30.530001,30.530001,29.799999,29.799999,4400,29.092872
2013-07-02,30.98,31.00,30.98,31.00,1300,30.264398
2013-07-01,31.129999,31.129999,30.58,30.58,300,29.854364
2013-06-28,30.93,30.93,30.93,30.93,100,30.19606
2013-06-27,30.620001,30.90,30.620001,30.90,200,30.166771
2013-06-26,29.59,29.969999,29.59,29.969999,200,29.202215
2013-06-25,29.16,29.459999,29.059999,29.360001,400,28.607843
2013-06-24,31.65,31.65,28.690001,29.43,1200,28.67605
2013-06-21,31.700001,31.700001,31.700001,31.700001,100,30.887896
2013-06-20,34.349998,34.349998,34.349998,34.349998,000,33.470005
2013-06-19,34.349998,34.349998,34.349998,34.349998,000,33.470005
2013-06-18,34.349998,34.349998,34.349998,34.349998,000,33.470005
2013-06-17,34.349998,34.349998,34.349998,34.349998,000,33.470005
2013-06-14,34.610001,34.610001,34.349998,34.349998,1000,33.470005
2013-06-13,33.220001,33.220001,32.919998,32.919998,400,32.076639
2013-06-12,33.419998,33.419998,33.419998,33.419998,100,32.56383
2013-06-11,34.369999,34.549999,34.369999,34.549999,1100,33.664882
2013-06-10,34.060001,35.040001,34.060001,34.740002,2400,33.850017
2013-06-07,32.689999,34.48,32.689999,33.82,1800,32.953584
2013-06-06,31.049999,32.48,31.049999,32.48,400,31.647913
2013-06-05,31.969999,31.969999,31.00,31.040001,13000,30.244805
2013-06-04,34.73,34.73,31.879999,32.150002,1700,31.326369
2013-06-03,34.849998,34.849998,34.849998,34.849998,000,33.957196
2013-05-31,34.849998,34.849998,34.849998,34.849998,100,33.957196
2013-05-30,34.98,35.459999,34.98,35.02,400,34.122843
2013-05-29,34.110001,34.110001,34.110001,34.110001,000,33.179641
2013-05-28,33.900002,34.490002,33.849998,34.110001,2900,33.179641
2013-05-24,34.50,34.50,34.50,34.50,000,33.559003
2013-05-23,34.50,34.50,34.50,34.50,000,33.559003
2013-05-22,34.50,34.50,34.50,34.50,000,33.559003
2013-05-21,34.50,34.50,34.50,34.50,000,33.559003
2013-05-20,34.50,34.50,34.50,34.50,000,33.559003
2013-05-17,34.419998,34.50,34.419998,34.50,1700,33.559003
2013-05-16,33.07,33.799999,33.07,33.799999,300,32.878095
2013-05-15,32.849998,32.849998,32.849998,32.849998,000,31.954006
2013-05-14,32.849998,32.849998,32.849998,32.849998,000,31.954006
2013-05-13,32.849998,32.849998,32.849998,32.849998,000,31.954006
2013-05-10,32.849998,32.849998,32.849998,32.849998,100,31.954006
2013-05-09,32.970001,32.970001,32.970001,32.970001,300,32.070736
2013-05-08,33.360001,34.25,33.360001,34.25,700,33.315822
2013-05-07,31.48,32.709999,31.26,32.709999,5300,31.817825
2013-05-06,31.10,31.40,31.10,31.40,500,30.543556
2013-05-03,31.030001,32.110001,31.030001,31.90,1900,31.029919
2013-05-02,26.889999,27.00,26.889999,27.00,500,26.263568
2013-05-01,26.00,26.00,26.00,26.00,000,25.290843
2013-04-30,26.00,26.00,26.00,26.00,000,25.290843
2013-04-29,26.00,26.00,26.00,26.00,1600,25.290843
2013-04-26,27.120001,27.120001,27.120001,27.120001,000,26.323877
2013-04-25,27.120001,27.120001,27.120001,27.120001,000,26.323877
2013-04-24,27.120001,27.120001,27.120001,27.120001,000,26.323877
2013-04-23,27.120001,27.120001,27.120001,27.120001,000,26.323877
2013-04-22,27.120001,27.120001,27.120001,27.120001,000,26.323877
2013-04-19,27.120001,27.120001,27.120001,27.120001,000,26.323877
2013-04-18,27.120001,27.120001,27.120001,27.120001,000,26.323877
2013-04-17,27.120001,27.120001,27.120001,27.120001,000,26.323877
2013-04-16,27.120001,27.120001,27.120001,27.120001,000,26.323877
2013-04-15,27.120001,27.120001,27.120001,27.120001,000,26.323877
2013-04-12,27.120001,27.120001,27.120001,27.120001,000,26.323877
2013-04-11,27.120001,27.120001,27.120001,27.120001,000,26.323877
2013-04-10,27.74,27.74,27.120001,27.120001,2500,26.323877
2013-04-09,26.860001,27.08,26.860001,27.08,200,26.285051
2013-04-08,26.17,26.280001,26.139999,26.280001,800,25.508536
2013-04-05,25.77,25.77,25.77,25.77,000,25.013507
2013-04-04,25.77,25.77,25.77,25.77,500,25.013507
2013-04-03,27.799999,27.799999,26.00,26.00,2600,25.236755
2013-04-02,27.32,27.32,27.32,27.32,000,26.518005
2013-04-01,27.32,27.32,27.32,27.32,000,26.518005
2013-03-28,27.32,27.32,27.32,27.32,300,26.518005
2013-03-27,25.09,25.09,25.08,25.08,1200,24.343762
2013-03-26,25.92,25.92,25.27,25.27,1400,24.471887
2013-03-25,23.940001,23.940001,23.940001,23.940001,000,23.183893
2013-03-22,23.940001,23.940001,23.940001,23.940001,000,23.183893
2013-03-21,23.940001,23.940001,23.940001,23.940001,100,23.183893
2013-03-20,24.370001,24.51,24.370001,24.51,300,23.73589
2013-03-19,24.440001,24.450001,24.120001,24.120001,300,23.358209
2013-03-18,24.57,24.57,24.57,24.57,000,23.793995
2013-03-15,24.57,24.57,24.57,24.57,000,23.793995
2013-03-14,24.57,24.57,24.57,24.57,000,23.793995
2013-03-13,25.209999,25.209999,24.57,24.57,1000,23.793995
2013-03-12,25.34,25.34,25.07,25.07,300,24.278203
2013-03-11,25.780001,25.780001,25.780001,25.780001,000,24.96578
2013-03-08,25.799999,25.799999,25.780001,25.780001,400,24.96578
2013-03-07,24.27,24.27,24.27,24.27,000,23.503471
2013-03-06,23.10,24.83,23.10,24.27,6400,23.503471
2013-03-05,21.18,21.18,21.18,21.18,000,20.511063
2013-03-04,21.18,21.18,21.18,21.18,000,20.511063
2013-03-01,21.18,21.18,21.18,21.18,000,20.511063
2013-02-28,21.18,21.18,21.18,21.18,000,20.511063
2013-02-27,21.18,21.18,21.18,21.18,000,20.511063
2013-02-26,21.18,21.18,21.18,21.18,000,20.454895
2013-02-25,21.18,21.18,21.18,21.18,000,20.454895
2013-02-22,21.18,21.18,21.18,21.18,000,20.454895
2013-02-21,21.18,21.18,21.18,21.18,000,20.454895
2013-02-20,21.17,21.18,21.059999,21.18,2100,20.454895
2013-02-19,22.719999,22.719999,22.719999,22.719999,000,21.942172
2013-02-15,22.719999,22.719999,22.719999,22.719999,000,21.942172
2013-02-14,22.719999,22.719999,22.719999,22.719999,200,21.942172
2013-02-13,22.719999,22.719999,22.719999,22.719999,000,21.942172
2013-02-12,22.719999,22.719999,22.719999,22.719999,000,21.942172
2013-02-11,22.719999,22.719999,22.719999,22.719999,000,21.942172
2013-02-08,22.719999,22.719999,22.719999,22.719999,000,21.942172
2013-02-07,22.719999,22.719999,22.719999,22.719999,000,21.942172
2013-02-06,22.719999,22.719999,22.719999,22.719999,000,21.942172
2013-02-05,22.719999,22.719999,22.719999,22.719999,000,21.942172
2013-02-04,22.719999,22.719999,22.719999,22.719999,000,21.942172
2013-02-01,22.719999,22.73,22.719999,22.719999,1500,21.942172
2013-01-31,21.940001,22.190001,21.610001,22.190001,2800,21.430318
2013-01-30,23.799999,23.799999,23.799999,23.799999,000,22.985198
2013-01-29,23.799999,23.799999,23.799999,23.799999,100,22.929183
2013-01-28,23.969999,23.969999,23.969999,23.969999,000,23.092963
2013-01-25,23.969999,23.969999,23.969999,23.969999,200,23.092963
2013-01-24,24.00,24.00,24.00,24.00,000,23.121866
2013-01-23,24.00,24.00,24.00,24.00,400,23.121866
2013-01-22,23.43,23.43,23.43,23.43,000,22.572722
2013-01-18,23.389999,23.43,23.389999,23.43,300,22.572722
2013-01-17,23.08,23.389999,23.08,23.389999,400,22.534185
2013-01-16,23.41,23.41,23.41,23.41,000,22.553454
2013-01-15,23.41,23.41,23.41,23.41,600,22.553454
2013-01-14,21.75,22.50,21.620001,22.50,1400,21.67675
2013-01-11,22.299999,22.299999,22.299999,22.299999,000,21.484067
2013-01-10,22.299999,22.299999,22.299999,22.299999,000,21.484067
2013-01-09,22.299999,22.299999,22.299999,22.299999,000,21.484067
2013-01-08,22.299999,22.299999,22.299999,22.299999,000,21.484067
2013-01-07,22.299999,22.299999,22.299999,22.299999,000,21.484067
2013-01-04,22.299999,22.299999,22.299999,22.299999,000,21.484067
2013-01-03,19.00,22.50,19.00,22.299999,1600,21.484067
2013-01-02,21.940001,22.809999,21.25,22.24,1800,21.426262
2012-12-31,20.10,20.389999,20.09,20.389999,400,19.643952
2012-12-28,20.620001,20.620001,20.50,20.50,500,19.749927
2012-12-27,22.25,22.25,22.25,22.25,000,21.38002
2012-12-26,22.25,22.25,22.25,22.25,000,21.38002
2012-12-24,22.25,22.25,22.25,22.25,000,21.38002
2012-12-21,22.25,22.25,22.25,22.25,000,21.38002
2012-12-20,22.25,22.25,22.25,22.25,000,21.38002
2012-12-19,22.25,22.25,22.25,22.25,000,21.38002
2012-12-18,22.24,22.35,22.24,22.25,1200,21.38002
2012-12-17,22.200001,22.879999,21.75,22.02,7600,21.159013
2012-12-14,20.27,20.27,20.27,20.27,000,19.477439
2012-12-13,20.27,20.27,20.27,20.27,000,19.477439
2012-12-12,20.27,20.27,20.27,20.27,000,19.477439
2012-12-11,19.549999,20.27,19.549999,20.27,500,19.477439
2012-12-10,19.309999,19.309999,18.889999,19.10,6600,18.353186
2012-12-07,19.24,19.24,19.24,19.24,000,18.487711
2012-12-06,19.24,19.24,19.24,19.24,400,18.487711
2012-12-05,20.190001,20.190001,20.190001,20.190001,000,19.400567
2012-12-04,20.190001,20.190001,20.190001,20.190001,000,19.400567
2012-12-03,20.799999,20.799999,19.719999,20.190001,1200,19.400567
2012-11-30,21.10,21.10,21.10,21.10,000,20.274986
2012-11-29,21.10,21.10,21.10,21.10,3000,20.274986
2012-11-28,20.629999,20.629999,20.629999,20.629999,3000,19.767629
2012-11-27,20.389999,20.389999,20.389999,20.389999,1000,19.537662
2012-11-26,19.98,19.98,19.98,19.98,000,19.144801
2012-11-23,19.98,19.98,19.98,19.98,000,19.144801
2012-11-21,19.98,19.98,19.98,19.98,000,19.144801
2012-11-20,19.98,19.98,19.98,19.98,000,19.144801
2012-11-19,19.98,19.98,19.98,19.98,000,19.144801
2012-11-16,19.98,19.98,19.98,19.98,000,19.144801
2012-11-15,19.60,19.98,19.60,19.98,4500,19.144801
2012-11-14,19.41,19.530001,19.35,19.530001,3200,18.713612
2012-11-13,20.950001,20.950001,20.549999,20.549999,3300,19.690973
2012-11-12,20.969999,20.969999,20.950001,20.950001,1200,20.074254
2012-11-09,21.32,21.32,21.32,21.32,000,20.428786
2012-11-08,21.00,21.32,21.00,21.32,600,20.428786
2012-11-07,20.73,20.73,20.73,20.73,100,19.863449
2012-11-06,20.91,20.91,20.91,20.91,000,20.035925
2012-11-05,20.530001,20.91,20.530001,20.91,2500,20.035925
2012-11-02,21.620001,21.620001,20.83,21.33,2800,20.438369
2012-11-01,22.59,22.59,21.700001,21.75,4800,20.840812
2012-10-31,22.00,22.00,22.00,22.00,100,21.080361
2012-10-26,22.50,22.50,22.450001,22.450001,400,21.455975
2012-10-25,23.60,24.280001,20.059999,23.059999,1700,22.038965
2012-10-24,23.049999,23.049999,23.049999,23.049999,100,22.029407
2012-10-23,22.77,23.09,22.49,23.09,2100,22.067637
2012-10-22,23.75,23.75,23.75,23.75,300,22.698414
2012-10-19,23.860001,32.709999,23.860001,24.15,1600,23.080703
2012-10-18,23.41,23.700001,23.25,23.700001,1100,22.650628
2012-10-17,23.950001,24.200001,23.950001,24.00,3200,22.937345
2012-10-16,23.75,23.75,23.75,23.75,100,22.698414
2012-10-15,24.01,24.01,24.01,24.01,000,22.946902
2012-10-12,24.01,24.01,24.01,24.01,100,22.946902
2012-10-11,24.049999,24.049999,24.049999,24.049999,000,22.98513
2012-10-10,24.049999,24.049999,24.049999,24.049999,1000,22.98513
2012-10-09,25.040001,25.059999,25.00,25.00,2100,23.893067
2012-10-08,25.889999,25.889999,25.889999,25.889999,000,24.74366
2012-10-05,25.889999,25.92,25.889999,25.889999,1100,24.74366
2012-10-04,24.950001,25.35,24.950001,25.35,1500,24.227571
2012-10-03,26.00,26.00,24.440001,24.440001,300,23.357863
2012-10-02,24.00,24.299999,24.00,24.200001,7500,23.12849
2012-10-01,23.00,23.50,23.00,23.50,300,22.459483
2012-09-28,21.90,22.60,21.059999,22.60,5800,21.599333
2012-09-27,20.02,22.25,20.02,21.709999,7400,20.748739
2012-09-26,22.27,22.40,22.00,22.35,2300,21.304971
2012-09-25,23.290001,23.290001,23.25,23.25,500,22.162889
2012-09-24,23.02,23.030001,22.92,23.030001,1000,21.953176
2012-09-21,23.00,23.00,23.00,23.00,000,21.924578
2012-09-20,22.00,23.00,21.950001,23.00,1900,21.924578
2012-09-19,21.91,22.690001,21.799999,22.23,9300,21.190581
2012-09-18,22.719999,22.719999,22.719999,22.719999,000,21.65767
2012-09-17,22.50,22.719999,18.940001,22.719999,15800,21.65767
2012-09-14,22.299999,22.299999,22.299999,22.299999,700,21.257308
2012-09-13,24.00,24.00,24.00,24.00,000,22.877821
2012-09-12,24.00,24.00,24.00,24.00,100,22.877821
2012-09-11,22.50,22.50,22.50,22.50,400,21.447957
2012-09-10,22.98,24.99,22.98,24.02,4100,22.896886
2012-09-07,21.190001,21.74,20.559999,21.74,1600,20.723493
2012-09-06,20.389999,20.74,20.030001,20.299999,3200,19.350823
2012-09-05,20.40,20.40,20.40,20.40,000,19.446147
2012-09-04,20.40,20.40,20.40,20.40,200,19.446147
2012-08-31,20.450001,20.49,19.90,20.00,5400,19.064851
2012-08-30,19.00,19.85,19.00,19.85,4000,18.921865
2012-08-29,19.60,19.60,19.60,19.60,100,18.628266
2012-08-28,19.00,20.10,19.00,20.00,8000,19.008434
2012-08-27,20.50,20.50,19.50,19.75,2300,18.770828
2012-08-24,18.879999,19.40,17.450001,19.40,8000,18.43818
2012-08-23,19.110001,19.110001,19.110001,19.110001,500,18.162559
2012-08-22,19.379999,20.50,19.379999,20.50,11900,19.483645
2012-08-21,21.219999,21.219999,21.219999,21.219999,100,20.167948
2012-08-20,20.219999,20.950001,20.219999,20.950001,4000,19.911335
2012-08-17,19.41,20.00,19.16,19.90,4300,18.913391
2012-08-16,20.15,20.18,20.15,20.16,2000,19.160501
2012-08-15,20.02,21.049999,19.709999,20.440001,2300,19.42662
2012-08-14,23.10,23.10,23.10,23.10,1000,21.954741
2012-08-13,21.25,21.25,21.25,21.25,000,20.196461
2012-08-10,21.25,21.25,21.25,21.25,100,20.196461
2012-08-09,19.01,21.00,19.01,21.00,6600,19.958856
2012-08-08,21.00,21.00,21.00,21.00,1000,19.958856
2012-08-07,19.530001,21.00,19.35,21.00,1700,19.958856
2012-08-06,18.879999,20.00,18.879999,20.00,2500,19.008434
2012-08-03,19.790001,19.790001,17.969999,18.040001,1500,17.145608
2012-08-02,19.10,19.299999,18.049999,19.10,3800,18.153055
2012-08-01,17.940001,18.01,17.940001,18.01,700,17.117095
2012-07-31,17.549999,18.75,17.549999,17.950001,1700,17.06007
2012-07-30,17.66,17.799999,17.66,17.799999,200,16.917505
2012-07-27,17.01,17.85,16.98,17.75,1800,16.814861
2012-07-26,17.15,17.15,17.15,17.15,000,16.246471
2012-07-25,17.00,17.219999,16.969999,17.15,2400,16.246471
2012-07-24,18.27,18.27,17.790001,17.790001,4500,16.852754
2012-07-23,18.290001,18.290001,17.65,18.280001,1500,17.316939
2012-07-20,16.50,18.50,16.50,18.50,7300,17.525348
2012-07-19,18.129999,18.50,17.280001,17.299999,18800,16.388568
2012-07-18,17.48,18.41,17.370001,18.34,12200,17.373778
2012-07-17,17.60,17.60,17.60,17.60,000,16.672764
2012-07-16,17.60,17.60,17.60,17.60,100,16.672764
2012-07-13,16.799999,18.00,15.05,17.65,15300,16.720129
2012-07-12,17.450001,17.450001,16.00,17.41,10700,16.492773
2012-07-11,19.870001,19.870001,17.309999,18.049999,6500,17.099055
2012-07-10,20.83,21.24,19.50,20.17,6200,19.107366
2012-07-09,19.73,19.73,19.73,19.73,500,18.690546
2012-07-06,19.440001,19.469999,19.33,19.43,900,18.406352
2012-07-05,17.99,17.99,17.99,17.99,000,17.042217
2012-07-03,17.99,18.00,17.99,17.99,1800,17.042217
2012-07-02,17.389999,18.42,16.540001,17.99,16000,17.042217
2012-06-29,16.940001,16.940001,16.940001,16.940001,000,16.047535
2012-06-28,17.17,17.17,16.940001,16.940001,1100,16.047535
2012-06-27,17.389999,17.389999,17.389999,17.389999,500,16.418882
2012-06-26,17.389999,17.389999,17.389999,17.389999,500,16.418882
2012-06-25,15.97,17.15,15.97,17.15,1200,16.192285
2012-06-22,15.98,15.98,15.98,15.98,1200,15.087622
2012-06-21,16.00,16.00,16.00,16.00,000,15.106505
2012-06-20,16.00,16.00,16.00,16.00,1000,15.106505
2012-06-19,15.25,16.00,15.25,16.00,2400,15.106505
2012-06-18,15.44,15.44,14.95,15.05,4700,14.209557
2012-06-15,15.01,15.10,15.01,15.01,3700,14.171791
2012-06-14,14.48,15.49,14.48,15.10,12400,14.256765
2012-06-13,14.47,14.50,14.45,14.50,3700,13.690271
2012-06-12,13.74,14.00,13.74,14.00,1200,13.218192
2012-06-11,13.51,13.67,13.51,13.66,1000,12.897179
2012-06-08,13.75,13.75,13.75,13.75,000,12.982153
2012-06-07,13.50,13.90,13.50,13.75,4800,12.982153
2012-06-06,13.53,13.80,12.53,12.59,3700,11.886932
2012-06-05,14.25,14.25,14.25,14.25,000,13.454231
2012-06-04,14.25,14.25,14.25,14.25,500,13.454231
2012-06-01,13.75,13.75,13.75,13.75,000,12.982153
2012-05-31,13.75,13.75,13.75,13.75,000,12.982153
2012-05-30,13.75,13.75,13.75,13.75,000,12.982153
2012-05-29,13.75,13.75,13.75,13.75,700,12.927392
2012-05-25,13.75,13.75,13.75,13.75,100,12.927392
2012-05-24,13.56,13.56,13.56,13.56,000,12.74876
2012-05-23,13.56,13.56,13.56,13.56,000,12.74876
2012-05-22,13.57,13.57,13.56,13.56,1500,12.74876
2012-05-21,13.55,13.55,13.55,13.55,1000,12.739358
2012-05-18,15.94,15.94,13.22,13.55,2700,12.739358
2012-05-17,13.62,13.64,13.52,13.52,3400,12.711153
2012-05-16,14.60,14.64,13.60,13.68,12000,12.86158
2012-05-15,14.45,14.68,14.45,14.65,4300,13.773549
2012-05-14,15.94,15.94,14.19,14.19,9200,13.341068
2012-05-11,15.84,15.84,15.84,15.84,200,14.892356
2012-05-10,15.78,15.85,15.78,15.85,1100,14.901758
2012-05-09,15.50,15.85,15.30,15.85,7500,14.901758
2012-05-08,15.01,15.89,15.01,15.51,12300,14.582099
2012-05-07,14.18,15.20,13.89,15.20,43300,14.290644
2012-05-04,14.55,14.57,13.77,14.45,14100,13.585514
2012-05-03,14.67,14.89,13.58,14.54,43500,13.67013
2012-05-02,14.48,14.69,14.40,14.54,13000,13.67013
2012-05-01,14.00,14.50,14.00,14.50,5400,13.632523
2012-04-30,13.64,13.80,13.60,13.80,5900,12.974401
2012-04-27,13.50,13.70,13.40,13.51,4200,12.701751
2012-04-26,13.44,13.44,13.44,13.44,000,12.581407
2012-04-25,13.12,13.44,12.90,13.44,6500,12.581407
2012-04-24,12.65,12.99,12.36,12.99,6700,12.160155
2012-04-23,11.82,12.00,11.75,12.00,2500,11.2334
2012-04-20,12.36,12.37,12.36,12.37,1100,11.579763
2012-04-19,14.46,14.46,14.20,14.20,200,13.292856
2012-04-18,12.36,12.42,12.36,12.42,500,11.626569
2012-04-17,12.61,12.61,12.61,12.61,000,11.80443
2012-04-16,12.59,12.61,12.56,12.61,4800,11.80443
2012-04-13,12.74,12.75,12.45,12.62,9000,11.813792
2012-04-12,12.69,12.74,12.41,12.41,10300,11.617207
2012-04-11,12.25,12.65,12.22,12.65,3000,11.841875
2012-04-10,12.25,12.25,12.10,12.25,1300,11.467429
2012-04-09,12.47,12.50,12.14,12.50,400,11.701458
2012-04-05,12.00,12.25,12.00,12.25,3300,11.467429
2012-04-04,12.25,12.25,12.02,12.05,2000,11.280206
2012-04-03,12.16,12.30,12.01,12.12,7200,11.345734
2012-04-02,12.34,12.50,12.30,12.50,6700,11.701458
2012-03-30,12.02,12.50,12.02,12.50,5000,11.701458
2012-03-29,12.00,12.50,12.00,12.21,24800,11.429984
2012-03-28,12.00,12.12,11.69,11.93,10800,11.113577
2012-03-27,12.06,12.15,12.00,12.00,10400,11.178786
2012-03-26,12.32,12.39,12.01,12.14,22000,11.309206
2012-03-23,12.49,12.49,12.12,12.28,15000,11.439624
2012-03-22,12.45,12.49,11.87,12.25,10300,11.411678
2012-03-21,11.80,12.50,11.60,12.16,16200,11.327837
2012-03-20,11.92,12.27,11.22,11.87,13300,11.057683
2012-03-19,11.90,12.50,11.36,11.50,13800,10.713004
2012-03-16,11.50,11.80,11.50,11.52,5000,10.731635
2012-03-15,11.57,11.61,11.50,11.50,4500,10.713004
2012-03-14,11.50,11.77,11.45,11.57,10200,10.778213
2012-03-13,12.10,12.10,11.00,11.50,25300,10.713004
2012-03-12,11.85,12.50,11.85,12.20,49800,11.365099
2012-03-09,11.09,12.45,11.09,12.10,103600,11.271943
2012-03-08,11.05,11.10,11.00,11.00,2700,10.247221
2012-03-07,11.01,11.09,11.01,11.09,1200,10.331062
2012-03-06,11.01,11.23,11.01,11.23,300,10.46148
2012-03-05,10.90,11.01,10.90,11.00,6000,10.247221
2012-03-02,10.90,10.90,10.90,10.90,2200,10.154064
2012-03-01,10.73,10.90,10.73,10.90,6100,10.154064
2012-02-29,10.42,10.75,10.42,10.75,1300,10.014329
2012-02-28,10.35,10.60,10.35,10.40,2200,9.688281
2012-02-27,10.42,10.50,10.39,10.41,2700,9.643566
2012-02-24,10.82,10.82,10.40,10.80,9100,10.004853
2012-02-23,10.25,10.85,10.25,10.82,8300,10.02338
2012-02-22,10.26,10.60,10.26,10.50,7400,9.72694
2012-02-21,10.75,10.75,10.75,10.75,1000,9.958534
2012-02-17,10.26,10.76,10.26,10.76,4700,9.967798
2012-02-16,10.39,10.69,10.03,10.03,800,9.291544
2012-02-15,10.76,10.90,10.51,10.52,14000,9.745468
2012-02-14,10.35,10.50,10.35,10.50,2000,9.72694
2012-02-13,10.56,10.69,10.20,10.48,20800,9.708412
2012-02-10,10.60,10.88,10.25,10.33,6300,9.569456
2012-02-09,10.24,10.99,10.22,10.70,7800,9.912215
2012-02-08,10.49,10.50,10.01,10.40,9500,9.634302
2012-02-07,10.08,10.60,10.08,10.49,5900,9.717676
2012-02-06,9.99,10.60,9.98,10.00,24600,9.263753
2012-02-03,10.29,10.29,9.85,9.95,23100,9.217434
2012-02-02,9.97,10.29,9.97,10.00,53100,9.263753
2012-02-01,9.98,9.99,9.98,9.99,400,9.254489
2012-01-31,10.00,10.00,9.70,9.90,2000,9.171115
2012-01-30,10.00,10.00,10.00,10.00,1800,9.210023
2012-01-27,9.88,9.90,9.88,9.90,600,9.117922
2012-01-26,9.75,10.05,9.65,9.70,13400,8.933722
2012-01-25,9.60,9.75,9.55,9.55,2100,8.795572
2012-01-24,9.56,9.70,9.51,9.60,16100,8.841622
2012-01-23,9.75,9.75,9.55,9.55,3000,8.795572
2012-01-20,9.55,9.58,9.55,9.58,200,8.823202
2012-01-19,9.80,9.90,9.56,9.56,3400,8.804782
2012-01-18,9.80,9.95,9.80,9.90,25300,9.117922
2012-01-17,9.70,9.75,9.68,9.75,2900,8.979772
2012-01-13,9.52,9.56,9.50,9.56,2800,8.804782
2012-01-12,9.50,9.65,9.50,9.65,5100,8.887672
2012-01-11,9.52,9.73,9.50,9.73,1000,8.961352
2012-01-10,9.72,9.72,9.72,9.72,300,8.952142
2012-01-09,9.75,9.75,9.75,9.75,400,8.979772
2012-01-06,9.87,9.87,9.87,9.87,800,9.090292
2012-01-05,9.75,9.75,9.75,9.75,200,8.979772
2012-01-04,9.45,9.45,9.45,9.45,000,8.703471
2012-01-03,9.45,9.45,9.45,9.45,000,8.703471
2011-12-30,9.56,9.87,9.44,9.45,15800,8.703471
2011-12-29,9.85,9.87,9.77,9.77,600,8.998193
2011-12-28,9.51,9.55,9.51,9.55,1000,8.742154
2011-12-27,9.85,9.85,9.60,9.60,9200,8.787925
2011-12-23,9.50,9.68,9.50,9.60,2500,8.787925
2011-12-22,9.75,9.75,9.75,9.75,000,8.925236
2011-12-21,9.60,9.75,9.60,9.75,2700,8.925236
2011-12-20,9.90,9.90,9.56,9.87,1000,9.035085
2011-12-19,9.55,9.55,9.54,9.54,5800,8.733
2011-12-16,9.57,9.57,9.57,9.57,000,8.760462
2011-12-15,9.50,9.59,9.50,9.57,8100,8.760462
2011-12-14,9.55,9.63,9.51,9.60,9800,8.787925
2011-12-13,9.60,9.90,9.60,9.85,2700,9.016777
2011-12-12,9.90,9.90,9.54,9.60,7000,8.787925
2011-12-09,9.38,9.72,9.36,9.50,8300,8.696384
2011-12-08,9.89,9.89,9.54,9.60,3900,8.787925
2011-12-07,9.94,9.95,9.63,9.63,9400,8.815387
2011-12-06,9.37,9.45,9.37,9.45,4100,8.650613
2011-12-05,9.60,9.60,9.60,9.60,100,8.787925
2011-12-02,9.95,9.95,9.60,9.60,800,8.787925
2011-12-01,9.95,9.95,9.95,9.95,000,9.108317
2011-11-30,9.53,10.03,9.53,9.95,10900,9.108317
2011-11-29,9.19,9.73,9.18,9.73,14300,8.906927
2011-11-28,9.05,10.23,9.05,10.23,1400,9.311538
2011-11-25,9.08,9.08,9.08,9.08,000,8.264786
2011-11-23,9.08,9.08,9.08,9.08,000,8.264786
2011-11-22,10.24,10.24,9.00,9.08,2300,8.264786
2011-11-21,8.93,8.93,8.93,8.93,200,8.128254
2011-11-18,9.02,9.02,9.01,9.01,500,8.201071
2011-11-17,9.20,9.20,9.20,9.20,900,8.374013
2011-11-16,8.90,8.90,8.90,8.90,200,8.100947
2011-11-15,8.77,8.77,8.77,8.77,200,7.982619
2011-11-14,9.00,9.00,9.00,9.00,5000,8.191969
2011-11-11,9.15,9.15,8.90,8.90,11800,8.100947
2011-11-10,8.91,8.91,8.91,8.91,500,8.110049
2011-11-09,9.17,9.17,9.17,9.17,400,8.346706
2011-11-08,9.21,9.22,9.21,9.22,500,8.392217
2011-11-07,8.87,9.00,8.84,8.84,15100,8.046334
2011-11-04,9.35,9.35,9.35,9.35,000,8.510546
2011-11-03,9.38,9.38,9.35,9.35,500,8.510546
2011-11-02,8.80,9.40,8.75,9.35,8500,8.510546
2011-11-01,9.13,9.13,9.13,9.13,200,8.310298
2011-10-31,9.10,9.13,9.10,9.13,800,8.310298
2011-10-28,8.83,8.98,8.81,8.82,2700,8.028129
2011-10-27,9.00,9.23,8.72,9.23,5000,8.348526
2011-10-26,9.01,9.01,8.77,8.77,1100,7.932458
2011-10-25,8.99,9.00,8.98,9.00,3400,8.140492
2011-10-24,9.00,9.00,9.00,9.00,200,8.140492
2011-10-21,9.00,9.00,8.72,8.99,3800,8.131447
2011-10-20,9.00,9.00,9.00,9.00,000,8.140492
2011-10-19,9.00,9.00,9.00,9.00,000,8.140492
2011-10-18,9.00,9.00,9.00,9.00,000,8.140492
2011-10-17,9.00,9.00,9.00,9.00,300,8.140492
2011-10-14,9.00,9.00,9.00,9.00,100,8.140492
2011-10-13,8.44,9.00,8.44,9.00,800,8.140492
2011-10-12,8.97,9.00,8.97,9.00,2000,8.140492
2011-10-11,8.90,9.19,8.90,9.01,1400,8.149537
2011-10-10,8.85,8.90,8.85,8.90,800,8.050042
2011-10-07,8.93,9.00,8.77,8.85,1900,8.004818
2011-10-06,8.46,8.50,8.26,8.39,7900,7.588748
2011-10-05,8.40,8.65,7.83,8.54,21900,7.724422
2011-10-04,8.76,8.76,8.76,8.76,100,7.923412
2011-10-03,8.76,8.76,8.76,8.76,000,7.923412
2011-09-30,8.76,8.76,8.76,8.76,000,7.923412
2011-09-29,8.78,8.78,8.76,8.76,500,7.923412
2011-09-28,8.82,8.82,8.82,8.82,000,7.977682
2011-09-27,8.82,8.82,8.82,8.82,000,7.92522
2011-09-26,8.82,8.82,8.82,8.82,000,7.92522
2011-09-23,8.87,8.87,8.82,8.82,2300,7.92522
2011-09-22,8.87,8.87,8.87,8.87,700,7.970148
2011-09-21,8.86,8.86,8.86,8.86,000,7.961162
2011-09-20,8.89,8.89,8.86,8.86,2700,7.961162
2011-09-19,9.35,9.35,9.35,9.35,000,8.401453
2011-09-16,9.32,9.35,9.32,9.35,1400,8.401453
2011-09-15,9.33,9.33,8.85,8.85,3300,7.952178
2011-09-14,8.82,8.82,8.82,8.82,000,7.92522
2011-09-13,8.82,8.82,8.82,8.82,000,7.92522
2011-09-12,8.81,8.82,8.75,8.82,1600,7.92522
2011-09-09,8.75,8.75,8.75,8.75,000,7.862322
2011-09-08,8.75,8.75,8.75,8.75,000,7.862322
2011-09-07,8.81,8.81,8.75,8.75,5900,7.862322
2011-09-06,9.35,9.35,9.35,9.35,200,8.401453
2011-09-02,9.11,9.13,9.11,9.13,600,8.203772
2011-09-01,8.70,8.70,8.70,8.70,000,7.817394
2011-08-31,8.70,8.70,8.70,8.70,000,7.817394
2011-08-30,8.70,8.70,8.70,8.70,000,7.817394
2011-08-29,8.70,8.70,8.70,8.70,000,7.765279
2011-08-26,8.50,8.88,8.47,8.70,16900,7.765279
2011-08-25,8.54,8.75,8.51,8.56,4500,7.640321
2011-08-24,8.50,8.50,8.50,8.50,000,7.586767
2011-08-23,8.50,8.50,8.50,8.50,000,7.586767
2011-08-22,8.50,8.50,8.50,8.50,000,7.586767
2011-08-19,8.50,8.50,8.50,8.50,000,7.586767
2011-08-18,8.50,8.50,8.50,8.50,000,7.586767
2011-08-17,8.50,8.50,8.50,8.50,000,7.586767
2011-08-16,8.50,8.50,8.50,8.50,000,7.586767
2011-08-15,8.50,8.50,8.50,8.50,000,7.586767
2011-08-12,8.50,8.50,8.50,8.50,000,7.586767
2011-08-11,8.50,8.50,8.50,8.50,000,7.586767
2011-08-10,8.50,8.50,8.50,8.50,1000,7.586767
2011-08-09,8.09,8.70,8.08,8.50,7400,7.586767
2011-08-08,9.00,9.31,6.60,9.29,15300,8.29189
2011-08-05,9.25,9.25,9.25,9.25,000,8.256187
2011-08-04,9.25,9.25,9.25,9.25,600,8.256187
2011-08-03,9.25,9.25,9.25,9.25,000,8.256187
2011-08-02,9.25,9.25,9.25,9.25,700,8.256187
2011-08-01,9.00,9.00,9.00,9.00,1600,8.033047
2011-07-29,9.00,9.00,9.00,9.00,000,8.033047
2011-07-28,9.00,9.00,8.97,9.00,1900,8.033047
2011-07-27,8.99,9.00,8.73,8.73,2400,7.740287
2011-07-26,8.99,8.99,8.97,8.98,400,7.961944
2011-07-25,8.81,8.81,8.81,8.81,200,7.811218
2011-07-22,9.13,9.13,9.13,9.13,1000,8.09494
2011-07-21,9.05,9.07,9.04,9.04,1000,8.015143
2011-07-20,9.10,9.10,9.10,9.10,600,8.068341
2011-07-19,9.09,9.10,9.09,9.10,1000,8.068341
2011-07-18,9.39,9.39,9.39,9.39,000,8.325464
2011-07-15,8.76,9.39,8.75,9.39,6900,8.325464
2011-07-14,9.00,9.10,9.00,9.10,800,8.068341
2011-07-13,9.39,9.41,8.75,8.80,5300,7.802352
2011-07-12,9.11,9.11,9.00,9.08,400,8.050608
2011-07-11,9.13,9.13,9.13,9.13,000,8.09494
2011-07-08,9.13,9.13,9.13,9.13,000,8.09494
2011-07-07,9.13,9.13,9.13,9.13,000,8.09494
2011-07-06,9.13,9.13,9.13,9.13,000,8.09494
2011-07-05,9.17,9.24,9.13,9.13,1100,8.09494
2011-07-01,9.01,9.30,9.01,9.30,1200,8.245667
2011-06-30,9.48,9.48,9.15,9.40,4200,8.334329
2011-06-29,10.00,10.00,10.00,10.00,000,8.866308
2011-06-28,10.40,10.40,10.00,10.00,1100,8.814884
2011-06-27,9.95,9.95,9.95,9.95,000,8.770809
2011-06-24,9.95,9.95,9.95,9.95,500,8.770809
2011-06-23,9.95,9.95,9.95,9.95,000,8.770809
2011-06-22,9.90,9.95,9.90,9.95,1500,8.770809
2011-06-21,9.89,9.89,9.89,9.89,000,8.71792
2011-06-20,9.73,10.40,9.73,9.89,3300,8.71792
2011-06-17,9.49,9.49,9.45,9.45,1700,8.330065
2011-06-16,9.60,9.60,9.35,9.35,1800,8.241917
2011-06-15,9.06,9.11,9.06,9.11,1600,8.030359
2011-06-14,9.80,9.80,9.75,9.75,900,8.594512
2011-06-13,9.75,9.75,9.75,9.75,000,8.594512
2011-06-10,9.01,9.75,9.01,9.75,2500,8.594512
2011-06-09,9.80,9.80,9.80,9.80,000,8.638586
2011-06-08,9.80,9.80,9.80,9.80,000,8.638586
2011-06-07,9.80,9.80,9.80,9.80,700,8.638586
2011-06-06,9.60,9.60,9.60,9.60,000,8.462289
2011-06-03,9.65,9.65,9.60,9.60,1600,8.462289
2011-06-02,9.50,9.50,9.45,9.45,300,8.330065
2011-06-01,10.00,10.00,10.00,10.00,000,8.814884
2011-05-31,10.00,10.00,10.00,10.00,700,8.814884
2011-05-27,9.55,9.55,9.55,9.55,000,8.418214
2011-05-26,9.55,9.55,9.55,9.55,000,8.305384
2011-05-25,9.60,9.60,9.54,9.55,1500,8.305384
2011-05-24,9.57,9.57,9.56,9.56,1000,8.314081
2011-05-23,10.15,10.15,10.15,10.15,200,8.827187
2011-05-20,9.82,9.82,9.82,9.82,1000,8.540195
2011-05-19,10.00,10.00,10.00,10.00,000,8.696737
2011-05-18,10.00,10.00,10.00,10.00,000,8.696737
2011-05-17,10.00,10.00,10.00,10.00,300,8.696737
2011-05-16,10.05,10.05,10.00,10.00,200,8.696737
2011-05-13,9.90,9.90,9.90,9.90,000,8.609769
2011-05-12,9.90,9.90,9.90,9.90,1000,8.609769
2011-05-11,9.91,9.91,9.91,9.91,1000,8.618466
2011-05-10,10.20,10.20,10.20,10.20,000,8.870671
2011-05-09,10.20,10.20,10.20,10.20,500,8.870671
2011-05-06,10.01,10.01,10.01,10.01,300,8.705434
2011-05-05,10.20,10.20,10.20,10.20,000,8.870671
2011-05-04,10.20,10.20,10.20,10.20,400,8.870671
2011-05-03,10.19,10.19,10.19,10.19,200,8.861974
2011-05-02,10.25,10.25,10.25,10.25,000,8.914155
2011-04-29,10.40,10.40,10.25,10.25,800,8.914155
2011-04-28,10.00,10.00,10.00,10.00,000,8.696737
2011-04-27,10.00,10.00,10.00,10.00,1000,8.696737
2011-04-26,9.85,9.85,9.85,9.85,000,8.566286
2011-04-25,9.85,9.85,9.85,9.85,000,8.566286
2011-04-21,9.85,9.85,9.85,9.85,000,8.566286
2011-04-20,9.88,9.88,9.85,9.85,500,8.566286
2011-04-19,10.00,10.00,9.95,10.00,2200,8.696737
2011-04-18,10.00,10.00,9.80,10.00,3400,8.696737
2011-04-15,10.00,10.00,10.00,10.00,10800,8.696737
2011-04-14,10.40,10.40,10.40,10.40,000,9.044606
2011-04-13,10.40,10.40,10.40,10.40,2700,9.044606
2011-04-12,10.40,10.40,10.40,10.40,000,9.044606
2011-04-11,10.40,10.40,10.40,10.40,500,9.044606
2011-04-08,10.40,10.40,10.40,10.40,2700,9.044606
2011-04-07,10.00,10.00,10.00,10.00,000,8.696737
2011-04-06,10.00,10.00,10.00,10.00,000,8.696737
2011-04-05,10.00,12.00,10.00,10.00,13900,8.696737
2011-04-04,10.00,10.00,10.00,10.00,3500,8.696737
2011-04-01,10.00,10.00,10.00,10.00,000,8.696737
2011-03-31,10.00,10.00,10.00,10.00,2000,8.696737
2011-03-30,10.15,10.15,10.15,10.15,000,8.827187
2011-03-29,10.15,10.15,10.15,10.15,000,8.827187
2011-03-28,10.15,10.15,10.15,10.15,500,8.827187
