Date,Open,High,Low,Close,Volume,Adj Close
2013-01-24,2.25,2.25,2.24,2.25,14800,2.25
2013-01-23,2.25,2.25,2.24,2.25,206800,2.25
2013-01-22,2.24,2.25,2.24,2.24,901200,2.24
2013-01-21,2.24,2.24,2.24,2.24,000,2.24
2013-01-18,2.24,2.25,2.24,2.24,2900,2.24
2013-01-17,2.24,2.25,2.24,2.24,39400,2.24
2013-01-16,2.245,2.25,2.24,2.24,97600,2.24
2013-01-15,2.245,2.25,2.24,2.25,53300,2.25
2013-01-14,2.245,2.25,2.24,2.24,67600,2.24
2013-01-11,2.24,2.25,2.24,2.24,23800,2.24
2013-01-10,2.24,2.25,2.24,2.24,137600,2.24
2013-01-09,2.24,2.25,2.24,2.24,59100,2.24
2013-01-08,2.24,2.26,2.24,2.24,179900,2.24
2013-01-07,2.235,2.24,2.23,2.24,16300,2.24
2013-01-04,2.23,2.25,2.23,2.24,615700,2.24
2013-01-03,2.23,2.24,2.22,2.23,310100,2.23
2013-01-02,2.24,2.30,2.23,2.23,52700,2.23
2013-01-01,2.23,2.23,2.23,2.23,000,2.23
2012-12-31,2.22,2.24,2.22,2.23,130100,2.23
2012-12-28,2.22,2.23,2.22,2.23,237200,2.23
2012-12-27,2.225,2.2301,2.22,2.22,448400,2.22
2012-12-26,2.23,2.23,2.22,2.23,71500,2.23
2012-12-25,2.23,2.23,2.23,2.23,000,2.23
2012-12-24,2.22,2.2301,2.20,2.23,215000,2.23
2012-12-21,2.23,2.24,2.21,2.21,138400,2.21
2012-12-20,2.24,2.24,2.23,2.23,45200,2.23
2012-12-19,2.23,2.24,2.23,2.24,56000,2.24
2012-12-18,2.22,2.24,2.22,2.24,58700,2.24
2012-12-17,2.22,2.24,2.22,2.24,92700,2.24
2012-12-14,2.23,2.24,2.22,2.23,194200,2.23
2012-12-13,2.23,2.23,2.21,2.23,310000,2.23
2012-12-12,2.20,2.23,2.20,2.22,479900,2.22
2012-12-11,2.21,2.23,2.20,2.22,138000,2.22
2012-12-10,2.23,2.25,2.19,2.21,697600,2.21
2012-12-07,2.21,2.23,2.21,2.21,40900,2.21
2012-12-06,2.21,2.23,2.21,2.21,17700,2.21
2012-12-05,2.21,2.23,2.21,2.21,16300,2.21
2012-12-04,2.20,2.23,2.20,2.21,32200,2.21
2012-12-03,2.21,2.23,2.20,2.20,29200,2.20
2012-11-30,2.21,2.23,2.21,2.22,31200,2.22
2012-11-29,2.20,2.22,2.20,2.21,43100,2.21
2012-11-28,2.20,2.23,2.20,2.23,25200,2.23
2012-11-27,2.20,2.23,2.20,2.23,101400,2.23
2012-11-26,2.23,2.23,2.20,2.20,114900,2.20
2012-11-23,2.20,2.23,2.20,2.23,11100,2.23
2012-11-22,2.20,2.20,2.20,2.20,000,2.20
2012-11-21,2.20,2.25,2.20,2.20,35900,2.20
2012-11-20,2.20,2.22,2.20,2.21,17800,2.21
2012-11-19,2.20,2.25,2.1915,2.24,132400,2.24
2012-11-16,2.20,2.24,2.20,2.20,106600,2.20
2012-11-15,2.20,2.22,2.19,2.21,281000,2.21
2012-11-14,2.20,2.25,2.19,2.19,339200,2.19
2012-11-13,2.20,2.26,2.20,2.24,54200,2.24
2012-11-12,2.21,2.25,2.20,2.20,717700,2.20
2012-11-09,2.21,2.28,2.21,2.23,55200,2.23
2012-11-08,2.21,2.23,2.21,2.23,510300,2.23
2012-11-07,2.20,2.24,2.19,2.21,394900,2.21
2012-11-06,2.23,2.25,2.23,2.23,228300,2.23
2012-11-05,2.27,2.27,2.24,2.25,193200,2.25
2012-11-02,2.23,2.28,2.21,2.25,135900,2.25
2012-11-01,2.25,2.29,2.23,2.26,144000,2.26
2012-10-31,2.25,2.28,2.25,2.26,93900,2.26
2012-10-30,2.26,2.26,2.26,2.26,000,2.26
2012-10-29,2.26,2.26,2.26,2.26,000,2.26
2012-10-26,2.21,2.29,2.20,2.26,16000,2.26
2012-10-25,2.25,2.30,2.23,2.24,78600,2.24
2012-10-24,2.29,2.35,2.20,2.26,239300,2.26
2012-10-23,2.28,2.35,2.15,2.26,1402800,2.26
2012-10-22,1.84,1.87,1.84,1.85,15200,1.85
2012-10-19,1.85,1.85,1.8018,1.85,1700,1.85
2012-10-18,1.81,1.86,1.81,1.85,21500,1.85
2012-10-17,1.84,1.86,1.84,1.84,27200,1.84
2012-10-16,1.83,1.85,1.8092,1.85,10600,1.85
2012-10-15,1.80,1.83,1.77,1.814,2300,1.814
2012-10-12,1.82,1.83,1.80,1.81,9900,1.81
2012-10-11,1.82,1.84,1.79,1.81,4100,1.81
2012-10-10,1.78,1.84,1.7688,1.78,3000,1.78
2012-10-09,1.84,1.84,1.77,1.78,11600,1.78
2012-10-08,1.77,1.84,1.77,1.83,11600,1.83
2012-10-05,1.80,1.84,1.77,1.77,84900,1.77
2012-10-04,1.79,1.84,1.79,1.835,500,1.835
2012-10-03,1.78,1.84,1.77,1.79,7300,1.79
2012-10-02,1.79,1.81,1.77,1.77,17300,1.77
2012-10-01,1.80,1.85,1.77,1.78,30500,1.78
2012-09-28,1.83,1.84,1.80,1.83,17100,1.83
2012-09-27,1.79,1.82,1.76,1.79,1400,1.79
2012-09-26,1.78,1.84,1.78,1.81,10600,1.81
2012-09-25,1.82,1.82,1.75,1.76,17800,1.76
2012-09-24,1.74,1.84,1.74,1.76,20400,1.76
2012-09-21,1.76,1.80,1.68,1.68,36800,1.68
2012-09-20,1.75,1.81,1.75,1.78,36900,1.78
2012-09-19,1.76,1.77,1.75,1.75,15200,1.75
2012-09-18,1.76,1.80,1.75,1.755,19300,1.755
2012-09-17,1.75,1.76,1.74,1.76,56400,1.76
2012-09-14,1.76,1.78,1.75,1.76,28200,1.76
2012-09-13,1.75,1.768,1.74,1.75,26200,1.75
2012-09-12,1.77,1.79,1.745,1.75,7000,1.75
2012-09-11,1.72,1.76,1.72,1.76,30100,1.76
2012-09-10,1.73,1.75,1.72,1.74,12200,1.74
2012-09-07,1.74,1.74,1.695,1.72,9700,1.72
2012-09-06,1.71,1.77,1.70,1.705,31700,1.705
2012-09-05,1.71,1.725,1.70,1.72,4300,1.72
2012-09-04,1.76,1.76,1.73,1.73,1700,1.73
2012-09-03,1.75,1.75,1.75,1.75,000,1.75
2012-08-31,1.76,1.80,1.75,1.75,13300,1.75
2012-08-30,1.77,1.845,1.745,1.75,8500,1.75
2012-08-29,1.81,1.829,1.7301,1.82,6000,1.82
2012-08-28,1.70,1.80,1.69,1.76,10400,1.76
2012-08-27,1.74,1.77,1.72,1.72,8700,1.72
2012-08-24,1.71,1.80,1.69,1.74,17200,1.74
2012-08-23,1.74,1.77,1.68,1.721,21400,1.721
2012-08-22,1.68,1.77,1.68,1.74,3600,1.74
2012-08-21,1.75,1.78,1.70,1.73,34400,1.73
2012-08-20,1.81,1.81,1.744,1.75,4100,1.75
2012-08-17,1.76,1.81,1.76,1.81,4400,1.81
2012-08-16,1.71,1.78,1.71,1.76,78000,1.76
2012-08-15,1.74,1.75,1.71,1.71,14900,1.71
2012-08-14,1.70,1.75,1.70,1.71,39500,1.71
2012-08-13,1.64,1.72,1.63,1.69,186800,1.69
2012-08-10,1.78,1.78,1.56,1.67,325000,1.67
2012-08-09,1.82,1.92,1.75,1.76,41000,1.76
2012-08-08,1.83,1.90,1.82,1.90,28500,1.90
2012-08-07,1.83,1.88,1.82,1.84,16600,1.84
2012-08-06,1.83,1.91,1.81,1.91,10000,1.91
2012-08-03,1.88,1.95,1.84,1.84,19400,1.84
2012-08-02,1.87,1.92,1.87,1.90,14300,1.90
2012-08-01,1.93,1.93,1.81,1.82,66600,1.82
2012-07-31,1.91,1.96,1.89,1.95,12600,1.95
2012-07-30,1.95,1.9501,1.83,1.89,52900,1.89
2012-07-27,1.88,1.96,1.8501,1.95,16000,1.95
2012-07-26,1.86,1.95,1.85,1.90,3100,1.90
2012-07-25,1.88,1.89,1.87,1.87,1000,1.87
2012-07-24,1.87,1.87,1.828,1.87,9800,1.87
2012-07-23,1.82,1.88,1.7801,1.84,504100,1.84
2012-07-20,1.89,1.90,1.79,1.82,145000,1.82
2012-07-19,1.95,1.95,1.88,1.89,27500,1.89
2012-07-18,1.89,1.95,1.88,1.95,22100,1.95
2012-07-17,1.84,2.02,1.84,1.90,17000,1.90
2012-07-16,1.90,1.90,1.82,1.82,5800,1.82
2012-07-13,2.00,2.00,1.86,1.86,23400,1.86
2012-07-12,1.95,1.99,1.90,1.90,7600,1.90
2012-07-11,1.99,2.00,1.8601,1.95,1900,1.95
2012-07-10,1.90,1.99,1.886,1.99,10900,1.99
2012-07-09,1.95,1.95,1.91,1.91,4500,1.91
2012-07-06,1.83,1.93,1.83,1.93,10100,1.93
2012-07-05,1.88,1.902,1.82,1.82,979900,1.82
2012-07-04,1.88,1.88,1.88,1.88,000,1.88
2012-07-03,1.88,1.92,1.83,1.88,8700,1.88
2012-07-02,1.91,1.92,1.85,1.89,22900,1.89
2012-06-29,1.99,2.00,1.88,1.91,21300,1.91
2012-06-28,1.93,1.94,1.8833,1.9033,4500,1.9033
2012-06-27,1.86,1.9211,1.85,1.92,11100,1.92
2012-06-26,1.90,1.92,1.8818,1.917,8500,1.917
2012-06-25,1.89,1.92,1.86,1.91,8400,1.91
2012-06-22,1.91,1.97,1.84,1.91,29800,1.91
2012-06-21,1.93,1.97,1.93,1.94,28700,1.94
2012-06-20,1.86,1.95,1.86,1.90,10600,1.90
2012-06-19,1.89,1.929,1.87,1.87,12000,1.87
2012-06-18,1.84,1.92,1.82,1.90,13400,1.90
2012-06-15,1.83,1.89,1.83,1.85,43500,1.85
2012-06-14,1.86,1.90,1.84,1.85,101100,1.85
2012-06-13,1.91,1.91,1.84,1.84,16400,1.84
2012-06-12,1.95,1.95,1.91,1.91,12300,1.91
2012-06-11,1.89,1.94,1.86,1.92,43900,1.92
2012-06-08,1.89,1.92,1.86,1.90,18400,1.90
2012-06-07,1.92,1.95,1.88,1.90,79000,1.90
2012-06-06,2.00,2.00,1.80,1.90,1503200,1.90
2012-06-05,2.05,2.0501,1.95,1.99,16300,1.99
2012-06-04,2.10,2.10,2.03,2.10,13300,2.10
2012-06-01,2.07,2.17,2.03,2.08,68100,2.08
2012-05-31,2.09,2.15,2.06,2.11,19100,2.11
2012-05-30,2.14,2.20,2.07,2.11,11000,2.11
2012-05-29,2.21,2.21,2.11,2.17,14400,2.17
2012-05-28,2.24,2.24,2.24,2.24,000,2.24
2012-05-25,2.19,2.24,2.10,2.24,6600,2.24
2012-05-24,2.20,2.20,2.19,2.19,3700,2.19
2012-05-23,2.15,2.24,2.10,2.24,6400,2.24
2012-05-22,2.20,2.26,2.16,2.18,16800,2.18
2012-05-21,2.15,2.2201,2.11,2.21,9000,2.21
2012-05-18,2.13,2.20,2.10,2.20,32700,2.20
2012-05-17,2.18,2.18,2.06,2.14,34700,2.14
2012-05-16,2.19,2.19,2.061,2.19,112100,2.19
2012-05-15,2.26,2.26,2.21,2.21,2900,2.21
2012-05-14,2.20,2.368,2.20,2.20,39200,2.20
2012-05-11,2.24,2.326,2.20,2.20,15000,2.20
2012-05-10,2.38,2.41,2.27,2.27,29900,2.27
2012-05-09,2.31,2.47,2.30,2.37,31200,2.37
2012-05-08,2.47,2.47,2.29,2.35,85200,2.35
2012-05-07,2.35,2.40,2.318,2.33,4900,2.33
2012-05-04,2.45,2.489,2.34,2.34,28300,2.34
2012-05-03,2.44,2.49,2.385,2.48,15700,2.48
2012-05-02,2.41,2.44,2.33,2.40,30500,2.40
2012-05-01,2.40,2.49,2.30,2.45,23200,2.45
2012-04-30,2.30,2.44,2.26,2.43,36300,2.43
2012-04-27,2.44,2.458,2.23,2.32,33000,2.32
2012-04-26,2.42,2.4999,2.38,2.40,8400,2.40
2012-04-25,2.50,2.50,2.36,2.43,13900,2.43
2012-04-24,2.48,2.50,2.38,2.472,7800,2.472
2012-04-23,2.52,2.56,2.391,2.46,48000,2.46
2012-04-20,2.55,2.58,2.45,2.56,12600,2.56
2012-04-19,2.47,2.58,2.44,2.55,84400,2.55
2012-04-18,2.60,2.68,2.42,2.47,15100,2.47
2012-04-17,2.55,2.65,2.51,2.60,255600,2.60
2012-04-16,2.49,2.614,2.46,2.55,120200,2.55
2012-04-13,2.50,2.52,2.44,2.50,112100,2.50
2012-04-12,2.29,2.50,2.28,2.50,85500,2.50
2012-04-11,2.28,2.37,2.25,2.28,13500,2.28
2012-04-10,2.23,2.33,2.20,2.28,56900,2.28
2012-04-09,2.18,2.28,2.15,2.28,26400,2.28
2012-04-06,2.22,2.22,2.22,2.22,000,2.22
2012-04-05,2.18,2.22,2.12,2.22,20000,2.22
2012-04-04,2.21,2.33,2.17,2.18,108700,2.18
2012-04-03,2.35,2.39,2.2894,2.35,30400,2.35
2012-04-02,2.35,2.43,2.11,2.39,32600,2.39
2012-03-30,2.12,2.34,2.11,2.20,27100,2.20
2012-03-29,2.30,2.33,2.15,2.21,34000,2.21
2012-03-28,2.35,2.45,2.26,2.32,31600,2.32
2012-03-27,2.45,2.45,2.28,2.40,34100,2.40
2012-03-26,2.50,2.53,2.45,2.45,1300,2.45
2012-03-23,2.45,2.51,2.40,2.46,53300,2.46
2012-03-22,2.50,2.50,2.41,2.49,20400,2.49
2012-03-21,2.45,2.6288,2.41,2.51,287200,2.51
2012-03-20,2.47,2.50,2.39,2.41,30100,2.41
2012-03-19,2.43,2.47,2.34,2.47,34400,2.47
2012-03-16,2.37,2.42,2.28,2.42,71900,2.42
2012-03-15,2.25,2.38,2.25,2.36,27600,2.36
2012-03-14,2.38,2.42,2.20,2.30,38800,2.30
2012-03-13,2.40,2.40,2.3307,2.39,26200,2.39
2012-03-12,2.35,2.45,2.31,2.40,12300,2.40
2012-03-09,2.42,2.47,2.25,2.38,35900,2.38
2012-03-08,2.48,2.50,2.4001,2.45,13500,2.45
2012-03-07,2.42,2.48,2.341,2.44,48100,2.44
2012-03-06,2.47,2.47,2.3892,2.42,38500,2.42
2012-03-05,2.42,2.52,2.37,2.48,103500,2.48
2012-03-02,2.34,2.42,2.34,2.42,91700,2.42
2012-03-01,2.25,2.35,2.22,2.26,88300,2.26
2012-02-29,2.18,2.31,2.10,2.22,168600,2.22
2012-02-28,2.13,2.18,2.07,2.18,24300,2.18
2012-02-27,2.16,2.16,2.08,2.08,12000,2.08
2012-02-24,2.15,2.16,2.12,2.15,41600,2.15
2012-02-23,2.16,2.17,2.12,2.15,44900,2.15
2012-02-22,2.11,2.17,2.11,2.17,31900,2.17
2012-02-21,2.16,2.16,2.04,2.15,10000,2.15
2012-02-20,2.15,2.15,2.15,2.15,000,2.15
2012-02-17,2.10,2.16,1.98,2.15,37400,2.15
2012-02-16,2.14,2.17,2.0808,2.15,35200,2.15
2012-02-15,2.05,2.14,2.00,2.14,56400,2.14
2012-02-14,2.05,2.10,2.04,2.05,26100,2.05
2012-02-13,2.04,2.09,2.00,2.07,38200,2.07
2012-02-10,1.95,2.02,1.95,2.00,13500,2.00
2012-02-09,1.92,2.01,1.92,1.97,11300,1.97
2012-02-08,1.91,2.02,1.80,1.91,44000,1.91
2012-02-07,2.04,2.10,1.88,1.89,18200,1.89
2012-02-06,1.95,2.05,1.85,2.04,37800,2.04
2012-02-03,1.92,2.09,1.91,1.92,28500,1.92
2012-02-02,1.88,1.89,1.88,1.89,3000,1.89
2012-02-01,1.84,1.90,1.84,1.90,15100,1.90
2012-01-31,1.85,1.88,1.80,1.8301,7600,1.8301
2012-01-30,1.88,1.90,1.82,1.88,21300,1.88
2012-01-27,1.83,1.96,1.83,1.89,16700,1.89
2012-01-26,1.90,1.90,1.80,1.85,13800,1.85
2012-01-25,1.80,1.92,1.79,1.89,62900,1.89
2012-01-24,1.81,1.87,1.79,1.81,23100,1.81
2012-01-23,1.93,1.93,1.82,1.82,21700,1.82
2012-01-20,1.89,1.91,1.85,1.90,15000,1.90
2012-01-19,1.86,1.90,1.82,1.85,14800,1.85
2012-01-18,1.82,1.88,1.82,1.85,23800,1.85
2012-01-17,1.82,1.89,1.79,1.86,37300,1.86
2012-01-16,1.8401,1.8401,1.8401,1.8401,000,1.8401
2012-01-13,1.76,1.8503,1.76,1.8401,23800,1.8401
2012-01-12,1.76,1.79,1.733,1.78,11000,1.78
2012-01-11,1.77,1.83,1.74,1.75,43400,1.75
2012-01-10,1.81,1.84,1.76,1.78,42500,1.78
2012-01-09,1.82,1.85,1.75,1.83,161400,1.83
2012-01-06,1.83,1.87,1.80,1.85,12300,1.85
2012-01-05,1.77,1.86,1.77,1.80,11200,1.80
2012-01-04,1.80,1.84,1.80,1.80,37600,1.80
2012-01-03,1.84,1.85,1.78,1.80,31900,1.80
2012-01-02,1.85,1.85,1.85,1.85,000,1.85
2011-12-30,1.88,1.88,1.80,1.85,22700,1.85
2011-12-29,1.81,1.91,1.79,1.88,60500,1.88
2011-12-28,1.77,1.841,1.77,1.84,49400,1.84
2011-12-27,1.77,1.8199,1.77,1.80,214500,1.80
2011-12-26,1.80,1.80,1.80,1.80,000,1.80
2011-12-23,1.87,1.8761,1.80,1.80,17800,1.80
2011-12-22,1.91,1.91,1.8394,1.87,7300,1.87
2011-12-21,1.94,1.945,1.85,1.93,11500,1.93
2011-12-20,1.86,1.95,1.79,1.93,44100,1.93
2011-12-19,1.81,1.86,1.795,1.83,36500,1.83
2011-12-16,1.77,1.85,1.75,1.80,20100,1.80
2011-12-15,1.80,1.89,1.79,1.79,23200,1.79
2011-12-14,1.83,1.8899,1.81,1.83,10900,1.83
2011-12-13,1.91,1.951,1.75,1.83,76500,1.83
2011-12-12,1.95,2.03,1.89,1.95,43500,1.95
2011-12-09,1.97,2.01,1.90,1.97,79700,1.97
2011-12-08,1.89,1.95,1.88,1.94,20700,1.94
2011-12-07,1.90,1.98,1.90,1.91,82400,1.91
2011-12-06,1.88,1.90,1.84,1.88,21300,1.88
2011-12-05,1.91,1.96,1.88,1.91,39000,1.91
2011-12-02,1.82,1.93,1.80,1.90,62400,1.90
2011-12-01,1.81,1.90,1.81,1.85,47900,1.85
2011-11-30,1.92,1.96,1.75,1.81,362200,1.81
2011-11-29,1.95,2.00,1.92,1.92,21000,1.92
2011-11-28,1.80,1.99,1.80,1.95,108400,1.95
2011-11-25,1.84,1.89,1.75,1.79,172200,1.79
2011-11-24,1.80,1.80,1.80,1.80,000,1.80
2011-11-23,1.80,1.91,1.79,1.80,877800,1.80
2011-11-22,1.92,1.94,1.81,1.81,53800,1.81
2011-11-21,1.88,1.95,1.86,1.93,20800,1.93
2011-11-18,1.90,1.989,1.86,1.88,49400,1.88
2011-11-17,1.84,1.92,1.84,1.86,237800,1.86
2011-11-16,1.89,2.00,1.8498,1.90,18800,1.90
2011-11-15,1.85,1.95,1.75,1.90,101700,1.90
2011-11-14,1.89,1.98,1.81,1.85,9300,1.85
2011-11-11,1.88,1.99,1.8591,1.89,171400,1.89
2011-11-10,1.91,1.951,1.899,1.90,94100,1.90
2011-11-09,1.91,2.15,1.90,1.90,20400,1.90
2011-11-08,2.04,2.14,2.03,2.03,22200,2.03
2011-11-07,2.05,2.06,2.00,2.05,27200,2.05
2011-11-04,2.05,2.05,2.01,2.05,21500,2.05
2011-11-03,2.04,2.05,2.005,2.01,8300,2.01
2011-11-02,1.98,2.02,1.96,1.98,45700,1.98
2011-11-01,1.95,2.00,1.9201,1.98,5600,1.98
2011-10-31,1.94,2.00,1.94,2.00,18400,2.00
2011-10-28,1.97,1.97,1.92,1.97,36800,1.97
2011-10-27,2.04,2.05,1.9601,1.98,90400,1.98
2011-10-26,2.00,2.00,1.98,2.00,29700,2.00
2011-10-25,2.02,2.02,1.94,1.97,20100,1.97
2011-10-24,2.03,2.07,1.99,2.04,39900,2.04
2011-10-21,2.01,2.1201,1.94,2.10,34600,2.10
2011-10-20,1.95,2.00,1.94,1.99,9300,1.99
2011-10-19,2.00,2.01,1.92,1.94,8300,1.94
2011-10-18,1.97,2.00,1.97,1.97,9000,1.97
2011-10-17,1.98,2.00,1.97,2.00,2300,2.00
2011-10-14,2.02,2.05,1.97,1.97,17200,1.97
2011-10-13,1.99,2.04,1.99,2.02,1900,2.02
2011-10-12,2.03,2.03,1.96,2.01,21400,2.01
2011-10-11,2.02,2.05,1.97,2.05,6800,2.05
2011-10-10,2.04,2.07,1.96,2.07,43100,2.07
2011-10-07,2.01,2.06,2.01,2.05,2400,2.05
2011-10-06,1.99,2.08,1.99,2.06,29500,2.06
2011-10-05,2.04,2.04,2.00,2.03,3400,2.03
2011-10-04,1.98,2.00,1.94,1.99,62800,1.99
2011-10-03,2.00,2.09,1.97,1.97,10000,1.97
2011-09-30,2.02,2.08,1.987,2.02,26300,2.02
2011-09-29,2.07,2.08,1.86,2.00,6000,2.00
2011-09-28,2.06,2.09,2.06,2.08,7800,2.08
2011-09-27,2.10,2.11,2.05,2.11,15300,2.11
2011-09-26,2.05,2.09,2.04,2.09,44400,2.09
2011-09-23,1.86,2.07,1.86,2.04,58000,2.04
2011-09-22,1.99,2.09,1.86,1.92,196200,1.92
2011-09-21,2.06,2.10,2.06,2.06,15100,2.06
2011-09-20,2.08,2.1255,2.06,2.06,6500,2.06
2011-09-19,2.05,2.13,2.03,2.13,19700,2.13
2011-09-16,2.08,2.10,2.06,2.06,19100,2.06
2011-09-15,2.09,2.10,2.05,2.08,22000,2.08
2011-09-14,2.01,2.09,2.01,2.09,15400,2.09
2011-09-13,2.02,2.07,2.01,2.01,34500,2.01
2011-09-12,2.15,2.15,1.99,2.02,80000,2.02
2011-09-09,2.12,2.12,2.06,2.08,16000,2.08
2011-09-08,2.15,2.19,2.12,2.19,2500,2.19
2011-09-07,2.18,2.19,2.17,2.19,17900,2.19
2011-09-06,2.11,2.19,2.05,2.18,51100,2.18
2011-09-02,2.08,2.14,2.07,2.10,9000,2.10
2011-09-01,2.10,2.14,2.10,2.10,2900,2.10
2011-08-31,2.10,2.15,2.10,2.124,3000,2.124
2011-08-30,2.09,2.14,2.09,2.10,5000,2.10
2011-08-29,2.18,2.18,2.10,2.13,4500,2.13
2011-08-26,2.11,2.132,2.06,2.12,9400,2.12
2011-08-25,2.06,2.14,2.0306,2.14,20500,2.14
2011-08-24,2.07,2.12,2.01,2.10,16500,2.10
2011-08-23,2.10,2.12,2.05,2.05,9100,2.05
2011-08-22,2.14,2.14,2.00,2.02,26800,2.02
2011-08-19,2.10,2.15,2.05,2.05,15900,2.05
2011-08-18,2.11,2.15,2.0515,2.08,14700,2.08
2011-08-17,2.20,2.20,2.09,2.12,21800,2.12
2011-08-16,2.16,2.20,2.14,2.18,25000,2.18
2011-08-15,2.22,2.25,2.14,2.25,20700,2.25
2011-08-12,2.11,2.24,2.07,2.24,29300,2.24
2011-08-11,2.10,2.1701,2.05,2.13,46500,2.13
2011-08-10,2.19,2.25,2.09,2.18,26600,2.18
2011-08-09,2.02,2.20,2.02,2.10,27800,2.10
2011-08-08,2.12,2.194,2.01,2.02,73400,2.02
2011-08-05,2.20,2.20,2.15,2.16,43700,2.16
2011-08-04,2.21,2.27,2.20,2.21,25900,2.21
2011-08-03,2.19,2.24,2.15,2.20,39000,2.20
2011-08-02,2.24,2.269,2.24,2.25,24200,2.25
2011-08-01,2.27,2.27,2.21,2.26,5700,2.26
2011-07-29,2.20,2.2799,2.20,2.24,26800,2.24
2011-07-28,2.22,2.25,2.20,2.20,29500,2.20
2011-07-27,2.23,2.27,2.23,2.23,10100,2.23
2011-07-26,2.26,2.27,2.23,2.23,6900,2.23
2011-07-25,2.21,2.2799,2.20,2.23,13600,2.23
2011-07-22,2.21,2.23,2.20,2.21,19500,2.21
2011-07-21,2.23,2.25,2.17,2.20,17300,2.20
2011-07-20,2.20,2.23,2.16,2.23,5000,2.23
2011-07-19,2.20,2.21,2.17,2.20,80200,2.20
2011-07-18,2.20,2.25,2.17,2.17,23500,2.17
2011-07-15,2.22,2.22,2.19,2.20,19500,2.20
2011-07-14,2.21,2.24,2.16,2.20,84400,2.20
2011-07-13,2.25,2.26,2.24,2.26,95500,2.26
2011-07-12,2.34,2.34,2.19,2.24,31500,2.24
2011-07-11,2.39,2.41,2.25,2.34,26900,2.34
2011-07-08,2.32,2.43,2.32,2.40,20900,2.40
2011-07-07,2.32,2.37,2.29,2.32,53800,2.32
2011-07-06,2.26,2.33,2.25,2.31,34400,2.31
2011-07-05,2.24,2.26,2.22,2.25,5800,2.25
2011-07-01,2.28,2.29,2.25,2.25,28300,2.25
2011-06-30,2.21,2.28,2.21,2.28,28400,2.28
2011-06-29,2.27,2.27,2.21,2.22,22500,2.22
2011-06-28,2.16,2.27,2.16,2.25,51600,2.25
2011-06-27,2.13,2.17,2.07,2.15,14500,2.15
2011-06-24,2.15,2.19,2.00,2.15,26600,2.15
2011-06-23,2.13,2.191,2.08,2.16,33400,2.16
2011-06-22,2.04,2.14,2.01,2.13,64200,2.13
2011-06-21,2.02,2.05,2.00,2.05,57200,2.05
2011-06-20,1.97,2.01,1.96,2.01,13400,2.01
2011-06-17,2.01,2.01,1.95,1.97,44800,1.97
2011-06-16,2.00,2.00,1.96,1.99,16600,1.99
2011-06-15,1.97,2.03,1.96,1.99,19700,1.99
2011-06-14,1.99,2.01,1.96,1.99,27400,1.99
2011-06-13,1.97,2.03,1.95,1.99,39100,1.99
2011-06-10,1.92,2.00,1.92,1.98,51100,1.98
2011-06-09,1.98,2.05,1.90,1.90,139900,1.90
2011-06-08,2.02,2.03,1.92,1.968,70100,1.968
2011-06-07,2.06,2.06,2.03,2.03,9600,2.03
2011-06-06,2.06,2.08,2.04,2.05,21500,2.05
2011-06-03,2.05,2.08,2.05,2.05,8900,2.05
2011-06-02,2.09,2.11,2.03,2.06,18600,2.06
2011-06-01,2.10,2.13,2.08,2.09,46700,2.09
2011-05-31,2.12,2.14,2.08,2.09,28900,2.09
2011-05-27,2.09,2.16,2.02,2.10,16600,2.10
2011-05-26,2.07,2.11,2.01,2.07,66100,2.07
2011-05-25,2.11,2.18,2.0695,2.08,52600,2.08
2011-05-24,2.16,2.17,2.061,2.13,66400,2.13
2011-05-23,2.19,2.2203,2.15,2.16,19500,2.16
2011-05-20,2.21,2.24,2.20,2.21,24400,2.21
2011-05-19,2.26,2.27,2.20,2.23,15000,2.23
2011-05-18,2.22,2.27,2.18,2.25,76500,2.25
2011-05-17,2.23,2.24,2.175,2.20,65100,2.20
2011-05-16,2.10,2.24,2.10,2.23,170900,2.23
2011-05-13,2.15,2.15,2.06,2.10,98600,2.10
2011-05-12,2.12,2.17,2.11,2.14,27100,2.14
2011-05-11,2.18,2.19,2.12,2.14,18000,2.14
2011-05-10,2.15,2.16,2.10,2.16,39500,2.16
2011-05-09,2.13,2.17,2.10,2.15,21700,2.15
2011-05-06,2.16,2.17,2.10,2.15,68600,2.15
2011-05-05,2.12,2.17,2.11,2.15,44100,2.15
2011-05-04,2.15,2.16,2.12,2.12,10300,2.12
2011-05-03,2.14,2.1796,2.10,2.16,51500,2.16
2011-05-02,2.20,2.20,2.14,2.16,63400,2.16
2011-04-29,2.19,2.2197,2.15,2.18,99400,2.18
2011-04-28,2.19,2.22,2.17,2.20,28600,2.20
2011-04-27,2.13,2.23,2.13,2.21,89400,2.21
2011-04-26,2.19,2.19,2.09,2.13,269900,2.13
2011-04-25,2.22,2.23,2.16,2.18,82100,2.18
2011-04-21,2.24,2.25,2.1901,2.23,39500,2.23
2011-04-20,2.27,2.27,2.20,2.25,24300,2.25
2011-04-19,2.22,2.29,2.20,2.22,45900,2.22
2011-04-18,2.24,2.26,2.20,2.23,56100,2.23
2011-04-15,2.27,2.34,2.25,2.28,25500,2.28
2011-04-14,2.27,2.3296,2.27,2.28,25500,2.28
2011-04-13,2.31,2.3197,2.28,2.29,26600,2.29
2011-04-12,2.34,2.36,2.28,2.32,43500,2.32
2011-04-11,2.33,2.37,2.3199,2.37,49700,2.37
2011-04-08,2.26,2.35,2.25,2.30,78500,2.30
2011-04-07,2.21,2.34,2.21,2.23,76700,2.23
2011-04-06,2.28,2.332,2.16,2.19,76200,2.19
2011-04-05,2.18,2.25,2.15,2.20,59400,2.20
2011-04-04,2.22,2.24,2.14,2.15,66400,2.15
2011-04-01,2.29,2.30,2.20,2.23,29100,2.23
2011-03-31,2.29,2.38,2.29,2.30,52200,2.30
2011-03-30,2.33,2.35,2.28,2.30,41900,2.30
2011-03-29,2.36,2.39,2.29,2.32,41100,2.32
2011-03-28,2.34,2.37,2.28,2.30,88800,2.30
2011-03-25,2.26,2.31,2.26,2.30,38200,2.30
2011-03-24,2.25,2.28,2.24,2.24,13000,2.24
2011-03-23,2.30,2.3502,2.19,2.24,89800,2.24
2011-03-22,2.34,2.34,2.1916,2.26,75700,2.26
2011-03-21,2.18,2.35,2.18,2.32,104300,2.32
2011-03-18,2.20,2.21,2.15,2.15,44400,2.15
2011-03-17,2.20,2.22,2.12,2.16,54400,2.16
2011-03-16,2.19,2.21,2.03,2.16,82200,2.16
2011-03-15,2.11,2.39,2.11,2.192,82200,2.192
2011-03-14,2.32,2.37,2.1499,2.15,152200,2.15
2011-03-11,2.36,2.52,2.30,2.33,200100,2.33
2011-03-10,2.50,2.50,2.22,2.38,514800,2.38
2011-03-09,2.74,2.74,2.66,2.66,27600,2.66
2011-03-08,2.68,2.79,2.68,2.74,47900,2.74
2011-03-07,2.66,2.71,2.66,2.67,23300,2.67
2011-03-04,2.77,2.77,2.60,2.76,22400,2.76
2011-03-03,2.56,2.82,2.56,2.80,66700,2.80
2011-03-02,2.70,2.70,2.55,2.57,43600,2.57
2011-03-01,2.72,2.7599,2.68,2.72,10900,2.72
2011-02-28,2.63,2.81,2.63,2.74,52600,2.74
2011-02-25,2.63,2.65,2.58,2.65,6900,2.65
2011-02-24,2.66,2.69,2.57,2.63,12900,2.63
2011-02-23,2.54,2.69,2.54,2.66,37900,2.66
2011-02-22,2.49,2.79,2.45,2.55,196200,2.55
2011-02-18,2.65,2.66,2.41,2.51,397500,2.51
2011-02-17,2.81,2.82,2.59,2.63,144100,2.63
2011-02-16,2.84,2.84,2.81,2.82,9800,2.82
2011-02-15,2.83,2.85,2.81,2.84,13500,2.84
2011-02-14,2.85,2.87,2.82,2.86,67700,2.86
2011-02-11,2.88,2.89,2.81,2.86,59200,2.86
2011-02-10,2.88,2.93,2.86,2.90,121600,2.90
2011-02-09,2.89,2.90,2.85,2.90,15700,2.90
2011-02-08,2.89,2.92,2.87,2.90,29200,2.90
2011-02-07,2.95,2.95,2.89,2.9099,25800,2.9099
2011-02-04,2.90,2.95,2.90,2.93,35900,2.93
2011-02-03,2.86,2.90,2.85,2.88,27600,2.88
2011-02-02,2.89,2.94,2.86,2.90,39000,2.90
2011-02-01,2.95,2.95,2.86,2.92,62200,2.92
2011-01-31,2.96,3.00,2.89,2.98,48100,2.98
2011-01-28,2.98,2.98,2.92,2.98,34400,2.98
2011-01-27,2.99,3.03,2.97,2.99,8200,2.99
2011-01-26,3.02,3.03,2.98,3.00,38500,3.00
2011-01-25,2.95,2.97,2.91,2.97,88100,2.97
2011-01-24,2.90,3.01,2.90,2.97,40300,2.97
2011-01-21,3.04,3.09,2.90,2.92,57100,2.92
2011-01-20,3.10,3.14,3.03,3.05,28400,3.05
2011-01-19,3.23,3.23,3.09,3.11,71800,3.11
2011-01-18,3.30,3.39,3.22,3.23,129700,3.23
2011-01-14,3.10,3.27,3.10,3.27,99200,3.27
2011-01-13,3.22,3.22,3.05,3.06,42800,3.06
2011-01-12,3.05,3.24,3.05,3.19,222200,3.19
2011-01-11,2.80,3.09,2.76,3.06,269500,3.06
2011-01-10,2.89,2.93,2.77,2.82,137800,2.82
2011-01-07,2.92,2.98,2.8701,2.94,80500,2.94
2011-01-06,3.05,3.09,2.88,2.95,188200,2.95
2011-01-05,3.06,3.12,3.02,3.04,50100,3.04
2011-01-04,3.03,3.17,3.00,3.10,72600,3.10
2011-01-03,3.07,3.18,3.05,3.06,132200,3.06
2010-12-31,3.16,3.22,3.02,3.04,102700,3.04
2010-12-30,3.21,3.24,3.18,3.23,109700,3.23
2010-12-29,3.30,3.34,3.221,3.24,58600,3.24
2010-12-28,3.26,3.32,3.26,3.2701,69500,3.2701
2010-12-27,3.35,3.35,3.27,3.29,45900,3.29
2010-12-23,3.36,3.37,3.26,3.32,87200,3.32
2010-12-22,3.29,3.47,3.29,3.40,319700,3.40
2010-12-21,3.28,3.30,3.22,3.22,40900,3.22
2010-12-20,3.45,3.4799,3.28,3.30,106500,3.30
2010-12-17,3.34,3.48,3.31,3.45,147600,3.45
2010-12-16,3.25,3.32,3.25,3.32,71900,3.32
2010-12-15,3.25,3.32,3.25,3.26,53100,3.26
2010-12-14,3.26,3.28,3.20,3.28,18200,3.28
2010-12-13,3.21,3.34,3.18,3.22,98000,3.22
2010-12-10,3.36,3.37,3.16,3.24,92200,3.24
2010-12-09,3.49,3.49,3.36,3.37,52200,3.37
2010-12-08,3.50,3.50,3.44,3.50,138600,3.50
2010-12-07,3.45,3.51,3.42,3.48,268900,3.48
2010-12-06,3.19,3.44,3.12,3.42,286400,3.42
2010-12-03,3.29,3.29,3.11,3.15,114200,3.15
2010-12-02,3.29,3.30,3.20,3.28,96700,3.28
2010-12-01,3.37,3.40,3.18,3.33,138100,3.33
2010-11-30,3.28,3.35,3.18,3.29,150000,3.29
2010-11-29,3.42,3.45,3.30,3.36,124100,3.36
2010-11-26,3.35,3.48,3.31,3.39,202000,3.39
2010-11-24,3.24,3.30,3.10,3.29,180200,3.29
2010-11-23,3.00,3.25,2.98,3.19,194400,3.19
2010-11-22,3.00,3.13,2.93,3.03,342600,3.03
2010-11-19,2.90,3.00,2.87,3.00,164500,3.00
2010-11-18,2.83,2.90,2.83,2.89,67300,2.89
2010-11-17,2.83,2.879,2.80,2.85,73000,2.85
2010-11-16,2.89,2.95,2.70,2.79,256900,2.79
2010-11-15,2.99,3.07,2.81,2.89,257800,2.89
2010-11-12,3.29,3.29,2.87,2.912,1658600,2.912
2010-11-11,2.85,3.63,2.839,3.35,3348400,3.35
2010-11-10,2.73,2.88,2.728,2.84,215800,2.84
2010-11-09,2.72,2.75,2.69,2.72,92500,2.72
2010-11-08,2.70,2.75,2.65,2.70,102100,2.70
2010-11-05,2.67,2.72,2.66,2.70,68900,2.70
2010-11-04,2.72,2.73,2.6801,2.70,60900,2.70
2010-11-03,2.62,2.71,2.62,2.68,46400,2.68
2010-11-02,2.74,2.74,2.62,2.65,66800,2.65
2010-11-01,2.69,2.75,2.69,2.72,221100,2.72
2010-10-29,2.68,2.73,2.68,2.70,46600,2.70
2010-10-28,2.70,2.70,2.66,2.69,14000,2.69
2010-10-27,2.77,2.80,2.68,2.71,115100,2.71
2010-10-26,2.71,2.87,2.70,2.79,417300,2.79
2010-10-25,2.68,2.77,2.65,2.73,230000,2.73
2010-10-22,2.66,2.79,2.66,2.66,39300,2.66
2010-10-21,2.67,2.69,2.66,2.69,16600,2.69
2010-10-20,2.67,2.70,2.66,2.70,18500,2.70
2010-10-19,2.75,2.75,2.67,2.70,87400,2.70
2010-10-18,2.73,2.79,2.70,2.73,42200,2.73
2010-10-15,2.64,2.68,2.63,2.68,54900,2.68
2010-10-14,2.65,2.71,2.64,2.66,23100,2.66
2010-10-13,2.74,2.79,2.59,2.65,72900,2.65
2010-10-12,2.62,2.73,2.62,2.73,85700,2.73
2010-10-11,2.53,2.68,2.53,2.64,69500,2.64
2010-10-08,2.57,2.65,2.54,2.55,101600,2.55
2010-10-07,2.55,2.58,2.49,2.58,25600,2.58
2010-10-06,2.49,2.53,2.38,2.50,132500,2.50
2010-10-05,2.42,2.45,2.39,2.45,76700,2.45
2010-10-04,2.42,2.451,2.37,2.42,91100,2.42
2010-10-01,2.40,2.40,2.38,2.3901,13400,2.3901
2010-09-30,2.43,2.44,2.39,2.40,58900,2.40
2010-09-29,2.38,2.459,2.38,2.42,160900,2.42
2010-09-28,2.39,2.40,2.36,2.3999,21100,2.3999
2010-09-27,2.44,2.44,2.36,2.39,12100,2.39
2010-09-24,2.35,2.42,2.35,2.37,5100,2.37
2010-09-23,2.37,2.46,2.36,2.38,19700,2.38
2010-09-22,2.50,2.5101,2.39,2.39,17800,2.39
2010-09-21,2.48,2.57,2.41,2.5001,52100,2.5001
2010-09-20,2.47,2.51,2.41,2.49,10600,2.49
2010-09-17,2.50,2.56,2.45,2.48,64100,2.48
2010-09-16,2.41,2.50,2.36,2.45,43400,2.45
2010-09-15,2.46,2.48,2.37,2.48,32200,2.48
2010-09-14,2.43,2.48,2.416,2.46,23800,2.46
2010-09-13,2.38,2.44,2.32,2.44,44200,2.44
2010-09-10,2.32,2.37,2.30,2.35,34100,2.35
2010-09-09,2.27,2.35,2.27,2.32,10100,2.32
2010-09-08,2.30,2.34,2.23,2.30,28000,2.30
2010-09-07,2.36,2.37,2.14,2.21,258400,2.21
2010-09-03,2.41,2.44,2.39,2.42,68100,2.42
2010-09-02,2.38,2.39,2.3399,2.39,29000,2.39
2010-09-01,2.29,2.46,2.29,2.39,45000,2.39
2010-08-31,2.31,2.44,2.27,2.39,62800,2.39
2010-08-30,2.30,2.3299,2.26,2.30,30400,2.30
2010-08-27,2.30,2.35,2.20,2.35,5800,2.35
2010-08-26,2.31,2.38,2.2101,2.29,19900,2.29
2010-08-25,2.35,2.39,2.31,2.36,23400,2.36
2010-08-24,2.41,2.41,2.32,2.33,5700,2.33
2010-08-23,2.48,2.48,2.39,2.40,17700,2.40
2010-08-20,2.33,2.4599,2.31,2.45,18900,2.45
2010-08-19,2.44,2.46,2.37,2.38,23200,2.38
2010-08-18,2.56,2.59,2.49,2.50,59000,2.50
2010-08-17,2.51,2.60,2.51,2.58,23500,2.58
2010-08-16,2.62,2.62,2.53,2.62,15200,2.62
2010-08-13,2.61,2.63,2.51,2.59,15300,2.59
2010-08-12,2.68,2.73,2.55,2.63,32800,2.63
2010-08-11,2.68,2.70,2.68,2.70,8900,2.70
2010-08-10,2.70,2.73,2.68,2.72,9000,2.72
2010-08-09,2.69,2.74,2.69,2.74,700,2.74
2010-08-06,2.71,2.71,2.66,2.71,23900,2.71
2010-08-05,2.67,2.71,2.61,2.71,12300,2.71
2010-08-04,2.68,2.69,2.65,2.66,11300,2.66
2010-08-03,2.70,2.70,2.641,2.70,21800,2.70
2010-08-02,2.69,2.75,2.65,2.72,46100,2.72
2010-07-30,2.61,2.75,2.61,2.71,33200,2.71
2010-07-29,2.61,2.62,2.60,2.60,87300,2.60
2010-07-28,2.64,2.64,2.60,2.62,90300,2.62
2010-07-27,2.62,2.6592,2.61,2.61,14700,2.61
2010-07-26,2.55,2.62,2.54,2.61,30700,2.61
2010-07-23,2.51,2.55,2.50,2.53,3400,2.53
2010-07-22,2.56,2.60,2.40,2.45,33000,2.45
2010-07-21,2.48,2.57,2.38,2.52,6600,2.52
2010-07-20,2.53,2.58,2.48,2.53,21900,2.53
2010-07-19,2.48,2.55,2.411,2.50,9000,2.50
2010-07-16,2.52,2.56,2.50,2.50,22800,2.50
2010-07-15,2.57,2.63,2.49,2.49,14600,2.49
2010-07-14,2.57,2.62,2.53,2.53,14500,2.53
2010-07-13,2.63,2.63,2.55,2.56,15500,2.56
2010-07-12,2.61,2.63,2.57,2.60,20900,2.60
2010-07-09,2.70,2.70,2.6285,2.63,66900,2.63
2010-07-08,2.65,2.68,2.60,2.67,77900,2.67
2010-07-07,2.62,2.65,2.60,2.65,49200,2.65
2010-07-06,2.48,2.60,2.47,2.60,35800,2.60
2010-07-02,2.35,2.52,2.35,2.51,31900,2.51
2010-07-01,2.43,2.46,2.36,2.40,18700,2.40
2010-06-30,2.51,2.53,2.46,2.46,29500,2.46
2010-06-29,2.55,2.59,2.43,2.53,13700,2.53
2010-06-28,2.56,2.64,2.50,2.56,16000,2.56
2010-06-25,2.61,2.69,2.58,2.58,10600,2.58
2010-06-24,2.60,2.69,2.60,2.60,13900,2.60
2010-06-23,2.67,2.73,2.60,2.69,72500,2.69
2010-06-22,2.73,2.80,2.66,2.69,22700,2.69
2010-06-21,2.71,2.80,2.71,2.78,21300,2.78
2010-06-18,2.77,2.78,2.74,2.74,20200,2.74
2010-06-17,2.78,2.78,2.74,2.77,37800,2.77
2010-06-16,2.74,2.82,2.70,2.78,100100,2.78
2010-06-15,2.72,2.77,2.70,2.77,18200,2.77
2010-06-14,2.75,2.77,2.72,2.77,28500,2.77
2010-06-11,2.76,2.80,2.68,2.76,7300,2.76
2010-06-10,2.82,2.82,2.76,2.80,24000,2.80
2010-06-09,2.79,2.82,2.74,2.80,69800,2.80
2010-06-08,2.75,2.79,2.6308,2.75,100200,2.75
2010-06-07,2.75,2.79,2.75,2.75,7000,2.75
2010-06-04,2.70,2.79,2.70,2.76,95200,2.76
2010-06-03,2.78,2.80,2.64,2.71,113400,2.71
2010-06-02,2.72,2.79,2.70,2.76,26300,2.76
2010-06-01,2.72,2.80,2.72,2.75,114500,2.75
2010-05-28,2.66,2.77,2.66,2.77,34400,2.77
2010-05-27,2.65,2.70,2.6499,2.70,44000,2.70
2010-05-26,2.55,2.65,2.52,2.59,191400,2.59
2010-05-25,2.60,2.63,2.59,2.63,26700,2.63
2010-05-24,2.63,2.6901,2.60,2.64,58300,2.64
2010-05-21,2.55,2.67,2.52,2.67,59100,2.67
2010-05-20,2.50,2.56,2.4036,2.56,20600,2.56
2010-05-19,2.46,2.56,2.45,2.56,13800,2.56
2010-05-18,2.43,2.53,2.39,2.50,43300,2.50
2010-05-17,2.51,2.5699,2.43,2.46,17700,2.46
2010-05-14,2.60,2.60,2.44,2.54,50300,2.54
2010-05-13,2.69,2.7499,2.5801,2.70,9200,2.70
2010-05-12,2.56,2.80,2.50,2.76,37000,2.76
2010-05-11,2.55,2.571,2.53,2.53,19200,2.53
2010-05-10,2.56,2.66,2.56,2.58,19300,2.58
2010-05-07,2.56,2.67,2.51,2.56,39300,2.56
2010-05-06,2.60,2.66,2.55,2.61,46200,2.61
2010-05-05,2.62,2.66,2.62,2.66,11100,2.66
2010-05-04,2.72,2.74,2.62,2.65,17000,2.65
2010-05-03,2.75,2.80,2.72,2.75,11800,2.75
2010-04-30,2.87,2.90,2.75,2.75,20400,2.75
2010-04-29,2.83,2.85,2.77,2.85,30200,2.85
2010-04-28,2.81,2.85,2.70,2.77,18600,2.77
2010-04-27,2.85,2.87,2.78,2.80,13600,2.80
2010-04-26,2.75,2.85,2.75,2.83,17500,2.83
2010-04-23,2.89,2.89,2.73,2.77,29000,2.77
2010-04-22,2.88,2.97,2.72,2.86,83500,2.86
2010-04-21,2.50,2.94,2.50,2.85,146400,2.85
2010-04-20,2.55,2.55,2.4701,2.51,8700,2.51
2010-04-19,2.49,2.5299,2.4301,2.5299,37600,2.5299
2010-04-16,2.56,2.56,2.52,2.53,15300,2.53
2010-04-15,2.52,2.55,2.50,2.55,27700,2.55
2010-04-14,2.47,2.55,2.47,2.55,40700,2.55
2010-04-13,2.49,2.51,2.45,2.47,39400,2.47
2010-04-12,2.42,2.48,2.4199,2.45,75100,2.45
2010-04-09,2.49,2.50,2.4405,2.45,34700,2.45
2010-04-08,2.47,2.53,2.47,2.50,74200,2.50
2010-04-07,2.48,2.5001,2.48,2.50,82100,2.50
2010-04-06,2.45,2.49,2.39,2.47,43700,2.47
2010-04-05,2.31,2.47,2.31,2.45,18700,2.45
2010-04-01,2.38,2.38,2.33,2.33,31500,2.33
2010-03-31,2.38,2.40,2.3599,2.38,14500,2.38
2010-03-30,2.39,2.41,2.36,2.37,15300,2.37
2010-03-29,2.43,2.48,2.4101,2.48,37300,2.48
2010-03-26,2.42,2.50,2.42,2.50,70700,2.50
2010-03-25,2.40,2.47,2.36,2.45,44600,2.45
2010-03-24,2.40,2.45,2.3999,2.42,36800,2.42
2010-03-23,2.43,2.45,2.3899,2.44,36100,2.44
2010-03-22,2.41,2.44,2.35,2.41,39300,2.41
2010-03-19,2.47,2.55,2.38,2.45,73900,2.45
2010-03-18,2.45,2.47,2.41,2.47,28400,2.47
2010-03-17,2.42,2.45,2.40,2.44,14200,2.44
2010-03-16,2.44,2.48,2.42,2.45,75800,2.45
2010-03-15,2.38,2.47,2.35,2.41,81600,2.41
2010-03-12,2.35,2.41,2.32,2.40,122800,2.40
2010-03-11,2.24,2.3799,2.20,2.34,263200,2.34
2010-03-10,2.25,2.25,2.21,2.21,39900,2.21
2010-03-09,2.19,2.25,2.19,2.25,6000,2.25
2010-03-08,2.22,2.31,2.20,2.20,50600,2.20
2010-03-05,2.22,2.24,2.15,2.15,9500,2.15
2010-03-04,2.19,2.25,2.19,2.23,51900,2.23
2010-03-03,2.12,2.23,2.12,2.22,45000,2.22
2010-03-02,2.18,2.21,2.15,2.15,31200,2.15
2010-03-01,2.23,2.23,2.11,2.15,35700,2.15
2010-02-26,2.19,2.22,2.16,2.22,35600,2.22
2010-02-25,2.21,2.22,2.19,2.20,23400,2.20
2010-02-24,2.17,2.22,2.17,2.20,18400,2.20
2010-02-23,2.19,2.2099,2.19,2.20,30700,2.20
2010-02-22,2.17,2.20,2.11,2.20,22800,2.20
2010-02-19,2.15,2.18,2.11,2.17,14400,2.17
2010-02-18,2.15,2.20,2.14,2.19,58100,2.19
2010-02-17,2.12,2.20,2.12,2.20,19700,2.20
2010-02-16,2.16,2.16,2.13,2.15,14600,2.15
2010-02-12,2.19,2.20,2.10,2.10,10600,2.10
2010-02-11,2.20,2.25,2.176,2.21,51500,2.21
2010-02-10,2.20,2.23,2.19,2.23,31300,2.23
2010-02-09,2.19,2.20,2.14,2.18,9200,2.18
2010-02-08,2.20,2.21,2.14,2.1699,30400,2.1699
2010-02-05,2.17,2.24,2.16,2.21,16600,2.21
2010-02-04,2.13,2.18,2.12,2.18,33100,2.18
2010-02-03,2.15,2.16,2.11,2.16,87600,2.16
2010-02-02,2.15,2.15,2.12,2.15,11900,2.15
2010-02-01,2.15,2.15,2.12,2.15,6600,2.15
2010-01-29,2.15,2.18,2.08,2.09,28800,2.09
2010-01-28,2.15,2.1601,2.14,2.15,23500,2.15
2010-01-27,2.18,2.20,2.14,2.16,12400,2.16
2010-01-26,2.16,2.17,2.15,2.15,21500,2.15
2010-01-25,2.16,2.18,2.12,2.16,13800,2.16
2010-01-22,2.14,2.19,2.14,2.1501,42300,2.1501
2010-01-21,2.17,2.17,2.10,2.15,32200,2.15
2010-01-20,2.13,2.16,2.13,2.13,2300,2.13
2010-01-19,2.17,2.18,2.09,2.17,6000,2.17
2010-01-15,2.17,2.18,2.09,2.09,44300,2.09
2010-01-14,2.17,2.20,2.15,2.19,24000,2.19
2010-01-13,2.17,2.24,2.14,2.17,86800,2.17
2010-01-12,2.14,2.17,2.11,2.12,19100,2.12
2010-01-11,2.15,2.26,2.11,2.12,56900,2.12
2010-01-08,2.24,2.35,2.17,2.2299,118400,2.2299
2010-01-07,2.15,2.20,2.09,2.183,25800,2.183
2010-01-06,2.17,2.17,2.09,2.09,44700,2.09
2010-01-05,2.22,2.25,2.08,2.15,49200,2.15
2010-01-04,2.21,2.29,2.17,2.22,24800,2.22
2009-12-31,2.17,2.21,2.16,2.18,55900,2.18
2009-12-30,2.20,2.23,2.17,2.21,61100,2.21
2009-12-29,2.22,2.22,2.17,2.20,17100,2.20
2009-12-28,2.21,2.30,2.16,2.18,39200,2.18
2009-12-24,2.17,2.20,2.16,2.18,39400,2.18
2009-12-23,2.39,2.3999,2.19,2.20,20000,2.20
2009-12-22,2.17,2.40,2.17,2.37,61400,2.37
2009-12-21,2.10,2.64,2.08,2.42,215300,2.42
2009-12-18,2.09,2.14,2.08,2.09,10700,2.09
2009-12-17,2.12,2.18,2.08,2.18,21700,2.18
2009-12-16,2.10,2.12,2.04,2.10,14600,2.10
2009-12-15,2.08,2.11,2.06,2.06,32500,2.06
2009-12-14,2.09,2.09,2.04,2.05,14600,2.05
2009-12-11,2.11,2.11,2.05,2.0515,11600,2.0515
2009-12-10,2.08,2.10,2.04,2.0899,84700,2.0899
2009-12-09,2.08,2.09,2.0508,2.07,19500,2.07
2009-12-08,2.06,2.0802,2.06,2.06,10900,2.06
2009-12-07,2.08,2.10,2.07,2.10,52000,2.10
2009-12-04,2.10,2.12,2.08,2.10,49100,2.10
2009-12-03,2.05,2.1198,2.04,2.1198,31000,2.1198
2009-12-02,2.03,2.09,2.01,2.04,25500,2.04
2009-12-01,2.03,2.06,2.03,2.04,6500,2.04
2009-11-30,2.08,2.1099,2.04,2.05,50500,2.05
2009-11-27,2.09,2.09,2.05,2.05,16400,2.05
2009-11-25,2.09,2.12,2.05,2.10,71100,2.10
2009-11-24,2.10,2.13,2.07,2.11,16800,2.11
2009-11-23,2.06,2.1025,2.04,2.10,63800,2.10
2009-11-20,2.03,2.084,2.02,2.08,41200,2.08
2009-11-19,2.12,2.12,2.05,2.07,57600,2.07
2009-11-18,2.17,2.17,2.12,2.12,4200,2.12
2009-11-17,2.17,2.17,2.12,2.15,12600,2.15
2009-11-16,2.18,2.20,2.06,2.14,39900,2.14
2009-11-13,2.20,2.20,2.13,2.188,13600,2.188
2009-11-12,2.23,2.28,2.21,2.23,10600,2.23
2009-11-11,2.20,2.26,2.20,2.26,27700,2.26
2009-11-10,2.20,2.25,2.20,2.21,27300,2.21
2009-11-09,2.20,2.246,2.20,2.23,24500,2.23
2009-11-06,2.17,2.20,2.13,2.18,11300,2.18
2009-11-05,2.21,2.25,2.13,2.15,54200,2.15
2009-11-04,2.19,2.22,2.19,2.20,51700,2.20
2009-11-03,2.16,2.18,2.14,2.14,23000,2.14
2009-11-02,2.19,2.23,2.10,2.15,37400,2.15
2009-10-30,2.27,2.27,2.18,2.22,10600,2.22
2009-10-29,2.28,2.34,2.14,2.24,34100,2.24
2009-10-28,2.29,2.33,2.22,2.24,32000,2.24
2009-10-27,2.21,2.251,2.20,2.24,21400,2.24
2009-10-26,2.30,2.38,2.21,2.24,30500,2.24
2009-10-23,2.36,2.36,2.30,2.30,36400,2.30
2009-10-22,2.33,2.38,2.30,2.36,34800,2.36
2009-10-21,2.34,2.40,2.21,2.32,24200,2.32
2009-10-20,2.40,2.40,2.35,2.37,14500,2.37
2009-10-19,2.30,2.40,2.30,2.37,51900,2.37
2009-10-16,2.39,2.40,2.30,2.3101,18400,2.3101
2009-10-15,2.31,2.37,2.3001,2.348,9900,2.348
2009-10-14,2.20,2.41,2.20,2.30,51600,2.30
2009-10-13,2.20,2.24,2.17,2.19,5800,2.19
2009-10-12,2.23,2.25,2.20,2.21,8900,2.21
2009-10-09,2.24,2.29,2.20,2.25,6500,2.25
2009-10-08,2.13,2.21,2.13,2.21,66500,2.21
2009-10-07,2.17,2.18,2.13,2.13,27000,2.13
2009-10-06,2.16,2.17,2.13,2.14,66600,2.14
2009-10-05,2.15,2.23,2.1199,2.149,30600,2.149
2009-10-02,2.15,2.19,2.10,2.14,21400,2.14
2009-10-01,2.13,2.19,2.13,2.15,56100,2.15
2009-09-30,2.20,2.21,2.11,2.12,56100,2.12
2009-09-29,2.20,2.28,2.17,2.20,30100,2.20
2009-09-28,2.30,2.36,2.20,2.24,49800,2.24
2009-09-25,2.28,2.36,2.28,2.30,28600,2.30
2009-09-24,2.47,2.50,2.32,2.39,28200,2.39
2009-09-23,2.52,2.609,2.47,2.50,23800,2.50
2009-09-22,2.46,2.50,2.446,2.48,13100,2.48
2009-09-21,2.53,2.55,2.44,2.46,29000,2.46
2009-09-18,2.42,2.55,2.39,2.51,72100,2.51
2009-09-17,2.50,2.70,2.43,2.45,41900,2.45
2009-09-16,2.52,2.5575,2.47,2.49,24300,2.49
2009-09-15,2.74,2.74,2.46,2.54,111700,2.54
2009-09-14,2.30,2.91,2.30,2.74,499000,2.74
2009-09-11,2.34,2.35,2.2775,2.28,37000,2.28
2009-09-10,2.27,2.35,2.25,2.30,35400,2.30
2009-09-09,2.31,2.31,2.23,2.24,41600,2.24
2009-09-08,2.25,2.30,2.20,2.28,40700,2.28
2009-09-04,2.2799,2.2799,2.16,2.2101,28600,2.2101
2009-09-03,2.20,2.26,2.08,2.24,35600,2.24
2009-09-02,2.18,2.24,2.18,2.21,36200,2.21
2009-09-01,2.29,2.38,2.11,2.22,85800,2.22
2009-08-31,2.34,2.37,2.22,2.32,87000,2.32
2009-08-28,2.21,2.38,2.21,2.31,82200,2.31
2009-08-27,2.23,2.2799,2.16,2.236,92700,2.236
2009-08-26,2.10,2.40,2.10,2.20,333600,2.20
2009-08-25,2.09,2.10,2.03,2.10,85200,2.10
2009-08-24,2.05,2.0999,2.0101,2.05,71800,2.05
2009-08-21,2.04,2.11,2.00,2.05,107700,2.05
2009-08-20,2.05,2.07,2.04,2.06,24700,2.06
2009-08-19,2.01,2.14,2.01,2.04,116700,2.04
2009-08-18,2.0536,2.06,2.02,2.05,88200,2.05
2009-08-17,2.00,2.12,1.97,2.05,83400,2.05
2009-08-14,2.03,2.06,2.01,2.02,151300,2.02
2009-08-13,2.10,2.1002,2.00,2.01,59300,2.01
2009-08-12,2.00,2.14,1.99,2.10,91400,2.10
2009-08-11,2.00,2.07,1.99,2.02,43300,2.02
2009-08-10,1.99,2.19,1.9701,2.05,272300,2.05
2009-08-07,2.02,2.24,1.95,2.03,540600,2.03
2009-08-06,2.07,2.08,1.9901,2.00,34500,2.00
2009-08-05,1.97,2.0652,1.97,2.03,55200,2.03
2009-08-04,1.93,2.05,1.93,2.00,45700,2.00
2009-08-03,1.87,2.00,1.87,1.97,37600,1.97
2009-07-31,1.85,1.93,1.82,1.90,30500,1.90
2009-07-30,1.92,1.94,1.85,1.85,28100,1.85
2009-07-29,1.88,1.91,1.88,1.90,11700,1.90
2009-07-28,1.89,1.93,1.85,1.93,13900,1.93
2009-07-27,1.92,1.95,1.90,1.93,8500,1.93
2009-07-24,1.91,1.95,1.91,1.95,11400,1.95
2009-07-23,1.91,1.97,1.90,1.9001,29100,1.9001
2009-07-22,1.89,1.91,1.88,1.90,12800,1.90
2009-07-21,1.87,1.90,1.81,1.90,13300,1.90
2009-07-20,1.80,1.92,1.80,1.90,28300,1.90
2009-07-17,1.90,1.91,1.86,1.91,18900,1.91
2009-07-16,1.94,1.94,1.90,1.93,4500,1.93
2009-07-15,1.95,1.98,1.8999,1.95,24900,1.95
2009-07-14,1.9236,1.95,1.78,1.93,35600,1.93
2009-07-13,1.85,1.96,1.85,1.95,17100,1.95
2009-07-10,1.77,1.85,1.76,1.848,9300,1.848
2009-07-09,1.75,1.796,1.748,1.79,8600,1.79
2009-07-08,1.7299,1.77,1.68,1.77,31400,1.77
2009-07-07,1.8099,1.8099,1.67,1.68,174700,1.68
2009-07-06,1.8645,1.8645,1.76,1.77,57200,1.77
2009-07-02,1.88,1.97,1.79,1.90,89800,1.90
2009-07-01,2.04,2.04,1.90,1.90,66700,1.90
2009-06-30,1.99,2.03,1.97,1.99,17500,1.99
2009-06-29,2.13,2.13,2.01,2.0199,14000,2.0199
2009-06-26,1.93,2.80,1.93,2.20,62800,2.20
2009-06-25,1.99,1.99,1.92,1.97,20800,1.97
2009-06-24,2.01,2.08,2.01,2.02,9100,2.02
2009-06-23,2.02,2.04,2.01,2.04,15500,2.04
2009-06-22,2.10,2.14,1.97,1.98,77600,1.98
2009-06-19,2.15,2.15,2.05,2.05,10900,2.05
2009-06-18,2.00,2.16,2.00,2.09,22300,2.09
2009-06-17,2.03,2.07,2.00,2.04,9300,2.04
2009-06-16,2.11,2.14,2.02,2.05,50000,2.05
2009-06-15,2.09,2.66,2.07,2.10,89300,2.10
2009-06-12,2.23,2.23,2.05,2.17,51100,2.17
2009-06-11,2.17,2.20,2.16,2.17,27800,2.17
2009-06-10,2.2399,2.25,2.13,2.17,68600,2.17
2009-06-09,2.28,2.28,2.20,2.25,112200,2.25
2009-06-08,2.32,2.36,2.00,2.35,50000,2.35
2009-06-05,2.34,2.4098,2.31,2.36,35400,2.36
2009-06-04,2.23,2.38,2.23,2.34,94400,2.34
2009-06-03,2.01,2.17,1.97,2.17,31600,2.17
2009-06-02,1.99,2.15,1.955,2.01,46100,2.01
2009-06-01,1.85,2.07,1.85,1.99,171700,1.99
2009-05-29,1.82,1.90,1.82,1.84,109000,1.84
2009-05-28,1.80,1.85,1.75,1.79,16400,1.79
2009-05-27,1.85,1.88,1.80,1.81,71800,1.81
2009-05-26,1.86,1.87,1.85,1.87,72400,1.87
2009-05-22,1.85,1.88,1.84,1.87,10600,1.87
2009-05-21,1.77,1.88,1.77,1.85,334300,1.85
2009-05-20,1.85,1.86,1.82,1.84,131300,1.84
2009-05-19,1.7401,1.82,1.7401,1.82,29700,1.82
2009-05-18,1.78,1.79,1.68,1.77,30000,1.77
2009-05-15,1.79,1.81,1.6299,1.73,95500,1.73
2009-05-14,1.92,1.92,1.81,1.85,38000,1.85
2009-05-13,1.81,2.14,1.73,1.78,191500,1.78
2009-05-12,1.87,1.8799,1.82,1.85,59700,1.85
2009-05-11,1.82,1.88,1.808,1.83,101400,1.83
2009-05-08,1.85,1.85,1.80,1.84,66500,1.84
2009-05-07,1.79,1.87,1.78,1.80,51400,1.80
2009-05-06,1.86,1.88,1.78,1.82,101900,1.82
2009-05-05,1.80,1.83,1.758,1.8101,47100,1.8101
2009-05-04,1.82,1.97,1.78,1.78,278800,1.78
2009-05-01,1.87,1.89,1.83,1.84,33700,1.84
2009-04-30,1.9099,1.9099,1.80,1.82,156800,1.82
2009-04-29,1.87,1.91,1.83,1.85,166800,1.85
2009-04-28,1.87,1.89,1.83,1.87,35600,1.87
2009-04-27,1.79,1.92,1.79,1.84,26900,1.84
2009-04-24,1.81,1.86,1.80,1.84,10900,1.84
2009-04-23,1.85,1.87,1.80,1.83,12500,1.83
2009-04-22,1.79,1.85,1.78,1.83,28600,1.83
2009-04-21,1.7408,1.83,1.74,1.79,5200,1.79
2009-04-20,1.75,1.84,1.70,1.75,49600,1.75
2009-04-17,1.78,1.83,1.78,1.81,11700,1.81
2009-04-16,1.82,1.85,1.74,1.80,25200,1.80
2009-04-15,1.72,1.79,1.71,1.77,17600,1.77
2009-04-14,1.68,1.76,1.62,1.73,34200,1.73
2009-04-13,1.59,1.81,1.59,1.67,65100,1.67
2009-04-09,1.58,1.63,1.58,1.63,10900,1.63
2009-04-08,1.51,1.59,1.50,1.58,17900,1.58
2009-04-07,1.56,1.69,1.5102,1.55,27600,1.55
2009-04-06,1.55,1.57,1.535,1.56,32600,1.56
2009-04-03,1.54,1.91,1.54,1.56,39600,1.56
2009-04-02,1.52,1.67,1.52,1.57,89800,1.57
2009-04-01,1.59,1.66,1.4199,1.57,162700,1.57
2009-03-31,1.63,1.71,1.62,1.71,145800,1.71
2009-03-30,1.50,1.64,1.50,1.59,72900,1.59
2009-03-27,1.63,1.6301,1.59,1.60,21100,1.60
2009-03-26,1.54,1.65,1.54,1.63,12800,1.63
2009-03-25,1.56,1.65,1.56,1.56,52200,1.56
2009-03-24,1.41,1.49,1.40,1.48,21300,1.48
2009-03-23,1.45,1.48,1.36,1.45,15000,1.45
2009-03-20,1.12,1.49,1.12,1.46,77000,1.46
2009-03-19,1.5482,1.55,1.32,1.46,59600,1.46
2009-03-18,1.34,1.62,1.34,1.49,119200,1.49
2009-03-17,1.34,1.44,1.32,1.39,39400,1.39
2009-03-16,1.19,1.38,1.18,1.35,146200,1.35
2009-03-13,1.19,1.23,1.1603,1.23,206000,1.23
2009-03-12,1.2199,1.2199,1.095,1.19,555800,1.19
2009-03-11,1.22,1.27,1.19,1.19,31600,1.19
2009-03-10,1.22,1.265,1.21,1.24,151500,1.24
2009-03-09,1.24,1.2701,1.24,1.26,44400,1.26
2009-03-06,1.41,1.42,1.19,1.30,418300,1.30
2009-03-05,1.44,1.44,1.34,1.385,21800,1.385
2009-03-04,1.40,1.44,1.33,1.41,21500,1.41
2009-03-03,1.50,1.51,1.2701,1.42,67000,1.42
2009-03-02,1.74,1.74,1.47,1.50,36400,1.50
2009-02-27,1.56,1.84,1.45,1.84,34900,1.84
2009-02-26,1.55,1.59,1.54,1.54,9200,1.54
2009-02-25,1.5101,1.66,1.5101,1.57,71400,1.57
2009-02-24,1.54,1.60,1.50,1.54,41200,1.54
2009-02-23,1.65,1.71,1.52,1.57,68800,1.57
2009-02-20,1.72,1.78,1.65,1.66,39300,1.66
2009-02-19,1.70,1.79,1.70,1.79,19500,1.79
2009-02-18,1.71,1.76,1.70,1.70,7500,1.70
2009-02-17,1.70,1.77,1.70,1.7224,6000,1.7224
2009-02-13,1.75,1.80,1.73,1.78,33000,1.78
2009-02-12,1.81,1.81,1.78,1.80,25500,1.80
2009-02-11,1.91,1.9504,1.83,1.84,96400,1.84
2009-02-10,1.92,1.98,1.91,1.91,47100,1.91
2009-02-09,1.9301,1.96,1.9301,1.95,3200,1.95
2009-02-06,1.95,1.98,1.90,1.95,60100,1.95
2009-02-05,1.95,1.9892,1.95,1.97,31800,1.97
2009-02-04,1.98,2.00,1.95,1.96,36000,1.96
2009-02-03,1.98,2.03,1.98,1.99,55700,1.99
2009-02-02,2.06,2.06,1.98,2.00,71900,2.00
2009-01-30,2.04,2.06,2.0103,2.03,24400,2.03
2009-01-29,2.04,2.06,2.02,2.05,9200,2.05
2009-01-28,2.05,2.05,1.99,2.05,59500,2.05
2009-01-27,2.01,2.05,1.98,1.98,37500,1.98
2009-01-26,1.94,2.05,1.94,2.05,59400,2.05
2009-01-23,1.99,2.01,1.97,1.99,31300,1.99
2009-01-22,1.92,2.01,1.918,1.99,37500,1.99
2009-01-21,2.03,2.07,1.93,1.97,120300,1.97
2009-01-20,2.01,2.16,2.01,2.02,33200,2.02
2009-01-16,2.09,2.18,2.03,2.08,66500,2.08
2009-01-15,2.12,2.17,1.95,2.05,79600,2.05
2009-01-14,2.21,2.21,2.04,2.08,31000,2.08
2009-01-13,2.15,2.20,2.15,2.20,8200,2.20
2009-01-12,2.16,2.21,2.02,2.17,47900,2.17
2009-01-09,2.2732,2.2732,2.20,2.21,45200,2.21
2009-01-08,2.33,2.33,2.22,2.24,25100,2.24
2009-01-07,2.46,2.46,2.3401,2.405,51100,2.405
2009-01-06,2.49,2.49,2.35,2.45,101900,2.45
2009-01-05,2.355,2.45,2.258,2.42,72300,2.42
2009-01-02,2.27,2.35,2.26,2.35,34500,2.35
2008-12-31,2.20,2.32,2.20,2.27,78800,2.27
2008-12-30,2.22,2.27,2.20,2.23,74300,2.23
2008-12-29,2.35,2.38,2.27,2.27,92000,2.27
2008-12-26,2.52,2.58,2.32,2.40,40100,2.40
2008-12-24,2.45,2.59,2.31,2.52,68100,2.52
2008-12-23,2.38,2.40,2.16,2.39,111800,2.39
2008-12-22,3.25,3.37,3.16,3.34,83300,3.34
2008-12-19,3.31,3.44,3.23,3.24,85900,3.24
2008-12-18,3.26,3.33,3.21,3.31,60000,3.31
2008-12-17,3.34,3.34,3.07,3.30,73600,3.30
2008-12-16,3.73,3.74,2.90,3.30,369300,3.30
2008-12-15,3.89,4.10,3.58,3.7899,85300,3.7899
2008-12-12,4.02,4.14,3.92,3.93,107000,3.93
2008-12-11,3.65,4.2299,3.65,4.15,126400,4.15
2008-12-10,3.88,3.93,3.60,3.80,128600,3.80
2008-12-09,3.75,3.99,3.65,3.6801,180100,3.6801
2008-12-08,3.84,3.90,3.45,3.66,311500,3.66
2008-12-05,3.10,3.16,3.01,3.09,48400,3.09
2008-12-04,3.10,3.17,3.10,3.15,29000,3.15
2008-12-03,3.02,3.18,3.02,3.15,12900,3.15
2008-12-02,3.30,3.30,3.00,3.00,29400,3.00
2008-12-01,3.06,3.13,2.97,3.09,46000,3.09
2008-11-28,3.04,3.18,3.04,3.13,19200,3.13
2008-11-26,3.05,3.11,3.03,3.11,28700,3.11
2008-11-25,3.05,3.15,3.01,3.07,24500,3.07
2008-11-24,3.00,3.12,2.90,3.05,77600,3.05
2008-11-21,3.10,3.15,3.00,3.03,95700,3.03
2008-11-20,3.24,3.29,3.07,3.07,129700,3.07
2008-11-19,3.33,3.48,3.25,3.32,31700,3.32
2008-11-18,3.53,3.57,3.43,3.48,45300,3.48
2008-11-17,3.70,3.82,3.49,3.64,50900,3.64
2008-11-14,3.66,3.83,3.65,3.80,47500,3.80
2008-11-13,3.46,3.74,3.39,3.66,56900,3.66
2008-11-12,3.61,3.67,3.50,3.51,34500,3.51
2008-11-11,3.48,3.77,3.43,3.71,34100,3.71
2008-11-10,3.74,3.86,3.55,3.57,76100,3.57
2008-11-07,3.32,3.75,3.32,3.75,96400,3.75
2008-11-06,3.41,3.55,3.21,3.21,125200,3.21
2008-11-05,3.39,3.62,3.34,3.47,68700,3.47
2008-11-04,3.41,3.65,3.31,3.40,59300,3.40
2008-11-03,3.43,3.59,3.43,3.45,88400,3.45
2008-10-31,3.03,3.53,3.03,3.51,115900,3.51
2008-10-30,3.19,3.31,3.19,3.31,124600,3.31
2008-10-29,3.22,3.28,3.19,3.21,46600,3.21
2008-10-28,3.25,3.35,3.15,3.28,103700,3.28
2008-10-27,3.50,3.56,3.24,3.24,88300,3.24
2008-10-24,3.59,3.63,3.21,3.56,50000,3.56
2008-10-23,3.84,3.84,3.74,3.74,24300,3.74
2008-10-22,3.89,3.981,3.85,3.88,33300,3.88
2008-10-21,3.86,4.16,3.86,4.00,21500,4.00
2008-10-20,3.90,4.12,3.90,4.01,45400,4.01
2008-10-17,3.64,3.97,3.64,3.80,30000,3.80
2008-10-16,3.99,3.99,3.70,3.74,36300,3.74
2008-10-15,3.70,3.77,3.70,3.75,21400,3.75
2008-10-14,4.05,4.08,3.76,3.80,33600,3.80
2008-10-13,3.71,4.07,3.70,4.05,55800,4.05
2008-10-10,3.73,3.74,3.511,3.68,175500,3.68
2008-10-09,4.03,4.09,3.79,3.79,116400,3.79
2008-10-08,4.01,4.124,4.00,4.02,77500,4.02
2008-10-07,4.15,4.18,4.07,4.12,57100,4.12
2008-10-06,4.10,4.18,4.04,4.18,147400,4.18
2008-10-03,4.28,4.41,4.22,4.22,32900,4.22
2008-10-02,4.25,4.39,4.25,4.31,37500,4.31
2008-10-01,4.39,4.44,4.15,4.28,46100,4.28
2008-09-30,4.10,4.48,4.03,4.48,93500,4.48
2008-09-29,4.38,4.45,4.09,4.45,61600,4.45
2008-09-26,4.41,4.53,4.31,4.45,28400,4.45
2008-09-25,4.55,4.65,4.48,4.51,45300,4.51
2008-09-24,4.53,4.59,4.53,4.58,37600,4.58
2008-09-23,4.53,4.61,4.50,4.55,27900,4.55
2008-09-22,4.51,4.66,4.51,4.57,41400,4.57
2008-09-19,5.18,5.18,4.50,4.59,179700,4.59
2008-09-18,4.57,4.94,4.53,4.81,152000,4.81
2008-09-17,4.50,4.60,4.50,4.55,88700,4.55
2008-09-16,4.65,4.73,4.60,4.73,96200,4.73
2008-09-15,4.87,4.97,4.66,4.70,76300,4.70
2008-09-12,4.98,5.65,4.86,5.01,379000,5.01
2008-09-11,5.05,5.13,5.02,5.07,102800,5.07
2008-09-10,5.07,5.14,5.07,5.13,30200,5.13
2008-09-09,5.10,5.20,5.08,5.08,113900,5.08
2008-09-08,5.19,5.20,5.10,5.14,63900,5.14
2008-09-05,5.09,5.19,5.09,5.19,65400,5.19
2008-09-04,5.10,5.24,5.10,5.14,193100,5.14
2008-09-03,5.16,5.29,5.14,5.16,39200,5.16
2008-09-02,5.10,5.35,5.10,5.18,224500,5.18
2008-08-29,5.15,5.20,5.07,5.07,108400,5.07
2008-08-28,5.11,5.25,5.11,5.20,43700,5.20
2008-08-27,5.16,5.19,5.06,5.13,22200,5.13
2008-08-26,5.06,5.20,5.06,5.20,106600,5.20
2008-08-25,5.21,5.21,5.08,5.11,62600,5.11
2008-08-22,5.25,5.33,5.20,5.26,68700,5.26
2008-08-21,5.27,5.362,5.21,5.22,85900,5.22
2008-08-20,5.22,5.38,5.12,5.30,62300,5.30
2008-08-19,5.30,5.40,5.25,5.30,105400,5.30
2008-08-18,5.38,5.54,5.30,5.35,101800,5.35
2008-08-15,5.40,5.47,5.40,5.47,173900,5.47
2008-08-14,5.40,5.65,5.20,5.33,791900,5.33
2008-08-13,4.79,5.00,4.55,4.87,106500,4.87
2008-08-12,4.80,4.95,4.80,4.85,93500,4.85
2008-08-11,4.73,5.10,4.69,4.91,137400,4.91
2008-08-08,4.25,4.90,4.15,4.87,340500,4.87
2008-08-07,4.71,5.25,4.71,5.09,229000,5.09
2008-08-06,4.74,4.92,4.64,4.81,176200,4.81
2008-08-05,4.39,4.85,4.39,4.85,146400,4.85
2008-08-04,4.40,4.59,4.36,4.40,80900,4.40
2008-08-01,4.57,4.64,4.39,4.40,180600,4.40
2008-07-31,4.52,4.67,4.486,4.52,59300,4.52
2008-07-30,4.73,4.75,4.42,4.59,77800,4.59
2008-07-29,4.86,4.96,4.68,4.75,139500,4.75
2008-07-28,4.50,4.90,4.40,4.89,101200,4.89
2008-07-25,5.28,5.29,4.435,4.50,249900,4.50
2008-07-24,5.69,5.73,5.19,5.28,80500,5.28
2008-07-23,5.50,5.74,5.50,5.55,101000,5.55
2008-07-22,5.64,5.70,5.42,5.50,173900,5.50
2008-07-21,5.27,5.60,5.15,5.58,160100,5.58
2008-07-18,5.03,5.18,4.75,5.16,87500,5.16
2008-07-17,4.80,5.05,4.59,4.98,208700,4.98
2008-07-16,4.50,4.85,4.36,4.80,175700,4.80
2008-07-15,4.53,4.65,4.44,4.53,149400,4.53
2008-07-14,4.31,4.60,4.30,4.47,121300,4.47
2008-07-11,4.21,4.37,4.15,4.32,69800,4.32
2008-07-10,4.38,4.60,4.15,4.30,59300,4.30
2008-07-09,4.4101,4.51,4.25,4.27,50900,4.27
2008-07-08,4.31,4.63,4.30,4.53,66000,4.53
2008-07-07,4.49,4.68,4.26,4.35,113000,4.35
2008-07-03,4.17,4.50,4.05,4.45,64000,4.45
2008-07-02,4.06,4.18,4.05,4.11,90300,4.11
2008-07-01,4.05,4.18,3.96,4.01,229400,4.01
2008-06-30,4.04,4.21,4.00,4.06,55500,4.06
2008-06-27,4.05,4.35,4.00,4.00,597800,4.00
2008-06-26,4.20,4.27,4.03,4.07,99900,4.07
2008-06-25,4.05,4.23,4.02,4.17,74200,4.17
2008-06-24,4.09,4.22,4.035,4.07,64400,4.07
2008-06-23,4.14,4.17,4.03,4.08,81900,4.08
2008-06-20,4.20,4.26,4.08,4.08,177000,4.08
2008-06-19,4.29,4.33,4.12,4.17,72500,4.17
2008-06-18,3.95,4.52,3.91,4.27,798200,4.27
2008-06-17,4.17,4.17,3.98,4.00,67500,4.00
2008-06-16,3.94,4.33,3.87,4.12,76700,4.12
2008-06-13,3.93,4.06,3.88,4.00,120700,4.00
2008-06-12,4.15,4.26,3.86,3.87,77600,3.87
2008-06-11,4.25,4.30,4.13,4.15,110600,4.15
2008-06-10,4.25,4.34,4.25,4.29,79600,4.29
2008-06-09,4.25,4.34,4.25,4.28,77800,4.28
2008-06-06,4.34,4.36,4.25,4.26,45000,4.26
2008-06-05,4.27,4.35,4.25,4.34,57600,4.34
2008-06-04,4.30,4.34,4.25,4.28,225600,4.28
2008-06-03,4.32,4.34,4.27,4.28,48800,4.28
2008-06-02,4.38,4.38,4.25,4.27,100900,4.27
2008-05-30,4.36,4.40,4.25,4.39,100000,4.39
2008-05-29,4.36,4.39,4.29,4.32,60600,4.32
2008-05-28,4.32,4.38,4.28,4.36,71800,4.36
2008-05-27,4.31,4.45,4.29,4.34,216000,4.34
2008-05-23,4.33,4.33,4.30,4.33,60000,4.33
2008-05-22,4.32,4.36,4.28,4.36,52900,4.36
2008-05-21,4.40,4.40,4.30,4.32,213500,4.32
2008-05-20,4.41,4.47,4.32,4.39,106000,4.39
2008-05-19,4.40,4.45,4.32,4.41,256600,4.41
2008-05-16,4.50,4.50,4.38,4.39,230200,4.39
2008-05-15,4.39,4.49,4.37,4.48,92000,4.48
2008-05-14,4.45,4.48,4.38,4.42,151400,4.42
2008-05-13,4.35,4.46,4.32,4.45,230100,4.45
2008-05-12,4.35,4.47,4.20,4.34,262700,4.34
2008-05-09,4.29,4.50,4.19,4.30,186000,4.30
2008-05-08,4.25,4.56,4.25,4.56,209700,4.56
2008-05-07,4.25,4.40,4.17,4.24,111800,4.24
2008-05-06,4.32,4.45,4.20,4.21,116900,4.21
2008-05-05,4.50,4.50,4.30,4.33,73600,4.33
2008-05-02,4.47,4.53,4.24,4.38,141000,4.38
2008-05-01,4.38,4.49,4.23,4.45,70800,4.45
2008-04-30,4.40,4.58,4.27,4.35,193700,4.35
2008-04-29,4.50,4.58,4.33,4.40,169800,4.40
2008-04-28,4.37,4.50,4.35,4.46,65800,4.46
2008-04-25,4.29,4.347,4.21,4.31,47600,4.31
2008-04-24,4.24,4.30,4.152,4.30,70500,4.30
2008-04-23,4.34,4.41,4.17,4.23,88400,4.23
2008-04-22,4.42,4.42,4.22,4.24,33800,4.24
2008-04-21,4.61,4.61,4.38,4.47,41300,4.47
2008-04-18,4.54,4.63,4.35,4.56,56600,4.56
2008-04-17,4.63,4.63,4.40,4.40,63000,4.40
2008-04-16,4.31,4.67,4.31,4.59,66100,4.59
2008-04-15,4.43,4.46,4.14,4.31,108500,4.31
2008-04-14,4.46,4.55,4.29,4.41,43100,4.41
2008-04-11,4.63,4.63,4.36,4.39,52200,4.39
2008-04-10,4.70,4.751,4.56,4.751,76100,4.751
2008-04-09,4.72,4.78,4.68,4.73,31200,4.73
2008-04-08,4.62,4.69,4.52,4.67,69900,4.67
2008-04-07,4.74,4.90,4.59,4.59,59400,4.59
2008-04-04,4.90,5.03,4.66,4.75,282400,4.75
2008-04-03,4.92,5.18,4.72,4.92,135500,4.92
2008-04-02,4.69,5.03,4.54,4.89,152800,4.89
2008-04-01,4.38,4.59,4.35,4.55,115000,4.55
2008-03-31,4.50,4.57,4.29,4.29,161500,4.29
2008-03-28,4.48,4.53,4.35,4.36,74100,4.36
2008-03-27,4.45,4.59,4.34,4.39,73000,4.39
2008-03-26,4.70,4.93,4.34,4.42,156700,4.42
2008-03-25,4.79,5.01,4.70,4.74,83500,4.74
2008-03-24,4.99,5.07,4.74,4.81,124500,4.81
2008-03-20,4.97,5.11,4.55,4.95,277700,4.95
2008-03-19,4.34,4.59,4.30,4.49,96900,4.49
2008-03-18,4.47,4.50,4.34,4.46,58300,4.46
2008-03-17,4.13,4.49,4.01,4.30,157900,4.30
2008-03-14,4.59,4.59,4.20,4.32,127800,4.32
2008-03-13,4.50,4.52,4.2396,4.52,109900,4.52
2008-03-12,4.21,4.67,4.21,4.60,160300,4.60
2008-03-11,4.21,4.26,4.06,4.20,477100,4.20
2008-03-10,4.12,4.30,4.12,4.16,161300,4.16
2008-03-07,4.20,4.39,4.08,4.12,296300,4.12
2008-03-06,4.26,4.35,4.23,4.26,156700,4.26
2008-03-05,4.48,4.59,4.20,4.32,1062900,4.32
2008-03-04,4.83,4.98,4.57,4.59,537500,4.59
2008-03-03,4.85,5.00,4.60,4.79,471500,4.79
2008-02-29,5.17,5.24,4.83,4.89,497600,4.89
2008-02-28,5.51,5.55,5.18,5.28,207700,5.28
2008-02-27,5.40,5.75,5.36,5.58,112900,5.58
2008-02-26,5.50,5.72,5.35,5.39,43400,5.39
2008-02-25,5.47,5.82,5.47,5.50,103800,5.50
2008-02-22,5.55,5.58,5.38,5.42,148500,5.42
2008-02-21,6.10,6.10,5.52,5.56,97400,5.56
2008-02-20,6.02,6.10,6.00,6.08,15200,6.08
2008-02-19,6.45,6.45,6.00,6.03,97700,6.03
2008-02-15,6.23,6.36,6.17,6.29,99400,6.29
2008-02-14,6.27,6.38,6.04,6.12,138800,6.12
2008-02-13,6.21,6.42,6.20,6.28,85000,6.28
2008-02-12,6.20,6.30,6.09,6.15,95600,6.15
2008-02-11,6.27,6.30,6.18,6.18,150000,6.18
2008-02-08,6.42,6.45,6.19,6.20,157400,6.20
2008-02-07,6.30,6.47,6.24,6.39,109900,6.39
2008-02-06,6.45,6.60,6.21,6.24,137600,6.24
2008-02-05,6.40,6.55,6.23,6.38,173000,6.38
2008-02-04,6.39,6.51,6.30,6.40,129100,6.40
2008-02-01,6.10,6.39,5.97,6.39,433200,6.39
2008-01-31,6.06,6.37,5.98,6.00,245100,6.00
2008-01-30,6.35,6.41,6.11,6.13,405500,6.13
2008-01-29,6.46,6.49,6.27,6.35,220200,6.35
2008-01-28,6.35,6.60,6.35,6.39,158200,6.39
2008-01-25,6.51,6.54,6.30,6.33,175600,6.33
2008-01-24,6.22,6.60,6.18,6.58,258400,6.58
2008-01-23,6.62,6.65,6.42,6.60,210600,6.60
2008-01-22,6.25,6.722,6.15,6.52,226300,6.52
2008-01-18,6.54,6.70,6.30,6.51,73100,6.51
2008-01-17,6.66,6.80,6.48,6.50,104300,6.50
2008-01-16,6.60,6.74,6.35,6.66,171500,6.66
2008-01-15,6.43,6.86,6.16,6.68,197400,6.68
2008-01-14,6.31,6.57,6.25,6.46,132100,6.46
2008-01-11,6.19,6.35,6.02,6.25,171400,6.25
2008-01-10,6.15,6.23,6.15,6.23,335100,6.23
2008-01-09,6.31,6.47,6.02,6.15,221700,6.15
2008-01-08,6.40,6.61,6.27,6.32,143700,6.32
2008-01-07,6.42,6.52,6.14,6.34,178100,6.34
2008-01-04,6.61,6.6999,6.25,6.37,222200,6.37
2008-01-03,6.69,6.79,6.58,6.68,150000,6.68
2008-01-02,7.13,7.26,6.74,7.26,130500,7.26
2007-12-31,7.20,7.32,6.63,6.96,349400,6.96
2007-12-28,6.87,7.30,6.62,6.99,441900,6.99
2007-12-27,6.30,6.91,6.30,6.88,271300,6.88
2007-12-26,5.98,6.35,5.98,6.34,303900,6.34
2007-12-24,6.14,6.24,6.00,6.02,118500,6.02
2007-12-21,6.18,6.24,6.00,6.04,178300,6.04
2007-12-20,6.02,6.05,5.96,6.05,100000,6.05
2007-12-19,5.90,6.23,5.85,6.00,290900,6.00
2007-12-18,6.03,6.10,5.90,5.91,166200,5.91
2007-12-17,6.00,6.08,5.99,5.99,79400,5.99
2007-12-14,5.95,6.15,5.95,6.00,92800,6.00
2007-12-13,6.02,6.12,5.90,6.07,131900,6.07
2007-12-12,6.60,6.62,5.95,6.05,218600,6.05
2007-12-11,6.69,6.80,6.30,6.31,173600,6.31
2007-12-10,6.55,6.75,6.54,6.69,202000,6.69
2007-12-07,6.42,6.75,6.26,6.45,221500,6.45
2007-12-06,6.15,6.20,5.97,6.20,117400,6.20
2007-12-05,6.05,6.19,6.00,6.06,136900,6.06
2007-12-04,6.05,6.15,5.90,6.00,82100,6.00
2007-12-03,6.03,6.25,5.75,6.03,453600,6.03
2007-11-30,6.22,6.45,5.99,6.09,131800,6.09
2007-11-29,6.29,6.29,6.02,6.16,94200,6.16
2007-11-28,6.12,6.40,5.91,6.22,190100,6.22
2007-11-27,6.10,6.22,5.93,6.10,357900,6.10
2007-11-26,6.14,6.17,5.96,6.11,224300,6.11
2007-11-23,5.95,6.17,5.80,6.01,102900,6.01
2007-11-21,6.01,6.19,5.92,5.94,72600,5.94
2007-11-20,6.25,6.25,5.87,6.13,161300,6.13
2007-11-19,6.24,6.24,6.05,6.11,157000,6.11
2007-11-16,6.30,6.46,6.09,6.18,124200,6.18
2007-11-15,6.59,6.59,6.26,6.29,133400,6.29
2007-11-14,6.18,7.16,6.07,6.60,561100,6.60
2007-11-13,6.20,6.41,6.01,6.20,185300,6.20
2007-11-12,6.06,6.39,6.05,6.19,368400,6.19
2007-11-09,6.28,6.40,6.03,6.12,320300,6.12
2007-11-08,6.50,6.80,6.33,6.3901,395500,6.3901
2007-11-07,6.90,7.25,6.90,7.22,157300,7.22
2007-11-06,6.92,7.21,6.92,7.14,179600,7.14
2007-11-05,7.03,7.24,6.93,7.01,155800,7.01
2007-11-02,7.05,7.28,7.01,7.11,216700,7.11
2007-11-01,7.42,7.50,6.66,7.28,622400,7.28
2007-10-31,7.40,7.69,7.17,7.41,394900,7.41
2007-10-30,6.94,7.46,6.94,7.46,553800,7.46
2007-10-29,6.98,7.35,6.82,6.91,209900,6.91
2007-10-26,7.22,7.277,6.88,7.277,407500,7.277
2007-10-25,7.27,7.639,7.00,7.13,828600,7.13
2007-10-24,8.90,8.90,8.31,8.43,317600,8.43
2007-10-23,9.03,9.11,8.59,8.82,251800,8.82
2007-10-22,8.72,9.11,8.37,8.92,420100,8.92
2007-10-19,9.94,9.97,8.68,8.76,650400,8.76
2007-10-18,10.18,10.40,9.81,9.87,396400,9.87
2007-10-17,10.75,10.80,9.72,10.14,862500,10.14
2007-10-16,9.91,10.26,9.50,9.82,763000,9.82
2007-10-15,9.10,10.34,8.55,9.90,2273300,9.90
2007-10-12,7.88,9.36,7.82,9.11,2700600,9.11
2007-10-11,7.90,8.00,7.81,7.81,244600,7.81
2007-10-10,7.95,7.96,7.80,7.88,197300,7.88
2007-10-09,7.96,8.02,7.89,8.02,161000,8.02
2007-10-08,7.96,8.00,7.74,7.91,134000,7.91
2007-10-05,7.83,7.93,7.70,7.92,241600,7.92
2007-10-04,7.98,8.09,7.70,7.80,276400,7.80
2007-10-03,8.31,8.35,7.88,8.35,275000,8.35
2007-10-02,8.17,8.41,7.95,8.26,239900,8.26
2007-10-01,8.04,8.17,7.75,8.10,253500,8.10
2007-09-28,7.80,8.06,7.65,7.97,323400,7.97
2007-09-27,7.99,7.99,7.70,7.77,180900,7.77
2007-09-26,7.95,7.99,7.72,7.89,159400,7.89
2007-09-25,7.99,8.10,7.80,7.80,253900,7.80
2007-09-24,8.35,8.39,7.88,7.94,227400,7.94
2007-09-21,8.29,8.36,8.20,8.25,128300,8.25
2007-09-20,8.24,8.35,8.15,8.21,126600,8.21
2007-09-19,7.99,8.41,7.90,8.18,311900,8.18
2007-09-18,7.90,7.99,7.71,7.93,241300,7.93
2007-09-17,8.11,8.12,7.65,7.80,353500,7.80
2007-09-14,7.85,8.15,7.83,7.95,317300,7.95
2007-09-13,8.31,8.31,7.94,7.98,233000,7.98
2007-09-12,8.37,8.3999,8.12,8.19,303000,8.19
2007-09-11,8.00,8.49,8.00,8.40,279900,8.40
2007-09-10,8.41,8.42,8.10,8.15,170500,8.15
2007-09-07,8.54,8.68,8.38,8.68,241700,8.68
2007-09-06,9.10,9.10,8.52,8.69,302000,8.69
2007-09-05,9.29,9.29,8.99,9.01,151200,9.01
2007-09-04,9.22,9.432,9.03,9.12,214200,9.12
2007-08-31,9.24,9.29,9.11,9.23,170000,9.23
2007-08-30,9.00,9.35,8.99,9.05,279200,9.05
2007-08-29,9.22,9.23,8.95,8.99,243500,8.99
2007-08-28,9.40,9.40,8.95,9.17,259800,9.17
2007-08-27,9.68,9.71,9.31,9.49,297500,9.49
2007-08-24,9.43,9.63,9.29,9.53,327100,9.53
2007-08-23,9.62,9.62,9.29,9.45,173100,9.45
2007-08-22,9.40,9.55,9.32,9.48,322200,9.48
2007-08-21,9.38,9.53,9.258,9.35,352500,9.35
2007-08-20,9.00,9.40,8.82,9.38,518500,9.38
2007-08-17,8.88,9.15,8.57,8.94,545000,8.94
2007-08-16,8.59,8.73,8.14,8.51,1310500,8.51
2007-08-15,9.60,9.79,8.76,9.79,1381100,9.79
2007-08-14,10.15,10.32,9.51,9.63,1228100,9.63
2007-08-13,10.40,10.46,9.91,10.12,1047200,10.12
2007-08-10,10.21,10.35,9.67,9.90,1399100,9.90
2007-08-09,11.10,11.40,10.39,10.45,1819100,10.45
2007-08-08,13.38,13.50,11.36,11.42,8198100,11.42
2007-08-07,20.20,22.16,20.20,22.16,1382900,22.16
2007-08-06,20.44,21.12,18.67,20.00,437000,20.00
2007-08-03,21.53,21.53,20.65,20.67,299200,20.67
2007-08-02,21.22,22.10,21.02,21.80,385500,21.80
2007-08-01,22.08,22.41,20.27,20.96,662900,20.96
2007-07-31,22.04,22.36,21.5101,21.90,445700,21.90
2007-07-30,22.75,22.89,21.88,22.04,585300,22.04
2007-07-27,21.68,23.88,21.60,21.88,1109000,21.88
2007-07-26,21.44,21.55,20.45,21.41,989900,21.41
2007-07-25,23.18,23.19,22.12,23.19,480600,23.19
2007-07-24,23.51,23.51,22.40,22.52,736100,22.52
2007-07-23,25.596,25.596,23.60,23.73,747900,23.73
2007-07-20,25.65,25.8799,24.88,24.97,384100,24.97
2007-07-19,26.73,27.00,25.47,25.55,492800,25.55
2007-07-18,26.75,27.3842,26.50,26.56,378300,26.56
2007-07-17,26.66,27.22,26.45,27.05,225200,27.05
2007-07-16,27.80,27.80,26.36,26.79,391000,26.79
2007-07-13,27.56,27.76,26.76,27.76,317900,27.76
2007-07-12,27.84,28.38,27.76,28.38,476000,28.38
2007-07-11,26.99,28.30,26.982,27.45,501400,27.45
2007-07-10,27.13,27.25,26.78,26.95,323900,26.95
2007-07-09,27.97,27.97,27.19,27.97,277900,27.97
2007-07-06,26.99,27.87,25.90,27.62,428500,27.62
2007-07-05,25.32,27.50,25.32,26.73,786600,26.73
2007-07-03,25.53,25.53,24.85,25.21,194700,25.21
2007-07-02,26.06,26.20,24.91,25.36,864000,25.36
2007-06-29,27.59,27.87,25.70,25.75,2910300,25.75
2007-06-28,25.40,25.46,24.67,24.71,1031200,24.71
2007-06-27,25.48,25.80,24.81,25.41,1054100,25.41
2007-06-26,25.90,26.00,24.50,25.27,1221100,25.27
2007-06-25,26.01,26.32,24.42,25.04,1539800,25.04
2007-06-22,27.00,27.40,24.84,25.95,2206400,25.95
2007-06-21,29.70,29.70,26.70,27.00,2154000,27.00
2007-06-20,31.31,31.31,29.64,29.75,362400,29.75
2007-06-19,31.66,31.66,30.96,31.25,248500,31.25
2007-06-18,31.00,31.80,30.92,31.58,502700,31.58
2007-06-15,29.49,30.80,29.00,30.70,596200,30.70
2007-06-14,28.06,29.47,28.04,29.10,464400,29.10
2007-06-13,28.36,28.70,28.03,28.06,245100,28.06
2007-06-12,29.03,29.08,28.35,28.41,403900,28.41
2007-06-11,30.03,30.04,29.25,29.35,104800,29.35
2007-06-08,29.41,30.02,29.41,30.02,340600,30.02
2007-06-07,32.18,32.25,29.41,32.25,708400,32.25
2007-06-06,32.80,32.80,31.75,31.95,346300,31.95
2007-06-05,33.17,33.25,32.80,32.81,242100,32.81
2007-06-04,32.60,33.80,32.50,33.29,274000,33.29
2007-06-01,32.80,33.28,32.46,32.65,225900,32.65
2007-05-31,31.15,32.79,31.15,32.79,351000,32.79
2007-05-30,30.77,31.4099,30.77,31.20,171900,31.20
2007-05-29,31.54,31.55,30.70,31.21,126000,31.21
2007-05-25,30.41,31.80,30.41,31.24,359100,31.24
2007-05-24,31.14,31.20,30.25,31.20,234700,31.20
2007-05-23,31.13,31.39,30.25,30.76,392800,30.76
2007-05-22,31.35,31.35,30.28,30.63,202100,30.63
2007-05-21,30.60,31.40,30.60,31.40,261100,31.40
2007-05-18,30.55,30.80,30.55,30.80,246200,30.80
2007-05-17,30.60,31.199,30.53,31.199,206500,31.199
2007-05-16,31.40,31.85,30.76,31.85,311100,31.85
2007-05-15,32.25,32.43,30.95,31.2401,285300,31.2401
2007-05-14,33.04,33.23,32.03,32.37,271900,32.37
2007-05-11,32.80,33.19,32.25,33.19,394800,33.19
2007-05-10,31.67,32.75,31.17,32.68,409300,32.68
2007-05-09,32.01,32.20,31.28,31.61,645400,31.61
2007-05-08,32.55,32.90,30.76,31.92,3033800,31.92
2007-05-07,37.93,38.68,35.90,36.34,1370400,36.34
2007-05-04,35.69,37.71,35.50,36.98,1419700,36.98
2007-05-03,34.15,35.32,33.88,35.25,278600,35.25
2007-05-02,33.22,34.23,33.08,34.19,314900,34.19
2007-05-01,33.61,33.61,32.29,33.27,197900,33.27
2007-04-30,33.03,33.71,32.95,33.08,320800,33.08
2007-04-27,31.89,33.33,31.54,33.05,170900,33.05
2007-04-26,31.86,32.38,31.86,32.38,201700,32.38
2007-04-25,31.87,32.21,31.40,31.97,80800,31.97
2007-04-24,31.78,32.18,30.90,31.76,455000,31.76
2007-04-23,33.04,33.60,31.77,31.82,284500,31.82
2007-04-20,33.20,33.21,32.77,33.20,107100,33.20
2007-04-19,33.54,33.75,32.49,32.69,229200,32.69
2007-04-18,33.57,34.44,33.46,33.76,262000,33.76
2007-04-17,34.01,34.05,33.39,33.75,256600,33.75
2007-04-16,32.50,34.85,32.50,33.98,815900,33.98
2007-04-13,31.85,32.43,31.46,32.32,510900,32.32
2007-04-12,30.24,31.35,30.24,31.35,231900,31.35
2007-04-11,30.24,30.94,29.37,30.48,263100,30.48
2007-04-10,30.77,30.77,29.80,30.09,489400,30.09
2007-04-09,30.27,30.70,29.80,30.35,419400,30.35
2007-04-05,30.01,30.99,29.43,29.58,1274600,29.58
2007-04-04,28.50,28.50,27.27,27.79,698200,27.79
2007-04-03,28.96,29.40,28.57,29.40,364400,29.40
2007-04-02,29.24,30.00,28.21,28.78,294800,28.78
2007-03-30,29.50,30.18,29.10,29.34,710300,29.34
2007-03-29,28.47,29.83,28.47,29.50,369200,29.50
2007-03-28,29.28,29.28,28.41,29.28,361600,29.28
2007-03-27,30.10,30.3499,29.28,29.45,256500,29.45
2007-03-26,30.97,31.11,29.98,30.16,337100,30.16
2007-03-23,31.22,31.57,30.96,31.57,242300,31.57
2007-03-22,30.56,31.65,30.56,31.65,272600,31.65
2007-03-21,31.98,32.00,29.75,30.70,532900,30.70
2007-03-20,31.12,31.98,31.12,31.98,319400,31.98
2007-03-19,29.94,31.19,29.94,31.19,493700,31.19
2007-03-16,29.05,30.21,29.05,30.21,441600,30.21
2007-03-15,27.85,29.48,27.68,29.17,613200,29.17
2007-03-14,28.65,28.90,27.90,28.90,892000,28.90
2007-03-13,29.74,30.26,28.25,28.65,904100,28.65
2007-03-12,31.00,31.23,30.13,30.26,387200,30.26
2007-03-09,32.20,32.20,30.29,30.60,704600,30.60
2007-03-08,32.71,33.21,31.34,31.76,716600,31.76
2007-03-07,33.96,34.25,32.16,32.17,1875900,32.17
2007-03-06,34.00,36.25,34.00,36.25,1192400,36.25
2007-03-05,33.70,35.29,33.70,35.29,355400,35.29
2007-03-02,34.87,35.66,33.61,35.06,301200,35.06
2007-03-01,32.18,35.25,30.26,34.60,487300,34.60
2007-02-28,32.82,34.40,32.82,33.38,243000,33.38
2007-02-27,35.50,35.71,32.87,33.61,348300,33.61
2007-02-26,36.77,37.00,35.51,36.16,182800,36.16
2007-02-23,37.89,37.89,37.00,37.89,209700,37.89
2007-02-22,37.42,37.42,36.80,37.25,136700,37.25
2007-02-21,37.95,38.00,36.14,36.94,179400,36.94
2007-02-20,35.45,37.95,35.45,37.55,281500,37.55
2007-02-16,35.73,35.75,35.07,35.709,84400,35.709
2007-02-15,35.17,36.15,35.17,35.46,204600,35.46
2007-02-14,33.99,35.50,33.99,35.50,208600,35.50
2007-02-13,34.85,35.25,33.55,34.21,266200,34.21
2007-02-12,36.57,36.73,33.80,34.51,671200,34.51
2007-02-09,38.11,38.948,36.22,36.75,304500,36.75
2007-02-08,39.14,39.14,38.21,38.35,137600,38.35
2007-02-07,38.92,38.97,38.13,38.62,136300,38.62
2007-02-06,39.50,39.50,38.26,38.92,142900,38.92
2007-02-05,39.00,40.09,38.26,38.96,561300,38.96
2007-02-02,38.65,38.65,37.70,38.29,233100,38.29
2007-02-01,37.64,39.00,37.64,38.18,261200,38.18
2007-01-31,37.19,38.30,37.19,38.00,415100,38.00
2007-01-30,38.50,39.13,37.50,37.86,385100,37.86
2007-01-29,36.92,39.67,36.10,38.30,1113600,38.30
2007-01-26,36.25,37.16,35.88,36.92,372600,36.92
2007-01-25,33.85,37.19,33.83,36.08,1175500,36.08
2007-01-24,34.39,34.42,33.59,33.83,133200,33.83
2007-01-23,33.59,34.37,33.24,34.25,149700,34.25
2007-01-22,33.74,34.00,33.06,33.56,193800,33.56
2007-01-19,34.50,35.022,34.06,35.022,280000,35.022
2007-01-18,34.75,35.19,34.25,34.55,206100,34.55
2007-01-17,34.88,35.23,34.22,34.80,524000,34.80
2007-01-16,35.10,35.90,34.17,34.60,374200,34.60
2007-01-12,34.00,36.15,33.72,35.23,759400,35.23
2007-01-11,32.14,34.30,32.14,33.92,504500,33.92
2007-01-10,31.90,32.20,31.25,32.08,126100,32.08
2007-01-09,31.60,32.20,31.60,32.00,148300,32.00
2007-01-08,31.62,32.20,31.62,32.20,125500,32.20
2007-01-05,32.40,32.40,31.80,32.40,148500,32.40
2007-01-04,30.96,32.05,30.96,32.05,114500,32.05
2007-01-03,32.13,32.61,30.72,31.14,306300,31.14
2006-12-29,32.30,33.00,32.11,33.00,259900,33.00
2006-12-28,32.65,33.35,31.79,32.74,227000,32.74
2006-12-27,30.76,32.60,30.76,32.60,275900,32.60
2006-12-26,31.00,31.00,30.61,31.00,249000,31.00
2006-12-22,31.08,31.50,30.50,31.21,237600,31.21
2006-12-21,30.94,31.74,30.53,31.74,342900,31.74
2006-12-20,30.36,31.10,30.25,30.55,377300,30.55
2006-12-19,30.40,30.73,30.09,30.35,440600,30.35
2006-12-18,32.07,32.20,30.47,30.79,569500,30.79
2006-12-15,33.08,33.17,31.75,32.07,400000,32.07
2006-12-14,33.25,33.55,32.01,33.25,595700,33.25
2006-12-13,32.60,35.01,32.40,32.90,918700,32.90
2006-12-12,30.25,32.60,30.00,32.60,767600,32.60
2006-12-11,32.00,32.29,30.40,32.29,1499900,32.29
2006-12-08,30.30,38.75,30.25,32.60,11147100,32.60
