Date,Open,High,Low,Close,Volume,Adj Close
2013-06-27,13.41,13.41,13.41,13.41,000,13.41
2013-06-26,13.34,13.43,13.34,13.41,316200,13.41
2013-06-25,13.33,13.33,13.30,13.32,405500,13.32
2013-06-24,13.31,13.33,13.29,13.32,945400,13.32
2013-06-21,13.35,13.36,13.29,13.31,1114000,13.31
2013-06-20,13.36,13.36,13.30,13.35,1059000,13.35
2013-06-19,13.38,13.385,13.33,13.34,313900,13.34
2013-06-18,13.40,13.40,13.35,13.36,517000,13.36
2013-06-17,13.37,13.41,13.35,13.39,270400,13.39
2013-06-14,13.36,13.40,13.35,13.37,307000,13.37
2013-06-13,13.34,13.38,13.34,13.36,191200,13.36
2013-06-12,13.34,13.375,13.32,13.35,306200,13.35
2013-06-11,13.34,13.39,13.34,13.36,352100,13.36
2013-06-10,13.34,13.39,13.32,13.35,256100,13.35
2013-06-07,13.34,13.35,13.3099,13.34,285400,13.34
2013-06-06,13.33,13.35,13.31,13.34,104100,13.34
2013-06-05,13.30,13.35,13.29,13.33,295400,13.33
2013-06-04,13.30,13.34,13.30,13.30,278300,13.30
2013-06-03,13.29,13.335,13.27,13.30,206800,13.30
2013-05-31,13.29,13.31,13.27,13.27,434100,13.27
2013-05-30,13.30,13.34,13.29,13.30,448500,13.30
2013-05-29,13.21,13.30,13.21,13.29,361400,13.29
2013-05-28,12.98,13.26,12.95,13.24,1476700,13.24
2013-05-27,12.94,12.94,12.94,12.94,000,12.94
2013-05-24,12.97,12.97,12.92,12.94,305700,12.94
2013-05-23,12.95,12.98,12.92,12.94,391800,12.94
2013-05-22,12.96,13.00,12.95,12.96,318500,12.96
2013-05-21,12.94,12.97,12.92,12.96,579800,12.96
2013-05-20,12.90,12.93,12.90,12.93,299700,12.93
2013-05-17,12.90,12.93,12.89,12.92,67200,12.92
2013-05-16,12.91,12.94,12.90,12.90,55600,12.90
2013-05-15,12.91,12.96,12.90,12.91,117800,12.91
2013-05-14,12.94,12.97,12.91,12.91,94000,12.91
2013-05-13,12.93,12.97,12.90,12.97,147100,12.97
2013-05-10,12.95,13.00,12.87,12.94,338900,12.94
2013-05-09,12.94,12.97,12.94,12.97,177300,12.97
2013-05-08,12.96,12.99,12.94,12.94,117900,12.94
2013-05-07,12.94,13.00,12.92,12.97,234400,12.97
2013-05-06,12.95,12.98,12.93,12.95,163600,12.95
2013-05-03,12.96,13.00,12.94,12.96,178100,12.96
2013-05-02,12.90,12.99,12.90,12.97,98000,12.97
2013-05-01,12.91,12.99,12.89,12.94,105700,12.94
2013-04-30,12.91,12.99,12.89,12.96,186500,12.96
2013-04-29,12.88,12.95,12.83,12.95,151100,12.95
2013-04-26,12.84,12.94,12.813,12.89,155100,12.89
2013-04-25,12.84,12.87,12.80,12.85,188800,12.85
2013-04-24,12.81,12.86,12.79,12.80,232000,12.80
2013-04-23,12.88,12.89,12.81,12.82,154100,12.82
2013-04-22,12.84,12.89,12.81,12.84,80800,12.84
2013-04-19,12.83,12.91,12.82,12.86,66000,12.86
2013-04-18,12.88,12.93,12.81,12.83,132800,12.83
2013-04-17,12.87,12.92,12.83,12.91,249000,12.91
2013-04-16,12.87,12.92,12.87,12.88,100900,12.88
2013-04-15,12.89,12.92,12.86,12.89,194800,12.89
2013-04-12,12.94,12.96,12.89,12.92,47100,12.92
2013-04-11,12.94,13.03,12.93,12.98,111800,12.98
2013-04-10,12.86,13.01,12.84,12.99,430500,12.99
2013-04-09,12.88,12.89,12.87,12.87,25900,12.87
2013-04-08,12.88,12.89,12.83,12.89,172700,12.89
2013-04-05,12.85,12.94,12.8302,12.88,237300,12.88
2013-04-04,12.79,12.93,12.79,12.88,123700,12.88
2013-04-03,12.85,12.91,12.81,12.87,351400,12.87
2013-04-02,12.92,12.93,12.85,12.85,661300,12.85
2013-04-01,12.87,12.92,12.87,12.91,122500,12.91
2013-03-29,12.89,12.89,12.89,12.89,000,12.89
2013-03-28,12.95,12.97,12.885,12.89,226100,12.89
2013-03-27,12.89,12.98,12.89,12.97,112000,12.97
2013-03-26,12.92,12.92,12.89,12.90,178400,12.90
2013-03-25,12.90,12.922,12.87,12.89,184700,12.89
2013-03-22,12.93,12.94,12.88,12.91,194600,12.91
2013-03-21,12.94,12.95,12.90,12.94,252100,12.94
2013-03-20,12.93,12.95,12.88,12.93,382700,12.93
2013-03-19,12.82,12.93,12.82,12.88,215800,12.88
2013-03-18,12.77,12.83,12.77,12.83,251100,12.83
2013-03-15,12.82,12.868,12.72,12.78,936400,12.78
2013-03-14,12.84,12.89,12.76,12.82,263900,12.82
2013-03-13,12.80,12.87,12.791,12.84,194200,12.84
2013-03-12,12.85,12.87,12.79,12.83,171300,12.83
2013-03-11,12.82,12.87,12.79,12.86,135400,12.86
2013-03-08,12.79,12.85,12.70,12.85,325400,12.85
2013-03-07,12.72,12.86,12.71,12.77,258200,12.77
2013-03-06,12.75,12.78,12.71,12.74,130500,12.74
2013-03-05,12.75,12.79,12.73,12.74,147500,12.74
2013-03-04,12.77,12.81,12.739,12.75,290600,12.75
2013-03-01,12.75,12.81,12.75,12.78,142900,12.78
2013-02-28,12.77,12.80,12.75,12.77,106800,12.77
2013-02-27,12.77,12.829,12.74,12.77,116200,12.77
2013-02-26,12.75,12.8301,12.714,12.80,137600,12.80
2013-02-25,12.84,12.84,12.74,12.75,136400,12.75
2013-02-22,12.79,12.88,12.69,12.80,129000,12.80
2013-02-21,12.75,12.89,12.70,12.81,244300,12.81
2013-02-20,12.82,12.82,12.71,12.71,226200,12.71
2013-02-19,12.80,12.83,12.75,12.79,254500,12.79
2013-02-18,12.77,12.77,12.77,12.77,000,12.77
2013-02-15,12.84,12.84,12.73,12.77,183100,12.77
2013-02-14,12.85,12.8799,12.82,12.85,173100,12.85
2013-02-13,12.86,12.8875,12.81,12.81,209600,12.81
2013-02-12,12.85,12.90,12.8182,12.85,129400,12.85
2013-02-11,12.88,12.90,12.81,12.81,181700,12.81
2013-02-08,12.83,12.921,12.83,12.88,199100,12.88
2013-02-07,12.84,12.91,12.71,12.83,78800,12.83
2013-02-06,12.82,12.89,12.77,12.81,87800,12.81
2013-02-05,12.70,12.82,12.685,12.80,48800,12.80
2013-02-04,12.75,12.85,12.70,12.72,69400,12.72
2013-02-01,12.70,12.77,12.665,12.73,79500,12.73
2013-01-31,12.75,12.80,12.67,12.68,184600,12.68
2013-01-30,12.70,12.79,12.6999,12.73,119900,12.73
2013-01-29,12.70,12.7415,12.67,12.70,103900,12.70
2013-01-28,12.65,12.78,12.60,12.72,275800,12.72
2013-01-25,12.76,12.78,12.60,12.62,223900,12.62
2013-01-24,12.77,12.78,12.68,12.75,253600,12.75
2013-01-23,12.80,12.82,12.72,12.72,196400,12.72
2013-01-22,12.82,12.85,12.75,12.80,188900,12.80
2013-01-21,12.84,12.84,12.84,12.84,000,12.84
2013-01-18,12.87,12.92,12.76,12.84,242800,12.84
2013-01-17,12.91,12.92,12.87,12.88,95500,12.88
2013-01-16,12.90,12.94,12.87,12.92,65200,12.92
2013-01-15,12.90,12.97,12.85,12.91,117400,12.91
2013-01-14,12.80,12.96,12.80,12.94,161000,12.94
2013-01-11,12.92,12.94,12.78,12.85,225800,12.85
2013-01-10,12.86,12.94,12.86,12.91,162600,12.91
2013-01-09,12.96,12.97,12.86,12.88,316500,12.88
2013-01-08,12.90,12.96,12.80,12.96,250700,12.96
2013-01-07,12.85,12.95,12.81,12.89,120700,12.89
2013-01-04,12.75,12.91,12.73,12.86,164500,12.86
2013-01-03,12.90,12.94,12.615,12.72,756600,12.72
2013-01-02,12.86,12.94,12.79,12.89,214500,12.89
2013-01-01,12.84,12.84,12.84,12.84,000,12.84
2012-12-31,12.85,12.96,12.77,12.84,153400,12.84
2012-12-28,12.70,13.021,12.70,12.85,282200,12.85
2012-12-27,12.63,12.74,12.58,12.74,211200,12.74
2012-12-26,12.65,12.65,12.61,12.64,261600,12.64
2012-12-25,12.66,12.66,12.66,12.66,000,12.66
2012-12-24,12.60,12.70,12.60,12.66,62300,12.66
2012-12-21,12.60,12.69,12.56,12.59,282800,12.59
2012-12-20,12.59,12.70,12.56,12.63,263600,12.63
2012-12-19,12.59,12.67,12.5307,12.5898,361200,12.5898
2012-12-18,12.60,12.64,12.50,12.58,266300,12.58
2012-12-17,12.53,12.61,12.51,12.59,113100,12.59
2012-12-14,12.65,12.68,12.49,12.51,387100,12.51
2012-12-13,12.60,12.67,12.59,12.67,194200,12.67
2012-12-12,12.50,12.73,12.49,12.60,564300,12.60
2012-12-11,12.50,12.55,12.46,12.50,449500,12.50
2012-12-10,12.47,12.50,12.40,12.48,382700,12.48
2012-12-07,12.40,12.45,12.25,12.44,294900,12.44
2012-12-06,12.33,12.45,12.33,12.37,186900,12.37
2012-12-05,12.35,12.48,12.32,12.36,270300,12.36
2012-12-04,12.40,12.48,12.32,12.36,468100,12.36
2012-12-03,12.47,12.52,12.275,12.45,635300,12.45
2012-11-30,12.53,12.53,12.43,12.47,401300,12.47
2012-11-29,12.50,12.55,12.49,12.53,613700,12.53
2012-11-28,12.51,12.57,12.49,12.52,644100,12.52
2012-11-27,12.50,12.57,12.44,12.54,1023100,12.54
2012-11-26,12.50,12.68,12.43,12.50,2981700,12.50
2012-11-23,10.85,11.00,10.60,10.86,154000,10.86
2012-11-22,10.91,10.91,10.91,10.91,000,10.91
2012-11-21,11.01,11.06,10.82,10.91,37300,10.91
2012-11-20,10.78,11.01,10.78,10.97,77500,10.97
2012-11-19,11.06,11.06,10.80,10.81,116100,10.81
2012-11-16,11.00,11.15,10.92,11.01,107500,11.01
2012-11-15,10.90,11.16,10.90,10.98,90500,10.98
2012-11-14,10.80,11.14,10.80,10.92,88300,10.92
2012-11-13,10.67,10.95,10.67,10.7803,109300,10.7803
2012-11-12,10.50,10.85,10.50,10.82,177800,10.82
2012-11-09,10.45,10.69,10.40,10.45,402700,10.45
2012-11-08,10.75,10.94,10.42,10.42,340300,10.42
2012-11-07,11.00,11.18,10.87,10.89,220000,10.89
2012-11-06,11.31,11.43,10.97,10.99,270000,10.99
2012-11-05,11.51,11.58,11.27,11.33,125800,11.33
2012-11-02,11.64,11.65,11.44,11.52,124900,11.52
2012-11-01,11.52,11.70,11.50,11.65,101300,11.65
2012-10-31,11.57,11.70,11.47,11.52,128500,11.52
2012-10-30,11.58,11.58,11.58,11.58,000,11.58
2012-10-29,11.58,11.58,11.58,11.58,000,11.58
2012-10-26,11.68,11.75,11.48,11.58,69500,11.58
2012-10-25,11.30,11.77,11.22,11.71,255300,11.71
2012-10-24,11.09,11.49,11.09,11.38,74900,11.38
2012-10-23,11.07,11.23,11.07,11.23,82900,11.23
2012-10-22,11.18,11.37,11.01,11.13,53500,11.13
2012-10-19,11.11,11.51,10.91,11.22,157500,11.22
2012-10-18,11.45,11.53,11.13,11.17,79000,11.17
2012-10-17,11.30,11.58,11.24,11.52,170700,11.52
2012-10-16,11.20,11.32,11.0813,11.30,104700,11.30
2012-10-15,11.42,11.5425,10.90,11.21,265100,11.21
2012-10-12,11.54,11.60,11.39,11.44,54600,11.44
2012-10-11,11.76,11.76,11.4137,11.51,80000,11.51
2012-10-10,11.38,11.66,11.30,11.65,158600,11.65
2012-10-09,11.60,11.66,11.38,11.40,460100,11.40
2012-10-08,11.18,11.62,11.11,11.61,178800,11.61
2012-10-05,11.05,11.29,11.02,11.22,217800,11.22
2012-10-04,11.00,11.36,10.79,11.08,561600,11.08
2012-10-03,10.99,11.10,10.88,11.00,122000,11.00
2012-10-02,10.93,11.12,10.85,11.00,147400,11.00
2012-10-01,11.03,11.16,10.86,10.895,100900,10.895
2012-09-28,10.81,11.18,10.683,11.00,183400,11.00
2012-09-27,10.81,10.96,10.72,10.88,209000,10.88
2012-09-26,10.85,10.85,10.08,10.84,191800,10.84
2012-09-25,10.97,11.00,10.74,10.89,273900,10.89
2012-09-24,11.07,11.23,10.96,11.00,229400,11.00
2012-09-21,10.30,11.23,10.21,11.12,603700,11.12
2012-09-20,10.17,10.32,10.16,10.27,121100,10.27
2012-09-19,10.21,10.29,10.1501,10.20,130300,10.20
2012-09-18,10.14,10.30,10.14,10.24,74300,10.24
2012-09-17,10.21,10.30,10.171,10.26,69600,10.26
2012-09-14,10.25,10.39,10.111,10.19,79100,10.19
2012-09-13,9.85,10.39,9.85,10.28,216400,10.28
2012-09-12,10.08,10.24,10.08,10.18,125700,10.18
2012-09-11,9.86,10.17,9.86,10.06,100200,10.06
2012-09-10,10.00,10.00,9.89,9.89,54500,9.89
2012-09-07,10.14,10.15,9.96,9.99,63500,9.99
2012-09-06,10.16,10.22,10.05,10.16,36100,10.16
2012-09-05,10.18,10.31,10.1514,10.18,61200,10.18
2012-09-04,10.10,10.24,10.03,10.17,119700,10.17
2012-09-03,10.05,10.05,10.05,10.05,000,10.05
2012-08-31,10.05,10.09,10.0013,10.05,27200,10.05
2012-08-30,10.11,10.21,10.00,10.04,131200,10.04
2012-08-29,10.03,10.19,10.03,10.15,151900,10.15
2012-08-28,9.91,10.07,9.80,10.01,99300,10.01
2012-08-27,9.90,10.06,9.79,9.94,110700,9.94
2012-08-24,9.79,10.00,9.79,9.98,94400,9.98
2012-08-23,9.73,9.79,9.62,9.78,147600,9.78
2012-08-22,9.72,9.81,9.62,9.77,65400,9.77
2012-08-21,10.10,10.10,9.676,9.80,209000,9.80
2012-08-20,10.10,10.20,10.05,10.12,89500,10.12
2012-08-17,10.15,10.26,10.10,10.16,81700,10.16
2012-08-16,10.30,10.35,10.08,10.18,187100,10.18
2012-08-15,10.40,10.4299,10.2701,10.34,144100,10.34
2012-08-14,10.39,10.47,10.25,10.43,79400,10.43
2012-08-13,10.30,10.38,10.23,10.36,140900,10.36
2012-08-10,10.27,10.40,10.22,10.34,89900,10.34
2012-08-09,10.02,10.38,9.91,10.29,148600,10.29
2012-08-08,10.05,10.40,10.04,10.14,311200,10.14
2012-08-07,10.24,10.42,10.07,10.11,91000,10.11
2012-08-06,10.31,10.43,10.23,10.24,64900,10.24
2012-08-03,10.39,10.50,10.21,10.43,48700,10.43
2012-08-02,10.29,10.3999,10.19,10.32,59100,10.32
2012-08-01,10.30,10.46,10.23,10.34,41800,10.34
2012-07-31,10.40,10.57,10.30,10.30,123500,10.30
2012-07-30,10.23,10.61,10.23,10.44,158700,10.44
2012-07-27,10.13,10.27,10.05,10.23,59800,10.23
2012-07-26,10.24,10.28,10.06,10.13,80100,10.13
2012-07-25,10.20,10.34,10.17,10.24,208100,10.24
2012-07-24,10.12,10.22,9.91,10.13,86900,10.13
2012-07-23,10.13,10.22,10.01,10.14,79900,10.14
2012-07-20,10.15,10.35,10.00,10.18,246200,10.18
2012-07-19,10.10,10.25,10.04,10.19,76100,10.19
2012-07-18,10.30,10.33,10.05,10.12,162500,10.12
2012-07-17,10.42,10.45,10.15,10.29,92900,10.29
2012-07-16,10.49,10.6094,10.30,10.40,257800,10.40
2012-07-13,10.62,10.83,10.43,10.54,333900,10.54
2012-07-12,10.66,10.86,10.53,10.58,385900,10.58
2012-07-11,9.99,11.02,9.99,10.75,504000,10.75
2012-07-10,9.84,10.10,9.77,10.00,245500,10.00
2012-07-09,9.91,10.00,9.80,9.81,129700,9.81
2012-07-06,9.80,10.09,9.80,10.00,99600,10.00
2012-07-05,9.82,9.90,9.77,9.83,86600,9.83
2012-07-04,9.85,9.85,9.85,9.85,000,9.85
2012-07-03,9.69,9.94,9.52,9.85,323400,9.85
2012-07-02,9.26,9.75,9.22,9.72,150300,9.72
2012-06-29,9.29,9.32,9.15,9.21,167100,9.21
2012-06-28,9.13,9.25,9.10,9.23,87400,9.23
2012-06-27,9.20,9.27,9.15,9.15,55000,9.15
2012-06-26,9.22,9.29,9.18,9.24,38400,9.24
2012-06-25,9.18,9.27,9.14,9.25,59900,9.25
2012-06-22,9.27,9.28,9.14,9.27,111200,9.27
2012-06-21,9.29,9.39,9.25,9.29,53800,9.29
2012-06-20,9.24,9.3301,9.24,9.30,93700,9.30
2012-06-19,9.23,9.28,9.16,9.25,57600,9.25
2012-06-18,9.30,9.34,9.11,9.25,98800,9.25
2012-06-15,9.38,9.39,9.10,9.37,337600,9.37
2012-06-14,9.28,9.3891,9.15,9.37,88300,9.37
2012-06-13,9.18,9.35,9.15,9.33,158500,9.33
2012-06-12,9.37,9.4682,9.20,9.24,65700,9.24
2012-06-11,9.26,9.45,9.2122,9.38,91100,9.38
2012-06-08,9.15,9.38,9.15,9.24,82700,9.24
2012-06-07,9.28,9.36,9.13,9.18,58800,9.18
2012-06-06,9.10,9.33,9.08,9.22,120300,9.22
2012-06-05,9.08,9.24,9.00,9.06,137700,9.06
2012-06-04,9.32,9.33,9.00,9.10,193400,9.10
2012-06-01,9.43,9.46,9.23,9.35,366600,9.35
2012-05-31,9.50,9.56,9.32,9.45,133100,9.45
2012-05-30,9.60,9.70,9.46,9.54,116400,9.54
2012-05-29,9.50,9.77,9.50,9.74,156000,9.74
2012-05-28,9.49,9.49,9.49,9.49,000,9.49
2012-05-25,9.34,9.54,9.30,9.49,53800,9.49
2012-05-24,9.25,9.41,9.25,9.34,89200,9.34
2012-05-23,9.31,9.45,9.07,9.23,200800,9.23
2012-05-22,9.66,9.80,9.35,9.38,268500,9.38
2012-05-21,9.79,9.97,9.51,9.69,257200,9.69
2012-05-18,9.73,9.98,9.63,9.91,364500,9.91
2012-05-17,9.72,9.90,9.67,9.72,268800,9.72
2012-05-16,9.69,9.84,9.64,9.75,143500,9.75
2012-05-15,9.65,9.85,9.60,9.70,171000,9.70
2012-05-14,9.74,9.84,9.62,9.76,110900,9.76
2012-05-11,9.50,9.85,9.44,9.82,204100,9.82
2012-05-10,9.40,9.85,9.30,9.59,344800,9.59
2012-05-09,9.54,9.63,9.38,9.56,174900,9.56
2012-05-08,9.75,9.75,9.56,9.63,193200,9.63
2012-05-07,9.66,10.00,9.60,9.85,216600,9.85
2012-05-04,9.59,9.75,9.58,9.73,77900,9.73
2012-05-03,9.70,9.74,9.56,9.67,136800,9.67
2012-05-02,9.72,9.77,9.65,9.73,62900,9.73
2012-05-01,9.44,9.78,9.44,9.78,134100,9.78
2012-04-30,9.72,9.74,9.35,9.44,282000,9.44
2012-04-27,9.62,9.78,9.62,9.74,122000,9.74
2012-04-26,9.77,9.85,9.56,9.62,115900,9.62
2012-04-25,9.64,9.86,9.53,9.82,97600,9.82
2012-04-24,9.44,9.62,9.29,9.59,110400,9.59
2012-04-23,9.58,9.58,9.26,9.44,265500,9.44
2012-04-20,9.63,9.80,9.52,9.69,223600,9.69
2012-04-19,9.46,9.95,9.46,9.78,284000,9.78
2012-04-18,9.39,9.68,9.32,9.50,335400,9.50
2012-04-17,9.30,9.5481,9.20,9.48,246400,9.48
2012-04-16,9.68,9.7499,9.29,9.38,433400,9.38
2012-04-13,9.60,10.00,9.50,9.70,1286600,9.70
2012-04-12,9.56,9.60,9.28,9.495,350400,9.495
2012-04-11,9.82,9.82,9.48,9.56,379800,9.56
2012-04-10,10.00,10.00,9.65,9.83,290100,9.83
2012-04-09,9.46,10.45,8.26,10.04,2225200,10.04
2012-04-06,10.53,10.53,10.53,10.53,000,10.53
2012-04-05,10.60,10.78,10.50,10.53,319900,10.53
2012-04-04,10.87,10.88,10.45,10.60,681600,10.60
2012-04-03,10.99,11.13,10.88,10.96,472600,10.96
2012-04-02,11.25,11.27,10.83,10.995,561600,10.995
2012-03-30,11.24,11.30,11.20,11.25,398900,11.25
2012-03-29,11.20,11.35,11.1101,11.27,782100,11.27
2012-03-28,11.10,11.55,10.59,11.30,1392500,11.30
2012-03-27,10.00,12.25,10.00,11.22,3905200,11.22
2012-03-26,9.60,9.64,9.10,9.21,408900,9.21
2012-03-23,9.07,9.64,8.9612,9.60,1572700,9.60
2012-03-22,8.66,9.23,8.57,9.05,1376500,9.05
2012-03-21,8.43,8.74,8.43,8.74,594900,8.74
2012-03-20,8.35,8.55,8.35,8.50,786800,8.50
2012-03-19,8.11,8.39,8.11,8.35,661400,8.35
2012-03-16,8.40,8.48,8.28,8.29,1036700,8.29
2012-03-15,8.44,8.48,8.27,8.31,1804100,8.31
2012-03-14,9.50,9.65,8.30,8.36,3189300,8.36
2012-03-13,10.16,10.60,10.15,10.52,288500,10.52
2012-03-12,10.33,10.45,10.01,10.11,219300,10.11
2012-03-09,10.58,10.62,10.23,10.30,223700,10.30
2012-03-08,10.50,10.644,10.35,10.48,116800,10.48
2012-03-07,10.31,10.52,10.22,10.37,88300,10.37
2012-03-06,10.29,10.34,10.14,10.27,125200,10.27
2012-03-05,10.60,10.65,10.41,10.41,154100,10.41
2012-03-02,11.10,11.11,10.65,10.68,278600,10.68
2012-03-01,11.00,11.20,10.75,11.12,254400,11.12
2012-02-29,11.23,11.6699,11.02,11.02,308900,11.02
2012-02-28,10.73,11.28,10.73,11.26,237500,11.26
2012-02-27,11.19,11.20,10.58,10.75,173200,10.75
2012-02-24,10.64,11.27,10.63,11.21,237500,11.21
2012-02-23,10.59,10.79,10.54,10.65,187500,10.65
2012-02-22,10.31,10.72,10.21,10.62,145500,10.62
2012-02-21,10.34,10.62,10.30,10.33,238300,10.33
2012-02-20,10.36,10.36,10.36,10.36,000,10.36
2012-02-17,10.76,10.82,10.30,10.36,291100,10.36
2012-02-16,10.83,10.9679,10.70,10.75,143800,10.75
2012-02-15,11.16,11.201,10.86,10.86,124000,10.86
2012-02-14,11.04,11.24,10.96,11.14,268300,11.14
2012-02-13,11.11,11.15,11.00,11.07,147800,11.07
2012-02-10,10.90,11.119,10.82,11.02,219700,11.02
2012-02-09,10.86,11.09,10.82,10.96,210600,10.96
2012-02-08,11.14,11.15,10.71,10.91,235800,10.91
2012-02-07,11.34,11.42,10.96,11.16,223200,11.16
2012-02-06,11.80,11.86,11.22,11.36,186600,11.36
2012-02-03,11.41,11.82,11.40,11.78,189500,11.78
2012-02-02,11.32,11.47,11.30,11.39,106000,11.39
2012-02-01,11.33,11.46,11.19,11.36,287900,11.36
2012-01-31,11.45,11.47,11.01,11.36,319000,11.36
2012-01-30,11.20,11.34,11.15,11.24,123500,11.24
2012-01-27,11.26,11.3495,11.22,11.22,131300,11.22
2012-01-26,11.36,11.46,11.23,11.30,102900,11.30
2012-01-25,11.51,11.73,11.11,11.22,223900,11.22
2012-01-24,11.73,12.00,11.53,11.68,274100,11.68
2012-01-23,12.25,12.4178,11.78,11.85,274200,11.85
2012-01-20,12.50,12.50,12.1213,12.25,318500,12.25
2012-01-19,12.05,12.37,11.67,12.11,445300,12.11
2012-01-18,10.95,11.56,10.59,11.50,362300,11.50
2012-01-17,10.86,11.17,10.70,10.93,531600,10.93
2012-01-16,10.44,10.44,10.44,10.44,000,10.44
2012-01-13,10.55,10.573,10.34,10.44,97000,10.44
2012-01-12,10.23,10.62,10.215,10.54,167600,10.54
2012-01-11,10.06,10.39,10.021,10.22,144900,10.22
2012-01-10,10.66,10.85,10.166,10.21,336300,10.21
2012-01-09,10.34,10.611,10.14,10.52,347600,10.52
2012-01-06,9.70,10.35,9.54,10.05,693100,10.05
2012-01-05,8.80,9.55,8.77,9.52,639500,9.52
2012-01-04,8.73,8.9371,8.66,8.80,163900,8.80
2012-01-03,8.66,8.90,8.65,8.78,172100,8.78
2012-01-02,8.52,8.52,8.52,8.52,000,8.52
2011-12-30,8.44,8.6556,8.32,8.52,111900,8.52
2011-12-29,8.64,8.64,8.30,8.47,143800,8.47
2011-12-28,8.82,8.82,8.28,8.55,129700,8.55
2011-12-27,8.60,8.76,8.37,8.70,454600,8.70
2011-12-26,8.58,8.58,8.58,8.58,000,8.58
2011-12-23,8.41,8.59,8.41,8.58,78700,8.58
2011-12-22,8.32,8.47,8.25,8.39,110500,8.39
2011-12-21,8.26,8.38,8.16,8.32,108400,8.32
2011-12-20,8.58,8.59,8.221,8.31,213000,8.31
2011-12-19,8.66,8.89,8.19,8.53,234400,8.53
2011-12-16,8.35,8.59,8.07,8.53,214500,8.53
2011-12-15,8.53,8.71,8.276,8.33,221400,8.33
2011-12-14,9.04,9.20,8.50,8.51,234200,8.51
2011-12-13,9.31,9.44,9.05,9.10,83900,9.10
2011-12-12,9.30,9.37,9.05,9.26,90200,9.26
2011-12-09,9.27,9.47,9.27,9.44,91100,9.44
2011-12-08,9.49,9.54,9.25,9.28,115600,9.28
2011-12-07,9.45,9.56,9.45,9.45,81900,9.45
2011-12-06,9.56,9.62,9.41,9.45,164600,9.45
2011-12-05,9.60,9.75,9.54,9.55,165400,9.55
2011-12-02,9.53,9.63,9.38,9.47,150200,9.47
2011-12-01,9.67,9.67,9.42,9.46,111900,9.46
2011-11-30,9.77,9.77,9.36,9.42,218700,9.42
2011-11-29,9.56,9.75,9.45,9.51,1074100,9.51
2011-11-28,9.64,9.6999,9.42,9.55,237200,9.55
2011-11-25,9.60,9.84,9.3408,9.39,75300,9.39
2011-11-24,9.60,9.60,9.60,9.60,000,9.60
2011-11-23,9.90,9.92,9.48,9.60,1008200,9.60
2011-11-22,9.38,10.00,9.38,9.75,115800,9.75
2011-11-21,9.82,10.03,9.64,9.74,336800,9.74
2011-11-18,9.92,10.08,9.81,9.88,211900,9.88
2011-11-17,9.71,10.03,9.71,9.92,297900,9.92
2011-11-16,9.01,9.70,8.91,9.70,282700,9.70
2011-11-15,9.06,9.14,8.77,9.10,351700,9.10
2011-11-14,8.94,9.08,8.93,8.99,106900,8.99
2011-11-11,9.00,9.319,8.82,8.95,175500,8.95
2011-11-10,9.53,9.69,8.92,9.00,276000,9.00
2011-11-09,10.01,10.19,9.19,9.235,375800,9.235
2011-11-08,9.48,9.96,9.48,9.91,378600,9.91
2011-11-07,9.24,9.50,9.22,9.48,93800,9.48
2011-11-04,9.40,9.45,9.11,9.31,175800,9.31
2011-11-03,9.45,9.75,9.21,9.49,354600,9.49
2011-11-02,9.00,9.43,9.00,9.39,420700,9.39
2011-11-01,9.23,9.23,8.77,8.90,310700,8.90
2011-10-31,10.95,10.95,9.13,9.23,364900,9.23
2011-10-28,9.66,9.66,9.40,9.50,244200,9.50
2011-10-27,8.74,10.45,8.74,9.73,962800,9.73
2011-10-26,8.69,8.828,8.60,8.64,184800,8.64
2011-10-25,8.69,8.84,8.45,8.65,203000,8.65
2011-10-24,8.78,8.92,8.52,8.75,377000,8.75
2011-10-21,8.47,8.68,8.43,8.68,127700,8.68
2011-10-20,8.50,8.53,8.3101,8.45,292300,8.45
2011-10-19,8.82,8.82,8.40,8.53,235800,8.53
2011-10-18,9.08,9.08,8.71,8.80,1084200,8.80
2011-10-17,8.78,8.89,8.53,8.80,488700,8.80
2011-10-14,8.82,9.20,8.75,8.90,675900,8.90
2011-10-13,7.85,8.75,7.777,8.75,602500,8.75
2011-10-12,6.90,8.18,6.88,7.95,690300,7.95
2011-10-11,6.70,6.97,6.60,6.69,495600,6.69
2011-10-10,7.18,7.18,6.61,6.73,280100,6.73
2011-10-07,7.19,7.50,6.66,6.735,294800,6.735
2011-10-06,6.74,7.44,6.71,7.17,489500,7.17
2011-10-05,7.00,7.00,6.65,6.76,478300,6.76
2011-10-04,7.32,7.525,6.75,7.00,607400,7.00
2011-10-03,7.57,7.99,7.37,7.49,338500,7.49
2011-09-30,7.94,8.10,7.60,7.60,243300,7.60
2011-09-29,8.37,8.38,7.94,8.03,167300,8.03
2011-09-28,8.70,8.77,8.16,8.27,303600,8.27
2011-09-27,8.90,8.9299,8.30,8.55,333800,8.55
2011-09-26,8.56,8.67,8.34,8.50,362800,8.50
2011-09-23,8.51,8.60,8.47,8.56,304400,8.56
2011-09-22,8.59,8.89,8.44,8.65,355800,8.65
2011-09-21,8.96,8.96,8.76,8.78,319500,8.78
2011-09-20,9.21,9.39,8.98,9.01,232900,9.01
2011-09-19,9.12,9.56,8.90,9.33,813300,9.33
2011-09-16,9.00,9.27,8.87,9.12,462900,9.12
2011-09-15,8.63,8.99,8.59,8.89,310000,8.89
2011-09-14,8.52,8.87,8.41,8.58,333100,8.58
2011-09-13,8.62,8.81,8.49,8.50,312400,8.50
2011-09-12,8.76,8.96,8.58,8.68,345100,8.68
2011-09-09,8.80,9.23,8.78,8.81,314000,8.81
2011-09-08,9.00,9.05,8.83,8.87,372100,8.87
2011-09-07,9.00,9.27,8.88,9.08,245200,9.08
2011-09-06,8.83,9.20,8.82,8.88,394100,8.88
2011-09-02,9.28,9.48,9.15,9.31,228400,9.31
2011-09-01,9.98,10.26,9.3861,9.56,409200,9.56
2011-08-31,9.04,9.49,8.77,9.49,361900,9.49
2011-08-30,9.08,9.18,8.75,8.82,355200,8.82
2011-08-29,8.44,9.09,8.30,9.07,773600,9.07
2011-08-26,8.16,8.44,7.98,8.23,533100,8.23
2011-08-25,8.47,8.50,8.02,8.16,361200,8.16
2011-08-24,8.45,8.45,8.15,8.40,751200,8.40
2011-08-23,7.97,8.36,7.70,8.33,913000,8.33
2011-08-22,8.42,8.63,7.94,7.97,942900,7.97
2011-08-19,8.50,8.50,8.25,8.39,836400,8.39
2011-08-18,8.70,8.72,8.15,8.57,890800,8.57
2011-08-17,8.86,8.98,8.17,8.75,1048000,8.75
2011-08-16,8.50,9.00,8.25,8.71,792800,8.71
2011-08-15,9.43,9.43,8.07,8.60,1050200,8.60
2011-08-12,9.50,9.50,8.56,8.60,574200,8.60
2011-08-11,9.19,9.60,8.79,9.31,640700,9.31
2011-08-10,8.90,9.19,8.64,8.79,931300,8.79
2011-08-09,8.73,9.23,8.39,8.88,1046300,8.88
2011-08-08,9.30,9.44,8.48,8.50,705700,8.50
2011-08-05,9.00,9.56,8.80,9.41,600500,9.41
2011-08-04,9.71,9.71,8.68,8.86,832700,8.86
2011-08-03,9.86,9.90,9.15,9.76,400600,9.76
2011-08-02,10.51,10.5326,9.70,9.93,1124100,9.93
2011-08-01,10.66,11.12,10.50,10.76,810900,10.76
2011-07-29,10.20,10.50,10.10,10.33,735600,10.33
2011-07-28,10.22,10.27,9.95,10.24,613300,10.24
2011-07-27,10.20,10.37,10.00,10.30,1214000,10.30
2011-07-26,10.00,10.14,9.84,10.10,1174300,10.10
2011-07-25,9.63,10.10,9.50,10.02,1444800,10.02
2011-07-22,8.93,9.78,8.93,9.66,1554900,9.66
2011-07-21,8.80,9.60,8.75,8.80,2132200,8.80
2011-07-20,9.26,9.44,8.18,8.64,3797800,8.64
2011-07-19,10.68,10.70,9.22,9.34,2196600,9.34
2011-07-18,10.87,10.9775,9.12,10.25,3511600,10.25
2011-07-15,10.15,11.24,9.50,11.24,2113100,11.24
2011-07-14,11.25,11.35,9.92,10.15,1832500,10.15
2011-07-13,10.72,11.54,10.71,11.29,586000,11.29
2011-07-12,10.69,10.99,10.57,10.70,426600,10.70
2011-07-11,11.17,11.22,10.40,10.85,575500,10.85
2011-07-08,11.25,11.31,11.00,11.23,447700,11.23
2011-07-07,11.36,11.54,11.00,11.46,358100,11.46
2011-07-06,11.26,11.77,10.50,11.37,1101500,11.37
2011-07-05,11.00,11.54,11.00,11.09,732100,11.09
2011-07-01,10.47,11.10,10.36,11.02,698000,11.02
2011-06-30,10.00,10.62,10.00,10.48,1100600,10.48
2011-06-29,10.40,10.43,9.76,9.93,1341700,9.93
2011-06-28,10.58,10.64,9.82,10.13,1257200,10.13
2011-06-27,10.81,11.00,9.03,10.70,3178400,10.70
2011-06-24,11.36,11.60,10.92,10.98,630300,10.98
2011-06-23,11.82,12.05,10.70,11.30,661400,11.30
2011-06-22,12.41,13.29,11.77,11.92,1275000,11.92
2011-06-21,10.97,11.85,10.88,11.77,1609600,11.77
2011-06-20,10.81,11.02,10.42,10.69,979800,10.69
2011-06-17,11.54,11.71,10.26,10.79,2847000,10.79
2011-06-16,12.51,12.76,10.80,11.48,1108000,11.48
2011-06-15,12.89,12.97,12.42,12.66,594200,12.66
2011-06-14,11.96,12.75,11.83,12.65,906500,12.65
2011-06-13,12.00,12.44,11.52,11.64,1674700,11.64
2011-06-10,12.27,12.38,11.40,11.82,1331000,11.82
2011-06-09,13.07,13.16,12.23,12.39,1437900,12.39
2011-06-08,13.40,13.6199,13.06,13.15,517900,13.15
2011-06-07,13.35,13.68,13.30,13.42,723200,13.42
2011-06-06,13.40,14.1701,13.07,13.24,2156300,13.24
2011-06-03,15.50,15.50,13.05,13.19,1958700,13.19
2011-06-02,15.76,15.98,15.33,15.59,324000,15.59
2011-06-01,15.30,15.79,15.30,15.65,683700,15.65
2011-05-31,14.96,15.48,14.90,15.25,2217400,15.25
2011-05-27,15.19,15.19,14.62,14.75,518000,14.75
2011-05-26,15.42,15.42,14.99,15.16,403400,15.16
2011-05-25,14.53,15.40,14.28,15.19,738300,15.19
2011-05-24,14.93,15.15,14.50,14.52,309400,14.52
2011-05-23,15.19,15.27,14.90,14.93,455100,14.93
2011-05-20,15.55,15.69,15.11,15.34,289200,15.34
2011-05-19,15.82,15.86,15.38,15.55,209700,15.55
2011-05-18,15.76,15.88,15.63,15.81,200400,15.81
2011-05-17,15.93,16.005,15.56,15.65,388400,15.65
2011-05-16,16.19,16.1992,15.95,16.03,486000,16.03
2011-05-13,16.30,16.345,16.00,16.09,299000,16.09
2011-05-12,16.15,16.30,16.0401,16.20,171400,16.20
2011-05-11,16.14,16.399,16.05,16.15,273300,16.15
2011-05-10,16.58,16.61,15.9501,16.14,607400,16.14
2011-05-09,16.47,16.47,15.89,16.02,732600,16.02
2011-05-06,16.89,16.89,15.82,16.09,684600,16.09
2011-05-05,16.89,16.89,16.35,16.68,227700,16.68
2011-05-04,16.86,17.18,16.18,16.89,469700,16.89
2011-05-03,16.94,17.31,16.65,16.84,364900,16.84
2011-05-02,16.98,17.12,16.57,17.01,398600,17.01
2011-04-29,16.01,16.9399,15.90,16.67,354500,16.67
2011-04-28,16.40,16.449,15.85,15.94,370900,15.94
2011-04-27,15.98,16.45,15.6799,16.33,386600,16.33
2011-04-26,15.70,15.91,15.52,15.89,353400,15.89
2011-04-25,15.68,15.68,15.40,15.60,382700,15.60
2011-04-21,15.87,16.00,15.39,15.48,257700,15.48
2011-04-20,15.92,15.95,15.42,15.53,413600,15.53
2011-04-19,15.95,16.06,15.41,15.53,432200,15.53
2011-04-18,16.33,16.42,15.55,15.81,672900,15.81
2011-04-15,14.83,16.64,14.83,16.13,1623900,16.13
2011-04-14,14.93,14.93,13.90,14.21,999900,14.21
2011-04-13,15.03,15.15,14.50,14.94,988900,14.94
2011-04-12,16.20,16.30,14.52,14.91,1308200,14.91
2011-04-11,16.66,16.74,16.161,16.26,515500,16.26
2011-04-08,16.31,16.75,16.31,16.56,461700,16.56
2011-04-07,15.50,16.45,15.48,16.09,611700,16.09
2011-04-06,15.24,15.58,15.20,15.45,310600,15.45
2011-04-05,15.55,15.55,15.15,15.21,374400,15.21
2011-04-04,15.67,15.98,15.35,15.47,740000,15.47
2011-04-01,15.30,15.37,15.02,15.32,415600,15.32
2011-03-31,15.42,15.4325,15.15,15.15,299300,15.15
2011-03-30,15.19,15.40,15.15,15.35,267500,15.35
2011-03-29,15.20,15.3825,15.09,15.10,287900,15.10
2011-03-28,15.45,15.51,15.12,15.14,290900,15.14
2011-03-25,15.55,15.55,15.24,15.27,258600,15.27
2011-03-24,15.60,15.66,15.24,15.43,443800,15.43
2011-03-23,15.56,15.70,15.31,15.36,498400,15.36
2011-03-22,15.35,15.50,15.18,15.39,457900,15.39
2011-03-21,15.20,15.35,14.85,15.27,795400,15.27
2011-03-18,14.74,15.23,14.73,15.00,777600,15.00
2011-03-17,14.73,14.93,14.26,14.50,2521500,14.50
2011-03-16,15.19,15.20,14.55,14.65,814300,14.65
2011-03-15,16.06,16.09,14.91,14.95,641100,14.95
2011-03-14,16.00,16.415,15.98,16.06,226800,16.06
2011-03-11,16.40,16.41,16.09,16.22,218000,16.22
2011-03-10,17.27,17.46,16.10,16.49,439500,16.49
2011-03-09,17.70,17.70,17.47,17.48,173100,17.48
2011-03-08,18.05,18.20,17.71,17.75,442900,17.75
2011-03-07,18.94,18.94,18.10,18.11,534600,18.11
2011-03-04,18.78,19.25,18.60,19.00,361100,19.00
2011-03-03,18.50,18.89,18.50,18.78,172500,18.78
2011-03-02,18.52,18.95,18.35,18.39,204800,18.39
2011-03-01,18.68,19.09,18.50,18.60,159000,18.60
2011-02-28,18.96,19.10,18.58,18.59,198300,18.59
2011-02-25,18.50,19.11,18.47,18.94,249700,18.94
2011-02-24,18.20,18.47,18.06,18.36,230600,18.36
2011-02-23,18.20,18.46,18.01,18.20,115700,18.20
2011-02-22,18.24,18.53,18.10,18.27,129600,18.27
2011-02-18,18.50,18.58,18.37,18.55,142700,18.55
2011-02-17,18.55,18.57,18.34,18.46,86000,18.46
2011-02-16,18.42,18.56,18.25,18.53,109200,18.53
2011-02-15,18.60,18.89,18.30,18.38,98800,18.38
2011-02-14,18.54,18.92,18.40,18.65,107800,18.65
2011-02-11,18.45,18.60,18.37,18.60,136100,18.60
2011-02-10,18.37,18.45,18.02,18.45,114300,18.45
2011-02-09,18.25,18.47,18.20,18.41,103400,18.41
2011-02-08,18.35,18.48,18.20,18.26,151700,18.26
2011-02-07,18.58,18.84,18.30,18.33,131100,18.33
2011-02-04,18.81,18.81,18.50,18.53,118000,18.53
2011-02-03,19.19,19.25,18.72,18.84,213600,18.84
2011-02-02,19.20,19.289,19.17,19.25,115600,19.25
2011-02-01,18.96,19.50,18.55,19.29,107700,19.29
2011-01-31,18.98,19.18,18.5719,18.90,299300,18.90
2011-01-28,19.02,19.20,18.56,18.985,204500,18.985
2011-01-27,19.20,19.4881,19.06,19.08,348200,19.08
2011-01-26,19.00,19.31,18.94,19.17,142900,19.17
2011-01-25,18.73,18.95,18.51,18.82,79900,18.82
2011-01-24,18.84,19.37,18.60,18.62,114600,18.62
2011-01-21,19.03,19.03,18.54,18.90,184500,18.90
2011-01-20,19.41,19.41,18.721,18.9699,126000,18.9699
2011-01-19,20.00,20.15,19.23,19.46,157800,19.46
2011-01-18,19.80,20.25,19.39,19.75,571500,19.75
2011-01-14,19.07,19.11,18.49,18.85,187900,18.85
2011-01-13,19.49,19.49,18.80,18.89,207900,18.89
2011-01-12,18.70,19.4799,18.53,19.205,287300,19.205
2011-01-11,19.00,19.41,18.51,18.66,298100,18.66
2011-01-10,18.87,19.00,18.65,18.89,87700,18.89
2011-01-07,18.88,18.99,18.618,18.99,119000,18.99
2011-01-06,19.62,19.82,18.55,18.82,125100,18.82
2011-01-05,18.69,19.15,18.65,19.14,116900,19.14
2011-01-04,20.07,20.095,18.67,18.76,493100,18.76
2011-01-03,20.50,20.50,19.88,20.15,116300,20.15
2010-12-31,21.00,21.00,20.25,20.40,180800,20.40
2010-12-30,19.17,21.07,19.17,20.84,384300,20.84
2010-12-29,19.10,19.19,18.938,19.07,96900,19.07
2010-12-28,18.57,19.30,18.57,18.92,99900,18.92
2010-12-27,18.39,18.64,18.29,18.64,56800,18.64
2010-12-23,18.28,18.46,18.16,18.46,97700,18.46
2010-12-22,18.32,18.36,18.12,18.28,95600,18.28
2010-12-21,18.44,18.74,18.11,18.32,144600,18.32
2010-12-20,18.95,18.95,18.15,18.43,166400,18.43
2010-12-17,18.97,18.97,18.05,18.41,166900,18.41
2010-12-16,18.38,18.38,17.60,18.24,119200,18.24
2010-12-15,18.89,18.90,17.63,18.00,256900,18.00
2010-12-14,17.55,18.88,17.48,18.46,528300,18.46
2010-12-13,17.75,17.95,17.10,17.31,570900,17.31
2010-12-10,18.15,18.21,17.10,17.76,475900,17.76
2010-12-09,18.77,18.77,18.35,18.70,125100,18.70
2010-12-08,18.92,18.92,18.321,18.53,204200,18.53
2010-12-07,19.49,19.6994,18.78,19.00,254400,19.00
2010-12-06,19.72,19.72,19.02,19.33,241200,19.33
2010-12-03,19.54,19.58,19.34,19.47,92200,19.47
2010-12-02,19.11,19.52,19.01,19.48,279500,19.48
2010-12-01,19.68,19.72,19.05,19.16,374700,19.16
2010-11-30,19.10,19.36,18.81,19.11,345500,19.11
2010-11-29,18.60,19.14,18.29,18.98,497500,18.98
2010-11-26,18.25,18.76,18.25,18.76,71500,18.76
2010-11-24,18.48,18.74,18.14,18.29,148800,18.29
2010-11-23,19.38,19.38,17.77,18.08,419100,18.08
2010-11-22,18.80,19.14,18.29,18.78,376500,18.78
2010-11-19,21.04,21.04,18.611,19.04,297700,19.04
2010-11-18,19.45,19.7647,19.08,19.50,310400,19.50
2010-11-17,20.19,20.50,19.00,19.10,334800,19.10
2010-11-16,21.74,21.74,19.40,20.29,675400,20.29
2010-11-15,21.90,22.07,21.157,22.07,465600,22.07
2010-11-12,21.97,21.9999,20.94,21.32,282200,21.32
2010-11-11,20.21,22.38,20.19,22.13,450200,22.13
2010-11-10,20.79,21.48,20.06,21.41,591900,21.41
2010-11-09,22.01,22.41,20.87,21.00,1467000,21.00
2010-11-08,22.90,23.60,22.80,23.16,324800,23.16
2010-11-05,25.00,25.00,22.80,22.91,434100,22.91
2010-11-04,22.98,24.63,22.80,22.92,1119400,22.92
2010-11-03,21.50,22.40,21.40,22.40,431900,22.40
2010-11-02,21.15,21.60,21.09,21.38,285300,21.38
2010-11-01,20.16,21.29,20.041,21.15,367200,21.15
2010-10-29,19.62,20.40,19.5108,20.22,330300,20.22
2010-10-28,19.85,20.00,19.41,19.54,285200,19.54
2010-10-27,20.61,20.61,19.36,19.85,427700,19.85
2010-10-26,20.75,20.90,20.22,20.38,221000,20.38
2010-10-25,21.40,21.74,20.50,20.75,251500,20.75
2010-10-22,20.64,21.45,20.64,21.40,340800,21.40
2010-10-21,20.85,20.85,19.70,20.64,379500,20.64
2010-10-20,20.74,20.82,19.60,19.92,257800,19.92
2010-10-19,20.85,20.8795,19.60,20.00,560900,20.00
2010-10-18,20.78,21.10,20.50,20.88,203000,20.88
2010-10-15,21.03,21.49,20.00,20.92,536300,20.92
2010-10-14,20.87,22.00,20.8001,21.43,775400,21.43
2010-10-13,20.42,20.81,20.12,20.70,617600,20.70
2010-10-12,20.69,20.69,19.74,20.12,414600,20.12
2010-10-11,20.39,20.50,19.93,20.25,717200,20.25
2010-10-08,18.66,20.288,18.58,20.14,1020900,20.14
2010-10-07,17.90,18.77,17.82,18.75,707100,18.75
2010-10-06,17.56,17.84,17.40,17.72,566700,17.72
2010-10-05,16.75,17.5899,16.74,17.56,679200,17.56
2010-10-04,17.50,17.55,16.58,16.74,646900,16.74
2010-10-01,16.45,17.54,16.25,17.52,583000,17.52
2010-09-30,16.28,16.78,15.92,16.29,393500,16.29
2010-09-29,15.26,16.80,15.23,16.24,1133800,16.24
2010-09-28,15.49,15.60,15.08,15.20,538300,15.20
2010-09-27,15.26,15.589,15.23,15.48,1278400,15.48
2010-09-24,15.81,15.81,15.14,15.25,355400,15.25
2010-09-23,15.78,15.80,15.23,15.55,351200,15.55
2010-09-22,15.04,15.74,14.982,15.74,690700,15.74
2010-09-21,15.02,15.26,14.76,15.18,420700,15.18
2010-09-20,14.94,15.13,14.58,15.08,458300,15.08
2010-09-17,14.50,14.83,14.274,14.81,481200,14.81
2010-09-16,14.79,14.82,14.32,14.48,485300,14.48
2010-09-15,14.96,15.37,14.85,14.94,302700,14.94
2010-09-14,15.04,15.23,14.911,15.06,212800,15.06
2010-09-13,15.64,15.74,14.84,15.14,655500,15.14
2010-09-10,15.63,15.63,15.31,15.38,215900,15.38
2010-09-09,15.74,15.74,15.40,15.51,273300,15.51
2010-09-08,15.60,15.79,15.39,15.47,277200,15.47
2010-09-07,15.98,16.20,15.57,15.64,222800,15.64
2010-09-03,16.10,16.18,15.84,15.98,416700,15.98
2010-09-02,16.07,16.10,15.65,15.95,294500,15.95
2010-09-01,16.05,16.3391,15.92,16.07,303800,16.07
2010-08-31,16.39,16.39,15.82,16.00,430800,16.00
2010-08-30,16.33,16.62,16.14,16.45,440200,16.45
2010-08-27,16.18,16.58,15.85,16.33,405200,16.33
2010-08-26,15.58,16.15,15.44,16.11,554500,16.11
2010-08-25,15.45,15.59,15.04,15.41,390100,15.41
2010-08-24,15.00,15.75,14.97,15.39,719600,15.39
2010-08-23,14.72,15.11,14.62,14.97,362200,14.97
2010-08-20,14.38,14.84,14.38,14.70,355200,14.70
2010-08-19,14.69,14.77,14.38,14.46,111900,14.46
2010-08-18,14.79,14.84,14.50,14.75,103000,14.75
2010-08-17,14.80,14.85,14.64,14.77,192000,14.77
2010-08-16,14.35,14.71,14.27,14.69,146900,14.69
2010-08-13,14.71,14.71,14.38,14.50,127700,14.50
2010-08-12,14.21,15.06,14.21,14.60,258100,14.60
2010-08-11,14.47,14.53,14.16,14.48,331000,14.48
2010-08-10,14.90,14.90,14.21,14.73,335700,14.73
2010-08-09,15.12,15.15,14.85,14.90,380200,14.90
2010-08-06,14.92,15.20,14.90,15.05,203800,15.05
2010-08-05,15.23,15.3397,15.131,15.19,189400,15.19
2010-08-04,15.01,15.24,14.9001,15.21,180200,15.21
2010-08-03,14.96,15.02,14.79,15.01,208900,15.01
2010-08-02,14.90,15.00,14.7401,14.99,265700,14.99
2010-07-30,14.13,14.85,13.90,14.72,288400,14.72
2010-07-29,14.61,14.76,14.34,14.35,180000,14.35
2010-07-28,15.03,15.05,14.46,14.58,328500,14.58
2010-07-27,14.50,15.04,14.44,14.96,629100,14.96
2010-07-26,13.74,14.50,13.50,14.48,538800,14.48
2010-07-23,13.77,13.87,13.56,13.87,278100,13.87
2010-07-22,13.58,13.77,13.35,13.76,528400,13.76
2010-07-21,13.42,13.49,13.10,13.29,358600,13.29
2010-07-20,13.18,13.42,13.07,13.42,194200,13.42
2010-07-19,12.88,13.25,12.87,13.23,209100,13.23
2010-07-16,13.00,13.16,12.82,12.89,208900,12.89
2010-07-15,13.14,13.14,12.70,13.01,141500,13.01
2010-07-14,13.30,13.30,12.95,13.15,143200,13.15
2010-07-13,12.85,13.09,12.73,13.08,232400,13.08
2010-07-12,12.79,12.80,12.27,12.75,236100,12.75
2010-07-09,12.62,12.76,12.45,12.73,157800,12.73
2010-07-08,12.48,12.60,12.35,12.60,300800,12.60
2010-07-07,12.01,12.315,11.95,12.25,453800,12.25
2010-07-06,11.71,12.31,11.71,11.97,549600,11.97
2010-07-02,11.66,11.745,11.32,11.58,356900,11.58
2010-07-01,11.71,11.71,11.084,11.40,546300,11.40
2010-06-30,11.80,12.03,11.62,11.76,451800,11.76
2010-06-29,12.50,12.514,11.76,11.89,521900,11.89
2010-06-28,13.09,13.09,12.57,12.58,375600,12.58
2010-06-25,12.84,13.42,12.61,13.05,3789400,13.05
2010-06-24,13.05,13.06,12.62,12.84,288000,12.84
2010-06-23,13.07,13.24,12.85,13.08,349200,13.08
2010-06-22,13.60,13.69,12.97,13.02,527400,13.02
2010-06-21,13.59,13.62,13.41,13.50,584700,13.50
2010-06-18,13.41,13.43,13.10,13.32,854400,13.32
2010-06-17,12.96,13.10,12.77,13.06,924600,13.06
2010-06-16,12.61,12.96,12.50,12.82,428800,12.82
2010-06-15,12.43,12.70,12.36,12.67,382200,12.67
2010-06-14,11.84,12.35,11.84,12.26,612500,12.26
2010-06-11,11.16,11.65,11.15,11.65,310100,11.65
2010-06-10,11.19,11.30,10.95,11.22,677500,11.22
2010-06-09,10.91,11.24,10.87,11.00,247700,11.00
2010-06-08,10.93,11.14,10.42,10.82,460400,10.82
2010-06-07,11.39,11.39,10.84,10.91,366900,10.91
2010-06-04,11.60,11.76,11.30,11.36,307800,11.36
2010-06-03,12.01,12.16,11.68,11.90,317400,11.90
2010-06-02,11.78,12.07,11.58,12.02,129900,12.02
2010-06-01,12.09,12.24,11.73,11.73,184800,11.73
2010-05-28,12.19,12.40,11.861,12.16,340000,12.16
2010-05-27,11.72,12.23,11.5699,12.15,377100,12.15
2010-05-26,11.40,11.91,11.35,11.40,423500,11.40
2010-05-25,11.36,11.45,11.05,11.34,489800,11.34
2010-05-24,11.94,12.09,11.67,11.71,265400,11.71
2010-05-21,11.51,12.18,11.50,11.90,356300,11.90
2010-05-20,12.01,12.06,11.50,11.69,511200,11.69
2010-05-19,12.69,12.81,12.11,12.27,393600,12.27
2010-05-18,13.09,13.11,12.71,12.77,317100,12.77
2010-05-17,12.82,12.98,12.51,12.96,346600,12.96
2010-05-14,12.96,12.96,12.56,12.73,483100,12.73
2010-05-13,12.97,12.98,12.71,12.91,232800,12.91
2010-05-12,12.49,12.97,12.49,12.92,317000,12.92
2010-05-11,12.05,12.47,12.05,12.42,507800,12.42
2010-05-10,12.80,12.98,11.80,12.03,731700,12.03
2010-05-07,11.69,11.95,11.18,11.47,669700,11.47
2010-05-06,12.00,12.39,11.11,11.69,808400,11.69
2010-05-05,12.48,12.50,11.86,12.12,798700,12.12
2010-05-04,12.92,12.926,12.48,12.53,380700,12.53
2010-05-03,12.88,13.14,12.65,13.04,425600,13.04
2010-04-30,13.00,13.196,12.68,12.68,430600,12.68
2010-04-29,12.94,13.0999,12.63,12.90,380600,12.90
2010-04-28,13.08,13.20,12.60,12.99,279000,12.99
2010-04-27,13.49,13.60,13.03,13.07,527500,13.07
2010-04-26,13.44,13.64,13.35,13.48,372100,13.48
2010-04-23,13.22,13.44,13.10,13.42,284700,13.42
2010-04-22,13.19,13.31,13.05,13.30,198800,13.30
2010-04-21,13.50,13.60,13.20,13.26,179300,13.26
2010-04-20,13.34,13.59,13.25,13.42,246700,13.42
2010-04-19,13.56,13.56,13.03,13.36,520600,13.36
2010-04-16,13.88,13.98,13.38,13.66,404000,13.66
2010-04-15,13.92,13.97,13.77,13.87,309400,13.87
2010-04-14,13.90,14.00,13.62,13.92,567900,13.92
2010-04-13,13.48,13.81,13.29,13.80,661100,13.80
2010-04-12,13.19,13.25,13.04,13.25,263800,13.25
2010-04-09,12.77,13.16,12.66,13.14,330100,13.14
2010-04-08,12.83,12.91,12.60,12.71,226100,12.71
2010-04-07,12.64,12.94,12.54,12.89,286800,12.89
2010-04-06,12.91,12.9375,12.65,12.67,351500,12.67
2010-04-05,13.05,13.17,12.88,12.95,180400,12.95
2010-04-01,12.75,13.05,12.75,13.00,263100,13.00
2010-03-31,12.95,13.00,12.64,12.70,372000,12.70
2010-03-30,13.22,13.265,12.80,13.06,397200,13.06
2010-03-29,13.00,13.20,12.995,13.20,351600,13.20
2010-03-26,12.77,13.09,12.75,12.90,539700,12.90
2010-03-25,12.71,12.977,12.71,12.78,258800,12.78
2010-03-24,12.35,12.74,12.27,12.66,290500,12.66
2010-03-23,12.47,12.59,12.31,12.37,240600,12.37
2010-03-22,12.15,12.51,12.10,12.47,227900,12.47
2010-03-19,12.69,12.75,12.20,12.23,336200,12.23
2010-03-18,12.45,12.67,12.40,12.61,217500,12.61
2010-03-17,12.50,12.64,12.22,12.44,491700,12.44
2010-03-16,12.76,12.76,12.371,12.50,454500,12.50
2010-03-15,12.95,12.95,12.51,12.78,445500,12.78
2010-03-12,13.51,13.67,12.85,12.89,766500,12.89
2010-03-11,13.50,13.84,13.25,13.40,573400,13.40
2010-03-10,13.55,13.70,13.45,13.52,352700,13.52
2010-03-09,13.49,13.70,13.41,13.55,334100,13.55
2010-03-08,13.47,13.70,13.45,13.48,359800,13.48
2010-03-05,13.38,13.67,13.31,13.39,398600,13.39
2010-03-04,13.50,13.60,13.2102,13.25,417600,13.25
2010-03-03,13.66,13.91,13.26,13.44,643900,13.44
2010-03-02,12.46,13.24,12.42,13.23,500300,13.23
2010-03-01,12.42,12.61,12.25,12.40,321000,12.40
2010-02-26,12.36,12.64,12.30,12.31,254300,12.31
2010-02-25,12.12,12.35,12.01,12.32,239200,12.32
2010-02-24,12.20,12.47,12.08,12.26,196300,12.26
2010-02-23,12.43,12.56,12.1517,12.22,274800,12.22
2010-02-22,12.44,12.6499,12.35,12.41,227100,12.41
2010-02-19,12.29,12.43,12.16,12.35,223300,12.35
2010-02-18,12.41,12.50,12.16,12.29,338400,12.29
2010-02-17,12.14,12.56,12.14,12.45,400500,12.45
2010-02-16,11.79,12.11,11.65,12.07,709200,12.07
2010-02-12,11.60,11.63,11.25,11.60,379800,11.60
2010-02-11,11.96,11.96,11.42,11.64,576100,11.64
2010-02-10,11.97,12.06,11.55,11.87,398400,11.87
2010-02-09,12.12,12.14,11.69,11.90,494700,11.90
2010-02-08,11.42,12.17,11.26,11.78,605200,11.78
2010-02-05,11.73,11.75,11.14,11.36,809800,11.36
2010-02-04,12.41,12.44,11.77,11.87,610200,11.87
2010-02-03,12.69,12.85,12.35,12.54,351500,12.54
2010-02-02,12.55,12.82,12.15,12.69,518700,12.69
2010-02-01,12.26,12.60,11.54,12.54,1095900,12.54
2010-01-29,12.52,12.71,12.15,12.20,341500,12.20
2010-01-28,12.70,12.70,12.11,12.31,542200,12.31
2010-01-27,12.79,13.15,12.42,12.59,560800,12.59
2010-01-26,13.35,13.47,12.75,12.81,662200,12.81
2010-01-25,13.68,13.97,13.31,13.54,253000,13.54
2010-01-22,13.76,13.95,13.25,13.64,468500,13.64
2010-01-21,14.51,14.52,13.594,13.75,569600,13.75
2010-01-20,14.41,14.58,14.10,14.56,413700,14.56
2010-01-19,14.51,14.55,14.23,14.52,315800,14.52
2010-01-15,14.94,14.95,14.15,14.52,353500,14.52
2010-01-14,14.63,14.99,14.52,14.72,612600,14.72
2010-01-13,14.32,14.60,13.80,14.50,607200,14.50
2010-01-12,14.38,14.66,14.13,14.21,786300,14.21
2010-01-11,15.01,15.32,14.10,14.54,1722900,14.54
2010-01-08,16.07,16.106,15.85,15.96,210100,15.96
2010-01-07,16.24,16.35,15.63,16.13,284100,16.13
2010-01-06,16.26,16.49,16.17,16.21,294200,16.21
2010-01-05,16.26,16.40,16.01,16.20,423600,16.20
2010-01-04,15.97,16.38,15.76,16.18,627700,16.18
2009-12-31,15.88,16.25,15.55,15.61,317700,15.61
2009-12-30,15.57,15.75,15.29,15.68,244200,15.68
2009-12-29,15.60,16.00,15.28,15.81,560700,15.81
2009-12-28,14.73,15.50,14.60,15.47,847400,15.47
2009-12-24,14.72,14.7299,14.47,14.60,88400,14.60
2009-12-23,14.47,14.70,14.35,14.59,386600,14.59
2009-12-22,14.44,14.58,13.96,14.37,355300,14.37
2009-12-21,14.62,14.75,14.39,14.40,329200,14.40
2009-12-18,14.52,14.89,14.30,14.39,407100,14.39
2009-12-17,14.85,14.94,14.45,14.52,314500,14.52
2009-12-16,14.92,15.11,14.80,14.92,370500,14.92
2009-12-15,14.41,15.08,14.40,14.77,664900,14.77
2009-12-14,14.68,14.74,14.26,14.46,296000,14.46
2009-12-11,14.63,14.80,14.14,14.45,506800,14.45
2009-12-10,14.42,14.59,14.27,14.36,386800,14.36
2009-12-09,14.49,14.53,14.20,14.33,267600,14.33
2009-12-08,14.24,14.73,14.22,14.53,302900,14.53
2009-12-07,14.68,14.75,14.325,14.54,384600,14.54
2009-12-04,14.31,14.69,13.98,14.62,704700,14.62
2009-12-03,14.07,14.50,13.85,13.94,460100,13.94
2009-12-02,13.99,14.11,13.78,13.81,314100,13.81
2009-12-01,13.68,13.96,13.55,13.89,431700,13.89
2009-11-30,13.71,13.83,13.25,13.61,1501600,13.61
2009-11-27,13.56,13.96,13.55,13.72,322600,13.72
2009-11-25,14.11,14.12,13.81,14.07,284300,14.07
2009-11-24,14.08,14.19,13.74,14.08,455700,14.08
2009-11-23,13.93,14.35,13.85,14.08,466400,14.08
2009-11-20,13.50,13.83,13.48,13.65,305800,13.65
2009-11-19,13.88,13.88,13.50,13.59,347900,13.59
2009-11-18,13.85,13.99,13.66,13.96,345700,13.96
2009-11-17,13.97,14.00,13.44,13.63,507400,13.63
2009-11-16,13.86,14.29,13.51,13.97,741400,13.97
2009-11-13,13.40,13.64,13.11,13.61,574800,13.61
2009-11-12,13.34,13.92,13.12,13.43,922400,13.43
2009-11-11,12.87,13.46,12.87,13.31,670200,13.31
2009-11-10,13.00,13.06,12.50,12.80,1459100,12.80
2009-11-09,13.00,13.15,12.20,12.33,2482100,12.33
2009-11-06,13.80,14.08,13.61,13.85,371000,13.85
2009-11-05,13.83,14.15,13.79,14.00,354000,14.00
2009-11-04,14.34,14.50,13.75,13.78,634200,13.78
2009-11-03,13.70,14.28,13.42,14.15,457200,14.15
2009-11-02,13.48,14.19,13.19,13.70,681300,13.70
2009-10-30,14.49,14.49,13.15,13.31,1214300,13.31
2009-10-29,13.40,14.55,13.40,14.43,797600,14.43
2009-10-28,13.80,13.8829,13.27,13.37,834200,13.37
2009-10-27,14.99,15.05,13.80,13.95,1031800,13.95
2009-10-26,15.27,15.68,14.80,14.98,1087500,14.98
2009-10-23,16.06,16.49,15.03,15.18,938000,15.18
2009-10-22,16.04,16.46,15.41,16.06,612500,16.06
2009-10-21,15.86,16.79,15.86,16.29,1052400,16.29
2009-10-20,16.00,16.15,14.98,15.74,724800,15.74
2009-10-19,16.30,16.34,15.90,16.00,504200,16.00
2009-10-16,15.82,16.31,15.65,16.17,709500,16.17
2009-10-15,16.27,16.42,15.90,15.96,675500,15.96
2009-10-14,15.53,16.70,15.44,16.17,1733300,16.17
2009-10-13,14.99,15.14,14.8103,15.07,757700,15.07
2009-10-12,14.20,14.97,14.20,14.71,558200,14.71
2009-10-09,14.01,14.45,13.84,14.15,2109300,14.15
2009-10-08,14.57,14.70,14.37,14.60,305500,14.60
2009-10-07,14.30,14.5399,14.09,14.26,231700,14.26
2009-10-06,14.05,14.329,13.85,14.26,329900,14.26
2009-10-05,13.55,13.88,13.27,13.80,236900,13.80
2009-10-02,13.14,13.68,12.80,13.45,510300,13.45
2009-10-01,14.70,15.12,13.34,13.35,846200,13.35
2009-09-30,14.75,15.00,14.28,14.72,433600,14.72
2009-09-29,15.00,15.20,14.60,14.67,414200,14.67
2009-09-28,14.99,15.21,14.5201,14.80,440400,14.80
2009-09-25,14.90,15.64,14.40,14.78,1063300,14.78
2009-09-24,14.25,15.0182,13.77,14.93,1667800,14.93
2009-09-23,13.75,13.97,13.50,13.64,504600,13.64
2009-09-22,12.76,13.69,12.69,13.60,823600,13.60
2009-09-21,12.41,12.65,12.41,12.60,164900,12.60
2009-09-18,12.60,12.60,12.28,12.41,242500,12.41
2009-09-17,12.77,12.7899,12.46,12.52,269900,12.52
2009-09-16,12.42,12.80,12.27,12.73,374600,12.73
2009-09-15,12.47,12.47,12.20,12.37,146100,12.37
2009-09-14,12.36,12.49,12.17,12.46,145400,12.46
2009-09-11,12.41,12.47,12.10,12.26,193200,12.26
2009-09-10,12.47,12.47,12.02,12.36,241900,12.36
2009-09-09,11.90,12.34,11.83,12.33,522500,12.33
2009-09-08,11.62,11.83,11.40,11.73,1023000,11.73
2009-09-04,11.15,11.60,11.1385,11.47,199400,11.47
2009-09-03,11.05,11.18,10.94,11.05,322800,11.05
2009-09-02,10.90,10.98,10.75,10.89,263300,10.89
2009-09-01,11.21,11.46,10.77,10.86,213000,10.86
2009-08-31,11.44,11.49,11.11,11.38,162500,11.38
2009-08-28,11.57,11.7987,11.39,11.51,188500,11.51
2009-08-27,11.39,11.60,11.26,11.51,183300,11.51
2009-08-26,11.04,11.40,11.04,11.39,165200,11.39
2009-08-25,11.15,11.41,11.05,11.11,223600,11.11
2009-08-24,11.22,11.49,11.10,11.13,213300,11.13
2009-08-21,11.50,11.55,11.20,11.37,255500,11.37
2009-08-20,11.00,11.68,10.88,11.42,277400,11.42
2009-08-19,11.26,11.59,11.23,11.34,127000,11.34
2009-08-18,11.07,11.58,11.00,11.43,231700,11.43
2009-08-17,11.39,11.40,10.85,11.03,387800,11.03
2009-08-14,11.89,12.05,11.27,11.57,437000,11.57
2009-08-13,11.71,11.71,11.35,11.50,185800,11.50
2009-08-12,11.44,11.84,10.85,11.68,393500,11.68
2009-08-11,11.80,11.90,11.44,11.52,493800,11.52
2009-08-10,12.25,12.25,11.72,11.88,522100,11.88
2009-08-07,12.10,12.25,11.95,12.21,206900,12.21
2009-08-06,12.07,12.1355,11.70,11.95,184900,11.95
2009-08-05,12.30,12.32,11.98,12.05,214000,12.05
2009-08-04,12.00,12.56,11.95,12.32,373500,12.32
2009-08-03,12.10,12.1992,11.86,12.01,366900,12.01
2009-07-31,11.85,12.19,11.79,12.03,313000,12.03
2009-07-30,11.53,11.99,11.36,11.66,185500,11.66
2009-07-29,11.30,11.40,11.10,11.33,187400,11.33
2009-07-28,11.78,11.9884,11.16,11.53,238000,11.53
2009-07-27,11.10,11.85,11.00,11.82,388700,11.82
2009-07-24,10.94,11.10,10.571,10.85,260000,10.85
2009-07-23,10.04,11.00,9.93,11.00,579700,11.00
2009-07-22,9.85,9.94,9.70,9.83,226500,9.83
2009-07-21,10.05,10.14,9.80,9.88,280200,9.88
2009-07-20,9.77,10.10,9.75,10.08,248900,10.08
2009-07-17,9.79,9.80,9.60,9.69,209300,9.69
2009-07-16,9.78,9.85,9.58,9.70,262700,9.70
2009-07-15,9.71,9.95,9.55,9.78,330500,9.78
2009-07-14,9.66,9.77,9.50,9.53,137600,9.53
2009-07-13,9.61,9.68,9.225,9.52,140700,9.52
2009-07-10,9.53,9.65,9.33,9.61,127200,9.61
2009-07-09,9.30,9.81,9.26,9.54,522100,9.54
2009-07-08,9.36,9.47,9.01,9.20,339800,9.20
2009-07-07,9.92,9.92,9.28,9.35,262700,9.35
2009-07-06,10.14,10.15,9.60,9.89,321300,9.89
2009-07-02,10.35,10.49,10.1002,10.23,159300,10.23
2009-07-01,10.35,10.59,10.10,10.42,240300,10.42
2009-06-30,10.60,10.69,10.13,10.36,155400,10.36
2009-06-29,10.69,10.73,10.32,10.51,270300,10.51
2009-06-26,10.50,10.56,10.35,10.55,309400,10.55
2009-06-25,10.49,10.60,10.31,10.45,285700,10.45
2009-06-24,10.42,10.74,10.36,10.39,249000,10.39
2009-06-23,10.00,10.5899,9.87,10.24,402200,10.24
2009-06-22,10.93,10.94,9.81,10.02,400500,10.02
2009-06-19,10.74,11.40,10.68,10.95,415500,10.95
2009-06-18,10.15,10.86,10.05,10.54,629300,10.54
2009-06-17,10.50,10.63,9.83,10.17,641900,10.17
2009-06-16,11.45,11.7952,10.38,10.61,729600,10.61
2009-06-15,12.36,12.70,11.01,11.40,517300,11.40
2009-06-12,12.75,12.8299,12.11,12.45,241500,12.45
2009-06-11,12.18,12.98,12.04,12.53,283400,12.53
2009-06-10,12.95,12.99,12.05,12.17,394300,12.17
2009-06-09,12.87,13.28,12.71,12.75,192600,12.75
2009-06-08,13.10,13.10,12.6804,12.87,235500,12.87
2009-06-05,12.06,13.48,11.85,13.13,596400,13.13
2009-06-04,11.80,12.13,11.79,11.81,208200,11.81
2009-06-03,12.39,12.39,11.42,11.83,287000,11.83
2009-06-02,11.77,12.48,11.51,12.29,686500,12.29
2009-06-01,10.76,11.776,10.76,11.70,547200,11.70
2009-05-29,10.71,10.8998,10.58,10.58,563700,10.58
2009-05-28,10.53,10.79,10.32,10.71,298300,10.71
2009-05-27,10.66,10.76,10.28,10.32,200300,10.32
2009-05-26,10.35,10.74,10.20,10.63,245100,10.63
2009-05-22,10.50,10.60,10.02,10.14,143200,10.14
2009-05-21,10.47,10.57,10.12,10.43,207800,10.43
2009-05-20,10.74,11.87,10.12,10.57,702400,10.57
2009-05-19,9.98,10.98,9.80,10.61,476500,10.61
2009-05-18,9.78,9.98,9.58,9.89,291100,9.89
2009-05-15,9.63,9.70,9.37,9.67,182800,9.67
2009-05-14,9.66,9.75,9.33,9.56,366300,9.56
2009-05-13,9.60,9.72,9.20,9.25,197600,9.25
2009-05-12,10.25,10.28,9.11,9.76,462300,9.76
2009-05-11,10.26,10.75,10.06,10.16,326500,10.16
2009-05-08,10.10,10.20,9.75,10.15,252300,10.15
2009-05-07,10.10,10.19,9.75,9.84,142300,9.84
2009-05-06,9.81,10.05,9.54,9.95,359700,9.95
2009-05-05,10.09,10.29,9.54,9.76,262400,9.76
2009-05-04,9.10,10.29,8.94,10.0901,721200,10.0901
2009-05-01,8.85,9.05,8.72,8.78,253800,8.78
2009-04-30,8.81,8.90,8.60,8.75,168400,8.75
2009-04-29,8.34,8.75,8.23,8.73,404000,8.73
2009-04-28,8.30,8.65,8.01,8.30,758200,8.30
2009-04-27,8.13,8.46,7.80,8.38,519700,8.38
2009-04-24,8.74,9.00,8.66,8.93,180700,8.93
2009-04-23,8.97,8.974,8.65,8.71,168200,8.71
2009-04-22,9.12,9.24,8.94,8.97,235200,8.97
2009-04-21,9.17,9.35,9.04,9.21,168100,9.21
2009-04-20,9.34,9.47,9.01,9.16,137600,9.16
2009-04-17,9.84,9.90,9.45,9.51,187500,9.51
2009-04-16,9.49,9.79,9.30,9.74,194900,9.74
2009-04-15,9.25,9.40,8.92,9.38,149000,9.38
2009-04-14,9.37,9.71,9.09,9.16,92800,9.16
2009-04-13,9.70,9.77,9.36,9.52,139000,9.52
2009-04-09,9.19,9.85,9.15,9.70,116300,9.70
2009-04-08,8.89,9.05,8.75,9.03,58900,9.03
2009-04-07,8.87,9.10,8.85,8.86,94000,8.86
2009-04-06,9.30,9.40,8.80,9.13,96000,9.13
2009-04-03,9.1101,9.345,9.11,9.24,86100,9.24
2009-04-02,9.32,9.98,9.19,9.51,199100,9.51
2009-04-01,8.81,9.20,8.71,9.16,93000,9.16
2009-03-31,8.96,9.00,8.79,8.88,76200,8.88
2009-03-30,9.00,9.20,8.63,8.84,139900,8.84
2009-03-27,9.29,9.33,8.97,9.10,127200,9.10
2009-03-26,8.64,8.97,8.45,8.96,223800,8.96
2009-03-25,8.68,8.89,8.34,8.50,115900,8.50
2009-03-24,8.88,9.07,8.55,8.64,106500,8.64
2009-03-23,8.63,9.05,8.5001,9.02,192500,9.02
2009-03-20,8.89,8.91,8.41,8.43,148300,8.43
2009-03-19,9.26,9.26,8.70,8.81,153100,8.81
2009-03-18,9.24,9.30,8.90,9.12,174400,9.12
2009-03-17,8.77,9.40,8.67,9.23,414800,9.23
2009-03-16,8.00,8.43,8.00,8.11,143700,8.11
2009-03-13,8.25,8.49,7.95,7.96,189500,7.96
2009-03-12,7.39,8.25,7.39,8.19,145200,8.19
2009-03-11,8.06,8.18,7.30,7.39,258900,7.39
2009-03-10,7.54,8.00,7.4712,7.99,153000,7.99
2009-03-09,7.66,7.70,7.31,7.39,50900,7.39
2009-03-06,7.65,7.78,7.50,7.71,63500,7.71
2009-03-05,8.13,8.13,7.56,7.60,85700,7.60
2009-03-04,7.91,8.26,7.91,8.11,192700,8.11
2009-03-03,7.80,8.18,7.77,7.80,86900,7.80
2009-03-02,8.29,8.44,7.70,7.83,216500,7.83
2009-02-27,8.02,8.75,8.02,8.50,115300,8.50
2009-02-26,8.39,8.42,8.01,8.28,80300,8.28
2009-02-25,8.60,8.60,8.25,8.32,49500,8.32
2009-02-24,8.45,8.77,8.37,8.66,162600,8.66
2009-02-23,8.92,9.03,8.36,8.39,113200,8.39
2009-02-20,9.40,9.40,8.64,8.87,122100,8.87
2009-02-19,9.32,9.67,9.03,9.52,239700,9.52
2009-02-18,9.31,9.63,9.25,9.25,65200,9.25
2009-02-17,10.00,10.00,9.27,9.30,87000,9.30
2009-02-13,10.05,10.25,10.00,10.09,57000,10.09
2009-02-12,9.92,10.15,9.55,10.07,75300,10.07
2009-02-11,9.91,10.169,9.91,10.03,58100,10.03
2009-02-10,10.80,10.93,9.75,9.90,233400,9.90
2009-02-09,10.95,10.95,10.75,10.83,77700,10.83
2009-02-06,10.59,11.00,10.5701,11.00,131700,11.00
2009-02-05,10.43,10.80,10.40,10.57,76900,10.57
2009-02-04,10.80,10.85,10.377,10.44,84100,10.44
2009-02-03,10.65,10.80,10.53,10.75,61100,10.75
2009-02-02,10.28,10.84,10.23,10.59,116500,10.59
2009-01-30,10.16,10.43,9.79,10.37,123500,10.37
2009-01-29,10.47,10.59,10.04,10.16,61400,10.16
2009-01-28,10.60,10.60,10.25,10.53,155700,10.53
2009-01-27,10.25,10.52,10.22,10.50,106000,10.50
2009-01-26,9.95,10.50,9.94,10.25,74400,10.25
2009-01-23,9.82,10.095,9.69,10.02,57400,10.02
2009-01-22,10.15,10.89,9.90,10.02,91300,10.02
2009-01-21,9.60,10.52,9.20,10.37,168500,10.37
2009-01-20,10.09,10.18,9.43,9.44,103600,9.44
2009-01-16,10.31,10.43,9.87,10.19,115200,10.19
2009-01-15,9.96,10.32,9.78,10.30,241500,10.30
2009-01-14,10.51,10.51,9.90,9.99,185600,9.99
2009-01-13,11.11,11.25,10.63,10.63,135700,10.63
2009-01-12,10.72,11.15,10.50,11.08,206300,11.08
2009-01-09,12.02,12.02,10.52,10.70,257200,10.70
2009-01-08,12.00,12.00,11.68,11.70,168800,11.70
2009-01-07,11.95,12.25,11.71,11.93,232800,11.93
2009-01-06,12.05,12.3899,11.65,12.12,591600,12.12
2009-01-05,12.55,12.55,11.89,11.96,453900,11.96
2009-01-02,12.30,12.45,11.90,12.30,166300,12.30
2008-12-31,12.00,12.19,11.81,12.00,185300,12.00
2008-12-30,12.00,12.44,11.65,11.99,152800,11.99
2008-12-29,11.53,12.00,11.2001,11.93,161100,11.93
2008-12-26,11.35,11.60,11.01,11.53,74900,11.53
2008-12-24,11.08,11.60,11.08,11.32,45000,11.32
2008-12-23,11.65,11.77,10.70,11.01,120200,11.01
2008-12-22,11.50,11.65,11.11,11.65,116600,11.65
2008-12-19,11.57,11.80,11.14,11.23,195600,11.23
2008-12-18,11.29,11.50,10.75,11.03,196500,11.03
2008-12-17,11.29,11.44,10.97,11.09,118800,11.09
2008-12-16,10.11,11.10,10.11,11.10,93700,11.10
2008-12-15,10.49,10.716,9.82,10.01,87300,10.01
2008-12-12,10.24,10.55,10.03,10.41,84800,10.41
2008-12-11,10.75,11.23,10.15,10.55,214100,10.55
2008-12-10,10.22,11.098,9.88,11.02,146500,11.02
2008-12-09,10.37,10.94,10.05,10.11,186000,10.11
2008-12-08,9.68,10.60,9.14,10.46,238800,10.46
2008-12-05,9.08,9.65,8.60,9.54,183100,9.54
2008-12-04,8.80,9.45,8.75,9.04,100900,9.04
2008-12-03,8.91,9.40,8.69,8.88,151300,8.88
2008-12-02,9.50,9.50,8.75,9.10,108500,9.10
2008-12-01,8.71,8.93,8.42,8.51,129500,8.51
2008-11-28,8.46,8.70,8.46,8.69,34600,8.69
2008-11-26,8.06,8.95,7.90,8.50,258800,8.50
2008-11-25,8.70,8.75,8.01,8.19,131300,8.19
2008-11-24,8.26,8.75,8.01,8.60,142600,8.60
2008-11-21,7.05,8.17,6.83,8.11,160900,8.11
2008-11-20,7.56,7.90,6.96,6.96,200600,6.96
2008-11-19,8.24,8.24,7.60,7.60,97400,7.60
2008-11-18,8.64,8.75,8.20,8.26,160800,8.26
2008-11-17,8.49,8.7601,8.32,8.60,145800,8.60
2008-11-14,8.95,8.99,8.32,8.53,112600,8.53
2008-11-13,8.58,9.06,7.84,9.05,189100,9.05
2008-11-12,8.66,9.21,8.20,8.52,108800,8.52
2008-11-11,9.25,9.25,8.33,8.74,54800,8.74
2008-11-10,9.00,9.69,8.52,9.15,131500,9.15
2008-11-07,8.90,8.90,8.50,8.85,96500,8.85
2008-11-06,8.74,8.74,8.16,8.55,150100,8.55
2008-11-05,8.88,9.00,8.75,8.78,105800,8.78
2008-11-04,9.00,9.00,8.75,8.94,89300,8.94
2008-11-03,8.77,9.33,8.63,9.07,123100,9.07
2008-10-31,7.83,8.61,7.35,8.61,163500,8.61
2008-10-30,7.41,7.59,7.27,7.56,165500,7.56
2008-10-29,7.17,7.42,7.13,7.20,54800,7.20
2008-10-28,7.01,7.13,6.61,7.12,121500,7.12
2008-10-27,7.10,7.155,6.89,6.89,91100,6.89
2008-10-24,7.15,7.47,7.00,7.30,94200,7.30
2008-10-23,8.02,8.02,7.29,7.67,207500,7.67
2008-10-22,8.33,8.40,7.90,8.02,163000,8.02
2008-10-21,8.46,8.59,8.11,8.39,84900,8.39
2008-10-20,8.79,8.95,8.33,8.59,167000,8.59
2008-10-17,8.69,9.17,8.50,8.76,146600,8.76
2008-10-16,8.77,9.05,8.01,8.98,155900,8.98
2008-10-15,9.08,9.10,8.67,8.75,107500,8.75
2008-10-14,8.99,9.40,8.82,9.20,126300,9.20
2008-10-13,8.51,8.71,8.36,8.63,272100,8.63
2008-10-10,6.62,8.03,6.50,7.99,331700,7.99
2008-10-09,7.68,8.04,6.81,6.81,168000,6.81
2008-10-08,7.25,7.96,6.84,7.45,226000,7.45
2008-10-07,8.58,9.06,7.68,7.71,156800,7.71
2008-10-06,9.00,9.07,8.28,8.50,186100,8.50
2008-10-03,9.51,10.31,9.16,9.16,225500,9.16
2008-10-02,10.46,10.61,9.40,9.47,208600,9.47
2008-10-01,11.00,11.28,10.41,10.49,88800,10.49
2008-09-30,11.29,11.29,10.45,10.63,192300,10.63
2008-09-29,11.31,11.50,9.00,11.25,216600,11.25
2008-09-26,11.77,11.77,11.31,11.38,51800,11.38
2008-09-25,11.83,12.10,11.77,11.82,76200,11.82
2008-09-24,11.75,12.00,11.60,11.62,92800,11.62
2008-09-23,12.0477,12.0477,11.65,11.72,127000,11.72
2008-09-22,11.88,12.00,11.075,11.31,114500,11.31
2008-09-19,12.17,12.25,11.99,12.25,366200,12.25
2008-09-18,10.39,11.25,10.35,11.25,178100,11.25
2008-09-17,10.09,10.37,9.92,9.95,163900,9.95
2008-09-16,10.08,10.08,9.45,9.98,161000,9.98
2008-09-15,10.39,10.405,9.88,9.89,97100,9.89
2008-09-12,10.06,10.48,10.00,10.26,75300,10.26
2008-09-11,10.89,10.89,10.035,10.17,186500,10.17
2008-09-10,11.25,11.25,10.77,10.85,105500,10.85
2008-09-09,11.87,12.23,11.14,12.23,109800,12.23
2008-09-08,11.75,11.95,11.29,11.92,94700,11.92
2008-09-05,11.75,11.80,11.23,11.49,70000,11.49
2008-09-04,12.17,12.17,11.66,11.84,55300,11.84
2008-09-03,12.00,12.16,11.77,12.12,65100,12.12
2008-09-02,12.00,12.00,11.76,12.00,84200,12.00
2008-08-29,12.50,12.50,12.39,12.49,97500,12.49
2008-08-28,12.25,12.52,12.16,12.52,116100,12.52
2008-08-27,11.87,12.301,11.87,12.24,71100,12.24
2008-08-26,11.94,12.24,11.76,11.82,62500,11.82
2008-08-25,12.48,12.48,11.90,11.95,60600,11.95
2008-08-22,11.83,12.41,11.76,12.31,63900,12.31
2008-08-21,11.99,11.99,11.80,11.81,46800,11.81
2008-08-20,11.65,12.019,11.37,11.95,67700,11.95
2008-08-19,11.80,12.00,11.50,11.68,81800,11.68
2008-08-18,12.47,12.47,11.58,11.89,156000,11.89
2008-08-15,13.00,13.22,12.20,12.31,237600,12.31
2008-08-14,12.50,12.99,12.50,12.97,137200,12.97
2008-08-13,12.70,12.70,12.53,12.62,102700,12.62
2008-08-12,12.31,12.62,12.09,12.56,252600,12.56
2008-08-11,12.50,12.50,11.75,12.20,357600,12.20
2008-08-08,12.29,12.29,11.78,12.25,148000,12.25
2008-08-07,11.99,12.11,11.94,12.11,86800,12.11
2008-08-06,11.43,12.09,11.33,12.00,76100,12.00
2008-08-05,11.10,11.43,11.07,11.40,47800,11.40
2008-08-04,11.61,11.64,11.07,11.07,79500,11.07
2008-08-01,11.65,11.94,11.48,11.64,75900,11.64
2008-07-31,11.60,11.68,11.17,11.65,101200,11.65
2008-07-30,11.74,11.99,11.48,11.65,78500,11.65
2008-07-29,11.28,11.70,11.24,11.56,97700,11.56
2008-07-28,11.03,11.393,11.03,11.21,121900,11.21
2008-07-25,11.29,11.306,10.90,11.18,112400,11.18
2008-07-24,11.30,11.38,11.00,11.28,69400,11.28
2008-07-23,11.36,11.47,11.32,11.47,137100,11.47
2008-07-22,10.87,11.46,10.80,11.40,208800,11.40
2008-07-21,10.34,10.89,10.34,10.89,90100,10.89
2008-07-18,10.33,10.46,10.11,10.34,75400,10.34
2008-07-17,10.45,10.48,10.11,10.34,99500,10.34
2008-07-16,9.88,10.50,9.75,10.44,137700,10.44
2008-07-15,9.75,10.37,9.36,9.88,438200,9.88
2008-07-14,11.00,11.00,10.40,10.41,101700,10.41
2008-07-11,10.92,11.00,10.71,11.00,63800,11.00
2008-07-10,10.95,11.00,10.352,11.00,72800,11.00
2008-07-09,10.68,11.00,10.68,10.94,111400,10.94
2008-07-08,10.80,10.81,10.66,10.81,262800,10.81
2008-07-07,11.00,11.00,10.40,10.88,273000,10.88
2008-07-03,11.50,11.50,10.94,11.14,137900,11.14
2008-07-02,11.81,12.8399,11.50,11.50,340000,11.50
2008-07-01,12.38,12.39,11.70,11.92,164500,11.92
2008-06-30,12.24,12.93,12.15,12.50,290200,12.50
2008-06-27,11.76,12.09,11.50,12.09,1221700,12.09
2008-06-26,11.70,11.87,11.67,11.69,62300,11.69
2008-06-25,12.13,12.34,11.72,11.74,104800,11.74
2008-06-24,12.28,12.29,11.70,12.03,152000,12.03
2008-06-23,12.07,12.49,12.05,12.30,162700,12.30
2008-06-20,12.26,12.30,11.87,12.04,206400,12.04
2008-06-19,12.27,12.87,12.02,12.34,277500,12.34
2008-06-18,12.09,12.20,11.81,12.20,90700,12.20
2008-06-17,12.29,12.29,11.67,12.22,131400,12.22
2008-06-16,12.25,12.416,11.74,12.21,106500,12.21
2008-06-13,11.93,12.43,11.93,12.43,107400,12.43
2008-06-12,12.51,12.78,11.68,11.936,168900,11.936
2008-06-11,13.00,13.00,12.50,12.50,143400,12.50
2008-06-10,12.65,13.25,12.36,12.99,219800,12.99
2008-06-09,13.10,13.25,12.68,12.70,273300,12.70
2008-06-06,12.94,13.65,12.94,13.65,260400,13.65
2008-06-05,12.78,13.11,12.50,12.94,358100,12.94
2008-06-04,12.81,13.56,12.29,12.60,1055300,12.60
2008-06-03,11.26,11.84,11.25,11.59,153800,11.59
2008-06-02,11.00,11.20,10.60,11.04,182600,11.04
2008-05-30,11.54,11.77,11.49,11.50,57700,11.50
2008-05-29,12.00,12.00,11.47,11.56,150600,11.56
2008-05-28,12.04,12.04,11.50,11.53,61600,11.53
2008-05-27,11.60,11.646,11.35,11.50,92500,11.50
2008-05-23,11.99,12.00,11.259,11.44,166000,11.44
2008-05-22,12.00,12.25,11.51,11.95,210700,11.95
2008-05-21,12.20,12.20,11.75,12.00,249300,12.00
2008-05-20,12.49,12.50,11.65,12.06,312000,12.06
2008-05-19,11.53,12.41,11.53,12.41,573100,12.41
2008-05-16,10.40,11.26,10.40,11.16,277600,11.16
2008-05-15,10.29,10.82,10.25,10.30,119800,10.30
2008-05-14,10.03,10.57,10.03,10.33,229200,10.33
2008-05-13,10.94,10.98,10.00,10.61,342400,10.61
2008-05-12,10.45,11.00,10.30,10.93,483700,10.93
2008-05-09,9.64,10.19,9.62,9.96,127400,9.96
2008-05-08,10.49,10.65,9.68,9.85,323000,9.85
2008-05-07,10.88,10.88,10.16,10.35,227500,10.35
2008-05-06,10.80,10.98,10.61,10.78,376900,10.78
2008-05-05,11.00,11.27,10.70,10.74,195700,10.74
2008-05-02,10.93,11.10,10.93,11.10,203700,11.10
2008-05-01,10.60,11.08,10.50,10.74,143900,10.74
2008-04-30,10.97,10.98,10.15,10.50,156100,10.50
2008-04-29,11.10,11.29,10.84,11.29,48300,11.29
2008-04-28,10.98,11.38,10.98,11.38,263900,11.38
2008-04-25,10.55,11.00,10.55,10.86,121300,10.86
2008-04-24,10.95,10.97,10.68,10.97,69500,10.97
2008-04-23,10.75,11.03,10.61,10.83,125800,10.83
2008-04-22,10.96,11.00,10.40,10.66,183800,10.66
2008-04-21,10.61,11.25,10.41,10.80,440400,10.80
2008-04-18,9.90,10.88,9.75,10.38,439700,10.38
2008-04-17,10.06,10.10,9.70,9.83,147400,9.83
2008-04-16,9.80,10.29,9.80,10.13,339800,10.13
2008-04-15,9.70,9.96,9.50,9.55,122500,9.55
2008-04-14,9.85,9.85,9.525,9.76,106500,9.76
2008-04-11,10.19,10.19,9.89,9.95,95300,9.95
2008-04-10,10.73,10.73,10.08,10.19,103500,10.19
2008-04-09,10.71,10.82,10.31,10.69,37300,10.69
2008-04-08,11.11,11.11,10.47,10.67,65800,10.67
2008-04-07,11.20,11.43,10.80,11.00,89100,11.00
2008-04-04,11.33,11.33,10.75,10.95,115700,10.95
2008-04-03,10.69,11.23,10.55,10.80,108500,10.80
2008-04-02,10.50,10.70,9.96,10.44,147900,10.44
2008-04-01,9.65,10.55,9.65,10.42,247700,10.42
2008-03-31,9.26,9.79,9.26,9.73,225500,9.73
2008-03-28,9.15,9.28,8.86,9.26,149000,9.26
2008-03-27,9.17,9.45,9.05,9.14,388600,9.14
2008-03-26,9.03,9.07,8.71,9.00,197600,9.00
2008-03-25,9.45,9.70,8.75,9.01,967500,9.01
2008-03-24,9.15,9.15,8.35,8.50,501100,8.50
2008-03-20,9.31,9.70,9.00,9.15,122400,9.15
2008-03-19,9.90,9.95,9.33,9.50,45900,9.50
2008-03-18,9.52,10.10,9.52,9.75,68400,9.75
2008-03-17,9.94,10.00,9.61,9.61,68600,9.61
2008-03-14,10.36,10.36,9.88,10.06,47400,10.06
2008-03-13,9.98,10.40,9.74,10.28,166200,10.28
2008-03-12,10.73,11.25,10.05,10.25,104400,10.25
2008-03-11,10.21,10.90,9.50,10.65,158800,10.65
2008-03-10,11.16,11.45,10.00,10.07,117200,10.07
2008-03-07,12.28,12.28,11.31,11.45,58300,11.45
2008-03-06,11.98,12.23,11.82,11.95,63200,11.95
2008-03-05,12.15,12.67,11.84,11.86,77100,11.86
2008-03-04,12.18,12.30,12.00,12.25,105500,12.25
2008-03-03,12.95,12.95,12.05,12.33,69300,12.33
2008-02-29,13.04,13.20,12.46,12.91,77500,12.91
2008-02-28,12.81,13.00,12.35,12.98,137600,12.98
2008-02-27,12.01,12.99,12.01,12.98,34300,12.98
2008-02-26,12.02,12.40,11.95,12.18,151300,12.18
2008-02-25,12.58,12.58,12.08,12.17,78400,12.17
2008-02-22,12.95,12.95,12.10,12.60,88100,12.60
2008-02-21,13.70,13.80,12.65,12.90,78600,12.90
2008-02-20,14.00,14.00,13.50,13.65,102500,13.65
2008-02-19,13.60,14.10,13.60,13.98,107900,13.98
2008-02-15,13.70,13.95,13.17,13.81,171500,13.81
2008-02-14,13.41,13.70,13.01,13.50,172100,13.50
2008-02-13,12.85,13.05,12.40,13.05,55800,13.05
2008-02-12,12.49,13.00,12.13,12.55,37800,12.55
2008-02-11,12.63,12.65,12.08,12.47,39000,12.47
2008-02-08,11.80,13.00,11.80,12.584,43500,12.584
2008-02-07,11.93,13.25,11.93,12.63,50800,12.63
2008-02-06,11.62,11.95,11.62,11.70,36200,11.70
2008-02-05,12.80,13.00,11.88,11.88,138100,11.88
2008-02-04,12.93,13.065,12.80,12.80,48300,12.80
2008-02-01,13.40,13.40,12.99,13.00,60900,13.00
2008-01-31,12.91,13.50,12.91,13.40,55100,13.40
2008-01-30,12.70,13.25,12.46,12.76,20700,12.76
2008-01-29,12.69,12.90,12.26,12.65,22200,12.65
2008-01-28,11.96,12.64,11.80,12.54,33400,12.54
2008-01-25,11.91,12.65,11.52,12.20,40700,12.20
2008-01-24,12.57,12.60,11.28,12.60,37300,12.60
2008-01-23,11.00,12.60,10.50,12.45,120800,12.45
2008-01-22,10.25,12.08,9.75,11.70,180600,11.70
2008-01-18,12.35,12.40,10.58,11.60,300800,11.60
2008-01-17,13.55,13.80,12.50,12.50,153700,12.50
2008-01-16,14.50,14.50,13.00,13.65,301200,13.65
2008-01-15,13.84,15.47,13.78,14.45,332900,14.45
2008-01-14,13.35,14.05,12.60,14.00,276900,14.00
2008-01-11,12.17,13.15,12.10,13.15,206400,13.15
2008-01-10,12.65,12.79,12.10,12.39,101100,12.39
2008-01-09,14.21,14.21,11.80,13.00,593000,13.00
2008-01-08,13.25,13.88,13.19,13.88,128900,13.88
2008-01-07,13.56,13.75,13.10,13.15,123100,13.15
2008-01-04,14.19,14.19,13.24,13.65,230200,13.65
2008-01-03,14.23,14.30,13.50,14.24,363900,14.24
2008-01-02,13.67,14.10,13.20,13.72,229400,13.72
2007-12-31,13.20,13.55,12.50,13.00,172800,13.00
2007-12-28,12.81,13.20,12.55,13.18,140100,13.18
2007-12-27,13.35,14.00,12.00,12.81,336100,12.81
2007-12-26,12.95,14.05,12.95,13.35,332800,13.35
2007-12-24,12.10,12.40,12.10,12.40,95800,12.40
2007-12-21,12.00,12.06,11.86,12.06,14500,12.06
2007-12-20,11.85,12.52,11.80,12.20,116700,12.20
2007-12-19,11.98,12.00,11.55,11.85,85900,11.85
2007-12-18,11.85,12.00,11.26,12.00,19200,12.00
2007-12-17,11.75,11.85,11.30,11.85,16200,11.85
2007-12-14,11.95,11.99,11.70,11.76,94600,11.76
2007-12-13,12.00,12.00,11.80,11.90,40300,11.90
2007-12-12,12.00,12.10,11.85,12.00,175100,12.00
2007-12-11,12.10,12.25,11.95,12.00,60800,12.00
2007-12-10,12.15,12.15,12.00,12.05,83500,12.05
2007-12-07,13.20,13.20,11.70,12.04,252400,12.04
2007-12-06,13.20,13.50,13.20,13.40,19400,13.40
2007-12-05,13.75,13.80,13.00,13.50,26600,13.50
2007-12-04,14.00,14.00,13.60,13.70,55500,13.70
2007-12-03,12.75,14.00,12.75,14.00,31700,14.00
2007-11-30,14.00,14.80,13.50,13.50,100100,13.50
2007-11-29,13.40,14.25,13.40,14.15,97700,14.15
2007-11-28,12.75,13.75,12.75,13.70,11400,13.70
2007-11-27,12.75,12.75,12.45,12.65,600,12.65
2007-11-26,12.35,12.75,12.35,12.75,8100,12.75
2007-11-23,12.35,12.50,12.30,12.35,8800,12.35
2007-11-21,12.18,12.25,10.75,12.25,69300,12.25
2007-11-20,12.80,12.85,11.75,12.30,54200,12.30
2007-11-19,13.25,13.25,11.90,12.50,57500,12.50
2007-11-16,13.80,13.98,13.20,13.50,29600,13.50
2007-11-15,14.30,14.30,13.85,13.99,18500,13.99
2007-11-14,14.05,14.20,13.90,14.00,20600,14.00
2007-11-13,13.20,14.00,13.10,14.00,39100,14.00
2007-11-12,13.90,13.95,13.00,13.00,30600,13.00
2007-11-09,12.61,13.60,12.55,13.60,93900,13.60
2007-11-08,13.10,13.10,12.60,12.75,26500,12.75
2007-11-07,13.80,13.90,12.55,13.00,32400,13.00
2007-11-06,14.20,14.20,13.60,13.90,108900,13.90
2007-11-05,14.33,14.33,13.95,13.95,44300,13.95
2007-11-02,14.48,14.48,14.20,14.35,24100,14.35
2007-11-01,14.26,14.47,14.00,14.39,72100,14.39
2007-10-31,14.45,15.10,14.00,14.25,216600,14.25
2007-10-30,14.45,14.50,14.15,14.30,68100,14.30
2007-10-29,12.55,14.75,12.55,14.40,115400,14.40
2007-10-26,12.16,12.50,12.00,12.50,12900,12.50
2007-10-25,11.75,12.00,11.30,12.00,31600,12.00
2007-10-24,11.65,11.80,11.25,11.80,40100,11.80
2007-10-23,11.25,11.89,11.10,11.75,68200,11.75
2007-10-22,11.40,11.40,11.20,11.40,53300,11.40
2007-10-19,11.70,12.10,11.50,11.52,93000,11.52
2007-10-18,12.10,12.25,11.70,11.75,145400,11.75
2007-10-17,13.00,13.20,12.25,12.25,62000,12.25
2007-10-16,13.30,13.50,12.50,13.00,27600,13.00
2007-10-15,12.92,13.25,12.92,13.05,25600,13.05
2007-10-12,12.85,12.97,12.75,12.90,51000,12.90
2007-10-11,12.20,13.25,12.20,12.85,223400,12.85
2007-10-10,12.10,13.40,11.90,12.15,130300,12.15
2007-10-09,12.15,12.55,11.58,12.20,178900,12.20
2007-10-08,13.60,13.85,11.76,12.35,96100,12.35
2007-10-05,10.05,12.70,10.00,12.65,907300,12.65
2007-10-04,10.20,10.21,9.90,10.20,205400,10.20
2007-10-03,10.45,10.45,9.80,10.00,615300,10.00
2007-10-02,9.80,9.80,9.00,9.45,179600,9.45
2007-10-01,10.50,10.50,9.50,9.90,139200,9.90
2007-09-28,10.05,10.50,10.00,10.50,30100,10.50
2007-09-27,9.70,10.05,9.40,10.05,23500,10.05
2007-09-26,9.02,9.35,8.90,9.35,2100,9.35
2007-09-25,9.10,9.10,9.00,9.00,400,9.00
2007-09-24,9.15,9.15,8.85,9.00,11400,9.00
2007-09-21,8.60,11.15,8.60,8.95,48000,8.95
2007-09-20,8.60,8.75,8.10,8.50,31200,8.50
2007-09-19,8.70,8.83,8.63,8.63,58200,8.63
2007-09-18,8.80,8.88,8.55,8.75,20400,8.75
2007-09-17,8.91,8.95,8.84,8.84,26600,8.84
2007-09-14,9.00,9.10,8.80,8.90,51200,8.90
2007-09-13,9.00,9.30,8.96,9.30,12000,9.30
2007-09-12,9.00,9.00,8.96,9.00,16200,9.00
2007-09-11,9.00,9.00,8.96,9.00,42500,9.00
2007-09-10,9.11,9.11,8.90,9.00,64100,9.00
2007-09-07,9.45,9.45,9.20,9.25,37600,9.25
2007-09-06,9.75,9.75,9.40,9.50,91000,9.50
2007-09-05,9.50,9.75,9.15,9.75,35100,9.75
2007-09-04,9.65,10.00,9.45,9.60,47300,9.60
2007-08-31,9.30,9.55,9.25,9.50,16800,9.50
2007-08-30,9.25,9.50,8.80,9.50,17500,9.50
2007-08-29,9.12,9.25,8.92,9.25,10700,9.25
2007-08-28,9.00,9.25,9.00,9.25,3600,9.25
2007-08-27,9.00,9.55,9.00,9.30,35400,9.30
2007-08-24,9.12,9.20,8.12,9.00,28800,9.00
2007-08-23,9.30,9.50,9.05,9.20,22400,9.20
2007-08-22,9.45,9.50,9.26,9.45,18200,9.45
2007-08-21,9.50,9.50,9.42,9.42,21500,9.42
2007-08-20,9.50,9.50,9.20,9.20,4100,9.20
2007-08-17,9.50,9.50,9.45,9.50,1700,9.50
2007-08-16,9.65,9.75,9.20,9.50,16200,9.50
2007-08-15,9.31,9.75,9.31,9.75,3600,9.75
2007-08-14,9.40,9.42,9.38,9.40,4800,9.40
2007-08-13,9.80,9.80,9.45,9.50,15300,9.50
2007-08-10,9.98,9.98,9.75,9.80,20000,9.80
2007-08-09,10.05,10.10,9.85,10.00,78400,10.00
2007-08-08,10.25,10.25,9.75,9.80,30700,9.80
2007-08-07,10.30,10.30,10.20,10.25,18100,10.25
2007-08-06,10.25,10.30,10.20,10.25,15500,10.25
2007-08-03,10.25,10.40,10.25,10.25,22600,10.25
2007-08-02,9.90,10.35,9.85,10.25,56000,10.25
2007-08-01,10.12,10.40,9.75,10.10,765500,10.10
2007-07-31,10.50,10.50,10.35,10.40,13700,10.40
2007-07-30,10.50,10.50,10.36,10.50,2000,10.50
2007-07-27,10.80,10.80,9.85,10.50,28800,10.50
2007-07-26,11.00,11.00,10.25,10.80,11700,10.80
2007-07-25,11.20,11.40,10.50,11.20,29700,11.20
2007-07-24,11.50,11.50,11.11,11.13,19600,11.13
2007-07-23,11.30,11.68,11.30,11.50,2000,11.50
2007-07-20,11.75,11.75,11.45,11.55,29100,11.55
2007-07-19,11.60,11.60,11.50,11.60,16000,11.60
2007-07-18,11.72,11.75,11.50,11.70,25700,11.70
2007-07-17,11.65,11.90,11.60,11.72,59400,11.72
2007-07-16,11.50,11.99,11.50,11.75,69400,11.75
2007-07-13,11.65,11.65,11.16,11.20,33000,11.20
2007-07-12,11.75,11.85,11.25,11.50,52500,11.50
2007-07-11,11.09,11.70,11.09,11.65,116600,11.65
2007-07-10,10.95,11.07,10.80,11.03,130300,11.03
2007-07-09,10.55,10.94,10.55,10.94,58800,10.94
2007-07-06,10.20,10.55,10.05,10.35,101700,10.35
2007-07-05,9.84,10.26,9.84,10.11,66400,10.11
2007-07-03,9.30,9.76,9.25,9.75,63400,9.75
2007-07-02,8.99,9.40,8.99,9.30,85800,9.30
2007-06-29,9.15,9.15,8.90,8.99,282400,8.99
2007-06-28,9.00,9.20,9.00,9.05,24500,9.05
2007-06-27,9.00,9.00,8.95,9.00,22700,9.00
2007-06-26,9.085,9.11,8.90,9.10,67700,9.10
2007-06-25,9.30,9.30,9.07,9.07,9800,9.07
2007-06-22,9.25,9.30,9.16,9.30,17900,9.30
2007-06-21,9.30,9.40,9.22,9.35,93800,9.35
2007-06-20,9.25,9.30,9.25,9.30,12900,9.30
2007-06-19,9.45,9.45,9.20,9.25,16300,9.25
2007-06-18,9.50,9.50,9.45,9.45,8300,9.45
2007-06-15,9.45,9.65,9.45,9.50,11100,9.50
2007-06-14,9.50,9.50,9.50,9.50,300,9.50
2007-06-13,9.60,9.60,9.30,9.50,58400,9.50
2007-06-12,9.60,9.60,9.46,9.60,5900,9.60
2007-06-11,9.80,9.80,9.60,9.60,17600,9.60
2007-06-08,9.70,9.80,9.68,9.70,21200,9.70
2007-06-07,9.95,9.97,9.70,9.70,25200,9.70
2007-06-06,9.98,10.00,9.95,10.00,17300,10.00
2007-06-05,10.20,10.20,9.71,10.00,209700,10.00
2007-06-04,11.23,11.23,9.65,10.10,770400,10.10
2007-06-01,10.30,11.34,10.30,11.34,102100,11.34
2007-05-31,10.00,10.40,10.00,10.40,63200,10.40
2007-05-30,10.44,10.44,9.40,9.95,348900,9.95
2007-05-29,10.80,10.80,10.40,10.43,113800,10.43
2007-05-25,10.75,10.80,10.20,10.75,153000,10.75
2007-05-24,10.00,11.00,10.00,10.79,463500,10.79
2007-05-23,9.16,10.00,9.12,10.00,174400,10.00
2007-05-22,9.15,9.26,9.07,9.15,70600,9.15
2007-05-21,8.90,9.25,8.55,9.15,222400,9.15
2007-05-18,8.25,8.47,8.25,8.47,170200,8.47
2007-05-17,8.20,8.30,8.20,8.25,23200,8.25
2007-05-16,8.31,8.31,8.25,8.25,95300,8.25
2007-05-15,8.35,8.40,8.27,8.31,150300,8.31
2007-05-14,8.35,8.35,8.25,8.35,32100,8.35
2007-05-11,8.20,8.50,8.20,8.35,69400,8.35
2007-05-10,8.15,8.48,8.15,8.20,214800,8.20
2007-05-09,7.90,7.90,7.11,7.90,71700,7.90
2007-05-08,7.65,8.10,7.60,8.00,43300,8.00
2007-05-07,7.25,7.60,7.20,7.60,71600,7.60
2007-05-04,7.03,7.25,7.02,7.25,43500,7.25
2007-05-03,7.05,7.05,7.00,7.04,439100,7.04
2007-05-02,7.15,7.15,7.05,7.05,4300,7.05
2007-05-01,7.25,7.25,7.05,7.08,32400,7.08
2007-04-30,7.21,7.35,7.00,7.34,58600,7.34
2007-04-27,7.25,7.25,7.20,7.21,25800,7.21
2007-04-26,7.30,7.75,7.25,7.38,10500,7.38
2007-04-25,7.22,7.22,7.22,7.22,800,7.22
2007-04-24,7.25,7.25,7.25,7.25,000,7.25
2007-04-23,7.01,7.25,7.01,7.25,2800,7.25
2007-04-20,7.00,7.01,7.00,7.00,10300,7.00
2007-04-19,7.13,7.13,7.00,7.00,11100,7.00
2007-04-18,7.13,7.30,7.13,7.13,9100,7.13
2007-04-17,7.12,7.13,7.12,7.13,13000,7.13
2007-04-16,7.14,7.14,7.14,7.14,4300,7.14
2007-04-13,6.91,7.10,6.91,7.10,2500,7.10
2007-04-12,7.15,7.15,6.75,7.05,43700,7.05
2007-04-11,7.15,7.25,7.15,7.15,7300,7.15
2007-04-10,7.55,7.55,7.11,7.14,10000,7.14
2007-04-09,7.60,7.60,7.33,7.40,25300,7.40
2007-04-05,7.20,7.50,7.20,7.50,12800,7.50
2007-04-04,7.21,7.45,7.17,7.20,15600,7.20
2007-04-03,7.38,7.70,7.35,7.35,2000,7.35
2007-04-02,7.38,7.38,7.18,7.25,6300,7.25
2007-03-30,7.30,7.38,7.30,7.38,7000,7.38
2007-03-29,7.20,7.20,7.18,7.18,6900,7.18
2007-03-28,7.25,7.25,7.15,7.15,3000,7.15
2007-03-27,6.75,7.25,6.75,7.25,90200,7.25
2007-03-26,7.50,7.50,6.75,6.75,50000,6.75
2007-03-23,7.75,7.75,6.75,7.50,52100,7.50
2007-03-22,7.75,7.75,7.75,7.75,000,7.75
2007-03-21,7.75,7.75,7.75,7.75,000,7.75
2007-03-20,7.75,7.75,7.75,7.75,600,7.75
2007-03-19,8.25,8.25,8.25,8.25,000,8.25
2007-03-16,8.25,8.25,8.25,8.25,000,8.25
2007-03-15,8.25,8.25,8.25,8.25,000,8.25
2007-03-14,8.25,8.25,8.25,8.25,000,8.25
2007-03-13,8.25,8.25,8.25,8.25,000,8.25
2007-03-12,8.25,8.25,8.25,8.25,000,8.25
2007-03-09,8.25,8.25,8.25,8.25,000,8.25
2007-03-08,8.25,8.25,8.25,8.25,000,8.25
2007-03-07,8.25,8.25,8.25,8.25,000,8.25
2007-03-06,8.25,8.25,8.25,8.25,000,8.25
2007-03-05,8.25,8.25,8.25,8.25,000,8.25
2007-03-02,8.25,8.25,8.25,8.25,000,8.25
2007-03-01,8.25,8.25,8.25,8.25,000,8.25
2007-02-28,8.00,8.25,8.00,8.25,6000,8.25
2007-02-27,8.00,8.00,8.00,8.00,500,8.00
2007-02-26,8.08,8.08,8.08,8.08,000,8.08
2007-02-23,8.08,8.08,8.08,8.08,000,8.08
2007-02-22,8.08,8.08,8.08,8.08,000,8.08
2007-02-21,8.00,8.50,7.90,8.08,58000,8.08
2007-02-20,8.00,8.00,8.00,8.00,000,8.00
2007-02-16,8.00,8.00,8.00,8.00,000,8.00
2007-02-15,8.00,8.00,8.00,8.00,900,8.00
2007-02-14,7.60,7.60,7.60,7.60,000,7.60
2007-02-13,7.60,7.60,7.60,7.60,000,7.60
2007-02-12,7.60,7.60,7.60,7.60,000,7.60
2007-02-09,7.60,7.60,7.60,7.60,000,7.60
2007-02-08,7.60,7.60,7.60,7.60,000,7.60
2007-02-07,7.70,7.70,7.60,7.60,700,7.60
2007-02-06,7.70,7.70,7.70,7.70,1000,7.70
2007-02-05,7.60,7.70,7.60,7.70,1500,7.70
2007-02-02,7.50,7.50,7.50,7.50,000,7.50
2007-02-01,7.50,7.50,7.50,7.50,000,7.50
2007-01-31,7.50,7.50,7.50,7.50,000,7.50
2007-01-30,7.50,7.50,7.50,7.50,000,7.50
2007-01-29,7.50,7.50,7.50,7.50,000,7.50
2007-01-26,7.50,7.50,7.50,7.50,000,7.50
2007-01-25,7.50,7.50,7.50,7.50,000,7.50
2007-01-24,7.50,7.50,7.50,7.50,000,7.50
2007-01-23,7.50,7.50,7.50,7.50,000,7.50
2007-01-22,7.50,7.50,7.50,7.50,000,7.50
2007-01-19,7.50,7.50,7.50,7.50,000,7.50
2007-01-18,7.50,7.50,7.50,7.50,000,7.50
2007-01-17,7.50,7.50,7.50,7.50,000,7.50
2007-01-16,7.50,7.50,7.50,7.50,000,7.50
2007-01-12,7.50,7.50,7.50,7.50,000,7.50
2007-01-11,7.50,7.50,7.50,7.50,000,7.50
2007-01-10,7.50,7.50,7.50,7.50,000,7.50
2007-01-09,7.50,7.50,7.50,7.50,000,7.50
2007-01-08,7.50,7.50,7.50,7.50,000,7.50
2007-01-05,7.50,7.50,7.50,7.50,000,7.50
2007-01-04,7.50,7.50,7.50,7.50,000,7.50
2007-01-03,7.50,7.50,7.50,7.50,000,7.50
2006-12-29,7.50,7.50,7.50,7.50,000,7.50
2006-12-28,7.50,7.50,7.50,7.50,000,7.50
2006-12-27,7.50,7.50,7.50,7.50,000,7.50
2006-12-26,7.50,7.50,7.50,7.50,000,7.50
2006-12-22,7.50,7.50,7.50,7.50,000,7.50
2006-12-21,7.50,7.50,7.50,7.50,000,7.50
2006-12-20,7.50,7.50,7.50,7.50,000,7.50
2006-12-19,7.50,7.50,7.50,7.50,000,7.50
2006-12-18,7.50,7.50,7.50,7.50,000,7.50
2006-12-15,7.50,7.50,7.50,7.50,000,7.50
2006-12-14,7.50,7.50,7.50,7.50,000,7.50
2006-12-13,7.50,7.50,7.50,7.50,000,7.50
2006-12-12,7.50,7.50,7.50,7.50,000,7.50
2006-12-11,7.50,7.50,7.50,7.50,000,7.50
2006-12-08,7.50,7.50,7.50,7.50,000,7.50
2006-12-07,7.50,7.50,7.50,7.50,000,7.50
2006-12-06,7.50,7.50,7.50,7.50,000,7.50
2006-12-05,7.50,7.50,7.50,7.50,000,7.50
2006-12-04,7.50,7.50,7.50,7.50,000,7.50
2006-12-01,7.50,7.50,7.50,7.50,000,7.50
2006-11-30,7.50,7.50,7.50,7.50,000,7.50
2006-11-29,7.50,7.50,7.50,7.50,000,7.50
2006-11-28,7.50,7.50,7.50,7.50,300,7.50
2006-11-27,8.50,8.50,8.50,8.50,000,8.50
2006-11-24,8.50,8.50,8.50,8.50,000,8.50
2006-11-22,8.50,8.50,8.50,8.50,000,8.50
2006-11-21,8.50,8.50,8.50,8.50,000,8.50
2006-11-20,8.50,8.50,8.50,8.50,000,8.50
2006-11-17,8.50,8.50,8.50,8.50,000,8.50
2006-11-16,8.50,8.50,8.50,8.50,000,8.50
2006-11-15,8.50,8.50,8.50,8.50,000,8.50
2006-11-14,8.50,8.50,8.50,8.50,000,8.50
2006-11-13,8.50,8.50,8.50,8.50,000,8.50
2006-11-10,8.50,8.50,8.50,8.50,000,8.50
2006-11-09,8.50,8.50,8.50,8.50,000,8.50
2006-11-08,8.50,8.50,8.50,8.50,000,8.50
2006-11-07,8.50,8.50,8.50,8.50,000,8.50
2006-11-06,8.50,8.50,8.50,8.50,000,8.50
2006-11-03,8.50,8.50,8.50,8.50,000,8.50
2006-11-02,8.50,8.50,8.50,8.50,000,8.50
2006-11-01,8.50,8.50,8.50,8.50,000,8.50
2006-10-31,8.50,8.50,8.50,8.50,000,8.50
2006-10-30,8.50,8.50,8.50,8.50,000,8.50
2006-10-27,8.50,8.50,8.50,8.50,000,8.50
2006-10-26,8.50,8.50,8.50,8.50,000,8.50
2006-10-25,8.50,8.50,8.50,8.50,000,8.50
2006-10-24,8.50,8.50,8.50,8.50,000,8.50
2006-10-23,8.50,8.50,8.50,8.50,000,8.50
2006-10-20,8.50,8.50,8.50,8.50,000,8.50
2006-10-19,8.50,8.50,8.50,8.50,000,8.50
2006-10-18,8.50,8.50,8.50,8.50,000,8.50
2006-10-17,8.50,8.50,8.50,8.50,000,8.50
2006-10-16,8.50,8.50,8.50,8.50,000,8.50
2006-10-13,8.50,8.50,8.50,8.50,000,8.50
2006-10-12,8.50,8.50,8.50,8.50,000,8.50
2006-10-11,8.50,8.50,8.50,8.50,000,8.50
2006-10-10,8.50,8.50,8.50,8.50,000,8.50
2006-10-09,8.50,8.50,8.50,8.50,000,8.50
2006-10-06,8.50,8.50,8.50,8.50,000,8.50
2006-10-05,8.50,8.50,8.50,8.50,000,8.50
2006-10-04,8.50,8.50,8.50,8.50,000,8.50
2006-10-03,8.50,8.50,8.50,8.50,000,8.50
2006-10-02,8.50,8.50,8.50,8.50,000,8.50
2006-09-29,8.50,8.50,8.50,8.50,000,8.50
2006-09-28,8.50,8.50,8.50,8.50,000,8.50
2006-09-27,8.50,8.50,8.50,8.50,000,8.50
2006-09-26,8.50,8.50,8.50,8.50,000,8.50
2006-09-25,8.50,8.50,8.50,8.50,800,8.50
2006-09-22,10.00,10.00,10.00,10.00,000,10.00
2006-09-21,10.00,10.00,10.00,10.00,000,10.00
2006-09-20,10.00,10.00,10.00,10.00,000,10.00
2006-09-19,10.00,10.00,10.00,10.00,000,10.00
2006-09-18,10.00,10.00,10.00,10.00,000,10.00
2006-09-15,10.00,10.00,10.00,10.00,000,10.00
2006-09-14,10.00,10.00,10.00,10.00,000,10.00
2006-09-13,10.00,10.00,10.00,10.00,000,10.00
2006-09-12,10.00,10.00,10.00,10.00,000,10.00
2006-09-11,10.00,10.00,10.00,10.00,000,10.00
2006-09-08,10.00,10.00,10.00,10.00,000,10.00
2006-09-07,10.00,10.00,10.00,10.00,000,10.00
2006-09-06,10.00,10.00,10.00,10.00,000,10.00
2006-09-05,10.00,10.00,10.00,10.00,000,10.00
2006-09-01,10.00,10.00,10.00,10.00,000,10.00
2006-08-31,10.00,10.00,10.00,10.00,000,10.00
2006-08-30,8.50,10.00,8.50,10.00,700,10.00
2006-08-29,8.00,8.00,8.00,8.00,000,8.00
2006-08-28,8.00,8.00,8.00,8.00,000,8.00
2006-08-25,8.00,8.00,8.00,8.00,000,8.00
2006-08-24,8.00,8.00,8.00,8.00,000,8.00
2006-08-23,8.00,8.00,8.00,8.00,000,8.00
2006-08-22,8.00,8.00,8.00,8.00,000,8.00
2006-08-21,8.00,8.00,8.00,8.00,000,8.00
2006-08-18,8.00,8.00,8.00,8.00,000,8.00
2006-08-17,8.00,8.00,8.00,8.00,000,8.00
2006-08-16,8.00,8.00,8.00,8.00,000,8.00
2006-08-15,8.00,8.00,8.00,8.00,000,8.00
2006-08-14,8.00,8.00,8.00,8.00,000,8.00
2006-08-11,8.00,8.00,8.00,8.00,000,8.00
2006-08-10,8.00,8.00,8.00,8.00,000,8.00
2006-08-09,8.00,8.00,8.00,8.00,000,8.00
2006-08-08,8.00,8.00,8.00,8.00,000,8.00
2006-08-07,8.00,8.00,8.00,8.00,000,8.00
2006-08-04,8.00,8.00,8.00,8.00,000,8.00
2006-08-03,8.00,8.00,8.00,8.00,000,8.00
2006-08-02,8.00,8.00,8.00,8.00,000,8.00
2006-08-01,8.00,8.00,8.00,8.00,000,8.00
2006-07-31,8.00,8.00,8.00,8.00,000,8.00
2006-07-28,8.00,8.00,8.00,8.00,000,8.00
2006-07-27,8.00,8.00,8.00,8.00,000,8.00
2006-07-26,8.00,8.00,8.00,8.00,000,8.00
2006-07-25,8.00,8.00,8.00,8.00,000,8.00
2006-07-24,8.00,8.00,8.00,8.00,000,8.00
2006-07-21,8.00,8.00,8.00,8.00,000,8.00
2006-07-20,8.00,8.00,8.00,8.00,000,8.00
2006-07-19,8.00,8.00,8.00,8.00,000,8.00
2006-07-18,8.00,8.00,8.00,8.00,000,8.00
2006-07-17,8.00,8.00,8.00,8.00,000,8.00
2006-07-14,8.00,8.00,8.00,8.00,000,8.00
2006-07-13,8.00,8.00,8.00,8.00,000,8.00
2006-07-12,8.00,8.00,8.00,8.00,000,8.00
2006-07-11,8.00,8.00,8.00,8.00,000,8.00
2006-07-10,8.00,8.00,8.00,8.00,000,8.00
2006-07-07,8.00,8.00,8.00,8.00,000,8.00
2006-07-06,8.00,8.00,8.00,8.00,000,8.00
2006-07-05,8.00,8.00,8.00,8.00,000,8.00
2006-07-03,8.00,8.00,8.00,8.00,000,8.00
2006-06-30,8.00,8.00,8.00,8.00,200,8.00
2006-06-29,5.00,5.00,5.00,5.00,000,5.00
2006-06-28,5.00,5.00,5.00,5.00,000,5.00
2006-06-27,5.00,5.00,5.00,5.00,000,5.00
2006-06-26,5.00,5.00,5.00,5.00,000,5.00
2006-06-23,5.00,5.00,5.00,5.00,000,5.00
2006-06-22,5.00,5.00,5.00,5.00,000,5.00
2006-06-21,5.00,5.00,5.00,5.00,400,5.00
2006-06-20,6.00,6.00,6.00,6.00,000,6.00
2006-06-19,6.00,6.00,6.00,6.00,500,6.00
2006-06-16,6.00,6.00,6.00,6.00,000,6.00
2006-06-15,6.00,6.00,6.00,6.00,000,6.00
2006-06-14,6.00,6.00,6.00,6.00,000,6.00
2006-06-13,6.00,6.00,6.00,6.00,000,6.00
2006-06-12,6.00,6.00,6.00,6.00,000,6.00
2006-06-09,6.00,6.00,6.00,6.00,000,6.00
2006-06-08,6.00,6.00,6.00,6.00,000,6.00
2006-06-07,6.00,6.00,6.00,6.00,000,6.00
2006-06-06,6.00,6.00,6.00,6.00,000,6.00
2006-06-05,6.00,6.00,6.00,6.00,000,6.00
2006-06-02,6.00,6.00,6.00,6.00,000,6.00
2006-06-01,6.00,6.00,6.00,6.00,000,6.00
2006-05-31,6.00,6.00,6.00,6.00,000,6.00
2006-05-30,6.00,6.00,6.00,6.00,000,6.00
2006-05-26,6.00,6.00,6.00,6.00,000,6.00
2006-05-25,6.00,6.00,6.00,6.00,000,6.00
2006-05-24,6.00,6.00,6.00,6.00,000,6.00
2006-05-23,6.00,6.00,6.00,6.00,000,6.00
2006-05-22,6.00,6.00,6.00,6.00,000,6.00
2006-05-19,6.00,6.00,6.00,6.00,000,6.00
2006-05-18,6.00,6.00,6.00,6.00,000,6.00
2006-05-17,6.00,6.00,6.00,6.00,000,6.00
2006-05-16,6.00,6.00,6.00,6.00,000,6.00
2006-05-15,6.00,6.00,6.00,6.00,300,6.00
2006-05-12,6.00,6.00,6.00,6.00,000,6.00
2006-05-11,6.00,6.00,6.00,6.00,000,6.00
2006-05-10,6.00,6.00,6.00,6.00,000,6.00
2006-05-09,6.00,6.00,6.00,6.00,000,6.00
2006-05-08,6.00,6.00,6.00,6.00,000,6.00
2006-05-05,6.00,6.00,6.00,6.00,000,6.00
2006-05-04,6.00,6.00,6.00,6.00,000,6.00
2006-05-03,6.00,6.00,6.00,6.00,000,6.00
2006-05-02,6.00,6.00,6.00,6.00,000,6.00
2006-05-01,6.00,6.00,6.00,6.00,000,6.00
2006-04-28,6.00,6.00,6.00,6.00,000,6.00
2006-04-27,6.00,6.00,6.00,6.00,000,6.00
2006-04-26,6.00,6.00,6.00,6.00,000,6.00
2006-04-25,6.00,6.00,6.00,6.00,000,6.00
2006-04-24,6.00,6.00,6.00,6.00,000,6.00
2006-04-21,6.00,6.00,6.00,6.00,000,6.00
2006-04-20,6.00,6.00,6.00,6.00,000,6.00
2006-04-19,6.00,6.00,6.00,6.00,000,6.00
2006-04-18,6.00,6.00,6.00,6.00,000,6.00
2006-04-17,6.00,6.00,6.00,6.00,000,6.00
2006-04-13,6.00,6.00,6.00,6.00,000,6.00
2006-04-12,6.00,6.00,6.00,6.00,000,6.00
2006-04-11,6.00,6.00,6.00,6.00,000,6.00
2006-04-10,6.00,6.00,6.00,6.00,000,6.00
2006-04-07,6.00,6.00,6.00,6.00,000,6.00
2006-04-06,6.00,6.00,6.00,6.00,000,6.00
2006-04-05,6.00,6.00,6.00,6.00,000,6.00
2006-04-04,6.00,6.00,6.00,6.00,000,6.00
2006-04-03,6.00,6.00,6.00,6.00,000,6.00
2006-03-31,6.00,6.00,6.00,6.00,000,6.00
2006-03-30,6.00,6.00,6.00,6.00,000,6.00
2006-03-29,6.00,6.00,6.00,6.00,000,6.00
2006-03-28,6.00,6.00,6.00,6.00,000,6.00
2006-03-27,6.00,6.00,6.00,6.00,000,6.00
2006-03-24,6.00,6.00,6.00,6.00,000,6.00
2006-03-23,6.00,6.00,6.00,6.00,000,6.00
2006-03-22,6.00,6.00,6.00,6.00,000,6.00
2006-03-21,6.00,6.00,6.00,6.00,000,6.00
2006-03-20,6.00,6.00,6.00,6.00,000,6.00
2006-03-17,6.00,6.00,6.00,6.00,300,6.00
2006-03-16,5.11,5.11,5.11,5.11,000,5.11
2006-03-15,5.11,5.11,5.11,5.11,000,5.11
2006-03-14,5.11,5.11,5.11,5.11,000,5.11
2006-03-13,5.11,5.11,5.11,5.11,000,5.11
2006-03-10,5.11,5.11,5.11,5.11,000,5.11
2006-03-09,5.11,5.11,5.11,5.11,000,5.11
2006-03-08,5.11,5.11,5.11,5.11,000,5.11
2006-03-07,5.11,5.11,5.11,5.11,000,5.11
2006-03-06,5.11,5.11,5.11,5.11,000,5.11
2006-03-03,5.11,5.11,5.11,5.11,000,5.11
2006-03-02,5.11,5.11,5.11,5.11,000,5.11
2006-03-01,5.11,5.11,5.11,5.11,000,5.11
2006-02-28,5.11,5.11,5.11,5.11,000,5.11
2006-02-27,5.11,5.11,5.11,5.11,000,5.11
2006-02-24,5.11,5.11,5.11,5.11,100,5.11
2006-02-23,8.4838,8.4838,8.4838,8.4838,000,8.4838
2006-02-22,8.4838,8.4838,8.4838,8.4838,000,8.4838
2006-02-21,8.4838,8.4838,8.4838,8.4838,000,8.4838
2006-02-17,8.4838,8.4838,8.4838,8.4838,000,8.4838
2006-02-16,0.25,0.25,0.22,0.24,300,8.48057
2006-02-15,0.30,0.30,0.30,0.30,000,10.6007
2006-02-14,0.30,0.30,0.30,0.30,000,10.6007
2006-02-13,0.30,0.30,0.30,0.30,000,10.6007
2006-02-10,0.30,0.30,0.30,0.30,000,10.6007
2006-02-09,0.30,0.30,0.30,0.30,000,10.6007
2006-02-08,0.30,0.30,0.30,0.30,000,10.6007
2006-02-07,0.30,0.30,0.30,0.30,000,10.6007
2006-02-06,0.35,0.40,0.30,0.30,500,10.6007
2006-02-03,0.30,0.30,0.30,0.30,000,10.6007
2006-02-02,0.75,0.75,0.30,0.30,1400,10.6007
2006-02-01,1.30,1.30,0.85,0.85,200,30.0353
2006-01-31,1.05,1.05,1.05,1.05,000,37.1025
2006-01-30,1.05,1.05,1.05,1.05,000,37.1025
2006-01-27,1.05,1.05,1.05,1.05,000,37.1025
2006-01-26,1.05,1.05,1.05,1.05,000,37.1025
2006-01-25,1.05,1.05,1.05,1.05,000,37.1025
2006-01-24,1.05,1.05,1.05,1.05,000,37.1025
2006-01-23,1.05,1.05,1.05,1.05,000,37.1025
2006-01-20,1.05,1.05,1.05,1.05,000,37.1025
2006-01-19,1.55,1.55,1.55,1.55,000,54.7703
2006-01-18,1.55,1.55,1.55,1.55,000,54.7703
2006-01-17,1.55,1.55,1.55,1.55,000,54.7703
2006-01-13,1.55,1.55,1.55,1.55,000,54.7703
2006-01-12,1.55,1.55,1.55,1.55,000,54.7703
2006-01-11,1.55,1.55,1.55,1.55,000,54.7703
2006-01-10,1.55,1.55,1.55,1.55,000,54.7703
2006-01-09,1.25,1.25,1.25,1.25,000,44.1696
2006-01-06,1.02,1.02,1.02,1.02,000,36.0424
2006-01-05,1.02,1.02,1.02,1.02,000,36.0424
2006-01-04,1.02,1.02,1.02,1.02,000,36.0424
2006-01-03,1.02,1.02,1.02,1.02,000,36.0424
2005-12-30,1.02,1.02,1.02,1.02,000,36.0424
2005-12-29,1.02,1.02,1.02,1.02,000,36.0424
2005-12-28,1.02,1.02,1.02,1.02,000,36.0424
2005-12-27,1.02,1.02,1.02,1.02,000,36.0424
2005-12-23,1.02,1.02,1.02,1.02,000,36.0424
2005-12-22,1.02,1.02,1.02,1.02,000,36.0424
2005-12-21,1.02,1.02,1.02,1.02,000,36.0424
2005-12-20,1.02,1.02,1.02,1.02,000,36.0424
2005-12-19,1.02,1.02,1.02,1.02,000,36.0424
2005-12-16,1.02,1.02,1.02,1.02,000,36.0424
2005-12-15,1.02,1.02,1.02,1.02,000,36.0424
2005-12-14,1.02,1.02,1.02,1.02,000,36.0424
2005-12-13,1.02,1.02,1.02,1.02,000,36.0424
2005-12-12,1.02,1.02,1.02,1.02,000,36.0424
2005-12-09,1.25,1.25,1.25,1.25,000,44.1696
2005-12-08,1.25,1.25,1.25,1.25,000,44.1696
2005-12-07,1.25,1.25,1.25,1.25,000,44.1696
2005-12-06,1.05,1.05,1.05,1.05,000,37.1025
2005-12-05,1.05,1.05,1.05,1.05,000,37.1025
2005-12-02,1.05,1.05,1.05,1.05,000,37.1025
2005-12-01,1.02,1.02,1.02,1.02,000,36.0424
2005-11-30,1.02,1.02,1.02,1.02,000,36.0424
2005-11-29,1.10,1.10,1.10,1.10,000,38.8693
2005-11-28,1.15,1.15,1.15,1.15,000,40.636
2005-11-25,1.15,1.15,1.15,1.15,000,40.636
2005-11-23,1.15,1.15,1.15,1.15,000,40.636
2005-11-22,1.15,1.15,1.15,1.15,000,40.636
2005-11-21,1.15,1.15,1.15,1.15,000,40.636
2005-11-18,1.15,1.15,1.15,1.15,000,40.636
2005-11-17,1.15,1.15,1.15,1.15,000,40.636
2005-11-16,1.15,1.15,1.15,1.15,000,40.636
2005-11-15,1.15,1.15,1.15,1.15,000,40.636
2005-11-14,1.15,1.15,1.15,1.15,000,40.636
2005-11-11,1.25,1.25,1.15,1.15,200,40.636
2005-11-10,1.25,1.25,1.25,1.25,000,44.1696
2005-11-09,1.25,1.25,1.25,1.25,000,44.1696
2005-11-08,1.25,1.25,1.25,1.25,000,44.1696
2005-11-07,1.25,1.25,1.25,1.25,000,44.1696
2005-11-04,1.30,1.30,1.30,1.30,000,45.9364
2005-11-03,1.30,1.30,1.30,1.30,000,45.9364
2005-11-02,1.30,1.30,1.30,1.30,000,45.9364
2005-11-01,1.30,1.30,1.30,1.30,000,45.9364
2005-10-31,1.30,1.30,1.30,1.30,000,45.9364
2005-10-28,1.30,1.30,1.30,1.30,000,45.9364
2005-10-27,1.30,1.30,1.30,1.30,000,45.9364
2005-10-26,1.30,1.30,1.30,1.30,000,45.9364
2005-10-25,1.50,1.50,1.50,1.50,000,53.0035
2005-10-24,1.50,1.50,1.50,1.50,000,53.0035
2005-10-21,1.50,1.50,1.50,1.50,000,53.0035
2005-10-20,1.50,1.50,1.50,1.50,000,53.0035
2005-10-19,1.50,1.50,1.50,1.50,000,53.0035
2005-10-18,1.50,1.50,1.50,1.50,000,53.0035
2005-10-17,1.41,1.41,1.41,1.41,000,49.8233
2005-10-14,1.41,1.41,1.41,1.41,300,49.8233
2005-10-13,1.41,1.41,1.41,1.41,000,49.8233
2005-10-12,1.41,1.41,1.41,1.41,000,49.8233
2005-10-11,1.41,1.41,1.41,1.41,000,49.8233
2005-10-10,1.41,1.41,1.41,1.41,000,49.8233
2005-10-07,1.41,1.41,1.41,1.41,000,49.8233
2005-10-06,1.41,1.41,1.41,1.41,000,49.8233
2005-10-05,1.41,1.41,1.41,1.41,000,49.8233
2005-10-04,1.41,1.41,1.41,1.41,000,49.8233
2005-10-03,1.41,1.41,1.41,1.41,000,49.8233
2005-09-30,1.45,1.45,1.45,1.45,000,51.2368
2005-09-29,1.45,1.45,1.45,1.45,000,51.2368
2005-09-28,1.45,1.45,1.45,1.45,000,51.2368
2005-09-27,1.45,1.45,1.45,1.45,000,51.2368
2005-09-26,1.20,1.41,1.20,1.41,200,49.8233
2005-09-23,1.40,1.40,1.40,1.40,000,49.47
2005-09-22,1.40,1.40,1.40,1.40,000,49.47
2005-09-21,1.40,1.40,1.40,1.40,000,49.47
2005-09-20,1.40,1.40,1.40,1.40,000,49.47
2005-09-19,1.40,1.40,1.40,1.40,000,49.47
2005-09-16,1.40,1.40,1.40,1.40,000,49.47
2005-09-15,1.60,1.60,1.60,1.60,000,56.5371
2005-09-14,1.60,1.60,1.60,1.60,000,56.5371
2005-09-13,1.60,1.60,1.60,1.60,000,56.5371
2005-09-12,1.60,1.60,1.60,1.60,000,56.5371
2005-09-09,1.60,1.60,1.60,1.60,000,56.5371
2005-09-08,1.65,1.65,1.65,1.65,000,58.3039
2005-09-07,1.65,1.65,1.65,1.65,000,58.3039
2005-09-06,1.60,1.65,1.60,1.65,000,58.3039
2005-09-02,1.60,1.60,1.60,1.60,000,56.5371
2005-09-01,1.60,1.60,1.60,1.60,000,56.5371
2005-08-31,1.60,1.60,1.60,1.60,000,56.5371
2005-08-30,1.50,1.50,1.50,1.50,000,53.0035
2005-08-29,1.50,1.50,1.50,1.50,000,53.0035
2005-08-26,1.50,1.50,1.50,1.50,000,53.0035
2005-08-25,1.50,1.50,1.50,1.50,000,53.0035
2005-08-24,1.50,1.50,1.50,1.50,000,53.0035
2005-08-23,1.50,1.50,1.50,1.50,000,53.0035
2005-08-22,1.50,1.50,1.50,1.50,000,53.0035
2005-08-19,1.50,1.50,1.50,1.50,000,53.0035
2005-08-18,1.50,1.50,1.50,1.50,000,53.0035
2005-08-17,1.50,1.50,1.50,1.50,000,53.0035
2005-08-16,1.50,1.50,1.50,1.50,000,53.0035
2005-08-15,1.50,1.50,1.50,1.50,000,53.0035
2005-08-12,1.50,1.50,1.50,1.50,000,53.0035
2005-08-11,1.50,1.50,1.42,1.50,000,53.0035
2005-08-10,1.02,1.02,1.02,1.02,000,36.0424
2005-08-09,1.02,1.02,1.02,1.02,000,36.0424
2005-08-08,1.02,1.02,1.02,1.02,000,36.0424
2005-08-05,1.02,1.02,1.02,1.02,000,36.0424
2005-08-04,0.51,0.51,0.51,0.51,000,18.0212
2005-08-03,0.51,0.51,0.51,0.51,000,18.0212
2005-08-02,0.51,0.51,0.51,0.51,000,18.0212
2005-08-01,0.51,0.51,0.51,0.51,000,18.0212
2005-07-29,0.51,0.51,0.51,0.51,000,18.0212
2005-07-28,0.51,0.51,0.51,0.51,000,18.0212
2005-07-27,0.51,0.51,0.51,0.51,000,18.0212
2005-07-26,0.51,0.51,0.51,0.51,000,18.0212
2005-07-25,0.51,0.51,0.51,0.51,000,18.0212
2005-07-22,0.51,0.51,0.51,0.51,000,18.0212
2005-07-21,0.51,0.51,0.51,0.51,000,18.0212
2005-07-20,0.51,0.51,0.51,0.51,000,18.0212
2005-07-19,0.51,0.51,0.51,0.51,000,18.0212
2005-07-18,0.51,0.51,0.51,0.51,000,18.0212
2005-07-15,0.51,0.51,0.51,0.51,000,18.0212
2005-07-14,0.51,0.51,0.51,0.51,000,18.0212
2005-07-13,0.51,0.51,0.51,0.51,000,18.0212
2005-07-12,0.51,0.51,0.51,0.51,000,18.0212
2005-07-11,0.51,0.51,0.51,0.51,000,18.0212
2005-07-08,0.51,0.51,0.51,0.51,000,18.0212
2005-07-07,0.51,0.51,0.51,0.51,000,18.0212
2005-07-06,0.51,0.51,0.51,0.51,000,18.0212
2005-07-05,0.51,0.51,0.51,0.51,000,18.0212
2005-07-01,0.51,0.51,0.51,0.51,000,18.0212
2005-06-30,0.51,0.51,0.51,0.51,000,18.0212
2005-06-29,0.51,0.51,0.51,0.51,000,18.0212
2005-06-28,0.51,0.51,0.51,0.51,000,18.0212
2005-06-27,0.51,0.51,0.51,0.51,000,18.0212
2005-06-24,0.51,0.51,0.51,0.51,000,18.0212
2005-06-23,0.51,0.51,0.51,0.51,000,18.0212
2005-06-22,0.51,0.51,0.51,0.51,000,18.0212
2005-06-21,0.51,0.51,0.51,0.51,000,18.0212
2005-06-20,0.51,0.51,0.51,0.51,000,18.0212
2005-06-17,0.51,0.51,0.51,0.51,000,18.0212
2005-06-16,0.51,0.51,0.51,0.51,000,18.0212
2005-06-15,0.51,0.51,0.51,0.51,000,18.0212
2005-06-14,0.51,0.51,0.51,0.51,000,18.0212
2005-06-13,0.51,0.51,0.51,0.51,000,18.0212
2005-06-10,0.51,0.51,0.51,0.51,000,18.0212
2005-06-09,0.51,0.51,0.51,0.51,000,18.0212
2005-06-08,0.51,0.51,0.51,0.51,000,18.0212
2005-06-07,0.51,0.51,0.51,0.51,000,18.0212
2005-06-06,0.51,0.51,0.51,0.51,000,18.0212
2005-06-03,0.51,0.51,0.51,0.51,000,18.0212
2005-06-02,0.51,0.51,0.51,0.51,000,18.0212
2005-06-01,0.51,0.51,0.51,0.51,000,18.0212
2005-05-31,0.51,0.51,0.51,0.51,000,18.0212
2005-05-27,0.51,0.51,0.51,0.51,000,18.0212
2005-05-26,0.51,0.51,0.51,0.51,000,18.0212
2005-05-25,0.51,0.51,0.51,0.51,000,18.0212
2005-05-24,0.51,0.51,0.51,0.51,000,18.0212
2005-05-23,0.51,0.51,0.51,0.51,000,18.0212
2005-05-20,0.51,0.51,0.51,0.51,000,18.0212
2005-05-19,0.51,0.51,0.51,0.51,000,18.0212
2005-05-18,0.51,0.51,0.51,0.51,000,18.0212
2005-05-17,0.51,0.51,0.51,0.51,000,18.0212
2005-05-16,0.51,0.51,0.51,0.51,000,18.0212
2005-05-13,0.51,0.51,0.51,0.51,000,18.0212
2005-05-12,0.51,0.51,0.51,0.51,000,18.0212
2005-05-11,0.51,0.51,0.51,0.51,000,18.0212
2005-05-10,0.51,0.51,0.51,0.51,000,18.0212
2005-05-09,0.51,0.51,0.51,0.51,000,18.0212
2005-05-06,0.51,0.51,0.51,0.51,000,18.0212
2005-05-05,0.51,0.51,0.51,0.51,000,18.0212
2005-05-04,0.51,0.51,0.51,0.51,000,18.0212
2005-05-03,0.51,0.51,0.51,0.51,000,18.0212
2005-05-02,0.51,0.51,0.51,0.51,000,18.0212
2005-04-29,0.51,0.51,0.51,0.51,000,18.0212
2005-04-28,0.51,0.51,0.51,0.51,000,18.0212
2005-04-27,0.51,0.51,0.51,0.51,000,18.0212
2005-04-26,0.51,0.51,0.51,0.51,000,18.0212
2005-04-25,0.51,0.51,0.51,0.51,000,18.0212
2005-04-22,0.51,0.51,0.51,0.51,000,18.0212
2005-04-21,0.51,0.51,0.51,0.51,000,18.0212
2005-04-20,0.51,0.51,0.51,0.51,000,18.0212
2005-04-19,0.51,0.51,0.51,0.51,000,18.0212
2005-04-18,0.51,0.51,0.51,0.51,000,18.0212
2005-04-15,0.51,0.51,0.51,0.51,000,18.0212
2005-04-14,0.51,0.51,0.51,0.51,000,18.0212
2005-04-13,0.51,0.51,0.51,0.51,000,18.0212
2005-04-12,0.51,0.51,0.51,0.51,000,18.0212
2005-04-11,0.51,0.51,0.51,0.51,000,18.0212
2005-04-08,0.51,0.51,0.51,0.51,000,18.0212
2005-04-07,0.51,0.51,0.51,0.51,000,18.0212
2005-04-06,0.51,0.51,0.51,0.51,000,18.0212
2005-04-05,0.51,0.51,0.51,0.51,000,18.0212
2005-04-04,0.51,0.51,0.51,0.51,000,18.0212
2005-04-01,0.51,0.51,0.51,0.51,000,18.0212
2005-03-31,0.10,0.10,0.10,0.10,000,3.53357
2005-03-30,0.10,0.10,0.10,0.10,000,3.53357
2005-03-29,0.10,0.10,0.10,0.10,000,3.53357
2005-03-28,0.10,0.10,0.10,0.10,000,3.53357
2005-03-24,0.10,0.10,0.10,0.10,000,3.53357
2005-03-23,0.10,0.10,0.10,0.10,000,3.53357
2005-03-22,0.10,0.10,0.10,0.10,000,3.53357
2005-03-21,0.10,0.10,0.10,0.10,000,3.53357
2005-03-18,0.10,0.10,0.10,0.10,000,3.53357
2005-03-17,0.10,0.10,0.10,0.10,000,3.53357
2005-03-16,0.10,0.10,0.10,0.10,000,3.53357
2005-03-15,0.10,0.10,0.10,0.10,000,3.53357
2005-03-14,0.10,0.10,0.10,0.10,000,3.53357
2005-03-11,0.10,0.10,0.10,0.10,000,3.53357
2005-03-10,0.10,0.10,0.10,0.10,000,3.53357
2005-03-09,0.10,0.10,0.10,0.10,000,3.53357
2005-03-08,0.10,0.10,0.10,0.10,000,3.53357
2005-03-07,0.10,0.10,0.10,0.10,000,3.53357
2005-03-04,0.10,0.10,0.10,0.10,000,3.53357
2005-03-03,0.10,0.10,0.10,0.10,000,3.53357
2005-03-02,0.10,0.10,0.10,0.10,000,3.53357
2005-03-01,0.10,0.10,0.10,0.10,000,3.53357
2005-02-28,0.10,0.10,0.10,0.10,000,3.53357
2005-02-25,0.10,0.10,0.10,0.10,000,3.53357
2005-02-24,0.10,0.10,0.10,0.10,000,3.53357
2005-02-23,0.10,0.10,0.10,0.10,000,3.53357
2005-02-22,0.10,0.10,0.10,0.10,000,3.53357
2005-02-18,0.10,0.10,0.10,0.10,000,3.53357
2005-02-17,0.10,0.10,0.10,0.10,000,3.53357
2005-02-16,0.10,0.10,0.10,0.10,000,3.53357
2005-02-15,0.10,0.10,0.10,0.10,000,3.53357
2005-02-14,0.10,0.10,0.10,0.10,000,3.53357
2005-02-11,0.10,0.10,0.10,0.10,000,3.53357
2005-02-10,0.10,0.10,0.10,0.10,000,3.53357
2005-02-09,0.10,0.10,0.10,0.10,000,3.53357
2005-02-08,0.10,0.10,0.10,0.10,000,3.53357
2005-02-07,0.10,0.10,0.10,0.10,000,3.53357
2005-02-04,0.10,0.10,0.10,0.10,000,3.53357
2005-02-03,0.10,0.10,0.10,0.10,000,3.53357
2005-02-02,0.10,0.10,0.10,0.10,000,3.53357
2005-02-01,0.10,0.10,0.10,0.10,000,3.53357
2005-01-31,0.10,0.10,0.10,0.10,000,3.53357
2005-01-28,0.10,0.10,0.10,0.10,000,3.53357
2005-01-27,0.10,0.10,0.10,0.10,000,3.53357
2005-01-26,0.10,0.10,0.10,0.10,000,3.53357
2005-01-25,0.10,0.10,0.10,0.10,000,3.53357
2005-01-24,0.10,0.10,0.10,0.10,000,3.53357
2005-01-21,0.10,0.10,0.10,0.10,000,3.53357
2005-01-20,0.10,0.10,0.10,0.10,000,3.53357
2005-01-19,0.10,0.10,0.10,0.10,000,3.53357
2005-01-18,0.10,0.10,0.10,0.10,000,3.53357
2005-01-14,0.10,0.10,0.10,0.10,000,3.53357
2005-01-13,0.10,0.10,0.10,0.10,000,3.53357
2005-01-12,0.10,0.10,0.10,0.10,300,3.53357
