Date,Open,High,Low,Close,Volume,Adj Close
2013-10-10,24.955,24.955,24.9001,24.95,7400,24.95
2013-10-09,24.98,24.98,24.97,24.97,600,24.97
2013-10-08,24.97,24.9701,24.9701,24.9701,100,24.9701
2013-10-07,25.04,25.04,24.98,24.98,600,24.98
2013-10-04,25.04,25.04,25.04,25.04,000,25.04
2013-10-03,25.05,25.06,24.96,24.97,2000,24.97
2013-10-02,25.04,24.9935,24.9601,24.97,1400,24.97
2013-10-01,25.30,25.30,24.92,25.00,5300,25.00
2013-09-30,34.59,34.62,34.47,34.62,10600,34.62
2013-09-27,34.60,34.62,34.4601,34.4601,10900,34.4601
2013-09-26,34.54,34.6212,34.5399,34.6212,1300,24.9635
2013-09-25,34.465,34.5399,34.465,34.5399,3000,24.9049
2013-09-24,34.59,34.60,34.4999,34.54,4300,24.905
2013-09-23,34.35,34.3999,34.251,34.28,4700,24.7175
2013-09-20,34.41,34.60,34.29,34.35,34300,24.768
2013-09-19,34.40,34.40,34.37,34.40,1000,24.804
2013-09-18,34.46,34.47,34.45,34.47,600,24.8545
2013-09-17,34.31,34.64,34.11,34.50,7400,24.8761
2013-09-16,34.40,34.51,33.10,34.48,2700,24.8617
2013-09-13,34.3501,34.65,34.35,34.65,500,24.9843
2013-09-11,33.70,34.37,33.70,34.37,1100,24.7824
2013-09-10,34.30,34.35,34.30,34.35,3700,24.768
2013-09-06,34.30,34.64,33.10,34.64,1700,24.9771
2013-09-05,33.66,34.28,33.62,33.64,900,24.256
2013-09-04,33.65,33.65,33.62,33.62,400,24.2416
2013-09-03,33.66,33.66,33.62,33.62,400,24.2416
2013-08-30,33.25,34.10,33.25,33.63,12800,24.2488
2013-08-29,33.08,33.25,33.00,33.15,5600,23.9027
2013-08-28,32.997,33.10,32.997,33.10,1700,23.8667
2013-08-27,32.97,33.05,32.8001,33.05,2100,23.8306
2013-08-26,33.10,33.12,33.099,33.10,3000,23.8667
2013-08-23,32.98,33.00,32.98,33.00,600,23.7946
2013-08-22,33.00,33.00,32.48,32.96,1100,23.7657
2013-08-21,32.34,33.00,32.34,33.00,800,23.7946
2013-08-20,32.77,33.00,32.5135,33.00,1000,23.7946
2013-08-19,32.70,32.70,32.70,32.70,500,23.5783
2013-08-15,32.51,32.6999,32.50,32.5001,4100,23.4341
2013-08-14,32.52,32.52,32.50,32.50,900,23.4341
2013-08-08,32.65,32.65,32.65,32.65,000,23.5422
2013-08-07,32.65,32.65,32.65,32.65,600,23.5422
2013-08-06,32.62,32.65,32.38,32.65,1500,23.5422
2013-08-05,32.59,32.62,32.59,32.62,200,23.5206
2013-08-02,32.61,32.61,32.61,32.61,100,23.5134
2013-08-01,32.3999,32.40,32.3999,32.40,900,23.362
2013-07-31,32.61,32.70,32.36,32.649,4900,23.5415
2013-07-30,32.35,32.749,32.35,32.45,400,23.398
2013-07-29,31.61,32.75,31.61,32.75,3400,23.6143
2013-07-26,31.45,31.47,31.04,31.47,400,22.6914
2013-07-25,31.49,31.84,31.49,31.84,500,22.9582
2013-07-19,31.86,31.86,31.86,31.86,100,22.9726
2013-07-17,31.70,31.70,31.70,31.70,1000,22.8572
2013-07-16,31.50,31.50,31.50,31.50,100,22.713
2013-07-11,31.52,31.52,31.52,31.52,100,22.7274
2013-07-10,31.51,31.51,31.35,31.35,2700,22.6048
2013-07-08,31.00,31.47,30.96,31.47,500,22.6914
2013-07-03,31.04,31.04,31.01,31.01,400,22.3597
2013-07-02,31.23,31.23,31.23,31.23,100,22.5183
2013-06-28,31.55,31.55,31.55,31.55,100,22.7491
2013-06-24,31.25,31.50,30.80,31.50,5400,22.713
2013-06-21,31.63,31.63,31.63,31.63,000,22.8067
2013-06-20,31.55,31.55,31.20,31.20,300,22.4967
2013-06-14,31.36,31.36,31.36,31.36,000,22.6121
2013-06-10,31.40,31.40,31.40,31.40,100,22.6409
2013-06-04,31.25,31.25,31.25,31.25,1000,22.5327
2013-06-03,31.20,31.45,31.20,31.25,1100,22.5327
2013-05-31,31.1999,31.1999,30.95,30.96,1200,22.3236
2013-05-30,31.00,31.10,30.90,30.9035,2800,22.2829
2013-05-29,30.80,30.80,30.80,30.80,100,22.2083
2013-05-28,30.90,31.00,30.90,31.00,1600,22.3525
2013-05-24,30.53,30.90,30.50,30.90,4500,22.2804
2013-05-23,30.79,30.85,30.31,30.75,5500,22.1722
2013-05-22,30.8999,30.90,30.8999,30.90,700,22.2804
2013-05-20,30.23,30.25,30.23,30.25,600,21.8117
2013-05-17,30.16,30.16,30.16,30.16,100,21.7468
2013-05-16,30.25,30.25,30.25,30.25,400,21.8117
2013-05-15,30.21,30.27,30.01,30.27,1500,21.8261
2013-05-07,30.8999,30.8999,30.0101,30.8501,600,22.2444
2013-05-06,30.73,30.7301,30.73,30.7301,200,22.1579
2013-05-03,30.73,30.73,30.73,30.73,200,22.1578
2013-05-02,30.74,30.74,30.74,30.74,100,22.165
2013-05-01,30.0001,30.79,30.0001,30.79,200,22.2011
2013-04-30,30.06,30.90,30.00,30.74,2800,22.165
2013-04-29,30.25,30.87,30.00,30.87,2200,22.2587
2013-04-19,30.10,30.10,30.10,30.10,100,21.7035
2013-04-18,30.89,30.89,30.89,30.89,000,22.2732
2013-04-17,30.40,30.40,29.9901,30.40,200,21.9199
2013-04-16,30.35,30.35,30.35,30.35,100,21.8838
2013-04-15,30.41,30.41,30.41,30.41,100,21.9271
2013-04-12,30.41,30.41,30.41,30.41,000,21.9271
2013-04-11,30.35,30.40,30.35,30.40,1000,21.9199
2013-04-10,30.00,30.3954,30.00,30.38,2300,21.9054
2013-04-09,30.02,30.10,26.11,30.05,6700,21.6675
2013-04-05,30.37,30.40,30.03,30.36,3400,21.891
2013-04-03,30.92,30.92,30.92,30.92,300,22.2948
2013-04-02,30.50,30.94,29.60,30.94,300,22.3092
2013-03-28,30.603,30.603,30.603,30.603,100,22.0662
2013-03-21,30.25,30.25,29.99,30.25,200,21.8117
2013-03-15,30.06,30.45,29.72,30.45,500,21.9559
2013-03-14,30.95,30.95,30.95,30.95,000,22.3164
2013-03-13,29.99,30.41,29.9799,30.41,5500,21.9271
2013-03-11,29.75,29.75,29.28,29.75,300,21.4512
2013-03-08,29.94,30.00,29.00,29.99,1400,21.6242
2013-03-07,29.99,30.00,29.96,30.00,1700,21.6314
2013-03-01,30.25,30.2981,27.20,30.25,1600,21.8117
2013-02-27,30.00,30.00,30.00,30.00,300,21.6314
2013-02-26,30.00,30.00,30.00,30.00,100,21.6314
2013-02-20,29.35,29.35,29.2401,29.2401,1300,21.0835
2013-02-13,28.53,28.53,28.53,28.53,000,20.5715
2013-02-12,29.03,29.03,29.03,29.03,100,20.932
2013-02-11,29.0395,29.0395,29.0395,29.0395,500,20.9389
2013-02-08,29.79,29.79,29.79,29.79,000,21.48
2013-02-04,28.69,28.69,28.69,28.69,400,20.6869
2013-02-01,28.96,28.96,28.96,28.96,600,20.8815
2013-01-31,28.99,29.20,28.98,29.0398,2700,20.9391
2013-01-30,29.50,29.65,28.90,29.44,6300,21.2276
2013-01-29,28.95,28.95,28.95,28.95,300,20.8743
2013-01-28,28.48,28.66,28.10,28.50,1400,20.5499
2013-01-25,28.25,28.49,28.25,28.49,600,20.5427
2013-01-24,27.99,28.59,27.81,28.56,1500,20.5931
2013-01-23,28.40,28.40,27.70,28.36,1000,20.4489
2013-01-22,28.00,28.26,27.992,28.225,1000,20.3516
2013-01-17,27.6101,27.6101,27.6101,27.6101,300,19.9082
2013-01-15,27.87,27.90,27.87,27.90,1700,20.1172
2013-01-14,27.90,27.90,27.90,27.90,300,20.1172
2013-01-11,27.89,27.8937,27.31,27.89,1800,20.11
2013-01-08,27.44,27.44,27.00,27.00,1000,19.4683
2013-01-07,27.50,27.57,27.43,27.44,7100,19.7856
2013-01-02,27.85,27.85,27.85,27.85,100,20.0812
2012-12-31,27.85,27.8501,27.85,27.8501,200,20.0813
2012-12-24,27.93,27.93,27.93,27.93,200,20.1389
2012-12-21,27.35,28.35,27.35,28.35,200,20.4417
2012-12-20,27.50,27.50,27.50,27.50,100,19.8288
2012-12-19,27.76,27.76,26.90,27.50,900,19.8288
2012-12-13,27.71,27.71,27.47,27.71,1300,19.9802
2012-12-07,28.35,28.35,28.35,28.35,100,20.4417
2012-12-06,28.47,28.47,28.47,28.47,200,20.5282
2012-12-05,28.00,28.28,27.50,28.28,1700,20.3912
2012-12-04,27.45,28.50,27.42,28.50,900,20.5499
2012-12-03,27.45,28.50,27.45,28.50,1300,20.5499
2012-11-30,28.64,28.64,28.64,28.64,100,20.6508
2012-11-29,27.5001,28.50,27.5001,28.50,1000,20.5499
2012-11-28,27.30,28.50,27.30,28.50,1400,20.5499
2012-11-27,29.50,29.50,29.00,29.00,200,20.9104
2012-11-26,27.45,27.77,27.45,27.77,1600,20.0235
2012-11-23,27.05,27.05,27.0499,27.0499,300,19.5043
2012-11-20,26.86,26.89,26.86,26.89,2500,19.389
2012-11-15,26.47,26.90,26.47,26.90,200,19.3962
2012-11-14,26.00,27.00,25.97,26.80,2000,19.3241
2012-11-13,26.9999,26.9999,26.9999,26.9999,200,19.4682
2012-11-12,26.93,26.93,26.93,26.93,100,19.4178
2012-11-08,27.75,27.75,27.75,27.75,100,20.0091
2012-11-07,26.97,27.45,26.97,27.45,1200,19.7928
2012-11-06,26.75,27.45,26.25,26.65,4000,19.2159
2012-11-05,26.77,27.45,26.75,27.45,3600,19.7928
2012-11-02,27.50,27.50,27.50,27.50,100,19.8288
2012-11-01,26.99,27.45,26.95,27.45,1300,19.7928
2012-10-31,27.10,27.10,27.00,27.00,600,19.4683
2012-10-19,27.25,27.25,26.25,26.2501,300,18.9276
2012-10-18,26.75,26.80,26.75,26.75,2400,19.288
2012-10-17,26.75,26.75,26.75,26.75,100,19.288
2012-10-12,26.75,26.75,26.75,26.75,300,19.288
2012-10-11,26.50,27.00,26.50,27.00,2100,19.4683
2012-10-10,26.60,26.60,25.61,25.61,500,18.466
2012-10-09,26.25,26.25,25.75,25.75,1100,18.567
2012-10-05,25.96,26.00,25.95,26.00,3800,18.7472
2012-10-01,25.14,25.59,25.14,25.59,400,18.4516
2012-09-28,24.83,25.75,24.75,25.75,800,18.567
2012-09-26,25.76,25.76,25.75,25.75,1300,18.567
2012-09-25,26.33,26.33,25.9916,26.246,2400,18.9246
2012-09-24,26.34,26.95,26.34,26.95,1000,19.4322
2012-09-21,25.11,25.11,25.11,25.11,100,18.1055
2012-09-20,24.55,25.50,24.50,25.50,300,18.3867
2012-09-18,25.50,25.50,25.4983,25.50,3500,18.3867
2012-09-14,26.50,26.50,26.50,26.50,500,19.1078
2012-09-13,23.96,26.00,23.96,26.00,3300,18.7472
2012-09-10,23.53,23.80,23.53,23.80,200,17.1609
2012-09-07,23.89,23.89,23.89,23.89,100,17.2258
2012-09-06,23.986,23.986,23.986,23.986,500,17.2951
2012-08-28,23.40,23.90,23.40,23.90,800,17.233
2012-08-23,23.93,23.93,23.93,23.93,100,17.2547
2012-08-17,23.50,23.50,23.50,23.50,100,16.9446
2012-08-10,23.23,23.336,23.23,23.31,700,16.8076
2012-08-09,21.81,21.81,21.81,21.81,200,15.7261
2012-08-08,21.81,21.81,21.80,21.81,500,15.7261
2012-08-07,21.80,21.80,21.80,21.80,800,15.7188
2012-08-06,22.00,22.00,22.00,22.00,100,15.8631
2012-08-03,22.00,22.00,21.9995,22.00,1400,15.8631
2012-08-02,22.00,22.00,22.00,22.00,100,15.8631
2012-07-31,22.50,22.50,22.50,22.50,100,16.2236
2012-07-30,22.50,22.50,22.50,22.50,1100,16.2236
2012-07-27,22.00,22.00,22.00,22.00,2100,15.8631
2012-07-26,22.48,22.50,20.36,21.80,7400,15.7188
2012-07-25,21.75,22.44,21.4999,22.44,900,16.1803
2012-07-20,22.34,22.50,22.34,22.50,700,16.2236
2012-07-19,22.25,22.546,22.25,22.25,300,16.0433
2012-07-18,21.81,21.81,21.81,21.81,100,15.7261
2012-07-16,21.80,21.80,21.80,21.80,400,15.7188
2012-07-13,21.80,21.80,21.80,21.80,100,15.7188
2012-07-12,21.80,21.8001,21.80,21.80,400,15.7188
2012-07-11,21.94,21.94,21.94,21.94,100,15.8198
2012-07-10,21.50,22.45,21.00,22.0599,5400,15.9062
2012-07-09,22.66,22.66,21.06,22.65,300,16.3317
2012-07-02,22.79,22.79,22.79,22.79,200,16.4327
2012-06-29,22.95,23.00,22.94,23.00,400,16.5841
2012-06-28,23.02,23.02,22.00,23.02,200,16.5985
2012-06-27,21.97,23.69,21.97,23.40,1400,16.8725
2012-06-26,21.90,21.90,21.90,21.90,200,15.7909
2012-06-25,22.49,24.00,22.49,24.00,2600,17.3051
2012-06-18,22.00,22.00,22.00,22.00,200,15.8631
2012-06-15,21.45,21.46,21.25,21.41,2100,15.4376
2012-06-07,21.89,21.89,21.89,21.89,100,15.7837
2012-06-06,21.99,21.99,21.99,21.99,200,15.8558
2012-05-31,21.75,21.99,21.70,21.99,1500,15.8558
2012-05-30,21.80,21.80,21.75,21.75,1500,15.6828
2012-05-29,22.46,22.46,22.46,22.46,200,16.1947
2012-05-25,21.8101,21.8101,21.8101,21.8101,200,15.7261
2012-05-24,19.17,22.00,19.17,21.81,3600,15.7261
2012-05-23,19.97,19.97,19.95,19.96,600,14.3921
2012-05-22,18.97,19.9501,18.97,19.95,1400,14.3849
2012-05-18,19.15,19.75,19.15,19.75,1800,14.2407
2012-05-17,19.29,19.75,19.29,19.75,400,14.2407
2012-05-16,20.06,20.06,19.75,19.97,1300,14.3993
2012-05-15,20.69,20.69,20.69,20.69,100,14.9185
2012-05-14,20.73,20.73,20.69,20.69,300,14.9185
2012-05-09,20.20,20.76,20.0001,20.76,1300,14.969
2012-05-08,20.76,20.80,20.76,20.80,2300,14.9978
2012-05-07,21.62,21.62,21.00,21.00,2300,15.142
2012-05-04,21.45,21.45,21.45,21.45,300,15.4665
2012-05-03,22.20,22.20,21.75,21.75,200,15.6828
2012-05-02,21.19,22.2899,21.1899,22.25,1800,16.0433
2012-05-01,22.02,22.45,21.61,22.29,4000,16.0722
2012-04-30,23.0999,23.0999,22.75,22.75,2200,16.4038
2012-04-27,22.52,22.99,22.50,22.99,2700,16.5769
2012-04-26,22.60,23.48,22.25,22.2801,10300,16.065
2012-04-25,23.50,23.51,22.49,22.49,4900,16.2164
2012-04-24,20.50,23.79,20.4999,23.50,7400,16.9446
2012-04-23,19.84,20.4999,19.84,20.4999,200,14.7814
2012-04-17,20.60,20.60,20.60,20.60,100,14.8536
2012-04-16,19.99,20.77,18.52,20.77,1400,14.9762
2012-04-12,21.75,21.75,19.97,21.75,1600,15.6828
2012-04-11,19.76,20.00,18.0601,19.9999,400,14.4209
2012-04-05,19.25,19.25,19.25,19.25,100,13.8802
2012-04-03,18.25,19.25,18.25,19.25,700,13.8802
2012-03-30,18.48,19.00,18.48,19.00,1300,13.6999
2012-03-27,17.47,17.47,17.25,17.25,300,12.4381
2012-03-16,17.45,17.99,16.754,17.91,4400,12.914
2012-03-15,16.42,16.57,16.39,16.50,4700,11.8973
2012-03-14,15.50,15.50,15.50,15.50,2500,11.1762
2012-03-13,14.57,14.57,14.57,14.57,200,10.5057
2012-03-12,13.54,13.54,13.54,13.54,200,9.763
2012-03-06,13.42,13.42,13.42,13.42,100,9.6765
2012-02-29,15.19,15.50,15.19,15.50,400,11.1762
2012-02-28,13.92,15.00,13.92,15.00,1100,10.8157
2012-02-27,13.79,14.74,13.76,14.74,600,10.6282
2012-02-24,14.26,14.26,13.30,14.10,3800,10.1668
2012-02-23,13.06,13.9601,13.054,13.96,1500,10.0658
2012-02-22,13.00,13.33,12.31,13.30,900,9.5899
2012-02-13,14.01,14.01,14.01,14.01,000,10.1019
2012-02-03,12.81,15.00,12.81,15.00,300,10.8157
2012-01-30,12.65,12.65,12.62,12.62,200,9.0996
2012-01-23,14.00,14.00,12.51,12.51,200,9.0203
2012-01-20,13.00,15.00,13.00,14.46,700,10.4264
2012-01-19,11.87,11.87,11.87,11.87,200,8.5588
2012-01-18,14.25,14.25,14.25,14.25,100,10.2749
2012-01-13,11.86,14.13,11.86,12.50,800,9.0131
2012-01-12,11.82,12.03,11.61,11.61,1600,8.3714
2012-01-11,11.99,12.67,11.62,12.02,29700,8.667
2012-01-10,11.84,12.41,11.675,12.11,59200,8.7319
2012-01-09,11.50,12.7999,11.50,12.115,3800,8.7355
2012-01-03,11.24,11.24,11.24,11.24,200,8.1046
2011-12-30,10.89,12.75,10.89,12.75,300,9.1934
2011-12-29,10.75,11.40,10.75,10.85,1300,7.8234
2011-12-28,11.19,11.29,11.19,11.29,400,8.1406
2011-12-27,11.23,11.23,11.23,11.23,100,8.0974
2011-12-23,12.38,12.38,11.21,11.21,300,8.0829
2011-12-21,10.60,12.13,10.60,12.13,400,8.7463
2011-12-20,12.56,15.16,12.56,12.56,200,9.0564
2011-12-19,11.94,11.94,11.94,11.94,100,8.6093
2011-12-14,11.62,13.03,10.9025,11.70,1600,8.4363
2011-12-13,11.11,13.35,11.00,13.30,500,9.5899
2011-12-12,10.81,15.41,10.81,13.44,2200,9.6909
2011-12-06,13.09,13.09,13.00,13.03,2700,9.3953
2011-12-05,13.00,13.35,13.00,13.35,900,9.626
2011-12-02,13.02,13.02,13.02,13.02,100,9.388
2011-11-23,13.0101,13.0101,13.0101,13.0101,200,9.3809
2011-11-18,12.75,13.054,12.75,13.054,900,9.4126
2011-11-17,13.0101,13.0101,13.0101,13.0101,200,9.3809
2011-11-14,12.75,12.75,12.75,12.75,100,9.1934
2011-11-11,12.59,12.62,12.59,12.62,200,9.0996
2011-11-10,13.00,13.34,13.00,13.34,1000,9.6188
2011-11-08,12.9501,13.23,12.9501,13.21,800,9.525
2011-11-07,12.84,15.87,12.50,12.70,3900,9.1573
2011-11-03,10.93,11.35,10.93,11.35,1800,8.1839
2011-11-02,10.84,10.98,10.54,10.98,600,7.9171
2011-11-01,10.40,10.40,10.38,10.38,400,7.4845
2011-10-31,10.67,12.00,10.55,11.1799,3800,8.0612
2011-10-28,12.20,12.20,10.21,11.03,8200,7.9532
2011-10-26,12.25,12.25,12.25,12.25,500,8.8328
2011-10-25,12.25,12.25,12.03,12.25,400,8.8328
2011-10-20,12.60,12.61,12.35,12.61,600,9.0924
2011-10-19,13.63,13.63,13.00,13.00,400,9.3736
2011-10-18,12.25,12.25,12.25,12.25,200,8.8328
2011-10-17,13.50,13.50,13.50,13.50,100,9.7341
2011-10-14,13.58,13.63,12.2737,13.63,400,9.8279
2011-10-13,12.11,12.11,12.11,12.11,200,8.7319
2011-10-12,13.20,13.88,13.00,13.88,1700,10.0081
2011-10-11,12.89,12.89,12.89,12.89,100,9.2943
2011-10-06,11.46,11.84,11.00,11.84,800,8.5372
2011-10-04,12.72,12.72,10.676,12.57,1100,9.0636
2011-10-03,13.45,13.45,13.45,13.45,100,9.6981
2011-09-30,14.07,14.07,14.07,14.07,100,10.1451
2011-09-29,14.11,14.11,14.11,14.11,100,10.174
2011-09-28,14.17,14.25,12.60,14.17,900,10.2172
2011-09-27,14.50,14.50,14.50,14.50,100,10.4552
2011-09-26,13.86,14.50,12.98,14.50,900,10.4552
2011-09-23,15.24,15.24,15.24,15.24,100,10.9888
2011-09-22,14.77,14.77,13.87,13.87,8300,10.0009
2011-09-21,14.77,14.77,14.75,14.75,8200,10.6355
2011-09-19,15.02,15.0201,14.75,14.7501,7200,10.6355
2011-09-13,15.64,15.95,15.64,15.95,6000,11.5007
2011-09-09,15.03,15.03,14.75,14.82,5700,10.6859
2011-09-08,15.16,15.16,15.10,15.10,3200,10.8878
2011-09-06,14.81,16.81,14.75,16.81,1800,12.1208
2011-09-01,17.00,17.01,16.98,16.99,800,12.2506
2011-08-11,16.65,16.65,16.65,16.65,100,12.0054
2011-08-10,15.01,16.73,15.01,16.73,300,12.0631
2011-08-09,14.76,17.69,14.75,16.96,700,12.229
2011-08-08,15.81,15.81,14.81,15.75,2800,11.3565
2011-08-05,17.97,17.97,17.97,17.97,100,12.9572
2011-08-04,16.60,17.55,16.05,17.55,1200,12.6544
2011-08-03,16.50,16.62,16.50,16.62,200,11.9838
2011-08-02,16.25,16.45,16.08,16.35,1100,11.7891
2011-07-28,17.49,18.85,16.53,18.85,300,13.5918
2011-07-25,18.91,18.91,15.8018,18.91,400,13.635
2011-07-22,18.95,18.95,18.95,18.95,100,13.6639
2011-07-21,15.75,15.75,15.75,15.75,100,11.3565
2011-07-15,16.40,17.40,16.40,17.40,200,12.5462
2011-07-14,16.35,16.35,16.35,16.35,100,11.7891
2011-07-13,16.02,16.40,15.22,16.37,1200,11.8036
2011-07-12,16.07,17.00,16.02,17.00,500,12.2578
2011-07-11,16.99,16.99,16.99,16.99,100,12.2506
2011-07-08,17.50,17.50,17.50,17.50,100,12.6183
2011-07-07,19.55,19.55,17.27,17.27,1800,12.4525
2011-07-06,19.78,19.78,19.78,19.78,100,14.2623
2011-07-01,17.00,17.00,17.00,17.00,100,12.2578
2011-06-30,15.95,15.95,15.95,15.95,1400,11.5007
2011-06-29,15.75,15.75,15.75,15.75,100,11.3565
2011-06-28,15.67,15.70,15.67,15.70,200,11.3205
2011-06-27,15.60,15.60,15.60,15.60,100,11.2483
2011-06-24,15.64,15.64,15.64,15.64,100,11.2772
2011-06-23,14.40,15.64,14.40,15.64,500,11.2772
2011-06-14,15.29,15.30,15.29,15.30,300,11.032
2011-06-10,15.31,15.31,15.30,15.30,400,11.032
2011-06-09,15.30,15.35,15.30,15.30,500,11.032
2011-06-03,15.73,15.73,15.73,15.73,100,11.3421
2011-06-02,15.10,15.92,15.10,15.92,400,11.4791
2011-05-31,15.90,15.90,15.0293,15.85,500,11.4286
2011-05-27,15.8999,15.8999,15.8999,15.8999,300,11.4646
2011-05-25,15.00,15.94,15.00,15.94,600,11.4935
2011-05-23,15.48,15.48,15.48,15.48,100,11.1618
2011-05-20,15.44,15.48,15.44,15.48,400,11.1618
2011-05-19,15.90,15.93,14.45,15.49,600,11.169
2011-05-18,15.50,15.50,15.50,15.50,100,11.1762
2011-05-16,15.75,15.75,15.75,15.75,100,11.3565
2011-05-12,15.91,15.91,15.75,15.75,200,11.3565
2011-05-11,14.01,14.01,14.01,14.01,200,10.1019
2011-05-04,14.06,14.21,13.06,14.21,1100,10.2461
2011-05-03,15.00,15.20,15.00,15.20,700,10.9599
2011-04-27,14.99,15.00,14.98,15.00,600,10.8157
2011-04-25,14.52,14.52,14.52,14.52,100,10.4696
2011-04-20,14.125,14.50,14.125,14.50,600,10.4552
2011-04-18,13.75,13.7501,13.75,13.75,500,9.9144
2011-04-15,14.00,14.00,14.00,14.00,100,10.0947
2011-04-14,13.99,14.00,13.99,14.00,200,10.0947
2011-04-06,14.05,14.10,13.15,14.03,500,10.1163
2011-04-05,13.94,13.94,13.94,13.94,100,10.0514
2011-04-04,13.56,14.9375,12.81,13.40,700,9.662
2011-03-31,15.00,15.00,12.70,14.75,1000,10.6355
2011-03-30,14.96,14.96,14.96,14.96,100,10.7869
2011-03-28,14.95,14.95,12.50,13.00,600,9.3736
2011-03-25,14.25,14.25,14.25,14.25,100,10.2749
2011-03-24,15.17,15.17,14.25,14.25,600,10.2749
2011-03-23,14.37,14.96,14.25,14.25,3400,10.2749
2011-03-16,15.06,15.50,14.97,15.50,800,11.1762
2011-03-15,15.11,15.11,14.80,14.98,1000,10.8013
2011-03-10,15.25,15.25,15.10,15.10,1000,10.8878
2011-03-09,15.53,16.05,15.10,15.23,1900,10.9816
2011-03-03,15.56,16.20,15.55,16.20,400,11.681
2011-03-02,15.56,15.56,15.55,15.55,200,11.2123
2011-02-28,15.55,15.98,15.55,15.98,200,11.5223
2011-02-25,15.64,15.96,15.61,15.61,500,11.2556
2011-02-24,16.25,16.25,16.25,16.25,300,11.717
2011-02-18,15.85,15.85,15.25,15.25,700,10.996
2011-02-16,15.23,15.24,15.21,15.21,1300,10.9671
2011-02-15,15.49,15.49,15.49,15.49,100,11.169
2011-02-14,15.14,15.25,15.14,15.24,800,10.9888
2011-02-11,15.02,15.29,14.40,15.15,2400,10.9239
2011-02-10,15.52,15.52,15.50,15.50,300,11.1762
2011-02-09,15.50,15.53,15.50,15.53,1200,11.1979
2011-02-08,15.72,15.75,15.72,15.75,600,11.3565
2011-02-07,15.25,15.2501,15.25,15.25,300,10.996
2011-02-04,14.51,15.25,14.50,15.25,5300,10.996
2011-02-03,16.00,16.00,14.322,15.80,500,11.3926
2011-02-02,14.95,15.25,14.15,14.15,1800,10.2028
2011-02-01,13.51,13.51,13.51,13.51,300,9.7414
2011-01-28,14.12,14.12,14.00,14.00,1700,10.0947
2011-01-27,14.15,14.1501,14.15,14.1501,200,10.2029
2011-01-26,14.14,14.50,14.11,14.11,1200,10.174
2011-01-25,13.8201,13.85,13.8201,13.85,200,9.9865
2011-01-24,13.82,13.82,13.82,13.82,400,9.9649
2011-01-20,14.68,14.70,14.68,14.70,600,10.5994
2011-01-19,14.08,14.08,14.0799,14.0799,200,10.1523
2011-01-13,15.21,15.21,14.01,14.01,5000,10.1019
2011-01-12,13.57,13.60,13.56,13.60,400,9.8063
2011-01-07,13.75,13.75,13.75,13.75,400,9.9144
2011-01-06,12.25,13.50,12.2499,13.50,4000,9.7341
2010-12-31,12.25,12.25,12.25,12.25,300,8.8328
2010-12-30,12.215,12.215,12.215,12.215,200,8.8076
2010-12-28,12.20,12.40,11.15,11.50,700,8.292
2010-12-27,12.48,12.69,11.65,12.40,900,8.941
2010-12-23,12.02,12.05,12.02,12.05,1300,8.6886
2010-12-22,11.70,11.70,11.70,11.70,100,8.4363
2010-12-21,11.70,11.70,11.26,11.26,200,8.119
2010-12-20,11.60,11.60,11.08,11.08,400,7.9892
2010-12-15,11.06,12.42,11.05,11.05,1800,7.9676
2010-12-14,11.81,11.81,11.81,11.81,100,8.5156
2010-12-10,11.83,11.83,11.82,11.82,200,8.5228
2010-12-09,11.83,11.83,11.82,11.82,500,8.5228
2010-12-08,11.85,11.885,11.85,11.85,1200,8.5444
2010-12-02,12.52,12.52,12.52,12.52,100,9.0275
2010-11-30,14.39,14.39,14.39,14.39,100,10.3759
2010-11-26,12.12,12.20,12.11,12.20,700,8.7968
2010-11-22,12.51,12.51,11.30,12.40,1400,8.941
2010-11-17,12.51,12.53,12.51,12.51,400,9.0203
2010-11-16,13.37,13.37,12.50,12.51,1400,9.0203
2010-11-15,15.24,15.24,15.24,15.24,100,10.9888
2010-11-11,13.20,13.21,13.1999,13.20,1100,9.5178
2010-11-10,14.33,14.50,13.21,13.21,1600,9.525
2010-11-09,13.61,14.31,13.61,14.31,200,10.3182
2010-11-05,13.07,13.07,13.07,13.07,200,9.4241
2010-11-04,13.51,13.51,13.14,13.14,300,9.4746
2010-11-03,13.01,13.11,12.645,13.11,500,9.4529
2010-11-01,13.61,13.65,13.01,13.01,1000,9.3808
2010-10-27,16.50,16.50,14.50,14.50,1100,10.4552
2010-10-26,13.25,14.00,13.2499,14.00,400,10.0947
2010-10-22,12.02,12.02,12.02,12.02,000,8.667
2010-10-20,11.61,11.61,11.61,11.61,100,8.3714
2010-10-13,13.50,14.00,12.52,13.12,900,9.4601
2010-10-06,12.45,13.00,12.44,12.95,5500,9.3376
2010-09-28,11.35,11.52,11.32,11.34,800,8.1767
2010-09-22,13.00,13.00,13.00,13.00,100,9.3736
2010-09-20,12.45,13.00,12.45,13.00,1400,9.3736
2010-09-17,11.31,11.31,11.31,11.31,200,8.1551
2010-09-16,11.00,12.4999,11.00,12.49,600,9.0059
2010-09-15,10.61,10.61,10.61,10.61,400,7.6503
2010-09-14,10.75,10.75,10.61,10.61,500,7.6503
2010-09-13,10.70,10.70,10.70,10.70,400,7.7152
2010-09-10,10.76,10.76,10.32,10.50,400,7.571
2010-09-09,10.30,10.30,10.22,10.22,1500,7.3691
2010-09-08,10.02,11.00,11.00,11.00,500,7.9315
2010-09-07,10.02,11.25,10.02,11.25,2300,8.1118
2010-09-03,11.08,10.22,10.22,10.22,100,7.3691
2010-09-02,11.08,11.10,11.08,11.10,800,8.0036
2010-08-31,10.03,10.77,10.77,10.77,200,7.7657
2010-08-30,10.70,11.01,10.36,10.75,2700,7.7513
2010-08-27,11.01,11.2399,11.01,11.2399,300,8.1045
2010-08-26,11.00,11.00,11.00,11.00,100,7.9315
2010-08-25,11.11,11.11,10.50,10.50,300,7.571
2010-08-24,11.00,11.00,10.50,10.50,200,7.571
2010-08-18,11.00,11.25,10.50,11.25,600,8.1118
2010-08-17,11.2499,11.25,11.2499,11.25,400,8.1118
2010-08-16,11.20,11.20,11.00,11.00,300,7.9315
2010-08-13,11.51,11.51,11.08,11.10,700,8.0036
2010-08-12,12.20,12.20,12.20,12.20,100,8.7968
2010-08-11,12.36,12.40,11.73,11.73,1600,8.4579
2010-08-10,12.50,12.75,12.45,12.45,400,8.977
2010-08-09,12.49,13.00,12.49,13.00,1300,9.3736
2010-08-06,11.80,12.00,10.99,11.25,2400,8.1118
2010-08-05,12.93,13.83,11.5105,11.91,4400,8.5877
2010-08-04,12.85,12.85,12.11,12.11,200,8.7319
2010-08-03,12.86,12.86,12.25,12.25,200,8.8328
2010-08-02,12.37,12.50,12.36,12.50,1700,9.0131
2010-07-30,12.3601,12.3601,12.36,12.36,200,8.9122
2010-07-29,13.00,13.00,12.75,12.75,200,9.1934
2010-07-26,13.01,13.01,13.00,13.00,200,9.3736
2010-07-21,13.47,13.47,13.47,13.47,100,9.7125
2010-07-19,12.56,13.00,12.42,13.00,500,9.3736
2010-07-16,12.39,12.40,12.363,12.40,600,8.941
2010-07-14,12.9999,12.9999,12.9999,12.9999,400,9.3735
2010-07-13,13.00,13.00,12.37,12.55,5700,9.0492
2010-07-12,12.59,12.80,12.36,12.80,1600,9.2294
2010-07-09,12.50,12.50,12.50,12.50,100,9.0131
2010-07-08,13.00,13.00,13.00,13.00,100,9.3736
2010-07-07,14.11,14.11,14.11,14.11,100,10.174
2010-07-06,14.82,14.82,14.10,14.10,700,10.1668
2010-07-02,15.03,15.50,15.03,15.50,400,11.1762
2010-07-01,16.64,16.64,15.99,15.99,200,11.5296
2010-06-30,17.47,17.47,17.00,17.00,2000,12.2578
2010-06-29,15.70,15.70,14.5101,14.5101,1000,10.4625
2010-06-28,14.99,15.10,14.49,15.10,1200,10.8878
2010-06-25,14.99,15.6899,14.6501,14.94,900,10.7725
2010-06-24,16.38,16.38,14.80,15.29,1900,11.0248
2010-06-23,15.10,15.4999,14.52,14.54,5100,10.484
2010-06-22,14.65,15.21,14.50,14.78,5100,10.6571
2010-06-21,15.83,15.90,15.00,15.32,9900,11.0465
2010-06-18,16.00,16.4899,16.00,16.10,1600,11.6089
2010-06-17,16.75,16.8899,16.35,16.60,6700,11.9694
2010-06-16,16.50,17.12,16.50,16.60,28500,11.9694
2010-06-15,16.87,17.005,16.15,16.70,15100,12.0415
2010-06-14,16.58,17.00,16.1236,16.7499,23800,12.0775
2010-06-11,16.20,16.50,15.97,16.30,12700,11.7531
2010-06-10,16.00,16.50,15.99,16.50,23600,11.8973
2010-06-09,15.50,16.50,15.50,15.95,34300,11.5007
2010-06-08,15.20,15.73,15.11,15.73,19200,11.3421
2010-06-07,14.98,15.72,14.98,15.49,29100,11.169
2010-06-04,15.43,15.655,14.13,14.83,26800,10.6931
2010-06-03,16.46,16.46,15.34,15.50,17600,11.1762
2010-06-02,16.50,16.72,16.32,16.32,2600,11.7675
2010-06-01,16.59,16.70,16.36,16.36,9500,11.7963
2010-05-28,16.70,17.10,16.40,16.7999,18500,12.1135
2010-05-27,17.20,17.35,16.61,17.25,11500,12.4381
2010-05-26,17.39,17.58,17.03,17.249,24900,12.4374
2010-05-25,17.05,17.60,17.027,17.30,63500,12.4741
2010-05-24,17.40,17.66,17.01,17.25,23800,12.4381
2010-05-21,17.61,17.74,17.2501,17.40,15900,12.5462
2010-05-20,17.40,17.55,17.05,17.45,25400,12.5823
2010-05-19,17.71,17.73,17.42,17.59,2500,12.6832
2010-05-18,17.81,17.95,17.50,17.65,18800,12.7265
2010-05-17,17.79,17.84,17.5001,17.84,4300,12.8635
2010-05-14,17.59,17.999,17.40,17.80,8900,12.8347
2010-05-13,17.18,17.97,17.1101,17.80,17900,12.8347
2010-05-12,16.90,17.40,16.8501,17.33,36100,12.4958
2010-05-11,17.54,17.79,17.00,17.15,91100,12.366
2010-05-10,18.00,18.51,17.5901,17.70,54600,12.7625
2010-05-07,17.81,18.09,17.542,17.78,24500,12.8202
2010-05-06,18.36,18.50,17.745,17.80,39500,12.8347
2010-05-05,18.35,18.90,18.30,18.36,25000,13.2384
2010-05-04,18.50,18.63,18.25,18.50,38500,13.3394
2010-05-03,18.88,18.90,18.50,18.52,44100,13.3538
2010-04-30,19.02,19.02,18.8201,18.9001,25000,13.6279
2010-04-29,18.96,19.09,18.9101,18.96,30100,13.6711
2010-04-28,19.00,19.249,18.79,18.95,47500,13.6639
2010-04-27,18.95,19.25,18.90,19.00,37700,13.6999
2010-04-26,19.18,19.45,18.95,19.10,29200,13.772
2010-04-23,18.58,19.305,18.58,19.00,131900,13.6999
2010-04-22,18.44,18.81,18.40,18.59,61600,13.4043
2010-04-21,18.17,19.00,18.10,18.44,60400,13.2961
2010-04-20,18.44,18.445,17.95,18.15,27100,13.087
2010-04-19,18.30,18.52,18.05,18.25,51200,13.1591
2010-04-16,17.95,18.70,17.95,18.19,91900,13.1159
2010-04-15,17.65,17.70,17.57,17.57,17500,12.6688
2010-04-14,17.34,17.7099,17.34,17.57,27900,12.6688
2010-04-13,17.70,17.86,17.49,17.50,42700,12.6183
2010-04-12,17.60,17.75,17.43,17.52,71600,12.6328
2010-04-09,17.40,17.695,17.25,17.60,26800,12.6904
2010-04-08,17.55,17.63,17.25,17.40,18100,12.5462
2010-04-07,17.65,17.70,17.47,17.50,50900,12.6183
2010-04-06,16.35,17.70,16.35,17.50,114600,12.6183
2010-04-05,15.49,16.60,15.45,16.32,21500,11.7675
2010-04-01,15.26,15.2801,15.2501,15.2801,1700,11.0177
2010-03-31,15.40,15.45,15.1301,15.45,4400,11.1402
2010-03-30,15.21,15.455,15.14,15.20,5200,10.9599
2010-03-29,15.48,15.48,15.10,15.35,4000,11.0681
2010-03-26,15.20,15.2499,15.03,15.24,2200,10.9888
2010-03-25,15.27,15.375,15.12,15.12,2300,10.9022
2010-03-24,15.19,15.30,14.9101,15.30,8200,11.032
2010-03-23,15.13,15.30,15.0801,15.12,4000,10.9022
2010-03-22,15.09,15.40,15.00,15.40,4200,11.1041
2010-03-19,15.02,15.74,14.73,15.34,24600,11.0609
2010-03-18,15.41,15.26,15.26,15.26,1200,11.0032
2010-03-17,15.41,15.50,15.26,15.26,9200,11.0032
2010-03-16,15.25,15.49,14.98,15.35,6800,11.0681
2010-03-15,15.21,15.74,14.91,15.25,3000,10.996
2010-03-12,15.25,15.60,15.01,15.50,16600,11.1762
2010-03-11,14.90,15.25,14.62,15.2485,13000,10.9949
2010-03-10,15.05,15.4899,14.82,15.00,16400,10.8157
2010-03-09,14.50,15.47,14.48,15.00,42600,10.8157
2010-03-08,14.50,14.70,14.50,14.50,6700,10.4552
2010-03-05,14.63,14.68,14.5401,14.555,3400,10.4949
2010-03-04,14.57,14.75,14.4501,14.70,13400,10.5994
2010-03-03,14.88,14.88,14.46,14.66,8400,10.5706
2010-03-02,14.95,14.985,14.4001,14.70,2000,10.5994
2010-03-01,14.49,14.601,14.485,14.60,3000,10.5273
2010-02-26,14.27,14.70,14.20,14.50,25300,10.4552
2010-02-25,13.93,14.49,13.50,14.11,15500,10.174
2010-02-24,13.69,14.25,13.50,14.25,8000,10.2749
2010-02-23,13.52,13.98,13.50,13.5101,2400,9.7414
2010-02-22,13.20,13.99,13.20,13.50,9900,9.7341
2010-02-19,12.89,13.20,12.81,13.20,8600,9.5178
2010-02-18,12.90,13.00,12.90,12.90,6600,9.3015
2010-02-17,13.10,13.10,13.00,13.00,9500,9.3736
2010-02-16,13.10,13.10,13.00,13.10,11100,9.4457
2010-02-12,13.00,13.04,12.86,13.00,5300,9.3736
2010-02-11,12.90,13.00,12.90,12.9001,4700,9.3016
2010-02-10,13.20,13.20,12.865,13.00,19000,9.3736
2010-02-09,12.75,13.00,12.60,12.84,6600,9.2583
2010-02-08,12.90,13.05,12.90,13.05,3000,9.4097
2010-02-05,12.91,13.00,12.55,13.00,15300,9.3736
2010-02-04,12.87,13.00,12.86,12.916,5200,9.3131
2010-02-03,12.73,13.15,12.58,13.00,11700,9.3736
2010-02-02,12.91,13.11,12.90,13.00,10300,9.3736
2010-02-01,13.04,13.345,12.86,13.00,31300,9.3736
2010-01-29,12.52,12.90,12.45,12.835,20000,9.2546
2010-01-28,12.80,13.00,12.285,12.51,27100,9.0203
2010-01-27,13.10,13.15,12.80,13.10,17500,9.4457
2010-01-26,12.99,13.00,12.80,13.00,4600,9.3736
2010-01-22,12.83,13.05,12.80,13.00,6500,9.3736
2010-01-21,13.00,13.30,12.60,13.00,24400,9.3736
2010-01-20,12.97,13.06,12.4856,12.4856,4100,9.0027
2010-01-19,12.73,13.015,12.71,12.90,5600,9.3015
2010-01-15,12.35,13.39,12.25,12.98,31700,9.3592
2010-01-14,12.04,12.35,11.80,12.00,7100,8.6526
2010-01-13,12.28,12.5001,12.25,12.25,4000,8.8328
2010-01-12,11.96,12.29,11.96,12.00,2600,8.6526
2010-01-11,12.10,12.37,11.691,12.25,27600,8.8328
2010-01-08,11.55,11.95,11.381,11.94,22800,8.6093
2010-01-07,11.49,11.73,11.2501,11.55,14300,8.3281
2010-01-06,11.63,12.03,11.25,11.25,11000,8.1118
2010-01-05,11.90,12.1501,11.17,11.35,18100,8.1839
2010-01-04,12.19,12.415,12.01,12.02,17800,8.667
2009-12-31,12.40,12.64,12.31,12.51,13400,9.0203
2009-12-30,12.55,12.65,12.4501,12.4501,3300,8.9771
2009-12-29,12.75,13.01,12.28,12.98,8300,9.3592
2009-12-28,13.00,13.30,12.27,13.00,12100,9.3736
2009-12-24,12.82,13.25,13.11,13.25,1700,9.5539
2009-12-23,13.50,13.50,12.9001,13.1001,10800,9.4458
2009-12-22,13.10,13.5001,13.0501,13.10,4200,9.4457
2009-12-21,13.66,13.93,12.95,13.20,16100,9.5178
2009-12-18,12.00,13.35,12.00,13.00,34700,9.3736
2009-12-17,12.35,12.65,12.00,12.50,17800,9.0131
2009-12-16,12.50,12.86,12.0401,12.40,25600,8.941
2009-12-15,12.30,12.62,12.2101,12.41,15900,8.9482
2009-12-14,12.50,12.50,11.91,12.35,20100,8.9049
2009-12-11,12.47,12.47,11.9601,12.25,10100,8.8328
2009-12-10,12.43,12.70,12.40,12.4601,16200,8.9843
2009-12-09,12.76,13.06,12.63,12.8301,18500,9.2511
2009-12-08,12.37,13.10,12.37,12.85,5600,9.2655
2009-12-07,12.75,13.10,12.47,13.10,30000,9.4457
2009-12-04,12.70,12.95,11.50,12.70,39100,9.1573
2009-12-03,11.00,11.50,10.2501,11.4999,15700,8.292
2009-12-02,10.89,11.73,10.12,10.66,35900,7.6864
2009-12-01,12.80,12.85,11.53,11.735,39400,8.4615
2009-11-30,13.00,13.54,12.63,12.8001,54400,9.2295
2009-11-27,13.98,14.00,13.0201,13.54,67300,9.763
2009-11-25,8.18,13.98,8.10,13.73,117700,9.90
2009-11-24,8.18,8.18,7.88,8.15,3700,5.8765
2009-11-23,7.80,8.19,7.75,8.15,20300,5.8765
2009-11-20,8.05,8.20,8.00,8.10,42900,5.8405
2009-11-19,7.81,8.449,7.80,8.05,20800,5.8044
2009-11-18,8.00,8.10,7.55,8.10,14100,5.8405
2009-11-17,8.25,8.25,7.784,8.15,9000,5.8765
2009-11-16,8.24,8.25,8.15,8.25,5000,5.9486
2009-11-13,7.75,8.385,7.75,8.10,71700,5.8405
2009-11-12,7.20,7.95,7.0001,7.80,31500,5.6242
2009-11-11,7.55,8.00,7.00,7.4001,49200,5.3358
2009-11-10,6.57,7.00,6.5601,6.70,2000,4.831
2009-11-09,7.00,7.60,6.45,7.0699,16900,5.0977
2009-11-06,6.00,6.55,5.87,6.4101,22000,4.622
2009-11-05,5.80,5.90,5.74,5.88,10500,4.2398
2009-11-04,5.61,6.25,5.58,5.80,8500,4.1821
2009-11-03,5.70,6.0999,5.4001,5.75,12900,4.146
2009-11-02,6.06,6.25,5.591,5.601,10200,4.0386
2009-10-30,6.17,6.25,6.00,6.06,12900,4.3695
2009-10-29,6.01,6.61,6.01,6.30,20600,4.5426
2009-10-28,6.20,6.9999,5.8501,5.95,54900,4.2902
2009-10-27,10.47,10.47,4.50,6.208,219400,4.4763
2009-10-26,12.80,12.8001,12.80,12.8001,900,9.2295
2009-10-23,12.81,12.81,12.78,12.78,200,9.215
2009-10-22,12.77,13.24,12.68,12.68,3200,9.1429
2009-10-21,13.01,13.375,12.985,13.00,3200,9.3736
2009-10-20,12.89,13.50,12.69,13.499,3600,9.7334
2009-10-19,13.05,13.065,12.692,12.692,5300,9.1515
2009-10-16,12.53,13.14,12.53,12.74,10700,9.1861
2009-10-15,13.01,13.015,12.95,13.01,4800,9.3808
2009-10-14,13.11,13.2499,12.96,13.18,6600,9.5034
2009-10-13,13.30,13.45,13.12,13.1725,12800,9.498
2009-10-12,13.50,13.50,13.354,13.354,1500,9.6289
2009-10-09,13.25,13.27,13.25,13.27,600,9.5683
2009-10-08,13.28,13.28,13.04,13.04,4200,9.4025
2009-10-07,13.67,13.70,13.12,13.48,2600,9.7197
2009-10-06,13.06,13.9499,13.0101,13.51,6700,9.7414
2009-10-05,13.05,13.4599,13.05,13.16,3100,9.489
2009-10-02,13.37,13.37,13.145,13.30,1400,9.5899
2009-10-01,13.48,13.4399,13.00,13.4399,2400,9.6908
2009-09-30,13.51,14.3499,13.47,13.50,2700,9.7341
2009-09-29,13.68,14.4999,13.68,13.81,12000,9.9577
2009-09-28,14.02,14.10,13.50,13.68,8700,9.8639
2009-09-25,14.84,14.84,14.1501,14.25,6000,10.2749
2009-09-24,14.90,15.19,14.90,15.19,9000,10.5809
2009-09-23,14.20,15.1999,14.20,15.00,5600,10.4486
2009-09-22,15.50,15.50,14.40,14.5001,6900,10.1004
2009-09-21,14.75,14.999,14.7499,14.75,4400,10.2744
2009-09-18,13.97,15.505,13.90,14.50,39700,10.1003
2009-09-17,13.95,13.95,13.93,13.94,14100,9.7102
2009-09-16,14.00,14.00,13.90,13.90,9800,9.6823
2009-09-15,14.00,14.00,13.75,13.90,4100,9.6823
2009-09-14,13.75,14.00,13.6301,13.67,14700,9.5221
2009-09-11,14.00,14.00,13.50,13.68,3400,9.5291
2009-09-10,13.40,14.00,13.40,14.00,3400,9.752
2009-09-09,13.9899,13.9899,13.36,13.3701,1600,9.3132
2009-09-08,14.00,14.00,13.41,13.41,1900,9.341
2009-09-04,13.50,13.95,13.41,13.90,3400,9.6823
2009-09-03,13.48,13.48,13.48,13.48,200,9.3898
2009-09-02,13.35,13.50,13.35,13.50,5800,9.4037
2009-09-01,13.99,13.99,13.35,13.5599,3400,9.4454
2009-08-31,13.50,14.00,13.41,13.7807,4200,9.5992
2009-08-28,13.50,13.6741,13.28,13.37,2500,9.3132
2009-08-27,13.34,13.4999,13.34,13.36,3100,9.3062
2009-08-26,13.50,13.965,13.0301,13.855,8300,9.651
2009-08-25,13.10,13.75,13.10,13.50,7200,9.4037
2009-08-24,14.00,14.00,13.10,13.10,11100,9.1251
2009-08-21,13.05,14.00,13.05,14.00,7200,9.752
2009-08-20,13.74,13.74,13.0003,13.03,1700,9.0763
2009-08-19,13.50,14.00,13.26,14.00,3700,9.752
2009-08-18,14.15,14.25,13.30,13.75,5800,9.5779
2009-08-17,13.70,14.25,13.16,14.25,4800,9.9261
2009-08-14,15.25,15.25,13.50,13.70,13900,9.543
2009-08-13,15.45,15.738,15.0201,15.50,2000,10.7969
2009-08-12,15.7865,16.00,15.06,15.06,1900,10.4904
2009-08-11,15.0101,15.0101,15.0101,15.0101,200,10.4556
2009-08-10,15.75,15.87,15.05,15.87,2300,11.0546
2009-08-07,15.76,16.38,15.50,15.50,3900,10.7969
2009-08-06,15.80,15.80,14.3536,14.3536,800,9.9983
2009-08-05,13.80,15.80,13.792,15.80,6700,11.0058
2009-08-04,13.50,13.72,13.26,13.72,1400,9.557
2009-08-03,13.49,13.80,13.47,13.7499,4600,9.5778
2009-07-31,12.75,13.30,12.75,13.30,400,9.2644
2009-07-30,12.35,13.048,12.35,12.60,3200,8.7768
2009-07-29,13.048,13.048,12.21,12.25,4000,8.533
2009-07-28,13.25,13.25,12.19,12.80,5000,8.9161
2009-07-27,12.65,12.65,12.64,12.65,300,8.8116
2009-07-24,12.67,12.67,12.6001,12.61,700,8.7838
2009-07-23,13.1999,13.43,13.195,13.20,1000,9.1947
2009-07-22,12.75,13.00,12.5301,13.00,800,9.0554
2009-07-21,12.50,13.20,12.50,12.51,8500,8.7141
2009-07-20,12.5001,12.5001,12.5001,12.5001,100,8.7072
2009-07-17,13.00,13.45,12.50,12.54,3300,8.735
2009-07-16,12.19,13.4999,12.19,13.00,2400,9.0554
2009-07-15,12.5101,13.00,12.5101,13.00,1600,9.0554
2009-07-14,13.01,13.43,12.60,13.43,2900,9.355
2009-07-13,13.00,13.3999,13.00,13.3999,2200,9.334
2009-07-10,12.59,13.47,12.54,13.39,1000,9.3271
2009-07-09,13.00,13.00,12.50,12.50,2300,8.7071
2009-07-08,13.80,13.80,12.50,12.50,4900,8.7071
2009-07-07,14.30,14.30,13.75,13.75,1400,9.5779
2009-07-06,15.31,15.31,14.02,14.05,5800,9.7868
2009-07-02,15.36,15.36,15.36,15.36,200,10.6993
2009-07-01,15.31,15.5001,15.31,15.5001,300,10.7969
2009-06-30,15.986,15.986,15.986,15.986,100,11.1354
2009-06-29,15.25,15.998,15.25,15.8999,600,11.0754
2009-06-26,15.40,16.155,15.01,15.2501,2400,10.6228
2009-06-25,15.61,16.00,15.40,15.40,1800,10.7272
2009-06-24,16.00,16.20,16.00,16.1999,1800,10.9252
2009-06-23,15.99,16.50,15.99,16.4924,6100,11.1225
2009-06-22,16.27,16.2999,15.50,15.80,1700,10.6555
2009-06-19,15.76,15.80,15.486,15.486,3700,10.4438
2009-06-18,15.576,15.576,15.15,15.2001,3500,10.251
2009-06-17,16.40,17.215,15.3501,15.5899,5800,10.5138
2009-06-16,17.25,17.50,16.00,16.00,8800,10.7904
2009-06-15,16.9522,17.50,16.50,17.05,5100,11.4985
2009-06-12,14.74,17.00,14.7184,16.95,13000,11.4311
2009-06-11,13.78,13.85,13.75,13.85,1300,9.3404
2009-06-10,13.80,13.90,13.61,13.775,6500,9.2899
2009-06-09,13.3247,13.65,13.20,13.64,4600,9.1988
2009-06-08,12.99,13.2399,12.88,13.21,5100,8.9088
2009-06-05,13.486,13.4999,13.486,13.4999,800,9.1043
2009-06-04,12.74,13.486,12.74,13.486,300,9.095
2009-06-03,13.10,13.25,13.10,13.25,2800,8.9358
2009-06-02,12.566,13.10,12.566,13.10,1500,8.8346
2009-06-01,12.54,13.10,12.51,12.562,1800,8.4718
2009-05-29,12.536,12.94,12.536,12.94,1500,8.7267
2009-05-28,12.51,12.51,12.50,12.50,300,8.43
2009-05-27,12.262,12.50,12.262,12.50,600,8.43
2009-05-26,12.26,13.00,12.26,12.26,3400,8.2682
2009-05-22,12.26,12.26,12.26,12.26,400,8.2682
2009-05-21,12.50,12.51,12.0945,12.2499,2400,8.2613
2009-05-20,12.5001,12.5001,12.50,12.50,400,8.43
2009-05-19,12.964,13.10,12.50,12.5001,2400,8.4301
2009-05-15,12.0575,13.00,12.02,13.00,3100,8.7672
2009-05-14,12.58,12.58,12.02,12.02,2600,8.1063
2009-05-13,13.49,13.65,12.50,13.65,2800,9.2056
2009-05-12,12.7501,13.70,12.50,12.50,2200,8.43
2009-05-11,13.49,13.70,13.49,13.70,2300,9.2393
2009-05-08,13.00,13.50,12.75,12.75,6700,8.5986
2009-05-07,11.8999,12.045,11.8999,12.045,400,8.1232
2009-05-05,11.0601,11.0601,11.05,11.06,7000,7.4589
2009-05-04,10.90,11.50,10.90,11.05,9500,7.4521
2009-05-01,11.00,11.00,10.60,10.845,8600,7.3139
2009-04-30,10.75,10.90,10.75,10.90,2700,7.351
2009-04-29,10.60,11.11,10.136,10.60,15600,7.1486
2009-04-28,10.54,10.91,10.15,10.79,7300,7.2768
2009-04-27,11.04,11.85,11.00,11.20,5500,7.5533
2009-04-24,11.4999,11.4999,11.4999,11.4999,1000,7.7555
2009-04-23,11.00,11.25,10.95,11.25,1700,7.587
2009-04-22,11.45,11.45,10.75,10.75,6100,7.2498
2009-04-21,11.50,11.50,10.54,11.35,1500,7.6544
2009-04-17,11.55,11.55,11.5101,11.5101,1400,7.7624
2009-04-16,12.50,12.50,12.06,12.06,1000,8.1333
2009-04-15,12.50,12.75,12.50,12.75,2500,8.5986
2009-04-14,12.50,12.70,12.03,12.03,1500,8.113
2009-04-13,12.00,12.4999,12.00,12.4999,600,8.4299
2009-04-09,11.556,12.99,11.55,11.602,1600,7.8244
2009-04-08,11.51,13.00,11.51,13.00,2900,8.7672
2009-04-03,13.00,13.00,12.05,12.0599,2800,8.1332
2009-04-01,12.35,12.3501,12.35,12.3501,200,8.3289
2009-03-31,12.00,12.40,11.99,12.35,3700,8.3288
2009-03-27,12.00,12.00,12.00,12.00,700,8.0928
2009-03-26,11.50,11.50,11.4999,11.50,2000,7.7556
2009-03-25,11.00,11.65,11.00,11.65,5000,7.509
2009-03-24,10.645,11.1999,10.645,11.00,1800,7.0901
2009-03-23,11.3825,11.40,10.8801,10.8801,1700,7.0128
2009-03-20,10.90,10.90,10.8999,10.8999,500,7.0256
2009-03-19,10.50,10.9499,10.01,10.8999,3200,7.0256
2009-03-18,10.50,10.51,10.33,10.50,2700,6.7678
2009-03-17,10.50,11.00,10.40,10.50,4800,6.7678
2009-03-16,10.50,10.50,10.50,10.50,100,6.7678
2009-03-13,10.00,10.7601,9.965,10.02,10300,6.4584
2009-03-12,9.95,9.95,9.95,9.95,1000,6.4133
2009-03-11,10.00,10.00,9.9999,9.9999,600,6.4455
2009-03-10,10.10,10.10,9.50,10.00,900,6.4455
2009-03-09,10.75,10.75,10.10,10.10,4200,6.51
2009-03-06,11.24,11.24,11.00,11.099,400,7.1539
2009-03-05,10.35,10.75,10.10,10.35,4900,6.6711
2009-03-04,11.41,11.43,10.50,10.50,1800,6.7678
2009-03-03,11.98,11.98,11.98,11.98,100,7.7217
2009-03-02,10.26,11.459,10.26,11.459,2200,7.3859
2009-02-27,10.20,10.252,10.20,10.252,2700,6.6079
2009-02-26,10.28,10.28,10.23,10.23,200,6.5938
2009-02-25,10.69,11.05,10.15,11.05,2100,7.1223
2009-02-24,11.91,11.91,10.74,10.8501,2300,6.9935
2009-02-23,12.50,12.589,12.10,12.152,2200,7.8326
2009-02-20,12.03,12.50,12.03,12.50,2100,8.0569
2009-02-19,12.00,12.102,12.00,12.102,400,7.8004
2009-02-18,12.70,12.70,12.55,12.55,600,8.0891
2009-02-17,12.80,12.80,12.80,12.80,200,8.2503
2009-02-13,13.25,13.44,12.835,13.44,10100,8.6628
2009-02-12,13.05,13.9999,13.05,13.25,2300,8.5403
2009-02-11,13.55,13.55,13.50,13.50,1600,8.7015
2009-02-10,13.50,13.5001,13.50,13.50,3000,8.7015
2009-02-06,13.5001,13.5001,13.50,13.50,1400,8.7015
2009-02-05,13.51,13.51,13.50,13.50,3800,8.7015
2009-02-04,13.50,13.50,13.50,13.50,500,8.7015
2009-02-03,13.60,13.60,13.50,13.50,14000,8.7015
2009-02-02,13.65,13.65,13.65,13.65,1200,8.7981
2009-01-30,13.51,13.567,13.51,13.567,1800,8.7446
2009-01-29,13.51,13.51,13.51,13.51,700,8.7079
2009-01-28,13.75,13.75,13.75,13.75,500,8.8626
2009-01-27,13.65,13.65,13.51,13.60,3500,8.7659
2009-01-26,13.61,13.90,13.61,13.90,1800,8.9593
2009-01-23,13.60,13.948,13.60,13.948,300,8.9902
2009-01-22,13.70,13.70,13.70,13.70,100,8.8304
2009-01-21,13.03,13.50,13.03,13.50,2900,8.7015
2009-01-20,13.50,13.50,13.00,13.4999,5200,8.7014
2009-01-16,13.82,13.82,13.302,13.50,5200,8.7015
2009-01-15,13.80,13.82,13.80,13.82,200,8.9077
2009-01-14,13.50,13.55,13.30,13.55,10100,8.7337
2009-01-13,13.25,13.49,13.25,13.25,1700,8.5403
2009-01-12,13.25,13.25,13.25,13.25,1200,8.5403
2009-01-09,13.50,13.50,13.50,13.50,2700,8.7015
2009-01-08,13.01,13.465,13.00,13.36,5100,8.6112
2009-01-07,13.47,13.47,13.2499,13.2499,2000,8.5402
2009-01-06,13.25,13.50,12.58,12.58,3100,8.1085
2009-01-05,13.23,13.25,13.214,13.25,3600,8.5403
2009-01-02,12.948,13.00,12.94,13.00,300,8.3792
2008-12-31,12.95,13.20,12.75,12.76,2700,8.2245
2008-12-30,12.11,12.8999,12.10,12.206,3900,7.8674
2008-12-29,12.02,12.02,12.02,12.02,500,7.7475
2008-12-26,12.50,12.605,12.00,12.05,2600,7.7669
2008-12-24,13.55,13.55,12.56,12.56,400,8.0956
2008-12-23,13.2499,13.2499,13.00,13.00,600,8.3792
2008-12-22,13.00,13.00,12.55,13.00,2200,8.3792
2008-12-19,13.00,13.2001,12.75,12.795,2300,8.247
2008-12-18,12.7601,12.7601,12.56,12.75,1800,8.218
2008-12-17,12.73,13.00,12.70,12.76,4600,8.2245
2008-12-15,13.3999,13.3999,12.80,12.80,1200,8.2503
2008-12-12,12.78,12.78,12.52,12.595,1000,8.1181
2008-12-11,12.60,13.00,12.55,13.00,3100,8.3792
2008-12-10,12.61,12.61,12.55,12.55,800,8.0891
2008-12-09,12.83,13.3999,12.52,13.3999,1100,8.6369
2008-12-08,13.3999,13.3999,12.53,12.562,700,8.0969
2008-12-05,13.03,13.45,13.03,13.45,400,8.6692
2008-12-04,12.50,13.5001,12.50,13.50,2300,8.7015
2008-12-03,12.00,12.00,11.60,11.64,1400,7.5026
2008-12-02,12.00,12.16,11.15,12.16,1000,7.8378
2008-12-01,12.30,12.30,10.50,11.15,4100,7.1868
2008-11-26,12.00,13.42,12.00,12.50,2900,8.0569
2008-11-25,12.23,12.23,10.75,10.93,1800,7.045
2008-11-24,9.76,10.853,9.76,10.75,600,6.9289
2008-11-21,9.75,10.511,9.7499,10.511,4000,6.7749
2008-11-20,11.22,11.22,9.77,10.109,2700,6.5158
2008-11-19,12.52,12.638,12.4999,12.50,9600,8.0569
2008-11-18,13.4999,13.4999,13.00,13.015,1200,8.3888
2008-11-17,13.036,13.085,13.00,13.085,2000,8.434
2008-11-14,13.50,13.5188,13.00,13.00,3300,8.3792
2008-11-13,13.50,13.54,13.50,13.51,700,8.7079
2008-11-12,14.22,14.25,14.22,14.25,1200,9.1849
2008-11-11,12.88,13.50,12.88,13.50,700,8.7015
2008-11-10,13.15,13.89,12.58,13.85,4500,8.927
2008-11-07,13.50,13.50,13.50,13.50,1000,8.7015
2008-11-06,13.25,13.25,13.25,13.25,1300,8.5403
2008-11-05,13.25,13.25,13.01,13.06,700,8.4178
2008-11-04,13.50,13.50,13.50,13.50,1200,8.7015
2008-11-03,13.50,13.50,13.50,13.50,1000,8.7015
2008-10-31,13.50,13.50,13.50,13.50,500,8.7015
2008-10-30,13.50,13.50,13.50,13.50,600,8.7015
2008-10-29,13.50,13.9999,13.50,13.9999,500,9.0237
2008-10-28,13.285,13.50,12.50,12.50,4700,8.0569
2008-10-27,12.50,12.50,12.50,12.50,300,8.0569
2008-10-24,13.50,14.13,11.51,14.13,3000,9.1075
2008-10-23,13.50,13.51,12.8001,12.8001,700,8.2503
2008-10-22,14.19,14.20,14.19,14.20,400,9.1526
2008-10-21,14.1999,14.1999,13.01,14.00,1400,9.0237
2008-10-20,13.00,14.25,12.99,14.25,4000,9.1849
2008-10-17,13.01,13.01,13.00,13.00,300,8.3792
2008-10-16,13.50,13.50,13.00,13.50,1600,8.7015
2008-10-15,14.14,14.14,13.9999,13.9999,3400,9.0237
2008-10-14,11.85,14.25,11.51,14.25,6500,9.1849
2008-10-13,11.51,12.1999,11.51,12.1999,1500,7.8635
2008-10-10,11.97,11.97,11.5101,11.5101,3700,7.4189
2008-10-09,13.78,13.78,12.785,12.79,1000,8.2438
2008-10-08,12.25,14.25,12.25,14.25,4000,9.1849
2008-10-07,12.25,12.25,11.75,11.812,1500,7.6134
2008-10-06,13.00,13.00,13.00,13.00,1400,8.3792
2008-10-03,13.00,13.00,13.00,13.00,1200,8.3792
2008-10-02,13.09,14.00,12.89,12.89,9600,8.3083
2008-10-01,12.9999,14.25,12.97,13.5101,7600,8.708
2008-09-30,13.00,13.00,11.00,11.20,4000,7.219
2008-09-29,13.83,13.83,12.03,12.2499,2500,7.8957
2008-09-26,14.49,14.49,14.00,14.00,4700,9.0237
2008-09-25,16.50,16.50,14.658,14.658,500,9.4478
2008-09-24,15.15,15.93,14.01,15.93,1000,10.2677
2008-09-23,16.00,16.00,15.00,15.132,2900,9.7534
2008-09-22,16.01,16.01,16.00,16.00,2900,10.3128
2008-09-19,15.96,17.00,15.03,15.03,2900,9.6876
2008-09-18,11.9999,13.25,11.24,13.25,12900,8.5403
2008-09-17,11.86,12.50,11.86,12.25,4300,7.8958
2008-09-16,13.30,13.50,10.95,11.50,13900,7.4123
2008-09-15,15.57,16.6399,14.30,14.40,4100,9.2815
2008-09-12,16.20,16.20,15.58,15.58,700,10.0421
2008-09-11,16.99,16.99,15.54,16.2001,1700,10.4418
2008-09-10,15.51,16.53,15.50,16.21,18900,10.4482
2008-09-09,16.00,16.00,15.02,15.144,2600,9.7611
2008-09-08,16.7499,17.00,16.00,16.50,17900,10.6351
2008-09-05,16.40,16.40,16.40,16.40,1000,10.5707
2008-09-04,16.00,16.50,16.00,16.50,7100,10.6351
2008-09-03,16.00,16.0001,15.61,16.00,1600,10.3128
2008-09-02,16.27,16.35,15.10,15.17,3500,9.7779
2008-08-29,15.21,15.99,15.03,15.965,8600,10.2903
2008-08-28,16.50,16.50,15.20,16.00,2500,10.3128
2008-08-27,15.17,15.99,15.0001,15.88,2700,10.2355
2008-08-26,15.87,16.40,15.12,15.12,3800,9.7456
2008-08-25,16.40,16.41,16.00,16.148,2700,10.4082
2008-08-22,16.50,16.50,16.30,16.30,1200,10.5062
2008-08-21,16.92,16.92,16.00,16.30,4200,10.5062
2008-08-20,16.00,16.034,16.00,16.034,2000,10.3347
2008-08-19,16.25,16.25,15.80,15.81,2200,10.1904
2008-08-18,16.75,16.95,15.76,16.60,10000,10.6996
2008-08-15,16.7499,16.7499,16.65,16.65,1600,10.7318
2008-08-14,16.00,16.50,15.75,16.50,6500,10.6351
2008-08-13,15.95,15.95,15.70,15.841,5700,10.2103
2008-08-12,15.50,15.896,15.41,15.85,1300,10.2161
2008-08-11,15.0001,15.9081,15.00,15.445,1600,9.9551
2008-08-08,15.465,15.4705,15.4399,15.4399,600,9.9518
2008-08-07,14.93,14.93,14.90,14.90,700,9.6038
2008-08-06,15.93,15.93,14.92,15.00,4300,9.6683
2008-08-04,14.5001,14.552,14.5001,14.552,1000,9.3795
2008-08-01,14.65,15.50,14.50,14.75,12000,9.5071
2008-07-31,15.50,15.50,14.696,14.981,3000,9.656
2008-07-30,15.98,16.00,15.05,15.45,4200,9.9583
2008-07-29,15.32,15.94,14.63,15.45,7200,9.9583
2008-07-28,14.964,15.00,14.964,15.00,1400,9.6683
2008-07-25,15.00,15.464,14.45,14.5001,3700,9.3461
2008-07-24,15.77,16.00,15.00,15.00,25300,9.6683
2008-07-23,14.31,16.66,14.3099,15.75,32700,10.1517
2008-07-22,12.85,13.97,12.50,13.97,4900,9.0044
2008-07-21,11.60,13.30,11.00,12.85,4400,8.2825
2008-07-18,11.00,11.15,10.95,11.10,11800,7.1545
2008-07-17,10.90,11.35,10.90,11.00,8700,7.0901
2008-07-16,10.89,11.14,10.76,10.85,20100,6.9934
2008-07-15,11.052,11.052,10.56,10.8999,17200,7.0256
2008-07-14,12.0001,12.01,11.31,11.382,2700,7.3363
2008-07-11,12.00,12.04,12.00,12.04,3300,7.7604
2008-07-10,12.49,12.49,11.77,12.024,9900,7.7501
2008-07-09,12.00,12.50,11.63,11.80,9600,7.6057
2008-07-08,11.28,11.79,11.28,11.51,9400,7.4188
2008-07-07,12.00,12.39,11.75,11.80,14500,7.6057
2008-07-03,12.04,12.40,12.04,12.25,2600,7.8958
2008-07-02,12.90,13.00,12.01,12.03,9700,7.754
2008-07-01,12.75,13.30,12.61,12.795,10100,8.247
2008-06-30,13.41,13.41,12.60,13.00,1100,8.3792
2008-06-27,13.00,13.05,12.2601,12.60,8700,8.1214
2008-06-26,12.95,13.00,11.82,13.00,2100,8.3792
2008-06-25,13.29,13.29,13.00,13.00,500,8.3792
2008-06-24,12.30,13.4499,11.80,13.0399,4700,8.0725
2008-06-23,13.44,13.44,12.3001,13.00,8100,8.0478
2008-06-20,13.102,13.58,13.05,13.06,10900,8.085
2008-06-19,13.99,14.205,13.30,14.205,15800,8.7938
2008-06-18,15.45,15.45,13.55,13.99,22200,8.6607
2008-06-17,16.00,16.00,15.00,15.445,10000,9.5615
2008-06-16,17.05,17.05,15.50,15.85,25100,9.8122
2008-06-13,16.37,17.1999,16.37,17.14,6000,10.6108
2008-06-12,16.88,17.02,16.75,17.02,1000,10.5365
2008-06-11,17.75,17.75,16.58,16.72,7200,10.3508
2008-06-10,17.18,17.50,17.12,17.35,7000,10.7408
2008-06-09,17.245,17.89,17.04,17.04,1500,10.5489
2008-06-06,17.13,18.455,17.13,17.42,2700,10.7841
2008-06-05,17.99,18.15,17.50,18.08,5400,11.1927
2008-06-04,18.29,18.29,17.11,17.89,2200,11.0751
2008-06-03,17.086,18.65,17.086,18.00,1800,11.1432
2008-06-02,18.24,18.65,17.02,17.223,9100,10.6622
2008-05-30,17.27,18.052,17.00,17.9899,5600,11.1369
2008-05-28,16.99,17.40,16.9687,17.20,3300,10.6479
2008-05-27,17.58,17.60,17.00,17.00,3700,10.5241
2008-05-23,17.7999,17.7999,17.112,17.60,2200,10.8955
2008-05-22,17.8999,17.8999,17.50,17.60,3100,10.8955
2008-05-21,18.35,18.35,17.5101,17.878,6500,11.0676
2008-05-20,18.60,18.60,18.30,18.33,1000,11.3475
2008-05-19,18.60,18.64,18.50,18.60,1700,11.5146
2008-05-16,19.00,19.00,19.00,19.00,500,11.7622
2008-05-15,18.81,18.81,18.55,18.55,400,11.4837
2008-05-14,18.30,18.79,18.30,18.598,3800,11.5134
2008-05-13,19.01,19.01,18.26,18.31,1800,11.3351
2008-05-12,19.51,19.80,19.01,19.01,4900,11.7684
2008-05-09,19.84,19.85,19.84,19.85,500,12.2884
2008-05-08,19.41,19.50,19.40,19.40,700,12.0099
2008-05-07,18.80,19.73,18.74,19.61,6300,12.1399
2008-05-06,17.552,18.7999,17.34,18.7999,7000,11.6384
2008-05-05,18.00,18.00,17.562,17.562,1400,10.872
2008-05-02,17.3944,18.00,17.3944,18.00,6000,11.1432
2008-05-01,16.63,17.80,16.63,17.40,6800,10.7717
2008-04-30,16.59,16.65,16.575,16.65,9100,10.3074
2008-04-29,16.25,16.60,16.25,16.50,4600,10.2146
2008-04-28,16.71,16.71,16.00,16.50,14200,10.2146
2008-04-25,17.30,17.32,16.10,16.50,25500,10.2146
2008-04-24,15.58,17.00,15.58,16.95,8200,10.4932
2008-04-23,17.00,17.25,16.50,16.93,3400,10.4808
2008-04-22,17.05,17.448,16.26,16.70,9300,10.3384
2008-04-21,17.35,17.69,17.25,17.25,1700,10.6789
2008-04-18,17.50,17.69,17.40,17.50,2400,10.8336
2008-04-17,17.70,17.80,17.26,17.50,1700,10.8336
2008-04-16,17.50,17.964,17.50,17.60,3500,10.8955
2008-04-15,17.76,17.935,17.235,17.235,4800,10.6696
2008-04-14,17.10,18.1999,17.05,18.00,2600,11.1432
2008-04-11,17.85,18.415,17.60,18.415,1600,11.4001
2008-04-10,18.40,18.40,17.85,17.85,400,11.0503
2008-04-09,18.70,18.70,17.75,17.75,4100,10.9884
2008-04-08,19.20,19.20,18.71,18.71,300,11.5827
2008-04-07,19.50,19.50,19.21,19.21,1800,11.8922
2008-04-04,19.70,20.47,19.50,20.06,5800,12.4184
2008-04-03,18.79,19.70,18.79,19.70,2400,12.1956
2008-04-01,18.60,18.60,18.5999,18.5999,700,11.2766
2008-03-31,19.00,19.00,18.80,18.80,600,11.3979
2008-03-28,18.70,19.50,18.70,19.31,2000,11.7071
2008-03-27,18.70,19.25,18.70,19.00,2800,11.5192
2008-03-26,18.66,19.25,18.66,18.70,3000,11.3373
2008-03-25,19.24,19.24,18.99,19.21,2300,11.6465
2008-03-24,19.1999,19.1999,18.99,19.10,2200,11.5798
2008-03-20,18.00,18.948,17.74,18.948,1000,11.4876
2008-03-19,18.25,18.345,18.25,18.345,3000,11.122
2008-03-18,18.25,18.25,17.90,17.90,5500,10.8523
2008-03-17,18.85,18.85,17.35,17.35,400,10.5188
2008-03-14,19.3899,19.39,19.00,19.0001,2300,11.5192
2008-03-13,19.28,19.33,19.28,19.33,500,11.7192
2008-03-12,19.40,19.71,19.40,19.71,600,11.9496
2008-03-11,19.96,20.00,19.00,19.00,12600,11.5192
2008-03-10,20.84,20.84,20.00,20.00,15100,12.1254
2008-03-07,20.80,20.82,20.50,20.54,6200,12.4528
2008-03-06,21.00,21.25,20.95,20.95,6500,12.7014
2008-03-05,21.60,21.60,21.25,21.30,6800,12.9136
2008-03-04,21.75,21.75,21.60,21.60,4800,13.0955
2008-03-03,22.06,22.73,21.77,22.00,8100,13.338
2008-02-29,22.39,22.89,22.02,22.05,3300,13.3683
2008-02-28,22.37,22.37,22.37,22.37,000,13.5623
2008-02-27,22.21,23.24,22.18,22.42,7000,13.5926
2008-02-26,23.13,23.13,23.13,23.13,300,14.0231
2008-02-25,23.06,23.06,22.01,22.10,600,13.3986
2008-02-21,23.65,23.65,23.65,23.65,000,14.3383
2008-02-20,23.69,23.70,23.50,23.70,1500,14.3686
2008-02-19,23.48,23.70,23.48,23.50,000,14.2474
2008-02-15,23.10,23.10,23.00,23.00,100,13.9442
2008-02-14,23.64,23.70,23.11,23.11,1300,14.0109
2008-02-13,23.22,23.22,23.10,23.10,100,14.0049
2008-02-12,23.70,23.70,23.00,23.00,700,13.9442
2008-02-11,23.00,23.00,23.00,23.00,800,13.9442
2008-02-08,22.80,23.00,22.80,23.00,700,13.9442
2008-02-07,23.00,23.01,22.98,23.00,1300,13.9442
2008-02-06,22.80,22.86,22.80,22.86,200,13.8594
2008-02-05,22.80,23.00,22.70,22.74,1200,13.7866
2008-02-04,22.70,23.45,22.70,22.84,2800,13.8472
2008-02-01,22.81,23.15,22.81,23.05,4800,13.9746
2008-01-31,22.60,22.80,22.00,22.80,2900,13.823
2008-01-30,22.45,22.60,22.39,22.60,3000,13.7017
2008-01-29,22.21,22.45,22.21,22.45,000,13.6108
2008-01-28,22.50,22.50,21.80,21.99,1800,13.3319
2008-01-25,21.33,22.20,21.33,22.00,2400,13.338
2008-01-24,21.60,21.936,21.31,21.75,1300,13.1864
2008-01-23,22.40,22.40,22.40,22.40,100,13.5805
2008-01-22,21.55,22.00,20.80,21.30,4300,12.9136
2008-01-18,20.95,22.45,20.90,22.45,2000,13.6108
2008-01-17,22.46,22.46,20.93,20.93,1500,12.6893
2008-01-16,20.93,22.39,20.93,21.82,2300,13.2288
2008-01-15,21.22,21.62,20.7801,21.31,4300,12.9196
2008-01-14,21.76,21.76,21.10,21.50,4200,13.0348
2008-01-11,20.83,21.48,20.81,21.00,2600,12.7317
2008-01-10,21.64,21.64,21.64,21.64,000,13.1197
2008-01-09,21.70,21.70,21.70,21.70,300,13.1561
2008-01-08,21.01,21.01,21.01,21.01,500,12.7378
2008-01-07,21.31,21.90,21.31,21.90,700,13.2773
2008-01-04,21.40,22.30,21.40,22.30,2600,13.5198
2008-01-02,21.57,21.98,21.07,21.98,1900,13.3258
2007-12-31,20.92,21.80,20.64,21.60,7700,13.0955
2007-12-28,21.00,21.00,20.6301,20.92,5600,12.6832
2007-12-27,21.51,21.51,21.3001,21.51,200,13.0409
2007-12-26,22.00,22.2699,21.51,21.53,1900,13.053
2007-12-24,22.58,22.95,22.00,22.00,3900,13.0254
2007-12-21,22.25,22.2501,22.25,22.2501,200,13.1734
2007-12-20,22.10,22.10,22.09,22.09,400,13.0786
2007-12-19,22.8399,22.8399,22.50,22.50,1100,13.3214
2007-12-18,22.20,22.20,22.09,22.09,200,13.0786
2007-12-17,22.95,23.00,22.95,23.00,900,13.6174
2007-12-14,22.40,22.40,22.30,22.30,300,13.203
2007-12-13,22.31,22.80,22.30,22.30,2600,13.203
2007-12-12,23.00,23.00,22.30,22.58,5500,13.3688
2007-12-11,22.72,22.72,22.50,22.50,1800,13.3214
2007-12-10,23.00,23.15,23.00,23.00,1400,13.6174
2007-12-07,22.69,23.1877,22.61,23.1877,5300,13.7286
2007-12-06,23.00,23.00,22.78,23.00,1600,13.6174
2007-12-05,22.66,23.7299,22.66,23.41,2300,13.8602
2007-12-04,23.30,23.30,23.00,23.00,1000,13.6174
2007-12-03,23.22,23.53,23.22,23.31,2000,13.801
2007-11-30,22.1999,23.00,22.1999,22.50,4500,13.3214
2007-11-29,21.06,21.60,20.70,21.15,1800,12.5221
2007-11-28,21.10,21.62,21.10,21.50,1700,12.7293
2007-11-27,22.02,22.2199,21.00,21.00,4000,12.4333
2007-11-26,22.50,22.50,21.00,21.00,9300,12.4333
2007-11-23,21.33,21.33,21.00,21.00,500,12.4333
2007-11-21,21.03,21.286,21.03,21.286,800,12.6026
2007-11-20,21.75,21.75,21.00,21.15,500,12.5221
2007-11-19,22.5499,22.5499,21.80,21.80,700,12.9069
2007-11-15,22.55,22.55,21.90,21.90,3500,12.9662
2007-11-14,22.09,22.54,22.06,22.50,2300,13.3214
2007-11-13,22.80,22.90,22.01,22.102,3600,13.0857
2007-11-12,23.50,23.50,23.01,23.10,400,13.6766
2007-11-09,23.50,23.50,23.50,23.50,100,13.9135
2007-11-08,23.94,24.19,23.11,24.19,2300,14.322
2007-11-07,24.00,24.00,24.00,24.00,300,14.2095
2007-11-06,23.99,24.45,23.982,24.16,6800,14.3042
2007-11-05,24.55,24.55,24.55,24.55,700,14.5351
2007-11-02,24.55,24.60,24.25,24.40,8500,14.4463
2007-11-01,24.32,24.544,23.99,24.544,3500,14.5316
2007-10-31,23.60,24.45,23.24,24.114,13700,14.277
2007-10-30,24.40,24.65,23.83,23.83,11000,14.1088
2007-10-29,24.50,24.87,24.45,24.60,1900,14.5647
2007-10-25,24.45,24.45,24.45,24.45,000,14.4759
2007-10-24,24.71,24.71,24.71,24.71,000,14.6298
2007-10-23,24.71,24.71,24.70,24.70,900,14.6239
2007-10-22,24.70,24.70,24.70,24.70,1000,14.6239
2007-10-19,24.88,24.88,24.79,24.79,300,14.6772
2007-10-18,24.89,24.89,24.72,24.72,500,14.6358
2007-10-17,24.89,24.89,24.61,24.71,1500,14.6298
2007-10-16,24.58,24.90,24.58,24.64,2100,14.5884
2007-10-15,24.50,24.94,24.50,24.5101,6300,14.5115
2007-10-12,24.67,24.70,24.67,24.69,800,14.618
2007-10-11,24.64,24.64,24.60,24.60,200,14.5647
2007-10-09,24.35,24.35,24.35,24.35,000,14.4167
2007-10-08,24.75,24.75,24.36,24.36,1000,14.4226
2007-10-05,24.30,24.30,24.30,24.30,1500,14.3871
2007-10-04,24.36,24.36,24.36,24.36,000,14.4226
2007-10-03,24.38,24.75,24.38,24.46,1300,14.4818
2007-10-02,24.45,25.37,24.35,24.35,9700,14.4167
2007-09-28,24.48,24.48,24.26,24.26,1400,14.3634
2007-09-27,24.25,24.28,24.05,24.16,2800,14.3042
2007-09-26,24.4899,24.49,24.47,24.47,500,14.4878
2007-09-25,24.69,24.69,24.60,24.65,1100,14.289
2007-09-24,24.70,24.70,24.70,24.70,100,14.318
2007-09-21,24.6501,25.14,24.6501,25.14,400,14.5731
2007-09-20,24.66,24.66,24.60,24.61,1100,14.2659
2007-09-17,25.15,25.15,25.01,25.01,900,14.4977
2007-09-14,25.01,25.01,25.01,25.01,400,14.4977
2007-09-13,25.00,25.15,24.6001,24.66,3100,14.2948
2007-09-11,24.64,24.89,24.60,24.60,1300,14.2601
2007-09-07,24.89,25.15,24.89,24.99,2300,14.4861
2007-09-06,24.70,24.71,24.60,24.60,2100,14.2601
2007-09-05,24.71,24.90,24.51,24.70,1200,14.318
2007-09-04,24.99,25.00,24.86,24.87,2300,14.4166
2007-08-30,24.8601,24.8601,24.86,24.86,1800,14.4108
2007-08-29,24.86,24.86,24.86,24.86,200,14.4108
2007-08-28,24.86,24.86,24.86,24.86,200,14.4108
2007-08-27,24.88,24.88,24.88,24.88,000,14.4224
2007-08-24,24.89,24.89,24.87,24.88,1900,14.4224
2007-08-23,24.99,24.99,24.85,24.85,700,14.405
2007-08-22,24.95,24.96,24.86,24.86,800,14.4108
2007-08-21,24.935,24.935,24.935,24.935,800,14.4542
2007-08-20,24.75,24.75,24.75,24.75,000,14.347
2007-08-17,24.73,24.75,24.73,24.75,1400,14.347
2007-08-16,24.25,24.68,24.25,24.55,1800,14.2311
2007-08-15,24.536,24.575,24.50,24.55,2700,14.2311
2007-08-14,24.25,24.72,24.22,24.50,2000,14.2021
2007-08-13,24.70,24.70,24.21,24.21,2500,14.034
2007-08-10,24.70,25.073,24.70,25.06,1300,14.5267
2007-08-09,24.90,25.04,24.90,25.006,8200,14.4954
2007-08-08,25.038,25.038,25.00,25.00,500,14.4919
2007-08-07,25.00,25.00,25.00,25.00,1000,14.4919
2007-08-06,25.18,25.18,25.00,25.00,1900,14.4919
2007-08-03,24.968,24.968,24.90,24.90,14600,14.434
2007-08-02,25.35,25.35,25.35,25.35,300,14.6948
2007-08-01,25.05,25.05,24.91,24.91,2000,14.4398
2007-07-31,25.06,25.06,25.06,25.06,200,14.5267
2007-07-30,25.10,25.10,25.06,25.06,600,14.5267
2007-07-27,25.174,25.174,25.174,25.174,000,14.5928
2007-07-26,25.174,25.174,25.174,25.174,000,14.5928
2007-07-25,25.18,25.20,25.174,25.174,1400,14.5928
2007-07-24,25.10,25.10,25.10,25.10,900,14.5499
2007-07-23,25.07,25.07,25.05,25.05,600,14.5209
2007-07-20,25.19,25.19,25.19,25.19,100,14.6021
2007-07-19,25.02,25.02,25.01,25.01,700,14.4977
2007-07-18,25.07,25.08,25.01,25.01,17000,14.4977
2007-07-17,25.11,25.11,25.07,25.07,6200,14.5325
2007-07-16,25.26,25.26,25.11,25.12,6200,14.5615
2007-07-13,25.19,25.19,25.19,25.19,000,14.6021
2007-07-12,25.19,25.19,25.19,25.19,1800,14.6021
2007-07-11,25.40,25.40,25.07,25.07,3200,14.5325
2007-07-10,25.36,25.40,25.36,25.40,1100,14.7238
2007-07-09,25.38,25.40,25.38,25.40,2400,14.7238
2007-07-06,25.10,25.21,25.10,25.21,200,14.6137
2007-07-05,25.49,25.49,25.49,25.49,000,14.776
2007-07-03,25.49,25.49,25.49,25.49,000,14.776
2007-07-02,25.35,25.60,25.27,25.49,5300,14.776
2007-06-29,25.08,25.32,25.07,25.07,7100,14.5325
2007-06-28,25.255,25.255,25.137,25.137,700,14.5713
2007-06-27,25.05,25.34,25.02,25.27,1500,14.6484
2007-06-26,25.64,25.64,25.60,25.62,500,14.5524
2007-06-25,25.63,25.63,25.62,25.62,500,14.5524
2007-06-22,25.49,25.49,25.47,25.47,300,14.4672
2007-06-21,25.63,25.63,25.63,25.63,300,14.5581
2007-06-20,25.62,25.62,25.62,25.62,200,14.5524
2007-06-19,25.44,25.44,25.44,25.44,000,14.4502
2007-06-18,25.46,25.50,25.43,25.44,2800,14.4502
2007-06-15,25.43,25.46,25.43,25.45,1100,14.4559
2007-06-14,25.43,25.43,25.43,25.43,000,14.4445
2007-06-13,25.45,25.45,25.43,25.43,400,14.4445
2007-06-12,25.45,25.45,25.43,25.43,200,14.4445
2007-06-11,25.45,25.63,25.43,25.43,600,14.4445
2007-06-08,25.42,25.42,25.42,25.42,000,14.4388
2007-06-07,25.42,25.42,25.42,25.42,000,14.4388
2007-06-06,25.64,25.64,25.42,25.42,300,14.4388
2007-06-05,25.42,25.42,25.42,25.42,000,14.4388
2007-06-04,25.63,25.63,25.42,25.42,2800,14.4388
2007-06-01,25.598,25.598,25.43,25.43,3100,14.4445
2007-05-31,25.588,25.588,25.588,25.588,000,14.5343
2007-05-30,25.588,25.588,25.588,25.588,000,14.5343
2007-05-29,25.588,25.588,25.588,25.588,000,14.5343
2007-05-25,25.588,25.588,25.588,25.588,200,14.5343
2007-05-24,25.63,25.66,25.60,25.64,2400,14.5638
2007-05-23,25.52,25.52,25.52,25.52,000,14.4956
2007-05-22,25.59,25.74,25.52,25.52,2600,14.4956
2007-05-21,25.58,25.58,25.58,25.58,000,14.5297
2007-05-18,25.39,25.58,25.35,25.58,2900,14.5297
2007-05-17,25.40,25.435,25.39,25.39,1800,14.4218
2007-05-16,25.60,25.60,25.60,25.60,900,14.5411
2007-05-15,25.54,25.54,25.54,25.54,000,14.507
2007-05-14,25.39,25.54,25.39,25.54,1900,14.507
2007-05-11,25.36,25.36,25.36,25.36,000,14.4048
2007-05-10,25.43,25.43,25.35,25.36,900,14.4048
2007-05-09,25.59,25.60,25.59,25.60,800,14.5411
2007-05-08,25.50,25.50,25.36,25.36,900,14.4048
2007-05-07,25.57,25.57,25.57,25.57,000,14.524
2007-05-04,25.41,25.57,25.41,25.57,1100,14.524
2007-05-03,25.47,25.47,25.47,25.47,000,14.4672
2007-05-02,25.47,25.47,25.47,25.47,000,14.4672
2007-05-01,25.47,25.47,25.47,25.47,000,14.4672
2007-04-30,25.47,25.47,25.47,25.47,200,14.4672
2007-04-27,25.41,25.41,25.41,25.41,100,14.4332
2007-04-26,25.46,25.46,25.46,25.46,300,14.4616
2007-04-25,25.45,25.45,25.45,25.45,000,14.4559
2007-04-24,25.47,25.47,25.45,25.45,900,14.4559
2007-04-23,25.48,25.48,25.48,25.48,300,14.4729
2007-04-20,25.48,25.48,25.48,25.48,400,14.4729
2007-04-19,25.45,25.45,25.45,25.45,000,14.4559
2007-04-18,25.45,25.45,25.45,25.45,500,14.4559
2007-04-17,25.45,25.45,25.45,25.45,000,14.4559
2007-04-16,25.45,25.45,25.45,25.45,2200,14.4559
2007-04-13,25.49,25.60,25.44,25.44,400,14.4502
2007-04-12,25.40,25.40,25.36,25.36,1000,14.4048
2007-04-11,25.40,25.40,25.40,25.40,000,14.4275
2007-04-10,25.35,25.50,25.35,25.40,600,14.4275
2007-04-09,25.47,25.47,25.33,25.38,700,14.4161
2007-04-05,25.487,25.487,25.487,25.487,400,14.4769
2007-04-04,25.39,25.39,25.39,25.39,000,14.4218
2007-04-03,25.39,25.39,25.39,25.39,1200,14.4218
2007-04-02,25.29,25.39,25.29,25.39,1900,14.4218
2007-03-30,25.31,25.31,25.26,25.28,8200,14.3593
2007-03-29,25.30,25.30,25.30,25.30,100,14.3707
2007-03-28,25.23,25.30,25.23,25.30,900,14.3707
2007-03-27,25.76,25.76,25.76,25.76,200,14.3391
2007-03-26,25.76,25.76,25.75,25.75,500,14.3335
2007-03-23,25.76,25.76,25.76,25.76,000,14.3391
2007-03-22,25.83,25.83,25.76,25.76,18600,14.3391
2007-03-21,25.80,25.80,25.80,25.80,000,14.3614
2007-03-20,25.80,25.80,25.80,25.80,300,14.3614
2007-03-19,25.98,26.05,25.81,25.81,1700,14.3669
2007-03-16,25.75,25.75,25.75,25.75,000,14.3335
2007-03-15,25.75,25.75,25.75,25.75,000,14.3335
2007-03-14,25.75,25.75,25.75,25.75,000,14.3335
2007-03-13,25.75,25.75,25.75,25.75,200,14.3335
2007-03-12,25.75,25.75,25.75,25.75,000,14.3335
2007-03-09,25.75,25.75,25.75,25.75,400,14.3335
2007-03-08,25.75,25.75,25.75,25.75,000,14.3335
2007-03-07,25.76,25.76,25.75,25.75,1000,14.3335
2007-03-06,25.94,25.95,25.80,25.80,1100,14.3614
2007-03-05,25.65,25.78,25.65,25.78,1500,14.3502
2007-03-02,25.65,25.65,25.65,25.65,000,14.2779
2007-03-01,25.66,25.66,25.65,25.65,500,14.2779
2007-02-28,25.58,25.58,25.58,25.58,900,14.2389
2007-02-27,25.57,25.57,25.57,25.57,100,14.2333
2007-02-26,25.89,25.89,25.89,25.89,000,14.4115
2007-02-23,25.89,25.89,25.89,25.89,000,14.4115
2007-02-22,25.57,25.89,25.57,25.89,1600,14.4115
2007-02-21,25.58,25.58,25.58,25.58,100,14.2389
2007-02-20,25.73,25.75,25.57,25.57,1600,14.2333
2007-02-16,25.52,25.79,25.52,25.79,1300,14.3558
2007-02-15,25.736,25.736,25.736,25.736,300,14.3257
2007-02-14,25.51,25.51,25.51,25.51,000,14.1999
2007-02-13,25.51,25.51,25.51,25.51,000,14.1999
2007-02-12,25.56,25.56,25.51,25.51,200,14.1999
2007-02-09,25.56,25.95,25.52,25.95,1600,14.4449
2007-02-08,25.62,25.62,25.62,25.62,100,14.2612
2007-02-07,25.56,25.56,25.53,25.53,300,14.2111
2007-02-06,25.51,25.51,25.51,25.51,100,14.1999
2007-02-05,25.588,25.588,25.588,25.588,400,14.2434
2007-02-02,25.90,25.90,25.90,25.90,000,14.417
2007-02-01,25.90,25.90,25.90,25.90,600,14.417
2007-01-31,25.65,25.98,25.612,25.90,7200,14.417
2007-01-30,25.51,25.51,25.50,25.50,1200,14.1944
2007-01-29,25.49,25.75,25.49,25.75,1300,14.3335
2007-01-26,25.56,25.56,25.20,25.30,25900,14.083
2007-01-25,25.73,25.73,25.73,25.73,000,14.3224
2007-01-24,25.58,25.73,25.56,25.73,1000,14.3224
2007-01-23,25.544,25.544,25.544,25.544,000,14.2189
2007-01-22,25.544,25.544,25.544,25.544,000,14.2189
2007-01-19,25.544,25.544,25.544,25.544,000,14.2189
2007-01-18,25.90,25.90,25.52,25.544,1000,14.2189
2007-01-17,25.60,26.15,25.60,26.15,3500,14.5562
2007-01-16,25.60,25.68,25.44,25.44,2400,14.161
2007-01-12,25.43,25.43,25.43,25.43,400,14.1554
2007-01-11,25.44,26.00,25.44,25.64,2200,14.2723
2007-01-10,25.65,25.65,25.65,25.65,000,14.2779
2007-01-09,25.58,25.65,25.57,25.65,2200,14.2779
2007-01-08,25.453,25.453,25.44,25.44,2000,14.161
2007-01-05,25.42,25.50,25.41,25.50,1200,14.1944
2007-01-04,25.50,25.50,25.50,25.50,900,14.1944
2007-01-03,25.58,25.58,25.58,25.58,200,14.2389
2006-12-29,25.40,25.40,25.40,25.40,4100,14.1387
2006-12-28,25.31,25.353,25.31,25.353,200,14.1125
2006-12-27,25.77,25.77,25.35,25.35,1300,14.1109
2006-12-26,25.27,25.79,25.27,25.50,1200,14.1944
2006-12-22,25.88,25.88,25.87,25.87,400,14.1133
2006-12-21,26.084,26.12,26.084,26.12,700,14.2497
2006-12-20,26.14,26.14,26.14,26.14,000,14.2606
2006-12-19,26.14,26.14,26.14,26.14,000,14.2606
2006-12-18,26.14,26.14,26.14,26.14,000,14.2606
2006-12-15,26.14,26.14,26.14,26.14,200,14.2606
2006-12-14,25.86,25.86,25.86,25.86,200,14.1079
2006-12-13,26.14,26.15,26.01,26.01,800,14.1897
2006-12-12,25.75,25.82,25.75,25.81,900,14.0806
2006-12-11,25.75,25.77,25.75,25.77,1100,14.0588
2006-12-08,26.15,26.15,26.15,26.15,000,14.2661
2006-12-07,26.24,26.24,26.099,26.15,800,14.2661
2006-12-06,25.79,25.79,25.766,25.766,600,14.0566
2006-12-05,25.70,25.70,25.68,25.68,1800,14.0097
2006-12-04,25.783,25.783,25.783,25.783,000,14.0659
2006-12-01,25.74,25.81,25.65,25.783,2300,14.0659
2006-11-30,25.74,25.80,25.74,25.80,800,14.0751
2006-11-29,25.714,25.714,25.714,25.714,600,14.0282
2006-11-28,25.661,25.661,25.661,25.661,100,13.9993
2006-11-27,25.62,25.62,25.62,25.62,000,13.9769
2006-11-24,25.62,25.62,25.62,25.62,000,13.9769
2006-11-22,25.62,25.62,25.62,25.62,000,13.9769
2006-11-21,25.77,25.77,25.62,25.62,6100,13.9769
2006-11-20,25.79,25.79,25.77,25.77,800,14.0588
2006-11-17,25.80,25.833,25.80,25.833,1000,14.0931
2006-11-16,25.78,25.78,25.76,25.76,900,14.0533
2006-11-15,25.95,25.95,25.95,25.95,300,14.157
2006-11-14,25.95,25.95,25.95,25.95,200,14.157
2006-11-13,25.98,25.98,25.98,25.98,000,14.1733
2006-11-10,25.98,25.98,25.98,25.98,000,14.1733
2006-11-09,25.98,25.98,25.98,25.98,000,14.1733
2006-11-08,25.98,25.98,25.98,25.98,000,14.1733
2006-11-07,25.979,25.98,25.979,25.98,1100,14.1733
2006-11-06,25.95,25.95,25.95,25.95,000,14.157
2006-11-03,25.95,25.95,25.95,25.95,300,14.157
2006-11-02,25.80,25.80,25.80,25.80,000,14.0751
2006-11-01,25.90,25.90,25.71,25.80,2100,14.0751
2006-10-31,25.71,25.71,25.70,25.70,1000,14.0206
2006-10-30,25.89,26.015,25.89,26.015,700,14.1924
2006-10-27,25.643,25.79,25.643,25.79,300,14.0697
2006-10-26,25.64,25.64,25.62,25.62,200,13.9769
2006-10-25,25.85,25.85,25.85,25.85,000,14.1024
2006-10-24,25.85,25.85,25.85,25.85,000,14.1024
2006-10-23,25.85,25.85,25.85,25.85,1300,14.1024
2006-10-20,25.78,25.80,25.78,25.80,1700,14.0751
2006-10-19,25.60,25.60,25.60,25.60,400,13.966
2006-10-18,25.60,25.60,25.60,25.60,300,13.966
2006-10-17,25.601,25.601,25.60,25.60,1000,13.966
2006-10-16,25.60,25.60,25.60,25.60,000,13.966
2006-10-13,25.60,25.60,25.60,25.60,500,13.966
2006-10-12,25.643,25.643,25.643,25.643,300,13.9895
2006-10-11,25.65,25.65,25.46,25.50,1300,13.9115
2006-10-10,25.51,25.51,25.51,25.51,400,13.9169
2006-10-09,25.85,25.85,25.85,25.85,200,14.1024
2006-10-06,25.89,25.89,25.89,25.89,000,14.1242
2006-10-05,25.89,25.89,25.89,25.89,300,14.1242
2006-10-04,25.60,25.60,25.60,25.60,100,13.966
2006-10-03,25.75,25.75,25.75,25.75,200,14.0479
2006-10-02,25.413,25.413,25.413,25.413,300,13.864
2006-09-29,25.40,25.54,25.40,25.54,4900,13.9333
2006-09-28,25.40,25.40,25.40,25.40,200,13.8569
2006-09-27,25.75,25.75,25.75,25.75,000,14.0479
2006-09-26,25.761,25.761,25.75,25.75,800,13.7666
2006-09-25,25.85,25.85,25.85,25.85,100,13.82
2006-09-22,25.967,25.967,25.967,25.967,000,13.8826
2006-09-21,25.967,25.967,25.967,25.967,000,13.8826
2006-09-20,25.967,25.967,25.967,25.967,000,13.8826
2006-09-19,25.85,25.967,25.51,25.967,4000,13.8826
2006-09-18,26.29,26.29,26.29,26.29,100,14.0553
2006-09-15,25.95,25.95,25.95,25.95,000,13.8735
2006-09-14,25.95,25.95,25.95,25.95,700,13.8735
2006-09-13,25.90,26.00,25.82,25.82,2100,13.804
2006-09-12,25.82,25.82,25.82,25.82,000,13.804
2006-09-11,25.82,25.82,25.82,25.82,000,13.804
2006-09-08,25.82,25.82,25.82,25.82,100,13.804
2006-09-07,25.81,25.81,25.81,25.81,400,13.7987
2006-09-06,25.80,25.80,25.80,25.80,000,13.7933
2006-09-05,25.80,25.80,25.80,25.80,000,13.7933
2006-09-01,25.80,25.811,25.80,25.80,20200,13.7933
2006-08-31,25.72,25.72,25.72,25.72,20000,13.7505
2006-08-30,26.28,26.28,26.28,26.28,1600,14.0499
2006-08-29,25.71,25.71,25.71,25.71,500,13.7452
2006-08-28,25.75,25.75,25.75,25.75,000,13.7666
2006-08-25,25.75,25.75,25.75,25.75,000,13.7666
2006-08-24,25.75,25.75,25.75,25.75,100,13.7666
2006-08-23,25.75,25.75,25.75,25.75,700,13.7666
2006-08-22,25.75,25.75,25.68,25.68,1200,13.7292
2006-08-21,25.68,25.68,25.68,25.68,300,13.7292
2006-08-18,25.681,25.681,25.68,25.68,400,13.7292
2006-08-17,25.765,25.765,25.765,25.765,400,13.7746
2006-08-16,25.99,25.99,25.99,25.99,400,13.8949
2006-08-15,25.90,25.90,25.90,25.90,000,13.8468
2006-08-14,25.90,25.90,25.90,25.90,400,13.8468
2006-08-11,25.785,25.785,25.785,25.785,000,13.7853
2006-08-10,25.785,25.785,25.785,25.785,000,13.7853
2006-08-09,25.785,25.785,25.785,25.785,100,13.7853
2006-08-08,25.794,25.80,25.77,25.79,1500,13.788
2006-08-07,25.70,25.70,25.70,25.70,1400,13.7398
2006-08-04,25.70,25.70,25.70,25.70,200,13.7398
2006-08-03,25.71,25.71,25.71,25.71,100,13.7452
2006-08-02,25.71,25.71,25.71,25.71,200,13.7452
2006-08-01,25.82,25.82,25.82,25.82,100,13.804
2006-07-31,25.84,25.84,25.84,25.84,000,13.8147
2006-07-28,25.84,25.84,25.84,25.84,000,13.8147
2006-07-27,25.84,25.84,25.84,25.84,000,13.8147
2006-07-26,25.84,25.84,25.84,25.84,000,13.8147
2006-07-25,25.84,25.84,25.84,25.84,000,13.8147
2006-07-24,25.84,25.84,25.84,25.84,000,13.8147
2006-07-21,25.84,25.84,25.84,25.84,000,13.8147
2006-07-20,25.79,25.84,25.79,25.84,800,13.8147
2006-07-19,25.95,25.95,25.85,25.85,200,13.82
2006-07-18,26.258,26.258,26.258,26.258,500,14.0382
2006-07-17,25.61,25.61,25.61,25.61,600,13.6917
2006-07-14,25.80,25.89,25.80,25.89,800,13.8414
2006-07-13,25.61,25.61,25.51,25.51,800,13.6383
2006-07-12,25.61,25.61,25.61,25.61,000,13.6917
2006-07-11,25.61,25.61,25.61,25.61,100,13.6917
2006-07-10,25.85,25.85,25.84,25.84,500,13.8147
2006-07-07,26.00,26.00,25.50,25.54,900,13.6543
2006-07-06,25.609,26.00,25.609,26.00,1100,13.9002
2006-07-05,25.936,25.936,25.936,25.936,000,13.866
2006-07-03,25.95,25.95,25.936,25.936,600,13.866
2006-06-30,25.46,25.46,25.46,25.46,100,13.6115
2006-06-29,25.46,25.46,25.46,25.46,200,13.6115
2006-06-28,25.946,25.946,25.946,25.946,1000,13.8714
2006-06-27,25.958,25.958,25.46,25.46,1800,13.6115
2006-06-26,25.95,25.95,25.95,25.95,000,13.5978
2006-06-23,25.95,25.95,25.95,25.95,000,13.5978
2006-06-22,25.95,25.95,25.95,25.95,000,13.5978
2006-06-21,25.95,25.95,25.95,25.95,000,13.5978
2006-06-20,25.95,25.95,25.95,25.95,000,13.5978
2006-06-19,25.95,25.95,25.95,25.95,000,13.5978
2006-06-16,25.95,25.95,25.95,25.95,1000,13.5978
2006-06-15,25.79,26.15,25.70,26.15,2300,13.7026
2006-06-14,25.80,25.80,25.70,25.70,2500,13.4668
2006-06-13,25.85,25.85,25.66,25.66,1100,13.4459
2006-06-12,25.80,25.80,25.80,25.80,1900,13.5192
2006-06-09,25.49,25.49,25.49,25.49,400,13.3568
2006-06-08,25.85,25.95,25.56,25.56,70300,13.3935
2006-06-07,25.56,25.56,25.56,25.56,200,13.3935
2006-06-06,25.66,25.66,25.66,25.66,100,13.4459
2006-06-05,26.14,26.14,26.14,26.14,000,13.6974
2006-06-02,26.14,26.14,26.14,26.14,000,13.6974
2006-06-01,26.14,26.14,26.14,26.14,1000,13.6974
2006-05-31,25.88,25.88,25.88,25.88,000,13.5612
2006-05-30,25.88,25.88,25.88,25.88,000,13.5612
2006-05-26,25.88,25.88,25.88,25.88,000,13.5612
2006-05-25,25.59,25.88,25.50,25.88,700,13.5612
2006-05-24,25.75,25.75,25.75,25.75,000,13.493
2006-05-23,25.60,25.75,25.59,25.75,1000,13.493
2006-05-22,25.40,25.50,25.40,25.50,1700,13.362
2006-05-19,25.38,25.38,25.38,25.38,000,13.2992
2006-05-18,25.50,25.50,25.38,25.38,1900,13.2992
2006-05-17,25.50,25.50,25.50,25.50,100,13.362
2006-05-16,25.467,25.467,25.42,25.42,600,13.3201
2006-05-15,25.40,25.52,25.39,25.40,4700,13.3096
2006-05-12,25.39,25.50,25.39,25.50,2400,13.362
2006-05-11,25.51,25.51,25.50,25.50,1000,13.362
2006-05-10,25.60,25.60,25.50,25.50,800,13.362
2006-05-09,25.39,25.39,25.39,25.39,000,13.3044
2006-05-08,25.60,25.60,25.39,25.39,1000,13.3044
2006-05-05,25.61,25.61,25.61,25.61,000,13.4197
2006-05-04,25.61,25.61,25.61,25.61,200,13.4197
2006-05-03,25.60,25.60,25.60,25.60,000,13.4144
2006-05-02,25.60,25.60,25.60,25.60,500,13.4144
2006-05-01,26.12,26.14,25.42,25.42,600,13.3201
2006-04-28,25.514,25.514,25.514,25.514,000,13.3694
2006-04-27,25.68,25.68,25.40,25.514,2600,13.3694
2006-04-26,25.851,25.851,25.85,25.85,800,13.5454
2006-04-25,25.85,25.85,25.85,25.85,000,13.5454
2006-04-24,25.85,25.85,25.85,25.85,000,13.5454
2006-04-21,25.85,25.85,25.85,25.85,000,13.5454
2006-04-20,25.85,25.85,25.85,25.85,500,13.5454
2006-04-19,25.67,25.67,25.67,25.67,000,13.4511
2006-04-18,25.67,25.67,25.67,25.67,100,13.4511
2006-04-17,25.73,25.73,25.73,25.73,1100,13.4826
2006-04-13,26.00,26.00,26.00,26.00,1200,13.624
2006-04-12,25.75,25.75,25.73,25.73,1900,13.4826
2006-04-11,25.73,25.73,25.73,25.73,700,13.4826
2006-04-10,25.73,25.73,25.73,25.73,200,13.4826
2006-04-07,25.80,25.80,25.80,25.80,000,13.5192
2006-04-06,25.80,25.80,25.80,25.80,500,13.5192
2006-04-05,25.852,25.852,25.852,25.852,000,13.5465
2006-04-04,25.852,25.852,25.852,25.852,000,13.5465
2006-04-03,26.18,26.18,25.852,25.852,600,13.5465
2006-03-31,26.17,26.18,26.17,26.18,1700,13.7184
2006-03-30,26.20,26.20,26.20,26.20,000,13.7289
2006-03-29,26.20,26.20,26.20,26.20,500,13.7289
2006-03-28,26.24,26.24,25.73,25.807,1200,13.5229
2006-03-27,26.25,26.25,26.25,26.25,3900,13.4849
2006-03-24,26.50,26.50,26.50,26.50,000,13.6133
2006-03-23,26.25,26.50,26.25,26.50,2100,13.6133
2006-03-22,26.256,26.256,26.20,26.20,1000,13.4592
2006-03-21,26.01,26.036,26.00,26.00,1200,13.3564
2006-03-20,26.25,26.25,26.25,26.25,000,13.4849
2006-03-17,26.25,26.25,26.25,26.25,000,13.4849
2006-03-16,26.003,26.25,26.003,26.25,4000,13.4849
2006-03-15,26.00,26.00,26.00,26.00,000,13.3564
2006-03-14,26.05,26.05,26.00,26.00,300,13.3564
2006-03-13,26.05,26.05,26.00,26.05,2500,13.3821
2006-03-10,25.91,26.00,25.91,26.00,700,13.3564
2006-03-09,26.15,26.15,26.05,26.05,600,13.3821
2006-03-08,25.91,25.91,25.91,25.91,000,13.3102
2006-03-07,25.91,25.91,25.91,25.91,000,13.3102
2006-03-06,26.01,26.01,25.91,25.91,800,13.3102
2006-03-03,26.25,26.40,26.25,26.40,200,13.5619
2006-03-02,26.15,26.15,26.15,26.15,000,13.4335
2006-03-01,26.24,26.25,26.15,26.15,1200,13.4335
2006-02-28,26.20,26.20,26.20,26.20,500,13.4592
2006-02-27,26.19,26.20,26.19,26.20,2100,13.4592
2006-02-24,26.24,26.24,26.01,26.24,2500,13.4797
2006-02-23,26.24,26.24,26.24,26.24,000,13.4797
2006-02-22,26.24,26.24,26.24,26.24,400,13.4797
2006-02-21,26.00,26.24,25.91,26.24,2800,13.4797
2006-02-17,26.00,26.00,26.00,26.00,000,13.3564
2006-02-16,26.00,26.00,26.00,26.00,100,13.3564
2006-02-15,25.91,25.91,25.91,25.91,000,13.3102
2006-02-14,26.05,26.05,25.91,25.91,800,13.3102
2006-02-13,26.029,26.029,26.029,26.029,000,13.3713
2006-02-10,26.029,26.029,26.029,26.029,000,13.3713
2006-02-09,26.029,26.029,26.029,26.029,000,13.3713
2006-02-08,26.029,26.029,26.029,26.029,100,13.3713
2006-02-07,26.15,26.15,25.90,25.90,600,13.3051
2006-02-06,26.05,26.05,25.85,26.05,1700,13.3821
2006-02-03,26.174,26.174,26.174,26.174,000,13.4458
2006-02-02,26.24,26.24,26.174,26.174,500,13.4458
2006-02-01,26.00,26.00,25.966,25.966,1100,13.339
2006-01-31,26.15,26.15,26.14,26.15,1300,13.4335
2006-01-30,26.03,26.03,26.01,26.01,200,13.3616
2006-01-27,26.01,26.01,26.01,26.01,400,13.3616
2006-01-26,26.15,26.15,26.15,26.15,500,13.4335
2006-01-25,26.11,26.11,26.11,26.11,100,13.413
2006-01-24,26.11,26.11,26.11,26.11,2300,13.413
2006-01-23,26.11,26.11,26.11,26.11,000,13.413
2006-01-20,26.15,26.20,26.11,26.11,1400,13.413
2006-01-19,26.15,26.15,26.15,26.15,200,13.4335
2006-01-18,26.30,26.30,26.30,26.30,300,13.5106
2006-01-17,26.30,26.30,26.30,26.30,100,13.5106
2006-01-13,26.10,26.10,26.10,26.10,400,13.4078
2006-01-12,26.01,26.01,26.01,26.01,000,13.3616
2006-01-11,26.05,26.05,26.01,26.01,600,13.3616
2006-01-10,26.10,26.10,26.10,26.10,400,13.4078
2006-01-09,26.30,26.30,26.30,26.30,300,13.5106
2006-01-06,26.10,26.10,26.10,26.10,000,13.4078
2006-01-05,26.10,26.10,26.10,26.10,2200,13.4078
2006-01-04,26.25,26.25,26.25,26.25,500,13.4849
2006-01-03,26.00,26.29,26.00,26.29,600,13.5054
2005-12-30,25.90,26.33,25.90,26.33,400,13.526
2005-12-29,25.75,26.09,25.75,25.90,1400,13.3051
2005-12-28,25.98,25.98,25.98,25.98,000,13.3462
2005-12-27,25.98,25.98,25.98,25.98,1000,13.3462
2005-12-23,26.45,26.45,26.45,26.45,000,13.3227
2005-12-22,26.45,26.45,26.45,26.45,000,13.3227
2005-12-21,26.45,26.45,26.45,26.45,500,13.3227
2005-12-20,26.45,26.45,26.45,26.45,400,13.3227
2005-12-19,26.28,26.45,26.25,26.45,1200,13.3227
2005-12-16,26.01,26.01,26.01,26.01,000,13.1011
2005-12-15,26.061,26.061,26.00,26.01,1000,13.1011
2005-12-14,26.20,26.20,26.20,26.20,1000,13.1968
2005-12-13,26.01,26.01,26.01,26.01,000,13.1011
2005-12-12,26.35,26.35,26.01,26.01,2300,13.1011
2005-12-09,26.35,26.35,26.35,26.35,500,13.2724
2005-12-08,26.70,26.74,26.35,26.35,1800,13.2724
2005-12-07,26.55,26.65,26.35,26.35,1200,13.2724
2005-12-06,26.45,26.45,26.35,26.45,1700,13.3227
2005-12-05,26.20,26.20,26.20,26.20,000,13.1968
2005-12-02,26.20,26.20,26.20,26.20,100,13.1968
2005-12-01,26.15,26.15,26.11,26.12,4100,13.1565
2005-11-30,26.05,26.05,26.05,26.05,000,13.1213
2005-11-29,26.00,26.50,26.00,26.05,900,13.1213
2005-11-28,26.49,26.49,26.05,26.05,1700,13.1213
2005-11-25,26.49,26.49,26.49,26.49,1000,13.3429
2005-11-23,26.50,26.50,26.49,26.49,1900,13.3429
2005-11-22,26.49,26.49,26.49,26.49,000,13.3429
2005-11-21,26.49,26.49,26.49,26.49,300,13.3429
2005-11-18,26.50,26.50,26.50,26.50,000,13.3479
2005-11-17,26.499,26.50,26.499,26.50,200,13.3479
2005-11-16,26.25,26.25,26.25,26.25,600,13.222
2005-11-15,26.05,26.05,26.05,26.05,200,13.1213
2005-11-14,26.20,26.20,26.20,26.20,200,13.1968
2005-11-11,26.20,26.20,26.20,26.20,000,13.1968
2005-11-10,26.00,26.20,26.00,26.20,2400,13.1968
2005-11-09,25.85,26.20,25.85,26.20,600,13.1968
2005-11-08,25.75,25.75,25.75,25.75,100,12.9702
2005-11-07,26.00,26.00,26.00,26.00,100,13.0961
2005-11-04,26.20,26.20,26.00,26.00,600,13.0961
2005-11-03,26.10,26.10,25.91,25.91,4900,13.0508
2005-11-02,26.00,26.00,26.00,26.00,000,13.0961
2005-11-01,26.00,26.00,26.00,26.00,600,13.0961
2005-10-31,26.00,26.00,25.91,26.00,700,13.0961
2005-10-28,26.80,26.80,26.80,26.80,000,13.499
2005-10-27,26.80,26.80,26.80,26.80,500,13.499
2005-10-26,26.27,26.27,26.27,26.27,100,13.2321
2005-10-25,26.80,26.80,26.80,26.80,2900,13.499
2005-10-24,26.45,26.45,26.45,26.45,000,13.3227
2005-10-21,26.45,26.45,26.45,26.45,000,13.3227
2005-10-20,26.45,26.45,26.45,26.45,000,13.3227
2005-10-19,26.05,26.45,25.82,26.45,2700,13.3227
2005-10-18,26.45,26.45,26.45,26.45,200,13.3227
2005-10-17,26.45,26.45,26.45,26.45,200,13.3227
2005-10-14,26.50,26.50,26.50,26.50,000,13.3479
2005-10-13,26.50,26.50,26.50,26.50,000,13.3479
2005-10-12,26.50,26.50,26.50,26.50,000,13.3479
2005-10-11,26.75,26.75,26.50,26.50,400,13.3479
2005-10-10,26.75,26.80,26.75,26.75,1800,13.4739
2005-10-07,26.70,26.70,26.70,26.70,600,13.4487
2005-10-06,26.55,26.55,26.55,26.55,000,13.3731
2005-10-05,26.55,26.55,26.50,26.55,4300,13.3731
2005-10-04,26.52,26.52,26.52,26.52,000,13.358
2005-10-03,26.52,26.52,26.52,26.52,600,13.358
2005-09-30,26.62,26.62,26.62,26.62,1900,13.4084
2005-09-29,26.46,26.46,26.46,26.46,300,13.3278
2005-09-28,26.45,26.45,26.45,26.45,3000,13.3227
2005-09-27,26.90,26.90,26.70,26.90,3100,13.5494
2005-09-26,26.82,26.82,26.82,26.82,000,13.2494
2005-09-23,26.82,26.82,26.82,26.82,000,13.2494
2005-09-22,26.83,26.83,26.82,26.82,700,13.2494
2005-09-21,26.81,26.81,26.81,26.81,000,13.2445
2005-09-20,26.81,26.81,26.81,26.81,500,13.2445
2005-09-19,26.90,26.90,26.90,26.90,000,13.2889
2005-09-16,26.90,26.90,26.90,26.90,500,13.2889
2005-09-15,27.04,27.04,26.91,26.91,400,13.2939
2005-09-14,27.04,27.04,27.04,27.04,000,13.3581
2005-09-13,27.05,27.05,27.00,27.04,2700,13.3581
2005-09-12,27.35,27.35,27.35,27.35,000,13.5112
2005-09-09,27.35,27.35,27.35,27.35,000,13.5112
2005-09-08,27.35,27.35,27.35,27.35,000,13.5112
2005-09-07,27.35,27.35,27.35,27.35,000,13.5112
2005-09-06,27.35,27.35,27.35,27.35,100,13.5112
2005-09-02,27.25,27.25,27.25,27.25,900,13.4618
2005-09-01,27.35,27.35,27.35,27.35,100,13.5112
2005-08-31,27.05,27.05,27.04,27.04,900,13.3581
2005-08-30,27.02,27.02,27.02,27.02,000,13.3482
2005-08-29,27.02,27.02,27.02,27.02,100,13.3482
2005-08-26,27.01,27.01,27.01,27.01,000,13.3433
2005-08-25,27.01,27.01,27.01,27.01,000,13.3433
2005-08-24,27.00,27.01,27.00,27.01,400,13.3433
2005-08-23,27.01,27.01,27.01,27.01,100,13.3433
2005-08-22,27.01,27.01,27.01,27.01,000,13.3433
2005-08-19,27.01,27.01,27.01,27.01,000,13.3433
2005-08-18,27.01,27.01,27.01,27.01,000,13.3433
2005-08-17,27.01,27.01,27.01,27.01,200,13.3433
2005-08-16,27.25,27.25,27.25,27.25,000,13.4618
2005-08-15,27.25,27.25,27.25,27.25,100,13.4618
2005-08-12,27.20,27.20,27.20,27.20,000,13.4371
2005-08-11,27.20,27.20,27.20,27.20,1000,13.4371
2005-08-10,26.85,26.85,26.85,26.85,000,13.2642
2005-08-09,26.85,26.85,26.85,26.85,000,13.2642
2005-08-08,26.96,26.96,26.85,26.85,700,13.2642
2005-08-05,27.25,27.25,27.25,27.25,000,13.4618
2005-08-04,27.25,27.25,27.25,27.25,100,13.4618
2005-08-03,26.96,26.96,26.96,26.96,500,13.3186
2005-08-02,26.96,26.96,26.95,26.95,200,13.3136
2005-08-01,27.01,27.01,27.01,27.01,000,13.3433
2005-07-29,27.01,27.01,27.01,27.01,300,13.3433
2005-07-28,27.35,27.35,27.35,27.35,200,13.5112
2005-07-27,27.269,27.269,27.269,27.269,000,13.4712
2005-07-26,27.269,27.269,27.269,27.269,000,13.4712
2005-07-25,27.269,27.269,27.269,27.269,000,13.4712
2005-07-22,27.269,27.269,27.269,27.269,100,13.4712
2005-07-21,27.01,27.01,27.01,27.01,000,13.3433
2005-07-20,27.01,27.01,27.01,27.01,100,13.3433
2005-07-19,28.16,28.16,28.16,28.16,000,13.9114
2005-07-18,27.68,28.16,27.68,28.16,1500,13.9114
2005-07-15,27.01,27.35,27.01,27.35,300,13.5112
2005-07-14,27.34,27.35,27.34,27.35,200,13.5112
2005-07-13,27.22,27.35,27.00,27.35,2300,13.5112
2005-07-12,27.22,27.22,27.22,27.22,200,13.447
2005-07-11,27.00,27.00,27.00,27.00,600,13.3383
2005-07-08,27.15,27.15,27.15,27.15,1600,13.4124
2005-07-07,27.15,27.15,27.15,27.15,000,13.4124
2005-07-06,27.15,27.15,27.15,27.15,700,13.4124
2005-07-05,27.22,27.22,27.031,27.031,800,13.3536
2005-07-01,27.22,27.22,27.22,27.22,600,13.447
2005-06-30,27.15,27.15,27.15,27.15,400,13.4124
2005-06-29,27.15,27.15,27.15,27.15,1400,13.4124
2005-06-28,27.15,27.15,27.15,27.15,100,13.4124
2005-06-27,26.85,27.15,26.85,27.15,3500,13.4124
2005-06-24,27.30,27.60,27.30,27.60,400,13.38
2005-06-23,27.10,27.10,27.10,27.10,000,13.1376
2005-06-22,27.10,27.10,27.10,27.10,500,13.1376
2005-06-21,27.10,27.10,27.10,27.10,1100,13.1376
2005-06-20,27.10,27.10,27.10,27.10,800,13.1376
2005-06-17,27.10,27.10,27.10,27.10,800,13.1376
2005-06-16,27.00,27.10,27.00,27.10,4400,13.1376
2005-06-15,27.01,27.10,27.00,27.10,2400,13.1376
2005-06-14,27.02,27.02,27.02,27.02,200,13.0989
2005-06-13,27.05,27.05,27.01,27.01,1600,13.094
2005-06-10,27.05,27.05,27.05,27.05,100,13.1134
2005-06-09,27.04,27.04,27.04,27.04,000,13.1085
2005-06-08,27.04,27.04,27.04,27.04,000,13.1085
2005-06-07,27.04,27.04,27.04,27.04,000,13.1085
2005-06-06,27.20,27.20,27.04,27.04,1000,13.1085
2005-06-03,27.19,27.19,27.19,27.19,000,13.1813
2005-06-02,27.20,27.20,27.19,27.19,2900,13.1813
2005-06-01,27.00,27.00,27.00,27.00,2000,13.0892
2005-05-31,27.39,27.39,27.39,27.39,000,13.2782
2005-05-27,27.00,27.39,26.92,27.39,5600,13.2782
2005-05-26,26.92,26.92,26.92,26.92,700,13.0504
2005-05-25,27.50,27.50,27.50,27.50,000,13.3315
2005-05-24,27.00,27.50,27.00,27.50,2100,13.3315
2005-05-23,27.00,27.00,27.00,27.00,300,13.0892
2005-05-20,27.20,27.20,27.19,27.19,700,13.1813
2005-05-19,26.85,27.00,26.84,27.00,1200,13.0892
2005-05-18,27.19,27.20,27.19,27.20,400,13.1861
2005-05-17,26.90,26.90,26.90,26.90,000,13.0407
2005-05-16,28.25,28.25,26.90,26.90,30100,13.0407
2005-05-13,28.42,28.42,28.42,28.42,000,13.7775
2005-05-12,27.35,28.45,27.35,28.42,2100,13.7775
2005-05-11,27.00,27.35,27.00,27.35,200,13.2588
2005-05-10,26.74,27.00,26.74,27.00,1000,13.0892
2005-05-09,27.50,27.50,27.50,27.50,500,13.3315
2005-05-06,27.49,27.50,27.49,27.50,200,13.3315
2005-05-05,27.10,27.50,26.868,27.50,2400,13.3315
2005-05-04,26.989,26.989,26.989,26.989,100,13.0838
2005-05-03,26.701,26.701,26.701,26.701,100,12.9442
2005-05-02,26.80,27.14,26.80,26.80,1000,12.9922
2005-04-29,26.80,27.00,26.80,26.80,600,12.9922
2005-04-28,26.80,26.80,26.80,26.80,000,12.9922
2005-04-27,26.80,26.80,26.80,26.80,000,12.9922
2005-04-26,26.80,26.91,26.80,26.80,800,12.9922
2005-04-25,27.00,27.00,27.00,27.00,1000,13.0892
2005-04-22,26.95,26.95,26.91,26.91,600,13.0455
2005-04-21,26.83,26.83,26.81,26.81,400,12.997
2005-04-20,26.77,26.77,26.77,26.77,000,12.9777
2005-04-19,26.77,26.77,26.77,26.77,000,12.9777
2005-04-18,26.842,26.842,26.77,26.77,600,12.9777
2005-04-15,27.25,27.25,27.00,27.25,500,13.2104
2005-04-14,26.77,26.77,26.77,26.77,200,12.9777
2005-04-13,26.84,26.85,26.75,26.75,1300,12.968
2005-04-12,26.75,26.75,26.75,26.75,1000,12.968
2005-04-11,26.989,26.989,26.989,26.989,000,13.0838
2005-04-08,26.989,26.989,26.989,26.989,100,13.0838
2005-04-07,26.75,26.75,26.75,26.75,000,12.968
2005-04-06,26.75,26.75,26.75,26.75,000,12.968
2005-04-05,26.75,26.75,26.75,26.75,2500,12.968
2005-04-04,26.90,26.90,26.90,26.90,000,13.0407
2005-04-01,26.90,26.90,26.90,26.90,000,13.0407
2005-03-31,26.90,26.90,26.90,26.90,500,13.0407
2005-03-30,26.80,26.85,26.80,26.85,1000,13.0164
2005-03-29,27.95,28.25,27.03,27.63,4900,13.3946
2005-03-28,26.85,28.00,26.85,28.00,6300,13.5739
2005-03-24,26.90,26.90,26.90,26.90,000,12.7907
2005-03-23,26.95,26.98,26.90,26.90,800,12.7907
2005-03-22,27.00,27.00,27.00,27.00,900,12.8383
2005-03-21,27.315,27.315,27.315,27.315,000,12.9881
2005-03-18,27.315,27.315,27.315,27.315,000,12.9881
2005-03-17,27.315,27.315,27.315,27.315,000,12.9881
2005-03-16,27.315,27.315,27.315,27.315,000,12.9881
2005-03-15,27.35,27.35,27.315,27.315,600,12.9881
2005-03-14,27.17,27.32,27.043,27.16,3400,12.9144
2005-03-11,27.17,27.17,27.17,27.17,200,12.9191
2005-03-10,26.92,27.151,26.92,27.151,300,12.9101
2005-03-09,27.88,27.88,27.73,27.74,5400,13.1901
2005-03-08,27.15,27.15,27.15,27.15,200,12.9096
2005-03-07,27.10,27.50,27.10,27.50,600,13.076
2005-03-04,27.10,27.10,27.10,27.10,000,12.8858
2005-03-03,27.10,27.10,27.10,27.10,000,12.8858
2005-03-02,26.90,27.68,26.90,27.10,2000,12.8858
2005-03-01,26.99,27.01,26.99,27.01,200,12.843
2005-02-28,27.60,27.68,27.60,27.68,200,13.1616
2005-02-25,26.95,26.95,26.95,26.95,5100,12.8145
2005-02-24,26.85,26.85,26.85,26.85,1000,12.7669
2005-02-23,26.95,26.95,26.95,26.95,000,12.8145
2005-02-22,27.10,27.71,26.80,26.95,12000,12.8145
2005-02-18,26.99,26.99,26.99,26.99,000,12.8335
2005-02-17,26.90,26.99,26.90,26.99,600,12.8335
2005-02-16,27.01,27.01,27.00,27.00,600,12.8383
2005-02-15,27.00,27.00,26.99,26.99,200,12.8335
2005-02-14,27.00,27.00,27.00,27.00,1900,12.8383
2005-02-11,27.00,27.00,27.00,27.00,000,12.8383
2005-02-10,27.00,27.00,27.00,27.00,000,12.8383
2005-02-09,27.00,27.00,27.00,27.00,000,12.8383
2005-02-08,27.68,27.68,27.00,27.00,4600,12.8383
2005-02-07,26.90,26.90,26.90,26.90,000,12.7907
2005-02-04,26.95,27.00,26.90,26.90,8800,12.7907
2005-02-03,26.88,26.88,26.88,26.88,300,12.7812
2005-02-02,26.90,26.90,26.90,26.90,400,12.7907
2005-02-01,26.91,26.91,26.91,26.91,500,12.7955
2005-01-31,26.99,27.00,26.99,27.00,1500,12.8383
2005-01-28,26.99,26.99,26.99,26.99,100,12.8335
2005-01-27,26.99,27.00,26.99,27.00,400,12.8383
2005-01-26,26.90,26.90,26.90,26.90,400,12.7907
2005-01-25,26.83,26.90,26.82,26.90,1800,12.7907
2005-01-24,26.832,26.832,26.83,26.83,300,12.7574
2005-01-21,26.84,26.84,26.84,26.84,000,12.7622
2005-01-20,26.84,26.84,26.84,26.84,200,12.7622
2005-01-19,27.19,27.20,27.10,27.10,1500,12.8858
2005-01-18,27.00,27.00,27.00,27.00,000,12.8383
2005-01-14,27.00,27.00,27.00,27.00,200,12.8383
2005-01-13,27.00,27.00,27.00,27.00,000,12.8383
2005-01-12,27.00,27.00,27.00,27.00,200,12.8383
2005-01-11,27.15,27.20,27.15,27.20,1400,12.9334
2005-01-10,27.00,27.00,27.00,27.00,400,12.8383
2005-01-07,26.80,26.99,26.80,26.99,2700,12.8335
2005-01-06,26.82,26.82,26.82,26.82,1000,12.7527
2005-01-05,26.80,26.80,26.80,26.80,000,12.7432
2005-01-04,26.80,26.80,26.80,26.80,000,12.7432
2005-01-03,26.80,26.80,26.80,26.80,800,12.7432
2004-12-31,26.76,27.00,26.76,26.80,2100,12.7432
2004-12-30,26.95,26.95,26.75,26.75,1000,12.7194
2004-12-29,26.95,26.95,26.95,26.95,2300,12.8145
2004-12-28,26.95,27.00,26.75,26.87,7500,12.7765
2004-12-27,27.25,27.25,27.25,27.25,000,12.712
2004-12-23,27.25,27.25,27.25,27.25,500,12.712
2004-12-22,27.00,27.40,27.00,27.40,500,12.782
2004-12-21,26.955,26.955,26.955,26.955,000,12.5744
2004-12-20,26.955,26.955,26.955,26.955,600,12.5744
2004-12-17,27.25,27.30,27.10,27.10,4500,12.642
2004-12-16,27.25,27.25,27.25,27.25,000,12.712
2004-12-15,27.25,27.25,27.25,27.25,100,12.712
2004-12-14,27.25,27.25,27.25,27.25,000,12.712
2004-12-13,27.25,27.25,27.25,27.25,400,12.712
2004-12-10,27.25,27.25,27.25,27.25,1200,12.712
2004-12-09,27.25,27.25,27.25,27.25,300,12.712
2004-12-08,27.25,27.25,27.25,27.25,000,12.712
2004-12-07,27.35,27.35,27.25,27.25,3500,12.712
2004-12-06,27.30,27.30,27.30,27.30,000,12.7353
2004-12-03,27.30,27.30,27.30,27.30,100,12.7353
2004-12-02,27.22,27.22,27.22,27.22,400,12.698
2004-12-01,27.34,27.34,27.34,27.34,100,12.754
2004-11-30,27.20,27.20,27.20,27.20,700,12.6887
2004-11-29,27.30,27.30,27.30,27.30,200,12.7353
2004-11-26,27.25,27.25,27.25,27.25,000,12.712
2004-11-24,27.25,27.25,27.25,27.25,100,12.712
2004-11-23,27.07,27.07,27.06,27.06,300,12.6233
2004-11-22,27.33,27.33,27.33,27.33,000,12.7493
2004-11-19,27.35,27.35,27.33,27.33,2100,12.7493
2004-11-18,27.34,27.34,27.34,27.34,500,12.754
2004-11-17,27.25,27.33,27.09,27.33,1400,12.7493
2004-11-16,27.34,27.34,26.93,26.93,1800,12.5627
2004-11-15,27.34,27.34,27.34,27.34,000,12.754
2004-11-12,27.34,27.34,27.34,27.34,000,12.754
2004-11-11,27.20,27.35,27.00,27.34,2800,12.754
2004-11-10,27.25,27.25,27.25,27.25,000,12.712
2004-11-09,27.25,27.25,27.25,27.25,400,12.712
2004-11-08,27.25,27.25,27.25,27.25,000,12.712
2004-11-05,27.25,27.25,27.24,27.25,400,12.712
2004-11-04,27.33,27.33,27.17,27.17,1600,12.6747
2004-11-03,27.18,27.18,27.17,27.17,600,12.6747
2004-11-02,27.17,27.17,27.17,27.17,2000,12.6747
2004-11-01,27.20,27.55,27.16,27.55,2600,12.8519
2004-10-29,27.55,27.55,27.55,27.55,200,12.8519
2004-10-28,27.30,27.45,27.20,27.45,4400,12.8053
2004-10-27,27.10,27.54,27.10,27.54,1200,12.8473
2004-10-26,27.09,27.60,27.06,27.06,4400,12.6233
2004-10-25,27.14,27.14,27.03,27.03,1500,12.6094
2004-10-22,27.14,27.64,27.14,27.64,1000,12.8939
2004-10-21,28.00,28.00,27.11,27.12,900,12.6513
2004-10-20,27.25,27.60,27.11,27.11,3300,12.6467
2004-10-19,27.32,27.32,27.32,27.32,000,12.7446
2004-10-18,27.32,27.32,27.32,27.32,000,12.7446
2004-10-15,27.32,27.32,27.32,27.32,000,12.7446
2004-10-14,27.32,27.32,27.32,27.32,8700,12.7446
2004-10-13,27.32,27.32,27.32,27.32,000,12.7446
2004-10-12,27.32,27.32,27.32,27.32,700,12.7446
2004-10-11,27.31,27.32,27.31,27.32,1300,12.7446
2004-10-08,27.32,27.32,27.32,27.32,000,12.7446
2004-10-07,27.32,27.32,27.32,27.32,000,12.7446
2004-10-06,27.32,27.32,27.32,27.32,000,12.7446
2004-10-05,27.32,27.32,27.32,27.32,1900,12.7446
2004-10-04,27.309,27.309,27.309,27.309,100,12.7395
2004-10-01,27.10,27.10,27.10,27.10,000,12.642
2004-09-30,27.25,27.319,26.95,27.10,42300,12.642
2004-09-29,27.26,27.26,26.82,26.82,3700,12.5114
2004-09-28,27.39,27.40,27.39,27.39,7200,12.7773
2004-09-27,27.46,27.46,27.46,27.46,000,12.8099
2004-09-24,27.00,27.65,26.90,27.46,20700,12.5694
2004-09-23,27.50,27.65,27.25,27.65,1000,12.6564
2004-09-22,27.65,27.65,27.65,27.65,300,12.6564
2004-09-21,27.55,27.70,27.26,27.60,8400,12.6335
2004-09-20,27.65,27.65,27.65,27.65,300,12.6564
2004-09-17,27.50,27.50,27.50,27.50,100,12.5877
2004-09-16,27.34,27.60,27.27,27.60,1200,12.6335
2004-09-15,27.50,27.60,27.34,27.60,1000,12.6335
2004-09-14,27.50,27.50,27.50,27.50,1500,12.5877
2004-09-13,27.90,27.90,27.34,27.50,1800,12.5877
2004-09-10,27.60,27.60,27.60,27.60,500,12.6335
2004-09-09,27.41,27.90,27.35,27.90,2100,12.7708
2004-09-08,27.50,27.79,27.40,27.79,2800,12.7205
2004-09-07,27.41,27.41,27.40,27.40,800,12.542
2004-09-03,27.00,27.50,27.00,27.50,900,12.5877
2004-09-02,27.35,27.35,27.35,27.35,000,12.5191
2004-09-01,27.35,27.35,27.35,27.35,000,12.5191
2004-08-31,27.48,27.50,27.35,27.35,2700,12.5191
2004-08-30,27.38,27.38,27.25,27.38,1000,12.5328
2004-08-27,27.25,27.25,27.25,27.25,000,12.4733
2004-08-26,27.25,27.25,27.25,27.25,000,12.4733
2004-08-25,26.921,27.25,26.921,27.25,1600,12.4733
2004-08-24,27.23,27.23,27.23,27.23,000,12.4641
2004-08-23,27.23,27.23,27.23,27.23,2100,12.4641
2004-08-20,27.00,27.00,27.00,27.00,000,12.3589
2004-08-19,27.00,27.00,26.85,27.00,2100,12.3589
