Date,Open,High,Low,Close,Volume,Adj Close
2013-02-14,0.08,0.16,0.08,0.08,79400,0.08
2013-02-13,0.10,0.10,0.08,0.0819,14400,0.0819
2013-02-12,0.10,0.10,0.10,0.10,24300,0.10
2013-02-11,0.17,0.1799,0.10,0.10,24900,0.10
2013-02-08,0.195,0.195,0.169,0.17,15100,0.17
2013-02-07,0.269,0.269,0.115,0.121,26400,0.121
2013-02-06,0.25,0.351,0.099,0.23,61900,0.23
2013-02-05,0.30,0.30,0.27,0.2701,300,0.2701
2013-02-04,0.32,0.32,0.30,0.3002,2800,0.3002
2013-01-31,0.30,0.50,0.2401,0.338,14900,0.338
2013-01-30,0.31,0.31,0.31,0.31,000,0.31
2013-01-29,0.4206,0.4239,0.2808,0.2808,500,0.2808
2013-01-28,0.53,0.59,0.53,0.59,3800,0.59
2013-01-25,0.38,0.38,0.38,0.38,400,0.38
2013-01-23,0.67,0.67,0.67,0.67,100,0.67
2013-01-22,0.34,0.741,0.34,0.66,18700,0.66
2013-01-17,0.37,0.37,0.37,0.37,000,0.37
2013-01-16,0.37,0.37,0.36,0.37,1700,0.37
2013-01-15,0.51,0.51,0.36,0.3839,1200,0.3839
2013-01-09,0.61,0.6101,0.60,0.60,4500,0.60
2013-01-08,0.65,0.66,0.615,0.615,3700,0.615
2013-01-07,0.68,0.68,0.476,0.63,2100,0.63
2013-01-04,0.71,0.76,0.68,0.76,3100,0.76
2013-01-03,0.79,0.79,0.77,0.77,800,0.77
2012-12-31,0.73,0.73,0.73,0.73,300,0.73
2012-12-28,0.76,0.76,0.76,0.76,100,0.76
2012-12-27,0.87,0.88,0.87,0.8701,9400,0.8701
2012-12-26,0.87,0.87,0.87,0.87,200,0.87
2012-12-21,0.88,0.88,0.88,0.88,300,0.88
2012-12-19,0.92,0.95,0.92,0.92,1500,0.92
2012-12-18,0.97,1.15,0.95,0.95,600,0.95
2012-12-13,0.88,0.88,0.87,0.87,7300,0.87
2012-12-12,0.76,1.10,0.663,1.10,5400,1.10
2012-12-11,0.76,0.76,0.76,0.76,000,0.76
2012-12-10,0.78,0.78,0.78,0.78,500,0.78
2012-12-07,0.80,0.80,0.76,0.76,200,0.76
2012-12-06,0.85,0.85,0.80,0.81,1300,0.81
2012-12-05,0.79,1.0001,0.5901,0.73,10800,0.73
2012-12-04,0.83,0.88,0.83,0.83,2000,0.83
2012-12-03,0.99,1.15,0.83,0.84,14000,0.84
2012-11-29,1.02,1.03,1.00,1.03,9600,1.03
2012-11-28,0.99,1.00,0.9801,1.00,2800,1.00
2012-11-27,1.00,1.02,1.00,1.01,17000,1.01
2012-11-26,0.99,1.02,0.98,1.02,6800,1.02
2012-11-23,0.97,0.98,0.97,0.98,8900,0.98
2012-11-21,0.96,0.96,0.95,0.96,600,0.96
2012-11-20,0.93,0.93,0.93,0.93,500,0.93
2012-11-16,1.10,0.94,0.91,0.93,12100,0.93
2012-11-15,0.965,0.965,0.93,0.93,26600,0.93
2012-11-14,0.96,1.03,0.96,0.99,72700,0.99
2012-11-13,1.04,1.05,1.04,1.04,28400,1.04
2012-11-12,0.97,1.0544,0.97,1.04,10300,1.04
2012-11-09,1.05,1.055,1.04,1.04,9800,1.04
2012-11-08,1.05,1.07,1.04,1.07,13100,1.07
2012-11-07,1.02,1.08,1.02,1.03,19900,1.03
2012-11-06,1.04,1.08,1.03,1.045,69800,1.045
2012-11-05,1.05,1.0612,1.05,1.05,4900,1.05
2012-11-02,1.10,1.10,1.02,1.09,36400,1.09
2012-11-01,1.14,1.14,1.10,1.11,6000,1.11
2012-10-31,1.23,1.23,1.13,1.14,10800,1.14
2012-10-26,1.20,1.21,1.17,1.20,15600,1.20
2012-10-25,1.11,1.20,1.11,1.20,12000,1.20
2012-10-24,1.18,1.18,1.15,1.1622,5100,1.1622
2012-10-23,1.15,1.16,1.14,1.1501,35900,1.1501
2012-10-22,1.16,1.19,1.15,1.16,7500,1.16
2012-10-19,1.15,1.18,1.14,1.17,14300,1.17
2012-10-18,1.21,1.2101,1.20,1.2018,3400,1.2018
2012-10-17,1.22,1.24,1.21,1.21,2000,1.21
2012-10-16,1.22,1.24,1.21,1.23,4300,1.23
2012-10-15,1.24,1.22,1.18,1.21,27200,1.21
2012-10-12,1.23,1.25,1.23,1.24,35800,1.24
2012-10-11,1.27,1.27,1.25,1.2501,14500,1.2501
2012-10-10,1.10,1.27,1.10,1.26,27200,1.26
2012-10-09,1.20,1.30,1.19,1.25,5000,1.25
2012-10-08,1.23,1.23,1.23,1.23,700,1.23
2012-10-05,1.20,1.27,1.20,1.24,2000,1.24
2012-10-04,1.22,1.25,1.22,1.25,14200,1.25
2012-10-03,1.23,1.23,1.23,1.23,14500,1.23
2012-10-02,1.21,1.22,1.21,1.21,7500,1.21
2012-10-01,1.22,1.27,1.22,1.23,54200,1.23
2012-09-28,1.23,1.24,1.18,1.22,59100,1.22
2012-09-27,1.30,1.30,1.121,1.20,5200,1.20
2012-09-26,1.19,1.20,1.19,1.20,900,1.20
2012-09-25,1.23,1.35,1.22,1.22,6100,1.22
2012-09-24,1.36,1.38,1.25,1.31,10200,1.31
2012-09-21,1.15,1.36,1.28,1.31,17600,1.31
2012-09-20,1.15,1.23,1.13,1.20,4500,1.20
2012-09-19,1.11,1.17,1.11,1.17,1600,1.17
2012-09-18,1.35,1.35,1.10,1.19,11900,1.19
2012-09-17,1.15,1.20,1.10,1.10,3300,1.10
2012-09-14,1.22,1.22,1.19,1.19,1000,1.19
2012-09-13,1.39,1.39,1.0201,1.20,9000,1.20
2012-09-12,1.32,1.33,1.13,1.13,2900,1.13
2012-09-11,1.29,1.29,1.20,1.25,17900,1.25
2012-09-10,1.18,1.28,1.18,1.28,1200,1.28
2012-09-07,1.29,1.30,1.18,1.30,7400,1.30
2012-09-06,1.20,1.30,1.16,1.26,17400,1.26
2012-09-05,1.02,1.22,1.02,1.2055,17400,1.2055
2012-09-04,1.05,1.15,1.05,1.15,2200,1.15
2012-08-31,1.18,1.21,1.1501,1.1501,2900,1.1501
2012-08-30,1.08,1.151,1.08,1.12,2900,1.12
2012-08-29,1.0596,1.13,1.0596,1.13,400,1.13
2012-08-28,1.11,1.11,1.046,1.046,5200,1.046
2012-08-27,1.10,1.11,1.06,1.1064,3800,1.1064
2012-08-24,1.05,1.10,1.05,1.10,10600,1.10
2012-08-23,1.11,1.15,1.11,1.12,4100,1.12
2012-08-22,1.26,1.27,1.17,1.21,10900,1.21
2012-08-21,1.20,1.2501,1.20,1.2501,900,1.2501
2012-08-20,1.18,1.2521,1.16,1.25,4800,1.25
2012-08-17,1.21,1.33,1.20,1.27,6300,1.27
2012-08-16,1.23,1.3999,1.23,1.2642,24900,1.2642
2012-08-15,1.21,1.24,1.13,1.24,79400,1.24
2012-08-14,1.24,1.25,1.10,1.21,46400,1.21
2012-08-13,1.24,1.24,1.10,1.24,600,1.24
2012-08-10,1.25,1.38,1.25,1.35,14800,1.35
2012-08-09,1.21,1.25,1.20,1.25,11400,1.25
2012-08-08,0.99,1.11,0.99,1.0382,8700,1.0382
2012-08-07,1.00,1.0823,0.88,1.01,38600,1.01
2012-08-06,1.28,1.29,0.95,1.14,113200,1.14
2012-08-03,1.40,1.67,1.08,1.30,165200,1.30
2012-08-02,2.13,2.21,1.10,1.2806,326900,1.2806
2012-08-01,2.44,2.53,2.30,2.40,31900,2.40
2012-07-31,2.26,2.52,2.25,2.45,32000,2.45
2012-07-30,2.26,2.36,2.20,2.36,6300,2.36
2012-07-27,2.27,2.35,2.26,2.35,5000,2.35
2012-07-26,2.20,2.32,2.01,2.18,15900,2.18
2012-07-25,2.16,2.18,2.02,2.02,20700,2.02
2012-07-24,2.41,2.41,2.10,2.23,98500,2.23
2012-07-23,2.43,2.50,2.41,2.41,8800,2.41
2012-07-20,2.67,2.67,2.42,2.58,12200,2.58
2012-07-19,2.65,2.65,2.55,2.64,12700,2.64
2012-07-18,2.70,2.75,2.69,2.69,15800,2.69
2012-07-17,2.70,2.84,2.70,2.7001,22200,2.7001
2012-07-16,2.76,2.82,2.70,2.75,8000,2.75
2012-07-13,2.80,2.90,2.63,2.84,18900,2.84
2012-07-12,2.76,2.83,2.68,2.76,19000,2.76
2012-07-11,2.90,2.97,2.76,2.8799,10900,2.8799
2012-07-10,2.70,2.90,2.63,2.90,30200,2.90
2012-07-09,2.39,2.73,2.36,2.73,42200,2.73
2012-07-05,2.52,2.68,2.50,2.62,21900,2.62
2012-07-03,2.51,2.52,2.35,2.52,15100,2.52
2012-07-02,2.39,2.51,2.36,2.51,19600,2.51
2012-06-29,2.37,2.46,2.355,2.46,15300,2.46
2012-06-28,2.32,2.34,2.20,2.34,3700,2.34
2012-06-27,2.30,2.37,2.30,2.36,700,2.36
2012-06-25,2.40,2.41,2.40,2.41,600,2.41
2012-06-22,2.35,2.40,2.35,2.40,1200,2.40
2012-06-21,2.29,2.35,2.25,2.35,26300,2.35
2012-06-20,2.42,2.42,2.26,2.40,34500,2.40
2012-06-19,2.58,2.58,2.3801,2.42,27800,2.42
2012-06-18,2.52,2.53,2.52,2.53,13300,2.53
2012-06-15,2.53,2.53,2.41,2.53,7200,2.53
2012-06-12,2.49,2.51,2.43,2.51,1700,2.51
2012-06-11,2.50,2.50,2.49,2.50,2100,2.50
2012-06-08,2.50,2.58,2.46,2.50,1700,2.50
2012-06-07,2.58,2.58,2.4801,2.4801,2700,2.4801
2012-06-06,2.44,2.60,2.44,2.53,47700,2.53
2012-06-05,2.41,2.44,2.33,2.44,11400,2.44
2012-06-04,2.40,2.40,2.30,2.40,400,2.40
2012-06-01,2.24,2.34,2.22,2.34,5300,2.34
2012-05-31,2.35,2.44,2.3275,2.44,2000,2.44
2012-05-30,2.47,2.47,2.38,2.44,1500,2.44
2012-05-29,2.37,2.62,2.37,2.50,19200,2.50
2012-05-25,2.52,2.60,2.52,2.54,7200,2.54
2012-05-24,2.44,2.49,2.43,2.49,7500,2.49
2012-05-23,2.25,2.43,2.20,2.43,7600,2.43
2012-05-22,2.30,2.40,2.27,2.40,2100,2.40
2012-05-21,2.39,2.40,2.34,2.40,7500,2.40
2012-05-18,2.50,2.54,2.48,2.54,400,2.54
2012-05-17,2.50,2.51,2.45,2.51,1200,2.51
2012-05-16,2.33,2.48,2.30,2.46,19100,2.46
2012-05-15,2.32,2.47,2.28,2.41,14900,2.41
2012-05-14,2.32,2.38,2.25,2.38,16900,2.38
2012-05-11,2.35,2.53,2.35,2.50,600,2.50
2012-05-10,2.50,2.53,2.50,2.50,2000,2.50
2012-05-09,2.50,2.56,2.40,2.56,12000,2.56
2012-05-08,2.50,2.54,2.39,2.54,2300,2.54
2012-05-07,2.52,2.58,2.52,2.5799,800,2.5799
2012-05-04,2.54,2.54,2.45,2.45,600,2.45
2012-05-03,2.57,2.57,2.34,2.57,16400,2.57
2012-05-02,2.46,2.57,2.38,2.56,8300,2.56
2012-05-01,2.51,2.57,2.4999,2.57,5700,2.57
2012-04-30,2.49,2.53,2.48,2.51,6300,2.51
2012-04-27,2.40,2.45,2.34,2.45,2400,2.45
2012-04-26,2.28,2.36,2.26,2.36,2700,2.36
2012-04-25,2.27,2.37,2.2699,2.2699,1400,2.2699
2012-04-24,2.24,2.29,2.20,2.27,8900,2.27
2012-04-23,2.21,2.30,2.1407,2.28,17500,2.28
2012-04-19,2.48,2.51,2.21,2.41,17000,2.41
2012-04-17,2.53,2.53,2.4201,2.53,2600,2.53
2012-04-16,2.42,2.45,2.4099,2.45,1400,2.45
2012-04-13,2.42,2.45,2.36,2.45,1400,2.45
2012-04-12,2.50,2.51,2.45,2.51,6300,2.51
2012-04-11,2.40,2.46,2.40,2.45,15500,2.45
2012-04-10,2.20,2.40,2.06,2.39,74800,2.39
2012-04-09,2.25,2.30,2.17,2.28,10800,2.28
2012-04-05,2.45,2.46,2.35,2.37,18500,2.37
2012-04-04,2.23,2.40,2.23,2.37,1500,2.37
2012-04-03,2.41,2.43,2.35,2.43,5800,2.43
2012-04-02,2.48,2.48,2.35,2.46,4000,2.46
2012-03-30,2.50,2.54,2.47,2.54,3400,2.54
2012-03-29,2.40,2.56,2.38,2.56,12100,2.56
2012-03-28,2.55,2.57,2.33,2.55,45400,2.55
2012-03-27,2.66,2.72,2.55,2.60,27000,2.60
2012-03-26,2.69,2.77,2.6725,2.74,43000,2.74
2012-03-23,2.65,2.68,2.59,2.68,17200,2.68
2012-03-22,2.64,2.69,2.4784,2.6895,18700,2.6895
2012-03-21,2.70,2.70,2.64,2.67,20300,2.67
2012-03-20,2.72,2.80,2.61,2.73,12400,2.73
2012-03-19,2.58,2.85,2.50,2.77,28500,2.77
2012-03-16,2.55,2.75,2.4825,2.73,35200,2.73
2012-03-15,2.39,2.5301,2.39,2.52,26700,2.52
2012-03-14,2.42,2.4599,2.32,2.37,53600,2.37
2012-03-13,2.40,2.48,2.38,2.47,34700,2.47
2012-03-12,2.27,2.40,2.27,2.34,26700,2.34
2012-03-09,2.30,2.39,2.20,2.39,30800,2.39
2012-03-08,2.39,2.45,2.09,2.35,38500,2.35
2012-03-07,2.02,2.31,2.02,2.31,77500,2.31
2012-03-06,2.04,2.07,1.795,2.06,38800,2.06
2012-03-05,1.70,1.73,1.61,1.72,3000,1.72
2012-03-02,1.67,1.71,1.60,1.69,7000,1.69
2012-03-01,1.74,1.83,1.56,1.74,13800,1.74
2012-02-29,1.78,1.82,1.60,1.75,47100,1.75
2012-02-28,1.92,1.92,1.77,1.83,24400,1.83
2012-02-27,1.90,1.95,1.84,1.95,8500,1.95
2012-02-24,1.68,1.79,1.6601,1.79,3900,1.79
2012-02-23,1.70,1.84,1.61,1.84,18800,1.84
2012-02-22,1.70,1.78,1.49,1.78,7600,1.78
2012-02-21,1.86,1.86,1.86,1.86,500,1.86
2012-02-17,1.86,1.86,1.84,1.86,600,1.86
2012-02-16,1.84,1.88,1.78,1.82,7700,1.82
2012-02-15,1.80,1.80,1.70,1.78,24300,1.78
2012-02-14,1.84,1.84,1.71,1.77,23100,1.77
2012-02-09,1.95,2.00,1.90,1.95,7300,1.95
2012-02-08,1.87,1.95,1.87,1.91,14800,1.91
2012-02-07,1.95,1.95,1.89,1.92,14900,1.92
2012-02-06,1.9038,1.94,1.9038,1.9199,1800,1.9199
2012-02-03,1.95,1.98,1.90,1.92,18000,1.92
2012-02-02,1.98,2.03,1.86,1.94,5300,1.94
2012-02-01,1.95,1.96,1.76,1.96,3200,1.96
2012-01-31,1.83,1.83,1.83,1.83,600,1.83
2012-01-30,1.85,1.88,1.84,1.86,1300,1.86
2012-01-27,1.80,1.90,1.80,1.90,3200,1.90
2012-01-26,1.75,1.86,1.70,1.82,29600,1.82
2012-01-25,1.75,1.77,1.58,1.77,23900,1.77
2012-01-24,1.52,1.75,1.52,1.75,10200,1.75
2012-01-23,1.53,1.62,1.47,1.48,4200,1.48
2012-01-20,1.60,1.61,1.52,1.60,31200,1.60
2012-01-19,1.59,1.631,1.53,1.60,39200,1.60
2012-01-18,1.53,1.58,1.51,1.53,9500,1.53
2012-01-17,1.45,1.54,1.45,1.54,4000,1.54
2012-01-13,1.50,1.50,1.42,1.50,4700,1.50
2012-01-12,1.42,1.50,1.42,1.50,12400,1.50
2012-01-11,1.31,1.44,1.31,1.44,7800,1.44
2012-01-10,1.50,1.50,1.31,1.39,24400,1.39
2012-01-09,1.44,1.44,1.40,1.4201,16200,1.4201
2012-01-06,1.39,1.4299,1.39,1.42,2400,1.42
2012-01-05,1.30,1.42,1.30,1.4199,22900,1.4199
2012-01-04,1.58,1.6792,1.30,1.35,31100,1.35
2012-01-03,1.75,1.8399,1.47,1.53,6700,1.53
2011-12-30,1.65,1.72,1.50,1.72,11200,1.72
2011-12-29,1.55,1.70,1.55,1.70,1500,1.70
2011-12-28,1.62,1.626,1.58,1.58,3600,1.58
2011-12-27,1.52,1.66,1.56,1.58,12600,1.58
2011-12-23,1.60,1.70,1.32,1.52,11300,1.52
2011-12-22,1.49,1.60,1.49,1.56,60800,1.56
2011-12-21,1.69,1.70,1.47,1.60,69800,1.60
2011-12-20,1.62,1.79,1.47,1.66,7000,1.66
2011-12-19,1.55,1.62,1.31,1.42,5800,1.42
2011-12-16,1.69,1.70,1.56,1.56,6600,1.56
2011-12-15,1.74,1.80,1.60,1.60,4700,1.60
2011-12-14,1.69,1.77,1.69,1.72,10800,1.72
2011-12-13,1.61,1.89,1.5931,1.75,36700,1.75
2011-12-12,1.75,1.75,1.61,1.70,8500,1.70
2011-12-09,1.60,1.72,1.50,1.69,8000,1.69
2011-12-08,1.49,1.52,1.39,1.50,6700,1.50
2011-12-07,1.72,1.6008,1.50,1.60,7500,1.60
2011-12-06,1.62,1.62,1.52,1.52,8600,1.52
2011-12-05,1.50,1.65,1.49,1.59,16000,1.59
2011-12-02,1.51,1.62,1.50,1.55,24100,1.55
2011-11-30,1.55,1.62,1.50,1.55,4600,1.55
2011-11-29,1.48,1.69,1.40,1.50,16800,1.50
2011-11-28,1.50,1.52,1.4999,1.50,2200,1.50
2011-11-25,1.47,1.47,1.422,1.422,2000,1.422
2011-11-23,1.55,1.55,1.37,1.40,6600,1.40
2011-11-22,1.6386,1.6692,1.6386,1.6692,800,1.6692
2011-11-21,1.75,1.75,1.58,1.64,3600,1.64
2011-11-18,1.74,1.78,1.6701,1.78,1400,1.78
2011-11-17,1.70,1.70,1.68,1.68,1600,1.68
2011-11-16,1.78,1.78,1.65,1.65,1400,1.65
2011-11-15,1.59,1.80,1.54,1.78,31000,1.78
2011-11-14,1.48,1.70,1.46,1.69,4700,1.69
2011-11-11,1.71,1.75,1.56,1.75,5000,1.75
2011-11-10,1.65,1.71,1.65,1.71,9700,1.71
2011-11-09,1.66,1.7099,1.59,1.66,14400,1.66
2011-11-08,1.45,1.859,1.36,1.705,156900,1.705
2011-11-07,1.48,1.50,1.35,1.35,4900,1.35
2011-11-04,1.45,1.45,1.45,1.45,1000,1.45
2011-11-03,1.37,1.40,1.31,1.38,1800,1.38
2011-11-02,1.45,1.50,1.31,1.50,5800,1.50
2011-11-01,1.37,1.37,1.37,1.37,400,1.37
2011-10-31,1.41,1.50,1.23,1.41,100500,1.41
2011-10-28,1.41,1.48,1.41,1.41,38400,1.41
2011-10-27,1.53,1.55,1.34,1.41,23200,1.41
2011-10-26,1.55,1.55,1.41,1.41,6500,1.41
2011-10-25,1.39,1.39,1.38,1.38,700,1.38
2011-10-24,1.45,1.4501,1.44,1.44,2500,1.44
2011-10-21,1.35,1.47,1.35,1.40,5100,1.40
2011-10-20,1.20,1.35,1.20,1.30,5800,1.30
2011-10-19,1.35,1.3868,1.15,1.38,13300,1.38
2011-10-18,1.23,1.25,1.20,1.25,15300,1.25
2011-10-17,1.30,1.30,1.2008,1.23,3100,1.23
2011-10-14,1.33,1.441,1.25,1.26,20200,1.26
2011-10-12,1.46,1.49,1.40,1.49,14800,1.49
2011-10-11,1.37,1.47,1.36,1.44,6600,1.44
2011-10-10,1.40,1.40,1.35,1.35,11300,1.35
2011-10-07,1.47,1.47,1.34,1.37,3600,1.37
2011-10-06,1.47,1.47,1.38,1.38,1200,1.38
2011-10-05,1.45,1.4788,1.39,1.39,20300,1.39
2011-10-04,1.56,1.56,1.35,1.45,47600,1.45
2011-10-03,1.69,1.70,1.50,1.54,38300,1.54
2011-09-30,1.82,1.84,1.60,1.69,10000,1.69
2011-09-29,1.87,1.89,1.57,1.89,5400,1.89
2011-09-28,1.80,1.86,1.77,1.78,68800,1.78
2011-09-27,1.89,1.96,1.84,1.8999,4000,1.8999
2011-09-26,1.84,2.01,1.84,1.85,17100,1.85
2011-09-23,2.04,2.20,1.98,1.98,4500,1.98
2011-09-22,2.10,2.10,1.816,1.95,21200,1.95
2011-09-20,2.23,2.28,2.05,2.15,19100,2.15
2011-09-19,2.25,2.30,2.06,2.20,77800,2.20
2011-09-16,2.60,2.60,2.27,2.33,5200,2.33
2011-09-15,2.32,2.32,2.30,2.30,800,2.30
2011-09-14,2.26,2.35,2.259,2.35,2500,2.35
2011-09-13,2.20,2.29,2.20,2.29,3200,2.29
2011-09-12,2.07,2.21,2.07,2.15,26300,2.15
2011-09-09,2.29,2.34,2.07,2.19,119200,2.19
2011-09-08,2.35,2.52,2.33,2.33,6700,2.33
2011-09-07,2.55,2.60,2.40,2.55,23800,2.55
2011-09-06,2.30,2.45,2.2544,2.44,4000,2.44
2011-09-02,2.46,2.46,2.3001,2.393,17900,2.393
2011-09-01,2.55,2.55,2.38,2.47,10300,2.47
2011-08-31,2.38,2.38,2.38,2.38,1500,2.38
2011-08-30,2.44,2.44,2.37,2.43,500,2.43
2011-08-29,2.54,2.54,2.20,2.48,14100,2.48
2011-08-26,2.29,2.35,2.2799,2.32,12500,2.32
2011-08-25,2.27,2.38,2.19,2.37,2200,2.37
2011-08-24,2.42,2.42,2.30,2.38,12100,2.38
2011-08-23,2.28,2.43,2.28,2.43,2500,2.43
2011-08-22,2.29,2.45,2.21,2.25,38100,2.25
2011-08-19,2.05,2.48,2.05,2.25,46000,2.25
2011-08-18,2.52,2.55,2.30,2.48,22800,2.48
2011-08-17,2.57,2.65,2.52,2.63,8600,2.63
2011-08-16,2.60,2.60,2.21,2.58,44700,2.58
2011-08-15,2.50,2.55,2.39,2.4999,67900,2.4999
2011-08-12,2.45,2.57,2.20,2.32,21000,2.32
2011-08-11,2.31,2.43,2.19,2.40,29600,2.40
2011-08-10,2.22,2.3992,2.22,2.26,11500,2.26
2011-08-09,2.02,2.2799,2.01,2.22,154300,2.22
2011-08-08,2.76,2.78,2.03,2.03,146800,2.03
2011-08-05,2.80,2.81,2.55,2.59,76000,2.59
2011-08-04,3.24,3.24,2.51,2.51,105800,2.51
2011-08-03,2.93,2.93,2.75,2.85,29800,2.85
2011-08-02,2.90,2.92,2.77,2.87,45900,2.87
2011-08-01,2.96,2.98,2.79,2.8899,116400,2.8899
2011-07-29,2.83,2.89,2.80,2.89,30200,2.89
2011-07-28,2.92,2.94,2.80,2.85,33000,2.85
2011-07-27,2.92,2.92,2.79,2.90,80000,2.90
2011-07-26,2.94,2.94,2.79,2.87,59600,2.87
2011-07-25,2.93,2.96,2.76,2.89,89500,2.89
2011-07-22,2.83,3.05,2.83,2.88,23000,2.88
2011-07-21,2.91,2.97,2.80,2.90,62100,2.90
2011-07-20,2.65,2.75,2.65,2.73,60700,2.73
2011-07-19,2.65,2.72,2.60,2.72,22300,2.72
2011-07-18,2.67,2.70,2.60,2.69,43400,2.69
2011-07-15,2.72,2.73,2.65,2.73,21100,2.73
2011-07-14,2.80,2.80,2.70,2.74,4100,2.74
2011-07-13,2.80,2.84,2.80,2.80,19100,2.80
2011-07-12,2.85,2.85,2.84,2.85,28000,2.85
2011-07-11,2.85,2.85,2.85,2.85,20000,2.85
2011-07-08,2.85,2.95,2.76,2.85,64600,2.85
2011-07-07,2.95,2.99,2.92,2.94,52400,2.94
2011-07-06,2.82,2.95,2.82,2.90,8400,2.90
2011-07-05,2.92,2.92,2.70,2.88,27800,2.88
2011-07-01,2.73,2.9999,2.73,2.94,8900,2.94
2011-06-30,2.77,2.87,2.75,2.87,30800,2.87
2011-06-29,2.85,2.899,2.75,2.84,43500,2.84
2011-06-28,3.00,3.00,2.64,2.77,120500,2.77
2011-06-27,2.63,2.72,2.63,2.72,1700,2.72
2011-06-24,2.50,2.60,2.50,2.59,101700,2.59
2011-06-23,2.65,2.65,2.43,2.5799,451100,2.5799
2011-06-22,2.57,2.71,2.57,2.68,102700,2.68
2011-06-21,2.56,2.59,2.56,2.59,8400,2.59
2011-06-20,2.38,2.6063,2.3799,2.56,143400,2.56
2011-06-17,2.51,2.59,2.50,2.56,257600,2.56
2011-06-16,2.54,2.60,2.54,2.58,3000,2.58
2011-06-15,2.49,2.58,2.36,2.54,93700,2.54
2011-06-14,2.46,2.70,2.46,2.60,45900,2.60
2011-06-13,2.45,2.54,2.3991,2.54,15400,2.54
2011-06-10,2.65,2.65,2.45,2.55,124700,2.55
2011-06-09,2.68,2.68,2.68,2.68,200,2.68
2011-06-08,2.55,2.70,2.55,2.70,29100,2.70
2011-06-07,2.66,2.70,2.66,2.70,600,2.70
2011-06-06,2.56,2.71,2.55,2.60,25900,2.60
2011-06-03,2.74,2.8001,2.74,2.74,61400,2.74
2011-06-02,2.64,2.72,2.64,2.69,55000,2.69
2011-06-01,2.80,2.80,2.63,2.70,66100,2.70
2011-05-31,2.79,2.86,2.74,2.86,125700,2.86
2011-05-27,2.8699,2.87,2.8599,2.8599,600,2.8599
2011-05-26,2.85,2.86,2.76,2.86,10100,2.86
2011-05-25,2.80,2.82,2.61,2.73,15500,2.73
2011-05-24,2.75,2.82,2.75,2.82,30600,2.82
2011-05-23,2.69,2.82,2.66,2.80,17700,2.80
2011-05-20,2.66,2.85,2.66,2.80,52900,2.80
2011-05-19,2.67,2.82,2.65,2.80,84600,2.80
2011-05-18,2.67,2.69,2.61,2.65,32300,2.65
2011-05-17,2.65,2.68,2.60,2.67,50700,2.67
2011-05-16,2.60,2.62,2.54,2.55,161100,2.55
2011-05-13,2.59,2.70,2.56,2.65,146900,2.65
2011-05-12,2.56,2.61,2.45,2.55,20500,2.55
2011-05-11,2.50,2.55,2.35,2.55,15500,2.55
2011-05-10,2.46,2.57,2.44,2.49,37100,2.49
2011-05-09,2.28,2.50,2.27,2.46,28400,2.46
2011-05-06,2.26,2.32,2.26,2.31,292200,2.31
2011-05-05,2.15,2.27,2.15,2.26,45000,2.26
2011-05-04,2.17,2.24,2.17,2.24,14500,2.24
2011-05-03,2.21,2.25,2.16,2.25,8400,2.25
2011-05-02,2.24,2.27,2.18,2.19,45600,2.19
2011-04-29,2.22,2.22,2.14,2.22,10300,2.22
2011-04-28,2.15,2.25,2.15,2.19,32100,2.19
2011-04-27,2.10,2.18,1.97,2.18,15400,2.18
2011-04-26,2.15,2.20,2.11,2.18,31100,2.18
2011-04-25,2.17,2.23,2.145,2.20,12500,2.20
2011-04-21,2.28,2.36,2.22,2.22,7900,2.22
2011-04-20,2.25,2.2999,2.18,2.23,18700,2.23
2011-04-19,2.21,2.25,2.20,2.21,259800,2.21
2011-04-18,2.28,2.30,2.19,2.23,23400,2.23
2011-04-15,2.29,2.35,2.26,2.35,21700,2.35
2011-04-14,2.25,2.34,2.20,2.34,81800,2.34
2011-04-13,2.34,2.43,2.30,2.35,44800,2.35
2011-04-12,2.31,2.46,2.30,2.45,17700,2.45
2011-04-11,2.47,2.50,2.44,2.50,9500,2.50
2011-04-08,2.52,2.53,2.45,2.53,5700,2.53
2011-04-07,2.40,2.52,2.389,2.52,21500,2.52
2011-04-06,2.52,2.53,2.45,2.51,13600,2.51
2011-04-05,2.48,2.52,2.45,2.50,104900,2.50
2011-04-04,2.38,2.40,2.30,2.40,18700,2.40
2011-04-01,2.45,2.50,2.34,2.37,13500,2.37
2011-03-31,2.55,2.55,2.20,2.39,40000,2.39
2011-03-30,2.64,2.68,2.48,2.53,437900,2.53
2011-03-29,2.64,2.83,2.64,2.79,42300,2.79
2011-03-28,2.75,2.85,2.65,2.84,86900,2.84
2011-03-25,2.94,2.97,2.71,2.77,21700,2.77
2011-03-24,2.75,2.90,2.60,2.88,92200,2.88
2011-03-23,2.50,3.44,2.50,3.05,444100,3.05
2011-03-22,2.50,2.58,2.50,2.52,2200,2.52
2011-03-21,2.60,2.66,2.40,2.55,10000,2.55
2011-03-18,2.37,2.48,2.36,2.41,12000,2.41
2011-03-17,2.31,2.36,2.26,2.33,76200,2.33
2011-03-16,2.26,2.48,2.25,2.30,139500,2.30
2011-03-15,2.51,2.51,2.35,2.45,14100,2.45
2011-03-14,2.60,2.61,2.48,2.60,18700,2.60
2011-03-11,2.52,2.55,2.4399,2.51,71600,2.51
2011-03-10,2.55,2.62,2.50,2.62,11000,2.62
2011-03-09,2.79,2.80,2.52,2.52,281100,2.52
2010-10-29,2.22,2.29,2.22,2.28,54700,2.28
2010-10-28,2.27,2.37,2.25,2.25,11900,2.25
2010-10-27,2.31,2.34,2.29,2.31,51200,2.31
2010-10-26,2.36,2.44,2.35,2.44,47100,2.44
2010-10-25,2.35,2.47,2.35,2.45,6600,2.45
2010-10-22,2.36,2.44,2.35,2.35,24100,2.35
2010-10-21,2.66,2.67,2.37,2.40,13400,2.40
2010-10-19,2.52,2.59,2.52,2.55,6800,2.55
2010-10-18,2.58,2.70,2.50,2.70,4500,2.70
2010-10-15,2.68,2.68,2.35,2.48,12600,2.48
2010-10-14,2.60,2.65,2.57,2.63,54600,2.63
2010-10-13,2.60,2.69,2.55,2.64,5500,2.64
2010-10-12,2.63,2.64,2.57,2.62,4400,2.62
2010-10-11,2.62,2.68,2.50,2.50,15600,2.50
2010-10-08,2.74,2.88,2.72,2.80,8200,2.80
2010-10-06,2.70,2.80,2.65,2.75,97700,2.75
2010-10-05,2.65,2.65,2.50,2.60,14300,2.60
2010-10-04,2.62,2.63,2.49,2.63,8700,2.63
2010-10-01,2.66,2.66,2.55,2.65,6700,2.65
2010-08-12,4.30,4.30,2.89,3.1501,8000,3.1501
2010-08-11,3.45,3.45,3.11,3.1899,2300,3.1899
2010-08-06,3.78,4.00,3.77,4.00,800,4.00
2010-08-05,4.00,4.00,4.00,4.00,14100,4.00
2010-08-04,3.97,3.97,3.97,3.97,500,3.97
2010-08-02,3.98,4.05,3.98,3.98,13800,3.98
2010-07-30,3.86,3.93,3.802,3.92,152700,3.92
2010-07-29,3.81,3.82,3.59,3.82,33600,3.82
2010-07-28,4.01,4.01,3.88,3.90,41700,3.90
2010-07-27,4.10,4.10,4.01,4.02,36800,4.02
2010-07-26,4.03,4.21,3.867,4.05,112800,4.05
2010-07-23,3.99,4.00,3.86,4.00,48700,4.00
2010-07-22,3.86,3.90,3.75,3.85,4100,3.85
2010-07-21,3.65,3.65,3.65,3.65,200,3.65
2010-07-20,3.41,3.65,3.41,3.65,2300,3.65
2010-07-16,3.86,3.86,3.58,3.60,114300,3.60
2010-07-15,4.11,4.11,3.98,4.01,6900,4.01
2010-07-13,4.19,4.50,4.19,4.40,670700,4.40
2010-07-12,4.32,4.32,4.17,4.20,16000,4.20
2010-07-09,4.15,4.30,4.15,4.29,1129900,4.29
2010-07-08,4.17,4.30,4.10,4.15,44300,4.15
2010-07-07,4.00,4.35,3.93,4.25,48800,4.25
2010-07-06,4.07,4.30,3.85,3.85,57400,3.85
2010-07-02,3.99,3.99,3.81,3.95,27600,3.95
2010-07-01,3.80,4.24,3.719,4.00,32300,4.00
2010-06-30,3.55,3.85,3.55,3.70,52700,3.70
2010-06-29,3.74,3.80,3.45,3.61,85900,3.61
2010-06-23,3.59,3.77,3.59,3.6999,19800,3.6999
