Date,Open,High,Low,Close,Volume,Adj Close
2016-04-15,0.11,0.11,0.11,0.11,000,0.11
2016-04-14,0.11,0.11,0.11,0.11,000,0.11
2016-04-13,0.11,0.11,0.11,0.11,000,0.11
2016-04-12,0.11,0.11,0.11,0.11,000,0.11
2016-04-11,0.11,0.11,0.11,0.11,000,0.11
2016-04-08,0.11,0.11,0.11,0.11,000,0.11
2016-04-07,0.11,0.11,0.11,0.11,000,0.11
2016-04-06,0.11,0.11,0.11,0.11,000,0.11
2016-04-05,0.11,0.11,0.11,0.11,000,0.11
2016-04-04,0.11,0.11,0.11,0.11,000,0.11
2016-04-01,0.11,0.11,0.11,0.11,000,0.11
2016-03-31,0.11,0.11,0.11,0.11,000,0.11
2016-03-30,0.11,0.11,0.11,0.11,000,0.11
2016-03-29,0.11,0.11,0.11,0.11,000,0.11
2016-03-28,0.11,0.11,0.11,0.11,000,0.11
2016-03-24,0.11,0.11,0.11,0.11,000,0.11
2016-03-23,0.11,0.11,0.11,0.11,000,0.11
2016-03-22,0.11,0.11,0.11,0.11,000,0.11
2016-03-21,0.11,0.11,0.11,0.11,000,0.11
2016-03-18,0.11,0.11,0.11,0.11,000,0.11
2016-03-17,0.11,0.11,0.11,0.11,000,0.11
2016-03-16,0.11,0.11,0.11,0.11,000,0.11
2016-03-15,0.11,0.11,0.11,0.11,000,0.11
2016-03-14,0.11,0.11,0.11,0.11,000,0.11
2016-03-11,0.11,0.11,0.11,0.11,000,0.11
2016-03-10,0.11,0.11,0.11,0.11,000,0.11
2016-03-09,0.11,0.11,0.11,0.11,000,0.11
2016-03-08,0.11,0.11,0.11,0.11,000,0.11
2016-03-07,0.11,0.11,0.11,0.11,000,0.11
2016-03-04,0.11,0.11,0.11,0.11,000,0.11
2016-03-03,0.11,0.11,0.11,0.11,000,0.11
2016-03-02,0.11,0.11,0.11,0.11,000,0.11
2016-03-01,0.11,0.11,0.11,0.11,000,0.11
2016-02-29,0.11,0.11,0.11,0.11,000,0.11
2016-02-26,0.11,0.11,0.11,0.11,000,0.11
2016-02-25,0.11,0.11,0.11,0.11,000,0.11
2016-02-24,0.11,0.11,0.11,0.11,000,0.11
2016-02-23,0.11,0.11,0.11,0.11,000,0.11
2016-02-22,0.11,0.11,0.11,0.11,000,0.11
2016-02-19,0.11,0.11,0.11,0.11,000,0.11
2016-02-18,0.11,0.11,0.11,0.11,000,0.11
2016-02-17,0.11,0.11,0.11,0.11,000,0.11
2016-02-16,0.11,0.11,0.11,0.11,000,0.11
2016-02-12,0.11,0.11,0.11,0.11,000,0.11
2016-02-11,0.11,0.11,0.11,0.11,000,0.11
2016-02-10,0.11,0.11,0.11,0.11,000,0.11
2016-02-09,0.11,0.11,0.11,0.11,000,0.11
2016-02-08,0.11,0.11,0.11,0.11,000,0.11
2016-02-05,0.11,0.11,0.11,0.11,000,0.11
2016-02-04,0.11,0.11,0.11,0.11,000,0.11
2016-02-03,0.11,0.11,0.11,0.11,000,0.11
2016-02-02,0.11,0.11,0.11,0.11,000,0.11
2016-02-01,0.11,0.11,0.11,0.11,000,0.11
2016-01-29,0.11,0.11,0.11,0.11,000,0.11
2016-01-28,0.11,0.11,0.11,0.11,000,0.11
2016-01-27,0.11,0.11,0.11,0.11,000,0.11
2016-01-26,0.11,0.11,0.11,0.11,000,0.11
2016-01-25,0.11,0.11,0.11,0.11,000,0.11
2016-01-22,0.11,0.11,0.11,0.11,000,0.11
2016-01-21,0.11,0.11,0.11,0.11,000,0.11
2016-01-20,0.11,0.11,0.11,0.11,000,0.11
2016-01-19,0.11,0.11,0.11,0.11,000,0.11
2016-01-15,0.11,0.11,0.11,0.11,000,0.11
2016-01-14,0.11,0.11,0.11,0.11,000,0.11
2016-01-13,0.11,0.11,0.11,0.11,000,0.11
2016-01-12,0.11,0.11,0.11,0.11,000,0.11
2016-01-11,0.11,0.11,0.11,0.11,000,0.11
2016-01-08,0.11,0.11,0.11,0.11,000,0.11
2016-01-07,0.11,0.11,0.11,0.11,000,0.11
2016-01-06,0.11,0.11,0.11,0.11,000,0.11
2016-01-05,0.11,0.11,0.11,0.11,000,0.11
2016-01-04,0.11,0.11,0.11,0.11,000,0.11
2015-12-31,0.11,0.11,0.11,0.11,000,0.11
2015-12-30,0.11,0.11,0.11,0.11,000,0.11
2015-12-29,0.11,0.11,0.11,0.11,000,0.11
2015-12-28,0.11,0.11,0.11,0.11,000,0.11
2015-12-24,0.11,0.11,0.11,0.11,000,0.11
2015-12-23,0.11,0.11,0.11,0.11,000,0.11
2015-12-22,0.11,0.11,0.11,0.11,000,0.11
2015-12-21,0.11,0.11,0.11,0.11,3200,0.11
2015-12-18,0.05,0.05,0.05,0.05,000,0.05
2015-12-17,0.05,0.05,0.05,0.05,000,0.05
2015-12-16,0.05,0.05,0.05,0.05,000,0.05
2015-12-15,0.05,0.05,0.05,0.05,000,0.05
2015-12-14,0.05,0.05,0.05,0.05,000,0.05
2015-12-11,0.05,0.05,0.05,0.05,000,0.05
2015-12-10,0.05,0.05,0.05,0.05,000,0.05
2015-12-09,0.05,0.05,0.05,0.05,000,0.05
2015-12-08,0.05,0.05,0.05,0.05,000,0.05
2015-12-07,0.05,0.05,0.05,0.05,000,0.05
2015-12-04,0.05,0.05,0.05,0.05,000,0.05
2015-12-03,0.05,0.05,0.05,0.05,000,0.05
2015-12-02,0.05,0.05,0.05,0.05,000,0.05
2015-12-01,0.05,0.05,0.05,0.05,000,0.05
2015-11-30,0.05,0.05,0.05,0.05,000,0.05
2015-11-27,0.05,0.05,0.05,0.05,000,0.05
2015-11-25,0.05,0.05,0.05,0.05,000,0.05
2015-11-24,0.05,0.05,0.05,0.05,000,0.05
2015-11-23,0.05,0.05,0.05,0.05,000,0.05
2015-11-20,0.05,0.05,0.05,0.05,000,0.05
2015-11-19,0.05,0.05,0.05,0.05,000,0.05
2015-11-18,0.05,0.05,0.05,0.05,000,0.05
2015-11-17,0.05,0.05,0.05,0.05,000,0.05
2015-11-16,0.05,0.05,0.05,0.05,3500,0.05
2015-11-13,0.10,0.10,0.10,0.10,000,0.10
2015-11-12,0.10,0.10,0.10,0.10,000,0.10
2015-11-11,0.10,0.10,0.10,0.10,000,0.10
2015-11-10,0.10,0.10,0.10,0.10,000,0.10
2015-11-09,0.10,0.10,0.10,0.10,000,0.10
2015-11-06,0.10,0.10,0.10,0.10,000,0.10
2015-11-05,0.10,0.10,0.10,0.10,000,0.10
2015-11-04,0.10,0.10,0.10,0.10,000,0.10
2015-11-03,0.10,0.10,0.10,0.10,000,0.10
2015-11-02,0.10,0.10,0.10,0.10,000,0.10
2015-10-30,0.10,0.10,0.10,0.10,000,0.10
2015-10-29,0.10,0.10,0.10,0.10,5000,0.10
2015-10-28,0.10,0.10,0.10,0.10,000,0.10
2015-10-27,0.10,0.10,0.10,0.10,000,0.10
2015-10-26,0.10,0.10,0.10,0.10,000,0.10
2015-10-23,0.10,0.10,0.10,0.10,000,0.10
2015-10-22,0.10,0.10,0.10,0.10,000,0.10
2015-10-21,0.10,0.10,0.10,0.10,000,0.10
2015-10-20,0.10,0.10,0.10,0.10,000,0.10
2015-10-19,0.10,0.10,0.10,0.10,000,0.10
2015-10-16,0.10,0.10,0.10,0.10,000,0.10
2015-10-15,0.10,0.10,0.10,0.10,000,0.10
2015-10-14,0.10,0.10,0.10,0.10,000,0.10
2015-10-13,0.10,0.10,0.10,0.10,000,0.10
2015-10-12,0.10,0.10,0.10,0.10,000,0.10
2015-10-09,0.10,0.10,0.10,0.10,000,0.10
2015-10-08,0.10,0.13,0.10,0.10,10000,0.10
2015-10-07,0.11,0.11,0.11,0.11,000,0.11
2015-10-06,0.11,0.11,0.11,0.11,000,0.11
2015-10-05,0.11,0.11,0.11,0.11,000,0.11
2015-10-02,0.11,0.11,0.11,0.11,000,0.11
2015-10-01,0.11,0.11,0.11,0.11,000,0.11
2015-09-30,0.11,0.11,0.11,0.11,000,0.11
2015-09-29,0.11,0.11,0.11,0.11,000,0.11
2015-09-28,0.11,0.11,0.11,0.11,000,0.11
2015-09-25,0.11,0.11,0.11,0.11,000,0.11
2015-09-24,0.11,0.11,0.11,0.11,000,0.11
2015-09-23,0.11,0.11,0.11,0.11,000,0.11
2015-09-22,0.11,0.11,0.11,0.11,000,0.11
2015-09-21,0.11,0.11,0.11,0.11,000,0.11
2015-09-18,0.11,0.11,0.11,0.11,000,0.11
2015-09-17,0.11,0.11,0.11,0.11,000,0.11
2015-09-16,0.11,0.11,0.11,0.11,000,0.11
2015-09-15,0.11,0.11,0.11,0.11,000,0.11
2015-09-14,0.11,0.11,0.11,0.11,000,0.11
2015-09-11,0.11,0.11,0.11,0.11,000,0.11
2015-09-10,0.11,0.11,0.11,0.11,000,0.11
2015-09-09,0.11,0.11,0.11,0.11,000,0.11
2015-09-08,0.11,0.11,0.11,0.11,000,0.11
2015-09-04,0.11,0.11,0.11,0.11,000,0.11
2015-09-03,0.11,0.11,0.11,0.11,000,0.11
2015-09-02,0.11,0.11,0.11,0.11,000,0.11
2015-09-01,0.11,0.11,0.11,0.11,000,0.11
2015-08-31,0.11,0.11,0.11,0.11,000,0.11
2015-08-28,0.11,0.11,0.11,0.11,000,0.11
2015-08-27,0.11,0.11,0.11,0.11,000,0.11
2015-08-26,0.11,0.11,0.11,0.11,000,0.11
2015-08-25,0.11,0.11,0.11,0.11,000,0.11
2015-08-24,0.11,0.11,0.11,0.11,000,0.11
2015-08-21,0.11,0.11,0.11,0.11,000,0.11
2015-08-20,0.11,0.11,0.11,0.11,000,0.11
2015-08-19,0.11,0.11,0.11,0.11,000,0.11
2015-08-18,0.11,0.11,0.11,0.11,000,0.11
2015-08-17,0.11,0.11,0.11,0.11,000,0.11
2015-08-14,0.11,0.11,0.11,0.11,000,0.11
2015-08-13,0.11,0.11,0.11,0.11,000,0.11
2015-08-12,0.11,0.11,0.11,0.11,000,0.11
2015-08-11,0.11,0.11,0.11,0.11,000,0.11
2015-08-10,0.11,0.11,0.11,0.11,000,0.11
2015-08-07,0.11,0.11,0.11,0.11,000,0.11
2015-08-06,0.11,0.11,0.11,0.11,000,0.11
2015-08-05,0.11,0.11,0.11,0.11,000,0.11
2015-08-04,0.11,0.11,0.11,0.11,000,0.11
2015-08-03,0.11,0.11,0.11,0.11,000,0.11
2015-07-31,0.11,0.11,0.11,0.11,000,0.11
2015-07-30,0.11,0.11,0.11,0.11,000,0.11
2015-07-29,0.11,0.11,0.11,0.11,000,0.11
2015-07-28,0.11,0.11,0.11,0.11,000,0.11
2015-07-27,0.11,0.11,0.11,0.11,000,0.11
2015-07-24,0.11,0.11,0.11,0.11,000,0.11
2015-07-23,0.11,0.11,0.11,0.11,000,0.11
2015-07-22,0.11,0.11,0.11,0.11,000,0.11
2015-07-21,0.11,0.11,0.11,0.11,000,0.11
2015-07-20,0.11,0.11,0.11,0.11,000,0.11
2015-07-17,0.11,0.11,0.11,0.11,000,0.11
2015-07-16,0.11,0.11,0.11,0.11,000,0.11
2015-07-15,0.11,0.11,0.11,0.11,000,0.11
2015-07-14,0.11,0.11,0.11,0.11,000,0.11
2015-07-13,0.11,0.11,0.11,0.11,000,0.11
2015-07-10,0.11,0.11,0.11,0.11,000,0.11
2015-07-09,0.11,0.11,0.11,0.11,000,0.11
2015-07-08,0.11,0.11,0.11,0.11,000,0.11
2015-07-07,0.11,0.11,0.11,0.11,000,0.11
2015-07-06,0.11,0.11,0.11,0.11,000,0.11
2015-07-02,0.11,0.11,0.11,0.11,000,0.11
2015-07-01,0.11,0.11,0.11,0.11,000,0.11
2015-06-30,0.11,0.11,0.11,0.11,000,0.11
2015-06-29,0.11,0.11,0.11,0.11,000,0.11
2015-06-26,0.11,0.11,0.11,0.11,000,0.11
2015-06-25,0.11,0.11,0.11,0.11,000,0.11
2015-06-24,0.11,0.11,0.11,0.11,000,0.11
2015-06-23,0.11,0.11,0.11,0.11,000,0.11
2015-06-22,0.11,0.11,0.11,0.11,000,0.11
2015-06-19,0.11,0.11,0.11,0.11,000,0.11
2015-06-18,0.11,0.11,0.11,0.11,000,0.11
2015-06-17,0.11,0.11,0.11,0.11,000,0.11
2015-06-16,0.11,0.11,0.11,0.11,000,0.11
2015-06-15,0.11,0.11,0.11,0.11,000,0.11
2015-06-12,0.11,0.11,0.11,0.11,000,0.11
2015-06-11,0.11,0.11,0.11,0.11,000,0.11
2015-06-10,0.11,0.11,0.11,0.11,000,0.11
2015-06-09,0.11,0.11,0.11,0.11,5000,0.11
2015-06-08,0.11,0.11,0.11,0.11,000,0.11
2015-06-05,0.11,0.11,0.11,0.11,000,0.11
2015-06-04,0.11,0.11,0.11,0.11,000,0.11
2015-06-03,0.11,0.11,0.11,0.11,000,0.11
2015-06-02,0.11,0.11,0.11,0.11,000,0.11
2015-06-01,0.11,0.11,0.11,0.11,000,0.11
2015-05-29,0.11,0.11,0.11,0.11,000,0.11
2015-05-28,0.11,0.11,0.11,0.11,000,0.11
2015-05-27,0.11,0.11,0.11,0.11,000,0.11
2015-05-26,0.11,0.11,0.11,0.11,000,0.11
2015-05-22,0.11,0.11,0.11,0.11,000,0.11
2015-05-21,0.11,0.11,0.11,0.11,000,0.11
2015-05-20,0.11,0.11,0.11,0.11,000,0.11
2015-05-19,0.11,0.11,0.11,0.11,000,0.11
2015-05-18,0.11,0.11,0.11,0.11,000,0.11
2015-05-15,0.11,0.11,0.11,0.11,000,0.11
2015-05-14,0.11,0.11,0.11,0.11,000,0.11
2015-05-13,0.11,0.11,0.11,0.11,000,0.11
2015-05-12,0.11,0.11,0.11,0.11,000,0.11
2015-05-11,0.11,0.11,0.11,0.11,000,0.11
2015-05-08,0.11,0.11,0.11,0.11,000,0.11
2015-05-07,0.11,0.11,0.11,0.11,000,0.11
2015-05-06,0.11,0.11,0.11,0.11,000,0.11
2015-05-05,0.11,0.11,0.11,0.11,000,0.11
2015-05-04,0.11,0.11,0.11,0.11,000,0.11
2015-05-01,0.11,0.11,0.11,0.11,000,0.11
2015-04-30,0.11,0.11,0.11,0.11,000,0.11
2015-04-29,0.11,0.11,0.11,0.11,000,0.11
2015-04-28,0.11,0.11,0.11,0.11,000,0.11
2015-04-27,0.11,0.11,0.11,0.11,000,0.11
2015-04-24,0.11,0.11,0.11,0.11,000,0.11
2015-04-23,0.11,0.11,0.11,0.11,000,0.11
2015-04-22,0.11,0.11,0.11,0.11,000,0.11
2015-04-21,0.11,0.11,0.11,0.11,000,0.11
2015-04-20,0.11,0.11,0.11,0.11,000,0.11
2015-04-17,0.11,0.11,0.11,0.11,000,0.11
2015-04-16,0.11,0.11,0.11,0.11,000,0.11
2015-04-15,0.11,0.11,0.11,0.11,000,0.11
2015-04-14,0.11,0.11,0.11,0.11,000,0.11
2015-04-13,0.11,0.11,0.11,0.11,000,0.11
2015-04-10,0.11,0.11,0.11,0.11,000,0.11
2015-04-09,0.11,0.11,0.11,0.11,000,0.11
2015-04-08,0.11,0.11,0.11,0.11,000,0.11
2015-04-07,0.11,0.11,0.11,0.11,000,0.11
2015-04-06,0.11,0.11,0.11,0.11,000,0.11
2015-04-02,0.11,0.11,0.11,0.11,000,0.11
2015-04-01,0.11,0.11,0.11,0.11,000,0.11
2015-03-31,0.11,0.11,0.11,0.11,000,0.11
2015-03-30,0.11,0.11,0.11,0.11,000,0.11
2015-03-27,0.11,0.11,0.11,0.11,000,0.11
2015-03-26,0.11,0.11,0.11,0.11,000,0.11
2015-03-25,0.11,0.11,0.11,0.11,000,0.11
2015-03-24,0.11,0.11,0.11,0.11,000,0.11
2015-03-23,0.11,0.11,0.11,0.11,000,0.11
2015-03-20,0.11,0.11,0.11,0.11,000,0.11
2015-03-19,0.11,0.11,0.11,0.11,000,0.11
2015-03-18,0.11,0.11,0.11,0.11,000,0.11
2015-03-17,0.11,0.11,0.11,0.11,000,0.11
2015-03-16,0.11,0.11,0.11,0.11,000,0.11
2015-03-13,0.11,0.11,0.11,0.11,000,0.11
2015-03-12,0.11,0.11,0.11,0.11,000,0.11
2015-03-11,0.11,0.11,0.11,0.11,000,0.11
2015-03-10,0.11,0.11,0.11,0.11,000,0.11
2015-03-09,0.11,0.11,0.11,0.11,000,0.11
2015-03-06,0.11,0.11,0.11,0.11,000,0.11
2015-03-05,0.11,0.11,0.11,0.11,000,0.11
2015-03-04,0.11,0.11,0.11,0.11,000,0.11
2015-03-03,0.11,0.11,0.11,0.11,000,0.11
2015-03-02,0.11,0.11,0.11,0.11,000,0.11
2015-02-27,0.11,0.11,0.11,0.11,000,0.11
2015-02-26,0.11,0.11,0.11,0.11,000,0.11
2015-02-25,0.11,0.11,0.11,0.11,000,0.11
2015-02-24,0.11,0.11,0.11,0.11,000,0.11
2015-02-23,0.11,0.11,0.11,0.11,000,0.11
2015-02-20,0.11,0.11,0.11,0.11,000,0.11
2015-02-19,0.11,0.11,0.11,0.11,000,0.11
2015-02-18,0.11,0.11,0.11,0.11,000,0.11
2015-02-17,0.11,0.11,0.11,0.11,000,0.11
2015-02-13,0.11,0.11,0.11,0.11,000,0.11
2015-02-12,0.11,0.11,0.11,0.11,000,0.11
2015-02-11,0.11,0.11,0.11,0.11,000,0.11
2015-02-10,0.11,0.11,0.11,0.11,000,0.11
2015-02-09,0.11,0.11,0.11,0.11,700,0.11
2015-02-06,0.23,0.23,0.23,0.23,000,0.23
2015-02-05,0.23,0.23,0.23,0.23,000,0.23
2015-02-04,0.23,0.23,0.23,0.23,000,0.23
2015-02-03,0.23,0.23,0.23,0.23,000,0.23
2015-02-02,0.23,0.23,0.23,0.23,000,0.23
2015-01-30,0.23,0.23,0.23,0.23,000,0.23
2015-01-29,0.23,0.23,0.23,0.23,000,0.23
2015-01-28,0.23,0.23,0.23,0.23,000,0.23
2015-01-27,0.21,0.23,0.21,0.23,34000,0.23
2015-01-26,0.21,0.25,0.20,0.20,17000,0.20
2015-01-23,0.22,0.22,0.22,0.22,1000,0.22
2015-01-22,0.25,0.25,0.25,0.25,000,0.25
2015-01-21,0.25,0.25,0.25,0.25,000,0.25
2015-01-20,0.25,0.25,0.25,0.25,000,0.25
2015-01-16,0.25,0.25,0.25,0.25,000,0.25
2015-01-15,0.25,0.25,0.25,0.25,000,0.25
2015-01-14,0.25,0.25,0.25,0.25,000,0.25
2015-01-13,0.25,0.25,0.25,0.25,000,0.25
2015-01-12,0.25,0.25,0.25,0.25,000,0.25
2015-01-09,0.25,0.25,0.25,0.25,000,0.25
2015-01-08,0.25,0.25,0.25,0.25,000,0.25
2015-01-07,0.25,0.25,0.25,0.25,000,0.25
2015-01-06,0.25,0.25,0.25,0.25,000,0.25
2015-01-05,0.25,0.25,0.25,0.25,000,0.25
2015-01-02,0.25,0.25,0.25,0.25,000,0.25
2014-12-31,0.25,0.25,0.25,0.25,000,0.25
2014-12-30,0.25,0.25,0.25,0.25,000,0.25
2014-12-29,0.25,0.25,0.25,0.25,000,0.25
2014-12-26,0.25,0.25,0.25,0.25,000,0.25
2014-12-24,0.25,0.25,0.25,0.25,000,0.25
2014-12-23,0.25,0.25,0.25,0.25,000,0.25
2014-12-22,0.25,0.25,0.25,0.25,000,0.25
2014-12-19,0.25,0.25,0.25,0.25,000,0.25
2014-12-18,0.25,0.25,0.25,0.25,000,0.25
2014-12-17,0.25,0.25,0.25,0.25,000,0.25
2014-12-16,0.25,0.25,0.25,0.25,000,0.25
2014-12-15,0.25,0.25,0.25,0.25,000,0.25
2014-12-12,0.25,0.25,0.25,0.25,000,0.25
2014-12-11,0.25,0.25,0.25,0.25,000,0.25
2014-12-10,0.25,0.25,0.25,0.25,000,0.25
2014-12-09,0.25,0.25,0.25,0.25,000,0.25
2014-12-08,0.25,0.25,0.25,0.25,000,0.25
2014-12-05,0.25,0.25,0.25,0.25,000,0.25
2014-12-04,0.25,0.25,0.25,0.25,100000,0.25
2014-12-03,0.25,0.25,0.25,0.25,000,0.25
2014-12-02,0.25,0.25,0.25,0.25,000,0.25
2014-12-01,0.25,0.25,0.25,0.25,000,0.25
2014-11-28,0.25,0.25,0.25,0.25,000,0.25
2014-11-26,0.25,0.25,0.25,0.25,000,0.25
2014-11-25,0.25,0.25,0.25,0.25,000,0.25
2014-11-24,0.25,0.25,0.25,0.25,000,0.25
2014-11-21,0.25,0.25,0.25,0.25,000,0.25
2014-11-20,0.25,0.25,0.25,0.25,000,0.25
2014-11-19,0.25,0.25,0.25,0.25,000,0.25
2014-11-18,0.25,0.25,0.25,0.25,000,0.25
2014-11-17,0.25,0.25,0.25,0.25,50000,0.25
2014-11-14,0.20,0.20,0.20,0.20,700,0.20
2014-11-13,0.20,0.20,0.20,0.20,000,0.20
2014-11-12,0.20,0.20,0.20,0.20,000,0.20
2014-11-11,0.20,0.20,0.20,0.20,000,0.20
2014-11-10,0.20,0.20,0.20,0.20,000,0.20
2014-11-07,0.20,0.20,0.20,0.20,000,0.20
2014-11-06,0.20,0.20,0.20,0.20,000,0.20
2014-11-05,0.20,0.20,0.20,0.20,000,0.20
2014-11-04,0.20,0.20,0.20,0.20,000,0.20
2014-11-03,0.20,0.20,0.20,0.20,000,0.20
2014-10-31,0.20,0.20,0.20,0.20,000,0.20
2014-10-30,0.20,0.20,0.20,0.20,000,0.20
2014-10-29,0.20,0.20,0.20,0.20,000,0.20
2014-10-28,0.20,0.20,0.20,0.20,000,0.20
2014-10-27,0.20,0.20,0.20,0.20,000,0.20
2014-10-24,0.20,0.20,0.20,0.20,000,0.20
2014-10-23,0.20,0.20,0.20,0.20,000,0.20
2014-10-22,0.20,0.20,0.20,0.20,000,0.20
2014-10-21,0.20,0.20,0.20,0.20,000,0.20
2014-10-20,0.20,0.20,0.20,0.20,000,0.20
2014-10-17,0.20,0.20,0.20,0.20,000,0.20
2014-10-16,0.20,0.20,0.20,0.20,000,0.20
2014-10-15,0.20,0.20,0.20,0.20,000,0.20
2014-10-14,0.20,0.20,0.20,0.20,000,0.20
2014-10-13,0.20,0.20,0.20,0.20,000,0.20
2014-10-10,0.20,0.20,0.20,0.20,000,0.20
2014-10-09,0.20,0.20,0.20,0.20,000,0.20
2014-10-08,0.20,0.20,0.20,0.20,000,0.20
2014-10-07,0.20,0.20,0.20,0.20,000,0.20
2014-10-06,0.20,0.20,0.20,0.20,000,0.20
2014-10-03,0.20,0.20,0.20,0.20,000,0.20
2014-10-02,0.20,0.20,0.20,0.20,000,0.20
2014-10-01,0.20,0.20,0.20,0.20,000,0.20
2014-09-30,0.20,0.20,0.20,0.20,2500,0.20
2014-09-29,0.20,0.20,0.15,0.15,10000,0.15
2014-09-26,0.40,0.40,0.40,0.40,000,0.40
2014-09-25,0.40,0.40,0.40,0.40,000,0.40
2014-09-24,0.40,0.40,0.40,0.40,000,0.40
2014-09-23,0.40,0.40,0.40,0.40,000,0.40
2014-09-22,0.40,0.40,0.40,0.40,000,0.40
2014-09-19,0.40,0.40,0.40,0.40,000,0.40
2014-09-18,0.40,0.40,0.40,0.40,000,0.40
2014-09-17,0.40,0.40,0.40,0.40,000,0.40
2014-09-16,0.40,0.40,0.40,0.40,000,0.40
2014-09-15,0.40,0.40,0.40,0.40,000,0.40
2014-09-12,0.40,0.40,0.40,0.40,000,0.40
2014-09-11,0.40,0.40,0.40,0.40,000,0.40
2014-09-10,0.40,0.40,0.40,0.40,000,0.40
2014-09-09,0.40,0.40,0.40,0.40,000,0.40
2014-09-08,0.40,0.40,0.40,0.40,000,0.40
2014-09-05,0.40,0.40,0.40,0.40,000,0.40
2014-09-04,0.40,0.40,0.40,0.40,000,0.40
2014-09-03,0.40,0.40,0.40,0.40,000,0.40
2014-09-02,0.40,0.40,0.40,0.40,000,0.40
2014-08-29,0.40,0.40,0.40,0.40,000,0.40
2014-08-28,0.40,0.40,0.40,0.40,000,0.40
2014-08-27,0.40,0.40,0.40,0.40,000,0.40
2014-08-26,0.40,0.40,0.40,0.40,000,0.40
2014-08-25,0.40,0.40,0.40,0.40,000,0.40
2014-08-22,0.40,0.40,0.40,0.40,000,0.40
2014-08-21,0.40,0.40,0.40,0.40,000,0.40
2014-08-20,0.40,0.40,0.40,0.40,000,0.40
2014-08-19,0.40,0.40,0.40,0.40,000,0.40
2014-08-18,0.40,0.40,0.40,0.40,000,0.40
2014-08-15,0.40,0.40,0.40,0.40,000,0.40
2014-08-14,0.40,0.40,0.40,0.40,000,0.40
2014-08-13,0.40,0.40,0.40,0.40,000,0.40
2014-08-12,0.40,0.40,0.40,0.40,000,0.40
2014-08-11,0.40,0.40,0.40,0.40,000,0.40
2014-08-08,0.40,0.40,0.40,0.40,000,0.40
2014-08-07,0.40,0.40,0.40,0.40,000,0.40
2014-08-06,0.40,0.40,0.40,0.40,000,0.40
2014-08-05,0.40,0.40,0.40,0.40,000,0.40
2014-08-04,0.40,0.40,0.40,0.40,000,0.40
2014-08-01,0.40,0.40,0.40,0.40,000,0.40
2014-07-31,0.40,0.40,0.40,0.40,000,0.40
2014-07-30,0.40,0.40,0.40,0.40,000,0.40
2014-07-29,0.40,0.40,0.40,0.40,000,0.40
2014-07-28,0.40,0.40,0.40,0.40,000,0.40
2014-07-25,0.40,0.40,0.40,0.40,000,0.40
2014-07-24,0.40,0.40,0.40,0.40,000,0.40
2014-07-23,0.40,0.40,0.40,0.40,000,0.40
2014-07-22,0.40,0.40,0.40,0.40,000,0.40
2014-07-21,0.40,0.40,0.40,0.40,000,0.40
2014-07-18,0.40,0.40,0.40,0.40,000,0.40
2014-07-17,0.40,0.40,0.40,0.40,000,0.40
2014-07-16,0.40,0.40,0.40,0.40,000,0.40
2014-07-15,0.40,0.40,0.40,0.40,000,0.40
2014-07-14,0.40,0.40,0.40,0.40,000,0.40
2014-07-11,0.40,0.40,0.40,0.40,000,0.40
2014-07-10,0.40,0.40,0.40,0.40,000,0.40
2014-07-09,0.40,0.40,0.40,0.40,000,0.40
2014-07-08,0.40,0.40,0.40,0.40,000,0.40
2014-07-07,0.40,0.40,0.40,0.40,000,0.40
2014-07-03,0.40,0.40,0.40,0.40,000,0.40
2014-07-02,0.40,0.40,0.40,0.40,000,0.40
2014-07-01,0.35,0.50,0.35,0.40,7500,0.40
2014-06-30,0.30,0.30,0.30,0.30,000,0.30
2014-06-27,0.30,0.30,0.30,0.30,000,0.30
2014-06-26,0.30,0.30,0.30,0.30,000,0.30
2014-06-25,0.30,0.30,0.30,0.30,000,0.30
2014-06-24,0.30,0.30,0.30,0.30,000,0.30
2014-06-23,0.30,0.30,0.30,0.30,000,0.30
2014-06-20,0.30,0.30,0.30,0.30,000,0.30
2014-06-19,0.30,0.30,0.30,0.30,000,0.30
2014-06-18,0.30,0.30,0.30,0.30,000,0.30
2014-06-17,0.30,0.30,0.30,0.30,000,0.30
2014-06-16,0.30,0.30,0.30,0.30,000,0.30
2014-06-13,0.30,0.30,0.30,0.30,000,0.30
2014-06-12,0.30,0.30,0.30,0.30,000,0.30
2014-06-11,0.30,0.30,0.30,0.30,000,0.30
2014-06-10,0.30,0.30,0.30,0.30,000,0.30
2014-06-09,0.30,0.30,0.30,0.30,000,0.30
2014-06-06,0.30,0.30,0.30,0.30,000,0.30
2014-06-05,0.30,0.30,0.30,0.30,000,0.30
2014-06-04,0.30,0.30,0.30,0.30,000,0.30
2014-06-03,0.30,0.30,0.30,0.30,000,0.30
2014-06-02,0.30,0.30,0.30,0.30,000,0.30
2014-05-30,0.30,0.30,0.30,0.30,000,0.30
2014-05-29,0.30,0.30,0.30,0.30,000,0.30
2014-05-28,0.30,0.30,0.30,0.30,000,0.30
2014-05-27,0.30,0.30,0.30,0.30,000,0.30
2014-05-23,0.30,0.30,0.30,0.30,000,0.30
2014-05-22,0.30,0.30,0.30,0.30,000,0.30
2014-05-21,0.30,0.30,0.30,0.30,000,0.30
2014-05-20,0.30,0.30,0.30,0.30,000,0.30
2014-05-19,0.30,0.30,0.30,0.30,000,0.30
2014-05-16,0.30,0.30,0.30,0.30,000,0.30
2014-05-15,0.30,0.30,0.30,0.30,000,0.30
2014-05-14,0.30,0.30,0.30,0.30,000,0.30
2014-05-13,0.30,0.30,0.30,0.30,000,0.30
2014-05-12,0.30,0.30,0.30,0.30,000,0.30
2014-05-09,0.30,0.30,0.30,0.30,000,0.30
2014-05-08,0.30,0.30,0.30,0.30,000,0.30
2014-05-07,0.30,0.30,0.30,0.30,000,0.30
2014-05-06,0.30,0.30,0.30,0.30,000,0.30
2014-05-05,0.30,0.30,0.30,0.30,000,0.30
2014-05-02,0.30,0.30,0.30,0.30,000,0.30
2014-05-01,0.30,0.30,0.30,0.30,000,0.30
2014-04-30,0.30,0.30,0.30,0.30,000,0.30
2014-04-29,0.30,0.30,0.30,0.30,000,0.30
2014-04-28,0.30,0.30,0.30,0.30,000,0.30
2014-04-25,0.30,0.30,0.30,0.30,000,0.30
2014-04-24,0.30,0.30,0.30,0.30,000,0.30
2014-04-23,0.30,0.30,0.30,0.30,000,0.30
2014-04-22,0.30,0.30,0.30,0.30,000,0.30
2014-04-21,0.30,0.30,0.30,0.30,000,0.30
2014-04-17,0.30,0.30,0.30,0.30,000,0.30
2014-04-16,0.30,0.30,0.30,0.30,000,0.30
2014-04-15,0.30,0.30,0.30,0.30,000,0.30
2014-04-14,0.30,0.30,0.30,0.30,000,0.30
2014-04-11,0.30,0.30,0.30,0.30,2500,0.30
2014-04-10,0.40,0.40,0.40,0.40,000,0.40
2014-04-09,0.40,0.40,0.40,0.40,000,0.40
2014-04-08,0.40,0.40,0.40,0.40,000,0.40
2014-04-07,0.40,0.40,0.40,0.40,000,0.40
2014-04-04,0.40,0.40,0.40,0.40,000,0.40
2014-04-03,0.40,0.40,0.40,0.40,000,0.40
2014-04-02,0.40,0.40,0.40,0.40,000,0.40
2014-04-01,0.40,0.40,0.40,0.40,000,0.40
2014-03-31,0.40,0.40,0.40,0.40,000,0.40
2014-03-28,0.40,0.40,0.40,0.40,000,0.40
2014-03-27,0.40,0.40,0.40,0.40,000,0.40
2014-03-26,0.40,0.40,0.40,0.40,000,0.40
2014-03-25,0.40,0.40,0.40,0.40,000,0.40
2014-03-24,0.40,0.40,0.40,0.40,000,0.40
2014-03-21,0.40,0.40,0.40,0.40,000,0.40
2014-03-20,0.40,0.40,0.40,0.40,000,0.40
2014-03-19,0.40,0.40,0.40,0.40,000,0.40
2014-03-18,0.40,0.40,0.40,0.40,000,0.40
2014-03-17,0.40,0.40,0.40,0.40,000,0.40
2014-03-14,0.40,0.40,0.40,0.40,000,0.40
2014-03-13,0.40,0.40,0.40,0.40,000,0.40
2014-03-12,0.40,0.40,0.40,0.40,000,0.40
2014-03-11,0.40,0.40,0.40,0.40,000,0.40
2014-03-10,0.40,0.40,0.40,0.40,000,0.40
2014-03-07,0.40,0.40,0.40,0.40,000,0.40
2014-03-06,0.40,0.40,0.40,0.40,000,0.40
2014-03-05,0.40,0.40,0.40,0.40,000,0.40
2014-03-04,0.40,0.40,0.40,0.40,000,0.40
2014-03-03,0.40,0.40,0.40,0.40,000,0.40
2014-02-28,0.40,0.40,0.40,0.40,000,0.40
2014-02-27,0.40,0.40,0.40,0.40,000,0.40
2014-02-26,0.40,0.40,0.40,0.40,000,0.40
2014-02-25,0.40,0.40,0.40,0.40,000,0.40
2014-02-24,0.40,0.40,0.40,0.40,000,0.40
2014-02-21,0.40,0.40,0.40,0.40,000,0.40
2014-02-20,0.40,0.40,0.40,0.40,000,0.40
2014-02-19,0.40,0.40,0.40,0.40,000,0.40
2014-02-18,0.40,0.40,0.40,0.40,000,0.40
2014-02-14,0.40,0.40,0.40,0.40,000,0.40
2014-02-13,0.40,0.40,0.40,0.40,000,0.40
2014-02-12,0.40,0.40,0.40,0.40,000,0.40
2014-02-11,0.40,0.40,0.40,0.40,000,0.40
2014-02-10,0.40,0.40,0.40,0.40,000,0.40
2014-02-07,0.40,0.40,0.40,0.40,000,0.40
2014-02-06,0.40,0.40,0.40,0.40,000,0.40
2014-02-05,0.40,0.40,0.40,0.40,000,0.40
2014-02-04,0.40,0.40,0.40,0.40,000,0.40
2014-02-03,0.40,0.40,0.40,0.40,000,0.40
2014-01-31,0.40,0.40,0.40,0.40,000,0.40
2014-01-30,0.40,0.40,0.40,0.40,000,0.40
2014-01-29,0.40,0.40,0.40,0.40,000,0.40
2014-01-28,0.40,0.40,0.40,0.40,000,0.40
2014-01-27,0.40,0.40,0.40,0.40,000,0.40
2014-01-24,0.40,0.40,0.40,0.40,000,0.40
2014-01-23,0.40,0.40,0.40,0.40,000,0.40
2014-01-22,0.40,0.40,0.40,0.40,000,0.40
2014-01-21,0.40,0.40,0.40,0.40,000,0.40
2014-01-17,0.40,0.40,0.40,0.40,000,0.40
2014-01-16,0.40,0.40,0.40,0.40,000,0.40
2014-01-15,0.40,0.40,0.40,0.40,000,0.40
2014-01-14,0.40,0.40,0.40,0.40,000,0.40
2014-01-13,0.40,0.40,0.40,0.40,000,0.40
2014-01-10,0.40,0.40,0.40,0.40,000,0.40
2014-01-09,0.40,0.40,0.40,0.40,000,0.40
2014-01-08,0.40,0.40,0.40,0.40,000,0.40
2014-01-07,0.40,0.40,0.40,0.40,000,0.40
2014-01-06,0.40,0.40,0.40,0.40,000,0.40
2014-01-03,0.40,0.40,0.40,0.40,000,0.40
2014-01-02,0.40,0.40,0.40,0.40,000,0.40
2013-12-31,0.40,0.40,0.40,0.40,000,0.40
2013-12-30,0.40,0.40,0.40,0.40,5000,0.40
2013-12-27,0.35,0.35,0.35,0.35,000,0.35
2013-12-26,0.35,0.35,0.31,0.35,9500,0.35
2013-12-24,0.30,0.30,0.30,0.30,2500,0.30
2013-12-23,0.25,0.25,0.25,0.25,000,0.25
2013-12-20,0.25,0.25,0.25,0.25,000,0.25
2013-12-19,0.25,0.25,0.25,0.25,000,0.25
2013-12-18,0.25,0.25,0.25,0.25,000,0.25
2013-12-17,0.25,0.25,0.25,0.25,2500,0.25
2013-12-16,0.30,0.30,0.30,0.30,000,0.30
2013-12-13,0.30,0.30,0.30,0.30,000,0.30
2013-12-12,0.30,0.30,0.30,0.30,000,0.30
2013-12-11,0.30,0.30,0.30,0.30,000,0.30
2013-12-10,0.30,0.30,0.30,0.30,000,0.30
2013-12-09,0.30,0.30,0.30,0.30,000,0.30
2013-12-06,0.30,0.30,0.30,0.30,000,0.30
2013-12-05,0.30,0.30,0.30,0.30,000,0.30
2013-12-04,0.30,0.30,0.30,0.30,000,0.30
2013-12-03,0.30,0.30,0.30,0.30,000,0.30
2013-12-02,0.30,0.30,0.30,0.30,000,0.30
2013-11-29,0.30,0.30,0.30,0.30,000,0.30
2013-11-27,0.30,0.30,0.30,0.30,000,0.30
2013-11-26,0.30,0.30,0.30,0.30,5000,0.30
2013-11-25,0.20,0.20,0.20,0.20,000,0.20
2013-11-22,0.20,0.20,0.20,0.20,000,0.20
2013-11-21,0.15,0.20,0.15,0.20,10200,0.20
2013-11-20,0.15,0.15,0.15,0.15,000,0.15
2013-11-19,0.12,0.15,0.06,0.15,68500,0.15
2013-11-18,0.30,0.30,0.30,0.30,000,0.30
2013-11-15,0.30,0.30,0.30,0.30,000,0.30
2013-11-14,0.30,0.30,0.30,0.30,000,0.30
2013-11-13,0.30,0.30,0.30,0.30,000,0.30
2013-11-12,0.30,0.30,0.30,0.30,000,0.30
2013-11-11,0.30,0.30,0.30,0.30,000,0.30
2013-11-08,0.30,0.30,0.30,0.30,000,0.30
2013-11-07,0.30,0.30,0.30,0.30,000,0.30
2013-11-06,0.30,0.30,0.30,0.30,000,0.30
2013-11-05,0.30,0.30,0.30,0.30,000,0.30
2013-11-04,0.30,0.30,0.30,0.30,000,0.30
2013-11-01,0.30,0.30,0.30,0.30,000,0.30
2013-10-31,0.30,0.30,0.30,0.30,000,0.30
2013-10-30,0.30,0.30,0.30,0.30,000,0.30
2013-10-29,0.30,0.30,0.30,0.30,000,0.30
2013-10-28,0.30,0.30,0.30,0.30,000,0.30
2013-10-25,0.30,0.30,0.30,0.30,000,0.30
2013-10-24,0.30,0.30,0.30,0.30,000,0.30
2013-10-23,0.30,0.30,0.30,0.30,000,0.30
2013-10-22,0.30,0.30,0.30,0.30,000,0.30
2013-10-21,0.30,0.30,0.30,0.30,000,0.30
2013-10-18,0.30,0.30,0.30,0.30,000,0.30
2013-10-17,0.30,0.30,0.30,0.30,000,0.30
2013-10-16,0.30,0.30,0.30,0.30,000,0.30
2013-10-15,0.30,0.30,0.30,0.30,000,0.30
2013-10-14,0.30,0.30,0.30,0.30,000,0.30
2013-10-11,0.30,0.30,0.30,0.30,000,0.30
2013-10-10,0.30,0.30,0.30,0.30,000,0.30
2013-10-09,0.30,0.30,0.30,0.30,000,0.30
2013-10-08,0.30,0.30,0.30,0.30,000,0.30
2013-10-07,0.30,0.30,0.30,0.30,000,0.30
2013-10-04,0.30,0.30,0.30,0.30,000,0.30
2013-10-03,0.30,0.30,0.30,0.30,000,0.30
2013-10-02,0.30,0.30,0.30,0.30,000,0.30
2013-10-01,0.30,0.30,0.30,0.30,000,0.30
2013-09-30,0.30,0.30,0.30,0.30,000,0.30
2013-09-27,0.30,0.30,0.30,0.30,000,0.30
2013-09-26,0.30,0.30,0.30,0.30,000,0.30
2013-09-25,0.30,0.30,0.30,0.30,000,0.30
2013-09-24,0.30,0.30,0.30,0.30,000,0.30
2013-09-23,0.30,0.30,0.30,0.30,000,0.30
2013-09-20,0.30,0.30,0.30,0.30,000,0.30
2013-09-19,0.30,0.30,0.30,0.30,000,0.30
2013-09-18,0.30,0.30,0.30,0.30,000,0.30
2013-09-17,0.30,0.30,0.30,0.30,000,0.30
2013-09-16,0.30,0.30,0.30,0.30,000,0.30
2013-09-13,0.30,0.30,0.30,0.30,000,0.30
2013-09-12,0.30,0.30,0.30,0.30,000,0.30
2013-09-11,0.30,0.30,0.30,0.30,000,0.30
2013-09-10,0.30,0.30,0.30,0.30,000,0.30
2013-09-09,0.30,0.30,0.30,0.30,000,0.30
2013-09-06,0.30,0.30,0.30,0.30,000,0.30
2013-09-05,0.30,0.30,0.30,0.30,000,0.30
2013-09-04,0.30,0.30,0.30,0.30,000,0.30
2013-09-03,0.30,0.30,0.30,0.30,000,0.30
2013-08-30,0.30,0.30,0.30,0.30,000,0.30
2013-08-29,0.30,0.30,0.30,0.30,000,0.30
2013-08-28,0.30,0.30,0.30,0.30,000,0.30
2013-08-27,0.30,0.30,0.30,0.30,000,0.30
2013-08-26,0.30,0.30,0.30,0.30,000,0.30
2013-08-23,0.30,0.30,0.30,0.30,000,0.30
2013-08-22,0.30,0.30,0.30,0.30,000,0.30
2013-08-21,0.30,0.30,0.30,0.30,000,0.30
2013-08-20,0.30,0.30,0.30,0.30,000,0.30
2013-08-19,0.30,0.30,0.30,0.30,000,0.30
2013-08-16,0.30,0.30,0.30,0.30,000,0.30
2013-08-15,0.30,0.30,0.30,0.30,000,0.30
2013-08-14,0.30,0.30,0.30,0.30,000,0.30
2013-08-13,0.30,0.30,0.30,0.30,000,0.30
2013-08-12,0.30,0.30,0.30,0.30,000,0.30
2013-08-09,0.30,0.30,0.30,0.30,000,0.30
2013-08-08,0.30,0.30,0.30,0.30,000,0.30
2013-08-07,0.30,0.30,0.30,0.30,000,0.30
2013-08-06,0.30,0.30,0.30,0.30,000,0.30
2013-08-05,0.30,0.30,0.30,0.30,000,0.30
2013-08-02,0.30,0.30,0.30,0.30,000,0.30
2013-08-01,0.30,0.30,0.30,0.30,000,0.30
2013-07-31,0.30,0.30,0.30,0.30,000,0.30
2013-07-30,0.30,0.30,0.30,0.30,000,0.30
2013-07-29,0.30,0.30,0.30,0.30,000,0.30
2013-07-26,0.30,0.30,0.30,0.30,000,0.30
2013-07-25,0.30,0.30,0.30,0.30,000,0.30
2013-07-24,0.30,0.30,0.30,0.30,000,0.30
2013-07-23,0.30,0.30,0.30,0.30,000,0.30
2013-07-22,0.30,0.30,0.30,0.30,000,0.30
2013-07-19,0.30,0.30,0.30,0.30,000,0.30
2013-07-18,0.30,0.30,0.30,0.30,000,0.30
2013-07-17,0.30,0.30,0.30,0.30,000,0.30
2013-07-16,0.30,0.30,0.30,0.30,000,0.30
2013-07-15,0.30,0.30,0.30,0.30,000,0.30
2013-07-12,0.30,0.30,0.30,0.30,000,0.30
2013-07-11,0.30,0.30,0.30,0.30,000,0.30
2013-07-10,0.30,0.30,0.30,0.30,000,0.30
2013-07-09,0.30,0.30,0.30,0.30,000,0.30
2013-07-08,0.30,0.30,0.30,0.30,000,0.30
2013-07-05,0.30,0.30,0.30,0.30,000,0.30
2013-07-03,0.30,0.30,0.30,0.30,000,0.30
2013-07-02,0.30,0.30,0.30,0.30,000,0.30
2013-07-01,0.30,0.30,0.30,0.30,000,0.30
2013-06-28,0.30,0.30,0.30,0.30,000,0.30
2013-06-27,0.30,0.30,0.30,0.30,000,0.30
2013-06-26,0.30,0.30,0.30,0.30,000,0.30
2013-06-25,0.30,0.30,0.30,0.30,000,0.30
2013-06-24,0.30,0.30,0.30,0.30,000,0.30
2013-06-21,0.30,0.30,0.30,0.30,000,0.30
2013-06-20,0.30,0.30,0.30,0.30,000,0.30
2013-06-19,0.30,0.30,0.30,0.30,000,0.30
2013-06-18,0.30,0.30,0.30,0.30,000,0.30
2013-06-17,0.30,0.30,0.30,0.30,000,0.30
2013-06-14,0.30,0.30,0.30,0.30,000,0.30
2013-06-13,0.30,0.30,0.30,0.30,000,0.30
2013-06-12,0.30,0.30,0.30,0.30,000,0.30
2013-06-11,0.30,0.30,0.30,0.30,000,0.30
2013-06-10,0.30,0.30,0.30,0.30,000,0.30
2013-06-07,0.30,0.30,0.30,0.30,000,0.30
2013-06-06,0.30,0.30,0.30,0.30,000,0.30
2013-06-05,0.30,0.30,0.30,0.30,000,0.30
2013-06-04,0.30,0.30,0.30,0.30,000,0.30
2013-06-03,0.30,0.30,0.30,0.30,000,0.30
2013-05-31,0.30,0.30,0.30,0.30,000,0.30
2013-05-30,0.30,0.30,0.30,0.30,000,0.30
2013-05-29,0.30,0.30,0.30,0.30,000,0.30
2013-05-28,0.30,0.30,0.30,0.30,000,0.30
2013-05-24,0.30,0.30,0.30,0.30,000,0.30
2013-05-23,0.30,0.30,0.30,0.30,000,0.30
2013-05-22,0.30,0.30,0.30,0.30,000,0.30
2013-05-21,0.30,0.30,0.30,0.30,000,0.30
2013-05-20,0.30,0.30,0.30,0.30,000,0.30
2013-05-17,0.30,0.30,0.30,0.30,000,0.30
2013-05-16,0.30,0.30,0.30,0.30,000,0.30
2013-05-15,0.30,0.30,0.30,0.30,000,0.30
2013-05-14,0.30,0.30,0.30,0.30,000,0.30
2013-05-13,0.30,0.30,0.30,0.30,000,0.30
2013-05-10,0.30,0.30,0.30,0.30,000,0.30
2013-05-09,0.30,0.30,0.30,0.30,000,0.30
2013-05-08,0.30,0.30,0.30,0.30,000,0.30
2013-05-07,0.30,0.30,0.30,0.30,000,0.30
2013-05-06,0.30,0.30,0.30,0.30,000,0.30
2013-05-03,0.30,0.30,0.30,0.30,000,0.30
2013-05-02,0.30,0.30,0.30,0.30,000,0.30
2013-05-01,0.30,0.30,0.30,0.30,000,0.30
2013-04-30,0.30,0.30,0.30,0.30,000,0.30
2013-04-29,0.30,0.30,0.30,0.30,000,0.30
2013-04-26,0.30,0.30,0.30,0.30,000,0.30
2013-04-25,0.30,0.30,0.30,0.30,000,0.30
2013-04-24,0.30,0.30,0.30,0.30,000,0.30
2013-04-23,0.30,0.30,0.30,0.30,000,0.30
2013-04-22,0.30,0.30,0.30,0.30,000,0.30
2013-04-19,0.30,0.30,0.30,0.30,000,0.30
2013-04-18,0.30,0.30,0.30,0.30,000,0.30
2013-04-17,0.30,0.30,0.30,0.30,000,0.30
2013-04-16,0.30,0.30,0.30,0.30,000,0.30
2013-04-15,0.30,0.30,0.30,0.30,000,0.30
2013-04-12,0.30,0.30,0.30,0.30,000,0.30
2013-04-11,0.30,0.30,0.30,0.30,000,0.30
2013-04-10,0.30,0.30,0.30,0.30,000,0.30
2013-04-09,0.30,0.30,0.30,0.30,000,0.30
2013-04-08,0.30,0.30,0.30,0.30,000,0.30
2013-04-05,0.30,0.30,0.30,0.30,000,0.30
2013-04-04,0.30,0.30,0.30,0.30,000,0.30
2013-04-03,0.30,0.30,0.30,0.30,000,0.30
2013-04-02,0.30,0.30,0.30,0.30,000,0.30
2013-04-01,0.30,0.30,0.30,0.30,000,0.30
2013-03-28,0.30,0.30,0.30,0.30,000,0.30
2013-03-27,0.30,0.30,0.30,0.30,000,0.30
2013-03-26,0.30,0.30,0.30,0.30,000,0.30
2013-03-25,0.30,0.30,0.30,0.30,000,0.30
2013-03-22,0.30,0.30,0.30,0.30,000,0.30
2013-03-21,0.30,0.30,0.30,0.30,000,0.30
2013-03-20,0.30,0.30,0.30,0.30,000,0.30
2013-03-19,0.30,0.30,0.30,0.30,000,0.30
2013-03-18,0.30,0.30,0.30,0.30,000,0.30
2013-03-15,0.30,0.30,0.30,0.30,000,0.30
2013-03-14,0.30,0.30,0.30,0.30,000,0.30
2013-03-13,0.30,0.30,0.30,0.30,2500,0.30
2013-03-12,0.40,0.40,0.40,0.40,000,0.40
2013-03-11,0.40,0.40,0.40,0.40,000,0.40
2013-03-08,0.40,0.40,0.40,0.40,000,0.40
2013-03-07,0.40,0.40,0.40,0.40,000,0.40
2013-03-06,0.40,0.40,0.40,0.40,000,0.40
2013-03-05,0.40,0.40,0.40,0.40,000,0.40
2013-03-04,0.40,0.40,0.40,0.40,000,0.40
2013-03-01,0.40,0.40,0.40,0.40,000,0.40
2013-02-28,0.40,0.40,0.40,0.40,000,0.40
2013-02-27,0.40,0.40,0.40,0.40,000,0.40
2013-02-26,0.40,0.40,0.40,0.40,000,0.40
2013-02-25,0.40,0.40,0.40,0.40,000,0.40
2013-02-22,0.40,0.40,0.40,0.40,000,0.40
2013-02-21,0.40,0.40,0.40,0.40,000,0.40
2013-02-20,0.40,0.40,0.40,0.40,000,0.40
2013-02-19,0.40,0.40,0.40,0.40,000,0.40
2013-02-15,0.40,0.40,0.40,0.40,000,0.40
2013-02-14,0.40,0.40,0.40,0.40,000,0.40
2013-02-13,0.40,0.40,0.40,0.40,000,0.40
2013-02-12,0.40,0.40,0.40,0.40,000,0.40
2013-02-11,0.40,0.40,0.40,0.40,000,0.40
2013-02-08,0.40,0.40,0.40,0.40,000,0.40
2013-02-07,0.40,0.40,0.40,0.40,000,0.40
2013-02-06,0.40,0.40,0.40,0.40,000,0.40
2013-02-05,0.40,0.40,0.40,0.40,000,0.40
2013-02-04,0.40,0.40,0.40,0.40,000,0.40
2013-02-01,0.40,0.40,0.40,0.40,000,0.40
2013-01-31,0.40,0.40,0.40,0.40,000,0.40
2013-01-30,0.40,0.40,0.40,0.40,000,0.40
2013-01-29,0.40,0.40,0.40,0.40,000,0.40
2013-01-28,0.35,0.40,0.35,0.40,7500,0.40
2013-01-25,0.25,0.25,0.25,0.25,000,0.25
2013-01-24,0.25,0.25,0.25,0.25,000,0.25
2013-01-23,0.25,0.25,0.25,0.25,000,0.25
2013-01-22,0.25,0.25,0.25,0.25,000,0.25
2013-01-18,0.25,0.25,0.25,0.25,000,0.25
2013-01-17,0.25,0.25,0.25,0.25,000,0.25
2013-01-16,0.25,0.25,0.25,0.25,000,0.25
2013-01-15,0.25,0.25,0.25,0.25,000,0.25
2013-01-14,0.25,0.25,0.25,0.25,000,0.25
2013-01-11,0.25,0.25,0.25,0.25,000,0.25
2013-01-10,0.25,0.25,0.25,0.25,000,0.25
2013-01-09,0.25,0.25,0.25,0.25,000,0.25
2013-01-08,0.25,0.25,0.25,0.25,000,0.25
2013-01-07,0.25,0.25,0.25,0.25,000,0.25
2013-01-04,0.25,0.25,0.25,0.25,000,0.25
2013-01-03,0.25,0.25,0.25,0.25,2500,0.25
2013-01-02,0.13,0.13,0.13,0.13,000,0.13
2012-12-31,0.13,0.13,0.13,0.13,000,0.13
2012-12-28,0.13,0.13,0.13,0.13,20000,0.13
2012-12-27,0.25,0.25,0.25,0.25,000,0.25
2012-12-26,0.25,0.25,0.25,0.25,000,0.25
2012-12-24,0.25,0.25,0.25,0.25,2500,0.25
2012-12-21,0.16,0.16,0.16,0.16,000,0.16
2012-12-20,0.16,0.16,0.16,0.16,000,0.16
2012-12-19,0.16,0.16,0.16,0.16,000,0.16
2012-12-18,0.16,0.16,0.16,0.16,000,0.16
2012-12-17,0.16,0.16,0.16,0.16,000,0.16
2012-12-14,0.16,0.16,0.16,0.16,000,0.16
2012-12-13,0.16,0.16,0.16,0.16,000,0.16
2012-12-12,0.16,0.16,0.16,0.16,000,0.16
2012-12-11,0.16,0.16,0.16,0.16,000,0.16
2012-12-10,0.16,0.16,0.16,0.16,000,0.16
2012-12-07,0.21,0.21,0.16,0.16,30000,0.16
2012-12-06,0.20,0.20,0.20,0.20,000,0.20
2012-12-05,0.20,0.20,0.20,0.20,000,0.20
2012-12-04,0.20,0.20,0.20,0.20,000,0.20
2012-12-03,0.20,0.20,0.20,0.20,000,0.20
2012-11-30,0.20,0.20,0.20,0.20,800,0.20
2012-11-29,0.30,0.30,0.30,0.30,000,0.30
2012-11-28,0.30,0.30,0.30,0.30,000,0.30
2012-11-27,0.30,0.30,0.30,0.30,000,0.30
2012-11-26,0.30,0.30,0.30,0.30,000,0.30
2012-11-23,0.30,0.30,0.30,0.30,000,0.30
2012-11-21,0.30,0.30,0.30,0.30,000,0.30
2012-11-20,0.30,0.30,0.30,0.30,000,0.30
2012-11-19,0.30,0.30,0.30,0.30,000,0.30
2012-11-16,0.30,0.30,0.30,0.30,000,0.30
2012-11-15,0.30,0.30,0.30,0.30,000,0.30
2012-11-14,0.30,0.30,0.30,0.30,000,0.30
2012-11-13,0.30,0.30,0.30,0.30,000,0.30
2012-11-12,0.30,0.30,0.30,0.30,000,0.30
2012-11-09,0.30,0.30,0.30,0.30,000,0.30
2012-11-08,0.30,0.30,0.30,0.30,000,0.30
2012-11-07,0.30,0.30,0.30,0.30,000,0.30
2012-11-06,0.30,0.30,0.30,0.30,000,0.30
2012-11-05,0.30,0.30,0.30,0.30,4500,0.30
2012-11-02,0.15,0.15,0.15,0.15,000,0.15
2012-11-01,0.15,0.15,0.15,0.15,000,0.15
2012-10-31,0.15,0.15,0.15,0.15,000,0.15
2012-10-26,0.15,0.15,0.15,0.15,000,0.15
2012-10-25,0.15,0.15,0.15,0.15,000,0.15
2012-10-24,0.15,0.15,0.15,0.15,000,0.15
2012-10-23,0.15,0.15,0.15,0.15,000,0.15
2012-10-22,0.15,0.15,0.15,0.15,000,0.15
2012-10-19,0.15,0.15,0.15,0.15,000,0.15
2012-10-18,0.15,0.15,0.15,0.15,000,0.15
2012-10-17,0.15,0.15,0.15,0.15,000,0.15
2012-10-16,0.15,0.15,0.15,0.15,000,0.15
2012-10-15,0.15,0.15,0.15,0.15,000,0.15
2012-10-12,0.15,0.15,0.15,0.15,000,0.15
2012-10-11,0.15,0.15,0.15,0.15,000,0.15
2012-10-10,0.15,0.15,0.15,0.15,000,0.15
2012-10-09,0.15,0.15,0.15,0.15,000,0.15
2012-10-08,0.15,0.15,0.15,0.15,000,0.15
2012-10-05,0.15,0.15,0.15,0.15,000,0.15
2012-10-04,0.15,0.15,0.15,0.15,000,0.15
2012-10-03,0.15,0.15,0.15,0.15,000,0.15
2012-10-02,0.15,0.15,0.15,0.15,000,0.15
2012-10-01,0.15,0.15,0.15,0.15,000,0.15
2012-09-28,0.15,0.15,0.15,0.15,000,0.15
2012-09-27,0.15,0.15,0.15,0.15,000,0.15
2012-09-26,0.15,0.15,0.15,0.15,000,0.15
2012-09-25,0.15,0.15,0.15,0.15,000,0.15
2012-09-24,0.15,0.15,0.15,0.15,000,0.15
2012-09-21,0.15,0.15,0.15,0.15,000,0.15
2012-09-20,0.15,0.15,0.15,0.15,000,0.15
2012-09-19,0.15,0.15,0.15,0.15,000,0.15
2012-09-18,0.15,0.15,0.15,0.15,000,0.15
2012-09-17,0.15,0.15,0.15,0.15,000,0.15
2012-09-14,0.15,0.15,0.15,0.15,000,0.15
2012-09-13,0.15,0.15,0.15,0.15,000,0.15
2012-09-12,0.15,0.15,0.15,0.15,000,0.15
2012-09-11,0.15,0.15,0.15,0.15,000,0.15
2012-09-10,0.15,0.15,0.15,0.15,000,0.15
2012-09-07,0.15,0.15,0.15,0.15,000,0.15
2012-09-06,0.15,0.15,0.15,0.15,000,0.15
2012-09-05,0.15,0.15,0.15,0.15,000,0.15
2012-09-04,0.15,0.15,0.15,0.15,000,0.15
2012-08-31,0.15,0.15,0.15,0.15,000,0.15
2012-08-30,0.15,0.15,0.15,0.15,000,0.15
2012-08-29,0.15,0.15,0.15,0.15,000,0.15
2012-08-28,0.15,0.15,0.15,0.15,000,0.15
2012-08-27,0.15,0.15,0.15,0.15,000,0.15
2012-08-24,0.15,0.15,0.15,0.15,000,0.15
2012-08-23,0.15,0.15,0.15,0.15,000,0.15
2012-08-22,0.15,0.15,0.15,0.15,000,0.15
2012-08-21,0.15,0.15,0.15,0.15,000,0.15
2012-08-20,0.15,0.15,0.15,0.15,000,0.15
2012-08-17,0.15,0.15,0.15,0.15,000,0.15
2012-08-16,0.15,0.15,0.15,0.15,000,0.15
2012-08-15,0.15,0.15,0.15,0.15,000,0.15
2012-08-14,0.15,0.15,0.15,0.15,000,0.15
2012-08-13,0.15,0.15,0.15,0.15,800,0.15
2012-08-10,0.25,0.25,0.25,0.25,000,0.25
2012-08-09,0.25,0.25,0.25,0.25,000,0.25
2012-08-08,0.25,0.25,0.25,0.25,000,0.25
2012-08-07,0.25,0.25,0.25,0.25,000,0.25
2012-08-06,0.25,0.25,0.25,0.25,000,0.25
2012-08-03,0.25,0.25,0.25,0.25,000,0.25
2012-08-02,0.25,0.25,0.25,0.25,000,0.25
2012-08-01,0.25,0.25,0.25,0.25,000,0.25
2012-07-31,0.25,0.25,0.25,0.25,000,0.25
2012-07-30,0.25,0.25,0.25,0.25,000,0.25
2012-07-27,0.25,0.25,0.25,0.25,000,0.25
2012-07-26,0.25,0.25,0.25,0.25,000,0.25
2012-07-25,0.25,0.25,0.25,0.25,000,0.25
2012-07-24,0.25,0.25,0.25,0.25,5000,0.25
2012-07-23,0.28,0.28,0.28,0.28,000,0.28
2012-07-20,0.28,0.28,0.28,0.28,000,0.28
2012-07-19,0.28,0.28,0.28,0.28,000,0.28
2012-07-18,0.28,0.28,0.28,0.28,000,0.28
2012-07-17,0.28,0.28,0.28,0.28,000,0.28
2012-07-16,0.28,0.28,0.28,0.28,000,0.28
2012-07-13,0.28,0.28,0.28,0.28,000,0.28
2012-07-12,0.28,0.28,0.28,0.28,000,0.28
2012-07-11,0.28,0.28,0.28,0.28,000,0.28
2012-07-10,0.28,0.28,0.28,0.28,000,0.28
2012-07-09,0.28,0.28,0.28,0.28,000,0.28
2012-07-06,0.28,0.28,0.28,0.28,000,0.28
2012-07-05,0.28,0.28,0.28,0.28,000,0.28
2012-07-03,0.28,0.28,0.28,0.28,000,0.28
2012-07-02,0.28,0.28,0.28,0.28,3000,0.28
2012-06-29,0.30,0.30,0.30,0.30,000,0.30
2012-06-28,0.30,0.30,0.30,0.30,000,0.30
2012-06-27,0.30,0.30,0.30,0.30,000,0.30
2012-06-26,0.30,0.30,0.30,0.30,000,0.30
2012-06-25,0.30,0.30,0.30,0.30,000,0.30
2012-06-22,0.30,0.30,0.30,0.30,000,0.30
2012-06-21,0.30,0.30,0.30,0.30,000,0.30
2012-06-20,0.30,0.30,0.30,0.30,5000,0.30
2012-06-19,0.20,0.20,0.20,0.20,000,0.20
2012-06-18,0.20,0.20,0.20,0.20,000,0.20
2012-06-15,0.20,0.20,0.20,0.20,000,0.20
2012-06-14,0.20,0.20,0.20,0.20,000,0.20
2012-06-13,0.20,0.20,0.20,0.20,000,0.20
2012-06-12,0.20,0.20,0.20,0.20,000,0.20
2012-06-11,0.20,0.20,0.20,0.20,000,0.20
2012-06-08,0.20,0.20,0.20,0.20,000,0.20
2012-06-07,0.20,0.20,0.20,0.20,600,0.20
2012-06-06,0.30,0.30,0.30,0.30,000,0.30
2012-06-05,0.30,0.30,0.30,0.30,000,0.30
2012-06-04,0.30,0.30,0.30,0.30,000,0.30
2012-06-01,0.30,0.30,0.30,0.30,000,0.30
2012-05-31,0.30,0.30,0.30,0.30,3000,0.30
2012-05-30,0.30,0.30,0.30,0.30,2000,0.30
2012-05-29,0.31,0.31,0.31,0.31,2000,0.31
2012-05-25,0.45,0.45,0.40,0.40,5300,0.40
2012-05-24,0.35,0.45,0.12,0.45,34100,0.45
2012-05-23,0.55,0.55,0.55,0.55,2500,0.55
2012-05-22,0.33,0.33,0.33,0.33,000,0.33
2012-05-21,0.33,0.33,0.33,0.33,20000,0.33
2012-05-18,2.15,2.15,2.15,2.15,000,2.15
2012-05-17,2.15,2.15,2.15,2.15,000,2.15
2012-05-16,2.15,2.15,2.15,2.15,000,2.15
2012-05-15,2.15,2.15,2.15,2.15,000,2.15
2012-05-14,2.15,2.15,2.15,2.15,000,2.15
2012-05-11,2.15,2.15,2.15,2.15,000,2.15
2012-05-10,2.15,2.15,2.15,2.15,000,2.15
2012-05-09,2.15,2.15,2.15,2.15,000,2.15
2012-05-08,2.15,2.15,2.15,2.15,2200,2.15
2012-05-07,2.15,2.15,2.15,2.15,000,2.15
2012-05-04,2.15,2.15,2.15,2.15,000,2.15
2012-05-03,2.15,2.15,2.15,2.15,000,2.15
2012-05-02,2.15,2.15,2.15,2.15,000,2.15
2012-05-01,2.15,2.15,2.15,2.15,000,2.15
2012-04-30,2.15,2.15,2.15,2.15,000,2.15
2012-04-27,2.15,2.15,2.15,2.15,000,2.15
2012-04-26,2.15,2.15,2.15,2.15,000,2.15
2012-04-25,2.15,2.15,2.15,2.15,000,2.15
2012-04-24,2.15,2.15,2.15,2.15,800,2.15
2012-04-23,2.15,2.15,2.15,2.15,000,2.15
2012-04-20,2.15,2.15,2.15,2.15,000,2.15
2012-04-19,2.15,2.15,2.15,2.15,000,2.15
2012-04-18,2.15,2.15,2.15,2.15,000,2.15
2012-04-17,2.15,2.15,2.15,2.15,000,2.15
2012-04-16,2.15,2.15,2.15,2.15,000,2.15
2012-04-13,2.15,2.15,2.15,2.15,000,2.15
2012-04-12,2.15,2.15,2.15,2.15,000,2.15
2012-04-11,2.15,2.15,2.15,2.15,000,2.15
2012-04-10,2.15,2.15,2.15,2.15,000,2.15
2012-04-09,2.15,2.15,2.15,2.15,000,2.15
2012-04-05,2.15,2.15,2.15,2.15,000,2.15
2012-04-04,2.15,2.15,2.15,2.15,000,2.15
2012-04-03,2.15,2.15,2.15,2.15,000,2.15
2012-04-02,2.15,2.15,2.15,2.15,000,2.15
2012-03-30,2.15,2.15,2.15,2.15,000,2.15
2012-03-29,2.10,2.16,2.10,2.15,24600,2.15
2012-03-28,2.15,2.15,2.11,2.11,10100,2.11
2012-03-27,2.16,2.16,2.11,2.15,60100,2.15
2012-03-26,2.16,2.16,2.14,2.15,21300,2.15
2012-03-23,2.16,2.16,2.16,2.16,20100,2.16
2012-03-22,2.16,2.16,2.16,2.16,13600,2.16
2012-03-21,2.15,2.15,2.15,2.15,23400,2.15
2012-03-20,2.16,2.16,2.15,2.15,27100,2.15
2012-03-19,2.16,2.17,2.16,2.16,5300,2.16
2012-03-16,2.16,2.17,2.16,2.17,18200,2.17
2012-03-15,2.16,2.16,2.12,2.16,103900,2.16
2012-03-14,2.16,2.18,2.16,2.17,76300,2.17
2012-03-13,2.16,2.17,2.15,2.17,55900,2.17
2012-03-12,2.11,2.17,2.11,2.16,75600,2.16
2012-03-09,2.13,2.13,2.11,2.11,37600,2.11
2012-03-08,2.13,2.13,2.12,2.12,7000,2.12
2012-03-07,2.11,2.14,2.10,2.14,34500,2.14
2012-03-06,2.05,2.11,2.05,2.10,11600,2.10
2012-03-05,2.10,2.12,2.05,2.12,15100,2.12
2012-03-02,2.11,2.11,2.10,2.10,17700,2.10
2012-03-01,2.11,2.11,2.11,2.11,2900,2.11
2012-02-29,2.10,2.13,2.10,2.11,24200,2.11
2012-02-28,2.10,2.10,2.08,2.10,15200,2.10
2012-02-27,2.09,2.10,2.05,2.10,23500,2.10
2012-02-24,2.05,2.10,2.02,2.05,47800,2.05
2012-02-23,2.06,2.07,2.04,2.07,29500,2.07
2012-02-22,2.02,2.07,2.02,2.07,13700,2.07
2012-02-21,2.13,2.13,2.00,2.02,51700,2.02
2012-02-17,2.10,2.13,1.96,2.02,131700,2.02
2012-02-16,1.90,2.16,1.81,2.11,144300,2.11
2012-02-15,1.45,1.45,1.45,1.45,000,1.45
2012-02-14,1.47,1.47,1.45,1.45,1600,1.45
2012-02-13,1.47,1.47,1.45,1.45,4100,1.45
2012-02-10,1.45,1.45,1.45,1.45,000,1.45
2012-02-09,1.45,1.45,1.45,1.45,400,1.45
2012-02-08,1.51,1.51,1.51,1.51,000,1.51
2012-02-07,1.51,1.51,1.51,1.51,000,1.51
2012-02-06,1.51,1.51,1.51,1.51,000,1.51
2012-02-03,1.48,1.65,1.45,1.51,1100,1.51
2012-02-02,1.44,1.47,1.42,1.47,2000,1.47
2012-02-01,1.51,1.51,1.51,1.51,3600,1.51
2012-01-31,1.51,1.51,1.51,1.51,11000,1.51
2012-01-30,1.56,1.56,1.56,1.56,000,1.56
2012-01-27,1.56,1.56,1.56,1.56,000,1.56
2012-01-26,1.56,1.56,1.56,1.56,100,1.56
2012-01-25,1.56,1.56,1.56,1.56,000,1.56
2012-01-24,1.56,1.56,1.56,1.56,000,1.56
2012-01-23,1.56,1.56,1.56,1.56,100,1.56
2012-01-20,1.63,1.63,1.63,1.63,000,1.63
2012-01-19,1.63,1.63,1.63,1.63,000,1.63
2012-01-18,1.56,1.63,1.56,1.63,1200,1.63
2012-01-17,1.64,1.64,1.51,1.56,4500,1.56
2012-01-13,1.57,1.57,1.57,1.57,000,1.57
2012-01-12,1.50,1.57,1.50,1.57,900,1.57
2012-01-11,1.50,1.50,1.50,1.50,2600,1.50
2012-01-10,1.50,1.57,1.42,1.42,23700,1.42
2012-01-09,1.57,1.57,1.57,1.57,000,1.57
2012-01-06,1.40,1.60,1.40,1.57,13800,1.57
2012-01-05,1.34,1.34,1.34,1.34,000,1.34
2012-01-04,1.35,1.35,1.34,1.34,400,1.34
2012-01-03,1.40,1.40,1.34,1.34,500,1.34
2011-12-30,1.30,1.39,1.30,1.38,41900,1.38
2011-12-29,1.22,1.25,1.21,1.21,5600,1.21
2011-12-28,1.30,1.30,1.30,1.30,100,1.30
2011-12-27,1.40,1.40,1.23,1.23,1700,1.23
2011-12-23,1.35,1.35,1.32,1.35,1100,1.35
2011-12-22,1.21,1.34,1.21,1.34,8500,1.34
2011-12-21,1.23,1.23,1.21,1.21,9400,1.21
2011-12-20,1.34,1.34,1.23,1.23,900,1.23
2011-12-19,1.30,1.30,1.30,1.30,2400,1.30
2011-12-16,1.29,1.29,1.29,1.29,400,1.29
2011-12-15,1.40,1.40,1.40,1.40,000,1.40
2011-12-14,1.40,1.40,1.40,1.40,300,1.40
2011-12-13,1.31,1.31,1.31,1.31,000,1.31
2011-12-12,1.31,1.31,1.31,1.31,000,1.31
2011-12-09,1.31,1.31,1.31,1.31,000,1.31
2011-12-08,1.32,1.32,1.31,1.31,500,1.31
2011-12-07,1.31,1.31,1.31,1.31,2400,1.31
2011-12-06,1.31,1.31,1.31,1.31,800,1.31
2011-12-05,1.32,1.32,1.30,1.30,9200,1.30
2011-12-02,1.31,1.31,1.30,1.30,3200,1.30
2011-12-01,1.40,1.40,1.39,1.39,1800,1.39
2011-11-30,1.32,1.43,1.30,1.37,21600,1.37
2011-11-29,1.30,1.30,1.30,1.30,000,1.30
2011-11-28,1.31,1.31,1.30,1.30,5500,1.30
2011-11-25,1.18,1.35,1.18,1.35,900,1.35
2011-11-23,1.22,1.29,1.22,1.28,3200,1.28
2011-11-22,1.22,1.24,1.15,1.15,2500,1.15
2011-11-21,1.23,1.26,1.23,1.23,1600,1.23
2011-11-18,1.23,1.37,1.23,1.37,1700,1.37
2011-11-17,1.18,1.18,1.18,1.18,000,1.18
2011-11-16,1.29,1.32,1.18,1.18,7900,1.18
2011-11-15,1.40,1.52,1.25,1.26,15800,1.26
2011-11-14,1.40,1.53,1.40,1.41,4000,1.41
2011-11-11,1.30,1.48,1.29,1.42,8000,1.42
2011-11-10,1.30,1.38,1.30,1.36,4300,1.36
2011-11-09,1.34,1.34,1.30,1.32,4000,1.32
2011-11-08,1.32,1.38,1.30,1.35,6200,1.35
2011-11-07,1.29,1.38,1.29,1.35,4800,1.35
2011-11-04,1.29,1.30,1.24,1.28,6700,1.28
2011-11-03,1.26,1.32,1.22,1.22,3400,1.22
2011-11-02,1.55,1.55,1.22,1.34,5000,1.34
2011-11-01,1.39,1.39,1.34,1.34,1400,1.34
2011-10-31,1.43,1.45,1.43,1.43,3400,1.43
2011-10-28,1.43,1.47,1.43,1.45,9700,1.45
2011-10-27,1.59,1.59,1.50,1.50,7800,1.50
2011-10-26,1.54,1.63,1.54,1.63,5400,1.63
2011-10-25,1.69,1.69,1.63,1.63,1600,1.63
2011-10-24,1.41,1.69,1.40,1.69,2300,1.69
2011-10-21,1.47,1.47,1.45,1.45,1400,1.45
2011-10-20,1.50,1.53,1.43,1.53,45800,1.53
2011-10-19,1.60,1.60,1.50,1.50,7700,1.50
2011-10-18,1.60,1.60,1.60,1.60,3000,1.60
2011-10-17,1.55,1.60,1.55,1.60,5200,1.60
2011-10-14,1.60,1.60,1.60,1.60,5000,1.60
2011-10-13,1.56,1.57,1.56,1.57,200,1.57
2011-10-12,1.51,1.51,1.50,1.50,1500,1.50
2011-10-11,1.58,1.58,1.58,1.58,000,1.58
2011-10-10,1.59,1.60,1.58,1.58,1700,1.58
2011-10-07,1.60,1.60,1.60,1.60,700,1.60
2011-10-06,1.57,1.57,1.57,1.57,1500,1.57
2011-10-05,1.55,1.55,1.55,1.55,300,1.55
2011-10-04,1.60,1.61,1.59,1.61,1300,1.61
2011-10-03,1.60,1.60,1.60,1.60,000,1.60
2011-09-30,1.64,1.64,1.58,1.60,1400,1.60
2011-09-29,1.43,1.60,1.43,1.60,7200,1.60
2011-09-28,1.52,1.55,1.50,1.50,3500,1.50
2011-09-27,1.65,1.65,1.65,1.65,000,1.65
2011-09-26,1.65,1.65,1.65,1.65,000,1.65
2011-09-23,1.52,1.65,1.52,1.65,600,1.65
2011-09-22,1.62,1.64,1.60,1.64,700,1.64
2011-09-21,1.72,1.72,1.72,1.72,300,1.72
2011-09-20,1.73,1.73,1.71,1.72,1300,1.72
2011-09-19,1.72,1.72,1.72,1.72,000,1.72
2011-09-16,1.72,1.72,1.72,1.72,200,1.72
2011-09-15,1.65,1.65,1.65,1.65,000,1.65
2011-09-14,1.65,1.65,1.65,1.65,000,1.65
2011-09-13,1.65,1.65,1.65,1.65,000,1.65
2011-09-12,1.65,1.65,1.65,1.65,1800,1.65
2011-09-09,1.65,1.65,1.65,1.65,100,1.65
2011-09-08,1.80,1.80,1.65,1.69,7500,1.69
2011-09-07,1.71,1.75,1.71,1.75,400,1.75
2011-09-06,1.74,1.83,1.74,1.74,2000,1.74
2011-09-02,1.65,1.65,1.63,1.63,2200,1.63
2011-09-01,1.67,1.74,1.67,1.74,600,1.74
2011-08-31,1.75,1.75,1.65,1.75,2400,1.75
2011-08-30,1.70,1.74,1.70,1.74,2000,1.74
2011-08-29,1.71,1.73,1.63,1.64,4900,1.64
2011-08-26,1.74,1.74,1.74,1.74,1000,1.74
2011-08-25,1.75,1.75,1.75,1.75,200,1.75
2011-08-24,1.70,1.72,1.70,1.70,1300,1.70
2011-08-23,1.76,1.76,1.72,1.72,200,1.72
2011-08-22,1.78,1.78,1.78,1.78,1400,1.78
2011-08-19,1.77,1.79,1.76,1.79,6200,1.79
2011-08-18,1.81,1.81,1.72,1.76,3000,1.76
2011-08-17,1.74,1.81,1.74,1.81,10700,1.81
2011-08-16,1.69,1.69,1.65,1.65,1400,1.65
2011-08-15,1.72,1.72,1.65,1.68,8700,1.68
2011-08-12,1.70,1.74,1.55,1.65,6100,1.65
2011-08-11,1.73,1.73,1.50,1.66,21800,1.66
2011-08-10,1.60,1.85,1.57,1.73,16800,1.73
2011-08-09,1.71,1.85,1.62,1.66,10200,1.66
2011-08-08,1.88,1.88,1.84,1.84,2200,1.84
2011-08-05,2.04,2.04,1.89,1.90,700,1.90
2011-08-04,2.04,2.08,2.04,2.08,2700,2.08
2011-08-03,2.44,2.44,2.00,2.07,23600,2.07
2011-08-02,2.25,2.40,2.17,2.40,6800,2.40
2011-08-01,2.59,2.59,2.37,2.40,9200,2.40
2011-07-29,2.16,2.23,2.14,2.23,4000,2.23
2011-07-28,2.32,2.42,2.16,2.25,13300,2.25
2011-07-27,2.45,2.45,2.31,2.32,11400,2.32
2011-07-26,2.60,2.65,2.22,2.49,39200,2.49
2011-07-25,2.15,2.85,2.15,2.59,101900,2.59
2011-07-22,1.70,2.40,1.63,2.09,46600,2.09
2011-07-21,1.66,1.66,1.63,1.63,1300,1.63
2011-07-20,1.66,1.66,1.66,1.66,100,1.66
2011-07-19,1.65,1.71,1.62,1.63,8800,1.63
2011-07-18,1.51,1.64,1.51,1.60,1300,1.60
2011-07-15,1.46,1.50,1.46,1.46,3800,1.46
2011-07-14,1.53,1.53,1.45,1.45,700,1.45
2011-07-13,1.48,1.50,1.45,1.50,6700,1.50
2011-07-12,1.51,1.51,1.44,1.44,3600,1.44
2011-07-11,1.58,1.58,1.58,1.58,000,1.58
2011-07-08,1.62,1.62,1.54,1.58,6800,1.58
2011-07-07,1.57,1.57,1.53,1.56,8800,1.56
2011-07-06,1.50,1.56,1.50,1.53,2100,1.53
2011-07-05,1.50,1.50,1.50,1.50,1000,1.50
2011-07-01,1.47,1.56,1.43,1.55,7900,1.55
2011-06-30,1.56,1.56,1.43,1.43,4400,1.43
2011-06-29,1.41,1.61,1.40,1.41,80000,1.41
2011-06-28,1.50,1.56,1.46,1.46,2500,1.46
2011-06-27,1.44,1.57,1.44,1.57,1500,1.57
2011-06-24,1.45,1.60,1.44,1.57,5100,1.57
2011-06-23,1.53,1.58,1.53,1.58,7400,1.58
2011-06-22,1.44,1.53,1.44,1.53,6700,1.53
2011-06-21,1.40,1.45,1.40,1.43,3900,1.43
2011-06-20,1.63,1.63,1.39,1.39,1900,1.39
2011-06-17,1.62,1.62,1.54,1.58,6200,1.58
2011-06-16,1.65,1.76,1.52,1.52,20300,1.52
2011-06-15,1.60,1.65,1.59,1.60,25700,1.60
2011-06-14,1.77,1.77,1.53,1.56,39000,1.56
2011-06-13,1.95,2.03,1.80,1.80,22600,1.80
2011-06-10,2.28,2.30,1.96,2.00,43500,2.00
2011-06-09,2.17,2.51,1.99,2.00,162200,2.00
2011-06-08,2.27,2.57,2.14,2.16,59200,2.16
2011-06-07,2.08,2.16,2.08,2.10,7500,2.10
2011-06-06,2.06,2.12,2.06,2.07,1300,2.07
2011-06-03,2.00,2.17,2.00,2.05,11100,2.05
2011-06-02,2.06,2.06,1.96,1.96,1300,1.96
2011-06-01,2.05,2.10,2.05,2.06,7600,2.06
2011-05-31,2.30,2.51,2.05,2.05,14600,2.05
2011-05-27,2.39,2.39,2.30,2.31,700,2.31
2011-05-26,2.26,2.35,2.26,2.33,700,2.33
2011-05-25,2.15,2.24,2.15,2.24,700,2.24
2011-05-24,2.18,2.27,2.18,2.22,2300,2.22
2011-05-23,2.10,2.22,2.10,2.22,1000,2.22
2011-05-20,2.17,2.32,2.17,2.24,1200,2.24
2011-05-19,2.32,2.32,2.19,2.23,6100,2.23
2011-05-18,2.47,2.54,2.17,2.41,14900,2.41
2011-05-17,2.68,2.71,2.30,2.42,36700,2.42
2011-05-16,2.75,2.75,2.68,2.68,12000,2.68
2011-05-13,2.80,2.86,2.73,2.75,7500,2.75
2011-05-12,2.83,2.97,2.80,2.80,5700,2.80
2011-05-11,2.90,2.90,2.87,2.87,2200,2.87
2011-05-10,2.83,2.90,2.83,2.84,6700,2.84
2011-05-09,2.83,2.86,2.83,2.83,1800,2.83
2011-05-06,2.89,2.91,2.82,2.82,2300,2.82
2011-05-05,2.87,3.07,2.86,2.97,6100,2.97
2011-05-04,2.89,2.90,2.89,2.90,600,2.90
2011-05-03,2.87,2.94,2.87,2.94,4900,2.94
2011-05-02,2.93,2.93,2.79,2.91,15000,2.91
2011-04-29,2.84,2.93,2.79,2.92,6900,2.92
2011-04-28,2.85,2.94,2.82,2.84,5400,2.84
2011-04-27,2.92,3.00,2.90,2.97,3700,2.97
2011-04-26,2.94,2.94,2.94,2.94,700,2.94
2011-04-25,2.94,2.95,2.88,2.95,700,2.95
2011-04-21,2.94,2.95,2.88,2.95,6200,2.95
2011-04-20,3.00,3.01,2.87,3.00,2500,3.00
2011-04-19,2.85,3.03,2.85,2.92,4600,2.92
2011-04-18,3.06,3.07,2.92,2.92,3700,2.92
2011-04-15,3.17,3.18,3.06,3.06,1400,3.06
2011-04-14,3.00,3.05,2.95,3.05,50700,3.05
2011-04-13,3.00,3.00,2.88,2.98,8800,2.98
2011-04-12,2.83,3.24,2.83,3.08,5100,3.08
2011-04-11,3.10,3.10,3.00,3.00,3700,3.00
2011-04-08,3.09,3.25,3.08,3.08,8100,3.08
2011-04-07,3.09,3.25,3.09,3.25,1400,3.25
2011-04-06,3.27,3.27,3.21,3.26,3200,3.26
2011-04-05,3.35,3.35,3.21,3.21,9100,3.21
2011-04-04,3.29,3.35,3.29,3.35,22200,3.35
2011-04-01,3.13,3.24,3.13,3.24,12000,3.24
2011-03-31,3.05,3.16,3.00,3.13,20900,3.13
2011-03-30,2.97,3.05,2.97,3.00,11400,3.00
2011-03-29,2.94,3.00,2.94,2.97,8900,2.97
2011-03-28,2.86,2.93,2.71,2.90,17100,2.90
2011-03-25,2.93,2.95,2.86,2.94,4900,2.94
2011-03-24,2.98,3.04,2.89,2.93,7100,2.93
2011-03-23,3.00,3.00,2.87,2.98,13500,2.98
2011-03-22,3.03,3.03,3.02,3.02,700,3.02
2011-03-21,3.05,3.05,3.04,3.04,200,3.04
2011-03-18,3.04,3.04,3.04,3.04,200,3.04
2011-03-17,3.01,3.05,2.98,3.05,3500,3.05
2011-03-16,3.01,3.04,2.96,3.04,3100,3.04
2011-03-15,3.06,3.06,2.97,3.03,11900,3.03
2011-03-14,3.04,3.05,2.98,2.98,2800,2.98
2011-03-11,3.13,3.13,3.02,3.10,4500,3.10
2011-03-10,3.06,3.07,3.03,3.03,4000,3.03
2011-03-09,3.10,3.10,3.10,3.10,200,3.10
2011-03-08,3.03,3.10,3.03,3.10,4200,3.10
2011-03-07,3.07,3.25,2.97,3.13,13800,3.13
2011-03-04,3.25,3.25,3.16,3.20,8200,3.20
2011-03-03,3.24,3.24,3.06,3.20,8700,3.20
2011-03-02,3.20,3.24,3.15,3.22,5800,3.22
2011-03-01,3.20,3.20,3.05,3.05,2000,3.05
2011-02-28,3.26,3.26,3.20,3.24,14000,3.24
2011-02-25,3.22,3.35,3.09,3.29,14100,3.29
2011-02-24,3.25,3.29,3.15,3.28,31400,3.28
2011-02-23,3.31,3.40,2.80,3.20,71300,3.20
2011-02-22,3.61,3.61,3.01,3.23,7000,3.23
2011-02-18,3.65,3.68,3.65,3.65,13400,3.65
2011-02-17,3.64,3.70,3.64,3.69,6200,3.69
2011-02-16,3.73,3.73,3.62,3.62,16800,3.62
2011-02-15,3.74,3.76,3.73,3.75,7800,3.75
2011-02-14,3.65,3.75,3.65,3.72,11200,3.72
2011-02-11,3.71,3.73,3.70,3.73,4800,3.73
2011-02-10,3.75,3.75,3.70,3.70,3600,3.70
2011-02-09,3.75,3.75,3.75,3.75,100,3.75
2011-02-08,3.81,3.81,3.73,3.74,5000,3.74
2011-02-07,3.76,3.76,3.76,3.76,000,3.76
2011-02-04,3.62,3.84,3.62,3.76,1700,3.76
2011-02-03,3.85,3.85,3.76,3.76,2400,3.76
2011-02-02,3.83,3.84,3.77,3.84,1400,3.84
2011-02-01,3.68,3.85,3.68,3.75,3400,3.75
2011-01-31,3.60,3.72,3.60,3.68,2800,3.68
2011-01-28,3.77,3.85,3.77,3.80,7800,3.80
2011-01-27,3.80,3.80,3.80,3.80,300,3.80
2011-01-26,3.73,3.85,3.73,3.80,11900,3.80
2011-01-25,3.81,4.00,3.73,3.73,7600,3.73
2011-01-24,3.90,3.91,3.83,3.88,8900,3.88
2011-01-21,4.00,4.11,3.96,4.00,7700,4.00
2011-01-20,3.84,3.95,3.84,3.90,800,3.90
2011-01-19,3.76,3.92,3.76,3.80,3100,3.80
2011-01-18,3.64,3.93,3.64,3.78,15000,3.78
2011-01-14,3.96,3.98,3.90,3.90,5900,3.90
2011-01-13,4.00,4.01,3.93,3.95,9000,3.95
2011-01-12,4.00,4.00,3.95,3.95,11600,3.95
2011-01-11,3.90,4.00,3.90,4.00,1500,4.00
2011-01-10,3.98,4.00,3.95,3.95,12200,3.95
2011-01-07,3.94,4.00,3.86,3.92,6100,3.92
2011-01-06,3.93,4.00,3.93,3.94,1400,3.94
2011-01-05,3.91,4.00,3.86,3.93,5000,3.93
2011-01-04,4.00,4.02,3.91,3.91,7600,3.91
2011-01-03,4.04,4.05,3.95,4.01,3100,4.01
2010-12-31,4.05,4.10,4.01,4.07,48600,4.07
2010-12-30,4.09,4.10,3.99,4.01,232100,4.01
2010-12-29,4.15,4.15,3.99,4.09,86500,4.09
2010-12-28,4.11,4.17,3.96,4.12,133800,4.12
2010-12-27,4.15,4.18,4.06,4.15,108100,4.15
2010-12-23,4.10,4.18,4.10,4.15,44400,4.15
2010-12-22,4.16,4.20,4.08,4.10,158400,4.10
2010-12-21,4.00,4.15,4.00,4.10,150400,4.10
2010-12-20,3.99,4.04,3.97,3.99,14800,3.99
2010-12-17,4.02,4.04,3.96,4.04,142400,4.04
2010-12-16,4.03,4.03,3.97,4.00,143700,4.00
2010-12-15,3.97,4.03,3.97,4.01,44900,4.01
2010-12-14,3.99,4.05,3.95,3.97,91900,3.97
2010-12-13,4.00,4.00,3.88,3.99,69800,3.99
2010-12-10,3.79,4.00,3.78,3.88,22900,3.88
2010-12-09,3.75,3.89,3.66,3.87,62200,3.87
2010-12-08,3.71,3.75,3.71,3.75,95100,3.75
2010-12-07,3.64,3.71,3.64,3.71,2100,3.71
2010-12-06,3.69,3.79,3.65,3.73,20500,3.73
2010-12-03,3.55,3.71,3.50,3.71,18100,3.71
2010-12-02,3.60,3.77,3.50,3.71,14200,3.71
2010-12-01,3.60,3.74,3.33,3.65,71200,3.65
2010-11-30,4.05,4.05,3.65,3.65,113300,3.65
2010-11-29,4.18,4.50,4.18,4.34,8000,4.34
2010-11-26,4.20,4.30,4.12,4.17,1900,4.17
2010-11-24,4.30,4.30,4.15,4.30,12800,4.30
2010-11-23,4.12,4.30,4.11,4.29,7400,4.29
2010-11-22,4.40,4.44,4.13,4.30,7500,4.30
2010-11-19,4.20,4.45,4.20,4.45,5500,4.45
2010-11-18,4.25,4.50,4.15,4.26,13700,4.26
2010-11-17,4.42,4.47,4.11,4.41,10200,4.41
2010-11-16,4.48,4.49,4.19,4.44,11600,4.44
2010-11-15,4.48,4.50,4.30,4.49,16200,4.49
2010-11-12,4.40,4.50,4.20,4.50,7700,4.50
2010-11-11,4.46,4.46,4.31,4.41,8200,4.41
2010-11-10,4.74,4.74,4.25,4.46,14100,4.46
2010-11-09,4.65,4.70,4.56,4.56,8900,4.56
2010-11-08,4.60,4.60,4.58,4.60,5100,4.60
2010-11-05,4.80,4.80,4.60,4.60,1600,4.60
2010-11-04,4.75,4.80,4.56,4.80,21700,4.80
2010-11-03,4.89,4.96,4.80,4.92,10700,4.92
2010-11-02,4.95,4.96,4.85,4.96,23500,4.96
2010-11-01,4.94,4.95,4.81,4.92,1800,4.92
2010-10-29,4.94,4.95,4.72,4.90,6900,4.90
2010-10-28,4.85,4.94,4.75,4.76,1900,4.76
2010-10-27,4.90,4.95,4.78,4.95,6300,4.95
2010-10-26,4.88,4.95,4.75,4.90,17700,4.90
2010-10-25,4.72,4.96,4.72,4.96,24000,4.96
2010-10-22,4.78,4.85,4.71,4.71,15300,4.71
2010-10-21,4.41,4.77,4.41,4.77,24900,4.77
2010-10-20,4.44,4.50,4.36,4.41,3700,4.41
2010-10-19,4.75,4.90,4.38,4.43,9800,4.43
2010-10-18,4.68,4.74,4.68,4.70,1700,4.70
2010-10-15,4.55,4.70,4.35,4.70,4600,4.70
2010-10-14,4.62,4.73,4.55,4.69,4100,4.69
2010-10-13,4.50,4.75,4.50,4.52,9200,4.52
2010-10-12,4.39,4.53,4.35,4.46,6700,4.46
2010-10-11,4.25,4.50,4.21,4.41,7400,4.41
2010-10-08,4.30,4.39,4.16,4.25,3200,4.25
2010-10-07,4.23,4.41,4.14,4.18,3800,4.18
2010-10-06,4.35,4.89,4.06,4.23,41500,4.23
2010-10-05,4.30,4.30,4.18,4.19,6400,4.19
2010-10-04,4.26,4.35,4.12,4.20,9100,4.20
2010-10-01,4.36,4.70,4.36,4.38,16500,4.38
2010-09-30,4.80,4.80,4.60,4.61,4400,4.61
2010-09-29,4.64,4.87,4.40,4.80,57600,4.80
2010-09-28,4.21,4.80,4.21,4.74,41600,4.74
2010-09-27,4.11,4.15,4.03,4.09,19000,4.09
2010-09-24,4.41,4.42,3.85,4.10,38300,4.10
2010-09-23,4.46,4.62,4.43,4.55,15500,4.55
2010-09-22,4.46,4.73,4.46,4.68,14900,4.68
2010-09-21,4.64,4.80,4.45,4.53,36600,4.53
2010-09-20,5.30,5.32,4.37,4.64,58100,4.64
2010-09-17,5.39,5.39,5.19,5.20,11200,5.20
2010-09-16,5.01,5.45,5.00,5.36,4500,5.36
2010-09-15,4.80,4.98,4.60,4.87,17200,4.87
2010-09-14,5.05,5.17,4.80,4.85,16100,4.85
2010-09-13,5.07,5.50,5.07,5.07,15100,5.07
2010-09-10,5.17,5.17,5.00,5.05,7200,5.05
2010-09-09,4.92,5.53,4.80,5.17,40900,5.17
2010-09-08,4.17,5.16,4.17,4.92,36600,4.92
2010-09-07,3.93,4.38,3.93,4.10,64300,4.10
2010-09-03,4.04,4.04,3.70,3.91,40200,3.91
2010-09-02,4.19,4.19,3.86,4.04,26400,4.04
2010-09-01,4.42,4.42,3.44,4.23,155700,4.23
2010-08-31,4.79,4.79,4.50,4.50,28600,4.50
2010-08-30,5.01,5.14,4.75,5.00,40400,5.00
2010-08-27,5.35,5.35,4.82,5.03,52800,5.03
2010-08-26,5.60,5.60,5.34,5.41,22100,5.41
2010-08-25,5.59,5.62,5.55,5.56,8600,5.56
2010-08-24,5.62,5.70,5.62,5.70,8000,5.70
2010-08-23,5.63,5.90,5.55,5.74,10200,5.74
2010-08-20,5.89,5.89,5.70,5.70,13100,5.70
2010-08-19,5.90,5.95,5.75,5.89,12200,5.89
2010-08-18,5.80,5.90,5.79,5.82,7900,5.82
2010-08-17,5.95,5.95,5.80,5.82,7900,5.82
2010-08-16,5.77,5.95,5.77,5.95,16100,5.95
2010-08-13,5.90,5.90,5.80,5.80,5700,5.80
2010-08-12,5.95,5.95,5.90,5.90,23400,5.90
2010-08-11,5.95,5.95,5.89,5.94,21000,5.94
2010-08-10,5.95,5.95,5.77,5.95,10400,5.95
2010-08-09,5.95,5.95,5.90,5.95,11400,5.95
2010-08-06,5.91,5.95,5.85,5.94,15200,5.94
2010-08-05,5.99,5.99,5.78,5.91,9200,5.91
2010-08-04,5.90,6.05,5.90,6.01,18100,6.01
2010-08-03,5.90,5.91,5.89,5.91,10400,5.91
2010-08-02,5.95,5.95,5.90,5.91,13400,5.91
2010-07-30,5.93,5.93,5.86,5.90,3400,5.90
2010-07-29,5.95,5.95,5.86,5.86,14200,5.86
2010-07-28,5.89,5.95,5.89,5.95,6300,5.95
2010-07-27,5.80,5.90,5.76,5.90,17700,5.90
2010-07-26,5.95,6.15,5.65,5.72,35200,5.72
2010-07-23,5.91,6.00,5.76,5.85,30000,5.85
2010-07-22,5.98,5.98,5.90,5.91,29900,5.91
2010-07-21,5.79,5.98,5.64,5.90,18500,5.90
2010-07-20,5.97,5.98,5.75,5.77,4200,5.77
2010-07-19,5.69,5.92,5.60,5.90,14900,5.90
2010-07-16,5.60,5.77,5.59,5.59,8200,5.59
2010-07-15,5.87,5.87,5.49,5.55,13200,5.55
2010-07-14,5.90,5.94,5.90,5.90,5400,5.90
2010-07-13,5.98,5.98,5.82,5.98,24700,5.98
2010-07-12,5.96,5.98,5.86,5.98,13000,5.98
2010-07-09,5.50,5.98,5.46,5.82,37300,5.82
2010-07-08,5.50,5.50,5.46,5.50,7000,5.50
2010-07-07,5.57,5.57,5.40,5.50,8700,5.50
2010-07-06,5.55,5.98,5.50,5.50,31800,5.50
2010-07-02,5.40,5.50,5.40,5.50,7100,5.50
2010-07-01,5.74,5.74,5.40,5.40,28100,5.40
2010-06-30,5.88,5.89,5.74,5.80,9000,5.80
2010-06-29,5.89,5.89,5.75,5.78,11900,5.78
2010-06-28,5.79,6.00,5.78,5.89,10300,5.89
2010-06-25,5.95,6.00,5.80,5.89,7300,5.89
2010-06-24,6.18,6.18,5.80,6.04,29400,6.04
2010-06-23,6.18,6.18,6.12,6.18,10700,6.18
2010-06-22,6.00,6.18,5.99,6.18,30600,6.18
2010-06-21,6.00,6.00,5.76,5.93,14400,5.93
2010-06-18,6.00,6.15,5.82,5.89,13800,5.89
2010-06-17,6.30,6.30,5.85,5.95,26600,5.95
2010-06-16,5.99,6.30,5.99,6.30,35000,6.30
2010-06-15,6.25,6.30,5.90,5.93,84400,5.93
2010-06-14,6.15,6.25,6.12,6.25,44100,6.25
2010-06-11,6.00,6.15,6.00,6.15,58400,6.15
2010-06-10,5.68,6.14,5.44,6.02,190400,6.02
2010-06-09,5.75,5.75,5.55,5.75,28700,5.75
2010-06-08,5.50,5.75,5.44,5.45,56900,5.45
2010-06-07,5.45,5.50,5.28,5.44,29400,5.44
2010-06-04,5.76,5.76,5.20,5.26,64600,5.26
2010-06-03,7.48,7.48,5.00,5.78,344300,5.78
2010-06-02,4.94,8.29,4.82,6.93,242800,6.93
2010-06-01,4.50,4.69,4.50,4.65,25100,4.65
2010-05-28,4.70,4.70,4.61,4.70,1400,4.70
2010-05-27,4.50,4.75,4.43,4.70,7600,4.70
2010-05-26,4.67,4.80,4.45,4.45,2800,4.45
2010-05-25,4.36,4.80,4.36,4.77,4200,4.77
2010-05-24,4.78,4.78,4.50,4.77,4700,4.77
2010-05-21,4.90,4.90,4.78,4.78,10500,4.78
2010-05-20,4.85,4.85,4.50,4.63,28000,4.63
2010-05-19,4.55,4.95,4.55,4.95,13800,4.95
2010-05-18,4.85,4.90,4.67,4.72,27100,4.72
2010-05-17,4.74,4.96,4.70,4.85,85200,4.85
2010-05-14,4.12,4.60,4.12,4.50,28900,4.50
2010-05-13,4.45,4.65,4.43,4.65,22000,4.65
2010-05-12,4.30,4.55,4.30,4.40,18000,4.40
2010-05-11,4.30,4.30,4.20,4.30,3000,4.30
2010-05-10,4.20,4.35,4.20,4.30,6200,4.30
2010-05-07,4.45,4.45,4.20,4.35,4400,4.35
2010-05-06,4.70,4.70,4.50,4.53,11200,4.53
2010-05-05,4.79,4.79,4.40,4.79,8500,4.79
2010-05-04,4.79,4.80,4.25,4.80,6000,4.80
2010-05-03,4.25,4.79,4.25,4.79,600,4.79
2010-04-30,4.80,4.80,4.80,4.80,000,4.80
2010-04-29,4.80,4.80,4.80,4.80,000,4.80
2010-04-28,4.25,4.80,4.25,4.80,1100,4.80
2010-04-27,4.59,4.80,4.25,4.80,10600,4.80
2010-04-26,4.83,4.85,4.59,4.59,7000,4.59
2010-04-23,4.80,4.80,4.80,4.80,5200,4.80
2010-04-22,4.80,4.80,4.80,4.80,5400,4.80
2010-04-21,4.80,4.80,4.79,4.80,5400,4.80
2010-04-20,4.85,4.85,4.80,4.80,9000,4.80
2010-04-19,4.90,4.90,4.80,4.81,50900,4.81
2010-04-16,4.85,4.90,4.85,4.90,9900,4.90
2010-04-15,4.90,4.90,4.88,4.90,8900,4.90
2010-04-14,4.90,4.90,4.85,4.90,5200,4.90
2010-04-13,4.90,4.90,4.85,4.90,16600,4.90
2010-04-12,4.90,4.90,4.75,4.84,16900,4.84
2010-04-09,4.80,5.00,4.80,5.00,43300,5.00
2010-04-08,4.90,4.95,4.80,4.95,76100,4.95
2010-04-07,4.85,4.88,4.60,4.85,23400,4.85
2010-04-06,4.85,4.90,4.60,4.85,19600,4.85
2010-04-05,4.92,4.92,4.10,4.10,3000,4.10
2010-04-01,4.40,5.00,4.25,4.95,43700,4.95
2010-03-31,4.85,4.85,4.06,4.06,1400,4.06
2010-03-30,4.90,4.95,4.85,4.90,9600,4.90
2010-03-29,4.95,4.98,4.90,4.90,14100,4.90
2010-03-26,4.95,4.95,4.95,4.95,2100,4.95
2010-03-25,5.00,5.01,5.00,5.00,16500,5.00
2010-03-24,4.90,5.00,4.90,4.95,13600,4.95
2010-03-23,4.90,4.90,4.90,4.90,10900,4.90
2010-03-22,4.90,5.02,4.90,4.90,49900,4.90
2010-03-19,4.92,5.00,4.92,4.92,6000,4.92
2010-03-18,4.99,4.99,4.89,4.89,13000,4.89
2010-03-17,4.85,4.95,4.80,4.90,20200,4.90
2010-03-16,4.51,4.80,4.51,4.80,18200,4.80
2010-03-15,4.50,4.80,4.49,4.80,25200,4.80
2010-03-12,4.30,4.35,4.23,4.35,8200,4.35
2010-03-11,4.21,4.30,4.20,4.26,22500,4.26
2010-03-10,4.19,4.21,4.15,4.20,29400,4.20
2010-03-09,4.30,4.30,4.10,4.20,30300,4.20
2010-03-08,4.10,4.20,3.19,4.19,77200,4.19
2010-03-05,3.88,4.15,3.88,4.13,86600,4.13
2010-03-04,3.80,3.80,3.75,3.80,24100,3.80
2010-03-03,3.69,3.80,3.55,3.80,56200,3.80
2010-03-02,3.32,3.69,3.32,3.68,34800,3.68
2010-03-01,3.30,3.50,3.25,3.49,76300,3.49
2010-02-26,3.20,3.45,3.18,3.30,57700,3.30
2010-02-25,3.00,3.19,2.99,3.19,12900,3.19
2010-02-24,2.60,3.00,2.60,2.99,11400,2.99
2010-02-23,3.35,3.35,2.05,2.05,9500,2.05
2010-02-22,3.22,3.35,3.22,3.25,18800,3.25
2010-02-19,3.69,3.69,3.25,3.60,17700,3.60
2010-02-18,3.60,3.60,3.60,3.60,10500,3.60
2010-02-17,3.60,3.72,3.60,3.72,28200,3.72
2010-02-16,3.70,3.80,3.50,3.50,28900,3.50
2010-02-12,3.49,3.50,3.49,3.50,13100,3.50
2010-02-11,3.14,3.60,3.14,3.60,14400,3.60
2010-02-10,3.35,3.40,3.35,3.40,11000,3.40
2010-02-09,3.30,3.50,3.30,3.49,8800,3.49
2010-02-08,3.20,3.45,2.12,3.00,27600,3.00
2010-02-05,3.20,3.25,3.15,3.25,35600,3.25
2010-02-04,3.12,3.35,3.12,3.35,3000,3.35
2010-02-03,3.59,3.59,3.10,3.15,8500,3.15
2010-02-02,3.79,3.79,3.70,3.70,6000,3.70
2010-02-01,3.80,3.80,3.70,3.80,41200,3.80
2010-01-29,3.95,3.95,3.95,3.95,000,3.95
2010-01-28,3.85,3.95,3.80,3.95,44700,3.95
2010-01-27,3.35,3.90,3.35,3.80,35600,3.80
2010-01-26,3.15,3.46,3.15,3.40,74700,3.40
2010-01-25,2.78,3.45,2.78,3.35,33800,3.35
2010-01-22,2.65,2.78,2.65,2.78,31600,2.78
2010-01-21,2.64,2.70,2.64,2.65,19300,2.65
2010-01-20,2.65,2.65,2.65,2.65,000,2.65
2010-01-19,2.50,2.65,2.50,2.65,3700,2.65
2010-01-15,2.60,2.60,2.45,2.45,700,2.45
2010-01-14,2.45,2.65,2.45,2.55,15800,2.55
2010-01-13,2.55,2.55,2.25,2.25,700,2.25
2010-01-12,2.60,2.70,2.20,2.60,17600,2.60
2010-01-11,2.30,2.65,2.07,2.65,33200,2.65
2010-01-08,2.00,2.00,2.00,2.00,000,2.00
2010-01-07,1.99,2.00,1.99,2.00,4300,2.00
2010-01-06,1.95,2.00,1.95,1.99,2900,1.99
2010-01-05,1.99,1.99,1.99,1.99,000,1.99
2010-01-04,2.00,2.00,1.99,1.99,20600,1.99
2009-12-31,2.02,2.05,1.90,2.00,19400,2.00
2009-12-30,2.00,2.10,2.00,2.10,13300,2.10
2009-12-29,2.00,2.00,2.00,2.00,6000,2.00
2009-12-28,1.95,2.00,1.95,2.00,3200,2.00
2009-12-24,1.99,1.99,1.99,1.99,000,1.99
2009-12-23,2.00,2.00,1.99,1.99,13300,1.99
2009-12-22,2.00,2.00,2.00,2.00,12200,2.00
2009-12-21,2.00,2.00,2.00,2.00,10000,2.00
2009-12-18,2.00,2.00,1.98,2.00,107200,2.00
2009-12-17,2.00,2.00,1.85,1.85,28400,1.85
2009-12-16,2.00,2.00,2.00,2.00,20000,2.00
2009-12-15,1.95,2.00,1.94,1.98,63100,1.98
2009-12-14,2.00,2.00,1.87,1.87,40800,1.87
2009-12-11,2.00,2.00,2.00,2.00,20500,2.00
2009-12-10,2.00,2.00,2.00,2.00,20000,2.00
2009-12-09,2.00,2.00,2.00,2.00,30500,2.00
2009-12-08,2.00,2.00,2.00,2.00,10200,2.00
2009-12-07,2.00,2.00,2.00,2.00,14400,2.00
2009-12-04,2.03,2.05,2.00,2.00,8000,2.00
2009-12-03,2.00,2.00,2.00,2.00,900,2.00
2009-12-02,2.05,2.05,2.00,2.00,900,2.00
2009-12-01,2.10,2.10,1.90,2.00,2500,2.00
2009-11-30,2.25,2.25,2.15,2.15,5000,2.15
2009-11-27,2.30,2.30,2.30,2.30,1000,2.30
2009-11-25,2.30,2.30,2.25,2.25,6000,2.25
2009-11-24,2.30,2.30,2.30,2.30,2000,2.30
2009-11-23,2.30,2.30,2.25,2.30,3500,2.30
2009-11-20,2.10,2.10,2.10,2.10,1000,2.10
2009-11-19,2.20,2.29,2.17,2.20,57600,2.20
2009-11-18,2.10,2.30,2.05,2.30,55500,2.30
2009-11-17,2.30,2.30,2.20,2.24,100500,2.24
2009-11-16,2.30,2.36,2.19,2.30,191000,2.30
2009-11-13,2.10,2.20,1.87,2.20,6600,2.20
2009-11-12,2.27,2.30,2.27,2.30,10500,2.30
2009-11-11,2.10,2.10,2.10,2.10,500,2.10
2009-11-10,2.35,2.35,2.34,2.34,14000,2.34
2009-11-09,2.35,2.35,2.35,2.35,45500,2.35
2009-11-06,2.35,2.35,2.20,2.35,27700,2.35
2009-11-05,2.40,2.40,2.10,2.10,26100,2.10
2009-11-04,2.40,2.40,2.40,2.40,15500,2.40
2009-11-03,2.50,2.50,2.40,2.40,20600,2.40
2009-11-02,2.45,2.50,2.45,2.50,10000,2.50
2009-10-30,2.11,2.68,2.11,2.68,4500,2.68
2009-10-29,2.22,2.75,2.22,2.70,38800,2.70
2009-10-28,2.62,2.62,2.00,2.22,7600,2.22
2009-10-27,2.63,2.65,2.62,2.65,13200,2.65
2009-10-26,2.40,2.63,2.40,2.63,89000,2.63
2009-10-23,2.05,2.40,2.05,2.40,8400,2.40
2009-10-22,2.00,2.05,1.92,2.05,1100,2.05
2009-10-21,2.21,2.21,1.90,2.10,130100,2.10
2009-10-20,2.35,2.35,2.20,2.20,14000,2.20
2009-10-19,2.29,2.35,2.29,2.35,900,2.35
2009-10-16,2.30,2.31,2.30,2.30,2300,2.30
2009-10-15,2.25,2.51,2.25,2.45,65500,2.45
2009-10-14,2.21,2.29,2.21,2.29,1000,2.29
2009-10-13,2.10,2.29,2.10,2.20,19900,2.20
2009-10-12,2.00,2.01,2.00,2.00,7000,2.00
2009-10-09,2.21,2.21,2.15,2.15,8300,2.15
2009-10-08,2.20,2.30,2.20,2.21,84100,2.21
2009-10-07,1.95,2.20,1.95,2.20,24200,2.20
2009-10-06,1.70,2.44,1.70,1.95,31200,1.95
2009-10-05,1.65,1.69,1.60,1.69,5100,1.69
2009-10-02,1.65,1.70,1.65,1.70,13200,1.70
2009-10-01,1.65,1.66,1.65,1.65,16800,1.65
2009-09-30,1.65,1.69,1.65,1.65,39500,1.65
2009-09-29,1.58,1.66,1.58,1.64,17900,1.64
2009-09-28,1.54,1.58,1.54,1.58,78700,1.58
2009-09-25,1.54,1.54,1.54,1.54,3500,1.54
2009-09-24,1.50,1.54,1.49,1.54,40500,1.54
2009-09-23,1.53,1.57,1.50,1.50,20200,1.50
2009-09-22,1.45,1.55,1.45,1.50,16700,1.50
2009-09-21,1.55,1.60,1.40,1.40,50100,1.40
2009-09-18,1.43,1.55,1.43,1.50,76700,1.50
2009-09-17,1.40,1.40,1.40,1.40,11500,1.40
2009-09-16,1.45,1.46,1.40,1.40,17900,1.40
2009-09-15,1.50,1.53,1.47,1.50,24000,1.50
2009-09-14,1.45,1.60,1.45,1.50,8900,1.50
2009-09-11,1.39,1.40,1.39,1.40,3500,1.40
2009-09-10,1.37,1.37,1.37,1.37,1000,1.37
2009-09-09,1.28,1.30,1.28,1.30,7900,1.30
2009-09-08,1.30,1.30,1.27,1.28,12500,1.28
2009-09-04,1.40,1.40,1.30,1.30,7200,1.30
2009-09-03,1.33,1.40,1.33,1.40,14000,1.40
2009-09-02,1.52,1.53,1.12,1.30,24500,1.30
2009-09-01,1.52,1.53,1.52,1.53,12300,1.53
2009-08-31,1.56,1.57,1.48,1.50,17600,1.50
2009-08-28,1.60,1.65,1.55,1.57,52800,1.57
2009-08-27,1.70,1.75,1.56,1.65,132400,1.65
2009-08-26,1.35,1.64,1.35,1.50,146300,1.50
2009-08-25,1.15,1.25,1.15,1.20,87100,1.20
2009-08-24,1.10,1.14,1.06,1.10,13800,1.10
2009-08-21,1.05,1.15,1.05,1.15,22300,1.15
2009-08-20,1.04,1.14,0.95,1.05,301700,1.05
2009-08-19,0.99,0.99,0.99,0.99,5000,0.99
2009-08-18,0.88,0.88,0.88,0.88,100,0.88
2009-08-17,0.78,1.00,0.78,0.88,24400,0.88
2009-08-14,1.00,1.00,0.97,0.98,15800,0.98
2009-08-13,0.92,0.96,0.92,0.96,11700,0.96
2009-08-12,0.95,1.00,0.95,1.00,15000,1.00
2009-08-11,0.97,1.00,0.97,1.00,18900,1.00
2009-08-10,0.97,0.97,0.97,0.97,5000,0.97
2009-08-07,0.90,0.92,0.90,0.92,7000,0.92
2009-08-06,0.97,0.97,0.75,0.80,36500,0.80
2009-08-05,0.83,0.89,0.83,0.89,4000,0.89
2009-08-04,0.89,0.89,0.89,0.89,7000,0.89
2009-08-03,0.90,0.90,0.90,0.90,3000,0.90
2009-07-31,0.92,0.93,0.90,0.93,37300,0.93
2009-07-30,0.92,0.93,0.92,0.93,11500,0.93
2009-07-29,0.90,0.91,0.90,0.90,18000,0.90
2009-07-28,0.86,0.90,0.86,0.90,77300,0.90
2009-07-27,0.86,0.86,0.86,0.86,1000,0.86
2009-07-24,0.85,0.85,0.85,0.85,800,0.85
2009-07-23,0.85,0.85,0.85,0.85,000,0.85
2009-07-22,0.85,0.85,0.85,0.85,1300,0.85
2009-07-21,0.90,0.90,0.90,0.90,000,0.90
2009-07-20,0.90,0.90,0.90,0.90,3600,0.90
2009-07-17,0.90,0.90,0.90,0.90,200,0.90
2009-07-16,0.90,0.90,0.90,0.90,000,0.90
2009-07-15,0.90,0.90,0.90,0.90,000,0.90
2009-07-14,0.90,0.90,0.90,0.90,000,0.90
2009-07-13,0.90,0.90,0.90,0.90,2400,0.90
2009-07-10,0.90,0.90,0.90,0.90,000,0.90
2009-07-09,0.90,0.90,0.90,0.90,1000,0.90
2009-07-08,0.90,0.90,0.90,0.90,000,0.90
2009-07-07,0.85,0.90,0.85,0.90,2600,0.90
2009-07-06,0.85,0.95,0.85,0.95,14500,0.95
2009-07-02,0.96,0.96,0.95,0.95,22000,0.95
2009-07-01,1.00,1.00,0.95,0.95,46600,0.95
2009-06-30,1.00,1.00,0.80,1.00,4200,1.00
2009-06-29,1.00,1.00,1.00,1.00,19500,1.00
2009-06-26,1.01,1.02,0.95,0.95,21500,0.95
2009-06-25,1.02,1.02,1.02,1.02,2500,1.02
2009-06-24,1.01,1.01,1.01,1.01,20500,1.01
2009-06-23,1.05,1.10,1.01,1.05,114700,1.05
2009-06-22,1.00,1.07,1.00,1.07,22100,1.07
2009-06-19,0.92,1.08,0.92,1.08,20000,1.08
2009-06-18,1.08,1.08,1.08,1.08,1000,1.08
2009-06-17,1.08,1.08,1.04,1.05,15700,1.05
2009-06-16,1.10,1.10,1.08,1.08,7000,1.08
2009-06-15,1.08,1.08,1.00,1.08,5500,1.08
2009-06-12,1.11,1.11,1.10,1.10,3000,1.10
2009-06-11,1.05,1.20,1.02,1.05,35400,1.05
2009-06-10,0.90,0.99,0.90,0.97,38000,0.97
2009-06-09,0.76,0.90,0.76,0.90,10700,0.90
2009-06-08,0.75,0.75,0.75,0.75,000,0.75
2009-06-05,0.75,0.75,0.75,0.75,5400,0.75
2009-06-04,0.70,0.74,0.70,0.74,5500,0.74
2009-06-03,0.65,0.66,0.65,0.66,7000,0.66
2009-06-02,0.66,0.67,0.66,0.67,22400,0.67
2009-06-01,0.66,0.66,0.64,0.65,42500,0.65
2009-05-29,0.65,0.67,0.65,0.66,10800,0.66
2009-05-28,0.65,0.65,0.65,0.65,2500,0.65
2009-05-27,0.69,0.69,0.69,0.69,200,0.69
2009-05-26,0.60,0.68,0.60,0.68,18700,0.68
2009-05-22,0.61,0.70,0.61,0.65,20500,0.65
2009-05-21,0.58,0.60,0.58,0.60,9200,0.60
2009-05-20,0.68,0.68,0.55,0.58,32200,0.58
2009-05-19,0.63,0.79,0.63,0.68,8900,0.68
2009-05-18,0.65,0.77,0.65,0.77,25400,0.77
2009-05-15,0.69,0.69,0.69,0.69,2000,0.69
2009-05-14,0.70,0.70,0.65,0.65,13400,0.65
2009-05-13,0.70,0.70,0.70,0.70,2000,0.70
2009-05-12,0.78,0.78,0.78,0.78,500,0.78
2009-05-11,0.75,0.79,0.60,0.78,39000,0.78
2009-05-08,0.73,0.75,0.73,0.75,59100,0.75
2009-05-07,0.73,0.73,0.73,0.73,1000,0.73
2009-05-06,0.73,0.73,0.73,0.73,4100,0.73
2009-05-05,0.74,0.74,0.73,0.73,2400,0.73
2009-05-04,0.73,0.73,0.65,0.66,17400,0.66
2009-05-01,0.72,0.72,0.65,0.65,5300,0.65
2009-04-30,0.73,0.73,0.73,0.73,1000,0.73
2009-04-29,0.60,0.60,0.60,0.60,13300,0.60
2009-04-28,0.75,0.75,0.75,0.75,000,0.75
2009-04-27,0.72,0.75,0.72,0.75,3200,0.75
2009-04-24,0.75,0.75,0.75,0.75,7500,0.75
2009-04-23,0.75,0.75,0.75,0.75,000,0.75
2009-04-22,0.75,0.75,0.75,0.75,000,0.75
2009-04-21,0.75,0.75,0.75,0.75,6500,0.75
2009-04-20,0.68,0.68,0.68,0.68,000,0.68
2009-04-17,0.68,0.68,0.68,0.68,12000,0.68
2009-04-16,0.72,0.72,0.72,0.72,000,0.72
2009-04-15,0.72,0.72,0.72,0.72,3000,0.72
2009-04-14,0.70,0.70,0.70,0.70,000,0.70
2009-04-13,0.70,0.70,0.70,0.70,4000,0.70
2009-04-09,0.55,0.65,0.55,0.65,11300,0.65
2009-04-08,0.55,0.55,0.55,0.55,200,0.55
2009-04-07,0.55,0.55,0.55,0.55,3500,0.55
2009-04-06,0.55,0.55,0.55,0.55,6000,0.55
2009-04-03,0.55,0.55,0.55,0.55,000,0.55
2009-04-02,0.55,0.55,0.55,0.55,000,0.55
2009-04-01,0.55,0.55,0.55,0.55,7500,0.55
2009-03-31,0.55,0.55,0.55,0.55,1000,0.55
2009-03-30,0.60,0.60,0.60,0.60,000,0.60
2009-03-27,0.60,0.60,0.60,0.60,5000,0.60
2009-03-26,0.51,0.51,0.51,0.51,4500,0.51
2009-03-25,0.22,0.51,0.22,0.51,54700,0.51
2009-03-24,0.52,0.52,0.40,0.49,87100,0.49
2009-03-23,0.56,0.60,0.55,0.55,79500,0.55
2009-03-20,0.55,0.57,0.55,0.57,13700,0.57
2009-03-19,0.64,0.64,0.64,0.64,000,0.64
2009-03-18,0.64,0.64,0.64,0.64,000,0.64
2009-03-17,0.51,0.64,0.40,0.64,134100,0.64
2009-03-16,0.50,0.50,0.50,0.50,38000,0.50
2009-03-13,0.50,0.51,0.50,0.50,9500,0.50
2009-03-12,0.45,0.50,0.45,0.50,1100,0.50
2009-03-11,0.42,0.42,0.42,0.42,000,0.42
2009-03-10,0.42,0.42,0.42,0.42,000,0.42
2009-03-09,0.40,0.51,0.40,0.42,10500,0.42
2009-03-06,0.55,0.55,0.40,0.40,35100,0.40
2009-03-05,0.55,0.55,0.55,0.55,000,0.55
2009-03-04,0.55,0.55,0.55,0.55,16700,0.55
2009-03-03,0.55,0.55,0.55,0.55,3000,0.55
2009-03-02,0.55,0.63,0.55,0.63,300,0.63
2009-02-27,0.54,0.62,0.54,0.62,11200,0.62
2009-02-26,0.60,0.60,0.49,0.50,93400,0.50
2009-02-25,0.68,0.68,0.68,0.68,500,0.68
2009-02-24,0.68,0.68,0.68,0.68,000,0.68
2009-02-23,0.70,0.70,0.68,0.68,3500,0.68
2009-02-20,0.68,0.74,0.68,0.74,7600,0.74
2009-02-19,0.79,0.79,0.79,0.79,000,0.79
2009-02-18,0.72,0.79,0.65,0.79,17000,0.79
2009-02-17,0.72,0.72,0.72,0.72,13100,0.72
2009-02-13,0.70,0.70,0.67,0.70,19100,0.70
2009-02-12,0.72,0.72,0.70,0.70,4000,0.70
2009-02-11,0.75,0.75,0.75,0.75,4000,0.75
2009-02-10,0.75,0.75,0.75,0.75,000,0.75
2009-02-09,0.75,0.75,0.75,0.75,000,0.75
2009-02-06,0.77,0.77,0.72,0.75,21200,0.75
2009-02-05,0.78,0.78,0.67,0.73,22400,0.73
2009-02-04,0.78,0.78,0.75,0.75,9700,0.75
2009-02-03,0.70,0.70,0.70,0.70,000,0.70
2009-02-02,0.75,0.75,0.69,0.70,60900,0.70
2009-01-30,0.90,0.90,0.72,0.75,12800,0.75
2009-01-29,1.01,1.01,0.75,0.95,10900,0.95
2009-01-28,1.00,1.07,1.00,1.05,21600,1.05
2009-01-27,1.00,1.00,0.97,0.97,6000,0.97
2009-01-26,0.95,0.95,0.93,0.93,5800,0.93
2009-01-23,1.05,1.10,1.05,1.05,4500,1.05
2009-01-22,1.00,1.00,1.00,1.00,2000,1.00
2009-01-21,1.05,1.05,0.99,1.01,11000,1.01
2009-01-20,1.25,1.25,1.05,1.05,17900,1.05
2009-01-16,1.22,1.27,1.20,1.25,9500,1.25
2009-01-15,1.23,1.23,1.15,1.22,19000,1.22
2009-01-14,1.36,1.36,1.25,1.25,5200,1.25
2009-01-13,1.31,1.36,1.31,1.36,20300,1.36
2009-01-12,1.28,1.36,1.28,1.33,18000,1.33
2009-01-09,1.35,1.35,1.28,1.30,10600,1.30
2009-01-08,1.35,1.35,1.25,1.25,28300,1.25
2009-01-07,1.25,1.35,1.16,1.35,7500,1.35
2009-01-06,1.20,1.35,1.15,1.35,28800,1.35
2009-01-05,1.06,1.35,1.02,1.35,27200,1.35
2009-01-02,0.95,1.08,0.95,1.08,19200,1.08
2008-12-31,1.00,1.00,0.95,0.95,6500,0.95
2008-12-30,0.95,1.00,0.90,0.99,62900,0.99
2008-12-29,1.01,1.01,0.90,0.90,69600,0.90
2008-12-26,0.76,1.15,0.76,1.14,38600,1.14
2008-12-24,0.79,0.85,0.79,0.85,12900,0.85
2008-12-23,0.75,0.75,0.75,0.75,2000,0.75
2008-12-22,0.75,0.75,0.72,0.73,15300,0.73
2008-12-19,0.65,0.70,0.65,0.70,13100,0.70
2008-12-18,0.72,0.72,0.63,0.70,20600,0.70
2008-12-17,0.72,0.72,0.62,0.72,18800,0.72
2008-12-16,0.75,0.75,0.71,0.73,27400,0.73
2008-12-15,0.78,0.78,0.73,0.75,8000,0.75
2008-12-12,0.73,0.78,0.73,0.78,1800,0.78
2008-12-11,0.80,0.80,0.72,0.72,18000,0.72
2008-12-10,0.80,0.80,0.80,0.80,3000,0.80
2008-12-09,0.72,0.79,0.72,0.77,54700,0.77
2008-12-08,0.80,0.85,0.72,0.80,36200,0.80
2008-12-05,0.68,0.80,0.68,0.80,37000,0.80
2008-12-04,0.69,0.69,0.69,0.69,3200,0.69
2008-12-03,0.65,0.74,0.65,0.69,35600,0.69
2008-12-02,0.61,0.69,0.61,0.69,5500,0.69
2008-12-01,0.75,0.75,0.70,0.70,11200,0.70
2008-11-28,0.60,0.75,0.60,0.75,102900,0.75
2008-11-26,0.35,0.65,0.25,0.64,674900,0.64
2008-11-25,0.50,0.55,0.38,0.38,546100,0.38
2008-11-24,0.45,0.45,0.40,0.45,412400,0.45
2008-11-21,0.60,0.60,0.40,0.45,199100,0.45
2008-11-20,0.55,0.55,0.30,0.32,405500,0.32
2008-11-19,0.95,0.95,0.70,0.70,46900,0.70
2008-11-18,1.05,1.10,0.70,0.85,18000,0.85
2008-11-17,1.00,1.00,1.00,1.00,4500,1.00
2008-11-14,0.70,1.00,0.70,1.00,9500,1.00
2008-11-13,0.90,0.95,0.60,0.80,46500,0.80
2008-11-12,1.10,1.10,0.60,0.75,22400,0.75
2008-11-11,1.10,1.25,1.10,1.10,39400,1.10
2008-11-10,1.50,1.50,1.05,1.30,51000,1.30
2008-11-07,1.55,1.60,1.34,1.34,84400,1.34
2008-11-06,1.60,1.60,1.58,1.60,4700,1.60
2008-11-05,1.70,1.70,1.70,1.70,1500,1.70
2008-11-04,1.85,1.85,1.70,1.70,8500,1.70
2008-11-03,1.75,1.75,1.75,1.75,000,1.75
2008-10-31,1.75,1.75,1.75,1.75,000,1.75
2008-10-30,1.75,1.75,1.75,1.75,400,1.75
2008-10-29,1.75,1.75,1.75,1.75,500,1.75
2008-10-28,1.75,1.75,1.75,1.75,400,1.75
2008-10-27,1.75,1.75,1.75,1.75,300,1.75
2008-10-24,1.75,1.75,1.75,1.75,100,1.75
2008-10-23,2.00,2.00,1.45,1.45,22400,1.45
2008-10-22,1.69,1.69,1.50,1.50,8000,1.50
2008-10-21,2.00,2.00,2.00,2.00,200,2.00
2008-10-20,2.25,2.25,1.50,1.50,18000,1.50
2008-10-17,2.30,2.30,2.25,2.25,1200,2.25
2008-10-16,2.30,2.30,2.30,2.30,500,2.30
2008-10-15,2.20,2.35,1.85,2.35,3600,2.35
2008-10-14,2.50,2.50,2.26,2.50,22200,2.50
2008-10-13,2.45,2.50,2.40,2.50,28400,2.50
2008-10-10,2.45,2.45,2.45,2.45,100,2.45
2008-10-09,2.50,2.50,2.45,2.45,60600,2.45
2008-10-08,2.30,2.50,2.18,2.50,2100,2.50
2008-10-07,2.25,2.50,2.18,2.30,12600,2.30
2008-10-06,2.30,2.30,2.15,2.20,1600,2.20
2008-10-03,2.50,2.50,2.25,2.30,4200,2.30
2008-10-02,2.50,2.50,2.35,2.40,6600,2.40
2008-10-01,2.30,2.35,2.30,2.35,3400,2.35
2008-09-30,2.25,2.75,2.15,2.75,5300,2.75
2008-09-29,2.81,2.81,2.75,2.75,5500,2.75
2008-09-26,2.95,2.95,2.95,2.95,1700,2.95
2008-09-25,2.81,3.00,2.81,3.00,600,3.00
2008-09-24,3.15,3.15,2.81,3.00,7700,3.00
2008-09-23,3.20,3.25,3.20,3.25,1200,3.25
2008-09-22,3.25,3.40,3.25,3.25,8200,3.25
2008-09-19,3.35,3.35,3.25,3.25,1400,3.25
2008-09-18,3.25,3.35,3.25,3.35,6300,3.35
2008-09-17,3.35,3.35,3.25,3.25,4100,3.25
2008-09-16,3.45,3.45,3.40,3.40,3600,3.40
2008-09-15,3.40,3.40,3.40,3.40,1500,3.40
2008-09-12,3.60,3.65,3.50,3.50,8400,3.50
2008-09-11,3.50,3.70,3.50,3.52,10600,3.52
2008-09-10,3.50,3.70,3.50,3.60,4600,3.60
2008-09-09,3.50,3.65,3.45,3.45,18200,3.45
2008-09-08,3.60,3.60,3.60,3.60,2900,3.60
2008-09-05,3.55,3.60,3.55,3.60,1900,3.60
2008-09-04,3.55,3.60,3.50,3.55,10100,3.55
2008-09-03,3.46,3.60,3.45,3.56,58400,3.56
2008-09-02,3.40,3.70,3.40,3.70,103100,3.70
2008-08-29,3.45,3.45,3.30,3.30,8000,3.30
2008-08-28,3.46,3.50,3.45,3.45,4500,3.45
2008-08-27,3.60,3.60,3.60,3.60,1000,3.60
2008-08-26,3.40,3.40,3.35,3.35,6400,3.35
2008-08-25,3.46,3.46,3.45,3.45,14400,3.45
2008-08-22,3.51,3.52,3.50,3.50,9300,3.50
2008-08-21,3.60,3.60,3.50,3.50,1500,3.50
2008-08-20,3.60,3.60,3.59,3.60,16800,3.60
2008-08-19,3.70,3.70,3.70,3.70,5500,3.70
2008-08-18,3.80,3.80,3.69,3.70,5000,3.70
2008-08-15,3.91,3.91,3.91,3.91,000,3.91
2008-08-14,3.94,3.95,3.91,3.91,4400,3.91
2008-08-13,3.95,3.95,3.95,3.95,1000,3.95
2008-08-12,4.00,4.00,4.00,4.00,000,4.00
2008-08-11,4.00,4.00,4.00,4.00,000,4.00
2008-08-08,3.95,4.00,3.95,4.00,31000,4.00
2008-08-07,3.90,3.95,3.90,3.95,500,3.95
2008-08-06,3.97,3.97,3.97,3.97,800,3.97
2008-08-05,4.00,4.00,4.00,4.00,2000,4.00
2008-08-04,4.00,4.00,4.00,4.00,2000,4.00
2008-08-01,4.05,4.05,4.05,4.05,000,4.05
2008-07-31,3.90,4.05,3.90,4.05,3800,4.05
2008-07-30,3.95,3.95,3.95,3.95,1200,3.95
2008-07-29,4.00,4.00,4.00,4.00,1200,4.00
2008-07-28,4.00,4.00,4.00,4.00,000,4.00
2008-07-25,4.00,4.00,4.00,4.00,000,4.00
2008-07-24,4.00,4.00,4.00,4.00,300,4.00
2008-07-23,4.00,4.00,3.90,3.90,3500,3.90
2008-07-22,4.00,4.00,3.75,4.00,7200,4.00
2008-07-21,4.10,4.15,4.10,4.15,3100,4.15
2008-07-18,4.17,4.30,4.17,4.25,30300,4.25
2008-07-17,3.90,4.17,3.70,4.17,9400,4.17
2008-07-16,3.50,3.90,3.50,3.90,8700,3.90
2008-07-15,3.55,3.55,3.50,3.50,1800,3.50
2008-07-14,3.75,3.90,3.50,3.70,3200,3.70
2008-07-11,3.90,3.90,3.90,3.90,400,3.90
2008-07-10,3.90,3.90,3.50,3.90,1500,3.90
2008-07-09,3.90,3.90,3.90,3.90,600,3.90
2008-07-08,4.00,4.00,4.00,4.00,100,4.00
2008-07-07,4.00,4.15,3.55,3.55,1500,3.55
2008-07-03,3.55,3.55,3.55,3.55,000,3.55
2008-07-02,3.75,3.75,3.55,3.55,5000,3.55
2008-07-01,4.40,4.40,4.40,4.40,000,4.40
2008-06-30,3.75,4.40,3.75,4.40,200,4.40
2008-06-27,4.05,4.05,3.90,3.90,3000,3.90
2008-06-26,4.60,4.60,4.05,4.05,3200,4.05
2008-06-25,4.95,4.95,4.95,4.95,000,4.95
2008-06-24,4.95,4.95,4.95,4.95,200,4.95
2008-06-23,4.77,4.95,4.77,4.95,3100,4.95
2008-06-20,4.85,4.85,4.85,4.85,100,4.85
2008-06-19,4.35,4.55,4.35,4.50,1500,4.50
2008-06-18,4.85,4.85,4.60,4.60,3500,4.60
2008-06-17,4.88,4.88,4.75,4.85,2300,4.85
2008-06-16,5.00,5.00,5.00,5.00,000,5.00
2008-06-13,5.00,5.00,5.00,5.00,000,5.00
2008-06-12,5.00,5.00,5.00,5.00,000,5.00
2008-06-11,4.75,5.00,4.75,5.00,4200,5.00
2008-06-10,4.65,4.65,4.65,4.65,000,4.65
2008-06-09,5.00,5.00,4.65,4.65,12300,4.65
2008-06-06,5.07,5.07,5.00,5.00,9200,5.00
2008-06-05,5.15,5.15,5.15,5.15,600,5.15
2008-06-04,5.15,5.15,5.15,5.15,2100,5.15
2008-06-03,5.18,5.18,5.05,5.15,1700,5.15
2008-06-02,5.30,5.30,5.17,5.30,900,5.30
2008-05-30,5.30,5.30,5.30,5.30,1500,5.30
2008-05-29,5.40,5.40,5.40,5.40,000,5.40
2008-05-28,5.35,5.40,5.35,5.40,300,5.40
2008-05-27,5.35,5.35,5.35,5.35,500,5.35
2008-05-23,5.20,5.25,4.90,5.25,14800,5.25
2008-05-22,4.85,5.25,4.60,5.25,99800,5.25
2008-05-21,4.85,4.85,4.85,4.85,900,4.85
2008-05-20,4.90,4.90,4.85,4.85,4300,4.85
2008-05-19,4.40,4.90,4.40,4.85,41800,4.85
2008-05-16,4.35,4.35,4.35,4.35,1100,4.35
2008-05-15,4.35,4.35,4.35,4.35,3600,4.35
2008-05-14,4.44,4.44,4.10,4.35,56500,4.35
2008-05-13,4.45,4.45,4.35,4.45,34100,4.45
2008-05-12,4.30,4.55,4.30,4.45,141900,4.45
2008-05-09,4.55,4.55,4.15,4.45,78600,4.45
2008-05-08,4.40,4.65,4.40,4.50,291700,4.50
2008-05-07,3.70,4.35,3.70,4.35,14900,4.35
2008-05-06,3.50,3.50,3.50,3.50,600,3.50
2008-05-05,3.25,3.30,3.25,3.30,14000,3.30
2008-05-02,3.25,3.25,3.25,3.25,000,3.25
2008-05-01,3.25,3.25,3.25,3.25,000,3.25
2008-04-30,3.25,3.25,3.25,3.25,100,3.25
2008-04-29,3.25,3.25,3.25,3.25,000,3.25
2008-04-28,3.16,3.25,3.16,3.25,3300,3.25
2008-04-25,3.30,3.35,3.05,3.05,4500,3.05
2008-04-24,3.90,3.90,3.90,3.90,000,3.90
2008-04-23,3.90,3.90,3.90,3.90,000,3.90
2008-04-22,3.90,3.90,3.90,3.90,000,3.90
2008-04-21,3.90,3.90,3.90,3.90,000,3.90
2008-04-18,3.80,3.90,3.80,3.90,200,3.90
2008-04-17,3.45,3.45,3.45,3.45,100,3.45
2008-04-16,3.45,3.45,3.45,3.45,1000,3.45
2008-04-15,3.60,3.60,3.50,3.50,3100,3.50
2008-04-14,3.80,3.95,3.80,3.95,300,3.95
2008-04-11,3.80,3.80,3.50,3.80,34500,3.80
2008-04-10,4.30,4.30,3.90,3.90,24900,3.90
2008-04-09,4.50,4.50,4.50,4.50,600,4.50
2008-04-08,4.50,4.60,4.50,4.50,10100,4.50
2008-04-07,4.50,4.50,4.50,4.50,1000,4.50
2008-04-04,4.30,4.50,4.30,4.50,3500,4.50
2008-04-03,4.40,4.40,4.11,4.30,5300,4.30
2008-04-02,4.51,4.60,4.26,4.26,21900,4.26
2008-04-01,4.70,4.70,4.51,4.60,5400,4.60
2008-03-31,4.70,4.75,4.70,4.75,1500,4.75
2008-03-28,4.75,4.75,4.75,4.75,600,4.75
2008-03-27,4.75,4.75,4.75,4.75,800,4.75
2008-03-26,4.50,4.50,4.50,4.50,000,4.50
2008-03-25,4.50,4.50,4.50,4.50,100,4.50
2008-03-24,4.75,4.75,4.75,4.75,000,4.75
2008-03-20,4.75,4.75,4.75,4.75,000,4.75
2008-03-19,4.95,4.95,4.75,4.75,29000,4.75
2008-03-18,5.10,5.10,4.95,4.95,3500,4.95
2008-03-17,5.15,5.15,5.10,5.10,2100,5.10
2008-03-14,5.32,5.32,5.15,5.15,6800,5.15
2008-03-13,5.55,5.55,5.10,5.25,23000,5.25
2008-03-12,5.50,5.60,5.50,5.60,6500,5.60
2008-03-11,5.25,5.25,5.25,5.25,1200,5.25
2008-03-10,5.25,5.25,5.25,5.25,000,5.25
2008-03-07,5.05,5.25,4.80,5.25,1600,5.25
2008-03-06,5.00,5.00,4.50,5.00,7900,5.00
2008-03-05,5.50,5.50,5.50,5.50,000,5.50
2008-03-04,5.50,5.50,5.50,5.50,000,5.50
2008-03-03,5.25,5.50,5.25,5.50,600,5.50
2008-02-29,5.50,5.70,5.50,5.70,1100,5.70
2008-02-28,5.70,5.70,5.60,5.70,3600,5.70
2008-02-27,5.75,5.75,5.75,5.75,200,5.75
2008-02-26,5.65,5.65,5.65,5.65,500,5.65
2008-02-25,5.75,5.75,5.75,5.75,300,5.75
2008-02-22,5.75,5.75,5.75,5.75,200,5.75
2008-02-21,5.75,5.75,5.75,5.75,1300,5.75
2008-02-20,5.75,5.75,5.75,5.75,7600,5.75
2008-02-19,6.00,6.00,5.75,5.75,2900,5.75
2008-02-15,6.00,6.00,5.75,6.00,7500,6.00
2008-02-14,5.30,5.75,5.30,5.75,3000,5.75
2008-02-13,5.25,5.25,5.25,5.25,000,5.25
2008-02-12,5.30,5.30,5.25,5.25,1300,5.25
2008-02-11,5.30,5.40,5.25,5.25,15000,5.25
2008-02-08,5.40,5.45,5.30,5.30,3800,5.30
2008-02-07,5.71,5.71,5.50,5.50,19200,5.50
2008-02-06,5.90,5.90,5.71,5.80,12700,5.80
2008-02-05,5.90,5.91,5.90,5.91,1500,5.91
2008-02-04,6.00,6.00,5.99,6.00,2200,6.00
2008-02-01,6.00,6.00,6.00,6.00,200,6.00
2008-01-31,5.80,6.00,5.80,6.00,1100,6.00
2008-01-30,6.30,6.30,5.90,5.90,3600,5.90
2008-01-29,6.65,6.65,6.65,6.65,000,6.65
2008-01-28,6.55,6.65,6.40,6.65,3600,6.65
2008-01-25,6.70,6.70,6.50,6.50,26100,6.50
2008-01-24,6.75,6.90,6.70,6.90,3300,6.90
2008-01-23,6.80,6.90,6.80,6.90,1100,6.90
2008-01-22,7.20,7.20,6.90,7.00,2800,7.00
2008-01-18,7.25,7.25,7.10,7.20,26300,7.20
2008-01-17,7.25,7.30,7.20,7.30,3100,7.30
2008-01-16,7.05,7.15,7.05,7.15,34400,7.15
2008-01-15,7.10,7.15,7.05,7.15,18100,7.15
2008-01-14,7.15,7.15,7.15,7.15,000,7.15
2008-01-11,7.11,7.15,7.09,7.15,33700,7.15
2008-01-10,7.05,7.11,7.05,7.11,6600,7.11
2008-01-09,7.15,7.15,7.00,7.05,24200,7.05
2008-01-08,7.15,7.15,7.10,7.10,6000,7.10
2008-01-07,7.15,7.15,7.10,7.15,3200,7.15
2008-01-04,7.15,7.20,7.15,7.15,8200,7.15
2008-01-03,7.15,7.20,7.15,7.20,9100,7.20
2008-01-02,7.00,7.35,7.00,7.25,36500,7.25
2007-12-31,7.18,7.18,7.00,7.15,3400,7.15
2007-12-28,7.00,7.19,7.00,7.10,9100,7.10
2007-12-27,6.90,7.10,6.90,7.10,6500,7.10
2007-12-26,6.85,6.85,6.85,6.85,1200,6.85
2007-12-24,6.75,6.85,6.73,6.80,4100,6.80
2007-12-21,6.85,6.85,6.85,6.85,000,6.85
2007-12-20,6.85,6.85,6.85,6.85,200,6.85
2007-12-19,6.75,6.75,6.75,6.75,1200,6.75
2007-12-18,6.70,6.70,6.70,6.70,100,6.70
2007-12-17,6.41,6.70,6.41,6.70,290500,6.70
2007-12-14,6.50,6.50,6.40,6.45,15500,6.45
2007-12-13,6.60,6.60,6.50,6.50,37500,6.50
2007-12-12,7.00,7.00,6.25,6.25,42900,6.25
2007-12-11,7.25,7.25,7.00,7.00,101000,7.00
2007-12-10,7.65,7.65,7.65,7.65,000,7.65
2007-12-07,7.65,7.70,7.65,7.65,16000,7.65
2007-12-06,7.65,7.65,7.50,7.50,1500,7.50
2007-12-05,7.65,7.65,7.60,7.60,8500,7.60
2007-12-04,7.65,7.65,7.65,7.65,000,7.65
2007-12-03,7.65,7.65,7.65,7.65,12000,7.65
2007-11-30,7.75,7.75,7.50,7.60,31000,7.60
2007-11-29,7.50,7.50,7.50,7.50,5200,7.50
2007-11-28,7.75,7.75,7.75,7.75,1400,7.75
2007-11-27,7.50,7.50,7.50,7.50,000,7.50
2007-11-26,7.75,7.75,7.50,7.50,22100,7.50
2007-11-23,7.95,7.95,7.95,7.95,000,7.95
2007-11-21,7.95,7.95,7.95,7.95,000,7.95
2007-11-20,7.95,7.95,7.95,7.95,000,7.95
2007-11-19,7.95,7.95,7.95,7.95,500,7.95
2007-11-16,7.75,7.75,7.75,7.75,600,7.75
2007-11-15,7.90,7.90,7.90,7.90,000,7.90
2007-11-14,7.90,7.90,7.90,7.90,000,7.90
2007-11-13,7.90,7.90,7.90,7.90,000,7.90
2007-11-12,7.90,7.90,7.90,7.90,1500,7.90
2007-11-09,8.40,8.40,8.00,8.00,62500,8.00
2007-11-08,8.40,8.40,8.40,8.40,1000,8.40
2007-11-07,8.50,8.50,8.37,8.40,30600,8.40
2007-11-06,8.40,8.50,8.40,8.50,30500,8.50
2007-11-05,8.50,8.50,8.50,8.50,000,8.50
2007-11-02,8.80,8.80,8.50,8.50,53000,8.50
2007-11-01,8.80,8.80,8.80,8.80,600,8.80
2007-10-31,8.85,8.85,8.80,8.80,8500,8.80
2007-10-30,8.85,8.85,8.85,8.85,500,8.85
2007-10-29,8.95,9.00,8.80,8.90,85500,8.90
2007-10-26,9.00,9.00,8.85,9.00,700,9.00
2007-10-25,8.90,9.00,8.90,9.00,2300,9.00
2007-10-24,8.90,8.90,8.90,8.90,000,8.90
2007-10-23,8.70,8.90,8.70,8.90,16000,8.90
2007-10-22,8.40,8.75,8.40,8.75,2100,8.75
2007-10-19,8.55,8.55,8.55,8.55,5000,8.55
2007-10-18,8.20,8.75,8.20,8.75,3000,8.75
2007-10-17,8.25,8.50,8.20,8.50,20200,8.50
2007-10-16,7.40,8.50,7.40,8.00,61700,8.00
2007-10-15,7.15,7.40,7.15,7.40,25000,7.40
2007-10-12,7.05,7.05,7.00,7.00,3000,7.00
2007-10-11,6.90,7.10,6.90,7.00,5000,7.00
2007-10-10,6.65,6.70,6.65,6.65,1500,6.65
2007-10-09,6.50,6.55,6.45,6.50,262000,6.50
2007-10-08,6.50,6.50,6.50,6.50,5000,6.50
2007-10-05,6.35,6.37,6.35,6.37,3000,6.37
2007-10-04,6.53,6.55,6.30,6.30,25400,6.30
2007-10-03,6.55,6.57,6.40,6.50,64500,6.50
2007-10-02,6.55,6.57,6.50,6.50,21500,6.50
2007-10-01,6.50,6.50,6.50,6.50,500,6.50
2007-09-28,6.55,6.55,6.40,6.50,36500,6.50
2007-09-27,6.45,6.60,6.45,6.50,12000,6.50
2007-09-26,6.60,6.60,6.45,6.46,8500,6.46
2007-09-25,6.45,6.55,6.30,6.35,109000,6.35
2007-09-24,6.35,6.40,6.35,6.40,1000,6.40
2007-09-21,6.26,6.26,6.26,6.26,000,6.26
2007-09-20,6.15,6.89,6.05,6.26,7600,6.26
2007-09-19,6.65,6.65,6.60,6.62,3500,6.62
2007-09-18,6.73,6.73,6.73,6.73,000,6.73
2007-09-17,6.75,6.75,6.70,6.73,11300,6.73
2007-09-14,6.60,6.75,6.60,6.70,11500,6.70
2007-09-13,6.50,6.50,6.50,6.50,1000,6.50
2007-09-12,6.45,6.50,6.45,6.50,2000,6.50
2007-09-11,6.60,6.60,6.45,6.50,15500,6.50
2007-09-10,7.00,7.00,6.90,6.90,3000,6.90
2007-09-07,7.05,7.05,7.05,7.05,100,7.05
2007-09-06,6.15,7.14,6.15,7.00,56700,7.00
2007-09-05,6.00,6.15,6.00,6.10,22500,6.10
2007-09-04,6.00,6.15,6.00,6.00,20500,6.00
2007-08-31,6.00,6.00,6.00,6.00,6000,6.00
2007-08-30,5.00,5.05,5.00,5.05,291000,5.05
2007-08-29,5.75,5.75,5.75,5.75,000,5.75
2007-08-28,5.75,5.75,5.75,5.75,000,5.75
2007-08-27,5.75,5.75,5.75,5.75,73000,5.75
2007-08-24,5.95,5.95,5.95,5.95,000,5.95
2007-08-23,5.95,5.95,5.95,5.95,000,5.95
2007-08-22,5.95,5.95,5.95,5.95,000,5.95
2007-08-21,5.95,5.95,5.95,5.95,500,5.95
2007-08-20,6.00,6.00,6.00,6.00,50000,6.00
2007-08-17,7.00,7.00,7.00,7.00,000,7.00
2007-08-16,7.00,7.00,7.00,7.00,000,7.00
2007-08-15,7.00,7.00,7.00,7.00,000,7.00
2007-08-14,6.10,7.00,6.00,7.00,112100,7.00
2007-08-13,7.00,7.00,7.00,7.00,000,7.00
2007-08-10,7.00,7.00,7.00,7.00,000,7.00
2007-08-09,7.00,7.00,7.00,7.00,000,7.00
2007-08-08,7.00,7.00,7.00,7.00,500,7.00
2007-08-07,7.00,7.00,7.00,7.00,1000,7.00
2007-08-06,7.00,7.00,7.00,7.00,1000,7.00
2007-08-03,7.00,7.00,7.00,7.00,000,7.00
2007-08-02,7.00,7.00,7.00,7.00,000,7.00
2007-08-01,7.00,7.00,7.00,7.00,000,7.00
2007-07-31,7.00,7.00,7.00,7.00,000,7.00
2007-07-30,7.00,7.00,7.00,7.00,000,7.00
2007-07-27,7.00,7.00,7.00,7.00,000,7.00
2007-07-26,7.00,7.00,7.00,7.00,000,7.00
2007-07-25,7.00,7.00,7.00,7.00,000,7.00
2007-07-24,7.00,7.00,7.00,7.00,000,7.00
2007-07-23,7.00,7.00,7.00,7.00,100,7.00
2007-07-20,7.00,7.00,7.00,7.00,10000,7.00
2007-07-19,8.05,8.05,8.05,8.05,000,8.05
2007-07-18,8.05,8.05,8.05,8.05,000,8.05
2007-07-17,8.05,8.05,8.05,8.05,000,8.05
2007-07-16,8.05,8.05,8.05,8.05,000,8.05
2007-07-13,8.05,8.05,8.05,8.05,000,8.05
2007-07-12,8.05,8.05,8.05,8.05,000,8.05
2007-07-11,8.05,8.05,8.05,8.05,100,8.05
2007-07-10,8.00,8.00,8.00,8.00,500,8.00
2007-07-09,7.00,7.00,7.00,7.00,000,7.00
2007-07-06,7.00,7.00,7.00,7.00,000,7.00
2007-07-05,7.00,7.00,7.00,7.00,000,7.00
2007-07-03,7.00,7.00,7.00,7.00,000,7.00
2007-07-02,7.00,7.00,7.00,7.00,000,7.00
2007-06-29,7.00,7.00,7.00,7.00,000,7.00
2007-06-28,7.00,7.00,7.00,7.00,000,7.00
2007-06-27,7.15,7.15,7.00,7.00,1000,7.00
2007-06-26,7.15,7.15,7.15,7.15,000,7.15
2007-06-25,7.15,7.15,7.15,7.15,000,7.15
2007-06-22,7.15,7.15,7.15,7.15,000,7.15
2007-06-21,7.15,7.15,7.15,7.15,500,7.15
2007-06-20,8.00,8.00,8.00,8.00,000,8.00
2007-06-19,8.00,8.00,8.00,8.00,000,8.00
2007-06-18,8.00,8.00,8.00,8.00,000,8.00
2007-06-15,8.00,8.00,8.00,8.00,000,8.00
2007-06-14,8.00,8.00,8.00,8.00,1000,8.00
2007-06-13,8.06,8.06,8.06,8.06,000,8.06
2007-06-12,8.06,8.06,8.06,8.06,500,8.06
2007-06-11,8.05,8.05,8.05,8.05,000,8.05
2007-06-08,8.05,8.05,8.05,8.05,000,8.05
2007-06-07,8.05,8.05,8.05,8.05,500,8.05
