Date,Open,High,Low,Close,Volume,Adj Close
2012-12-03,45.97,45.98,45.92,45.96,401100,45.96
2012-11-30,45.95,45.95,45.89,45.92,1028900,45.92
2012-11-28,45.88,45.93,45.88,45.91,190500,45.91
2012-11-27,45.93,45.96,45.88,45.90,359900,45.90
2012-11-26,45.95,45.96,45.94,45.94,181700,45.94
2012-11-23,45.95,45.98,45.93,45.98,82900,45.98
2012-11-22,45.94,45.94,45.94,45.94,000,45.94
2012-11-21,45.97,45.97,45.93,45.94,253600,45.94
2012-11-20,45.94,45.97,45.935,45.94,436600,45.94
2012-11-19,45.92,45.95,45.91,45.95,331400,45.95
2012-11-16,45.88,45.92,45.88,45.89,553700,45.89
2012-11-15,45.89,45.91,45.87,45.90,1836300,45.90
2012-11-14,45.91,45.92,45.88,45.88,1180200,45.88
2012-11-13,45.90,45.93,45.89,45.89,765900,45.89
2012-11-12,45.94,45.94,45.90,45.91,191400,45.91
2012-11-09,45.93,45.94,45.88,45.90,738100,45.90
2012-11-08,45.95,45.96,45.92,45.92,151400,45.92
2012-11-07,45.94,45.94,45.92,45.92,208200,45.92
2012-11-06,45.96,45.96,45.92,45.94,80100,45.94
2012-11-05,45.94,45.95,45.91,45.93,148100,45.93
2012-11-02,45.96,45.96,45.93,45.93,234800,45.93
2012-11-01,45.94,45.96,45.93,45.96,274800,45.96
2012-10-31,45.93,45.96,45.93,45.96,141100,45.96
2012-10-30,45.95,45.95,45.95,45.95,000,45.95
2012-10-29,45.95,45.95,45.95,45.95,000,45.95
2012-10-26,45.94,45.97,45.91,45.95,527800,45.95
2012-10-25,45.92,45.94,45.88,45.93,120400,45.93
2012-10-24,45.93,45.93,45.87,45.88,331600,45.88
2012-10-23,45.87,45.90,45.86,45.88,406300,45.88
2012-10-22,45.89,45.91,45.87,45.87,138100,45.87
2012-10-19,45.88,45.9201,45.88,45.89,206500,45.89
2012-10-18,45.90,45.93,45.89,45.89,211400,45.89
2012-10-17,45.94,45.94,45.88,45.89,170600,45.89
2012-10-16,45.93,45.94,45.87,45.87,797700,45.87
2012-10-15,45.95,45.97,45.89,45.89,234200,45.89
2012-10-12,45.96,45.98,45.92,45.95,261200,45.95
2012-10-11,45.98,45.98,45.89,45.95,1417800,45.95
2012-10-10,45.99,45.99,45.95,45.98,1875900,45.98
2012-10-09,45.98,45.99,45.96,45.96,254600,45.96
2012-10-08,45.91,45.99,45.91,45.98,578100,45.98
2012-10-05,45.98,45.99,45.95,45.95,865000,45.95
2012-10-04,46.00,46.00,45.95,45.98,537800,45.98
2012-10-03,45.94,46.00,45.89,45.96,930000,45.96
2012-10-02,45.93,45.95,45.88,45.93,219500,45.93
2012-10-01,45.88,45.95,45.86,45.95,123000,45.95
2012-09-28,45.86,45.88,45.83,45.83,435500,45.83
2012-09-27,45.92,45.92,45.85,45.87,733000,45.87
2012-09-26,45.92,45.92,45.88,45.91,262600,45.91
2012-09-25,45.90,45.92,45.87,45.87,415300,45.87
2012-09-24,45.87,45.90,45.86,45.88,723000,45.88
2012-09-21,45.93,45.97,45.85,45.85,349300,45.85
2012-09-20,45.85,45.92,45.85,45.92,440500,45.92
2012-09-19,45.87,45.92,45.85,45.85,567500,45.85
2012-09-18,45.88,45.89,45.85,45.85,376500,45.85
2012-09-17,45.86,45.94,45.85,45.91,318100,45.91
2012-09-14,45.94,45.94,45.76,45.85,543300,45.85
2012-09-13,45.92,45.93,45.83,45.90,436700,45.90
2012-09-12,45.90,45.93,45.85,45.93,474000,45.93
2012-09-11,45.90,45.92,45.85,45.87,516000,45.87
2012-09-10,45.92,45.93,45.86,45.92,275300,45.92
2012-09-07,45.92,45.92,45.86,45.92,318000,45.92
2012-09-06,45.93,45.94,45.83,45.92,1277300,45.92
2012-09-05,45.90,45.97,45.88,45.97,430200,45.97
2012-09-04,45.85,45.95,45.85,45.95,947000,45.95
2012-09-03,45.84,45.84,45.84,45.84,000,45.84
2012-08-31,45.85,45.94,45.84,45.84,580800,45.84
2012-08-30,45.81,45.88,45.81,45.84,475100,45.84
2012-08-29,45.80,46.42,45.79,45.81,1753400,45.81
2012-08-28,45.78,45.90,45.77,45.79,3299100,45.79
2012-08-27,45.74,45.93,45.71,45.79,11358800,45.79
2012-08-24,32.23,32.96,32.06,32.39,238300,32.39
2012-08-23,32.43,32.59,32.15,32.46,156600,32.46
2012-08-22,32.70,33.23,32.36,32.52,388500,32.52
2012-08-21,33.47,33.99,32.8017,32.88,252000,32.88
2012-08-20,33.63,33.91,33.06,33.33,197400,33.33
2012-08-17,32.71,33.75,32.54,33.60,181200,33.60
2012-08-16,32.46,33.2298,32.245,32.73,270700,32.73
2012-08-15,32.10,32.65,32.02,32.59,276800,32.59
2012-08-14,32.31,32.34,31.88,32.22,289800,32.22
2012-08-13,31.56,32.14,31.09,32.12,306700,32.12
2012-08-10,32.20,32.28,31.04,31.66,331400,31.66
2012-08-09,30.35,32.71,30.23,32.46,662600,32.46
2012-08-08,30.69,31.28,29.34,30.16,1392100,30.16
2012-08-07,25.16,26.94,24.90,26.48,588000,26.48
2012-08-06,24.82,25.53,24.53,24.75,288200,24.75
2012-08-03,23.36,24.80,23.22,24.73,199300,24.73
2012-08-02,22.78,23.84,22.63,22.79,238500,22.79
2012-08-01,23.96,23.96,22.83,22.87,174500,22.87
2012-07-31,24.30,24.36,23.75,23.81,137000,23.81
2012-07-30,24.66,25.14,24.04,24.37,139300,24.37
2012-07-27,23.35,24.83,23.25,24.64,221600,24.64
2012-07-26,24.29,24.54,23.02,23.13,335100,23.13
2012-07-25,23.87,24.31,23.67,23.77,243700,23.77
2012-07-24,23.92,24.119,23.43,23.60,260800,23.60
2012-07-23,23.39,24.15,23.03,23.84,209100,23.84
2012-07-20,24.94,25.15,24.05,24.09,278000,24.09
2012-07-19,24.045,25.31,23.97,25.07,488700,25.07
2012-07-18,23.36,24.26,23.36,23.89,351000,23.89
2012-07-17,24.09,24.36,22.86,23.46,444500,23.46
2012-07-16,24.39,24.54,23.87,23.91,407700,23.91
2012-07-13,24.68,25.58,24.43,24.47,334200,24.47
2012-07-12,24.85,25.01,24.0301,24.50,384100,24.50
2012-07-11,26.74,27.02,25.09,25.20,378300,25.20
2012-07-10,27.92,27.9575,26.68,26.75,106300,26.75
2012-07-09,28.61,28.77,27.64,27.69,158800,27.69
2012-07-06,30.03,30.03,28.31,28.70,200400,28.70
2012-07-05,30.12,30.72,29.94,30.27,212200,30.27
2012-07-04,30.29,30.29,30.29,30.29,000,30.29
2012-07-03,29.55,30.29,29.55,30.29,114300,30.29
2012-07-02,29.19,29.63,28.84,29.63,197000,29.63
2012-06-29,28.91,29.13,28.77,29.03,407800,29.03
2012-06-28,28.59,28.85,27.65,28.02,183100,28.02
2012-06-27,28.87,29.27,28.72,29.00,148000,29.00
2012-06-26,28.50,29.17,28.11,28.75,245400,28.75
2012-06-25,28.27,28.86,27.68,28.25,356600,28.25
2012-06-22,29.41,29.46,28.90,28.95,352200,28.95
2012-06-21,30.87,31.16,29.07,29.07,339600,29.07
2012-06-20,30.89,31.20,30.49,30.85,181800,30.85
2012-06-19,30.55,31.54,30.44,31.12,329500,31.12
2012-06-18,30.13,30.54,29.85,30.30,290000,30.30
2012-06-15,30.34,30.66,30.09,30.44,265100,30.44
2012-06-14,29.72,30.36,29.35,30.22,138500,30.22
2012-06-13,29.32,30.42,28.98,29.66,184600,29.66
2012-06-12,29.40,30.00,28.84,29.40,296200,29.40
2012-06-11,30.15,30.41,29.11,29.16,235700,29.16
2012-06-08,28.77,29.76,28.45,29.60,147200,29.60
2012-06-07,28.59,29.08,28.23,28.92,296900,28.92
2012-06-06,27.49,28.41,27.39,28.13,294600,28.13
2012-06-05,26.77,27.59,26.55,27.08,514600,27.08
2012-06-04,27.32,27.54,26.62,26.82,338800,26.82
2012-06-01,28.24,29.23,26.97,27.17,397300,27.17
2012-05-31,29.44,29.63,28.66,29.17,421100,29.17
2012-05-30,30.00,30.25,29.31,29.35,279800,29.35
2012-05-29,30.64,30.81,30.16,30.51,159200,30.51
2012-05-28,30.26,30.26,30.26,30.26,000,30.26
2012-05-25,30.84,31.03,30.15,30.26,241300,30.26
2012-05-24,31.10,31.12,30.365,30.73,168200,30.73
2012-05-23,29.56,31.20,29.56,30.96,346400,30.96
2012-05-22,29.85,30.52,29.70,30.05,261300,30.05
2012-05-21,28.44,30.12,28.22,29.92,345800,29.92
2012-05-18,28.84,29.18,28.09,28.32,397000,28.32
2012-05-17,29.03,29.54,28.64,28.78,297400,28.78
2012-05-16,29.19,29.78,28.96,29.05,200300,29.05
2012-05-15,29.62,29.95,28.84,28.93,192500,28.93
2012-05-14,29.66,30.17,29.40,29.44,195600,29.44
2012-05-11,29.40,30.67,29.35,30.16,151200,30.16
2012-05-10,30.16,30.16,29.12,29.71,256000,29.71
2012-05-09,29.74,30.32,29.50,29.88,289600,29.88
2012-05-08,31.01,31.28,29.68,30.30,322700,30.30
2012-05-07,31.60,32.16,31.16,31.28,205700,31.28
2012-05-04,32.38,32.59,31.51,31.78,254300,31.78
2012-05-03,33.31,33.655,32.39,32.79,314400,32.79
2012-05-02,32.30,33.61,31.07,33.43,480600,33.43
2012-05-01,32.56,33.90,32.13,32.28,423800,32.28
2012-04-30,32.42,32.78,31.53,32.67,482100,32.67
2012-04-27,33.19,33.58,32.37,32.46,272400,32.46
2012-04-26,31.34,33.28,31.23,33.14,461900,33.14
2012-04-25,30.57,31.60,30.465,31.44,344400,31.44
2012-04-24,30.13,30.63,29.88,29.97,221200,29.97
2012-04-23,30.13,30.64,29.68,30.20,261400,30.20
2012-04-20,31.50,31.538,30.13,30.77,234600,30.77
2012-04-19,31.72,32.58,30.66,31.03,233100,31.03
2012-04-18,30.88,32.03,30.70,31.74,325900,31.74
2012-04-17,30.86,31.74,30.75,31.16,175300,31.16
2012-04-16,30.64,31.10,29.91,30.46,129200,30.46
2012-04-13,30.92,31.20,30.22,30.36,145900,30.36
2012-04-12,29.86,31.41,29.66,31.15,241100,31.15
2012-04-11,29.32,30.16,29.22,29.76,147900,29.76
2012-04-10,29.44,29.46,28.58,28.88,194900,28.88
2012-04-09,29.44,30.07,29.11,29.49,240700,29.49
2012-04-06,30.20,30.20,30.20,30.20,000,30.20
2012-04-05,30.17,30.51,29.76,30.20,288600,30.20
2012-04-04,31.15,31.37,30.21,30.52,225900,30.52
2012-04-03,32.46,32.58,31.57,31.73,189600,31.73
2012-04-02,31.74,33.00,31.71,32.58,339100,32.58
2012-03-30,31.34,31.52,30.82,31.24,193200,31.24
2012-03-29,31.20,31.60,30.57,31.00,126100,31.00
2012-03-28,31.73,32.00,31.06,31.54,179400,31.54
2012-03-27,31.76,32.12,31.54,31.73,267100,31.73
2012-03-26,31.54,32.43,31.49,31.80,229700,31.80
2012-03-23,30.65,31.1308,30.49,31.09,132900,31.09
2012-03-22,30.97,31.25,30.44,30.67,183700,30.67
2012-03-21,30.89,31.40,30.661,31.32,152300,31.32
2012-03-20,30.98,31.07,30.24,30.77,176200,30.77
2012-03-19,29.66,31.39,29.625,31.38,463100,31.38
2012-03-16,29.56,29.86,28.73,29.70,372500,29.70
2012-03-15,28.52,30.04,28.20,29.58,505900,29.58
2012-03-14,28.47,28.85,28.16,28.32,207600,28.32
2012-03-13,28.49,28.88,27.87,28.57,275800,28.57
2012-03-12,28.63,28.77,27.80,28.16,225300,28.16
2012-03-09,28.31,28.98,28.17,28.63,104400,28.63
2012-03-08,27.40,28.42,27.40,28.31,216800,28.31
2012-03-07,26.92,27.647,26.61,27.15,226200,27.15
2012-03-06,27.09,27.61,26.66,26.86,191900,26.86
2012-03-05,27.60,27.93,27.20,27.55,139400,27.55
2012-03-02,28.60,28.84,27.13,27.63,314500,27.63
2012-03-01,28.06,28.88,28.03,28.58,122600,28.58
2012-02-29,28.20,28.60,27.77,27.79,251700,27.79
2012-02-28,28.58,28.94,27.68,28.14,323900,28.14
2012-02-27,28.50,28.95,27.85,28.48,139500,28.48
2012-02-24,28.94,29.18,28.32,28.67,131400,28.67
2012-02-23,28.14,29.16,28.044,29.02,185500,29.02
2012-02-22,27.49,28.66,27.49,28.08,103300,28.08
2012-02-21,28.53,28.86,27.58,27.72,236800,27.72
2012-02-20,28.48,28.48,28.48,28.48,000,28.48
2012-02-17,28.92,28.92,28.40,28.48,120300,28.48
2012-02-16,28.24,28.88,27.89,28.83,122700,28.83
2012-02-15,28.63,28.71,28.10,28.30,157800,28.30
2012-02-14,28.52,28.93,28.1301,28.52,122300,28.52
2012-02-13,28.58,28.75,28.36,28.71,143200,28.71
2012-02-10,28.16,28.38,27.60,28.17,144000,28.17
2012-02-09,30.48,30.48,28.24,28.57,556900,28.57
2012-02-08,28.53,28.77,27.89,28.13,262700,28.13
2012-02-07,25.06,29.29,24.15,28.54,2261200,28.54
2012-02-06,26.67,28.13,26.5295,28.06,565500,28.06
2012-02-03,26.15,27.52,26.035,27.19,282200,27.19
2012-02-02,25.37,25.80,25.24,25.59,341400,25.59
2012-02-01,24.28,25.20,24.20,25.14,243600,25.14
2012-01-31,23.84,24.2099,23.66,24.02,290000,24.02
2012-01-30,23.77,23.79,23.22,23.60,96000,23.60
2012-01-27,23.39,24.10,23.39,23.99,142300,23.99
2012-01-26,23.56,23.72,23.17,23.54,351100,23.54
2012-01-25,23.57,23.57,23.25,23.40,174900,23.40
2012-01-24,23.31,23.67,23.24,23.55,165700,23.55
2012-01-23,23.63,23.85,23.46,23.50,148700,23.50
2012-01-20,23.33,23.33,23.33,23.33,000,23.33
2012-01-19,23.33,23.33,23.33,23.33,000,23.33
2012-01-18,23.33,23.33,23.33,23.33,000,23.33
2012-01-17,23.50,24.88,23.24,23.33,389800,23.33
2012-01-16,23.85,23.85,23.85,23.85,000,23.85
2012-01-13,25.32,25.35,23.65,23.85,341700,23.85
2012-01-12,25.87,25.90,25.65,25.75,182700,25.75
2012-01-11,26.38,26.49,25.41,25.73,303100,25.73
2012-01-10,26.86,26.96,26.20,26.54,203400,26.54
2012-01-09,26.60,26.75,25.80,26.37,451000,26.37
2012-01-06,25.47,27.06,25.12,26.51,327800,26.51
2012-01-05,24.85,25.74,24.69,25.43,191100,25.43
2012-01-04,25.97,26.06,24.96,24.97,170500,24.97
2012-01-03,27.72,27.85,25.99,26.09,151000,26.09
2012-01-02,26.70,26.70,26.70,26.70,000,26.70
2011-12-30,26.53,26.87,26.48,26.70,136700,26.70
2011-12-29,25.93,26.80,25.93,26.67,55200,26.67
2011-12-28,26.85,26.85,25.70,25.76,132400,25.76
2011-12-27,26.53,27.2199,26.50,26.91,81300,26.91
2011-12-26,26.64,26.64,26.64,26.64,000,26.64
2011-12-23,26.63,26.83,26.43,26.64,61200,26.64
2011-12-22,26.20,26.69,26.06,26.60,209900,26.60
2011-12-21,26.16,26.39,24.83,26.16,258800,26.16
2011-12-20,26.62,26.79,26.19,26.26,691800,26.26
2011-12-19,26.85,27.23,25.79,25.83,276700,25.83
2011-12-16,27.71,28.17,26.89,26.91,288500,26.91
2011-12-15,28.24,28.55,27.44,27.59,134400,27.59
2011-12-14,28.21,28.31,27.4801,27.74,217500,27.74
2011-12-13,28.01,28.63,27.97,28.55,377100,28.55
2011-12-12,27.48,27.87,27.17,27.74,194400,27.74
2011-12-09,27.45,28.22,27.45,27.98,305200,27.98
2011-12-08,27.70,28.11,27.32,27.38,237300,27.38
2011-12-07,27.91,28.13,27.41,27.86,201200,27.86
2011-12-06,29.30,29.37,27.84,28.10,450700,28.10
2011-12-05,28.06,29.60,28.06,29.44,1409200,29.44
2011-12-02,24.98,25.38,24.75,25.32,150300,25.32
2011-12-01,24.80,25.35,24.50,24.56,152700,24.56
2011-11-30,24.06,25.27,24.00,25.00,323900,25.00
2011-11-29,22.99,23.24,22.48,22.74,73500,22.74
2011-11-28,23.14,23.503,22.56,22.99,145000,22.99
2011-11-25,22.19,22.83,21.84,22.07,60700,22.07
2011-11-24,22.34,22.34,22.34,22.34,000,22.34
2011-11-23,22.87,22.87,21.77,22.34,161200,22.34
2011-11-22,22.95,23.62,22.94,22.99,122300,22.99
2011-11-21,23.19,23.31,22.75,23.04,99500,23.04
2011-11-18,24.13,24.17,23.1654,23.65,156100,23.65
2011-11-17,25.71,25.75,23.92,24.05,191500,24.05
2011-11-16,25.85,26.50,25.78,25.86,200600,25.86
2011-11-15,25.38,26.15,25.08,26.08,155600,26.08
2011-11-14,25.38,26.10,25.355,25.67,148900,25.67
2011-11-11,25.48,25.48,25.15,25.46,131400,25.46
2011-11-10,24.61,25.00,24.27,24.74,166700,24.74
2011-11-09,24.06,24.84,24.06,24.38,143800,24.38
2011-11-08,24.83,25.38,23.87,25.20,133400,25.20
2011-11-07,25.15,25.25,23.81,24.49,92600,24.49
2011-11-04,24.99,25.71,24.6856,25.15,128000,25.15
2011-11-03,24.45,25.49,23.77,25.34,166300,25.34
2011-11-02,23.31,25.71,23.24,24.12,305800,24.12
2011-11-01,21.85,22.85,21.01,22.34,283900,22.34
2011-10-31,23.27,23.27,22.64,22.87,124100,22.87
2011-10-28,23.75,24.47,23.54,23.75,144900,23.75
2011-10-27,23.48,24.20,23.18,23.84,346100,23.84
2011-10-26,21.66,22.70,21.01,22.57,185600,22.57
2011-10-25,21.84,21.84,20.99,21.265,149000,21.265
2011-10-24,21.11,22.47,20.86,22.07,138000,22.07
2011-10-21,21.12,21.29,20.55,21.02,153400,21.02
2011-10-20,20.50,20.80,20.02,20.66,163400,20.66
2011-10-19,21.79,21.79,20.50,20.53,289400,20.53
2011-10-18,20.33,22.11,20.07,21.82,284800,21.82
2011-10-17,21.08,21.18,20.16,20.30,247200,20.30
2011-10-14,20.35,21.48,20.35,21.25,317400,21.25
2011-10-13,19.97,20.03,19.35,19.97,158600,19.97
2011-10-12,19.56,20.51,19.38,20.16,335700,20.16
2011-10-11,17.43,19.89,17.43,19.36,784900,19.36
2011-10-10,16.44,17.41,16.11,17.33,323000,17.33
2011-10-07,16.90,17.00,15.95,16.08,237800,16.08
2011-10-06,16.17,16.92,15.91,16.78,174100,16.78
2011-10-05,15.74,16.61,15.43,16.20,273800,16.20
2011-10-04,14.26,15.77,13.96,15.73,385800,15.73
2011-10-03,15.47,15.92,14.40,14.40,245400,14.40
2011-09-30,16.12,16.64,15.51,15.64,269900,15.64
2011-09-29,17.27,17.74,15.60,16.42,293600,16.42
2011-09-28,18.08,18.08,16.78,16.79,127900,16.79
2011-09-27,17.53,18.54,17.0247,18.04,222900,18.04
2011-09-26,16.47,17.28,15.99,17.07,228300,17.07
2011-09-23,16.08,17.18,16.08,16.30,229400,16.30
2011-09-22,17.53,17.53,15.82,16.10,389200,16.10
2011-09-21,18.29,18.81,18.08,18.31,218900,18.31
2011-09-20,18.42,18.70,18.17,18.24,289900,18.24
2011-09-19,18.50,18.63,17.5801,18.21,253100,18.21
2011-09-16,18.82,19.15,18.63,18.96,248000,18.96
2011-09-15,18.74,19.19,18.40,18.67,278400,18.67
2011-09-14,18.73,19.13,18.26,18.45,212500,18.45
2011-09-13,18.34,19.01,17.94,18.53,247700,18.53
2011-09-12,17.68,19.59,17.55,18.20,134400,18.20
2011-09-09,18.57,18.84,17.79,18.06,191600,18.06
2011-09-08,19.37,19.8425,18.67,18.80,209200,18.80
2011-09-07,18.48,19.60,18.36,19.54,473600,19.54
2011-09-06,17.58,18.19,17.08,17.98,483600,17.98
2011-09-02,19.15,19.58,17.93,18.41,180800,18.41
2011-09-01,21.05,21.40,19.5193,19.75,124400,19.75
2011-08-31,20.81,21.53,20.41,21.05,171500,21.05
2011-08-30,20.48,20.93,19.91,20.58,126600,20.58
2011-08-29,19.18,20.67,18.95,20.63,210400,20.63
2011-08-26,18.13,19.06,17.85,18.95,165600,18.95
2011-08-25,19.57,20.05,18.17,18.40,160100,18.40
2011-08-24,19.25,19.59,18.44,19.37,108800,19.37
2011-08-23,18.10,19.31,17.99,19.26,166100,19.26
2011-08-22,18.55,18.55,17.61,18.03,181200,18.03
2011-08-19,17.46,18.5194,17.46,17.92,269000,17.92
2011-08-18,20.11,20.34,17.35,17.73,480700,17.73
2011-08-17,21.87,22.15,20.87,21.08,178100,21.08
2011-08-16,22.13,22.35,21.17,21.75,167200,21.75
2011-08-15,21.38,22.43,20.90,22.19,146600,22.19
2011-08-12,21.18,21.55,20.27,21.16,164800,21.16
2011-08-11,20.64,21.38,20.27,20.96,319000,20.96
2011-08-10,21.05,21.92,20.19,20.31,164800,20.31
2011-08-09,21.54,21.99,19.6523,21.83,294800,21.83
2011-08-08,22.69,23.81,20.82,20.83,252600,20.83
2011-08-05,24.66,26.00,22.53,23.77,337800,23.77
2011-08-04,25.63,26.08,24.09,24.18,293500,24.18
2011-08-03,30.54,30.98,25.225,25.97,827300,25.97
2011-08-02,26.07,27.15,24.64,24.73,236300,24.73
2011-08-01,25.96,26.28,24.96,26.27,201800,26.27
2011-07-29,25.38,26.10,25.17,25.57,92200,25.57
2011-07-28,25.81,26.58,25.56,25.80,98000,25.80
2011-07-27,26.52,26.87,25.36,25.73,128800,25.73
2011-07-26,27.79,27.79,26.71,26.72,118300,26.72
2011-07-25,28.11,28.64,27.62,27.81,114500,27.81
2011-07-22,28.58,28.75,28.20,28.55,74100,28.55
2011-07-21,28.26,29.21,27.64,28.54,156300,28.54
2011-07-20,28.66,28.66,27.45,28.15,127800,28.15
2011-07-19,27.30,28.68,26.86,28.49,183500,28.49
2011-07-18,27.00,27.24,26.865,27.02,148400,27.02
2011-07-15,27.26,27.27,26.91,27.19,174700,27.19
2011-07-14,27.40,27.80,26.85,27.01,140300,27.01
2011-07-13,27.20,27.84,26.9556,27.34,77600,27.34
2011-07-12,27.40,27.62,26.833,26.99,201400,26.99
2011-07-11,27.27,27.82,27.19,27.57,267400,27.57
2011-07-08,27.75,27.86,27.2345,27.84,197900,27.84
2011-07-07,27.16,28.18,26.604,28.13,329400,28.13
2011-07-06,24.60,27.29,24.60,26.74,505500,26.74
2011-07-05,24.13,24.65,23.78,24.58,198100,24.58
2011-07-01,24.01,24.42,23.42,24.24,156300,24.24
2011-06-30,24.17,24.32,23.83,23.98,177700,23.98
2011-06-29,24.49,24.55,23.91,24.09,168000,24.09
2011-06-28,24.84,24.84,24.1701,24.33,119200,24.33
2011-06-27,23.52,25.11,23.10,24.73,392100,24.73
2011-06-24,25.40,25.40,23.20,23.28,583800,23.28
2011-06-23,24.80,25.50,24.58,25.36,165900,25.36
2011-06-22,25.47,25.70,25.17,25.18,87900,25.18
2011-06-21,25.45,26.28,25.2512,25.74,125700,25.74
2011-06-20,24.69,25.45,24.62,25.20,100900,25.20
2011-06-17,25.22,25.52,24.43,24.87,185500,24.87
2011-06-16,25.78,26.06,24.56,24.97,201500,24.97
2011-06-15,26.12,26.30,25.72,25.77,174700,25.77
2011-06-14,25.98,26.70,25.86,26.622,135000,26.622
2011-06-13,25.87,26.38,25.325,25.64,149300,25.64
2011-06-10,26.06,26.31,24.96,25.63,163200,25.63
2011-06-09,26.39,26.91,26.23,26.27,170400,26.27
2011-06-08,27.43,27.59,26.05,26.19,342400,26.19
2011-06-07,28.04,28.34,27.45,27.63,280300,27.63
2011-06-06,28.00,28.21,27.45,27.76,257200,27.76
2011-06-03,26.62,28.20,26.08,27.96,584800,27.96
2011-06-02,29.61,30.13,28.69,29.50,159500,29.50
2011-06-01,31.74,31.74,29.47,29.59,284300,29.59
2011-05-31,31.74,31.86,30.745,31.62,529100,31.62
2011-05-27,30.98,31.79,30.98,31.25,274200,31.25
2011-05-26,30.69,31.68,30.21,30.91,200000,30.91
2011-05-25,30.33,32.17,30.16,30.88,368500,30.88
2011-05-24,31.56,31.76,30.27,30.29,133900,30.29
2011-05-23,32.13,32.58,31.37,31.46,380000,31.46
2011-05-20,29.25,33.19,29.01,32.87,2584500,32.87
2011-05-19,27.82,28.09,26.82,27.99,237600,27.99
2011-05-18,27.71,28.42,27.12,27.88,72100,27.88
2011-05-17,27.95,27.95,27.01,27.64,151500,27.64
2011-05-16,29.34,29.76,28.18,28.19,181100,28.19
2011-05-13,30.69,30.69,29.35,29.76,78700,29.76
2011-05-12,29.11,30.87,29.07,30.73,126900,30.73
2011-05-11,30.34,30.56,29.03,29.30,114000,29.30
2011-05-10,30.00,30.59,29.74,30.52,164500,30.52
2011-05-09,29.88,30.04,29.5701,29.90,142100,29.90
2011-05-06,31.10,31.64,29.71,29.87,184300,29.87
2011-05-05,30.51,31.2109,29.94,30.61,205000,30.61
2011-05-04,32.39,33.00,29.95,30.81,629600,30.81
2011-05-03,28.73,29.10,27.83,28.48,240900,28.48
2011-05-02,29.73,30.72,28.70,28.94,322700,28.94
2011-04-29,29.33,30.00,28.856,29.42,116300,29.42
2011-04-28,29.04,30.04,28.86,29.18,141200,29.18
2011-04-27,29.03,29.54,28.78,29.15,163900,29.15
2011-04-26,29.13,29.315,28.88,29.07,207300,29.07
2011-04-25,29.55,29.63,28.95,28.99,296800,28.99
2011-04-21,29.68,30.24,29.25,29.70,179900,29.70
2011-04-20,28.72,29.48,28.70,29.46,112100,29.46
2011-04-19,27.72,28.32,27.60,28.04,261500,28.04
2011-04-18,26.78,27.67,26.6891,27.58,206300,27.58
2011-04-15,27.10,27.73,26.70,27.49,117000,27.49
2011-04-14,26.84,27.31,26.84,27.24,175700,27.24
2011-04-13,27.13,27.315,26.50,27.22,177800,27.22
2011-04-12,26.27,27.14,26.09,26.90,236400,26.90
2011-04-11,27.06,27.20,26.00,26.53,96000,26.53
2011-04-08,27.29,27.29,26.53,26.99,75700,26.99
2011-04-07,27.46,27.87,26.63,27.02,175900,27.02
2011-04-06,27.61,27.61,26.89,27.39,101200,27.39
2011-04-05,26.81,27.53,26.5207,27.30,112300,27.30
2011-04-04,27.07,27.2399,26.76,26.88,111800,26.88
2011-04-01,27.97,27.97,26.68,26.74,118000,26.74
2011-03-31,27.56,27.73,27.31,27.59,93500,27.59
2011-03-30,27.22,27.78,26.87,27.60,155300,27.60
2011-03-29,26.11,27.17,25.68,26.84,194900,26.84
2011-03-28,25.35,26.23,25.32,26.06,341100,26.06
2011-03-25,25.14,25.75,24.68,24.68,84200,24.68
2011-03-24,24.90,25.27,24.73,24.92,153400,24.92
2011-03-23,23.74,24.71,23.39,24.59,173700,24.59
2011-03-22,23.77,24.12,23.65,23.905,103400,23.905
2011-03-21,23.32,23.71,23.17,23.68,70600,23.68
2011-03-18,23.01,23.25,22.76,22.90,83900,22.90
2011-03-17,22.96,22.96,22.14,22.73,70300,22.73
2011-03-16,22.76,23.03,22.22,22.36,105000,22.36
2011-03-15,22.36,23.12,22.36,22.86,48200,22.86
2011-03-14,23.15,23.52,22.66,23.28,55200,23.28
2011-03-11,23.51,23.79,23.20,23.55,61700,23.55
2011-03-10,24.16,24.32,23.38,23.66,107300,23.66
2011-03-09,24.53,24.83,24.18,24.66,29400,24.66
2011-03-08,24.00,24.89,23.45,24.55,52500,24.55
2011-03-07,24.97,25.0192,23.92,23.99,108900,23.99
2011-03-04,24.40,24.95,24.06,24.95,118300,24.95
2011-03-03,24.11,24.95,24.08,24.33,74000,24.33
2011-03-02,22.90,24.17,22.83,23.80,118800,23.80
2011-03-01,23.07,23.32,22.66,22.80,106300,22.80
2011-02-28,24.05,24.18,23.04,23.19,103500,23.19
2011-02-25,23.34,23.93,23.19,23.89,101800,23.89
2011-02-24,23.90,24.28,22.99,23.31,134300,23.31
2011-02-23,24.80,24.89,23.79,23.85,170700,23.85
2011-02-22,23.96,24.87,23.91,24.73,185100,24.73
2011-02-18,25.06,25.08,24.70,24.73,125500,24.73
2011-02-17,24.83,25.04,24.62,24.98,100400,24.98
2011-02-16,24.60,25.06,24.60,25.00,613700,25.00
2011-02-15,24.54,24.54,24.08,24.22,51300,24.22
2011-02-14,24.63,24.80,24.45,24.58,83000,24.58
2011-02-11,24.08,24.81,24.07,24.73,108200,24.73
2011-02-10,24.13,24.51,23.90,24.32,193400,24.32
2011-02-09,24.06,24.70,23.59,24.54,457200,24.54
2011-02-08,23.91,24.08,23.54,24.04,136000,24.04
2011-02-07,23.37,24.16,23.37,24.05,126800,24.05
2011-02-04,22.99,23.28,22.76,23.21,124200,23.21
2011-02-03,22.58,23.05,22.16,23.04,75600,23.04
2011-02-02,22.08,22.93,22.08,22.67,94000,22.67
2011-02-01,20.96,22.36,20.54,22.23,150300,22.23
2011-01-31,20.52,21.27,20.40,20.74,61700,20.74
2011-01-28,21.04,21.31,20.06,20.42,132500,20.42
2011-01-27,21.86,21.86,21.01,21.12,40900,21.12
2011-01-26,20.84,22.30,20.83,21.82,182000,21.82
2011-01-25,20.97,21.06,20.38,20.85,111600,20.85
2011-01-24,20.62,21.48,20.62,21.13,78900,21.13
2011-01-21,20.75,21.18,20.46,20.57,107600,20.57
2011-01-20,20.80,21.14,20.17,20.61,206400,20.61
2011-01-19,21.84,22.07,20.90,21.04,96500,21.04
2011-01-18,21.62,21.93,21.28,21.85,52500,21.85
2011-01-14,21.52,21.87,21.15,21.79,56900,21.79
2011-01-13,22.11,22.18,21.22,21.48,46200,21.48
2011-01-12,22.15,22.39,22.06,22.15,29500,22.15
2011-01-11,22.55,22.57,21.82,21.85,55100,21.85
2011-01-10,21.97,22.53,21.86,22.34,67600,22.34
2011-01-07,22.85,22.85,21.64,22.15,103900,22.15
2011-01-06,22.90,23.00,22.46,22.76,66700,22.76
2011-01-05,21.31,23.00,21.31,22.92,102600,22.92
2011-01-04,22.87,22.89,21.28,21.43,146300,21.43
2011-01-03,22.11,22.84,22.04,22.70,72700,22.70
2010-12-31,21.67,21.9799,21.32,21.79,86800,21.79
2010-12-30,21.70,21.99,21.70,21.74,39500,21.74
2010-12-29,21.79,22.01,21.48,21.75,22400,21.75
2010-12-28,22.08,22.19,21.40,21.67,26700,21.67
2010-12-27,21.66,22.10,21.09,22.00,22600,22.00
2010-12-23,21.91,22.0255,21.62,21.76,31800,21.76
2010-12-22,22.25,22.295,21.77,21.93,26900,21.93
2010-12-21,21.88,22.32,21.66,22.27,68600,22.27
2010-12-20,22.02,22.0599,21.78,21.81,126800,21.81
2010-12-17,21.63,21.93,21.28,21.80,122500,21.80
2010-12-16,21.59,21.85,21.45,21.66,96300,21.66
2010-12-15,22.36,22.91,21.50,21.61,216300,21.61
2010-12-14,22.45,22.61,22.15,22.45,85800,22.45
2010-12-13,22.72,22.75,22.09,22.30,94200,22.30
2010-12-10,22.36,22.80,21.95,22.61,95900,22.61
2010-12-09,21.97,22.67,21.77,22.355,144500,22.355
2010-12-08,20.92,21.82,20.89,21.74,240300,21.74
2010-12-07,20.41,21.005,20.17,20.80,237300,20.80
2010-12-06,19.58,20.14,19.49,20.01,109600,20.01
2010-12-03,19.11,19.77,19.01,19.69,98700,19.69
2010-12-02,19.12,19.32,19.00,19.26,181200,19.26
2010-12-01,18.79,19.27,18.71,19.15,186200,19.15
2010-11-30,18.38,18.38,17.98,18.31,104100,18.31
2010-11-29,18.65,18.95,18.40,18.73,42800,18.73
2010-11-26,18.77,19.10,18.77,18.85,23100,18.85
2010-11-24,18.30,18.97,18.30,18.92,84600,18.92
2010-11-23,18.59,18.59,17.94,18.12,84000,18.12
2010-11-22,19.42,19.43,18.64,18.88,46500,18.88
2010-11-19,19.34,19.45,18.92,19.26,65800,19.26
2010-11-18,18.95,19.54,18.94,19.31,95200,19.31
2010-11-17,18.21,18.69,18.07,18.57,84700,18.57
2010-11-16,19.38,19.50,18.07,18.27,106900,18.27
2010-11-15,19.77,20.52,19.55,19.66,122600,19.66
2010-11-12,19.58,20.05,19.29,19.72,171400,19.72
2010-11-11,18.98,19.84,18.97,19.73,83200,19.73
2010-11-10,19.19,19.48,19.02,19.29,78900,19.29
2010-11-09,19.12,19.32,18.94,19.07,85700,19.07
2010-11-08,19.37,19.49,18.96,19.02,87100,19.02
2010-11-05,19.52,19.67,18.86,19.53,134400,19.53
2010-11-04,20.43,20.45,19.70,19.87,145700,19.87
2010-11-03,19.35,20.43,19.35,19.99,246400,19.99
2010-11-02,18.11,19.11,18.09,19.10,116600,19.10
2010-11-01,18.43,18.45,17.62,17.86,69800,17.86
2010-10-29,17.85,18.55,17.85,18.29,89300,18.29
2010-10-28,18.25,18.30,17.67,18.00,61400,18.00
2010-10-27,18.50,18.57,17.81,18.15,51700,18.15
2010-10-26,18.02,18.83,18.02,18.61,93700,18.61
2010-10-25,17.99,18.33,17.83,18.14,75600,18.14
2010-10-22,17.86,17.95,17.48,17.87,62200,17.87
2010-10-21,18.19,18.70,17.56,17.82,108000,17.82
2010-10-20,17.92,18.50,17.69,18.02,67500,18.02
2010-10-19,18.23,18.44,17.44,17.75,100000,17.75
2010-10-18,18.19,18.65,17.9499,18.65,107500,18.65
2010-10-15,19.50,19.50,17.89,18.13,307800,18.13
2010-10-14,19.34,19.52,19.03,19.18,73400,19.18
2010-10-13,19.14,19.72,19.14,19.41,160700,19.41
2010-10-12,18.56,19.16,18.42,18.92,176400,18.92
2010-10-11,18.81,18.95,18.38,18.68,50600,18.68
2010-10-08,18.55,19.02,18.25,18.86,159100,18.86
2010-10-07,18.63,18.74,18.21,18.61,168300,18.61
2010-10-06,19.19,19.19,18.22,18.42,233400,18.42
2010-10-05,18.55,19.27,18.45,19.15,170700,19.15
2010-10-04,18.07,18.46,17.915,18.42,191800,18.42
2010-10-01,17.98,18.22,17.67,18.05,158300,18.05
2010-09-30,18.19,18.30,17.40,17.52,171500,17.52
2010-09-29,17.96,18.25,17.80,17.95,86800,17.95
2010-09-28,17.72,18.10,17.2501,18.09,191900,18.09
2010-09-27,18.43,18.43,17.55,17.75,298900,17.75
2010-09-24,16.73,18.52,16.70,18.42,760300,18.42
2010-09-23,15.63,16.14,15.54,15.72,89900,15.72
2010-09-22,15.85,15.92,15.57,15.83,91900,15.83
2010-09-21,15.74,16.12,15.68,15.85,96300,15.85
2010-09-20,15.45,16.12,15.43,15.80,200500,15.80
2010-09-17,15.40,15.63,15.18,15.45,162800,15.45
2010-09-16,14.90,15.25,14.7401,15.16,71700,15.16
2010-09-15,14.88,15.07,14.665,14.98,114100,14.98
2010-09-14,14.75,15.08,14.71,14.92,123300,14.92
2010-09-13,14.23,15.03,14.11,14.86,349500,14.86
2010-09-10,14.05,14.20,13.93,14.17,174100,14.17
2010-09-09,13.99,14.14,13.82,14.03,97700,14.03
2010-09-08,13.50,13.89,13.44,13.80,97100,13.80
2010-09-07,13.48,13.63,13.31,13.50,161300,13.50
2010-09-03,13.22,13.58,13.06,13.55,111400,13.55
2010-09-02,12.13,13.06,11.91,13.04,131900,13.04
2010-09-01,11.39,12.00,11.39,11.97,223500,11.97
2010-08-31,10.75,11.26,10.75,11.11,102500,11.11
2010-08-30,11.52,11.72,11.15,11.17,58100,11.17
2010-08-27,11.25,11.65,11.04,11.62,62300,11.62
2010-08-26,11.18,11.359,10.99,11.05,38000,11.05
2010-08-25,11.10,11.23,10.88,11.15,74100,11.15
2010-08-24,11.32,11.65,11.16,11.17,95300,11.17
2010-08-23,11.63,11.77,11.47,11.55,135000,11.55
2010-08-20,11.56,11.66,11.54,11.56,129500,11.56
2010-08-19,11.63,11.75,11.55,11.57,113700,11.57
2010-08-18,11.72,11.92,11.50,11.73,143100,11.73
2010-08-17,11.65,11.89,11.60,11.70,58600,11.70
2010-08-16,11.50,11.68,11.50,11.55,79800,11.55
2010-08-13,11.64,11.85,11.50,11.52,102100,11.52
2010-08-12,11.57,11.85,11.50,11.67,137600,11.67
2010-08-11,11.97,12.57,11.83,11.86,157500,11.86
2010-08-10,12.89,12.89,12.27,12.33,109800,12.33
2010-08-09,12.63,13.15,12.43,13.05,221100,13.05
2010-08-06,12.44,12.79,12.22,12.57,149600,12.57
2010-08-05,12.90,13.26,12.72,12.72,126100,12.72
2010-08-04,12.37,13.49,12.35,13.07,423200,13.07
2010-08-03,12.51,12.56,12.05,12.34,176700,12.34
2010-08-02,12.32,12.81,12.06,12.55,181500,12.55
2010-07-30,12.02,12.43,11.821,12.03,57100,12.03
2010-07-29,12.34,12.51,11.92,12.28,48200,12.28
2010-07-28,12.46,12.58,12.21,12.24,47400,12.24
2010-07-27,12.88,12.90,12.52,12.52,68300,12.52
2010-07-26,12.61,12.81,12.42,12.75,167400,12.75
2010-07-23,12.45,12.90,12.38,12.60,150400,12.60
2010-07-22,12.19,12.89,12.08,12.53,140900,12.53
2010-07-21,12.47,12.47,11.90,12.01,111100,12.01
2010-07-20,11.92,12.42,11.92,12.39,69200,12.39
2010-07-19,11.95,12.32,11.78,12.14,108500,12.14
2010-07-16,11.96,11.96,11.52,11.89,188800,11.89
2010-07-15,12.29,12.35,11.88,11.99,222600,11.99
2010-07-14,12.45,12.548,12.22,12.28,38500,12.28
2010-07-13,12.03,12.58,11.98,12.48,94200,12.48
2010-07-12,12.01,12.37,11.82,11.83,67200,11.83
2010-07-09,11.91,12.14,11.84,12.10,37300,12.10
2010-07-08,12.02,12.15,11.59,11.96,86500,11.96
2010-07-07,11.39,11.88,11.29,11.86,82900,11.86
2010-07-06,12.03,12.03,11.31,11.35,88400,11.35
2010-07-02,12.18,12.25,11.74,11.74,82000,11.74
2010-07-01,12.04,12.18,11.71,12.03,90300,12.03
2010-06-30,12.03,12.30,11.99,12.00,67000,12.00
2010-06-29,12.18,12.31,11.87,12.01,149400,12.01
2010-06-28,12.41,12.72,12.28,12.49,47800,12.49
2010-06-25,12.05,12.49,11.82,12.48,189600,12.48
2010-06-24,12.01,12.21,11.94,11.96,60900,11.96
2010-06-23,12.03,12.29,11.96,12.06,54200,12.06
2010-06-22,12.26,12.43,11.98,12.01,60900,12.01
2010-06-21,12.56,12.83,12.11,12.18,68600,12.18
2010-06-18,12.44,12.61,12.34,12.35,179800,12.35
2010-06-17,12.59,12.59,12.27,12.34,100800,12.34
2010-06-16,12.71,12.82,12.49,12.50,60100,12.50
2010-06-15,12.70,12.96,12.43,12.90,99400,12.90
2010-06-14,12.94,13.17,12.54,12.59,95500,12.59
2010-06-11,12.24,12.59,12.24,12.56,95200,12.56
2010-06-10,11.84,12.73,11.83,12.365,203900,12.365
2010-06-09,11.40,11.68,11.19,11.50,352200,11.50
2010-06-08,11.83,12.01,11.08,11.23,233200,11.23
2010-06-07,12.60,12.70,11.76,11.80,378400,11.80
2010-06-04,13.42,13.56,12.49,12.56,316900,12.56
2010-06-03,14.09,14.32,13.42,13.91,115100,13.91
2010-06-02,13.61,14.03,13.26,14.01,74500,14.01
2010-06-01,14.07,14.25,13.54,13.55,71100,13.55
2010-05-28,14.06,14.37,13.88,14.23,86300,14.23
2010-05-27,13.69,14.16,13.43,14.15,57200,14.15
2010-05-26,13.33,13.64,13.18,13.31,130100,13.31
2010-05-25,13.01,13.52,13.01,13.24,169000,13.24
2010-05-24,13.57,14.10,13.37,13.44,91700,13.44
2010-05-21,13.24,13.79,13.24,13.62,120600,13.62
2010-05-20,13.97,13.97,13.49,13.49,136000,13.49
2010-05-19,14.51,14.65,14.17,14.39,90800,14.39
2010-05-18,15.48,15.59,14.48,14.60,102800,14.60
2010-05-17,15.28,15.45,14.77,15.27,60200,15.27
2010-05-14,15.63,15.63,14.75,15.13,124300,15.13
2010-05-13,15.61,16.05,15.52,15.81,80900,15.81
2010-05-12,15.36,15.79,15.24,15.71,173400,15.71
2010-05-11,15.01,15.85,14.90,15.36,294000,15.36
2010-05-10,14.90,15.19,14.47,15.10,179800,15.10
2010-05-07,14.53,14.70,13.40,14.11,312000,14.11
2010-05-06,14.88,15.32,13.00,14.61,221100,14.61
2010-05-05,15.40,15.93,14.89,15.01,223700,15.01
2010-05-04,15.27,15.31,14.92,15.15,200900,15.15
2010-05-03,15.08,15.75,15.00,15.55,93500,15.55
2010-04-30,15.50,15.50,15.00,15.01,149900,15.01
2010-04-29,15.31,15.59,14.96,15.54,272200,15.54
2010-04-28,15.02,15.25,14.946,15.18,80300,15.18
2010-04-27,15.43,15.67,14.99,15.05,123500,15.05
2010-04-26,15.32,15.62,15.29,15.51,52500,15.51
2010-04-23,15.32,15.38,15.07,15.31,74200,15.31
2010-04-22,14.81,15.27,14.81,15.27,66400,15.27
2010-04-21,14.73,15.08,14.73,15.02,174300,15.02
2010-04-20,14.10,14.75,14.10,14.70,97500,14.70
2010-04-19,14.44,14.68,13.82,14.04,127900,14.04
2010-04-16,15.03,15.07,14.45,14.48,71900,14.48
2010-04-15,14.96,15.09,14.91,15.05,38200,15.05
2010-04-14,14.78,15.03,14.70,15.02,189300,15.02
2010-04-13,14.97,14.97,14.62,14.68,88000,14.68
2010-04-12,14.12,14.96,13.93,14.90,345700,14.90
2010-04-09,14.15,14.33,13.96,13.98,108900,13.98
2010-04-08,13.94,14.33,13.90,14.11,67000,14.11
2010-04-07,14.38,14.43,14.00,14.03,84400,14.03
2010-04-06,13.94,14.47,13.56,14.44,84100,14.44
2010-04-05,14.03,14.1801,13.895,14.09,107000,14.09
2010-04-01,13.80,14.20,13.80,13.93,173000,13.93
2010-03-31,13.89,14.20,13.72,13.75,233300,13.75
2010-03-30,13.85,14.03,13.66,13.99,77500,13.99
2010-03-29,13.84,13.88,13.565,13.79,126900,13.79
2010-03-26,13.76,14.20,13.70,13.73,144700,13.73
2010-03-25,13.99,14.22,13.70,13.75,79900,13.75
2010-03-24,14.04,14.14,13.81,13.86,52700,13.86
2010-03-23,14.14,14.17,13.98,14.13,94200,14.13
2010-03-22,13.88,14.23,13.71,14.16,145500,14.16
2010-03-19,14.10,14.25,13.96,14.00,143400,14.00
2010-03-18,14.17,14.52,13.89,14.11,178100,14.11
2010-03-17,13.72,14.27,13.60,14.01,165500,14.01
2010-03-16,13.66,13.79,13.60,13.73,126900,13.73
2010-03-15,13.95,14.25,13.25,13.60,223800,13.60
2010-03-12,13.16,13.50,12.87,13.43,210800,13.43
2010-03-11,12.88,13.20,12.66,13.06,362900,13.06
2010-03-10,12.00,13.10,11.89,12.95,413500,12.95
2010-03-09,11.68,11.93,11.54,11.87,53900,11.87
2010-03-08,11.72,11.80,11.57,11.76,73800,11.76
2010-03-05,11.15,11.74,11.08,11.73,100400,11.73
2010-03-04,11.19,11.19,11.05,11.12,60400,11.12
2010-03-03,10.96,11.16,10.78,11.16,123800,11.16
2010-03-02,10.37,10.98,10.37,10.91,168800,10.91
2010-03-01,9.93,10.43,9.93,10.39,114500,10.39
2010-02-26,10.02,10.02,9.80,9.87,61900,9.87
2010-02-25,9.89,10.04,9.81,10.01,85500,10.01
2010-02-24,9.95,10.06,9.87,10.03,106000,10.03
2010-02-23,10.12,10.19,9.88,9.92,168100,9.92
2010-02-22,10.18,10.38,10.08,10.11,241300,10.11
2010-02-19,10.39,10.61,9.96,10.14,173200,10.14
2010-02-18,10.50,10.50,10.255,10.39,119100,10.39
2010-02-17,10.68,10.68,10.41,10.50,72200,10.50
2010-02-16,10.56,10.70,10.48,10.62,97200,10.62
2010-02-12,10.58,10.68,10.22,10.45,219200,10.45
2010-02-11,10.58,10.94,10.46,10.72,137700,10.72
2010-02-10,10.58,10.62,10.47,10.53,68200,10.53
2010-02-09,10.40,10.56,10.16,10.52,136800,10.52
2010-02-08,10.28,10.52,10.21,10.40,162600,10.40
2010-02-05,10.11,10.39,9.97,10.38,227300,10.38
2010-02-04,10.18,10.40,10.02,10.10,279400,10.10
2010-02-03,9.74,10.46,9.58,10.45,830600,10.45
2010-02-02,10.28,11.03,10.19,11.00,297500,11.00
2010-02-01,9.77,10.20,9.77,10.16,223700,10.16
2010-01-29,10.54,10.71,9.79,9.92,385400,9.92
2010-01-28,10.28,10.41,9.915,10.33,106600,10.33
2010-01-27,10.32,10.32,10.11,10.29,74200,10.29
2010-01-26,10.55,10.57,10.20,10.30,158600,10.30
2010-01-25,10.98,11.00,10.44,10.64,132400,10.64
2010-01-22,11.42,11.46,10.85,10.87,97600,10.87
2010-01-21,11.65,11.72,11.27,11.32,100400,11.32
2010-01-20,11.93,11.97,11.52,11.66,121300,11.66
2010-01-19,11.31,11.99,11.11,11.86,175000,11.86
2010-01-15,12.88,12.98,11.28,11.37,454000,11.37
2010-01-14,13.31,13.42,12.90,12.94,141200,12.94
2010-01-13,13.41,13.50,13.0501,13.45,617800,13.45
2010-01-12,13.17,13.46,13.085,13.41,405000,13.41
2010-01-11,13.28,13.52,13.24,13.37,82800,13.37
2010-01-08,13.26,13.43,13.08,13.41,80800,13.41
2010-01-07,13.53,13.60,13.02,13.41,75400,13.41
2010-01-06,13.22,13.71,13.03,13.55,225100,13.55
2010-01-05,13.51,13.88,13.44,13.86,263900,13.86
2010-01-04,12.98,13.67,12.98,13.65,183200,13.65
2009-12-31,12.91,13.10,12.84,13.03,165500,13.03
2009-12-30,12.45,12.97,12.45,12.96,171100,12.96
2009-12-29,12.18,12.46,12.17,12.46,207600,12.46
2009-12-28,12.30,12.42,12.01,12.12,49000,12.12
2009-12-24,11.98,12.42,11.96,12.37,41600,12.37
2009-12-23,11.75,12.10,11.41,11.97,87400,11.97
2009-12-22,11.48,11.67,11.36,11.62,67900,11.62
2009-12-21,11.665,11.67,11.43,11.50,64800,11.50
2009-12-18,11.825,11.90,11.43,11.56,249000,11.56
2009-12-17,11.58,11.76,11.41,11.63,168200,11.63
2009-12-16,11.48,11.55,11.1201,11.53,129300,11.53
2009-12-15,11.34,11.58,11.30,11.33,44200,11.33
2009-12-14,11.49,11.52,11.19,11.51,218400,11.51
2009-12-11,11.65,11.70,11.315,11.47,65000,11.47
2009-12-10,11.87,12.01,11.54,11.65,71500,11.65
2009-12-09,11.52,12.06,11.52,11.96,149200,11.96
2009-12-08,11.47,11.80,11.21,11.67,87800,11.67
2009-12-07,12.01,12.11,11.43,11.61,90000,11.61
2009-12-04,11.16,11.80,10.98,11.77,358100,11.77
2009-12-03,10.62,10.8799,10.44,10.72,242200,10.72
2009-12-02,10.97,11.00,10.39,10.54,574900,10.54
2009-12-01,10.97,11.04,10.85,10.96,569300,10.96
2009-11-30,11.04,11.28,10.79,10.85,431600,10.85
2009-11-27,11.14,11.32,10.97,11.26,56500,11.26
2009-11-25,11.48,11.49,11.22,11.28,52400,11.28
2009-11-24,11.46,11.53,11.29,11.37,75800,11.37
2009-11-23,11.70,11.73,11.44,11.55,63400,11.55
2009-11-20,11.54,11.69,11.42,11.49,63800,11.49
2009-11-19,11.55,11.70,11.48,11.60,147500,11.60
2009-11-18,11.73,11.75,11.55,11.70,109300,11.70
2009-11-17,11.81,11.88,11.66,11.69,108400,11.69
2009-11-16,11.80,12.04,11.6001,11.90,83900,11.90
2009-11-13,11.71,11.82,11.55,11.65,71500,11.65
2009-11-12,12.14,12.20,11.57,11.63,144400,11.63
2009-11-11,12.30,12.30,12.02,12.22,81000,12.22
2009-11-10,12.35,12.46,12.13,12.16,38900,12.16
2009-11-09,12.26,12.51,12.24,12.47,73800,12.47
2009-11-06,12.14,12.40,12.13,12.23,163000,12.23
2009-11-05,12.00,12.43,12.00,12.19,154400,12.19
2009-11-04,12.32,12.53,11.82,11.85,496300,11.85
2009-11-03,12.09,12.47,11.88,12.44,303100,12.44
2009-11-02,12.73,12.85,12.10,12.24,198400,12.24
2009-10-30,13.08,13.08,12.46,12.60,202200,12.60
2009-10-29,13.30,13.48,12.91,13.24,160300,13.24
2009-10-28,13.57,13.91,12.86,12.87,165500,12.87
2009-10-27,13.74,13.899,13.59,13.60,90300,13.60
2009-10-26,14.04,14.1836,13.68,13.70,130800,13.70
2009-10-23,14.26,14.51,13.96,14.00,126900,14.00
2009-10-22,14.04,14.30,13.83,14.25,216400,14.25
2009-10-21,14.25,14.59,14.10,14.11,183900,14.11
2009-10-20,14.56,14.56,14.08,14.34,171300,14.34
2009-10-19,13.97,14.77,13.94,14.49,305700,14.49
2009-10-16,13.25,14.02,13.25,13.85,444300,13.85
2009-10-15,12.87,13.40,12.68,13.33,277900,13.33
2009-10-14,12.80,13.14,12.80,12.94,584200,12.94
2009-10-13,12.47,12.64,12.38,12.60,148700,12.60
2009-10-12,12.60,12.6525,12.40,12.45,139800,12.45
2009-10-09,12.44,12.70,12.40,12.63,428400,12.63
2009-10-08,12.56,12.75,12.40,12.41,264400,12.41
2009-10-07,12.68,12.83,12.46,12.50,439800,12.50
2009-10-06,12.69,12.85,12.46,12.70,203200,12.70
2009-10-05,12.81,12.85,12.50,12.59,147200,12.59
2009-10-02,12.87,13.13,12.71,12.75,149600,12.75
2009-10-01,13.43,13.68,12.93,12.93,153700,12.93
2009-09-30,13.90,14.08,13.37,13.48,194400,13.48
2009-09-29,13.66,14.04,13.66,13.85,161500,13.85
2009-09-28,13.95,14.10,13.54,13.60,253100,13.60
2009-09-25,14.28,14.34,13.76,13.83,193500,13.83
2009-09-24,14.96,14.96,14.10,14.37,102200,14.37
2009-09-23,15.17,15.26,14.93,14.93,85900,14.93
2009-09-22,14.91,15.40,14.90,15.10,92500,15.10
2009-09-21,14.43,14.99,14.23,14.86,61000,14.86
2009-09-18,14.85,14.93,14.49,14.53,140700,14.53
2009-09-17,14.40,14.87,14.28,14.82,50700,14.82
2009-09-16,13.77,14.82,13.59,14.47,198800,14.47
2009-09-15,13.31,13.74,13.28,13.71,60700,13.71
2009-09-14,13.00,13.41,12.98,13.38,81300,13.38
2009-09-11,12.98,13.21,12.74,13.13,114400,13.13
2009-09-10,12.79,13.06,12.49,13.00,64300,13.00
2009-09-09,12.07,13.11,12.07,12.83,84000,12.83
2009-09-08,12.53,12.58,11.89,12.11,72800,12.11
2009-09-04,12.28,12.52,12.00,12.42,69700,12.42
2009-09-03,12.30,12.32,12.00,12.31,29300,12.31
2009-09-02,12.31,12.61,12.09,12.21,28000,12.21
2009-09-01,12.17,12.86,11.96,12.08,74400,12.08
2009-08-31,12.63,12.76,12.06,12.26,112900,12.26
2009-08-28,13.49,13.49,12.39,12.72,57900,12.72
2009-08-27,13.25,13.49,12.71,13.47,48900,13.47
2009-08-26,13.14,13.50,13.111,13.36,63600,13.36
2009-08-25,13.56,13.57,13.14,13.20,152600,13.20
2009-08-24,13.39,13.51,13.20,13.44,121000,13.44
2009-08-21,13.25,13.68,12.80,13.39,125000,13.39
2009-08-20,12.90,13.12,12.38,12.96,101500,12.96
2009-08-19,12.50,13.00,12.42,12.95,105400,12.95
2009-08-18,12.32,12.99,12.24,12.72,44100,12.72
2009-08-17,12.56,12.56,12.00,12.28,83400,12.28
2009-08-14,13.24,13.24,12.5405,12.77,169000,12.77
2009-08-13,13.06,13.23,12.78,13.23,51000,13.23
2009-08-12,12.63,13.16,12.3815,12.94,135100,12.94
2009-08-11,12.93,12.99,12.55,12.65,145100,12.65
2009-08-10,12.60,13.00,12.50,12.97,75200,12.97
2009-08-07,12.28,12.82,12.28,12.75,217400,12.75
2009-08-06,12.74,12.96,11.99,12.10,149400,12.10
2009-08-05,13.51,13.63,12.11,12.64,276900,12.64
2009-08-04,11.68,12.24,11.59,12.08,87400,12.08
2009-08-03,12.50,12.68,11.54,11.81,103800,11.81
2009-07-31,12.77,12.91,12.15,12.20,124700,12.20
2009-07-30,12.00,13.10,12.00,12.87,205300,12.87
2009-07-29,11.27,11.96,11.16,11.90,157100,11.90
2009-07-28,11.56,11.70,10.75,11.34,130500,11.34
2009-07-27,12.19,12.19,11.40,11.57,114400,11.57
2009-07-24,12.68,13.09,12.00,12.18,118500,12.18
2009-07-23,11.07,11.80,11.00,11.69,94300,11.69
2009-07-22,11.12,11.32,10.97,11.11,81800,11.11
2009-07-21,11.32,11.41,11.07,11.22,65700,11.22
2009-07-20,10.84,11.24,10.82,11.24,46200,11.24
2009-07-17,11.11,11.33,10.60,10.82,100200,10.82
2009-07-16,10.74,11.14,10.74,11.08,72300,11.08
2009-07-15,10.41,10.82,10.20,10.81,330500,10.81
2009-07-14,10.36,10.55,10.12,10.28,91100,10.28
2009-07-13,10.06,10.41,9.80,10.38,91500,10.38
2009-07-10,9.60,10.315,9.60,9.98,163200,9.98
2009-07-09,9.75,9.97,9.48,9.60,160000,9.60
2009-07-08,10.43,10.54,10.0903,10.27,139000,10.27
2009-07-07,10.25,10.53,10.00,10.35,113100,10.35
2009-07-06,10.96,11.19,10.06,10.25,188000,10.25
2009-07-02,11.66,11.79,10.90,10.99,123000,10.99
2009-07-01,11.66,11.94,11.49,11.85,105500,11.85
2009-06-30,11.87,12.02,11.42,11.57,122400,11.57
2009-06-29,11.83,12.24,11.72,11.83,128800,11.83
2009-06-26,11.28,11.96,11.15,11.84,610400,11.84
2009-06-25,11.18,11.35,11.15,11.32,198600,11.32
2009-06-24,11.41,11.56,11.15,11.16,127300,11.16
2009-06-23,11.52,11.69,11.09,11.26,360800,11.26
2009-06-22,12.13,12.36,11.39,11.40,156900,11.40
2009-06-19,12.99,13.0088,12.13,12.21,252200,12.21
2009-06-18,12.51,12.86,12.50,12.77,166800,12.77
2009-06-17,12.68,12.75,12.20,12.57,204100,12.57
2009-06-16,13.06,13.09,12.59,12.70,72700,12.70
2009-06-15,13.18,13.19,12.6908,12.96,185800,12.96
2009-06-12,13.68,13.78,13.14,13.39,140000,13.39
2009-06-11,13.70,14.10,13.66,13.84,165800,13.84
2009-06-10,14.00,14.12,13.45,13.64,267100,13.64
2009-06-09,13.93,14.11,13.68,13.92,200600,13.92
2009-06-08,13.43,14.12,13.2501,13.86,366700,13.86
2009-06-05,13.70,14.20,13.19,13.47,899300,13.47
2009-06-04,11.64,12.74,11.45,12.62,664700,12.62
2009-06-03,11.31,11.60,11.30,11.53,228200,11.53
2009-06-02,10.43,11.776,10.28,11.39,293700,11.39
2009-06-01,9.74,10.47,9.42,10.43,131000,10.43
2009-05-29,9.38,9.69,9.20,9.67,126300,9.67
2009-05-28,9.52,9.52,9.10,9.32,154100,9.32
2009-05-27,9.46,9.66,9.35,9.39,121000,9.39
2009-05-26,9.13,9.55,9.00,9.50,152800,9.50
2009-05-22,9.16,9.27,9.10,9.15,82900,9.15
2009-05-21,9.31,9.31,9.10,9.12,181300,9.12
2009-05-20,9.31,9.51,9.17,9.38,114500,9.38
2009-05-19,9.18,9.40,9.05,9.26,161800,9.26
2009-05-18,9.02,9.24,8.87,9.10,142500,9.10
2009-05-15,8.87,9.09,8.59,8.86,121200,8.86
2009-05-14,8.84,8.98,8.4818,8.81,135600,8.81
2009-05-13,8.90,9.36,8.31,8.75,229000,8.75
2009-05-12,10.4899,10.56,9.25,9.49,659700,9.49
2009-05-11,7.98,8.07,7.55,7.85,148200,7.85
2009-05-08,8.03,8.34,7.97,8.25,366700,8.25
2009-05-07,7.92,8.03,7.79,7.91,183200,7.91
2009-05-06,7.73,7.88,7.34,7.81,98000,7.81
2009-05-05,7.29,7.63,7.15,7.53,136200,7.53
2009-05-04,7.02,7.37,6.74,7.33,201400,7.33
2009-05-01,6.69,7.09,6.59,6.92,273200,6.92
2009-04-30,6.72,6.92,6.52,6.56,159600,6.56
2009-04-29,6.38,6.55,6.32,6.50,175900,6.50
2009-04-28,6.44,6.57,6.22,6.34,153800,6.34
2009-04-27,6.40,6.68,6.34,6.50,187000,6.50
2009-04-24,6.58,6.66,6.35,6.57,77400,6.57
2009-04-23,6.63,6.63,6.41,6.55,64100,6.55
2009-04-22,6.45,7.00,6.44,6.64,260300,6.64
2009-04-21,5.94,6.37,5.90,6.33,90400,6.33
2009-04-20,6.17,6.17,5.62,5.95,112000,5.95
2009-04-17,6.62,6.62,6.04,6.22,191900,6.22
2009-04-16,6.70,6.79,6.54,6.58,220000,6.58
2009-04-15,6.64,6.64,6.42,6.61,75400,6.61
2009-04-14,6.31,6.74,6.22,6.67,202300,6.67
2009-04-13,6.18,6.48,6.09,6.40,116400,6.40
2009-04-09,5.99,6.35,5.97,6.29,192700,6.29
2009-04-08,5.31,5.89,5.31,5.85,116500,5.85
2009-04-07,5.67,5.89,5.28,5.28,87100,5.28
2009-04-06,5.82,5.90,5.66,5.75,71100,5.75
2009-04-03,5.83,5.94,5.67,5.91,65600,5.91
2009-04-02,5.74,6.22,5.60,5.83,115600,5.83
2009-04-01,5.36,5.77,5.27,5.57,110800,5.57
2009-03-31,5.31,5.74,5.10,5.39,43900,5.39
2009-03-30,5.59,5.64,5.20,5.22,100900,5.22
2009-03-27,5.70,5.85,5.5999,5.75,122700,5.75
2009-03-26,5.30,5.91,5.21,5.81,157800,5.81
2009-03-25,4.94,5.31,4.85,5.19,118300,5.19
2009-03-24,5.32,5.35,4.90,4.91,138400,4.91
2009-03-23,4.77,5.41,4.75,5.40,210300,5.40
2009-03-20,4.90,4.90,4.54,4.60,178900,4.60
2009-03-19,4.96,4.96,4.73,4.84,59900,4.84
2009-03-18,4.54,5.00,4.47,4.90,120200,4.90
2009-03-17,4.55,4.57,4.40,4.55,66700,4.55
2009-03-16,4.58,4.72,4.36,4.57,104500,4.57
2009-03-13,4.51,4.73,4.51,4.52,67200,4.52
2009-03-12,4.13,4.57,4.13,4.50,96300,4.50
2009-03-11,4.31,4.54,4.12,4.17,66500,4.17
2009-03-10,3.99,4.29,3.96,4.29,95200,4.29
2009-03-09,3.98,4.28,3.96,3.98,181800,3.98
2009-03-06,3.88,3.88,3.73,3.83,83100,3.83
2009-03-05,4.07,4.34,3.84,3.84,92500,3.84
2009-03-04,4.10,4.23,3.93,4.17,134500,4.17
2009-03-03,4.31,4.54,4.00,4.00,106200,4.00
2009-03-02,4.53,4.53,4.24,4.24,70100,4.24
2009-02-27,4.40,4.77,4.40,4.60,80700,4.60
2009-02-26,4.28,4.80,4.24,4.54,132500,4.54
2009-02-25,4.35,4.42,4.07,4.25,86100,4.25
2009-02-24,4.00,4.59,3.90,4.37,355100,4.37
2009-02-23,3.98,4.00,3.72,3.97,234100,3.97
2009-02-20,4.66,4.66,3.66,3.94,405800,3.94
2009-02-19,5.00,5.00,4.54,4.74,208300,4.74
2009-02-18,4.86,5.02,4.74,4.95,247800,4.95
2009-02-17,5.49,5.71,4.74,4.80,349000,4.80
2009-02-13,5.50,5.76,5.48,5.74,218200,5.74
2009-02-12,6.01,6.08,5.21,5.42,290600,5.42
2009-02-11,6.02,6.25,5.99,6.20,182000,6.20
2009-02-10,6.60,6.685,5.87,5.97,177000,5.97
2009-02-09,6.78,7.09,6.40,6.63,118600,6.63
2009-02-06,6.74,6.94,6.74,6.83,65100,6.83
2009-02-05,6.73,6.99,6.73,6.77,57100,6.77
2009-02-04,6.90,7.02,6.77,6.77,80300,6.77
2009-02-03,6.85,7.03,6.73,6.91,97700,6.91
2009-02-02,6.69,6.85,6.52,6.75,122700,6.75
2009-01-30,6.87,7.025,6.63,6.79,99500,6.79
2009-01-29,6.95,7.03,6.77,6.91,146800,6.91
2009-01-28,6.96,7.09,6.96,7.07,81600,7.07
2009-01-27,6.91,7.04,6.75,6.84,88600,6.84
2009-01-26,6.95,7.07,6.70,6.86,90800,6.86
2009-01-23,6.88,7.03,6.79,6.96,125400,6.96
2009-01-22,6.95,7.12,6.86,7.05,130500,7.05
2009-01-21,6.90,7.25,6.55,7.13,227000,7.13
2009-01-20,6.98,7.14,6.89,6.97,150700,6.97
2009-01-16,7.07,7.16,6.90,7.10,135100,7.10
2009-01-15,6.85,6.98,6.46,6.86,87500,6.86
2009-01-14,6.94,7.13,6.86,6.89,104200,6.89
2009-01-13,6.99,7.27,6.96,7.08,87800,7.08
2009-01-12,7.46,7.48,6.99,6.99,146400,6.99
2009-01-09,7.95,8.37,7.45,7.45,144700,7.45
2009-01-08,7.75,8.37,7.64,7.97,248600,7.97
2009-01-07,7.52,7.88,7.29,7.81,207800,7.81
2009-01-06,7.47,7.70,7.42,7.68,201000,7.68
2009-01-05,7.63,7.70,7.25,7.40,115300,7.40
2009-01-02,7.99,8.04,7.50,7.61,122600,7.61
2008-12-31,7.26,8.11,7.23,7.98,184100,7.98
2008-12-30,6.99,7.28,6.84,7.23,55700,7.23
2008-12-29,7.28,7.41,6.72,6.93,83500,6.93
2008-12-26,7.03,7.29,6.97,7.28,18700,7.28
2008-12-24,6.99,7.25,6.93,6.99,33900,6.99
2008-12-23,7.10,7.45,7.00,7.00,104700,7.00
2008-12-22,7.46,7.52,6.85,7.07,181400,7.07
2008-12-19,7.02,7.52,6.79,7.44,356600,7.44
2008-12-18,6.81,7.16,6.62,6.83,195400,6.83
2008-12-17,6.63,7.03,6.5301,6.82,108300,6.82
2008-12-16,6.16,6.70,6.05,6.68,153000,6.68
2008-12-15,6.50,6.74,5.92,6.03,128100,6.03
2008-12-12,6.00,6.50,5.90,6.50,243000,6.50
2008-12-11,6.78,7.04,6.04,6.08,280800,6.08
2008-12-10,6.44,7.06,6.30,6.86,186100,6.86
2008-12-09,6.74,6.87,6.19,6.35,329600,6.35
2008-12-08,5.68,6.90,5.61,6.53,407800,6.53
2008-12-05,5.28,5.49,4.94,5.49,253300,5.49
2008-12-04,5.56,5.70,5.22,5.34,240400,5.34
2008-12-03,5.09,5.67,5.00,5.60,341100,5.60
2008-12-02,5.17,5.25,4.88,5.22,347800,5.22
2008-12-01,5.97,6.24,4.98,5.02,231400,5.02
2008-11-28,6.30,6.45,5.94,6.04,71700,6.04
2008-11-26,5.06,6.40,5.06,6.32,316700,6.32
2008-11-25,4.93,5.23,4.84,5.11,558000,5.11
2008-11-24,5.00,5.25,4.73,4.90,424300,4.90
2008-11-21,5.40,5.60,4.68,5.00,421900,5.00
2008-11-20,5.53,5.86,5.26,5.31,377600,5.31
2008-11-19,6.04,6.18,5.52,5.56,441700,5.56
2008-11-18,6.00,6.14,5.77,6.05,466600,6.05
2008-11-17,5.67,6.15,5.46,6.02,191600,6.02
2008-11-14,5.96,6.26,5.57,5.59,203600,5.59
2008-11-13,5.70,6.38,5.401,6.35,269000,6.35
2008-11-12,5.87,6.04,5.68,5.68,212000,5.68
2008-11-11,6.21,6.21,5.93,5.95,305400,5.95
2008-11-10,5.56,6.46,5.56,6.22,226200,6.22
2008-11-07,6.59,6.73,6.25,6.45,308800,6.45
2008-11-06,6.84,6.85,6.45,6.51,300100,6.51
2008-11-05,6.76,7.20,6.50,6.83,680200,6.83
2008-11-04,6.56,7.81,6.00,6.85,1303500,6.85
2008-11-03,8.92,9.09,8.67,8.94,193400,8.94
2008-10-31,8.40,8.98,8.02,8.91,286500,8.91
2008-10-30,8.30,8.56,8.24,8.45,170700,8.45
2008-10-29,7.80,8.22,7.49,7.99,251000,7.99
2008-10-28,7.48,7.76,7.16,7.74,299400,7.74
2008-10-27,7.75,8.07,7.24,7.25,145500,7.25
2008-10-24,7.90,8.36,7.68,7.84,170300,7.84
2008-10-23,8.70,8.78,8.00,8.28,114800,8.28
2008-10-22,9.06,9.24,8.60,8.67,103700,8.67
2008-10-21,9.65,9.78,9.24,9.25,157900,9.25
2008-10-20,10.13,10.356,9.407,9.82,130200,9.82
2008-10-17,9.31,10.36,9.31,10.36,370200,10.36
2008-10-16,8.68,9.75,8.54,9.61,349000,9.61
2008-10-15,9.66,9.88,8.59,8.64,226900,8.64
2008-10-14,10.38,10.45,9.66,9.81,416300,9.81
2008-10-13,10.36,10.51,9.72,10.00,431000,10.00
2008-10-10,9.60,10.34,9.00,10.22,437000,10.22
2008-10-09,10.94,10.96,9.82,9.82,419500,9.82
2008-10-08,11.12,11.36,10.51,10.71,464200,10.71
2008-10-07,12.86,12.94,11.36,11.41,566000,11.41
2008-10-06,13.56,14.07,12.38,12.94,422100,12.94
2008-10-03,14.09,14.25,13.41,13.73,405900,13.73
2008-10-02,15.26,15.49,13.86,13.88,332500,13.88
2008-10-01,15.72,16.04,15.24,15.38,155300,15.38
2008-09-30,15.12,15.83,14.77,15.79,219200,15.79
2008-09-29,15.90,16.32,14.96,14.96,299300,14.96
2008-09-26,16.16,16.67,15.49,16.10,208000,16.10
2008-09-25,16.37,16.59,16.05,16.46,135600,16.46
2008-09-24,16.45,16.72,16.15,16.35,359200,16.35
2008-09-23,16.29,16.63,15.90,16.36,384700,16.36
2008-09-22,16.16,16.83,15.75,16.25,366000,16.25
2008-09-19,16.75,17.21,15.93,16.44,892200,16.44
2008-09-18,15.31,16.40,14.99,16.27,553900,16.27
2008-09-17,15.59,15.79,14.94,14.98,658100,14.98
2008-09-16,16.13,16.50,15.54,16.50,365600,16.50
2008-09-15,16.07,16.55,15.71,15.93,347100,15.93
2008-09-12,15.82,16.47,15.49,16.34,628000,16.34
2008-09-11,16.82,17.356,15.76,16.29,3131900,16.29
2008-09-10,21.96,22.24,21.39,22.14,220900,22.14
2008-09-09,21.95,22.41,21.34,21.555,349200,21.555
2008-09-08,21.98,22.04,21.53,21.91,221900,21.91
2008-09-05,21.96,21.96,21.42,21.71,300000,21.71
2008-09-04,22.15,22.50,21.94,21.98,412100,21.98
2008-09-03,22.23,22.5899,21.45,22.27,765800,22.27
2008-09-02,23.54,24.01,23.031,23.37,209400,23.37
2008-08-29,23.20,23.31,22.13,23.22,269200,23.22
2008-08-28,23.10,23.95,23.10,23.23,253600,23.23
2008-08-27,22.55,23.265,22.55,23.00,319900,23.00
2008-08-26,21.82,22.60,21.64,22.50,251600,22.50
2008-08-25,22.32,22.49,21.55,21.80,225700,21.80
2008-08-22,22.44,22.89,22.27,22.48,252300,22.48
2008-08-21,22.55,23.03,22.33,23.03,423700,23.03
2008-08-20,22.48,23.00,22.48,22.74,342200,22.74
2008-08-19,23.17,23.23,22.16,22.44,432500,22.44
2008-08-18,23.77,23.77,23.00,23.18,382000,23.18
2008-08-15,23.82,23.83,23.15,23.61,313000,23.61
2008-08-14,23.37,23.77,23.25,23.58,215200,23.58
2008-08-13,23.07,23.82,22.70,23.46,335100,23.46
2008-08-12,22.58,23.74,22.28,23.12,457000,23.12
2008-08-11,22.01,22.87,21.80,22.71,269700,22.71
2008-08-08,21.05,22.18,20.92,22.02,302500,22.02
2008-08-07,20.86,21.40,20.86,21.07,347500,21.07
2008-08-06,20.32,21.44,20.22,21.01,444400,21.01
2008-08-05,17.90,20.82,17.87,20.41,736600,20.41
2008-08-04,19.06,19.06,18.42,18.63,255800,18.63
2008-08-01,18.76,19.32,18.40,18.93,180200,18.93
2008-07-31,18.52,18.89,18.39,18.69,184100,18.69
2008-07-30,19.07,19.16,18.515,18.79,195900,18.79
2008-07-29,18.36,19.13,18.36,18.94,191400,18.94
2008-07-28,19.17,19.26,18.36,18.39,228500,18.39
2008-07-25,19.22,19.90,19.19,19.27,227700,19.27
2008-07-24,19.53,19.79,19.02,19.11,199300,19.11
2008-07-23,19.23,19.58,19.06,19.44,193800,19.44
2008-07-22,18.38,19.42,18.31,19.22,222600,19.22
2008-07-21,18.40,19.05,18.13,18.51,134300,18.51
2008-07-18,18.85,18.85,18.21,18.56,137200,18.56
2008-07-17,18.43,18.90,18.10,18.86,180700,18.86
2008-07-16,17.87,18.73,17.68,18.39,347300,18.39
2008-07-15,17.93,18.00,17.46,17.76,256800,17.76
2008-07-14,18.56,18.56,17.82,18.10,138500,18.10
2008-07-11,18.36,18.55,17.98,18.44,272600,18.44
2008-07-10,18.43,19.16,18.27,18.52,300400,18.52
2008-07-09,19.01,19.20,18.41,18.49,209400,18.49
2008-07-08,18.03,19.12,17.98,19.10,183800,19.10
2008-07-07,18.57,18.57,17.94,17.96,179800,17.96
2008-07-03,18.71,18.91,18.36,18.42,123800,18.42
2008-07-02,18.44,18.80,18.44,18.71,213400,18.71
2008-07-01,18.58,18.88,17.85,18.47,172600,18.47
2008-06-30,19.74,19.99,18.83,18.84,290400,18.84
2008-06-27,18.38,19.77,18.10,19.71,453800,19.71
2008-06-26,18.63,18.79,18.20,18.46,223500,18.46
2008-06-25,18.32,19.33,18.32,18.85,297700,18.85
2008-06-24,18.46,18.66,18.20,18.33,256000,18.33
2008-06-23,18.71,18.74,18.38,18.65,193500,18.65
2008-06-20,18.88,19.06,18.33,18.63,290900,18.63
2008-06-19,18.25,19.24,18.25,19.06,338100,19.06
2008-06-18,18.01,18.345,17.79,18.26,291700,18.26
2008-06-17,18.13,18.43,17.86,18.14,443000,18.14
2008-06-16,19.25,19.34,17.99,18.08,304500,18.08
2008-06-13,19.90,19.95,18.93,19.36,270200,19.36
2008-06-12,19.62,20.06,19.53,19.66,80800,19.66
2008-06-11,19.71,20.26,19.45,19.47,168700,19.47
2008-06-10,19.47,20.14,19.28,19.77,114500,19.77
2008-06-09,20.28,20.50,19.52,19.75,168500,19.75
2008-06-06,20.58,21.19,20.25,20.25,208200,20.25
2008-06-05,20.17,20.76,20.15,20.71,144300,20.71
2008-06-04,19.93,20.82,19.71,20.20,205600,20.20
2008-06-03,19.98,20.31,19.74,20.05,157300,20.05
2008-06-02,20.11,20.43,19.73,19.93,161300,19.93
2008-05-30,20.23,20.41,19.81,20.14,253400,20.14
2008-05-29,20.31,20.47,20.15,20.17,229800,20.17
2008-05-28,20.01,20.56,20.00,20.41,396600,20.41
2008-05-27,19.26,20.08,19.16,19.85,168600,19.85
2008-05-23,19.44,19.49,18.79,19.20,174500,19.20
2008-05-22,19.55,19.98,19.34,19.54,206400,19.54
2008-05-21,19.75,20.28,19.30,19.51,234000,19.51
2008-05-20,19.55,20.05,19.45,19.86,206900,19.86
2008-05-19,19.78,20.26,19.45,19.60,250100,19.60
2008-05-16,20.14,20.39,19.85,19.91,217200,19.91
2008-05-15,20.06,20.73,19.97,19.99,365400,19.99
2008-05-14,20.50,20.50,19.28,19.99,421700,19.99
2008-05-13,21.29,21.71,20.24,20.45,1105200,20.45
2008-05-12,17.87,18.75,17.86,18.59,207700,18.59
2008-05-09,17.89,18.38,17.56,17.84,111700,17.84
2008-05-08,18.27,18.44,17.98,18.11,116200,18.11
2008-05-07,18.63,19.10,18.01,18.19,176600,18.19
2008-05-06,17.99,18.80,17.80,18.59,126800,18.59
2008-05-05,18.13,18.41,17.83,18.10,138200,18.10
2008-05-02,18.50,18.65,17.85,18.19,247400,18.19
2008-05-01,17.51,18.37,17.42,18.35,556400,18.35
2008-04-30,18.05,18.29,17.41,17.49,484700,17.49
2008-04-29,18.53,18.76,17.90,17.97,242800,17.97
2008-04-28,18.17,18.71,18.17,18.47,198200,18.47
2008-04-25,18.18,18.35,17.97,18.23,205200,18.23
2008-04-24,18.13,18.50,17.99,18.10,258700,18.10
2008-04-23,17.73,18.10,17.55,18.04,178700,18.04
2008-04-22,18.14,18.17,17.55,17.65,162500,17.65
2008-04-21,18.10,18.33,17.82,18.26,244400,18.26
2008-04-18,18.53,18.53,18.17,18.20,159300,18.20
2008-04-17,18.27,18.38,17.86,18.16,168600,18.16
2008-04-16,18.04,18.61,18.01,18.29,343100,18.29
2008-04-15,18.06,18.26,17.85,17.96,316700,17.96
2008-04-14,18.09,18.38,17.87,17.97,266600,17.97
2008-04-11,18.26,18.64,18.00,18.13,183400,18.13
2008-04-10,18.58,18.81,18.22,18.49,153300,18.49
2008-04-09,19.22,19.22,18.43,18.55,105600,18.55
2008-04-08,19.18,19.38,19.02,19.16,179600,19.16
2008-04-07,19.77,19.9599,19.31,19.48,70800,19.48
2008-04-04,19.55,19.86,19.25,19.67,136800,19.67
2008-04-03,19.26,20.09,19.26,19.49,234100,19.49
2008-04-02,19.51,19.55,18.98,19.40,279700,19.40
2008-04-01,18.49,19.50,18.49,19.48,161100,19.48
2008-03-31,18.63,19.25,18.46,18.48,133400,18.48
2008-03-28,18.43,18.85,18.40,18.56,132000,18.56
2008-03-27,19.98,19.98,18.27,18.37,212900,18.37
2008-03-26,19.22,20.02,18.84,19.98,220400,19.98
2008-03-25,19.59,20.07,18.07,19.35,330700,19.35
2008-03-24,18.58,19.92,18.58,19.53,200900,19.53
2008-03-20,18.54,18.96,17.82,18.43,469500,18.43
2008-03-19,19.13,19.47,18.31,18.31,127800,18.31
2008-03-18,18.07,19.12,18.07,19.03,206200,19.03
2008-03-17,17.60,18.23,17.13,17.59,231000,17.59
2008-03-14,18.69,18.79,17.79,18.21,228900,18.21
2008-03-13,18.06,18.70,17.95,18.49,408100,18.49
2008-03-12,18.30,18.59,18.07,18.31,267900,18.31
2008-03-11,17.83,18.33,17.47,18.26,279500,18.26
2008-03-10,17.87,17.95,17.10,17.30,389100,17.30
2008-03-07,18.35,18.94,18.35,18.60,440900,18.60
2008-03-06,19.50,19.50,18.23,18.41,216800,18.41
2008-03-05,19.42,19.74,19.36,19.57,197200,19.57
2008-03-04,19.74,20.07,18.94,19.36,306800,19.36
2008-03-03,20.25,20.57,19.74,19.98,199400,19.98
2008-02-29,20.80,20.98,20.02,20.26,235400,20.26
2008-02-28,22.70,22.81,20.94,21.07,504900,21.07
2008-02-27,21.62,22.67,21.62,22.66,402000,22.66
2008-02-26,21.25,22.24,21.25,21.88,291200,21.88
2008-02-25,20.36,21.73,20.36,21.25,362300,21.25
2008-02-22,20.14,20.57,20.01,20.39,207700,20.39
2008-02-21,20.00,21.10,20.00,20.10,308300,20.10
2008-02-20,19.38,19.98,19.18,19.80,181000,19.80
2008-02-19,19.67,19.85,19.39,19.40,146900,19.40
2008-02-15,20.04,20.04,19.16,19.62,305700,19.62
2008-02-14,19.18,20.08,18.88,19.89,398100,19.89
2008-02-13,18.92,19.08,18.61,18.99,297900,18.99
2008-02-12,18.56,19.17,18.20,18.70,224800,18.70
2008-02-11,18.17,18.51,17.76,18.49,296400,18.49
2008-02-08,16.90,19.17,16.90,18.19,646400,18.19
2008-02-07,16.29,17.21,16.07,17.11,319900,17.11
2008-02-06,17.43,17.62,16.20,16.29,329800,16.29
2008-02-05,17.54,17.74,17.20,17.25,285800,17.25
2008-02-04,17.81,18.20,17.81,18.20,320300,18.20
2008-02-01,17.81,18.34,17.45,17.89,326800,17.89
2008-01-31,17.42,18.35,16.97,17.76,261200,17.76
2008-01-30,18.65,18.82,17.52,17.54,282200,17.54
2008-01-29,18.23,19.12,18.23,18.82,197700,18.82
2008-01-28,18.13,18.28,17.75,18.16,239800,18.16
2008-01-25,18.64,19.11,18.02,18.42,164900,18.42
2008-01-24,18.56,18.88,17.64,18.40,273300,18.40
2008-01-23,17.76,18.59,17.64,18.52,409700,18.52
2008-01-22,17.61,18.64,17.40,18.22,482500,18.22
2008-01-18,19.09,19.47,17.89,17.91,420500,17.91
2008-01-17,19.34,19.35,18.79,18.98,438700,18.98
2008-01-16,19.21,19.36,18.25,19.23,660100,19.23
2008-01-15,18.29,19.40,18.13,19.30,356500,19.30
2008-01-14,18.64,18.95,18.26,18.58,250700,18.58
2008-01-11,18.22,18.66,18.22,18.66,215000,18.66
2008-01-10,17.95,18.58,17.89,18.40,295900,18.40
2008-01-09,17.75,18.50,17.53,18.19,613700,18.19
2008-01-08,18.07,18.44,17.72,17.77,447600,17.77
2008-01-07,17.25,18.36,17.21,17.91,455800,17.91
2008-01-04,17.96,17.96,17.01,17.12,468600,17.12
2008-01-03,18.51,19.00,18.18,18.18,323500,18.18
2008-01-02,19.26,19.41,18.55,18.66,382000,18.66
2007-12-31,19.68,19.84,19.05,19.42,368500,19.42
2007-12-28,19.99,20.10,19.65,19.70,251400,19.70
2007-12-27,19.98,20.25,19.75,19.86,666900,19.86
2007-12-26,20.56,20.75,20.15,20.27,683300,20.27
2007-12-24,20.80,20.90,20.6501,20.70,228600,20.70
2007-12-21,21.47,21.88,20.44,20.73,643400,20.73
2007-12-20,20.81,20.93,20.37,20.74,413600,20.74
2007-12-19,20.65,21.14,20.32,20.55,310100,20.55
2007-12-18,20.56,20.75,20.05,20.63,353900,20.63
2007-12-17,21.04,21.17,20.10,20.35,816300,20.35
2007-12-14,21.37,21.59,20.95,21.24,468300,21.24
2007-12-13,21.84,21.90,21.38,21.70,293300,21.70
2007-12-12,23.00,23.68,21.75,22.00,561200,22.00
2007-12-11,23.49,23.70,22.34,22.60,662800,22.60
2007-12-10,22.87,23.50,22.52,23.39,289200,23.39
2007-12-07,22.84,23.18,22.19,23.08,1186700,23.08
2007-12-06,20.22,21.63,19.95,21.61,383900,21.61
2007-12-05,19.85,20.42,19.57,20.30,233200,20.30
2007-12-04,19.17,19.98,19.17,19.81,559100,19.81
2007-12-03,19.37,19.65,19.08,19.36,399900,19.36
2007-11-30,19.04,19.61,18.88,19.37,671500,19.37
2007-11-29,18.94,19.17,18.46,19.06,214700,19.06
2007-11-28,17.95,19.31,17.78,19.06,561900,19.06
2007-11-27,17.89,17.96,17.53,17.78,395000,17.78
2007-11-26,17.65,17.82,17.50,17.79,582100,17.79
2007-11-23,17.61,17.85,17.39,17.66,248100,17.66
2007-11-21,17.23,17.77,17.10,17.48,747400,17.48
2007-11-20,16.91,17.58,16.82,17.43,704500,17.43
2007-11-19,17.84,17.95,16.76,16.96,821300,16.96
2007-11-16,18.10,18.18,17.79,18.05,622400,18.05
2007-11-15,18.00,18.19,17.62,18.06,666600,18.06
2007-11-14,18.47,18.65,18.00,18.12,392700,18.12
2007-11-13,18.04,18.60,17.65,18.33,1302600,18.33
2007-11-12,17.79,18.27,17.47,17.84,1329000,17.84
2007-11-09,17.20,18.63,16.52,17.77,2878300,17.77
2007-11-08,18.70,19.19,16.41,16.61,8357900,16.61
2007-11-07,29.92,29.98,27.63,27.84,449400,27.84
2007-11-06,30.36,30.80,29.66,29.94,309400,29.94
2007-11-05,28.88,30.50,28.793,30.36,326900,30.36
2007-11-02,28.90,29.80,28.83,29.39,337400,29.39
2007-11-01,28.99,29.02,28.13,28.37,323700,28.37
2007-10-31,29.62,29.62,28.61,29.32,284400,29.32
2007-10-30,29.72,30.183,29.41,30.183,191400,30.183
2007-10-29,30.02,30.34,29.67,29.91,295900,29.91
2007-10-26,30.83,31.28,29.84,29.97,316700,29.97
2007-10-25,31.04,31.15,30.00,30.37,239800,30.37
2007-10-24,31.33,31.47,29.77,31.00,225500,31.00
2007-10-23,32.19,32.29,31.32,31.52,446900,31.52
2007-10-22,32.00,32.30,31.48,31.96,293200,31.96
2007-10-19,33.40,33.59,32.21,32.31,254700,32.31
2007-10-18,33.02,33.74,32.93,33.59,196500,33.59
2007-10-17,34.05,34.50,32.97,33.29,326800,33.29
2007-10-16,32.73,33.82,32.46,33.71,213000,33.71
2007-10-15,33.37,33.87,32.615,32.87,352300,32.87
2007-10-12,31.99,33.96,31.99,33.48,298000,33.48
2007-10-11,32.23,32.75,31.79,31.98,518600,31.98
2007-10-10,31.98,32.25,31.53,32.00,240900,32.00
2007-10-09,32.60,33.05,31.88,32.13,252900,32.13
2007-10-08,33.09,33.13,32.49,32.58,123000,32.58
2007-10-05,32.88,33.50,32.21,33.28,142800,33.28
2007-10-04,33.00,33.13,32.12,32.46,112300,32.46
2007-10-03,32.09,33.50,32.09,32.94,402400,32.94
2007-10-02,31.89,32.47,31.67,32.24,264100,32.24
2007-10-01,30.71,32.00,30.14,31.78,260900,31.78
2007-09-28,30.90,31.468,30.78,31.468,201200,31.468
2007-09-27,32.00,32.42,29.88,31.00,311000,31.00
2007-09-26,31.16,32.13,30.87,31.80,420400,31.80
2007-09-25,30.84,31.15,30.54,30.89,212500,30.89
2007-09-24,30.44,31.04,30.0998,30.82,372700,30.82
2007-09-21,29.78,30.49,29.78,30.25,607200,30.25
2007-09-20,29.33,29.60,29.20,29.50,286800,29.50
2007-09-19,28.80,29.74,28.79,29.38,295600,29.38
2007-09-18,27.39,28.84,26.76,28.67,802700,28.67
2007-09-17,26.30,27.38,26.20,27.32,628800,27.32
2007-09-14,26.20,26.93,25.99,26.36,307100,26.36
2007-09-13,26.06,26.92,25.69,26.51,331300,26.51
2007-09-12,26.53,26.60,25.58,25.83,610600,25.83
2007-09-11,26.60,27.08,26.49,26.58,511900,26.58
2007-09-10,26.77,26.95,26.30,26.50,316900,26.50
2007-09-07,27.49,27.53,26.25,26.75,856500,26.75
2007-09-06,28.78,28.88,27.73,27.84,340800,27.84
2007-09-05,29.35,29.50,28.50,28.63,334400,28.63
2007-09-04,28.40,30.56,28.25,29.57,1109000,29.57
2007-08-31,28.20,28.66,27.70,27.79,354400,27.79
2007-08-30,28.49,28.68,27.80,27.91,507600,27.91
2007-08-29,28.95,29.14,28.37,28.95,329200,28.95
2007-08-28,30.22,30.50,28.62,28.70,296800,28.70
2007-08-27,31.03,31.17,30.21,30.32,197200,30.32
2007-08-24,30.72,31.35,29.51,31.21,349200,31.21
2007-08-23,31.67,31.73,30.28,30.76,174600,30.76
2007-08-22,31.24,31.88,31.13,31.46,241600,31.46
2007-08-21,29.93,31.48,29.93,30.88,261200,30.88
2007-08-20,30.41,30.76,29.70,30.35,110200,30.35
2007-08-17,29.75,30.55,29.176,30.22,494000,30.22
2007-08-16,28.24,28.59,27.62,28.35,824800,28.35
2007-08-15,31.27,31.86,28.32,28.44,573900,28.44
2007-08-14,31.62,32.05,30.94,31.46,447400,31.46
2007-08-13,33.74,34.27,31.61,34.27,689800,34.27
2007-08-10,33.09,35.62,32.72,33.63,590500,33.63
2007-08-09,33.25,36.47,30.75,33.85,2915000,33.85
2007-08-08,38.36,42.44,38.36,41.00,1401400,41.00
2007-08-07,37.61,38.31,37.21,38.05,399400,38.05
2007-08-06,36.83,38.27,36.83,38.27,233900,38.27
2007-08-03,36.85,38.20,36.51,36.73,323700,36.73
2007-08-02,35.56,37.25,35.56,36.94,256900,36.94
2007-08-01,35.58,36.40,35.42,36.40,261600,36.40
2007-07-31,34.73,36.66,34.61,35.78,284500,35.78
2007-07-30,33.38,34.52,32.70,34.18,119500,34.18
2007-07-27,33.97,34.61,33.05,33.41,201700,33.41
2007-07-26,34.29,34.83,33.1997,33.95,195700,33.95
2007-07-25,35.36,35.60,33.54,34.67,276900,34.67
2007-07-24,35.78,36.05,35.00,35.25,202300,35.25
2007-07-23,36.00,36.40,36.00,36.40,80500,36.40
2007-07-20,36.40,36.63,35.35,35.98,201300,35.98
2007-07-19,36.70,37.20,35.99,36.48,82200,36.48
2007-07-18,36.97,36.99,35.77,36.68,108500,36.68
2007-07-17,37.24,37.45,36.88,37.06,177900,37.06
2007-07-16,36.93,37.20,36.64,37.00,182600,37.00
2007-07-13,37.25,37.39,36.85,37.02,93000,37.02
2007-07-12,37.22,37.91,36.79,37.50,208600,37.50
2007-07-11,36.51,37.62,36.20,37.13,85800,37.13
2007-07-10,37.91,37.91,36.60,37.91,206700,37.91
2007-07-09,38.22,38.34,37.53,37.99,130300,37.99
2007-07-06,38.35,38.70,37.93,38.23,90900,38.23
2007-07-05,38.76,38.89,37.71,38.44,116400,38.44
2007-07-03,38.98,39.2346,38.63,38.65,160200,38.65
2007-07-02,37.68,38.97,37.68,38.97,360300,38.97
2007-06-29,38.36,38.36,37.70,37.71,317800,37.71
2007-06-28,37.39,39.21,37.39,39.21,358700,39.21
2007-06-27,36.09,37.56,35.93,37.45,302100,37.45
2007-06-26,36.60,37.12,35.815,36.45,269400,36.45
2007-06-25,35.61,36.92,35.06,36.58,362900,36.58
2007-06-22,36.93,37.09,35.42,35.73,389100,35.73
2007-06-21,36.36,36.98,35.75,36.87,129700,36.87
2007-06-20,37.54,37.54,36.47,37.54,144900,37.54
2007-06-19,37.81,37.90,37.08,37.48,155800,37.48
2007-06-18,36.99,38.15,36.99,37.95,276700,37.95
2007-06-15,35.95,37.14,35.63,36.97,362800,36.97
2007-06-14,36.10,36.57,35.23,35.45,226600,35.45
2007-06-13,35.95,36.20,35.92,36.20,90900,36.20
2007-06-12,36.17,36.74,35.41,35.93,131400,35.93
2007-06-11,37.15,37.15,36.09,36.33,108700,36.33
2007-06-08,35.72,37.31,35.72,37.25,212700,37.25
2007-06-07,36.34,36.93,35.53,35.8799,218200,35.8799
2007-06-06,37.20,37.37,36.29,36.51,239000,36.51
2007-06-05,37.75,38.01,37.49,38.01,314900,38.01
2007-06-04,38.51,38.65,37.78,37.97,267700,37.97
2007-06-01,39.22,39.24,38.73,39.24,437500,39.24
2007-05-31,38.34,39.17,38.34,39.01,528400,39.01
2007-05-30,37.07,39.00,37.06,38.13,597200,38.13
2007-05-29,35.70,36.41,34.54,36.40,462900,36.40
2007-05-25,35.85,37.34,35.65,36.52,288200,36.52
2007-05-24,37.13,37.24,35.12,35.61,411100,35.61
2007-05-23,37.41,37.95,36.97,37.19,501100,37.19
2007-05-22,36.11,37.40,36.07,37.31,426400,37.31
2007-05-21,35.30,36.36,35.30,36.36,222800,36.36
2007-05-18,35.38,35.51,35.38,35.51,272900,35.51
2007-05-17,34.57,35.47,34.57,35.47,296700,35.47
2007-05-16,34.36,34.75,33.746,34.59,200400,34.59
2007-05-15,35.49,35.50,34.12,34.32,487500,34.32
2007-05-14,34.70,36.137,34.70,36.137,1398600,36.137
2007-05-11,32.47,34.97,32.26,34.72,598400,34.72
2007-05-10,32.34,33.35,32.14,33.35,749600,33.35
2007-05-09,34.58,34.58,30.51,32.39,1395600,32.39
2007-05-08,31.37,31.99,30.40,31.94,368000,31.94
2007-05-07,31.06,31.68,30.62,31.48,247200,31.48
2007-05-04,30.75,31.33,30.39,31.14,392100,31.14
2007-05-03,30.74,30.74,30.03,30.60,387100,30.60
2007-05-02,29.99,31.28,29.99,31.28,272500,31.28
2007-05-01,31.18,31.18,29.45,29.99,408400,29.99
2007-04-30,28.25,31.28,28.25,30.96,815700,30.96
2007-04-27,28.88,29.03,27.94,28.25,453900,28.25
2007-04-26,29.33,29.41,28.87,28.94,420300,28.94
2007-04-25,30.17,30.17,29.22,29.37,458100,29.37
2007-04-24,30.50,30.73,29.76,30.06,261200,30.06
2007-04-23,30.90,31.58,30.50,31.58,266100,31.58
2007-04-20,31.24,31.24,30.90,31.00,187000,31.00
2007-04-19,31.97,32.15,30.86,30.97,189800,30.97
2007-04-18,32.25,32.32,32.05,32.09,134300,32.09
2007-04-17,32.50,32.55,32.28,32.55,410500,32.55
2007-04-16,32.40,32.73,32.25,32.51,159900,32.51
2007-04-13,32.39,32.60,31.97,32.34,192900,32.34
2007-04-12,31.73,32.40,31.73,32.40,291800,32.40
2007-04-11,31.75,31.84,31.75,31.84,388000,31.84
2007-04-10,31.09,31.69,31.05,31.69,185000,31.69
2007-04-09,30.05,30.81,30.00,30.81,142600,30.81
2007-04-05,29.96,30.19,29.76,30.10,207600,30.10
2007-04-04,30.80,30.80,30.02,30.10,191000,30.10
2007-04-03,30.54,31.03,30.38,30.75,244700,30.75
2007-04-02,31.15,31.17,30.12,30.54,171000,30.54
2007-03-30,30.94,31.45,30.94,31.45,185300,31.45
2007-03-29,31.33,31.33,30.13,30.91,218000,30.91
2007-03-28,31.05,31.23,30.62,30.93,157000,30.93
2007-03-27,31.62,31.84,31.20,31.24,127600,31.24
2007-03-26,32.55,32.55,31.40,31.66,248000,31.66
2007-03-23,32.9792,33.29,32.03,32.52,504600,32.52
2007-03-22,32.69,33.63,32.22,33.63,1099800,33.63
2007-03-21,30.24,31.31,30.24,31.31,173600,31.31
2007-03-20,30.16,30.36,29.96,30.14,153700,30.14
2007-03-19,29.65,30.50,29.65,30.50,156600,30.50
2007-03-16,30.17,30.17,29.38,29.51,332900,29.51
2007-03-15,29.07,30.25,29.07,30.25,376500,30.25
2007-03-14,29.15,29.70,29.15,29.70,424000,29.70
2007-03-13,31.27,31.27,28.99,29.05,531600,29.05
2007-03-12,31.60,31.68,31.40,31.68,189600,31.68
2007-03-09,32.69,32.69,31.33,31.56,252200,31.56
2007-03-08,33.59,33.74,32.43,32.50,206400,32.50
2007-03-07,33.23,33.43,33.23,33.43,227700,33.43
2007-03-06,32.85,33.59,32.80,33.32,165100,33.32
2007-03-05,32.92,33.08,32.24,32.33,166700,32.33
2007-03-02,33.21,33.33,32.65,33.07,260800,33.07
2007-03-01,33.21,33.60,32.25,33.38,377300,33.38
2007-02-28,33.96,34.52,33.19,33.69,409000,33.69
2007-02-27,35.43,35.43,34.10,35.43,291900,35.43
2007-02-26,36.80,36.83,35.48,35.50,327100,35.50
2007-02-23,36.37,36.80,36.37,36.80,188900,36.80
2007-02-22,36.04,36.60,35.9501,36.31,204900,36.31
2007-02-21,36.38,36.40,35.78,35.96,155700,35.96
2007-02-20,36.54,36.71,36.00,36.41,248800,36.41
2007-02-16,36.37,36.79,35.76,36.56,246100,36.56
2007-02-15,35.51,36.37,35.51,36.37,583000,36.37
2007-02-14,36.38,37.00,35.98,36.67,292000,36.67
2007-02-13,36.91,37.00,36.29,36.50,120500,36.50
2007-02-12,37.20,37.38,36.32,36.74,479600,36.74
2007-02-09,38.61,39.32,37.22,39.32,380700,39.32
2007-02-08,38.72,39.33,38.27,38.45,363800,38.45
2007-02-07,38.58,38.76,38.38,38.70,275900,38.70
2007-02-06,38.41,38.70,38.08,38.56,389900,38.56
2007-02-05,38.27,38.57,37.71,38.24,192000,38.24
2007-02-02,37.75,38.54,37.52,38.21,580400,38.21
2007-02-01,36.72,37.93,36.54,37.59,487600,37.59
2007-01-31,36.36,36.69,35.93,36.50,473600,36.50
2007-01-30,35.37,36.44,35.03,36.33,357000,36.33
2007-01-29,34.63,35.41,34.54,35.26,213800,35.26
2007-01-26,34.67,35.32,34.49,34.87,175700,34.87
2007-01-25,35.16,35.21,34.62,35.21,266700,35.21
2007-01-24,34.62,35.23,34.22,35.06,294900,35.06
2007-01-23,33.38,34.81,33.06,34.27,491700,34.27
2007-01-22,33.07,33.51,32.61,33.50,303700,33.50
2007-01-19,32.50,33.44,32.351,32.96,1878100,32.96
2007-01-18,32.63,32.69,30.77,31.86,253000,31.86
2007-01-17,32.74,33.11,32.65,33.11,245200,33.11
2007-01-16,32.80,32.96,32.38,32.75,255900,32.75
2007-01-12,32.23,32.80,31.58,32.80,170300,32.80
2007-01-11,31.49,32.20,31.49,32.20,243400,32.20
2007-01-10,32.04,32.04,31.03,31.36,198400,31.36
2007-01-09,33.57,33.69,33.26,33.39,135700,33.39
2007-01-08,33.54,33.70,33.18,33.41,118300,33.41
2007-01-05,34.12,34.12,33.13,33.37,153200,33.37
2007-01-04,33.49,34.26,33.14,34.16,128800,34.16
2007-01-03,33.27,34.98,33.27,34.98,292900,34.98
2006-12-29,34.32,34.96,33.23,33.26,199400,33.26
2006-12-28,34.31,34.54,33.00,34.11,119600,34.11
2006-12-27,33.57,34.86,33.41,34.48,189300,34.48
2006-12-26,33.33,33.56,32.90,33.39,83900,33.39
2006-12-22,33.67,33.83,33.46,33.83,198000,33.83
2006-12-21,33.01,33.68,32.80,33.09,131500,33.09
2006-12-20,32.81,33.22,32.61,33.10,72700,33.10
2006-12-19,32.24,33.14,32.24,33.14,189800,33.14
2006-12-18,33.06,33.44,32.15,32.27,387800,32.27
2006-12-15,33.73,33.76,32.77,33.05,257400,33.05
2006-12-14,32.93,34.45,32.93,33.73,148400,33.73
2006-12-13,33.88,33.93,32.65,32.82,142200,32.82
2006-12-12,33.63,33.69,33.38,33.69,129200,33.69
2006-12-11,32.23,33.63,31.75,33.56,127800,33.56
2006-12-08,32.58,32.58,31.29,32.14,138000,32.14
2006-12-07,33.06,33.37,32.48,32.57,98400,32.57
2006-12-06,33.00,33.31,31.84,32.93,96600,32.93
2006-12-05,32.95,33.61,32.65,33.14,214900,33.14
2006-12-04,31.55,32.87,31.50,32.75,132300,32.75
2006-12-01,30.80,32.23,30.80,31.41,161500,31.41
2006-11-30,30.51,31.05,29.64,30.85,268100,30.85
2006-11-29,30.86,31.05,29.16,30.36,250500,30.36
2006-11-28,30.38,30.76,30.02,30.75,136800,30.75
2006-11-27,30.90,31.09,30.38,30.46,176600,30.46
2006-11-24,31.26,31.64,30.98,31.38,58200,31.38
2006-11-22,31.23,31.24,31.22,31.24,93300,31.24
2006-11-21,31.95,32.31,30.93,31.27,313500,31.27
2006-11-20,32.49,32.49,31.91,32.49,273400,32.49
2006-11-17,32.76,33.38,32.76,33.38,158800,33.38
2006-11-16,34.32,34.35,32.46,32.78,203200,32.78
2006-11-15,33.34,34.35,33.15,34.28,186500,34.28
2006-11-14,32.99,33.66,32.70,33.47,134400,33.47
2006-11-13,34.00,34.25,32.94,33.00,176000,33.00
2006-11-10,33.98,34.44,33.87,34.00,105000,34.00
2006-11-09,34.17,34.35,33.61,34.06,114300,34.06
2006-11-08,33.57,34.30,33.20,34.04,80600,34.04
2006-11-07,32.81,34.29,32.70,33.98,245300,33.98
2006-11-06,33.45,33.65,32.69,33.65,190700,33.65
2006-11-03,32.64,33.34,32.59,33.06,175200,33.06
2006-11-02,30.20,32.88,29.98,32.50,468700,32.50
2006-11-01,32.55,32.55,29.60,29.85,305800,29.85
2006-10-31,32.57,32.85,31.96,32.13,219000,32.13
2006-10-30,32.02,32.48,32.02,32.48,156100,32.48
2006-10-27,32.10,32.69,32.02,32.18,161600,32.18
2006-10-26,32.30,32.50,31.95,32.27,171800,32.27
2006-10-25,32.12,32.49,32.12,32.49,184200,32.49
2006-10-24,31.80,32.65,31.53,32.15,97300,32.15
2006-10-23,31.69,32.61,31.69,32.61,215400,32.61
2006-10-20,31.85,32.28,31.21,31.74,182900,31.74
2006-10-19,30.84,32.06,30.84,32.06,188800,32.06
2006-10-18,31.65,32.40,30.6701,30.85,110800,30.85
2006-10-17,31.13,32.06,30.65,31.35,214900,31.35
2006-10-16,31.50,32.05,30.85,31.27,90900,31.27
2006-10-13,29.66,32.27,29.47,31.68,510800,31.68
2006-10-12,29.00,29.58,29.00,29.58,326600,29.58
2006-10-11,28.81,29.45,28.81,29.45,222700,29.45
2006-10-10,29.90,29.98,28.77,28.89,141100,28.89
2006-10-09,29.89,30.00,28.66,29.90,477500,29.90
2006-10-06,26.77,30.10,26.77,29.84,1005500,29.84
2006-10-05,25.90,26.63,25.75,26.50,268000,26.50
2006-10-04,25.67,26.24,24.80,25.90,349700,25.90
2006-10-03,26.11,26.24,25.63,25.88,137800,25.88
2006-10-02,25.10,26.78,24.87,26.10,150900,26.10
2006-09-29,26.40,27.19,25.08,25.22,295800,25.22
2006-09-28,26.14,26.88,25.90,26.50,73300,26.50
2006-09-27,25.50,26.12,25.05,25.87,286900,25.87
2006-09-26,25.77,25.90,25.38,25.50,344200,25.50
2006-09-25,26.35,26.35,25.68,26.35,303600,26.35
2006-09-22,26.51,27.10,26.22,26.37,289200,26.37
2006-09-21,27.60,27.75,26.18,26.51,125600,26.51
2006-09-20,25.72,27.47,25.72,27.47,81500,27.47
2006-09-19,26.45,26.62,24.87,25.41,92000,25.41
2006-09-18,26.60,26.69,25.35,26.50,48800,26.50
2006-09-15,27.66,28.44,26.66,26.72,152500,26.72
2006-09-14,26.86,27.90,26.86,27.90,108000,27.90
2006-09-13,25.75,27.20,25.75,26.87,159100,26.87
2006-09-12,24.85,26.21,24.85,26.21,124700,26.21
2006-09-11,23.89,25.05,23.89,25.05,170900,25.05
2006-09-08,24.16,24.16,23.63,23.99,67000,23.99
2006-09-07,25.40,25.40,23.75,24.01,168300,24.01
2006-09-06,25.37,26.32,25.04,25.68,184500,25.68
2006-09-05,25.85,26.05,25.03,25.50,229800,25.50
2006-09-01,25.84,26.37,25.33,25.86,123200,25.86
2006-08-31,24.80,26.45,24.75,25.56,266300,25.56
2006-08-30,24.47,24.89,24.24,24.63,279700,24.63
2006-08-29,23.87,25.11,23.68,24.43,220500,24.43
2006-08-28,23.69,24.16,23.43,23.78,121900,23.78
2006-08-25,23.52,24.06,23.29,23.58,43900,23.58
2006-08-24,24.19,24.46,22.87,23.52,256300,23.52
2006-08-23,26.09,26.45,24.14,24.27,151300,24.27
2006-08-22,25.44,26.36,25.29,25.92,84900,25.92
2006-08-21,24.93,25.67,24.70,25.54,163800,25.54
2006-08-18,26.00,26.00,24.48,25.25,234100,25.25
2006-08-17,24.89,26.00,24.80,25.82,123900,25.82
2006-08-16,24.06,25.84,24.06,24.87,163000,24.87
2006-08-15,22.49,24.00,22.49,23.77,150800,23.77
2006-08-14,21.45,22.57,21.27,22.36,125900,22.36
2006-08-11,21.50,21.70,21.50,21.70,80400,21.70
2006-08-10,22.26,22.26,21.63,22.26,363500,22.26
2006-08-09,24.24,24.38,22.48,22.48,242600,22.48
2006-08-08,25.13,25.33,24.00,24.03,153400,24.03
2006-08-07,25.31,25.45,24.82,25.14,207000,25.14
2006-08-04,25.40,26.05,25.40,26.05,207300,26.05
2006-08-03,25.53,25.63,24.46,25.21,237100,25.21
2006-08-02,24.338,26.86,23.90,25.56,566500,25.56
2006-08-01,23.10,24.34,23.05,23.95,531600,23.95
2006-07-31,23.27,24.04,22.80,23.65,178600,23.65
2006-07-28,23.09,23.70,22.25,23.44,129500,23.44
2006-07-27,23.61,24.37,22.87,22.87,116700,22.87
2006-07-26,24.13,24.20,23.42,23.43,223300,23.43
2006-07-25,26.47,26.55,23.50,24.38,618200,24.38
2006-07-24,26.16,26.89,26.11,26.45,79800,26.45
2006-07-21,26.83,27.12,25.87,26.08,100800,26.08
2006-07-20,29.41,30.97,26.97,27.07,190900,27.07
2006-07-19,27.14,29.41,27.11,29.40,205200,29.40
2006-07-18,27.92,28.55,26.44,27.21,169100,27.21
2006-07-17,27.43,28.14,27.43,27.86,89900,27.86
2006-07-14,27.94,28.11,27.69,28.11,225500,28.11
2006-07-13,27.91,28.31,27.35,28.00,198400,28.00
2006-07-12,29.00,29.24,27.88,28.02,138800,28.02
2006-07-11,30.17,30.17,29.13,30.17,418500,30.17
2006-07-10,30.48,31.00,30.08,30.13,145500,30.13
2006-07-07,31.75,32.04,30.46,30.46,168300,30.46
2006-07-06,32.19,32.31,31.47,32.00,175300,32.00
2006-07-05,33.24,33.24,31.98,32.21,147000,32.21
2006-07-03,31.86,33.38,31.86,33.16,74600,33.16
2006-06-30,30.99,31.85,30.80,31.85,737600,31.85
2006-06-29,29.13,31.47,29.05,30.74,385300,30.74
2006-06-28,28.92,29.80,28.16,28.81,204400,28.81
2006-06-27,29.95,30.03,28.35,28.51,122200,28.51
2006-06-26,29.68,30.2899,29.50,29.79,80700,29.79
2006-06-23,29.36,30.00,29.36,29.68,95200,29.68
2006-06-22,29.96,30.90,28.81,29.67,209400,29.67
2006-06-21,27.00,30.35,26.90,30.15,453900,30.15
2006-06-20,26.91,27.17,26.80,26.90,208800,26.90
2006-06-19,27.38,27.38,26.20,26.91,156900,26.91
2006-06-16,27.92,28.09,27.17,27.38,206800,27.38
2006-06-15,27.03,28.70,26.75,27.90,256000,27.90
2006-06-14,27.43,27.57,26.90,27.57,118200,27.57
2006-06-13,27.45,27.75,25.93,27.25,226800,27.25
2006-06-12,28.85,28.85,27.60,27.78,139100,27.78
2006-06-09,28.61,29.21,27.85,28.85,253500,28.85
2006-06-08,27.71,28.62,27.71,28.62,391000,28.62
2006-06-07,29.16,29.29,27.78,27.88,396700,27.88
2006-06-06,30.22,30.22,28.88,29.05,319200,29.05
2006-06-05,31.59,31.59,30.06,30.33,159000,30.33
2006-06-02,31.53,33.71,31.43,31.57,198400,31.57
2006-06-01,30.10,31.90,30.10,31.90,139900,31.90
2006-05-31,31.64,32.40,29.32,30.30,331900,30.30
2006-05-30,33.14,33.47,31.31,31.65,116700,31.65
2006-05-26,31.31,33.55,31.21,32.97,130700,32.97
2006-05-25,32.54,33.00,31.03,31.63,182500,31.63
2006-05-24,32.47,32.90,32.08,32.19,78200,32.19
2006-05-23,32.70,34.57,31.90,32.48,102100,32.48
2006-05-22,32.72,32.91,31.50,32.51,147700,32.51
2006-05-19,32.48,33.66,32.31,32.90,160600,32.90
2006-05-18,31.74,32.71,30.60,32.19,168000,32.19
2006-05-17,31.95,32.02,31.35,31.79,135700,31.79
2006-05-16,33.14,33.82,32.04,32.08,96000,32.08
2006-05-15,33.18,33.55,32.26,33.00,96900,33.00
2006-05-12,33.65,34.12,33.02,33.31,107200,33.31
2006-05-11,34.75,35.43,33.77,35.43,210400,35.43
2006-05-10,35.97,36.90,34.5001,34.65,112400,34.65
2006-05-09,36.83,36.94,35.50,35.97,145500,35.97
2006-05-08,37.36,37.36,36.28,36.83,99100,36.83
2006-05-05,36.00,38.40,35.76,37.40,199700,37.40
2006-05-04,35.15,36.40,34.69,35.88,112400,35.88
2006-05-03,34.24,35.50,33.80,35.39,197100,35.39
2006-05-02,31.49,35.25,31.221,33.99,730500,33.99
2006-05-01,33.09,33.41,32.89,33.29,273300,33.29
2006-04-28,32.22,33.28,31.97,33.23,155800,33.23
2006-04-27,32.40,33.27,32.12,32.26,89000,32.26
2006-04-26,33.41,33.63,32.3401,32.58,51200,32.58
2006-04-25,32.66,33.44,32.49,33.26,63600,33.26
2006-04-24,33.58,33.98,32.50,33.98,63200,33.98
2006-04-21,33.86,34.20,33.20,33.48,49400,33.48
2006-04-20,33.53,34.10,33.35,33.56,74800,33.56
2006-04-19,34.13,35.28,33.20,33.53,169400,33.53
2006-04-18,32.31,33.94,32.18,33.79,83700,33.79
2006-04-17,32.55,33.21,31.90,32.07,63300,32.07
2006-04-13,30.63,32.86,30.63,32.54,138500,32.54
2006-04-12,30.91,31.87,30.1456,30.56,98200,30.56
2006-04-11,31.29,31.4599,30.75,31.21,311900,31.21
2006-04-10,29.96,31.50,29.72,31.09,215700,31.09
2006-04-07,32.25,32.59,29.93,30.31,210600,30.31
2006-04-06,31.57,32.24,31.16,32.22,104300,32.22
2006-04-05,31.85,31.85,30.86,31.39,60100,31.39
2006-04-04,31.40,31.75,30.20,31.66,75900,31.66
2006-04-03,30.60,32.065,30.60,31.46,149400,31.46
2006-03-31,30.73,31.13,30.36,30.75,200800,30.75
2006-03-30,30.35,30.74,29.91,30.64,77400,30.64
2006-03-29,29.79,30.46,29.51,30.21,53400,30.21
2006-03-28,29.16,29.69,28.92,29.61,87700,29.61
2006-03-27,30.18,30.20,28.68,29.31,127500,29.31
2006-03-24,30.27,30.27,29.06,30.07,77400,30.07
2006-03-23,31.09,31.09,30.04,30.18,147100,30.18
2006-03-22,30.15,31.30,29.95,30.85,225900,30.85
2006-03-21,29.00,31.00,28.94,30.11,278000,30.11
2006-03-20,29.00,30.00,28.76,29.01,232700,29.01
2006-03-17,27.55,29.36,27.03,28.91,164800,28.91
2006-03-16,28.88,29.00,27.15,27.41,345900,27.41
2006-03-15,29.49,29.49,28.75,28.84,84600,28.84
2006-03-14,29.50,29.676,29.49,29.676,189400,29.676
2006-03-13,28.97,29.72,28.57,29.528,111800,29.528
2006-03-10,28.17,28.82,28.00,28.75,197300,28.75
2006-03-09,28.27,28.40,27.90,28.10,246300,28.10
2006-03-08,27.45,28.50,27.45,28.10,1904100,28.10
2006-03-07,27.53,27.90,27.21,27.55,140000,27.55
2006-03-06,27.26,27.50,27.26,27.50,128800,27.50
2006-03-03,27.30,27.50,26.99,27.12,159300,27.12
2006-03-02,26.60,27.37,26.60,27.30,43400,27.30
2006-03-01,26.73,26.95,26.61,26.74,27500,26.74
2006-02-28,26.6501,26.94,26.26,26.72,73800,26.72
2006-02-27,25.90,26.68,25.90,26.58,38200,26.58
2006-02-24,25.68,26.00,25.09,25.99,32800,25.99
2006-02-23,25.20,25.94,25.11,25.32,51900,25.32
2006-02-22,25.11,26.20,25.00,25.17,51000,25.17
2006-02-21,24.94,25.22,24.57,25.01,38900,25.01
2006-02-17,25.41,25.58,24.65,25.37,26000,25.37
2006-02-16,24.65,25.664,24.65,25.21,25200,25.21
2006-02-15,24.86,25.00,24.63,24.96,36700,24.96
2006-02-14,24.75,25.26,23.85,24.61,108500,24.61
2006-02-13,25.65,25.65,23.70,24.57,127000,24.57
2006-02-10,25.65,26.20,25.311,25.57,92800,25.57
2006-02-09,25.18,26.77,24.99,26.00,141900,26.00
2006-02-08,23.70,25.16,23.70,25.03,274400,25.03
2006-02-07,23.60,23.69,23.295,23.50,112900,23.50
2006-02-06,23.66,24.08,23.55,23.64,26000,23.64
2006-02-03,23.5601,23.90,23.15,23.55,76900,23.55
2006-02-02,23.85,23.88,23.40,23.75,57400,23.75
2006-02-01,24.05,24.33,23.91,24.00,90500,24.00
2006-01-31,23.28,24.35,23.28,24.05,110900,24.05
2006-01-30,21.93,23.60,21.93,23.60,136700,23.60
2006-01-27,22.15,22.25,21.87,22.18,240500,22.18
2006-01-26,22.21,22.50,22.11,22.17,143200,22.17
2006-01-25,22.06,22.17,22.00,22.10,93500,22.10
2006-01-24,21.92,22.14,21.85,21.90,90000,21.90
2006-01-23,22.10,22.10,21.90,21.90,322600,21.90
2006-01-20,22.39,22.39,22.09,22.13,34200,22.13
2006-01-19,22.25,22.27,21.94,22.24,65400,22.24
2006-01-18,21.86,22.48,21.00,22.25,69300,22.25
2006-01-17,23.05,23.05,21.92,22.06,49200,22.06
2006-01-13,22.81,23.10,22.81,22.99,35000,22.99
2006-01-12,23.00,23.30,22.94,23.00,64700,23.00
2006-01-11,23.09,23.39,22.80,23.20,331100,23.20
2006-01-10,23.00,23.25,22.53,23.19,53200,23.19
2006-01-09,22.43,23.40,22.37,22.91,136400,22.91
2006-01-06,22.25,22.31,21.90,22.21,71400,22.21
2006-01-05,21.46,22.50,21.45,21.96,163100,21.96
2006-01-04,21.15,21.42,21.00,21.34,63700,21.34
2006-01-03,21.26,21.26,20.40,21.10,166300,21.10
2005-12-30,21.61,21.61,21.00,21.10,60700,21.10
2005-12-29,20.25,21.54,20.25,21.54,177100,21.54
2005-12-28,20.54,20.54,19.51,20.13,92100,20.13
2005-12-27,20.35,20.80,20.35,20.54,68500,20.54
2005-12-23,19.57,21.20,19.57,21.03,165700,21.03
2005-12-22,18.80,20.00,18.80,19.50,219600,19.50
2005-12-21,17.88,18.38,17.88,18.21,23900,18.21
2005-12-20,17.90,17.97,17.81,17.96,27700,17.96
2005-12-19,17.91,18.07,17.62,17.80,13900,17.80
2005-12-16,17.66,18.10,17.40,17.64,58600,17.64
2005-12-15,17.74,17.74,17.53,17.74,30500,17.74
2005-12-14,17.96,17.96,17.45,17.72,3500,17.72
2005-12-13,18.05,18.05,17.72,17.88,1500,17.88
2005-12-12,18.69,18.69,18.04,18.69,14200,18.69
2005-12-09,18.61,18.61,18.40,18.50,6700,18.50
2005-12-08,18.41,19.00,18.28,18.35,13300,18.35
2005-12-07,18.55,18.79,18.25,18.41,19000,18.41
2005-12-06,17.44,18.98,17.40,18.77,65700,18.77
2005-12-05,16.99,17.24,16.99,17.16,5000,17.16
2005-12-02,16.31,16.89,16.31,16.89,7100,16.89
2005-12-01,17.04,17.35,16.25,16.55,24300,16.55
2005-11-30,16.70,17.05,16.70,16.91,20900,16.91
2005-11-29,18.14,18.18,16.75,16.86,35700,16.86
2005-11-28,19.38,19.44,18.05,18.27,88600,18.27
2005-11-25,19.36,19.36,19.00,19.15,6800,19.15
2005-11-23,19.12,19.25,19.00,19.24,23500,19.24
2005-11-22,18.60,19.25,18.60,19.25,54200,19.25
2005-11-21,17.84,18.57,17.84,18.45,10000,18.45
2005-11-18,17.08,17.93,16.25,17.71,57500,17.71
2005-11-17,17.65,18.50,17.65,18.05,12200,18.05
2005-11-16,18.75,18.75,17.41,17.66,28200,17.66
2005-11-15,18.85,19.10,18.64,18.76,12200,18.76
2005-11-14,18.95,19.23,18.88,18.94,44900,18.94
2005-11-11,19.10,19.10,19.00,19.00,34200,19.00
2005-11-10,19.17,19.17,18.90,18.92,41400,18.92
2005-11-09,18.78,19.15,18.78,19.03,134400,19.03
2005-11-08,18.56,19.10,18.44,18.79,21400,18.79
2005-11-07,18.42,18.90,18.42,18.79,21400,18.79
2005-11-04,18.64,18.64,18.00,18.35,25900,18.35
2005-11-03,17.63,19.60,17.30,18.40,114000,18.40
2005-11-02,16.75,17.75,16.75,17.50,150100,17.50
2005-11-01,16.55,16.75,16.31,16.53,34700,16.53
2005-10-31,15.40,16.73,15.35,16.73,18800,16.73
2005-10-28,14.55,15.66,14.55,15.43,21900,15.43
2005-10-27,15.23,15.31,14.40,14.57,51400,14.57
2005-10-26,14.50,15.54,14.50,15.50,47600,15.50
2005-10-25,14.50,14.75,14.22,14.75,70700,14.75
2005-10-24,14.25,14.40,14.25,14.40,5900,14.40
2005-10-21,14.04,14.33,14.00,14.15,59800,14.15
2005-10-20,14.025,14.58,14.025,14.58,73000,14.58
2005-10-19,13.79,14.10,13.79,14.05,19200,14.05
2005-10-18,14.02,14.175,13.96,14.175,13800,14.175
2005-10-17,14.30,14.30,14.10,14.12,21600,14.12
2005-10-14,14.20,14.28,14.02,14.20,26200,14.20
2005-10-13,14.30,14.30,13.80,14.06,12600,14.06
2005-10-12,14.13,14.35,14.10,14.28,6900,14.28
2005-10-11,14.28,14.48,14.14,14.14,15200,14.14
2005-10-10,14.22,14.38,14.16,14.23,6500,14.23
2005-10-07,13.50,14.45,13.50,14.23,21800,14.23
2005-10-06,14.09,14.15,13.30,13.40,14500,13.40
2005-10-05,14.57,14.77,13.84,13.85,91400,13.85
2005-10-04,14.34,14.88,14.01,14.70,19100,14.70
2005-10-03,13.10,14.50,13.00,14.23,74800,14.23
2005-09-30,14.55,14.55,12.52,12.52,244700,12.52
2005-09-29,14.13,14.40,14.09,14.37,20600,14.37
2005-09-28,13.795,14.03,13.795,14.03,7900,14.03
2005-09-27,14.02,14.09,13.75,13.75,10400,13.75
2005-09-26,14.70,14.70,14.07,14.07,24500,14.07
2005-09-23,14.30,15.06,14.09,14.42,28500,14.42
2005-09-22,14.15,14.30,14.10,14.30,37900,14.30
2005-09-21,14.16,14.20,13.93,14.00,11000,14.00
2005-09-20,14.25,14.33,14.07,14.15,30100,14.15
2005-09-19,14.91,14.91,14.18,14.40,36800,14.40
2005-09-16,14.40,14.60,14.268,14.60,4300,14.60
2005-09-15,14.95,15.00,14.18,14.36,17600,14.36
2005-09-14,14.75,15.03,14.33,14.72,21400,14.72
2005-09-13,14.76,15.00,14.71,14.80,10100,14.80
2005-09-12,15.05,15.18,14.80,14.99,18400,14.99
2005-09-09,14.95,15.19,14.92,15.17,16500,15.17
2005-09-08,14.80,15.15,14.55,15.14,31400,15.14
2005-09-07,14.60,15.35,14.60,14.85,17700,14.85
2005-09-06,13.93,14.70,13.93,14.70,29400,14.70
2005-09-02,13.70,13.79,13.65,13.67,15500,13.67
2005-09-01,13.70,13.70,13.47,13.502,16800,13.502
2005-08-31,13.70,13.70,13.45,13.60,12600,13.60
2005-08-30,13.39,13.70,13.39,13.59,16200,13.59
2005-08-29,14.53,14.72,13.30,13.50,139800,13.50
2005-08-26,14.25,14.59,14.25,14.59,2300,14.59
2005-08-25,14.45,14.50,14.27,14.44,47100,14.44
2005-08-24,14.55,14.72,14.36,14.40,66000,14.40
2005-08-23,14.20,14.51,14.01,14.40,3900,14.40
2005-08-22,14.60,14.60,13.40,14.19,49600,14.19
2005-08-19,14.50,14.79,14.50,14.68,14100,14.68
2005-08-18,15.00,15.20,14.74,14.75,19700,14.75
2005-08-17,15.65,15.65,15.06,15.26,13200,15.26
2005-08-16,15.50,15.72,15.50,15.72,10800,15.72
2005-08-15,15.90,16.20,15.36,15.60,84900,15.60
2005-08-12,15.50,15.98,14.56,15.89,10900,15.89
2005-08-11,15.75,15.98,15.21,15.548,4800,15.548
2005-08-10,15.24,15.97,15.211,15.91,24200,15.91
2005-08-09,14.03,15.60,14.03,15.13,187200,15.13
2005-08-08,13.48,14.10,13.10,13.94,57100,13.94
2005-08-05,13.25,13.25,12.75,13.24,37100,13.24
2005-08-04,13.35,13.45,12.81,12.85,78000,12.85
2005-08-03,11.94,12.00,11.71,11.80,47600,11.80
2005-08-02,12.50,12.50,11.75,11.80,36100,11.80
2005-08-01,12.80,12.95,12.26,12.39,64400,12.39
2005-07-29,13.30,13.30,12.66,12.84,17700,12.84
2005-07-28,13.45,13.45,13.30,13.40,14400,13.40
2005-07-27,13.20,13.64,13.20,13.36,46000,13.36
2005-07-26,12.82,13.01,12.80,13.00,120200,13.00
2005-07-25,13.00,13.00,12.85,13.00,10000,13.00
2005-07-22,12.99,13.00,12.95,13.00,10200,13.00
2005-07-21,12.95,12.95,12.75,12.95,12100,12.95
2005-07-20,12.81,13.00,12.81,13.00,1700,13.00
2005-07-19,12.95,12.95,12.80,12.81,4600,12.81
2005-07-18,12.70,13.01,12.52,12.72,27800,12.72
2005-07-15,12.99,13.15,12.45,12.74,32400,12.74
2005-07-14,13.08,13.10,12.99,13.00,13500,13.00
2005-07-13,13.05,13.10,12.99,13.00,24700,13.00
2005-07-12,13.50,13.58,13.05,13.05,61900,13.05
2005-07-11,13.55,13.85,13.00,13.45,40800,13.45
2005-07-08,13.14,13.90,13.03,13.54,183000,13.54
2005-07-07,12.90,13.29,12.80,13.01,53300,13.01
2005-07-06,12.78,13.05,12.75,12.97,108800,12.97
2005-07-05,13.10,13.13,12.75,12.95,9900,12.95
2005-07-01,13.20,13.30,13.00,13.09,61900,13.09
2005-06-30,13.10,13.20,13.00,13.20,134900,13.20
2005-06-29,12.80,13.38,12.75,13.07,103100,13.07
2005-06-28,12.251,12.75,12.251,12.68,34600,12.68
2005-06-27,12.20,12.50,12.12,12.29,60400,12.29
2005-06-24,12.06,12.25,11.99,12.05,1213000,12.05
