Date,Open,High,Low,Close,Volume,Adj Close
2016-04-15,0.007,0.008,0.007,0.008,4700,0.008
2016-04-14,0.008,0.008,0.008,0.008,400,0.008
2016-04-13,0.007,0.007,0.007,0.007,10500,0.007
2016-04-12,0.007,0.007,0.007,0.007,1700,0.007
2016-04-11,0.007,0.007,0.007,0.007,8000,0.007
2016-04-08,0.007,0.007,0.007,0.007,000,0.007
2016-04-07,0.007,0.007,0.007,0.007,25200,0.007
2016-04-06,0.007,0.007,0.007,0.007,12600,0.007
2016-04-05,0.007,0.007,0.007,0.007,3000,0.007
2016-04-04,0.008,0.009,0.007,0.009,45900,0.009
2016-04-01,0.008,0.009,0.008,0.009,23800,0.009
2016-03-31,0.008,0.009,0.008,0.009,12900,0.009
2016-03-30,0.008,0.009,0.008,0.008,12100,0.008
2016-03-29,0.008,0.008,0.008,0.008,000,0.008
2016-03-28,0.008,0.008,0.008,0.008,000,0.008
2016-03-24,0.008,0.015,0.007,0.008,350700,0.008
2016-03-23,0.008,0.009,0.008,0.008,7200,0.008
2016-03-22,0.012,0.014,0.009,0.009,41100,0.009
2016-03-21,0.006,0.02,0.006,0.02,385300,0.02
2016-03-18,0.006,0.008,0.006,0.007,153600,0.007
2016-03-17,0.006,0.007,0.006,0.006,28900,0.006
2016-03-16,0.007,0.007,0.006,0.006,3500,0.006
2016-03-15,0.007,0.007,0.006,0.006,30600,0.006
2016-03-14,0.008,0.008,0.007,0.007,137500,0.007
2016-03-11,0.008,0.008,0.008,0.008,000,0.008
2016-03-10,0.007,0.008,0.007,0.008,100900,0.008
2016-03-09,0.006,0.008,0.006,0.008,65300,0.008
2016-03-08,0.01,0.011,0.006,0.008,452200,0.008
2016-03-07,0.01,0.012,0.006,0.011,475800,0.011
2016-03-04,0.009,0.02,0.006,0.01,150800,0.01
2016-03-03,0.006,0.009,0.006,0.009,22200,0.009
2016-03-02,0.006,0.007,0.006,0.007,132500,0.007
2016-03-01,0.006,0.01,0.006,0.009,82200,0.009
2016-02-29,0.05,0.05,0.006,0.007,8900,0.007
2016-02-26,0.005,0.007,0.005,0.007,5900,0.007
2016-02-25,0.006,0.007,0.005,0.007,46300,0.007
2016-02-24,0.005,0.005,0.005,0.005,7600,0.005
2016-02-23,0.008,0.008,0.005,0.007,43600,0.007
2016-02-22,0.006,0.01,0.006,0.01,700,0.01
2016-02-19,0.008,0.008,0.006,0.008,18000,0.008
2016-02-18,0.005,0.009,0.005,0.009,64900,0.009
2016-02-17,0.006,0.007,0.006,0.007,91900,0.007
2016-02-16,0.007,0.007,0.005,0.005,18900,0.005
2016-02-12,0.006,0.006,0.006,0.006,2000,0.006
2016-02-11,0.005,0.005,0.005,0.005,2500,0.005
2016-02-10,0.007,0.008,0.006,0.008,130400,0.008
2016-02-09,0.009,0.009,0.006,0.009,6000,0.009
2016-02-08,0.012,0.012,0.006,0.006,4700,0.006
2016-02-05,0.006,0.007,0.006,0.006,72000,0.006
2016-02-04,0.006,0.006,0.006,0.006,4000,0.006
2016-02-03,0.008,0.008,0.006,0.007,31300,0.007
2016-02-02,0.007,0.007,0.007,0.007,4700,0.007
2016-02-01,0.006,0.006,0.006,0.006,12500,0.006
2016-01-29,0.008,0.008,0.006,0.008,7300,0.008
2016-01-28,0.008,0.008,0.008,0.008,000,0.008
2016-01-27,0.008,0.008,0.006,0.008,291000,0.008
2016-01-26,0.008,0.008,0.008,0.008,4000,0.008
2016-01-25,0.008,0.008,0.008,0.008,300,0.008
2016-01-22,0.008,0.01,0.007,0.009,62900,0.009
2016-01-21,0.008,0.008,0.007,0.007,3800,0.007
2016-01-20,0.007,0.012,0.007,0.008,119500,0.008
2016-01-19,0.01,0.01,0.007,0.008,143400,0.008
2016-01-15,0.007,0.01,0.007,0.01,59300,0.01
2016-01-14,0.007,0.012,0.007,0.01,68900,0.01
2016-01-13,0.009,0.009,0.007,0.008,17100,0.008
2016-01-12,0.007,0.009,0.007,0.007,104000,0.007
2016-01-11,0.01,0.01,0.008,0.008,119900,0.008
2016-01-08,0.009,0.015,0.008,0.01,232900,0.01
2016-01-07,0.006,0.05,0.006,0.01,21700,0.01
2016-01-06,0.008,0.012,0.008,0.012,65100,0.012
2016-01-05,0.008,0.008,0.008,0.008,2100,0.008
2016-01-04,0.012,0.013,0.006,0.012,211700,0.012
2015-12-31,0.006,0.014,0.006,0.014,312000,0.014
2015-12-30,0.006,0.007,0.006,0.007,181900,0.007
2015-12-29,0.006,0.008,0.006,0.006,101600,0.006
2015-12-28,0.005,0.007,0.005,0.006,111900,0.006
2015-12-24,0.006,0.008,0.006,0.006,50600,0.006
2015-12-23,0.007,0.008,0.006,0.006,245800,0.006
2015-12-22,0.006,0.008,0.006,0.006,13600,0.006
2015-12-21,0.006,0.009,0.006,0.009,215700,0.009
2015-12-18,0.007,0.009,0.006,0.009,207600,0.009
2015-12-17,0.009,0.01,0.007,0.01,379600,0.01
2015-12-16,0.008,0.017,0.008,0.015,1025500,0.015
2015-12-15,0.009,0.011,0.008,0.008,215800,0.008
2015-12-14,0.009,0.009,0.009,0.009,7200,0.009
2015-12-11,0.012,0.012,0.009,0.009,453700,0.009
2015-12-10,0.012,0.017,0.012,0.017,52000,0.017
2015-12-09,0.01,0.011,0.01,0.011,18700,0.011
2015-12-08,0.011,0.011,0.011,0.011,1000,0.011
2015-12-07,0.011,0.014,0.01,0.011,42100,0.011
2015-12-04,0.013,0.014,0.013,0.013,45100,0.013
2015-12-03,0.013,0.014,0.013,0.013,41100,0.013
2015-12-02,0.013,0.013,0.013,0.013,18200,0.013
2015-12-01,0.013,0.016,0.013,0.013,26700,0.013
2015-11-30,0.016,0.016,0.013,0.013,55200,0.013
2015-11-27,0.013,0.016,0.013,0.016,7100,0.016
2015-11-25,0.013,0.021,0.013,0.021,48600,0.021
2015-11-24,0.013,0.013,0.013,0.013,18600,0.013
2015-11-23,0.013,0.014,0.013,0.014,42000,0.014
2015-11-20,0.014,0.018,0.013,0.013,66500,0.013
2015-11-19,0.013,0.015,0.013,0.014,37000,0.014
2015-11-18,0.014,0.015,0.013,0.013,3300,0.013
2015-11-17,0.014,0.016,0.014,0.015,75800,0.015
2015-11-16,0.016,0.02,0.014,0.014,46200,0.014
2015-11-13,0.014,0.016,0.014,0.016,7800,0.016
2015-11-12,0.014,0.039,0.014,0.016,35000,0.016
2015-11-11,0.017,0.017,0.013,0.014,57800,0.014
2015-11-10,0.014,0.014,0.014,0.014,2000,0.014
2015-11-09,0.013,0.018,0.013,0.018,53400,0.018
2015-11-06,0.013,0.015,0.013,0.015,28700,0.015
2015-11-05,0.014,0.021,0.014,0.014,16000,0.014
2015-11-04,0.014,0.017,0.012,0.017,7700,0.017
2015-11-03,0.014,0.015,0.014,0.015,20700,0.015
2015-11-02,0.015,0.018,0.015,0.016,37100,0.016
2015-10-30,0.016,0.022,0.014,0.015,199100,0.015
2015-10-29,0.02,0.021,0.013,0.016,98000,0.016
2015-10-28,0.011,0.026,0.011,0.026,414200,0.026
2015-10-27,0.014,0.015,0.012,0.012,70800,0.012
2015-10-26,0.017,0.017,0.014,0.017,76300,0.017
2015-10-23,0.021,0.021,0.012,0.02,116800,0.02
2015-10-22,0.012,0.021,0.011,0.011,14900,0.011
2015-10-21,0.013,0.019,0.013,0.019,244200,0.019
2015-10-20,0.014,0.019,0.014,0.019,8100,0.019
2015-10-19,0.013,0.021,0.013,0.021,64700,0.021
2015-10-16,0.029,0.029,0.014,0.022,1600,0.022
2015-10-15,0.017,0.04,0.017,0.02,16000,0.02
2015-10-14,0.018,0.018,0.014,0.018,8000,0.018
2015-10-13,0.012,0.048,0.012,0.02,103700,0.02
2015-10-12,0.024,0.024,0.024,0.024,30000,0.024
2015-10-09,0.015,0.025,0.015,0.025,500,0.025
2015-10-08,0.014,0.014,0.014,0.014,6100,0.014
2015-10-07,0.015,0.025,0.015,0.016,216600,0.016
2015-10-06,0.015,0.015,0.015,0.015,2700,0.015
2015-10-05,0.01,0.015,0.01,0.015,63300,0.015
2015-10-02,0.01,0.017,0.01,0.012,21600,0.012
2015-10-01,0.012,0.015,0.01,0.01,30900,0.01
2015-09-30,0.013,0.02,0.013,0.017,81200,0.017
2015-09-29,0.01,0.014,0.01,0.014,19100,0.014
2015-09-28,0.02,0.02,0.013,0.013,247300,0.013
2015-09-25,0.019,0.02,0.011,0.011,53200,0.011
2015-09-24,0.02,0.02,0.015,0.019,28500,0.019
2015-09-23,0.025,0.025,0.009,0.009,800,0.009
2015-09-22,0.009,0.009,0.009,0.009,32300,0.009
2015-09-21,0.009,0.021,0.009,0.01,35400,0.01
2015-09-18,0.016,0.024,0.008,0.008,163400,0.008
2015-09-17,0.017,0.017,0.016,0.016,55200,0.016
2015-09-16,0.017,0.017,0.017,0.017,7000,0.017
2015-09-15,0.017,0.017,0.017,0.017,8100,0.017
2015-09-14,0.018,0.018,0.017,0.017,33300,0.017
2015-09-11,0.018,0.018,0.018,0.018,500,0.018
2015-09-10,0.024,0.024,0.018,0.018,5600,0.018
2015-09-09,0.02,0.02,0.02,0.02,8300,0.02
2015-09-08,0.018,0.018,0.018,0.018,22000,0.018
2015-09-04,0.018,0.018,0.018,0.018,000,0.018
2015-09-03,0.024,0.024,0.018,0.018,4600,0.018
2015-09-02,0.022,0.023,0.02,0.023,300200,0.023
2015-09-01,0.017,0.023,0.017,0.023,72700,0.023
2015-08-31,0.016,0.016,0.016,0.016,3900,0.016
2015-08-28,0.018,0.018,0.016,0.016,19600,0.016
2015-08-27,0.016,0.018,0.015,0.015,114500,0.015
2015-08-26,0.014,0.014,0.014,0.014,8000,0.014
2015-08-25,0.017,0.017,0.014,0.017,15300,0.017
2015-08-24,0.017,0.02,0.016,0.016,214000,0.016
2015-08-21,0.02,0.02,0.017,0.017,1500,0.017
2015-08-20,0.013,0.023,0.013,0.023,15000,0.023
2015-08-19,0.017,0.022,0.017,0.017,12700,0.017
2015-08-18,0.023,0.023,0.017,0.017,9800,0.017
2015-08-17,0.015,0.025,0.015,0.025,50500,0.025
2015-08-14,0.025,0.025,0.015,0.015,9300,0.015
2015-08-13,0.027,0.027,0.027,0.027,000,0.027
2015-08-12,0.027,0.027,0.027,0.027,4000,0.027
2015-08-11,0.013,0.02,0.013,0.02,5200,0.02
2015-08-10,0.014,0.02,0.013,0.02,466300,0.02
2015-08-07,0.027,0.027,0.016,0.016,6000,0.016
2015-08-06,0.016,0.03,0.015,0.027,39500,0.027
2015-08-05,0.015,0.027,0.015,0.027,8900,0.027
2015-08-04,0.015,0.027,0.015,0.02,139100,0.02
2015-08-03,0.013,0.027,0.013,0.027,4700,0.027
2015-07-31,0.014,0.027,0.014,0.027,17300,0.027
2015-07-30,0.023,0.027,0.013,0.027,197800,0.027
2015-07-29,0.025,0.025,0.023,0.023,5700,0.023
2015-07-28,0.015,0.025,0.013,0.015,65100,0.015
2015-07-27,0.02,0.02,0.015,0.015,455100,0.015
2015-07-24,0.027,0.03,0.013,0.013,37100,0.013
2015-07-23,0.016,0.038,0.013,0.013,1488200,0.013
2015-07-22,0.008,0.016,0.008,0.016,81900,0.016
2015-07-21,0.014,0.02,0.008,0.009,64700,0.009
2015-07-20,0.014,0.016,0.014,0.016,82200,0.016
2015-07-17,0.01,0.016,0.01,0.014,180600,0.014
2015-07-16,0.012,0.016,0.012,0.016,147300,0.016
2015-07-15,0.01,0.01,0.01,0.01,7300,0.01
2015-07-14,0.01,0.012,0.01,0.01,56500,0.01
2015-07-13,0.01,0.016,0.01,0.01,17800,0.01
2015-07-10,0.01,0.016,0.01,0.016,12300,0.016
2015-07-09,0.007,0.012,0.007,0.01,130100,0.01
2015-07-08,0.012,0.012,0.012,0.012,19000,0.012
2015-07-07,0.011,0.012,0.007,0.012,33300,0.012
2015-07-06,0.011,0.013,0.007,0.007,65000,0.007
2015-07-02,0.013,0.014,0.012,0.012,34800,0.012
2015-07-01,0.01,0.012,0.01,0.012,31500,0.012
2015-06-30,0.017,0.017,0.013,0.013,62000,0.013
2015-06-29,0.013,0.016,0.012,0.016,233600,0.016
2015-06-26,0.011,0.015,0.011,0.012,749100,0.012
2015-06-25,0.007,0.016,0.007,0.012,293800,0.012
2015-06-24,0.01,0.016,0.01,0.014,410100,0.014
2015-06-23,0.015,0.019,0.014,0.019,489100,0.019
2015-06-22,0.021,0.021,0.017,0.018,487600,0.018
2015-06-19,0.017,0.025,0.017,0.017,78000,0.017
2015-06-18,0.023,0.029,0.017,0.017,407400,0.017
2015-06-17,0.029,0.029,0.015,0.029,91000,0.029
2015-06-16,0.02,0.03,0.015,0.015,113400,0.015
2015-06-15,0.023,0.03,0.019,0.019,72500,0.019
2015-06-12,0.026,0.03,0.023,0.023,220700,0.023
2015-06-11,0.02,0.025,0.02,0.024,58000,0.024
2015-06-10,0.013,0.025,0.013,0.025,61100,0.025
2015-06-09,0.02,0.026,0.02,0.02,76400,0.02
2015-06-08,0.021,0.03,0.021,0.026,336600,0.026
2015-06-05,0.029,0.029,0.029,0.029,4000,0.029
2015-06-04,0.022,0.03,0.022,0.029,217700,0.029
2015-06-03,0.03,0.03,0.025,0.025,29000,0.025
2015-06-02,0.03,0.03,0.022,0.023,40300,0.023
2015-06-01,0.025,0.027,0.024,0.025,205500,0.025
2015-05-29,0.02,0.033,0.02,0.02,158900,0.02
2015-05-28,0.024,0.033,0.024,0.024,49000,0.024
2015-05-27,0.033,0.033,0.029,0.029,90200,0.029
2015-05-26,0.03,0.033,0.027,0.033,120400,0.033
2015-05-22,0.022,0.03,0.022,0.03,91300,0.03
2015-05-21,0.03,0.03,0.025,0.027,279000,0.027
2015-05-20,0.03,0.03,0.027,0.03,12600,0.03
2015-05-19,0.03,0.033,0.022,0.033,42800,0.033
2015-05-18,0.03,0.038,0.027,0.027,81500,0.027
2015-05-15,0.032,0.038,0.026,0.038,127100,0.038
2015-05-14,0.025,0.036,0.025,0.034,75800,0.034
2015-05-13,0.028,0.037,0.028,0.037,122600,0.037
2015-05-12,0.029,0.033,0.029,0.029,29700,0.029
2015-05-11,0.029,0.032,0.028,0.028,46800,0.028
2015-05-08,0.031,0.038,0.028,0.028,252900,0.028
2015-05-07,0.033,0.034,0.031,0.031,304500,0.031
2015-05-06,0.039,0.039,0.031,0.032,78500,0.032
2015-05-05,0.036,0.039,0.03,0.039,35000,0.039
2015-05-04,0.031,0.031,0.03,0.03,96400,0.03
2015-05-01,0.03,0.031,0.03,0.031,14800,0.031
2015-04-30,0.033,0.045,0.03,0.03,4800,0.03
2015-04-29,0.036,0.04,0.035,0.036,105800,0.036
2015-04-28,0.037,0.04,0.035,0.035,243500,0.035
2015-04-27,0.037,0.037,0.037,0.037,85600,0.037
2015-04-24,0.04,0.045,0.036,0.038,151700,0.038
2015-04-23,0.04,0.045,0.04,0.04,399100,0.04
2015-04-22,0.037,0.037,0.035,0.035,308800,0.035
2015-04-21,0.036,0.049,0.034,0.037,177000,0.037
2015-04-20,0.049,0.049,0.035,0.036,70500,0.036
2015-04-17,0.049,0.049,0.034,0.048,35700,0.048
2015-04-16,0.033,0.049,0.033,0.048,62400,0.048
2015-04-15,0.036,0.049,0.036,0.037,34500,0.037
2015-04-14,0.049,0.049,0.038,0.049,26400,0.049
2015-04-13,0.03,0.049,0.03,0.049,62000,0.049
2015-04-10,0.033,0.049,0.033,0.045,118700,0.045
2015-04-09,0.036,0.045,0.036,0.045,31700,0.045
2015-04-08,0.035,0.045,0.035,0.036,39100,0.036
2015-04-07,0.035,0.049,0.035,0.035,32800,0.035
2015-04-06,0.025,0.05,0.025,0.035,185200,0.035
2015-04-02,0.022,0.05,0.022,0.032,30600,0.032
2015-04-01,0.037,0.04,0.031,0.032,105400,0.032
2015-03-31,0.041,0.041,0.041,0.041,000,0.041
2015-03-30,0.031,0.041,0.031,0.041,21900,0.041
2015-03-27,0.037,0.04,0.037,0.039,37400,0.039
2015-03-26,0.036,0.045,0.036,0.037,38500,0.037
2015-03-25,0.04,0.045,0.04,0.04,21300,0.04
2015-03-24,0.06,0.06,0.04,0.04,21400,0.04
2015-03-23,0.01,0.043,0.01,0.04,97000,0.04
2015-03-20,0.037,0.048,0.036,0.048,26100,0.048
2015-03-19,0.053,0.053,0.036,0.037,76400,0.037
2015-03-18,0.035,0.045,0.035,0.045,7000,0.045
2015-03-17,0.035,0.046,0.035,0.043,285000,0.043
2015-03-16,0.043,0.043,0.035,0.039,158600,0.039
2015-03-13,0.049,0.049,0.041,0.041,53700,0.041
2015-03-12,0.05,0.05,0.041,0.041,74500,0.041
2015-03-11,0.046,0.055,0.046,0.055,3500,0.055
2015-03-10,0.049,0.055,0.049,0.049,67100,0.049
2015-03-09,0.047,0.047,0.047,0.047,9100,0.047
2015-03-06,0.046,0.055,0.046,0.047,42300,0.047
2015-03-05,0.046,0.055,0.046,0.05,141500,0.05
2015-03-04,0.049,0.055,0.046,0.05,72800,0.05
2015-03-03,0.046,0.046,0.046,0.046,4500,0.046
2015-03-02,0.041,0.054,0.041,0.046,29100,0.046
2015-02-27,0.041,0.045,0.041,0.041,34300,0.041
2015-02-26,0.04,0.055,0.04,0.055,66500,0.055
2015-02-25,0.041,0.059,0.041,0.041,113400,0.041
2015-02-24,0.044,0.044,0.04,0.04,5600,0.04
2015-02-23,0.042,0.048,0.042,0.043,10800,0.043
2015-02-20,0.08,0.08,0.04,0.042,22600,0.042
2015-02-19,0.04,0.055,0.04,0.055,107100,0.055
2015-02-18,0.06,0.06,0.05,0.05,1900,0.05
2015-02-17,0.06,0.06,0.05,0.05,50200,0.05
2015-02-13,0.051,0.055,0.044,0.055,88000,0.055
2015-02-12,0.04,0.05,0.04,0.05,10300,0.05
2015-02-11,0.051,0.064,0.05,0.05,1300,0.05
2015-02-10,0.05,0.066,0.05,0.05,20100,0.05
2015-02-09,0.051,0.066,0.05,0.05,67400,0.05
2015-02-06,0.055,0.055,0.051,0.051,61500,0.051
2015-02-05,0.05,0.06,0.05,0.052,51600,0.052
2015-02-04,0.05,0.06,0.05,0.059,12100,0.059
2015-02-03,0.05,0.064,0.05,0.051,53400,0.051
2015-02-02,0.05,0.053,0.05,0.053,18600,0.053
2015-01-30,0.052,0.067,0.05,0.05,32200,0.05
2015-01-29,0.059,0.067,0.04,0.067,39400,0.067
2015-01-28,0.07,0.07,0.058,0.058,600,0.058
2015-01-27,0.05,0.068,0.05,0.06,85400,0.06
2015-01-26,0.07,0.07,0.06,0.06,130400,0.06
2015-01-23,0.07,0.07,0.07,0.07,000,0.07
2015-01-22,0.055,0.07,0.053,0.07,47300,0.07
2015-01-21,0.058,0.07,0.058,0.058,12200,0.058
2015-01-20,0.053,0.075,0.053,0.058,26800,0.058
2015-01-16,0.075,0.075,0.053,0.075,34900,0.075
2015-01-15,0.05,0.075,0.05,0.07,7000,0.07
2015-01-14,0.05,0.05,0.05,0.05,000,0.05
2015-01-13,0.05,0.08,0.05,0.05,6100,0.05
2015-01-12,0.08,0.08,0.062,0.062,29600,0.062
2015-01-09,0.062,0.07,0.062,0.07,61500,0.07
2015-01-08,0.05,0.08,0.046,0.061,72800,0.061
2015-01-07,0.072,0.085,0.044,0.08,105800,0.08
2015-01-06,0.078,0.078,0.038,0.072,94200,0.072
2015-01-05,0.022,0.052,0.022,0.048,152300,0.048
2015-01-02,0.04,0.059,0.04,0.056,153200,0.056
2014-12-31,0.055,0.064,0.05,0.055,235900,0.055
2014-12-30,0.06,0.07,0.055,0.055,253700,0.055
2014-12-29,0.06,0.07,0.06,0.06,357700,0.06
2014-12-26,0.065,0.07,0.06,0.07,385000,0.07
2014-12-24,0.061,0.07,0.061,0.061,49300,0.061
2014-12-23,0.07,0.07,0.061,0.061,196400,0.061
2014-12-22,0.06,0.085,0.06,0.07,41600,0.07
2014-12-19,0.06,0.085,0.06,0.07,39000,0.07
2014-12-18,0.066,0.075,0.065,0.07,209000,0.07
2014-12-17,0.06,0.079,0.06,0.066,103900,0.066
2014-12-16,0.066,0.085,0.066,0.068,147400,0.068
2014-12-15,0.065,0.09,0.065,0.09,139200,0.09
2014-12-12,0.06,0.08,0.06,0.08,138600,0.08
2014-12-11,0.067,0.08,0.061,0.08,277500,0.08
2014-12-10,0.06,0.09,0.06,0.09,135100,0.09
2014-12-09,0.07,0.084,0.07,0.07,86200,0.07
2014-12-08,0.07,0.075,0.07,0.074,25800,0.074
2014-12-05,0.07,0.089,0.07,0.074,45900,0.074
2014-12-04,0.065,0.09,0.065,0.08,67700,0.08
2014-12-03,0.076,0.09,0.076,0.09,60900,0.09
2014-12-02,0.075,0.10,0.075,0.08,20200,0.08
2014-12-01,0.065,0.10,0.06,0.10,144600,0.10
2014-11-28,0.10,0.10,0.08,0.086,39100,0.086
2014-11-26,0.08,0.10,0.08,0.10,57000,0.10
2014-11-25,0.07,0.10,0.07,0.08,91000,0.08
2014-11-24,0.06,0.085,0.06,0.067,46100,0.067
2014-11-21,0.065,0.10,0.065,0.072,40200,0.072
2014-11-20,0.072,0.10,0.072,0.072,31300,0.072
2014-11-19,0.071,0.071,0.071,0.071,12000,0.071
2014-11-18,0.06,0.071,0.06,0.071,12700,0.071
2014-11-17,0.06,0.10,0.06,0.071,23600,0.071
2014-11-14,0.071,0.08,0.071,0.071,51500,0.071
2014-11-13,0.07,0.10,0.065,0.066,36000,0.066
2014-11-12,0.10,0.10,0.07,0.08,25500,0.08
2014-11-11,0.069,0.095,0.06,0.08,109500,0.08
2014-11-10,0.06,0.10,0.06,0.069,147900,0.069
2014-11-07,0.06,0.10,0.06,0.068,20300,0.068
2014-11-06,0.065,0.10,0.065,0.095,54600,0.095
2014-11-05,0.065,0.10,0.065,0.07,12300,0.07
2014-11-04,0.06,0.10,0.06,0.064,27500,0.064
2014-11-03,0.06,0.08,0.06,0.08,90500,0.08
2014-10-31,0.062,0.077,0.061,0.077,74100,0.077
2014-10-30,0.06,0.063,0.06,0.063,10700,0.063
2014-10-29,0.065,0.08,0.065,0.065,31000,0.065
2014-10-28,0.063,0.079,0.063,0.079,79000,0.079
2014-10-27,0.06,0.078,0.06,0.075,80400,0.075
2014-10-24,0.06,0.065,0.06,0.06,175400,0.06
2014-10-23,0.063,0.08,0.061,0.061,69700,0.061
2014-10-22,0.06,0.08,0.06,0.062,75600,0.062
2014-10-21,0.11,0.11,0.06,0.073,42200,0.073
2014-10-20,0.06,0.08,0.06,0.079,56600,0.079
2014-10-17,0.06,0.069,0.06,0.06,83700,0.06
2014-10-16,0.06,0.099,0.06,0.06,80900,0.06
2014-10-15,0.09,0.099,0.063,0.063,77100,0.063
2014-10-14,0.06,0.099,0.06,0.09,56400,0.09
2014-10-13,0.06,0.099,0.06,0.08,124200,0.08
2014-10-10,0.06,0.099,0.06,0.061,21800,0.061
2014-10-09,0.07,0.10,0.07,0.09,51800,0.09
2014-10-08,0.06,0.07,0.06,0.065,75700,0.065
2014-10-07,0.075,0.108,0.06,0.063,79800,0.063
2014-10-06,0.07,0.10,0.052,0.069,141600,0.069
2014-10-03,0.10,0.109,0.07,0.10,149100,0.10
2014-10-02,0.101,0.109,0.10,0.109,45400,0.109
2014-10-01,0.15,0.15,0.07,0.101,15800,0.101
2014-09-30,0.11,0.115,0.10,0.105,105700,0.105
2014-09-29,0.10,0.113,0.10,0.11,51800,0.11
2014-09-26,0.10,0.114,0.10,0.113,32200,0.113
2014-09-25,0.10,0.105,0.10,0.105,66300,0.105
2014-09-24,0.11,0.115,0.11,0.11,143400,0.11
2014-09-23,0.12,0.12,0.111,0.111,35600,0.111
2014-09-22,0.12,0.12,0.111,0.12,47400,0.12
2014-09-19,0.125,0.15,0.12,0.12,11000,0.12
2014-09-18,0.12,0.13,0.12,0.125,56800,0.125
2014-09-17,0.124,0.15,0.124,0.125,97800,0.125
2014-09-16,0.139,0.15,0.113,0.124,136300,0.124
2014-09-15,0.111,0.139,0.111,0.13,63700,0.13
2014-09-12,0.112,0.13,0.112,0.113,98600,0.113
2014-09-11,0.11,0.14,0.10,0.128,83500,0.128
2014-09-10,0.11,0.14,0.11,0.11,33200,0.11
2014-09-09,0.07,0.14,0.07,0.13,91000,0.13
2014-09-08,0.07,0.13,0.07,0.12,78400,0.12
2014-09-05,0.14,0.14,0.13,0.14,56900,0.14
2014-09-04,0.126,0.15,0.126,0.145,41000,0.145
2014-09-03,0.12,0.13,0.12,0.13,26700,0.13
2014-09-02,0.10,0.15,0.10,0.12,27600,0.12
2014-08-29,0.10,0.14,0.10,0.126,74400,0.126
2014-08-28,0.10,0.15,0.10,0.12,82000,0.12
2014-08-27,0.10,0.125,0.10,0.12,83900,0.12
2014-08-26,0.121,0.138,0.121,0.121,3800,0.121
2014-08-25,0.10,0.13,0.10,0.121,70400,0.121
2014-08-22,0.121,0.135,0.121,0.121,24500,0.121
2014-08-21,0.10,0.13,0.10,0.121,44000,0.121
2014-08-20,0.121,0.14,0.121,0.122,84200,0.122
2014-08-19,0.10,0.15,0.10,0.121,69100,0.121
2014-08-18,0.121,0.121,0.121,0.121,8000,0.121
2014-08-15,0.12,0.14,0.12,0.121,85500,0.121
2014-08-14,0.125,0.145,0.10,0.121,59000,0.121
2014-08-13,0.125,0.13,0.111,0.128,162500,0.128
2014-08-12,0.125,0.155,0.125,0.135,196800,0.135
2014-08-11,0.16,0.16,0.15,0.15,76200,0.15
2014-08-08,0.15,0.15,0.15,0.15,51100,0.15
2014-08-07,0.15,0.16,0.15,0.16,50100,0.16
2014-08-06,0.16,0.16,0.15,0.15,42200,0.15
2014-08-05,0.155,0.16,0.15,0.16,72400,0.16
2014-08-04,0.15,0.155,0.15,0.151,52300,0.151
2014-08-01,0.16,0.16,0.14,0.15,48400,0.15
2014-07-31,0.15,0.161,0.14,0.16,73500,0.16
2014-07-30,0.15,0.17,0.15,0.16,92500,0.16
2014-07-29,0.15,0.17,0.15,0.15,142800,0.15
2014-07-28,0.15,0.17,0.15,0.151,128700,0.151
2014-07-25,0.085,0.18,0.085,0.17,368100,0.17
2014-07-24,0.34,0.345,0.121,0.163,2030800,0.163
2014-07-23,0.36,0.46,0.36,0.402,73600,0.402
2014-07-22,0.46,0.46,0.43,0.44,59700,0.44
2014-07-21,0.40,0.48,0.39,0.46,294900,0.46
2014-07-18,0.40,0.425,0.39,0.39,99800,0.39
2014-07-17,0.44,0.44,0.40,0.40,60500,0.40
2014-07-16,0.49,0.52,0.41,0.45,105400,0.45
2014-07-15,0.40,0.50,0.40,0.46,215500,0.46
2014-07-14,0.41,0.45,0.41,0.44,67100,0.44
2014-07-11,0.47,0.50,0.40,0.44,118200,0.44
2014-07-10,0.34,0.47,0.34,0.47,350400,0.47
2014-07-09,0.32,0.39,0.32,0.35,105600,0.35
2014-07-08,0.35,0.37,0.34,0.34,116900,0.34
2014-07-07,0.345,0.37,0.34,0.36,133000,0.36
2014-07-03,0.37,0.37,0.321,0.345,49200,0.345
2014-07-02,0.321,0.37,0.321,0.35,77900,0.35
2014-07-01,0.32,0.37,0.32,0.342,66000,0.342
2014-06-30,0.33,0.37,0.33,0.35,72500,0.35
2014-06-27,0.32,0.38,0.32,0.34,53000,0.34
2014-06-26,0.34,0.37,0.34,0.34,53800,0.34
2014-06-25,0.35,0.379,0.345,0.347,110900,0.347
2014-06-24,0.36,0.379,0.345,0.365,88000,0.365
2014-06-23,0.39,0.39,0.34,0.36,55400,0.36
2014-06-20,0.33,0.37,0.33,0.37,184800,0.37
2014-06-19,0.35,0.359,0.33,0.33,129000,0.33
2014-06-18,0.34,0.36,0.321,0.35,106200,0.35
2014-06-17,0.349,0.35,0.321,0.33,168900,0.33
2014-06-16,0.32,0.355,0.32,0.35,289800,0.35
2014-06-13,0.39,0.39,0.335,0.38,349000,0.38
2014-06-12,0.35,0.37,0.335,0.36,96000,0.36
2014-06-11,0.35,0.39,0.321,0.321,221900,0.321
2014-06-10,0.35,0.39,0.35,0.36,128900,0.36
2014-06-09,0.35,0.39,0.35,0.37,149100,0.37
2014-06-06,0.37,0.39,0.37,0.37,103400,0.37
2014-06-05,0.37,0.39,0.36,0.37,171600,0.37
2014-06-04,0.36,0.40,0.36,0.37,96600,0.37
2014-06-03,0.37,0.395,0.36,0.376,122900,0.376
2014-06-02,0.321,0.40,0.321,0.40,240300,0.40
2014-05-30,0.411,0.43,0.35,0.36,612500,0.36
2014-05-29,0.43,0.43,0.41,0.41,100900,0.41
2014-05-28,0.39,0.43,0.39,0.41,150900,0.41
2014-05-27,0.43,0.43,0.37,0.43,77600,0.43
2014-05-23,0.35,0.43,0.35,0.40,127600,0.40
2014-05-22,0.36,0.42,0.36,0.416,497100,0.416
2014-05-21,0.35,0.41,0.35,0.372,120200,0.372
2014-05-20,0.37,0.41,0.37,0.39,193900,0.39
2014-05-19,0.44,0.44,0.34,0.40,409500,0.40
2014-05-16,0.30,0.43,0.30,0.40,67800,0.40
2014-05-15,0.38,0.43,0.38,0.395,195600,0.395
2014-05-14,0.42,0.42,0.37,0.39,327100,0.39
2014-05-13,0.43,0.45,0.40,0.42,182300,0.42
2014-05-12,0.59,0.59,0.37,0.45,296500,0.45
2014-05-09,0.37,0.43,0.37,0.41,162400,0.41
2014-05-08,0.38,0.40,0.30,0.39,941300,0.39
2014-05-07,0.45,0.49,0.40,0.41,476600,0.41
2014-05-06,0.55,0.55,0.43,0.49,362000,0.49
2014-05-05,0.50,0.55,0.49,0.53,616300,0.53
2014-05-02,0.56,0.63,0.53,0.55,497100,0.55
2014-05-01,0.58,0.64,0.55,0.63,644300,0.63
2014-04-30,0.67,0.70,0.55,0.65,812200,0.65
2014-04-29,0.68,0.71,0.64,0.69,303400,0.69
2014-04-28,0.80,0.90,0.61,0.68,937000,0.68
2014-04-25,0.89,1.16,0.70,0.80,3214700,0.80
2014-04-24,0.595,0.899,0.55,0.87,1786300,0.87
2014-04-23,0.42,0.63,0.36,0.59,2684400,0.59
2014-04-22,0.235,0.45,0.22,0.41,3805500,0.41
2014-04-21,0.25,0.60,0.21,0.21,5497400,0.21
