Date,Open,High,Low,Close,Volume,Adj Close
2016-04-15,11.92,12.02,11.85,11.95,37500,11.95
2016-04-14,11.89,11.98,11.75,11.90,21300,11.90
2016-04-13,11.54,11.90,11.50,11.89,50200,11.89
2016-04-12,10.99,11.21,10.84,11.21,27700,11.21
2016-04-11,10.90,11.26,10.90,10.98,29700,10.98
2016-04-08,10.89,11.21,10.83,10.85,73700,10.85
2016-04-07,11.29,11.31,10.83,10.89,70200,10.79
2016-04-06,11.55,11.55,11.28,11.38,5800,11.2755
2016-04-05,11.85,11.85,11.06,11.44,14200,11.334949
2016-04-04,12.21,12.29,11.89,11.89,20900,11.780817
2016-04-01,12.30,12.31,11.94,12.27,36200,12.157328
2016-03-31,12.34,12.34,12.25,12.28,2800,12.167236
2016-03-30,12.11,12.39,12.11,12.27,10100,12.157328
2016-03-29,11.73,12.07,11.72,12.07,10200,11.959164
2016-03-28,11.42,11.64,11.42,11.57,4200,11.463755
2016-03-24,11.50,11.50,11.25,11.39,10900,11.285409
2016-03-23,12.06,12.25,11.75,11.75,17000,11.642103
2016-03-22,12.22,12.35,12.10,12.25,4300,12.137511
2016-03-21,12.32,12.43,12.12,12.33,10400,12.216777
2016-03-18,12.43,12.43,12.24,12.25,8400,12.137511
2016-03-17,11.91,12.46,11.91,12.32,16600,12.206868
2016-03-16,11.49,11.87,11.34,11.85,36600,11.741185
2016-03-15,11.33,11.98,10.97,11.42,40900,11.315133
2016-03-14,11.84,11.85,11.63,11.74,31900,11.632194
2016-03-11,11.80,11.91,11.77,11.83,5400,11.721368
2016-03-10,11.53,11.62,11.35,11.37,10700,11.265592
2016-03-09,11.52,11.68,11.29,11.46,52100,11.354766
2016-03-08,11.94,12.07,11.54,11.64,37100,11.306216
2016-03-07,11.79,12.14,11.76,11.97,28700,11.626753
2016-03-04,11.43,11.95,11.43,11.85,54800,11.510194
2016-03-03,11.33,11.55,11.30,11.52,66600,11.189657
2016-03-02,10.94,11.41,10.94,11.40,30500,11.073098
2016-03-01,10.76,11.06,10.71,11.05,32400,10.733135
2016-02-29,10.25,10.66,10.13,10.57,18500,10.266898
2016-02-26,9.80,10.21,9.80,10.19,44600,9.897795
2016-02-25,9.60,9.74,9.49,9.65,17900,9.37328
2016-02-24,9.45,9.65,9.08,9.60,129200,9.324714
2016-02-23,9.88,9.88,9.56,9.57,22000,9.295574
2016-02-22,9.84,9.97,9.79,9.93,103900,9.645251
2016-02-19,9.50,9.89,9.47,9.52,88500,9.247009
2016-02-18,9.80,9.82,9.58,9.82,12700,9.538405
2016-02-17,9.11,9.73,9.11,9.72,50600,9.441273
2016-02-16,8.84,9.04,8.65,9.02,31400,8.761346
2016-02-12,7.91,8.50,7.83,8.50,33200,8.256257
2016-02-11,7.81,7.88,7.50,7.59,18100,7.372352
2016-02-10,8.45,8.75,8.30,8.33,5100,8.091132
2016-02-09,8.41,8.59,8.09,8.43,37800,8.180494
2016-02-08,9.13,9.13,8.28,8.53,30400,8.277534
2016-02-05,9.35,9.63,9.31,9.35,61600,9.073265
2016-02-04,9.03,9.43,9.03,9.37,60900,9.092672
2016-02-03,9.23,9.27,8.73,9.03,148100,8.762735
2016-02-02,9.81,9.81,9.07,9.12,106500,8.850072
2016-02-01,9.39,9.98,9.34,9.87,412700,9.577874
2016-01-29,9.15,9.66,9.14,9.64,437200,9.354681
2016-01-28,9.54,9.61,9.04,9.16,334900,8.888888
2016-01-27,9.55,9.67,9.06,9.44,257100,9.1606
2016-01-26,9.07,9.59,9.07,9.59,153800,9.306161
2016-01-25,9.57,9.77,9.00,9.00,168800,8.733623
2016-01-22,9.06,9.80,9.05,9.80,289900,9.509946
2016-01-21,8.67,9.39,8.63,8.95,245400,8.685103
2016-01-20,8.56,8.86,7.91,8.51,150200,8.258126
2016-01-19,9.39,9.58,8.70,9.00,184800,8.733623
2016-01-15,9.08,9.21,8.77,9.15,240300,8.879183
2016-01-14,9.21,9.71,8.28,9.56,375400,9.277049
2016-01-13,9.98,10.14,9.06,9.43,211400,9.150897
2016-01-12,10.00,10.26,9.50,9.87,209400,9.577874
2016-01-11,10.38,10.62,9.50,9.76,129900,9.47113
2016-01-08,11.08,11.37,10.24,10.24,286000,9.914603
2016-01-07,11.71,11.71,10.59,10.90,340500,10.55363
2016-01-06,12.19,12.35,11.80,11.81,300700,11.434714
2016-01-05,12.59,12.87,12.20,12.20,218600,11.81232
2016-01-04,12.65,12.78,12.10,12.74,40000,12.33516
2015-12-31,12.75,12.76,12.59,12.67,17800,12.267385
2015-12-30,12.78,13.02,12.78,12.86,36000,12.451347
2015-12-29,12.98,13.24,12.69,12.69,37300,12.286749
2015-12-28,13.21,13.56,12.95,12.96,52000,12.54817
2015-12-24,13.55,13.77,13.41,13.44,59000,13.012916
2015-12-23,12.94,13.62,12.85,13.56,127100,13.129104
2015-12-22,12.73,12.94,12.50,12.90,80800,12.490076
2015-12-21,12.60,13.30,12.48,13.30,97900,12.877366
2015-12-18,12.68,13.06,12.57,12.57,75200,12.170563
2015-12-17,12.95,13.37,12.88,13.37,111500,12.945141
2015-12-16,12.80,13.54,12.59,12.71,100400,12.306114
2015-12-15,11.49,12.74,11.46,12.58,66800,12.180245
2015-12-14,12.39,12.57,11.43,11.43,53200,11.066789
2015-12-11,12.91,12.91,12.33,12.36,31100,11.967236
2015-12-10,13.23,13.61,13.23,13.41,24600,12.98387
2015-12-09,13.61,13.71,13.07,13.21,57800,12.790226
2015-12-08,13.55,13.84,13.53,13.64,45300,12.836701
2015-12-07,14.33,14.33,13.79,14.04,33300,13.213144
2015-12-04,14.42,14.60,14.15,14.27,26000,13.429599
2015-12-03,14.71,14.71,14.26,14.28,30200,13.439009
2015-12-02,14.97,14.98,14.50,14.73,64000,13.862507
2015-12-01,14.95,15.03,14.75,14.93,55900,14.050729
2015-11-30,15.09,15.09,14.81,14.81,109700,13.937796
2015-11-27,15.00,15.09,14.94,15.09,57400,14.201306
2015-11-25,14.77,15.13,14.77,15.05,74500,14.163662
2015-11-24,14.58,14.76,14.53,14.70,61200,13.834274
2015-11-23,14.58,15.01,14.47,15.01,21200,14.126018
2015-11-20,14.74,14.83,14.54,14.56,44400,13.70252
2015-11-19,14.75,14.88,14.60,14.64,27100,13.777808
2015-11-18,14.43,15.08,14.37,15.08,26100,14.191895
2015-11-17,14.87,14.87,14.15,14.15,76200,13.316665
2015-11-16,14.76,14.80,14.53,14.66,39900,13.79663
2015-11-13,15.00,15.00,14.49,14.80,40000,13.928385
2015-11-12,15.50,15.61,14.95,14.95,27300,14.069551
2015-11-11,15.48,15.89,15.48,15.67,93200,14.747148
2015-11-10,16.00,16.16,15.31,15.31,121600,14.40835
2015-11-09,16.66,16.959999,16.030001,16.030001,106200,15.085947
2015-11-06,17.08,17.08,16.709999,16.84,134300,15.759779
2015-11-05,17.09,17.42,16.90,17.01,109000,15.918874
2015-11-04,17.35,17.40,16.959999,17.07,95100,15.975025
2015-11-03,17.290001,17.49,17.23,17.40,68400,16.283856
2015-11-02,16.23,17.559999,16.01,17.360001,113800,16.246423
2015-10-30,16.690001,16.690001,16.08,16.18,112200,15.142115
2015-10-29,16.110001,16.639999,16.110001,16.48,56900,15.422871
2015-10-28,16.73,16.73,15.84,16.32,91200,15.273134
2015-10-27,16.52,16.610001,16.030001,16.32,78000,15.273134
2015-10-26,16.60,16.719999,16.27,16.57,58500,15.507098
2015-10-23,16.98,16.98,16.51,16.65,84900,15.581966
2015-10-22,16.120001,16.559999,16.059999,16.360001,149100,15.310569
2015-10-21,16.25,16.34,15.90,15.90,105700,14.880076
2015-10-20,16.23,16.50,16.120001,16.120001,166400,15.085965
2015-10-19,16.32,16.389999,16.200001,16.200001,41900,15.160833
2015-10-16,16.309999,16.68,16.299999,16.57,22800,15.507098
2015-10-15,15.96,16.49,15.77,16.459999,49200,15.404153
2015-10-14,15.82,16.50,15.33,16.030001,94300,15.001738
2015-10-13,16.290001,16.60,15.66,16.17,141700,15.132757
2015-10-12,16.90,16.90,16.33,16.48,19800,15.422871
2015-10-09,16.889999,17.18,16.60,17.040001,16700,15.94695
2015-10-08,16.559999,16.91,16.360001,16.549999,71000,15.48838
2015-10-07,16.68,16.870001,16.379999,16.709999,37200,15.615656
2015-10-06,16.58,16.58,16.07,16.219999,31400,15.157747
2015-10-05,15.59,16.52,15.47,16.52,81600,15.438101
2015-10-02,14.93,15.38,14.45,15.23,22900,14.232582
2015-10-01,14.03,15.00,14.03,14.90,13600,13.924194
2015-09-30,14.25,15.00,14.25,14.89,37000,13.91485
2015-09-29,14.78,14.78,13.98,14.22,39500,13.288728
2015-09-28,15.80,15.80,14.65,14.87,45500,13.896159
2015-09-25,16.40,16.40,15.80,15.83,27400,14.793288
2015-09-24,16.389999,16.389999,15.67,16.07,15600,15.017571
2015-09-23,16.77,16.860001,16.370001,16.43,25100,15.353995
2015-09-22,17.24,17.24,16.60,16.879999,17500,15.774523
2015-09-21,17.50,17.50,17.059999,17.23,45300,16.101602
2015-09-18,17.379999,17.379999,16.950001,17.10,12300,15.980116
2015-09-17,17.379999,18.23,17.35,17.700001,38800,16.540822
2015-09-16,17.26,17.360001,16.860001,17.299999,22800,16.167017
2015-09-15,16.860001,17.26,16.690001,17.26,10800,16.129638
2015-09-14,16.440001,16.67,16.40,16.50,56000,15.41941
2015-09-11,16.60,16.67,16.40,16.620001,17000,15.531552
2015-09-10,16.700001,17.01,16.65,16.67,27600,15.578277
2015-09-09,18.290001,18.459999,17.23,17.360001,54900,15.73434
2015-09-08,18.10,18.10,17.309999,17.969999,33400,16.287216
2015-09-04,17.049999,17.25,16.77,17.23,13900,15.616513
2015-09-03,17.01,17.959999,17.01,17.459999,27000,15.824975
2015-09-02,17.530001,17.530001,16.73,17.040001,24600,15.444307
2015-09-01,17.809999,17.809999,16.98,17.02,47600,15.426179
2015-08-31,18.889999,18.889999,18.129999,18.280001,4400,16.568188
2015-08-28,18.700001,19.27,18.639999,18.790001,13300,17.03043
2015-08-27,17.90,19.33,17.90,18.950001,19600,17.175446
2015-08-26,17.15,17.84,17.00,17.84,11700,16.169391
2015-08-25,17.370001,18.00,16.540001,16.799999,83000,15.22678
2015-08-24,17.49,17.75,15.12,16.629999,48000,15.072699
2015-08-21,18.49,18.719999,17.50,17.889999,40400,16.214708
2015-08-20,19.719999,19.73,18.290001,18.629999,63400,16.885411
2015-08-19,20.26,20.43,20.01,20.139999,30000,18.254009
2015-08-18,21.26,21.26,20.469999,20.66,15600,18.725314
2015-08-17,21.299999,21.360001,21.00,21.26,24500,19.269128
2015-08-14,21.32,21.709999,21.299999,21.51,8000,19.495717
2015-08-13,21.15,21.440001,21.00,21.309999,34000,19.314445
2015-08-12,21.10,21.48,20.08,21.43,50700,19.423209
2015-08-11,22.030001,22.030001,21.110001,21.309999,33000,19.314445
2015-08-10,21.48,22.280001,21.48,22.139999,34600,20.066721
2015-08-07,21.719999,21.73,21.059999,21.65,25800,19.433179
2015-08-06,22.26,22.389999,21.209999,21.52,28000,19.316491
2015-08-05,22.719999,22.719999,22.24,22.34,2800,20.052528
2015-08-04,22.200001,22.559999,22.200001,22.50,2900,20.196145
2015-08-03,22.65,22.719999,22.09,22.200001,23000,19.926863
2015-07-31,22.610001,23.059999,22.559999,22.610001,13000,20.294882
2015-07-30,21.549999,22.75,21.549999,22.66,47500,20.339762
2015-07-29,22.18,22.76,22.17,22.60,14200,20.285906
2015-07-28,22.370001,22.379999,21.67,22.23,13200,19.953791
2015-07-27,22.25,22.25,21.559999,21.76,24100,19.531916
2015-07-24,23.01,23.07,22.059999,22.299999,14300,20.016623
2015-07-23,23.98,23.98,22.959999,23.07,47400,20.70778
2015-07-22,24.360001,24.360001,23.73,23.84,16900,21.398937
2015-07-21,24.00,24.469999,24.00,24.469999,42000,21.964429
2015-07-20,24.629999,24.639999,24.190001,24.190001,16300,21.7131
2015-07-17,24.33,24.41,24.07,24.41,9100,21.910573
2015-07-16,24.51,24.52,24.389999,24.52,2300,22.00931
2015-07-15,24.09,24.40,24.02,24.190001,22900,21.7131
2015-07-14,23.620001,24.24,23.620001,24.209999,2600,21.731051
2015-07-13,23.120001,24.280001,23.120001,23.68,36200,21.255321
2015-07-10,23.08,23.16,22.77,23.059999,20000,20.698804
2015-07-09,23.01,23.26,22.389999,22.549999,48900,20.236536
2015-07-08,22.75,22.99,22.27,22.34,19600,20.048082
2015-07-07,23.50,23.50,22.40,23.18,69300,20.801904
2015-07-06,24.16,24.530001,23.25,23.57,56800,21.151892
2015-07-02,24.01,24.50,23.85,24.50,39100,21.986482
2015-07-01,24.35,24.370001,23.799999,24.02,22100,21.555726
2015-06-30,23.629999,23.969999,23.440001,23.82,24000,21.376244
2015-06-29,24.52,24.530001,23.50,23.52,52100,21.107023
2015-06-26,24.469999,24.65,24.40,24.50,7500,21.986482
2015-06-25,24.629999,24.780001,24.40,24.450001,5700,21.941612
2015-06-24,24.99,25.049999,24.450001,24.52,15900,22.00443
2015-06-23,25.040001,25.08,24.879999,25.07,10900,22.498004
2015-06-22,25.440001,25.440001,24.75,25.00,33900,22.435185
2015-06-19,24.889999,25.18,24.809999,24.98,19200,22.417237
2015-06-18,24.58,25.23,24.58,24.959999,26500,22.399288
2015-06-17,24.700001,24.780001,24.32,24.59,45400,22.067248
2015-06-16,24.73,24.90,24.559999,24.709999,11900,22.174936
2015-06-15,24.459999,24.90,24.450001,24.860001,26900,22.309549
2015-06-12,24.93,24.950001,24.68,24.76,17300,22.219808
2015-06-11,24.870001,25.16,24.82,25.00,20300,22.435185
2015-06-10,24.76,25.719999,24.50,24.74,29400,22.201859
2015-06-09,25.440001,26.040001,24.75,24.799999,99400,21.81687
2015-06-08,26.040001,26.049999,25.280001,25.459999,42200,22.39748
2015-06-05,25.860001,26.040001,25.73,26.040001,16300,22.907715
2015-06-04,26.309999,26.309999,25.629999,25.870001,35000,22.758164
2015-06-03,26.18,26.33,26.120001,26.23,24300,23.074859
2015-06-02,26.08,26.24,25.719999,25.969999,47100,22.846134
2015-06-01,26.49,26.74,26.059999,26.16,45900,23.013279
2015-05-29,26.440001,26.440001,26.17,26.33,19900,23.162831
2015-05-28,25.90,26.34,25.82,26.34,9000,23.171628
2015-05-27,25.92,26.08,25.809999,26.08,15800,22.942903
2015-05-26,26.25,26.25,25.620001,25.700001,13700,22.608612
2015-05-22,26.059999,26.34,25.93,26.00,16100,22.872526
2015-05-21,26.10,26.10,25.90,25.93,15200,22.810946
2015-05-20,25.85,26.059999,25.85,25.92,16900,22.802149
2015-05-19,26.00,27.00,25.65,25.709999,43300,22.617408
2015-05-18,25.90,26.870001,25.75,25.889999,61700,22.775757
2015-05-15,25.700001,27.00,25.67,25.82,8500,22.714177
2015-05-14,25.50,25.82,25.49,25.719999,61900,22.626205
2015-05-13,25.42,25.52,25.209999,25.209999,5100,22.177552
2015-05-12,25.200001,25.25,24.26,25.030001,27100,22.019205
2015-05-11,25.60,25.60,25.190001,25.200001,7100,22.168756
2015-05-08,25.530001,25.879999,25.50,25.559999,33700,22.272561
2015-05-07,25.65,25.67,25.049999,25.42,17400,22.150568
2015-05-06,26.110001,26.139999,25.26,25.42,9500,22.150568
2015-05-05,26.50,26.74,25.85,25.879999,21600,22.551404
2015-05-04,25.950001,26.43,25.950001,26.379999,8900,22.987096
2015-05-01,25.68,25.790001,25.41,25.709999,8400,22.403269
2015-04-30,25.67,25.67,25.40,25.42,3500,22.150568
2015-04-29,25.60,25.690001,25.50,25.629999,9100,22.333558
2015-04-28,25.68,25.68,25.32,25.50,5800,22.220279
2015-04-27,25.75,25.75,25.59,25.639999,10600,22.342272
2015-04-24,25.540001,25.690001,25.450001,25.67,11200,22.368414
2015-04-23,25.309999,25.549999,25.309999,25.389999,16900,22.124426
2015-04-22,25.35,25.35,25.030001,25.309999,3800,22.054716
2015-04-21,25.379999,25.450001,25.110001,25.120001,5100,21.889154
2015-04-20,25.469999,25.549999,25.219999,25.379999,20200,22.115712
2015-04-17,25.07,25.16,24.940001,25.16,15300,21.924008
2015-04-16,24.68,25.459999,24.68,25.43,32400,22.159282
2015-04-15,24.719999,24.870001,24.610001,24.870001,6600,21.671308
2015-04-14,24.450001,24.450001,24.450001,24.450001,500,21.305327
2015-04-13,24.549999,24.58,24.27,24.27,7100,21.148478
2015-04-10,24.07,24.48,24.07,24.360001,5100,21.226902
2015-04-09,24.25,24.299999,23.889999,24.07,11000,20.9742
2015-04-08,24.299999,24.33,24.049999,24.190001,7500,20.944574
2015-04-07,24.24,24.40,24.15,24.15,4800,20.90994
2015-04-06,24.049999,24.49,24.00,24.15,17600,20.90994
2015-04-02,24.52,24.52,24.040001,24.15,17000,20.90994
2015-04-01,24.379999,24.459999,24.209999,24.34,9900,21.074449
2015-03-31,23.93,24.02,23.93,23.950001,2000,20.736773
2015-03-30,23.549999,24.08,23.549999,23.969999,23600,20.754089
2015-03-27,23.450001,23.60,23.299999,23.60,4900,20.433731
2015-03-26,23.219999,23.50,23.10,23.450001,4600,20.303855
2015-03-25,23.889999,23.889999,23.549999,23.549999,3900,20.390438
2015-03-24,23.799999,23.959999,23.67,23.84,5500,20.641531
2015-03-23,24.040001,24.049999,23.74,24.01,4100,20.788723
2015-03-20,23.58,24.01,23.58,24.01,6800,20.788723
2015-03-19,23.549999,23.620001,23.33,23.60,15000,20.433731
2015-03-18,23.200001,23.809999,22.120001,23.75,15200,20.563606
2015-03-17,23.40,23.40,23.09,23.389999,12700,20.251904
2015-03-16,23.40,23.52,23.370001,23.43,1900,20.286538
2015-03-13,23.73,23.73,23.280001,23.40,19700,20.260563
2015-03-12,23.68,23.91,23.68,23.76,3800,20.572264
2015-03-11,23.75,23.75,23.25,23.49,16300,20.338488
2015-03-10,24.870001,24.870001,24.110001,24.360001,47600,20.312515
2015-03-09,25.469999,25.469999,24.77,24.809999,36200,20.687745
2015-03-06,25.48,25.48,24.799999,25.01,11600,20.854515
2015-03-05,25.379999,25.940001,25.370001,25.459999,22600,21.229745
2015-03-04,25.00,25.309999,25.00,25.280001,4900,21.079654
2015-03-03,25.15,25.26,24.719999,25.040001,56200,20.879531
2015-03-02,25.360001,25.459999,25.34,25.459999,6200,21.229745
2015-02-27,25.34,25.42,25.25,25.25,9200,21.054638
2015-02-26,25.360001,25.60,25.35,25.42,3500,21.196392
2015-02-25,25.68,25.68,25.34,25.469999,22800,21.238084
2015-02-24,25.280001,25.65,25.280001,25.51,12600,21.271438
2015-02-23,25.65,25.65,25.27,25.34,16700,21.129684
2015-02-20,25.549999,25.700001,25.33,25.700001,46900,21.42987
2015-02-19,25.50,25.549999,25.48,25.530001,700,21.288116
2015-02-18,25.43,25.530001,25.059999,25.530001,5900,21.288116
2015-02-17,25.700001,25.700001,25.450001,25.469999,3700,21.238084
2015-02-13,25.57,25.77,25.48,25.719999,3300,21.446545
2015-02-12,24.860001,25.370001,24.85,25.32,20300,21.113007
2015-02-11,24.219999,24.700001,24.219999,24.700001,3900,20.596023
2015-02-10,24.24,24.40,24.049999,24.40,5200,20.345868
2015-02-09,24.82,24.879999,24.549999,24.639999,9100,20.545991
2015-02-06,24.60,24.76,24.50,24.709999,15600,20.60436
2015-02-05,24.25,24.68,24.24,24.60,5400,20.512638
2015-02-04,24.40,24.40,24.139999,24.15,4600,20.137406
2015-02-03,23.90,24.42,23.90,24.40,3900,20.345868
2015-02-02,23.40,23.74,23.40,23.74,9800,19.795529
2015-01-30,23.58,23.75,23.32,23.610001,8500,19.687129
2015-01-29,23.40,23.549999,23.27,23.549999,7500,19.637097
2015-01-28,23.73,23.99,23.73,23.860001,5700,19.895591
2015-01-27,23.01,23.860001,23.01,23.84,23300,19.878914
2015-01-26,23.200001,23.940001,23.200001,23.940001,12300,19.962299
2015-01-23,23.15,23.33,23.15,23.33,2100,19.453652
2015-01-22,22.719999,23.360001,22.719999,23.33,14300,19.453652
2015-01-21,22.18,22.60,22.18,22.60,10400,18.844944
2015-01-20,21.82,22.18,21.82,22.18,5800,18.494728
2015-01-16,21.42,21.879999,21.42,21.879999,2800,18.244573
2015-01-15,21.610001,21.629999,21.530001,21.60,9300,18.011097
2015-01-14,22.00,22.43,21.809999,22.190001,15900,18.503066
2015-01-13,23.85,23.85,22.040001,22.370001,12900,18.653159
2015-01-12,22.74,22.74,22.290001,22.41,15300,18.686512
2015-01-09,22.60,22.860001,22.60,22.790001,7400,19.003375
2015-01-08,22.51,22.889999,22.51,22.780001,31900,18.990866
2015-01-07,21.940001,22.26,21.870001,22.25,11600,18.549024
2015-01-06,22.66,22.66,21.09,21.559999,46400,17.973795
2015-01-05,23.16,23.16,22.049999,22.40,59700,18.674073
2015-01-02,22.92,23.040001,22.450001,23.00,83500,19.174272
2014-12-31,22.379999,22.83,22.379999,22.450001,275700,18.715757
2014-12-30,22.10,22.50,22.10,22.379999,9800,18.6574
2014-12-29,22.75,22.75,22.209999,22.23,10300,18.53235
2014-12-26,22.299999,22.459999,22.299999,22.379999,4500,18.6574
2014-12-24,22.33,22.43,22.33,22.42,9100,18.690747
2014-12-23,22.24,22.49,22.16,22.440001,24000,18.707421
2014-12-22,22.379999,22.52,21.90,21.99,7300,18.332271
2014-12-19,22.049999,22.309999,22.02,22.209999,12700,18.515677
2014-12-18,21.889999,22.049999,21.76,21.98,18700,18.323934
2014-12-17,20.440001,21.450001,20.440001,21.25,22400,17.71536
2014-12-16,20.18,20.77,20.139999,20.25,15100,16.881696
2014-12-15,20.889999,21.09,20.469999,20.50,35800,17.090112
2014-12-12,21.469999,21.469999,20.809999,20.959999,31700,17.473597
2014-12-11,21.85,22.00,21.629999,21.790001,21000,18.165539
2014-12-10,22.24,22.24,21.42,21.51,25900,17.932113
2014-12-09,22.65,22.719999,22.35,22.719999,20200,18.559861
2014-12-08,23.200001,23.200001,22.540001,22.84,20500,18.657889
2014-12-05,23.290001,23.60,22.75,23.25,54600,18.992816
2014-12-04,23.290001,23.389999,23.10,23.309999,12000,19.041829
2014-12-03,22.99,23.389999,22.98,23.370001,30600,19.090844
2014-12-02,22.83,22.99,22.790001,22.940001,33400,18.739579
2014-12-01,23.309999,23.309999,22.25,22.48,34200,18.363806
2014-11-28,23.540001,23.559999,23.26,23.389999,13000,19.107181
2014-11-26,23.58,23.73,23.52,23.59,9500,19.27056
2014-11-25,23.60,23.60,23.40,23.440001,12800,19.148026
2014-11-24,23.51,23.559999,23.389999,23.50,11700,19.19704
2014-11-21,23.40,23.43,23.26,23.309999,11000,19.041829
2014-11-20,22.549999,23.10,22.50,22.940001,9000,18.739579
2014-11-19,22.76,22.76,22.65,22.75,4700,18.584368
2014-11-18,22.65,22.99,22.60,22.790001,9600,18.617045
2014-11-17,22.57,22.57,21.709999,22.280001,11700,18.200428
2014-11-14,22.459999,22.67,22.35,22.530001,29800,18.404652
2014-11-13,22.469999,22.65,22.360001,22.459999,19900,18.347468
2014-11-12,21.969999,22.49,21.969999,22.32,8900,18.233103
2014-11-11,22.290001,22.290001,21.77,22.040001,19700,18.004373
2014-11-10,21.67,22.219999,21.67,22.120001,27300,18.069725
2014-11-07,21.41,21.860001,21.41,21.76,32300,17.775642
2014-11-06,21.540001,21.68,21.370001,21.51,22300,17.398237
2014-11-05,21.59,21.76,21.389999,21.540001,24100,17.422502
2014-11-04,21.309999,21.48,21.00,21.360001,20800,17.27691
2014-11-03,21.530001,21.870001,21.33,21.33,27800,17.252644
2014-10-31,21.719999,21.77,21.440001,21.59,16900,17.462944
2014-10-30,21.620001,21.620001,20.719999,21.139999,50200,17.098964
2014-10-29,22.43,22.50,21.639999,21.85,19500,17.673244
2014-10-28,21.92,22.459999,21.799999,22.389999,13000,18.110019
2014-10-27,21.90,21.90,21.299999,21.73,16400,17.576182
2014-10-24,21.440001,22.059999,21.389999,21.99,10500,17.786481
2014-10-23,21.58,21.68,21.27,21.299999,8700,17.228378
2014-10-22,21.59,21.860001,20.860001,21.02,15900,17.001903
2014-10-21,20.469999,21.709999,20.450001,21.709999,28400,17.560004
2014-10-20,19.200001,20.51,19.200001,20.309999,25600,16.427623
2014-10-17,19.48,20.360001,19.379999,19.76,25300,15.982759
2014-10-16,17.65,19.209999,17.65,18.90,55200,15.287153
2014-10-15,18.639999,18.870001,17.52,18.780001,55600,15.190093
2014-10-14,19.00,19.34,18.51,18.98,36500,15.35186
2014-10-13,20.07,20.120001,18.889999,18.93,61500,15.311419
2014-10-10,21.030001,21.030001,20.10,20.110001,32700,16.265855
2014-10-09,21.91,21.91,20.85,20.92,27800,16.921018
2014-10-08,22.00,22.110001,21.15,22.110001,12600,17.883543
2014-10-07,22.40,22.440001,21.450001,21.780001,58600,17.612581
2014-10-06,22.549999,22.559999,22.360001,22.469999,14000,18.170554
2014-10-03,21.85,22.42,21.85,22.33,15600,18.057342
2014-10-02,21.57,21.639999,20.75,21.639999,171700,17.499368
2014-10-01,22.219999,22.219999,21.379999,21.52,59400,17.40233
2014-09-30,22.68,23.35,22.40,22.51,18400,18.202901
2014-09-29,22.58,22.799999,22.50,22.65,8800,18.316113
2014-09-26,22.16,23.50,22.16,22.84,8700,18.469758
2014-09-25,22.620001,23.50,22.02,22.25,17700,17.99265
2014-09-24,22.75,22.75,22.219999,22.610001,51800,18.283767
2014-09-23,23.190001,23.190001,22.41,22.48,28900,18.178641
2014-09-22,23.610001,23.65,22.950001,23.040001,19900,18.631491
2014-09-19,24.00,24.00,23.389999,23.549999,23000,19.043905
2014-09-18,23.940001,23.940001,23.75,23.77,13500,19.221811
2014-09-17,23.719999,23.799999,23.59,23.73,20600,19.189464
2014-09-16,23.34,23.709999,23.25,23.51,23400,19.01156
2014-09-15,23.92,23.92,23.35,23.50,40600,19.003473
2014-09-12,23.940001,24.41,23.59,23.940001,23500,19.359283
2014-09-11,24.10,24.35,23.860001,24.110001,46600,19.496755
2014-09-10,24.66,24.709999,24.52,24.67,37300,19.460365
2014-09-09,24.719999,24.719999,24.450001,24.540001,48000,19.357818
2014-09-08,25.290001,25.290001,24.57,24.799999,59200,19.562912
2014-09-05,25.17,25.17,24.85,25.110001,31800,19.807449
2014-09-04,25.35,25.360001,24.860001,25.02,43100,19.736455
2014-09-03,25.629999,25.629999,25.32,25.49,9700,20.107203
2014-09-02,25.700001,25.91,25.549999,25.639999,12200,20.225527
2014-08-29,25.530001,25.700001,25.530001,25.700001,9600,20.272858
2014-08-28,25.50,25.50,25.26,25.49,5600,20.107203
2014-08-27,25.290001,25.50,25.25,25.50,15800,20.115092
2014-08-26,25.75,25.75,25.17,25.26,20100,19.925773
2014-08-25,24.92,25.15,24.889999,25.09,9900,19.791673
2014-08-22,25.219999,25.23,24.690001,24.77,18100,19.539248
2014-08-21,25.610001,25.610001,25.040001,25.32,15000,19.973102
2014-08-20,25.01,25.23,24.969999,25.23,25700,19.902108
2014-08-19,25.219999,25.219999,25.00,25.08,9500,19.783784
2014-08-18,25.16,25.17,24.969999,24.969999,16100,19.697013
2014-08-15,24.879999,25.01,24.639999,24.76,5600,19.53136
2014-08-14,24.860001,24.950001,24.83,24.83,5400,19.586577
2014-08-13,24.57,24.889999,24.530001,24.82,14200,19.578689
2014-08-12,24.50,24.540001,24.35,24.370001,1800,19.223718
2014-08-11,24.42,24.610001,24.32,24.50,15500,19.326264
2014-08-08,23.60,25.23,23.25,23.879999,29200,18.837191
2014-08-07,24.360001,24.360001,23.549999,23.73,26600,18.718867
2014-08-06,24.129999,24.34,23.959999,24.15,24900,19.050175
2014-08-05,25.00,25.049999,24.379999,24.43,17300,19.271047
2014-08-04,24.950001,25.129999,24.83,25.10,9800,19.799561
2014-08-01,25.190001,25.32,24.60,24.889999,43400,19.633907
2014-07-31,26.25,26.25,25.139999,25.190001,25200,19.870556
2014-07-30,26.66,26.66,26.18,26.33,6100,20.769818
2014-07-29,26.450001,26.450001,26.309999,26.360001,7900,20.793483
2014-07-28,26.530001,26.77,26.190001,26.40,14900,20.825036
2014-07-25,26.799999,27.41,26.40,26.40,11400,20.825036
2014-07-24,27.34,27.34,26.719999,26.77,12600,21.116902
2014-07-23,26.65,26.950001,26.59,26.940001,17300,21.251003
2014-07-22,26.66,26.92,26.540001,26.57,20700,20.959136
2014-07-21,25.969999,26.42,25.85,26.40,5500,20.825036
2014-07-18,25.99,26.23,25.870001,26.120001,7700,20.604165
2014-07-17,26.15,26.280001,25.57,25.620001,24400,20.209752
2014-07-16,25.719999,26.00,25.700001,25.93,10700,20.454287
2014-07-15,25.459999,25.540001,25.290001,25.440001,9800,20.067762
2014-07-14,24.940001,25.139999,24.940001,25.120001,6300,19.815338
2014-07-11,24.26,24.559999,24.200001,24.450001,7200,19.286824
2014-07-10,24.809999,24.809999,23.76,24.33,84000,19.192164
