Date,Open,High,Low,Close,Volume,Adj Close
2012-09-20,8.05,8.05,7.87,7.93,200700,7.93
2012-09-19,8.04,8.11,7.98,8.11,87200,8.11
2012-09-18,7.96,8.12,7.95,8.06,338500,8.06
2012-09-17,7.96,8.00,7.92,7.99,133600,7.99
2012-09-14,7.97,8.00,7.95,7.98,29200,7.98
2012-09-13,7.97,8.00,7.96,7.98,18500,7.98
2012-09-12,7.98,7.99,7.95,7.99,33500,7.99
2012-09-11,8.03,8.04,7.8022,7.98,377400,7.98
2012-09-10,8.10,8.10,8.0351,8.06,19900,8.06
2012-09-07,8.12,8.17,8.10,8.10,41300,8.10
2012-09-06,8.10,8.15,8.02,8.11,54200,8.11
2012-09-05,8.03,8.10,8.03,8.09,78300,8.09
2012-09-04,8.01,8.04,7.97,8.03,133800,8.03
2012-09-03,7.97,7.97,7.97,7.97,000,7.97
2012-08-31,7.93,8.00,7.93,7.97,39800,7.97
2012-08-30,7.99,8.02,7.88,7.90,209900,7.90
2012-08-29,8.10,8.10,7.95,7.99,71100,7.99
2012-08-28,7.97,8.04,7.93,7.9401,33200,7.9401
2012-08-27,7.99,8.00,7.90,8.00,13800,8.00
2012-08-24,7.96,7.96,7.89,7.89,35500,7.89
2012-08-23,7.91,7.99,7.91,7.93,11400,7.93
2012-08-22,7.91,7.96,7.89,7.93,18200,7.93
2012-08-21,7.92,7.97,7.90,7.96,84800,7.96
2012-08-20,7.94,7.97,7.89,7.95,259800,7.95
2012-08-17,7.94,7.975,7.85,7.97,54600,7.97
2012-08-16,7.99,7.99,7.83,7.95,29400,7.95
2012-08-15,7.89,7.975,7.82,7.95,472300,7.95
2012-08-14,7.84,7.95,7.84,7.84,221700,7.84
2012-08-13,7.83,7.85,7.81,7.84,17800,7.84
2012-08-10,7.90,7.95,7.81,7.90,93500,7.90
2012-08-09,7.90,7.95,7.80,7.87,39300,7.87
2012-08-08,7.70,7.99,7.655,7.91,103000,7.91
2012-08-07,7.66,7.72,7.65,7.70,10600,7.70
2012-08-06,7.60,7.74,7.60,7.68,4600,7.68
2012-08-03,7.83,7.83,7.668,7.70,4300,7.70
2012-08-02,7.66,7.81,7.65,7.79,20900,7.79
2012-08-01,7.77,7.79,7.63,7.66,14000,7.66
2012-07-31,7.69,7.76,7.65,7.72,19000,7.72
2012-07-30,7.61,7.69,7.55,7.68,20300,7.68
2012-07-27,7.70,7.73,7.64,7.64,19700,7.64
2012-07-26,7.68,7.76,7.62,7.70,7100,7.70
2012-07-25,7.64,7.70,7.56,7.61,35200,7.61
2012-07-24,7.57,7.70,7.52,7.61,474700,7.61
2012-07-23,7.59,7.71,7.52,7.53,121200,7.53
2012-07-20,7.56,7.71,7.56,7.62,66300,7.62
2012-07-19,7.69,7.77,7.57,7.58,67300,7.58
2012-07-18,7.70,7.865,7.67,7.70,144700,7.70
2012-07-17,7.67,7.80,7.65,7.68,40600,7.68
2012-07-16,7.67,7.76,7.51,7.70,92900,7.70
2012-07-13,7.71,7.75,7.62,7.63,34600,7.63
2012-07-12,7.75,7.87,7.65,7.73,33700,7.73
2012-07-11,7.73,7.81,7.69,7.70,27400,7.70
2012-07-10,7.88,7.91,7.68,7.70,62300,7.70
2012-07-09,7.82,7.93,7.61,7.83,70100,7.83
2012-07-06,7.85,7.94,7.70,7.87,158400,7.87
2012-07-05,7.51,8.12,7.51,7.85,186900,7.85
2012-07-04,7.49,7.49,7.49,7.49,000,7.49
2012-07-03,8.00,8.17,7.37,7.49,845600,7.49
2012-07-02,7.43,7.62,7.43,7.47,2000,7.47
2012-06-29,7.57,7.58,7.45,7.47,4500,7.47
2012-06-28,7.40,7.57,7.40,7.44,7400,7.44
2012-06-27,7.34,7.49,7.34,7.40,10600,7.40
2012-06-26,7.45,7.45,7.13,7.36,27400,7.36
2012-06-25,7.23,7.45,7.23,7.41,78100,7.41
2012-06-22,7.71,7.71,7.05,7.15,252400,7.15
2012-06-21,7.60,7.76,7.36,7.41,26800,7.41
2012-06-20,7.42,7.66,7.23,7.61,18400,7.61
2012-06-19,7.70,7.83,7.50,7.51,53000,7.51
2012-06-18,7.84,8.03,7.66,7.66,15000,7.66
2012-06-15,7.82,8.07,7.70,7.70,12400,7.70
2012-06-14,7.91,7.94,7.76,7.86,3800,7.86
2012-06-13,7.88,8.12,7.65,7.87,56400,7.87
2012-06-12,7.81,7.94,7.71,7.94,5800,7.94
2012-06-11,8.04,8.04,7.40,7.78,75600,7.78
2012-06-08,8.18,8.35,8.04,8.04,26400,8.04
2012-06-07,8.20,8.20,7.97,8.09,2900,8.09
2012-06-06,8.13,8.20,8.08,8.20,2400,8.20
2012-06-05,7.99,8.16,7.94,8.14,22700,8.14
2012-06-04,7.86,7.98,7.78,7.94,32900,7.94
2012-06-01,7.82,7.99,7.76,7.82,31200,7.82
2012-05-31,7.90,7.97,7.8499,7.86,15900,7.86
2012-05-30,7.99,7.99,7.80,7.88,7100,7.88
2012-05-29,7.80,8.08,7.76,8.08,17000,8.08
2012-05-28,7.81,7.81,7.81,7.81,000,7.81
2012-05-25,7.76,7.89,7.75,7.81,6900,7.81
2012-05-24,7.85,7.85,7.75,7.80,3200,7.80
2012-05-23,7.76,7.93,7.66,7.785,14300,7.785
2012-05-22,7.82,7.95,7.72,7.765,7600,7.765
2012-05-21,7.85,7.945,7.75,7.80,6100,7.80
2012-05-18,7.79,7.93,7.75,7.92,8400,7.92
2012-05-17,7.75,7.80,7.71,7.765,7500,7.765
2012-05-16,7.85,7.94,7.67,7.80,6300,7.80
2012-05-15,7.96,7.96,7.81,7.93,8700,7.93
2012-05-14,7.79,7.95,7.79,7.95,4500,7.95
2012-05-11,7.87,7.98,7.78,7.79,8600,7.79
2012-05-10,7.79,7.88,7.72,7.76,31000,7.76
2012-05-09,7.90,7.93,7.70,7.81,15700,7.81
2012-05-08,7.82,7.98,7.82,7.91,8900,7.91
2012-05-07,7.91,7.91,7.81,7.91,6200,7.91
2012-05-04,7.90,7.98,7.89,7.91,24700,7.91
2012-05-03,7.95,7.96,7.81,7.91,10900,7.91
2012-05-02,7.88,7.93,7.85,7.93,18200,7.93
2012-05-01,7.88,7.90,7.79,7.84,10900,7.84
2012-04-30,7.85,7.95,7.85,7.89,14900,7.89
2012-04-27,7.92,7.92,7.86,7.90,12200,7.90
2012-04-26,7.83,7.91,7.80,7.88,12200,7.88
2012-04-25,7.84,7.90,7.83,7.87,23500,7.87
2012-04-24,7.86,7.90,7.70,7.83,19200,7.83
2012-04-23,7.69,7.90,7.69,7.89,16500,7.89
2012-04-20,7.89,7.90,7.81,7.81,9700,7.81
2012-04-19,7.85,7.90,7.82,7.89,10400,7.89
2012-04-18,7.87,7.90,7.82,7.85,21300,7.85
2012-04-17,7.87,7.90,7.80,7.85,23400,7.85
2012-04-16,7.75,7.89,7.65,7.86,18700,7.86
2012-04-13,7.82,7.92,7.73,7.73,10100,7.73
2012-04-12,7.67,7.87,7.59,7.84,12500,7.84
2012-04-11,7.74,7.80,7.62,7.62,13800,7.62
2012-04-10,7.73,7.77,7.65,7.68,14700,7.68
2012-04-09,7.62,7.75,7.62,7.73,11200,7.73
2012-04-06,7.72,7.72,7.72,7.72,000,7.72
2012-04-05,7.68,7.73,7.53,7.72,23300,7.72
2012-04-04,7.68,7.69,7.56,7.66,11500,7.66
2012-04-03,7.72,7.86,7.65,7.70,41600,7.70
2012-04-02,7.84,7.84,7.61,7.66,22000,7.66
2012-03-30,7.68,7.895,7.62,7.86,18600,7.86
2012-03-29,7.61,7.75,7.58,7.66,17000,7.66
2012-03-28,7.53,7.58,7.51,7.55,15500,7.55
2012-03-27,7.67,7.77,7.52,7.60,27000,7.60
2012-03-26,7.62,7.76,7.5599,7.67,11900,7.67
2012-03-23,7.63,7.67,7.51,7.59,15200,7.59
2012-03-22,7.72,7.74,7.51,7.67,12400,7.67
2012-03-21,7.81,7.87,7.64,7.71,24300,7.71
2012-03-20,7.86,7.89,7.85,7.85,12700,7.85
2012-03-19,7.87,7.92,7.69,7.86,13300,7.86
2012-03-16,7.87,7.88,7.78,7.85,13000,7.85
2012-03-15,7.79,7.89,7.79,7.89,8600,7.89
2012-03-14,7.75,7.90,7.66,7.83,16600,7.83
2012-03-13,7.62,7.77,7.51,7.77,24000,7.77
2012-03-12,7.67,7.72,7.50,7.62,32700,7.62
2012-03-09,7.58,7.71,7.54,7.71,13900,7.71
2012-03-08,7.54,7.58,7.49,7.52,14500,7.52
2012-03-07,7.70,7.74,7.49,7.55,14900,7.55
2012-03-06,7.67,7.79,7.51,7.62,21800,7.62
2012-03-05,7.72,7.79,7.68,7.68,7900,7.68
2012-03-02,7.70,7.82,7.65,7.74,13900,7.74
2012-03-01,7.76,7.85,7.63,7.75,38800,7.75
2012-02-29,7.74,7.81,7.61,7.76,15100,7.76
2012-02-28,7.79,7.8499,7.69,7.75,22300,7.75
2012-02-27,7.73,7.89,7.73,7.85,15800,7.85
2012-02-24,7.73,7.79,7.67,7.75,30600,7.75
2012-02-23,7.89,7.93,7.75,7.78,18200,7.78
2012-02-22,7.84,7.959,7.82,7.84,24900,7.84
2012-02-21,7.88,7.93,7.75,7.80,51600,7.80
2012-02-20,7.88,7.88,7.88,7.88,000,7.88
2012-02-17,7.81,7.93,7.76,7.88,12800,7.88
2012-02-16,7.80,7.89,7.77,7.85,26600,7.85
2012-02-15,7.85,7.87,7.76,7.82,32500,7.82
2012-02-14,7.83,7.83,7.50,7.83,55200,7.83
2012-02-13,7.69,7.87,7.6808,7.82,83600,7.82
2012-02-10,7.37,7.79,7.37,7.65,317600,7.65
2012-02-09,7.46,7.53,7.39,7.425,52000,7.425
2012-02-08,7.34,7.55,7.28,7.42,64300,7.42
2012-02-07,7.43,7.44,7.32,7.33,18000,7.33
2012-02-06,7.44,7.45,7.36,7.43,23900,7.43
2012-02-03,7.41,7.479,7.41,7.43,35100,7.43
2012-02-02,7.44,7.44,7.2999,7.36,38900,7.36
2012-02-01,7.28,7.46,7.235,7.42,62300,7.42
2012-01-31,7.20,7.33,7.20,7.25,59000,7.25
2012-01-30,7.20,7.25,7.17,7.22,76000,7.22
2012-01-27,7.11,7.25,7.11,7.23,55600,7.23
2012-01-26,7.18,7.21,7.14,7.20,28300,7.20
2012-01-25,7.19,7.25,7.17,7.20,45400,7.20
2012-01-24,7.19,7.29,7.17,7.22,52100,7.22
2012-01-23,7.18,7.23,7.18,7.21,362800,7.21
2012-01-20,7.19,7.22,7.16,7.18,509700,7.18
2012-01-19,7.27,7.40,7.19,7.22,498100,7.22
2012-01-18,7.25,7.37,7.21,7.25,222600,7.25
2012-01-17,7.37,7.37,7.18,7.25,57900,7.25
2012-01-16,7.33,7.33,7.33,7.33,000,7.33
2012-01-13,7.30,7.42,7.249,7.33,63300,7.33
2012-01-12,7.37,7.37,7.26,7.32,64000,7.32
2012-01-11,7.13,7.49,7.13,7.35,108700,7.35
2012-01-10,7.24,7.30,7.11,7.15,49900,7.15
2012-01-09,7.19,7.27,7.05,7.20,65800,7.20
2012-01-06,7.21,7.25,7.14,7.18,37700,7.18
2012-01-05,7.14,7.29,7.13,7.19,566300,7.19
2012-01-04,7.16,7.38,7.10,7.17,358800,7.17
2012-01-03,7.36,7.41,7.16,7.20,62300,7.20
2012-01-02,7.29,7.29,7.29,7.29,000,7.29
2011-12-30,7.32,7.34,7.19,7.29,23400,7.29
2011-12-29,7.41,7.49,7.29,7.34,21700,7.34
2011-12-28,7.35,7.40,7.26,7.29,26600,7.29
2011-12-27,7.24,7.39,7.24,7.36,27400,7.36
2011-12-26,7.27,7.27,7.27,7.27,000,7.27
2011-12-23,7.24,7.30,7.18,7.27,19700,7.27
2011-12-22,7.26,7.27,7.17,7.21,28900,7.21
2011-12-21,7.13,7.2701,7.04,7.23,41600,7.23
2011-12-20,7.12,7.25,7.11,7.15,46100,7.15
2011-12-19,7.13,7.20,7.04,7.11,64200,7.11
2011-12-16,7.35,7.36,7.05,7.15,453000,7.15
2011-12-15,7.13,7.36,7.13,7.30,77200,7.30
2011-12-14,7.21,7.23,7.15,7.22,37100,7.22
2011-12-13,7.26,7.29,6.70,7.20,51100,7.20
2011-12-12,7.16,7.24,7.15,7.24,43200,7.24
2011-12-09,7.17,7.21,7.14,7.17,40500,7.17
2011-12-08,7.17,7.25,7.14,7.14,51800,7.14
2011-12-07,7.17,7.21,7.05,7.20,50100,7.20
2011-12-06,7.21,7.21,7.11,7.20,32000,7.20
2011-12-05,7.24,7.27,7.06,7.20,38700,7.20
2011-12-02,7.19,7.21,7.08,7.21,62200,7.21
2011-12-01,7.14,7.28,7.08,7.15,74400,7.15
2011-11-30,7.31,7.39,7.12,7.15,78500,7.15
2011-11-29,7.19,7.30,7.18,7.21,24900,7.21
2011-11-28,7.16,7.23,7.10,7.21,105000,7.21
2011-11-25,7.07,7.17,7.07,7.08,30400,7.08
2011-11-24,7.09,7.09,7.09,7.09,000,7.09
2011-11-23,7.12,7.23,7.05,7.09,68200,7.09
2011-11-22,7.11,7.23,6.95,7.12,51600,7.12
2011-11-21,7.16,7.22,7.11,7.12,51200,7.12
2011-11-18,7.13,7.35,7.04,7.17,1117700,7.17
2011-11-17,7.31,7.36,7.10,7.12,395100,7.12
2011-11-16,7.39,7.41,7.29,7.30,202100,7.30
2011-11-15,7.36,7.46,7.35,7.42,40000,7.42
2011-11-14,7.49,7.49,7.33,7.39,46900,7.39
2011-11-11,7.48,7.60,7.46,7.50,33100,7.50
2011-11-10,7.36,7.44,7.30,7.44,69900,7.44
2011-11-09,7.22,7.37,7.22,7.32,57300,7.32
2011-11-08,7.19,7.43,7.152,7.43,75100,7.43
2011-11-07,7.28,7.28,7.15,7.18,104100,7.18
2011-11-04,7.10,7.33,7.10,7.32,65700,7.32
2011-11-03,7.33,7.33,7.12,7.16,81300,7.16
2011-11-02,7.21,7.40,7.21,7.30,36500,7.30
2011-11-01,7.13,7.37,7.11,7.15,96400,7.15
2011-10-31,7.15,7.43,7.15,7.20,87800,7.20
2011-10-28,7.29,7.40,7.16,7.21,127300,7.21
2011-10-27,7.56,7.56,7.27,7.30,135600,7.30
2011-10-26,7.35,7.50,7.23,7.50,102100,7.50
2011-10-25,7.34,7.35,7.23,7.26,76400,7.26
2011-10-24,7.19,7.39,7.19,7.35,160700,7.35
2011-10-21,7.20,7.26,7.155,7.20,144000,7.20
2011-10-20,7.21,7.24,7.03,7.17,841300,7.17
2011-10-19,7.29,7.33,7.16,7.20,403400,7.20
2011-10-18,7.27,7.3699,7.24,7.30,177700,7.30
2011-10-17,7.36,7.65,7.25,7.26,253300,7.26
2011-10-14,7.33,7.61,7.01,7.39,611100,7.39
2011-10-13,14.00,14.15,13.95,14.07,316000,14.07
2011-10-12,14.04,14.08,13.91,13.94,142600,13.94
2011-10-11,13.78,14.10,13.74,13.96,166900,13.96
2011-10-10,13.79,14.03,13.73,13.86,87900,13.86
2011-10-07,13.75,13.79,13.53,13.67,107900,13.67
2011-10-06,13.54,13.74,13.44,13.69,158100,13.69
2011-10-05,13.75,13.82,13.53,13.57,328900,13.57
2011-10-04,13.68,13.83,13.48,13.70,470400,13.70
2011-10-03,13.72,13.99,13.57,13.70,2676800,13.70
2011-09-30,13.75,14.03,13.71,13.88,216300,13.88
2011-09-29,13.90,13.98,13.53,13.84,154000,13.84
2011-09-28,13.88,13.93,13.57,13.65,292000,13.65
2011-09-27,14.36,14.37,13.80,13.83,358500,13.83
2011-09-26,13.78,14.40,13.73,14.11,509200,14.11
2011-09-23,13.82,13.99,13.40,13.67,1813800,13.67
2011-09-22,13.36,13.79,13.3002,13.75,302500,13.75
2011-09-21,13.45,13.73,13.40,13.40,181100,13.40
2011-09-20,13.50,13.61,13.39,13.46,186400,13.46
2011-09-19,13.61,13.675,13.35,13.46,176300,13.46
2011-09-16,13.82,13.92,13.64,13.71,172900,13.71
2011-09-15,13.85,13.93,13.52,13.79,156800,13.79
2011-09-14,13.69,13.89,13.44,13.70,194300,13.70
2011-09-13,13.33,13.68,13.33,13.60,322000,13.60
2011-09-12,13.32,13.38,13.23,13.33,3180800,13.33
2011-09-09,13.76,13.84,13.45,13.52,1069600,13.52
2011-09-08,13.93,14.21,13.85,13.88,182200,13.88
2011-09-07,14.19,14.19,13.91,14.03,207300,14.03
2011-09-06,13.51,14.04,13.42,13.99,180300,13.99
2011-09-02,13.78,13.95,13.76,13.85,187300,13.85
2011-09-01,13.86,14.25,13.77,14.00,197800,14.00
2011-08-31,13.90,13.9575,13.75,13.90,125500,13.90
2011-08-30,13.68,13.94,13.63,13.91,92700,13.91
2011-08-29,13.61,13.9394,13.61,13.79,116800,13.79
2011-08-26,13.07,13.52,13.05,13.50,139400,13.50
2011-08-25,13.52,13.57,12.97,13.16,106000,13.16
2011-08-24,13.18,13.66,13.17,13.45,142700,13.45
2011-08-23,12.90,13.27,12.80,13.17,157400,13.17
2011-08-22,13.01,13.01,12.74,12.82,123700,12.82
2011-08-19,12.67,12.97,12.47,12.77,157300,12.77
2011-08-18,12.72,12.99,12.56,12.83,136600,12.83
2011-08-17,12.92,12.93,12.78,12.88,63200,12.88
2011-08-16,12.92,13.08,12.67,12.91,77800,12.91
2011-08-15,13.20,13.27,12.93,13.08,119900,13.08
2011-08-12,13.25,13.25,12.92,13.14,213400,13.14
2011-08-11,12.85,13.24,12.76,13.22,212700,13.22
2011-08-10,12.78,13.81,12.28,12.85,331200,12.85
2011-08-09,12.45,13.60,12.28,13.25,409500,13.25
2011-08-08,12.38,12.83,12.11,12.18,275300,12.18
2011-08-05,12.79,12.93,12.41,12.62,188000,12.62
2011-08-04,12.79,12.99,12.521,12.66,171500,12.66
2011-08-03,12.98,13.14,12.56,12.86,104600,12.86
2011-08-02,12.95,13.36,12.79,12.98,112100,12.98
2011-08-01,13.18,13.18,12.88,13.05,108900,13.05
2011-07-29,12.96,13.27,12.62,13.12,86500,13.12
2011-07-28,13.13,13.1898,12.29,13.03,114700,13.03
2011-07-27,13.15,13.29,13.08,13.17,92600,13.17
2011-07-26,13.37,13.46,13.15,13.22,111000,13.22
2011-07-25,13.37,13.60,13.36,13.44,93400,13.44
2011-07-22,13.77,13.80,13.50,13.52,41200,13.52
2011-07-21,13.81,13.84,13.51,13.74,103400,13.74
2011-07-20,13.79,13.85,13.66,13.77,159200,13.77
2011-07-19,13.76,13.79,13.46,13.52,91500,13.52
2011-07-18,13.49,13.77,13.48,13.71,45500,13.71
2011-07-15,13.71,13.71,13.43,13.50,90300,13.50
2011-07-14,13.81,13.81,13.44,13.54,135100,13.54
2011-07-13,13.54,13.87,13.51,13.81,83300,13.81
2011-07-12,13.53,13.70,13.40,13.50,33500,13.50
2011-07-11,13.55,13.66,13.44,13.53,53500,13.53
2011-07-08,13.42,13.85,13.42,13.72,46500,13.72
2011-07-07,13.75,13.76,13.4401,13.53,64900,13.53
2011-07-06,13.70,13.78,13.48,13.70,80900,13.70
2011-07-05,13.61,13.75,13.44,13.72,59400,13.72
2011-07-01,13.65,13.75,13.55,13.55,60000,13.55
2011-06-30,13.55,13.74,13.55,13.59,47800,13.59
2011-06-29,13.58,13.63,13.40,13.47,48800,13.47
2011-06-28,13.35,13.71,13.39,13.52,40200,13.52
2011-06-27,13.24,13.495,13.12,13.31,49900,13.31
2011-06-24,13.37,13.37,13.19,13.24,185700,13.24
2011-06-23,13.37,13.54,13.16,13.34,65600,13.34
2011-06-22,13.45,13.77,13.40,13.50,74100,13.50
2011-06-21,13.85,13.85,13.38,13.54,100300,13.54
2011-06-20,13.28,13.80,13.28,13.76,125300,13.76
2011-06-17,13.35,13.38,13.07,13.35,190500,13.35
2011-06-16,13.05,13.37,13.05,13.26,97600,13.26
2011-06-15,13.00,13.41,13.00,13.05,78100,13.05
2011-06-14,13.03,13.19,12.90,13.15,108500,13.15
2011-06-13,13.02,13.22,12.80,12.94,34000,12.94
2011-06-10,12.78,13.04,12.78,13.01,51800,13.01
2011-06-09,13.08,13.16,12.80,12.90,62400,12.90
2011-06-08,12.93,13.08,12.81,13.00,40800,13.00
2011-06-07,12.89,13.03,12.78,13.00,39200,13.00
2011-06-06,13.05,13.05,12.76,12.80,106300,12.80
2011-06-03,12.97,13.10,12.96,13.00,87500,13.00
2011-06-02,13.18,13.23,12.89,13.13,140800,13.13
2011-06-01,13.60,13.60,13.02,13.11,106200,13.11
2011-05-31,14.48,14.48,13.51,13.56,530300,13.56
2011-05-27,14.37,14.45,14.11,14.39,21600,14.39
2011-05-26,14.28,14.37,14.07,14.31,56800,14.31
2011-05-25,14.01,14.40,13.885,14.36,41100,14.36
2011-05-24,14.15,14.16,13.87,14.02,54300,14.02
2011-05-23,13.78,14.19,13.5426,14.11,31200,14.11
2011-05-20,14.16,14.33,14.05,14.06,49900,14.06
2011-05-19,14.41,14.41,14.12,14.255,49000,14.255
2011-05-18,14.31,14.31,14.09,14.28,48800,14.28
2011-05-17,14.06,14.30,13.83,14.25,84100,14.25
2011-05-16,14.16,14.29,13.94,14.13,61800,14.13
2011-05-13,14.55,14.55,14.10,14.22,79500,14.22
2011-05-12,14.27,14.64,14.09,14.51,59300,14.51
2011-05-11,14.47,14.51,14.20,14.38,42600,14.38
2011-05-10,14.58,14.64,14.37,14.51,79300,14.51
2011-05-09,14.25,14.9588,14.00,14.58,281400,14.58
2011-05-06,13.42,13.51,13.25,13.41,28400,13.41
2011-05-05,12.84,13.65,12.84,13.22,77000,13.22
2011-05-04,12.98,13.06,12.80,12.92,62400,12.92
2011-05-03,13.10,13.239,12.89,12.99,66400,12.99
2011-05-02,13.56,13.56,13.02,13.11,35300,13.11
2011-04-29,13.37,13.62,13.27,13.51,43400,13.51
2011-04-28,13.29,13.34,12.99,13.31,22000,13.31
2011-04-27,13.00,13.425,13.00,13.29,29600,13.29
2011-04-26,13.11,13.13,12.90,13.01,68800,13.01
2011-04-25,13.21,13.25,12.86,13.10,102400,13.10
2011-04-21,13.48,13.55,13.19,13.26,19800,13.26
2011-04-20,13.40,13.40,13.21,13.35,16700,13.35
2011-04-19,13.26,13.26,13.07,13.21,31000,13.21
2011-04-18,13.28,13.28,12.97,13.18,42000,13.18
2011-04-15,13.45,13.55,13.30,13.52,33300,13.52
2011-04-14,13.16,13.56,13.15,13.51,45800,13.51
2011-04-13,13.45,13.45,13.1922,13.27,75100,13.27
2011-04-12,13.41,13.47,13.22,13.32,27700,13.32
2011-04-11,13.38,13.49,13.25,13.48,31800,13.48
2011-04-08,13.90,13.90,13.40,13.41,22600,13.41
2011-04-07,13.98,14.03,13.71,13.78,13200,13.78
2011-04-06,13.95,14.08,13.87,13.92,21600,13.92
2011-04-05,13.93,14.22,13.7499,13.93,20900,13.93
2011-04-04,13.94,14.02,13.85,13.98,46700,13.98
2011-04-01,14.00,14.05,13.63,13.93,29400,13.93
2011-03-31,13.68,14.09,13.55,13.95,39500,13.95
2011-03-30,13.41,13.75,13.41,13.69,32000,13.69
2011-03-29,13.18,13.63,13.16,13.42,30600,13.42
2011-03-28,13.49,13.52,13.20,13.34,26100,13.34
2011-03-25,13.70,13.88,13.32,13.47,32800,13.47
2011-03-24,13.49,13.81,13.45,13.61,26800,13.61
2011-03-23,13.44,13.50,13.30,13.44,39300,13.44
2011-03-22,13.53,13.66,13.46,13.48,24800,13.48
2011-03-21,13.42,13.55,13.32,13.54,28600,13.54
2011-03-18,13.34,13.99,13.15,13.28,228900,13.28
2011-03-17,13.52,13.68,13.19,13.25,71700,13.25
2011-03-16,13.21,13.44,13.06,13.28,51800,13.28
2011-03-15,12.93,13.32,12.54,13.28,43200,13.28
2011-03-14,13.31,13.65,13.25,13.35,33100,13.35
2011-03-11,13.44,13.65,13.22,13.50,39100,13.50
2011-03-10,13.70,13.77,13.295,13.47,60200,13.47
2011-03-09,13.93,13.95,13.76,13.92,11600,13.92
2011-03-08,13.48,14.01,13.42,13.90,34200,13.90
2011-03-07,13.98,14.05,13.42,13.51,45400,13.51
2011-03-04,13.97,13.97,13.51,13.95,42200,13.95
2011-03-03,14.02,14.25,13.95,14.02,51800,14.02
2011-03-02,13.95,14.24,13.77,13.89,38500,13.89
2011-03-01,14.26,14.37,13.76,14.01,40500,14.01
2011-02-28,14.06,14.30,13.89,14.22,54800,14.22
2011-02-25,13.60,13.98,13.49,13.98,51700,13.98
2011-02-24,13.29,13.71,13.29,13.58,51200,13.58
2011-02-23,13.42,13.59,13.20,13.30,47900,13.30
2011-02-22,13.62,13.81,13.36,13.41,70700,13.41
2011-02-18,13.79,13.83,13.61,13.77,49300,13.77
2011-02-17,13.34,13.84,13.34,13.68,42500,13.68
2011-02-16,13.52,13.673,13.03,13.41,54300,13.41
2011-02-15,13.82,14.11,13.45,13.48,245300,13.48
2011-02-14,13.74,14.29,13.72,13.93,68300,13.93
2011-02-11,13.28,13.79,13.06,13.78,84100,13.78
2011-02-10,12.61,13.66,12.47,13.33,125300,13.33
2011-02-09,13.49,13.66,13.07,13.42,48200,13.42
2011-02-08,13.72,13.85,13.375,13.57,34600,13.57
2011-02-07,13.23,13.72,13.23,13.70,25800,13.70
2011-02-04,13.65,13.65,13.12,13.25,41900,13.25
2011-02-03,13.40,13.82,12.97,13.64,25000,13.64
2011-02-02,13.61,13.93,13.40,13.45,27500,13.45
2011-02-01,13.52,14.14,13.4501,13.67,48400,13.67
2011-01-31,13.17,13.61,13.12,13.39,51000,13.39
2011-01-28,13.38,13.47,12.9001,13.09,79100,13.09
2011-01-27,13.62,13.8801,13.44,13.44,24200,13.44
2011-01-26,13.66,13.87,13.44,13.70,51600,13.70
2011-01-25,13.37,13.69,13.28,13.64,48900,13.64
2011-01-24,13.48,13.75,13.3869,13.49,28600,13.49
2011-01-21,13.63,13.76,13.445,13.45,70600,13.45
2011-01-20,13.52,13.86,13.50,13.51,53100,13.51
2011-01-19,13.92,13.93,13.52,13.61,69600,13.61
2011-01-18,13.64,13.98,13.61,13.90,109500,13.90
2011-01-14,13.78,13.96,13.65,13.73,25400,13.73
2011-01-13,13.89,14.10,13.64,13.83,39000,13.83
2011-01-12,14.12,14.255,13.73,13.89,28000,13.89
2011-01-11,13.79,14.08,13.64,13.96,102800,13.96
2011-01-10,13.69,13.96,13.58,13.72,62000,13.72
2011-01-07,14.07,14.07,13.62,13.83,34000,13.83
2011-01-06,14.06,14.19,13.98,14.11,42400,14.11
2011-01-05,14.17,14.33,13.91,14.10,110400,14.10
2011-01-04,14.39,14.39,14.00,14.24,66000,14.24
2011-01-03,14.12,14.58,13.85,14.30,135800,14.30
2010-12-31,14.17,14.36,13.92,13.95,38500,13.95
2010-12-30,14.29,14.53,14.04,14.17,59900,14.17
2010-12-29,14.12,14.40,14.06,14.27,12600,14.27
2010-12-28,14.30,14.30,14.04,14.11,27200,14.11
2010-12-27,13.90,14.50,13.855,14.31,64500,14.31
2010-12-23,14.20,14.53,13.98,14.08,56900,14.08
2010-12-22,14.19,14.45,14.09,14.21,56000,14.21
2010-12-21,14.62,14.62,14.13,14.20,64600,14.20
2010-12-20,14.16,14.66,14.16,14.62,133200,14.62
2010-12-17,14.36,14.41,13.99,14.13,206600,14.13
2010-12-16,13.94,14.6999,13.87,14.30,249300,14.30
2010-12-15,13.68,13.95,13.28,13.90,203300,13.90
2010-12-14,13.57,13.90,13.52,13.74,113100,13.74
2010-12-13,13.64,13.76,13.47,13.57,105300,13.57
2010-12-10,13.18,13.74,13.15,13.60,248100,13.60
2010-12-09,12.97,13.19,12.80,13.18,98300,13.18
2010-12-08,12.94,12.98,12.80,12.86,59900,12.86
2010-12-07,12.95,12.95,12.80,12.895,84100,12.895
2010-12-06,12.72,12.90,12.61,12.89,74400,12.89
2010-12-03,12.65,12.86,12.64,12.79,103100,12.79
2010-12-02,12.78,12.81,12.56,12.76,49200,12.76
2010-12-01,12.79,12.88,12.53,12.78,115800,12.78
2010-11-30,12.44,12.64,12.25,12.62,81700,12.62
2010-11-29,12.75,12.768,12.37,12.62,56800,12.62
2010-11-26,12.58,12.88,12.32,12.83,21400,12.83
2010-11-24,12.45,12.73,12.45,12.71,159500,12.71
2010-11-23,12.50,12.50,12.00,12.39,288400,12.39
2010-11-22,11.98,12.49,11.92,12.35,188300,12.35
2010-11-19,11.70,12.15,11.44,11.95,268100,11.95
2010-11-18,11.80,11.80,11.50,11.63,37900,11.63
2010-11-17,11.61,11.74,11.57,11.62,40500,11.62
2010-11-16,11.50,11.66,11.475,11.61,131100,11.61
2010-11-15,11.51,11.63,11.31,11.56,113600,11.56
2010-11-12,11.35,11.60,11.20,11.41,45400,11.41
2010-11-11,11.27,11.69,11.166,11.49,103900,11.49
2010-11-10,10.41,11.57,10.41,11.48,1283900,11.48
2010-11-09,10.45,10.45,10.23,10.35,44600,10.35
2010-11-08,10.35,10.47,10.26,10.39,43600,10.39
2010-11-05,10.50,10.57,10.26,10.35,51600,10.35
2010-11-04,10.26,10.54,10.17,10.45,162500,10.45
2010-11-03,10.04,10.25,9.88,10.03,99500,10.03
2010-11-02,9.97,10.22,9.92,9.99,83100,9.99
2010-11-01,9.97,10.18,9.68,9.84,68800,9.84
2010-10-29,9.74,9.96,9.73,9.91,42100,9.91
2010-10-28,10.25,10.29,9.75,9.76,80900,9.76
2010-10-27,10.36,10.36,9.92,10.21,61200,10.21
2010-10-26,10.14,10.57,10.08,10.43,56400,10.43
2010-10-25,10.28,10.43,10.01,10.23,69400,10.23
2010-10-22,10.34,10.42,10.2002,10.23,29400,10.23
2010-10-21,10.48,10.71,10.08,10.34,65300,10.34
2010-10-20,10.35,10.62,10.35,10.39,46000,10.39
2010-10-19,10.57,10.82,10.29,10.31,99300,10.31
2010-10-18,10.58,10.80,10.33,10.77,56500,10.77
2010-10-15,10.60,10.60,10.27,10.56,104000,10.56
2010-10-14,10.24,10.58,10.00,10.54,109000,10.54
2010-10-13,10.27,10.39,10.16,10.28,61200,10.28
2010-10-12,10.07,10.306,10.04,10.23,33800,10.23
2010-10-11,10.27,10.33,10.12,10.12,60800,10.12
2010-10-08,10.27,10.34,10.15,10.31,86700,10.31
2010-10-07,10.36,10.36,10.14,10.27,77600,10.27
2010-10-06,10.20,10.28,10.15,10.27,80700,10.27
2010-10-05,10.18,10.2899,10.00,10.20,63100,10.20
2010-10-04,10.19,10.23,10.00,10.05,58100,10.05
2010-10-01,10.12,10.31,9.8999,10.20,66100,10.20
2010-09-30,10.08,10.17,9.94,10.07,69300,10.07
2010-09-29,10.13,10.15,9.90,9.95,116700,9.95
2010-09-28,9.94,10.18,9.77,10.14,80400,10.14
2010-09-27,10.01,10.09,9.84,9.97,36600,9.97
2010-09-24,9.78,10.15,9.665,10.04,66100,10.04
2010-09-23,9.51,9.83,9.22,9.62,79300,9.62
2010-09-22,9.76,10.00,9.58,9.62,43600,9.62
2010-09-21,9.94,10.07,9.78,9.80,66100,9.80
2010-09-20,9.85,10.24,9.7301,9.98,367600,9.98
2010-09-17,9.66,9.91,9.21,9.85,316500,9.85
2010-09-16,9.71,9.71,9.175,9.55,51300,9.55
2010-09-15,9.36,9.87,9.22,9.76,101500,9.76
2010-09-14,9.50,9.60,9.32,9.38,64600,9.38
2010-09-13,9.34,9.54,9.15,9.51,106400,9.51
2010-09-10,9.37,9.41,9.09,9.21,36500,9.21
2010-09-09,9.29,9.49,9.25,9.31,44300,9.31
2010-09-08,9.06,9.41,8.72,9.15,97600,9.15
2010-09-07,9.26,9.35,8.95,9.00,58600,9.00
2010-09-03,8.99,9.31,8.86,9.27,122900,9.27
2010-09-02,8.72,8.91,8.61,8.88,92900,8.88
2010-09-01,8.13,8.83,8.10,8.69,104100,8.69
2010-08-31,7.98,8.02,7.67,7.99,168500,7.99
2010-08-30,7.76,8.21,7.56,7.96,102300,7.96
2010-08-27,7.62,7.65,7.25,7.61,93600,7.61
2010-08-26,8.01,8.01,7.51,7.51,57100,7.51
2010-08-25,7.74,7.98,7.61,7.96,64100,7.96
2010-08-24,7.69,8.00,7.62,7.80,83400,7.80
2010-08-23,8.56,8.56,7.77,7.80,239000,7.80
2010-08-20,8.54,8.82,8.36,8.50,128500,8.50
2010-08-19,9.49,9.49,8.60,8.60,86000,8.60
2010-08-18,9.44,9.74,9.14,9.54,90100,9.54
2010-08-17,9.10,9.50,8.96,9.48,123700,9.48
2010-08-16,8.52,9.03,8.50,8.97,74200,8.97
2010-08-13,8.72,8.75,8.56,8.58,49600,8.58
2010-08-12,8.41,8.92,8.41,8.77,69300,8.77
2010-08-11,8.80,8.80,8.33,8.60,119900,8.60
2010-08-10,9.32,9.35,8.81,9.01,82300,9.01
2010-08-09,9.33,9.55,9.20,9.47,71700,9.47
2010-08-06,8.84,9.37,8.84,9.27,105500,9.27
2010-08-05,8.99,9.13,8.87,9.01,49200,9.01
2010-08-04,8.80,9.11,8.76,9.09,78600,9.09
2010-08-03,8.77,8.97,8.64,8.74,126400,8.74
2010-08-02,9.02,9.05,8.78,8.84,101000,8.84
2010-07-30,8.23,9.07,8.23,8.86,139800,8.86
2010-07-29,8.23,8.45,8.07,8.39,58600,8.39
2010-07-28,8.29,8.49,8.18,8.19,89900,8.19
2010-07-27,7.62,8.60,7.59,8.27,118700,8.27
2010-07-26,7.31,7.67,7.31,7.58,66700,7.58
2010-07-23,7.23,7.35,7.18,7.32,101400,7.32
2010-07-22,7.30,7.40,7.25,7.25,107300,7.25
2010-07-21,7.31,7.43,7.00,7.19,736700,7.19
2010-07-20,7.26,7.33,7.20,7.23,77800,7.23
2010-07-19,7.51,7.62,7.34,7.37,23000,7.37
2010-07-16,7.66,7.66,7.34,7.51,132100,7.51
2010-07-15,7.86,7.86,7.52,7.74,47000,7.74
2010-07-14,8.00,8.042,7.82,7.87,27700,7.87
2010-07-13,7.79,8.16,7.67,8.06,57800,8.06
2010-07-12,7.85,8.019,7.65,7.65,24900,7.65
2010-07-09,7.79,7.93,7.6412,7.90,44100,7.90
2010-07-08,7.78,8.19,7.63,7.83,65400,7.83
2010-07-07,7.57,7.71,7.48,7.67,52400,7.67
2010-07-06,7.57,7.59,7.39,7.52,119000,7.52
2010-07-02,7.60,7.60,7.38,7.40,83300,7.40
2010-07-01,7.85,8.21,7.44,7.54,121900,7.54
2010-06-30,7.91,8.21,7.75,7.86,102500,7.86
2010-06-29,7.94,8.08,7.79,7.93,115400,7.93
2010-06-28,8.32,8.40,8.03,8.12,77900,8.12
2010-06-25,8.02,8.46,7.83,8.26,842500,8.26
2010-06-24,7.99,8.04,7.89,7.96,120100,7.96
2010-06-23,8.00,8.26,8.00,8.08,58000,8.08
2010-06-22,8.17,8.40,7.89,7.96,175200,7.96
2010-06-21,8.81,8.81,8.08,8.17,160500,8.17
2010-06-18,8.85,8.99,8.54,8.63,149900,8.63
2010-06-17,8.97,8.97,8.71,8.80,49800,8.80
2010-06-16,9.03,9.03,8.83,8.91,32300,8.91
2010-06-15,9.22,9.22,8.95,9.13,76200,9.13
2010-06-14,8.84,9.38,8.83,9.17,93000,9.17
2010-06-11,8.51,8.81,8.46,8.74,49000,8.74
2010-06-10,8.66,8.69,8.52,8.655,59100,8.655
2010-06-09,8.41,8.63,8.35,8.52,81200,8.52
2010-06-08,8.48,8.62,8.15,8.28,389200,8.28
2010-06-07,8.69,8.94,8.37,8.41,167100,8.41
2010-06-04,8.83,9.03,8.59,8.67,129800,8.67
2010-06-03,9.11,9.30,8.82,9.10,137800,9.10
2010-06-02,8.78,9.28,8.53,9.03,140000,9.03
2010-06-01,9.04,9.21,8.76,8.77,98400,8.77
2010-05-28,9.14,9.27,9.02,9.13,60300,9.13
2010-05-27,9.05,9.22,8.99,9.18,103400,9.18
2010-05-26,9.14,9.62,8.95,8.96,273200,8.96
2010-05-25,9.03,9.19,8.80,9.08,99300,9.08
2010-05-24,9.43,9.59,9.20,9.31,123900,9.31
2010-05-21,9.33,9.53,9.1575,9.39,241300,9.39
2010-05-20,10.03,10.10,9.42,9.45,140500,9.45
2010-05-19,10.71,10.71,10.17,10.34,93000,10.34
2010-05-18,10.74,11.03,10.58,10.70,108100,10.70
2010-05-17,10.11,10.75,9.90,10.66,318800,10.66
2010-05-14,10.22,10.22,9.78,10.00,87600,10.00
2010-05-13,10.28,10.37,10.08,10.30,82800,10.30
2010-05-12,10.02,10.37,9.89,10.35,120300,10.35
2010-05-11,9.53,10.11,9.38,9.99,155000,9.99
2010-05-10,9.63,10.17,9.56,9.74,132500,9.74
2010-05-07,9.50,9.99,8.71,9.02,505600,9.02
2010-05-06,9.50,10.35,8.99,9.30,215900,9.30
2010-05-05,9.32,9.62,8.98,9.02,130700,9.02
2010-05-04,9.71,9.71,9.24,9.42,121200,9.42
2010-05-03,10.01,10.04,9.76,9.81,112200,9.81
2010-04-30,10.79,10.79,9.94,9.96,171400,9.96
2010-04-29,10.21,10.78,9.94,10.77,105800,10.77
2010-04-28,10.33,10.34,10.06,10.13,81000,10.13
2010-04-27,9.98,10.27,9.73,10.15,145400,10.15
2010-04-26,10.29,10.38,9.96,9.99,60900,9.99
2010-04-23,10.10,10.30,9.92,10.29,92700,10.29
2010-04-22,10.10,10.43,9.97,10.13,159900,10.13
2010-04-21,10.84,10.865,10.20,10.28,163200,10.28
2010-04-20,11.14,11.19,10.72,10.81,220300,10.81
2010-04-19,10.74,11.1992,10.70,11.02,136500,11.02
2010-04-16,10.58,10.90,10.39,10.83,181200,10.83
2010-04-15,10.58,10.66,10.27,10.59,134200,10.59
2010-04-14,10.22,10.57,10.16,10.55,103700,10.55
2010-04-13,10.11,10.21,9.87,10.16,107500,10.16
2010-04-12,10.32,10.40,10.03,10.13,161400,10.13
2010-04-09,10.42,10.56,10.30,10.32,82000,10.32
2010-04-08,10.32,10.50,10.27,10.45,92900,10.45
2010-04-07,10.36,10.41,9.77,10.40,224000,10.40
2010-04-06,10.59,10.7799,10.37,10.42,132900,10.42
2010-04-05,10.54,10.72,10.32,10.72,159500,10.72
2010-04-01,10.54,10.55,10.22,10.46,141300,10.46
2010-03-31,10.72,10.86,10.47,10.47,233700,10.47
2010-03-30,10.86,10.95,10.68,10.84,134400,10.84
2010-03-29,11.02,11.07,10.66,10.77,216800,10.77
2010-03-26,11.16,11.25,10.76,11.02,328000,11.02
2010-03-25,11.24,11.29,11.011,11.16,605000,11.16
2010-03-24,10.72,11.28,10.65,11.16,2014800,11.16
2010-03-23,12.67,12.75,11.85,12.47,265000,12.47
2010-03-22,12.46,12.89,11.90,12.69,469600,12.69
2010-03-19,12.45,12.94,12.05,12.94,891500,12.94
2010-03-18,10.36,12.20,10.051,12.15,1803600,12.15
2010-03-17,9.23,9.56,8.91,9.47,133900,9.47
2010-03-16,9.37,9.47,8.95,9.19,169600,9.19
2010-03-15,9.28,9.41,8.91,9.37,188200,9.37
2010-03-12,9.59,9.68,9.11,9.40,206200,9.40
2010-03-11,9.48,9.87,9.30,9.61,131300,9.61
2010-03-10,9.07,9.65,8.96,9.59,180700,9.59
2010-03-09,8.87,9.08,8.61,9.07,200200,9.07
2010-03-08,8.52,9.06,8.375,8.89,252700,8.89
2010-03-05,8.43,8.52,8.25,8.48,239800,8.48
2010-03-04,8.24,8.48,8.05,8.42,497200,8.42
2010-03-03,7.55,7.95,7.47,7.87,334000,7.87
2010-03-02,7.96,8.09,7.48,7.49,1658200,7.49
2010-03-01,6.83,6.96,6.75,6.95,102600,6.95
2010-02-26,6.84,6.85,6.73,6.77,47200,6.77
2010-02-25,6.75,6.87,6.69,6.85,131800,6.85
2010-02-24,6.94,6.95,6.80,6.85,104300,6.85
2010-02-23,6.85,6.98,6.78,6.92,221100,6.92
2010-02-22,6.89,6.96,6.79,6.85,107000,6.85
2010-02-19,6.94,7.05,6.76,6.85,439200,6.85
2010-02-18,7.09,7.30,6.98,7.11,92100,7.11
2010-02-17,7.02,7.19,6.82,7.09,229000,7.09
2010-02-16,7.35,7.37,6.92,7.02,57900,7.02
2010-02-12,6.99,7.34,6.91,7.34,88900,7.34
2010-02-11,6.82,7.12,6.80,7.08,58200,7.08
2010-02-10,6.76,6.90,6.75,6.87,76600,6.87
2010-02-09,7.10,7.20,6.80,6.88,56100,6.88
2010-02-08,7.13,7.1895,6.85,6.85,76900,6.85
2010-02-05,6.88,7.26,6.76,7.12,95000,7.12
2010-02-04,6.88,6.89,6.80,6.80,81400,6.80
2010-02-03,6.85,7.11,6.62,7.04,153500,7.04
2010-02-02,6.97,7.10,6.73,6.77,90600,6.77
2010-02-01,7.09,7.19,6.85,6.97,96700,6.97
2010-01-29,7.54,7.75,6.79,6.79,169900,6.79
2010-01-28,7.54,7.57,7.15,7.33,82700,7.33
2010-01-27,7.31,7.50,7.23,7.41,42000,7.41
2010-01-26,7.23,7.5173,7.15,7.28,40400,7.28
2010-01-25,7.26,7.43,7.14,7.26,28200,7.26
2010-01-22,7.50,7.76,7.16,7.19,48600,7.19
2010-01-21,8.11,8.24,7.42,7.42,53200,7.42
2010-01-20,8.08,8.5025,7.70,7.85,71800,7.85
2010-01-19,7.65,8.10,7.65,8.10,60200,8.10
2010-01-15,7.87,7.92,7.532,7.62,63500,7.62
2010-01-14,7.79,8.06,7.77,7.89,30000,7.89
2010-01-13,7.84,7.96,7.6506,7.83,33800,7.83
2010-01-12,7.86,7.90,7.70,7.81,41900,7.81
2010-01-11,7.82,8.08,7.58,7.94,48100,7.94
2010-01-08,7.53,7.84,7.41,7.64,58600,7.64
2010-01-07,7.64,7.70,7.30,7.47,42200,7.47
2010-01-06,7.61,7.76,7.44,7.51,59800,7.51
2010-01-05,7.86,7.93,7.60,7.66,70500,7.66
2010-01-04,8.03,8.15,7.85,7.92,51900,7.92
2009-12-31,8.18,8.29,7.91,7.91,73500,7.91
2009-12-30,8.06,8.16,7.91,8.16,34000,8.16
2009-12-29,8.01,8.21,7.87,8.11,22700,8.11
2009-12-28,7.98,8.00,7.91,7.97,33300,7.97
2009-12-24,8.01,8.10,7.90,7.98,19000,7.98
2009-12-23,8.99,8.99,7.94,8.03,45200,8.03
2009-12-22,8.39,8.46,8.13,8.21,82200,8.21
2009-12-21,8.51,8.95,8.12,8.46,79400,8.46
2009-12-18,8.42,8.71,7.951,8.65,365800,8.65
2009-12-17,8.01,8.43,7.80,8.40,108300,8.40
2009-12-16,7.85,8.02,7.70,7.81,157200,7.81
2009-12-15,7.50,7.81,7.40,7.72,78100,7.72
2009-12-14,7.09,7.39,7.03,7.39,36400,7.39
2009-12-11,7.10,7.27,6.901,6.97,55200,6.97
2009-12-10,7.05,7.27,6.91,6.95,109500,6.95
2009-12-09,7.00,7.04,6.86,6.98,172600,6.98
2009-12-08,7.26,7.32,6.99,7.03,88700,7.03
2009-12-07,7.18,7.4645,7.18,7.33,38100,7.33
2009-12-04,7.24,7.45,7.13,7.20,53900,7.20
2009-12-03,7.13,7.25,7.03,7.05,70300,7.05
2009-12-02,7.33,7.43,7.07,7.22,30900,7.22
2009-12-01,7.47,7.54,7.06,7.33,42500,7.33
2009-11-30,6.89,7.37,6.685,7.34,129300,7.34
2009-11-27,7.28,7.29,6.89,6.89,80300,6.89
2009-11-25,7.48,7.70,7.36,7.42,85300,7.42
2009-11-24,7.68,7.71,7.40,7.51,114400,7.51
2009-11-23,7.65,7.74,7.43,7.68,260000,7.68
2009-11-20,7.24,7.49,7.10,7.40,77300,7.40
2009-11-19,7.82,8.05,7.225,7.32,87200,7.32
2009-11-18,7.94,8.19,7.83,7.92,98300,7.92
2009-11-17,8.05,8.05,7.82,7.98,83900,7.98
2009-11-16,8.30,8.54,7.82,8.07,103000,8.07
2009-11-13,8.38,8.44,7.90,8.23,152200,8.23
2009-11-12,8.66,8.84,8.05,8.38,154400,8.38
2009-11-11,8.86,9.20,8.79,9.12,86900,9.12
2009-11-10,8.74,9.00,8.58,8.72,69300,8.72
2009-11-09,8.81,8.815,8.66,8.77,61800,8.77
2009-11-06,8.65,8.82,8.61,8.74,95800,8.74
2009-11-05,8.60,8.84,8.41,8.76,35700,8.76
2009-11-04,8.92,9.02,8.50,8.53,65700,8.53
2009-11-03,8.08,8.93,8.08,8.89,93900,8.89
2009-11-02,8.25,8.25,8.02,8.13,37300,8.13
2009-10-30,8.15,8.27,8.00,8.21,113700,8.21
2009-10-29,8.14,8.48,8.1201,8.27,48000,8.27
2009-10-28,8.50,8.55,8.00,8.07,81200,8.07
2009-10-27,8.73,8.90,8.54,8.54,35900,8.54
2009-10-26,8.51,8.89,8.51,8.74,53900,8.74
2009-10-23,8.79,8.8494,8.44,8.47,89600,8.47
2009-10-22,8.60,8.79,8.57,8.78,50200,8.78
2009-10-21,8.75,9.00,8.60,8.63,80200,8.63
2009-10-20,9.02,9.08,8.75,8.77,54400,8.77
2009-10-19,8.88,9.09,8.77,8.98,39300,8.98
2009-10-16,9.12,9.14,8.65,8.77,124700,8.77
2009-10-15,9.09,9.24,8.95,9.23,33300,9.23
2009-10-14,9.03,9.18,8.85,9.14,45100,9.14
2009-10-13,9.06,9.68,8.7102,8.86,64600,8.86
2009-10-12,9.05,9.99,9.04,9.04,103500,9.04
2009-10-09,8.99,9.13,8.85,8.96,50200,8.96
2009-10-08,8.90,9.02,8.85,8.85,53400,8.85
2009-10-07,8.75,8.94,8.57,8.85,40100,8.85
2009-10-06,8.75,9.037,8.56,8.79,38600,8.79
2009-10-05,8.67,8.79,8.51,8.71,52800,8.71
2009-10-02,8.55,8.93,8.50,8.62,92000,8.62
2009-10-01,8.75,8.93,8.58,8.58,90100,8.58
2009-09-30,8.88,9.09,8.55,8.77,95800,8.77
2009-09-29,9.12,9.22,8.86,8.87,61300,8.87
2009-09-28,8.95,9.40,8.95,9.18,60100,9.18
2009-09-25,9.00,9.1099,8.81,8.87,37400,8.87
2009-09-24,9.45,9.6399,9.00,9.04,93400,9.04
2009-09-23,9.63,9.87,9.44,9.44,91900,9.44
2009-09-22,9.50,9.68,9.30,9.56,83100,9.56
2009-09-21,9.62,9.68,9.295,9.39,72200,9.39
2009-09-18,9.54,9.71,8.58,9.69,625800,9.69
2009-09-17,9.64,9.68,9.42,9.48,39600,9.48
2009-09-16,9.51,9.79,9.10,9.58,71000,9.58
2009-09-15,9.40,9.82,9.33,9.39,87000,9.39
2009-09-14,8.99,9.66,8.99,9.40,68100,9.40
2009-09-11,9.02,9.37,8.98,9.02,79800,9.02
2009-09-10,8.98,9.15,8.84,9.03,51000,9.03
2009-09-09,9.02,9.09,8.86,8.97,37800,8.97
2009-09-08,9.33,9.47,8.81,9.05,99100,9.05
2009-09-04,8.83,9.28,8.83,9.26,107000,9.26
2009-09-03,8.92,9.00,8.58,8.86,55500,8.86
2009-09-02,8.64,8.93,8.43,8.86,107400,8.86
2009-09-01,9.03,9.31,8.63,8.67,86700,8.67
2009-08-31,9.34,9.56,8.90,9.12,71300,9.12
2009-08-28,9.87,10.02,9.32,9.46,52500,9.46
2009-08-27,9.56,10.07,9.01,9.81,114600,9.81
2009-08-26,9.79,10.12,9.44,9.60,59700,9.60
2009-08-25,9.64,10.06,9.64,9.77,46300,9.77
2009-08-24,9.63,9.79,9.42,9.56,60200,9.56
2009-08-21,9.73,9.73,9.36,9.63,98300,9.63
2009-08-20,9.50,9.65,9.32,9.53,65500,9.53
2009-08-19,9.46,9.60,9.3525,9.49,49800,9.49
2009-08-18,9.48,9.70,9.33,9.57,64300,9.57
2009-08-17,9.86,9.89,9.36,9.39,86900,9.39
2009-08-14,10.29,10.29,9.56,9.82,102200,9.82
2009-08-13,10.60,10.60,9.92,10.34,56200,10.34
2009-08-12,10.39,10.76,10.33,10.48,86600,10.48
2009-08-11,10.32,10.89,10.27,10.43,73600,10.43
2009-08-10,10.17,10.74,10.1142,10.43,118500,10.43
2009-08-07,10.19,10.83,9.99,10.21,171300,10.21
2009-08-06,11.54,12.33,9.71,9.97,191600,9.97
2009-08-05,12.13,12.13,11.50,11.66,56800,11.66
2009-08-04,11.92,12.24,11.81,12.16,56200,12.16
2009-08-03,12.21,12.21,11.77,12.05,53700,12.05
2009-07-31,12.22,12.74,12.00,12.06,88400,12.06
2009-07-30,12.40,12.68,12.15,12.31,68600,12.31
2009-07-29,12.26,12.45,12.03,12.17,76600,12.17
2009-07-28,12.03,12.46,11.97,12.41,87500,12.41
2009-07-27,12.09,12.28,11.62,12.10,89800,12.10
2009-07-24,11.95,12.32,11.82,12.01,109800,12.01
2009-07-23,12.24,12.61,11.91,12.05,156500,12.05
2009-07-22,12.42,13.25,12.12,12.21,168800,12.21
2009-07-21,12.12,12.51,11.98,12.49,134300,12.49
2009-07-20,12.55,12.86,12.38,12.76,91600,12.76
2009-07-17,13.26,13.26,12.29,12.48,179900,12.48
2009-07-16,12.98,13.63,12.80,13.22,160500,13.22
2009-07-15,12.97,13.25,12.65,13.10,142500,13.10
2009-07-14,12.45,12.9182,12.15,12.73,120400,12.73
2009-07-13,12.33,12.7499,12.15,12.50,114600,12.50
2009-07-10,11.76,12.30,11.66,12.23,99300,12.23
2009-07-09,12.05,12.44,11.77,11.87,93000,11.87
2009-07-08,11.86,12.14,11.73,11.99,109000,11.99
2009-07-07,11.50,12.13,11.26,11.77,118000,11.77
2009-07-06,11.47,11.75,11.19,11.46,121200,11.46
2009-07-02,12.20,12.20,11.32,11.53,186400,11.53
2009-07-01,11.90,12.689,11.66,12.39,176200,12.39
2009-06-30,12.65,12.67,11.74,11.76,170300,11.76
2009-06-29,11.54,12.86,11.54,12.60,185600,12.60
2009-06-26,11.36,11.59,10.67,11.49,214100,11.49
2009-06-25,10.80,11.39,10.70,11.34,127000,11.34
2009-06-24,10.62,10.98,10.54,10.86,92000,10.86
2009-06-23,10.51,11.05,10.20,10.47,104700,10.47
2009-06-22,10.87,11.04,10.36,10.39,110600,10.39
2009-06-19,11.17,11.48,10.87,10.92,206800,10.92
2009-06-18,10.54,11.0195,10.04,10.96,89700,10.96
2009-06-17,10.07,10.78,10.0101,10.59,114200,10.59
2009-06-16,10.33,10.71,9.92,10.01,89700,10.01
2009-06-15,10.98,11.185,9.91,10.06,133600,10.06
2009-06-12,10.65,11.16,10.41,11.13,156000,11.13
2009-06-11,11.06,11.30,10.65,10.67,119200,10.67
2009-06-10,11.21,11.24,10.56,10.90,162600,10.90
2009-06-09,11.77,11.77,10.94,10.95,95100,10.95
2009-06-08,12.00,12.00,11.12,11.68,135200,11.68
2009-06-05,11.49,12.22,11.42,12.15,108700,12.15
2009-06-04,11.25,11.45,11.00,11.34,100700,11.34
2009-06-03,11.62,11.66,10.8194,11.14,105000,11.14
2009-06-02,11.25,11.89,10.95,11.76,150700,11.76
2009-06-01,10.91,11.43,10.7812,11.34,120800,11.34
2009-05-29,10.43,10.72,9.87,10.66,60400,10.66
2009-05-28,10.85,10.85,10.20,10.43,89100,10.43
2009-05-27,11.79,11.79,10.77,10.83,80500,10.83
2009-05-26,10.83,11.78,10.62,11.34,154500,11.34
2009-05-22,11.06,12.06,10.1301,10.98,211700,10.98
2009-05-21,9.93,10.06,9.00,9.65,126600,9.65
2009-05-20,9.90,10.99,9.90,10.04,84800,10.04
2009-05-19,9.61,10.03,9.48,9.87,44200,9.87
2009-05-18,9.55,10.00,9.39,9.76,90000,9.76
2009-05-15,9.82,10.04,9.19,9.44,82300,9.44
2009-05-14,8.79,10.00,8.66,9.74,102400,9.74
2009-05-13,8.92,9.1804,8.38,8.45,105000,8.45
2009-05-12,9.38,9.98,8.73,9.07,89800,9.07
2009-05-11,9.70,9.70,9.17,9.36,74500,9.36
2009-05-08,8.52,9.99,8.49,9.85,100500,9.85
2009-05-07,10.00,10.00,7.015,8.21,146800,8.21
2009-05-06,10.94,11.07,10.25,10.50,96400,10.50
2009-05-05,10.72,11.08,10.52,10.87,83300,10.87
2009-05-04,10.60,10.84,10.15,10.74,65500,10.74
2009-05-01,10.09,10.64,9.80,10.50,107600,10.50
2009-04-30,10.52,11.30,10.08,10.12,144200,10.12
2009-04-29,9.65,10.75,9.51,10.43,88400,10.43
2009-04-28,9.81,9.93,9.32,9.61,112500,9.61
2009-04-27,9.98,10.36,9.74,9.92,106600,9.92
2009-04-24,9.88,10.52,9.70,10.18,99900,10.18
2009-04-23,11.12,11.29,9.40,9.83,144000,9.83
2009-04-22,10.23,11.41,10.08,11.12,94100,11.12
2009-04-21,9.09,10.59,9.09,10.40,90100,10.40
2009-04-20,10.17,10.36,9.09,9.14,67000,9.14
2009-04-17,9.87,10.57,9.85,10.40,132900,10.40
2009-04-16,9.48,9.88,9.23,9.83,79000,9.83
2009-04-15,8.60,9.49,8.60,9.38,55100,9.38
2009-04-14,8.71,8.72,8.32,8.68,81500,8.68
2009-04-13,8.75,9.00,8.59,8.87,29300,8.87
2009-04-09,8.80,9.82,8.68,8.87,127300,8.87
2009-04-08,8.72,8.795,8.35,8.61,60400,8.61
2009-04-07,8.46,9.30,8.32,8.69,87700,8.69
2009-04-06,8.79,9.18,8.54,8.59,76700,8.59
2009-04-03,8.39,8.94,8.23,8.92,78400,8.92
2009-04-02,7.63,8.50,7.63,8.38,133400,8.38
2009-04-01,7.18,7.45,7.05,7.44,70400,7.44
2009-03-31,7.34,7.5099,7.09,7.27,61400,7.27
2009-03-30,7.37,7.45,6.99,7.24,93900,7.24
2009-03-27,8.11,8.11,7.36,7.55,112700,7.55
2009-03-26,8.32,8.44,7.91,8.24,119000,8.24
2009-03-25,7.81,8.28,7.69,8.27,89700,8.27
2009-03-24,8.22,8.52,7.72,7.78,61800,7.78
2009-03-23,7.44,8.32,7.44,8.30,121300,8.30
2009-03-20,7.08,7.47,6.96,7.22,127100,7.22
2009-03-19,7.25,7.40,6.925,7.00,176500,7.00
2009-03-18,7.03,7.14,6.86,7.14,99900,7.14
2009-03-17,6.84,7.20,6.84,7.05,110500,7.05
2009-03-16,7.05,7.22,6.64,6.86,78300,6.86
2009-03-13,7.04,7.26,6.82,7.01,47600,7.01
2009-03-12,6.19,7.06,6.085,7.03,60800,7.03
2009-03-11,6.72,7.12,6.13,6.23,61700,6.23
2009-03-10,5.98,6.76,5.94,6.72,83400,6.72
2009-03-09,6.19,6.3396,5.70,5.90,92000,5.90
2009-03-06,6.28,6.485,5.93,6.28,84400,6.28
2009-03-05,7.16,7.36,6.18,6.23,95100,6.23
2009-03-04,7.03,7.44,6.70,7.33,105500,7.33
2009-03-03,7.14,7.24,6.86,6.94,86300,6.94
2009-03-02,7.70,7.74,7.05,7.08,115800,7.08
2009-02-27,8.29,8.36,7.89,8.02,414700,8.02
2009-02-26,8.86,9.43,8.35,8.38,87300,8.38
2009-02-25,9.02,9.02,8.45,8.86,126400,8.86
2009-02-24,8.55,9.26,8.51,9.13,168700,9.13
2009-02-23,8.73,8.94,8.32,8.49,90900,8.49
2009-02-20,8.61,8.8999,8.32,8.69,120000,8.69
2009-02-19,8.84,8.92,8.6604,8.76,66200,8.76
2009-02-18,8.82,8.955,8.65,8.77,75700,8.77
2009-02-17,9.09,9.22,8.46,8.79,174500,8.79
2009-02-13,9.31,9.62,9.05,9.40,34900,9.40
2009-02-12,8.82,9.38,8.62,9.33,111300,9.33
2009-02-11,9.57,9.58,8.66,8.97,119300,8.97
2009-02-10,9.38,9.845,9.13,9.51,110600,9.51
2009-02-09,9.94,10.11,9.35,9.46,101700,9.46
2009-02-06,8.64,10.03,8.64,10.02,191700,10.02
2009-02-05,7.39,8.77,7.17,8.67,220500,8.67
2009-02-04,7.16,7.38,7.00,7.11,102400,7.11
2009-02-03,6.76,7.23,6.60,7.19,117700,7.19
2009-02-02,6.24,6.80,6.00,6.73,177500,6.73
2009-01-30,6.54,6.5825,6.02,6.29,473500,6.29
2009-01-29,7.56,7.56,6.33,6.46,286600,6.46
2009-01-28,7.68,7.68,7.56,7.61,211500,7.61
2009-01-27,7.70,7.7375,7.55,7.60,131300,7.60
2009-01-26,7.70,7.94,7.53,7.61,164600,7.61
2009-01-23,7.70,7.87,7.61,7.72,89000,7.72
2009-01-22,7.97,8.10,7.67,7.90,50600,7.90
2009-01-21,7.98,8.20,7.87,8.09,183900,8.09
2009-01-20,8.67,8.87,7.92,7.93,38500,7.93
2009-01-16,8.91,8.91,8.45,8.80,38800,8.80
2009-01-15,8.77,8.97,8.68,8.86,127800,8.86
2009-01-14,8.88,9.31,8.70,8.78,45400,8.78
2009-01-13,9.39,9.504,8.78,9.07,211700,9.07
2009-01-12,9.755,9.90,9.37,9.42,99100,9.42
2009-01-09,10.24,10.24,9.69,9.73,78000,9.73
2009-01-08,10.24,10.35,10.11,10.27,68000,10.27
2009-01-07,9.92,10.40,9.89,10.25,145600,10.25
2009-01-06,9.91,10.47,9.87,10.03,160700,10.03
2009-01-05,10.05,10.05,9.54,9.82,125600,9.82
2009-01-02,9.58,10.19,9.345,10.01,131100,10.01
2008-12-31,9.54,10.56,9.54,10.44,151600,10.44
2008-12-30,9.40,9.60,9.40,9.50,158200,9.50
2008-12-29,9.78,9.88,9.25,9.30,57700,9.30
2008-12-26,9.64,9.81,9.45,9.81,52200,9.81
2008-12-24,9.24,9.9899,9.24,9.61,38200,9.61
2008-12-23,9.54,9.82,9.13,9.23,97200,9.23
2008-12-22,9.55,9.86,9.06,9.45,88200,9.45
2008-12-19,9.86,10.15,9.51,9.53,276900,9.53
2008-12-18,9.50,9.99,9.24,9.68,127600,9.68
2008-12-17,9.50,9.99,9.18,9.57,99900,9.57
2008-12-16,9.43,9.72,9.05,9.49,120500,9.49
2008-12-15,9.68,10.24,9.12,9.27,69500,9.27
2008-12-12,9.14,9.75,8.90,9.65,105600,9.65
2008-12-11,9.60,10.06,9.19,9.32,65200,9.32
2008-12-10,9.72,10.13,9.57,9.76,74300,9.76
2008-12-09,9.81,10.15,9.48,9.61,102800,9.61
2008-12-08,9.32,10.17,8.93,9.90,112600,9.90
2008-12-05,8.60,9.20,8.30,9.19,100500,9.19
2008-12-04,8.55,9.10,8.20,8.72,120100,8.72
2008-12-03,7.79,8.64,7.43,8.62,166800,8.62
2008-12-02,7.59,8.00,7.37,7.97,192700,7.97
2008-12-01,7.21,7.68,7.21,7.46,227000,7.46
2008-11-28,7.53,7.72,7.16,7.38,49700,7.38
2008-11-26,6.94,7.58,6.72,7.58,107400,7.58
2008-11-25,6.56,7.12,6.18,7.09,138100,7.09
2008-11-24,6.15,6.67,6.05,6.49,165300,6.49
2008-11-21,6.41,6.57,5.89,6.14,320700,6.14
2008-11-20,6.98,7.42,6.14,6.34,487000,6.34
2008-11-19,7.62,7.75,7.04,7.04,293200,7.04
2008-11-18,7.39,7.70,7.10,7.64,456600,7.64
2008-11-17,7.46,7.87,6.61,6.98,414500,6.98
2008-11-14,10.86,10.86,7.55,7.71,1172100,7.71
2008-11-13,14.39,14.85,13.37,14.63,179600,14.63
2008-11-12,14.18,14.82,13.51,14.55,158900,14.55
2008-11-11,14.28,14.93,13.92,14.31,127600,14.31
2008-11-10,14.79,14.97,14.08,14.32,40500,14.32
2008-11-07,14.47,14.94,13.94,14.56,68500,14.56
2008-11-06,14.04,14.76,14.04,14.35,71200,14.35
2008-11-05,14.31,14.95,14.04,14.10,88500,14.10
2008-11-04,15.67,15.85,14.11,14.40,110200,14.40
2008-11-03,14.69,15.78,14.67,15.33,105900,15.33
2008-10-31,14.83,15.518,14.83,15.518,128100,15.518
2008-10-30,13.90,14.97,13.90,14.85,179700,14.85
2008-10-29,13.15,14.11,12.97,13.57,178800,13.57
2008-10-28,12.32,13.08,11.80,13.07,110300,13.07
2008-10-27,12.81,12.89,12.10,12.12,90000,12.12
2008-10-24,12.73,13.72,12.50,12.85,82700,12.85
2008-10-23,13.75,14.24,12.80,13.35,99400,13.35
2008-10-22,13.86,14.12,13.13,13.63,74400,13.63
2008-10-21,13.88,14.26,12.99,14.07,102000,14.07
2008-10-20,13.81,14.25,13.55,14.01,96900,14.01
2008-10-17,13.69,14.16,13.225,13.55,157000,13.55
2008-10-16,13.07,14.00,12.82,13.95,171800,13.95
2008-10-15,13.73,13.95,12.85,12.94,118800,12.94
2008-10-14,14.42,14.42,13.86,14.03,135800,14.03
2008-10-13,14.96,14.96,13.70,14.12,212500,14.12
2008-10-10,13.68,14.41,13.04,14.37,245500,14.37
2008-10-09,14.99,15.81,13.72,13.72,174800,13.72
2008-10-08,14.58,15.31,14.43,14.76,198800,14.76
2008-10-07,15.55,15.69,14.83,14.89,133100,14.89
2008-10-06,15.17,15.59,14.41,15.27,263100,15.27
2008-10-03,16.63,17.50,15.09,15.41,185900,15.41
2008-10-02,17.72,17.77,16.09,16.30,125800,16.30
2008-10-01,17.81,18.28,17.25,17.76,165200,17.76
2008-09-30,17.82,18.06,17.19,17.92,141000,17.92
2008-09-29,18.58,18.85,17.61,17.61,83700,17.61
2008-09-26,18.79,19.70,16.97,18.79,155400,18.79
2008-09-25,19.10,19.60,18.79,18.98,243300,18.98
2008-09-24,20.18,21.17,18.78,19.03,216000,19.03
2008-09-23,20.91,21.52,19.85,20.23,126800,20.23
2008-09-22,20.99,21.33,19.28,20.85,202700,20.85
2008-09-19,20.96,20.98,19.87,20.89,763300,20.89
2008-09-18,20.44,20.54,19.33,19.87,252300,19.87
2008-09-17,21.26,21.26,19.87,19.87,191100,19.87
2008-09-16,21.40,21.53,20.77,21.40,114900,21.40
2008-09-15,20.82,21.83,20.80,21.28,105400,21.28
2008-09-12,21.29,21.75,20.90,21.29,137000,21.29
2008-09-11,20.87,21.56,20.87,21.38,75900,21.38
2008-09-10,21.37,21.85,20.76,21.03,176300,21.03
2008-09-09,20.99,22.11,20.99,20.99,164600,20.99
2008-09-08,21.99,22.52,20.87,20.93,196000,20.93
2008-09-05,21.34,21.34,20.96,21.26,135800,21.26
2008-09-04,22.29,22.54,21.28,21.34,232600,21.34
2008-09-03,21.32,22.66,20.89,22.43,125500,22.43
2008-09-02,21.73,22.69,21.23,21.30,100400,21.30
2008-08-29,21.61,21.71,21.25,21.27,87300,21.27
2008-08-28,21.24,21.78,20.62,21.63,96700,21.63
2008-08-27,21.14,21.17,20.27,21.01,112800,21.01
2008-08-26,20.85,21.215,19.93,21.05,64800,21.05
2008-08-25,21.34,21.38,20.59,20.86,66000,20.86
2008-08-22,20.77,21.50,19.79,21.29,67300,21.29
2008-08-21,20.84,21.035,20.54,20.66,45900,20.66
2008-08-20,21.31,21.40,20.637,20.93,58100,20.93
2008-08-19,21.09,21.35,20.4699,21.19,71500,21.19
2008-08-18,21.65,21.65,20.66,21.09,73200,21.09
2008-08-15,21.61,21.68,21.01,21.68,97200,21.68
2008-08-14,20.90,21.57,20.38,21.38,71300,21.38
2008-08-13,20.48,21.067,20.48,21.067,53100,21.067
2008-08-12,20.94,20.96,20.17,20.41,77700,20.41
2008-08-11,19.77,20.97,19.69,20.95,104400,20.95
2008-08-08,18.54,19.95,18.50,19.64,252800,19.64
2008-08-07,19.31,19.86,16.89,18.46,437400,18.46
2008-08-06,19.22,20.65,18.71,20.12,260600,20.12
2008-08-05,19.16,19.33,18.89,19.05,179000,19.05
2008-08-04,18.85,19.315,18.62,18.96,145700,18.96
2008-08-01,18.59,19.32,18.56,18.78,163100,18.78
2008-07-31,18.22,19.03,18.22,18.67,184800,18.67
2008-07-30,18.72,18.83,18.30,18.39,131100,18.39
2008-07-29,18.52,18.80,18.13,18.57,122700,18.57
2008-07-28,18.73,18.76,18.29,18.40,147400,18.40
2008-07-25,18.31,18.79,18.23,18.72,143100,18.72
2008-07-24,18.26,18.82,18.12,18.22,116800,18.22
2008-07-23,17.99,18.54,17.60,18.10,111700,18.10
2008-07-22,17.13,18.17,17.13,18.08,163100,18.08
2008-07-21,17.51,17.51,16.97,17.16,81400,17.16
2008-07-18,17.91,17.96,17.31,17.51,115000,17.51
2008-07-17,18.23,18.23,17.39,17.88,171200,17.88
2008-07-16,17.99,18.33,17.83,18.33,111200,18.33
2008-07-15,17.17,18.31,17.01,17.77,116600,17.77
2008-07-14,18.00,18.00,17.00,17.28,153800,17.28
2008-07-11,17.71,17.98,17.40,17.79,163000,17.79
2008-07-10,17.83,18.13,17.55,17.83,160600,17.83
2008-07-09,18.72,18.72,17.79,17.85,251700,17.85
2008-07-08,18.06,18.66,17.62,18.65,117800,18.65
2008-07-07,18.00,18.34,17.74,17.99,99600,17.99
2008-07-03,18.04,18.31,17.60,17.79,113300,17.79
2008-07-02,17.98,18.65,17.86,17.87,132200,17.87
2008-07-01,17.83,18.73,17.30,17.96,225500,17.96
2008-06-30,18.18,18.79,17.98,17.98,180700,17.98
2008-06-27,18.84,18.90,18.08,18.90,923200,18.90
2008-06-26,19.17,19.45,18.80,18.85,159500,18.85
2008-06-25,18.96,19.78,18.96,19.78,113800,19.78
2008-06-24,19.14,19.47,18.87,18.87,88700,18.87
2008-06-23,19.55,20.03,19.24,19.33,91000,19.33
2008-06-20,20.02,20.16,19.53,19.64,155000,19.64
2008-06-19,19.86,20.43,19.77,20.15,118500,20.15
2008-06-18,20.11,20.73,19.65,19.67,116700,19.67
2008-06-17,20.30,20.45,19.95,20.11,130300,20.11
2008-06-16,20.34,20.49,19.97,20.16,187800,20.16
2008-06-13,20.43,20.77,20.26,20.42,143100,20.42
2008-06-12,20.23,20.453,20.23,20.453,165900,20.453
2008-06-11,20.56,20.635,20.05,20.08,100900,20.08
2008-06-10,20.80,21.08,20.33,20.65,224800,20.65
2008-06-09,21.92,21.92,20.77,21.01,229700,21.01
2008-06-06,22.18,22.36,21.53,21.82,230200,21.82
2008-06-05,22.06,22.59,22.00,22.28,268200,22.28
2008-06-04,21.96,22.49,21.89,22.03,206800,22.03
2008-06-03,22.30,22.48,21.87,22.09,274500,22.09
2008-06-02,21.62,22.49,21.62,22.16,169000,22.16
2008-05-30,21.23,21.77,21.09,21.70,206300,21.70
2008-05-29,21.11,21.95,20.66,21.12,175600,21.12
2008-05-28,20.92,21.26,20.36,21.13,158800,21.13
2008-05-27,20.50,20.97,20.4001,20.79,53600,20.79
2008-05-23,20.34,20.70,20.19,20.44,166900,20.44
2008-05-22,20.06,20.61,19.65,20.46,91700,20.46
2008-05-21,19.57,20.56,19.57,20.07,231300,20.07
2008-05-20,19.66,19.66,19.34,19.50,190600,19.50
2008-05-19,20.11,20.36,19.73,19.78,142000,19.78
2008-05-16,19.65,20.14,18.97,19.98,356200,19.98
2008-05-15,20.60,21.17,20.32,20.66,115400,20.66
2008-05-14,20.65,21.21,20.32,20.65,177800,20.65
2008-05-13,21.09,21.09,20.23,20.66,163800,20.66
2008-05-12,19.35,21.23,19.35,21.11,317400,21.11
2008-05-09,18.18,19.38,18.04,19.18,144600,19.18
2008-05-08,18.47,18.60,18.00,18.26,206400,18.26
2008-05-07,18.38,18.82,17.50,18.58,184800,18.58
2008-05-06,18.31,18.65,18.07,18.49,162700,18.49
2008-05-05,18.49,18.66,18.27,18.49,114200,18.49
2008-05-02,18.68,18.68,18.13,18.38,262400,18.38
2008-05-01,18.51,19.34,18.32,18.55,281500,18.55
2008-04-30,18.85,18.99,18.03,18.56,304100,18.56
2008-04-29,19.10,19.23,18.89,19.23,314800,19.23
2008-04-28,19.08,19.38,18.82,19.12,284000,19.12
2008-04-25,18.26,19.28,17.87,19.02,227700,19.02
2008-04-24,17.99,18.21,17.79,18.15,236400,18.15
2008-04-23,18.27,18.28,17.76,17.93,553500,17.93
2008-04-22,18.38,19.48,18.17,18.43,524500,18.43
2008-04-21,16.72,20.00,16.09,19.44,1878200,19.44
2008-04-18,22.29,23.07,22.18,23.02,116800,23.02
2008-04-17,21.86,22.115,21.70,22.02,153200,22.02
2008-04-16,22.00,22.13,21.92,22.00,122500,22.00
2008-04-15,21.74,21.98,21.53,21.88,94700,21.88
2008-04-14,21.34,21.95,21.04,21.75,159700,21.75
2008-04-11,21.56,22.41,21.26,21.43,160300,21.43
2008-04-10,21.78,22.2179,21.64,21.73,195900,21.73
2008-04-09,22.08,22.35,21.67,21.87,252500,21.87
2008-04-08,22.37,22.76,21.95,22.01,236200,22.01
2008-04-07,21.19,22.70,21.14,22.52,333100,22.52
2008-04-04,20.52,21.37,20.45,21.30,383300,21.30
2008-04-03,19.81,20.67,19.53,20.56,410900,20.56
2008-04-02,18.74,20.19,18.74,19.95,248000,19.95
2008-04-01,18.27,18.98,18.27,18.78,136000,18.78
2008-03-31,18.51,18.51,18.10,18.20,126600,18.20
2008-03-28,18.76,19.15,18.26,18.56,264200,18.56
2008-03-27,18.84,19.15,18.62,18.74,203300,18.74
2008-03-26,18.98,18.99,18.55,18.89,154400,18.89
2008-03-25,19.26,19.28,18.84,19.23,238100,19.23
2008-03-24,18.43,19.23,18.34,19.21,166700,19.21
2008-03-20,18.69,18.69,18.02,18.32,291000,18.32
2008-03-19,18.67,19.02,18.57,18.58,211700,18.58
2008-03-18,18.72,18.91,18.19,18.46,313100,18.46
2008-03-17,18.21,18.60,18.16,18.39,293900,18.39
2008-03-14,18.94,19.01,18.02,18.33,397100,18.33
2008-03-13,18.76,19.17,18.48,18.78,381400,18.78
2008-03-12,19.67,19.70,18.92,18.98,388500,18.98
2008-03-11,20.34,21.08,18.59,19.75,577800,19.75
2008-03-10,19.87,19.87,18.59,18.86,259600,18.86
2008-03-07,19.93,20.35,19.78,19.94,129300,19.94
2008-03-06,20.93,20.93,20.12,20.14,153700,20.14
2008-03-05,20.91,21.17,20.60,20.90,217800,20.90
2008-03-04,20.73,21.14,19.92,20.70,457900,20.70
2008-03-03,20.91,22.06,19.55,19.77,615200,19.77
2008-02-29,21.10,23.11,20.60,20.85,178000,20.85
2008-02-28,22.42,22.42,21.14,21.27,269100,21.27
2008-02-27,22.76,22.85,22.03,22.39,242100,22.39
2008-02-26,23.03,23.34,22.84,22.98,200800,22.98
2008-02-25,22.89,23.42,22.89,23.23,253700,23.23
2008-02-22,23.28,23.46,22.91,23.08,238700,23.08
2008-02-21,23.92,24.06,23.11,23.28,212000,23.28
2008-02-20,22.86,23.84,22.78,23.80,160100,23.80
2008-02-19,23.50,23.50,22.57,23.04,311500,23.04
2008-02-15,23.45,23.45,22.91,23.27,218900,23.27
2008-02-14,24.04,24.87,23.62,23.69,193100,23.69
2008-02-13,24.08,24.34,23.75,23.94,255100,23.94
2008-02-12,24.82,25.25,23.71,23.84,409600,23.84
2008-02-11,23.29,23.43,22.43,22.57,229500,22.57
2008-02-08,23.18,23.45,22.51,23.37,431700,23.37
2008-02-07,22.24,24.85,22.02,23.98,789500,23.98
2008-02-06,26.57,27.00,25.77,25.83,173800,25.83
2008-02-05,25.51,26.73,25.51,26.21,177400,26.21
2008-02-04,26.20,26.76,25.94,26.07,162900,26.07
2008-02-01,25.03,26.35,24.91,26.14,256600,26.14
2008-01-31,23.17,25.09,23.17,24.88,136100,24.88
2008-01-30,23.89,24.84,23.01,23.52,80800,23.52
2008-01-29,23.38,24.51,23.37,24.08,107500,24.08
2008-01-28,23.04,23.73,22.90,23.28,159700,23.28
2008-01-25,23.79,23.88,23.07,23.14,232100,23.14
2008-01-24,24.25,24.46,23.20,23.57,139600,23.57
2008-01-23,23.33,24.68,23.33,24.40,149200,24.40
2008-01-22,23.25,24.32,22.50,23.94,164800,23.94
2008-01-18,24.54,25.00,23.75,24.16,214800,24.16
2008-01-17,24.22,24.83,23.9001,24.62,265100,24.62
2008-01-16,23.14,24.28,23.04,24.00,159200,24.00
2008-01-15,22.62,23.95,22.62,23.31,155000,23.31
2008-01-14,24.29,24.29,22.90,23.14,165600,23.14
2008-01-11,24.02,24.345,22.96,24.09,167700,24.09
2008-01-10,24.15,24.55,24.01,24.16,121700,24.16
2008-01-09,23.83,24.53,23.83,24.35,130000,24.35
2008-01-08,24.00,24.75,23.84,23.84,169400,23.84
2008-01-07,24.12,24.32,23.77,23.93,170400,23.93
2008-01-04,23.35,24.7199,23.27,23.66,164400,23.66
2008-01-03,24.17,24.17,23.71,23.71,127000,23.71
2008-01-02,24.42,24.92,23.9001,24.24,102400,24.24
2007-12-31,24.10,24.81,24.10,24.56,96600,24.56
2007-12-28,24.44,24.58,23.98,24.10,87400,24.10
2007-12-27,24.84,25.0099,24.00,24.40,126700,24.40
2007-12-26,24.06,25.00,24.01,24.79,155300,24.79
2007-12-24,24.10,24.50,23.26,24.24,48700,24.24
2007-12-21,23.67,24.50,23.46,24.13,277300,24.13
2007-12-20,22.84,23.64,22.75,23.29,239400,23.29
2007-12-19,23.20,23.35,22.06,22.95,298800,22.95
2007-12-18,23.24,23.49,23.11,23.39,176600,23.39
2007-12-17,23.42,23.92,23.20,23.25,148300,23.25
2007-12-14,23.89,24.10,23.36,23.68,166700,23.68
2007-12-13,23.74,24.09,23.20,24.03,157500,24.03
2007-12-12,23.55,24.16,22.90,23.79,231300,23.79
2007-12-11,23.92,23.98,22.86,23.25,246800,23.25
2007-12-10,24.01,24.14,23.53,23.83,208800,23.83
2007-12-07,23.88,24.25,23.68,24.06,157300,24.06
2007-12-06,24.52,24.68,23.90,23.99,172600,23.99
2007-12-05,25.25,25.335,24.29,24.62,149800,24.62
2007-12-04,25.41,25.91,25.08,25.13,250500,25.13
2007-12-03,25.15,25.81,25.02,25.44,192400,25.44
2007-11-30,24.82,25.55,24.82,25.42,179000,25.42
2007-11-29,24.76,24.92,24.30,24.57,264500,24.57
2007-11-28,24.46,25.54,24.17,24.92,386600,24.92
2007-11-27,23.41,24.41,23.37,24.32,253200,24.32
2007-11-26,23.27,23.78,22.95,23.30,183900,23.30
2007-11-23,22.50,23.48,22.30,23.19,75300,23.19
2007-11-21,22.17,23.08,22.15,22.51,193000,22.51
2007-11-20,22.56,22.97,22.10,22.25,194000,22.25
2007-11-19,23.10,23.24,22.25,22.64,179800,22.64
2007-11-16,23.90,24.00,22.57,23.40,185200,23.40
2007-11-15,22.74,24.25,22.28,23.95,667400,23.95
2007-11-14,24.22,24.87,21.40,21.90,2341500,21.90
2007-11-13,27.14,27.58,26.07,26.50,277900,26.50
2007-11-12,27.25,28.19,26.85,27.07,122300,27.07
2007-11-09,27.56,28.36,27.15,27.28,122100,27.28
2007-11-08,27.72,28.32,27.37,27.79,161300,27.79
2007-11-07,27.43,28.21,27.40,27.53,139900,27.53
2007-11-06,26.82,27.44,25.58,27.38,150500,27.38
2007-11-05,26.38,27.06,25.81,26.78,106700,26.78
2007-11-02,27.24,27.44,25.33,26.58,232300,26.58
2007-11-01,27.54,28.55,26.90,27.11,384200,27.11
2007-10-31,28.22,28.22,27.08,27.73,102800,27.73
2007-10-30,28.10,28.64,27.76,28.08,73600,28.08
2007-10-29,28.88,29.07,27.95,28.18,117800,28.18
2007-10-26,28.77,28.93,27.40,28.74,104500,28.74
2007-10-25,29.07,29.15,28.07,28.54,65800,28.54
2007-10-24,29.17,29.2599,28.20,28.94,272700,28.94
2007-10-23,28.79,29.42,28.78,29.27,79600,29.27
2007-10-22,27.38,28.89,27.30,28.62,82500,28.62
2007-10-19,28.05,28.79,27.44,27.55,102200,27.55
2007-10-18,28.01,28.93,27.86,28.06,70600,28.06
2007-10-17,28.44,29.32,28.27,28.81,191800,28.81
2007-10-16,28.90,29.07,28.43,28.45,169600,28.45
2007-10-15,29.17,29.40,28.85,29.10,159900,29.10
2007-10-12,28.98,29.50,28.98,29.32,146800,29.32
2007-10-11,29.85,29.98,28.99,28.99,213300,28.99
2007-10-10,28.81,29.92,28.54,29.81,269300,29.81
2007-10-09,28.73,28.95,28.17,28.75,198700,28.75
2007-10-08,28.75,29.13,28.24,28.76,187300,28.76
2007-10-05,28.46,28.86,27.85,28.76,148000,28.76
2007-10-04,27.46,28.534,27.46,28.27,179100,28.27
2007-10-03,27.80,28.27,27.01,27.41,140400,27.41
2007-10-02,27.30,28.26,27.13,27.93,165700,27.93
2007-10-01,27.51,28.06,27.11,27.54,186800,27.54
2007-09-28,28.16,28.32,27.29,27.46,144000,27.46
2007-09-27,27.03,28.73,27.03,28.24,99300,28.24
2007-09-26,26.99,27.67,26.80,27.05,189700,27.05
2007-09-25,28.26,28.48,26.62,26.81,310100,26.81
2007-09-24,28.63,29.58,27.88,28.38,100400,28.38
2007-09-21,29.62,29.62,28.20,28.70,173500,28.70
2007-09-20,28.95,29.87,28.74,29.41,97100,29.41
2007-09-19,29.05,29.56,28.82,29.08,105700,29.08
2007-09-18,28.31,29.11,27.45,28.81,118500,28.81
2007-09-17,28.38,28.426,27.55,28.12,153400,28.12
2007-09-14,28.54,28.81,28.25,28.49,75200,28.49
2007-09-13,28.90,29.91,28.56,28.89,71500,28.89
2007-09-12,29.31,29.31,28.29,28.59,130700,28.59
2007-09-11,29.44,29.92,28.45,29.48,147300,29.48
2007-09-10,30.56,30.56,29.16,29.22,109500,29.22
2007-09-07,30.16,30.69,30.02,30.66,150700,30.66
2007-09-06,29.27,30.72,29.27,30.72,158300,30.72
2007-09-05,29.19,29.69,28.8101,29.34,245100,29.34
2007-09-04,29.34,29.93,29.16,29.40,101900,29.40
2007-08-31,29.98,30.88,28.91,29.35,112800,29.35
2007-08-30,29.52,29.92,29.39,29.45,58800,29.45
2007-08-29,29.66,30.09,29.50,29.79,66000,29.79
2007-08-28,30.27,30.53,29.29,29.44,126900,29.44
2007-08-27,31.27,31.27,30.38,30.54,53400,30.54
2007-08-24,29.80,31.44,29.80,31.33,76700,31.33
2007-08-23,30.74,31.44,29.62,30.74,135400,30.74
2007-08-22,30.67,31.0499,29.90,30.53,163600,30.53
2007-08-21,29.95,30.92,29.45,30.31,250600,30.31
2007-08-20,29.41,30.40,29.41,29.91,226700,29.91
2007-08-17,31.10,31.10,28.86,29.27,228100,29.27
2007-08-16,29.13,30.53,28.99,30.00,326500,30.00
2007-08-15,29.84,30.99,29.24,29.58,235900,29.58
2007-08-14,29.65,30.25,28.69,30.16,401500,30.16
2007-08-13,30.03,31.24,29.55,29.72,550600,29.72
2007-08-10,25.65,31.16,25.65,31.16,1009800,31.16
2007-08-09,25.71,26.18,23.95,25.98,1037300,25.98
2007-08-08,28.73,28.73,25.79,26.21,1093100,26.21
2007-08-07,29.65,29.65,28.20,28.47,432800,28.47
2007-08-06,30.41,30.95,28.55,29.62,715800,29.62
2007-08-03,32.15,32.72,29.92,30.68,461300,30.68
2007-08-02,30.49,32.64,30.49,32.64,812200,32.64
2007-08-01,30.08,30.66,29.92,30.66,481000,30.66
2007-07-31,29.99,30.57,29.86,30.29,278600,30.29
2007-07-30,31.21,31.41,29.68,29.85,287000,29.85
2007-07-27,31.24,31.57,31.00,31.25,353700,31.25
2007-07-26,32.10,32.35,30.82,31.05,465600,31.05
2007-07-25,33.02,33.29,31.58,32.25,1521700,32.25
2007-07-24,33.40,34.29,33.40,34.29,640900,34.29
2007-07-23,32.85,33.00,32.21,32.33,159700,32.33
2007-07-20,33.27,33.54,32.33,32.82,112500,32.82
2007-07-19,33.18,33.54,32.64,33.41,66800,33.41
2007-07-18,32.87,33.11,32.44,33.09,99600,33.09
2007-07-17,33.64,33.72,33.03,33.03,97800,33.03
2007-07-16,33.69,33.81,33.21,33.42,127900,33.42
2007-07-13,33.71,33.934,33.71,33.934,156900,33.934
2007-07-12,33.00,33.33,33.00,33.33,83100,33.33
2007-07-11,32.79,33.03,32.79,33.03,135600,33.03
2007-07-10,32.87,33.30,32.50,32.93,135500,32.93
2007-07-09,32.90,33.32,32.43,33.12,153300,33.12
2007-07-06,32.75,33.09,32.69,32.97,53300,32.97
2007-07-05,33.40,33.53,32.63,32.85,123900,32.85
2007-07-03,32.98,33.56,32.98,33.56,192400,33.56
2007-07-02,32.00,32.96,31.72,32.81,230000,32.81
2007-06-29,32.25,32.25,31.62,31.80,270500,31.80
2007-06-28,32.86,32.86,31.75,32.06,323600,32.06
2007-06-27,33.12,33.31,32.79,33.31,152200,33.31
2007-06-26,33.34,33.75,33.32,33.75,291900,33.75
2007-06-25,33.01,33.88,32.99,33.20,195200,33.20
2007-06-22,33.05,33.98,33.05,33.16,262000,33.16
2007-06-21,33.19,33.38,32.97,33.10,170800,33.10
2007-06-20,33.15,33.57,33.03,33.41,215300,33.41
2007-06-19,32.86,33.50,32.7445,33.21,300500,33.21
2007-06-18,34.11,34.11,32.74,32.88,349500,32.88
2007-06-15,33.85,34.11,33.50,34.05,404700,34.05
2007-06-14,33.10,33.89,32.92,33.39,205900,33.39
2007-06-13,32.99,33.21,32.87,33.05,177400,33.05
2007-06-12,32.96,33.25,32.75,33.25,178900,33.25
2007-06-11,33.07,33.34,32.86,32.96,307700,32.96
2007-06-08,32.50,33.05,32.49,32.97,187000,32.97
2007-06-07,32.45,33.07,32.07,32.49,246500,32.49
2007-06-06,32.41,33.00,32.41,33.00,273300,33.00
2007-06-05,32.97,33.05,32.55,33.05,273200,33.05
2007-06-04,32.40,33.05,32.38,33.00,192900,33.00
2007-06-01,33.00,33.07,32.60,32.68,206500,32.68
2007-05-31,32.99,33.07,32.42,33.00,227800,33.00
2007-05-30,32.42,33.05,32.42,33.05,282700,33.05
2007-05-29,32.99,33.00,32.86,33.00,279200,33.00
2007-05-25,32.89,32.96,32.23,32.84,497400,32.84
2007-05-24,32.46,32.63,30.90,31.68,340800,31.68
2007-05-23,32.67,33.00,32.24,32.56,421300,32.56
2007-05-22,32.32,32.70,32.23,32.54,380100,32.54
2007-05-21,32.23,32.70,32.0565,32.44,330800,32.44
2007-05-18,32.08,32.70,31.94,32.07,672900,32.07
2007-05-17,33.06,33.09,31.68,32.00,2459300,32.00
2007-05-16,31.93,34.61,31.44,34.09,429800,34.09
2007-05-15,31.96,32.41,31.65,32.41,151900,32.41
2007-05-14,33.00,33.01,31.87,32.08,293200,32.08
2007-05-11,31.47,33.54,31.31,32.96,260400,32.96
2007-05-10,32.43,32.99,31.13,31.35,442100,31.35
2007-05-09,32.87,33.97,32.51,33.21,337700,33.21
2007-05-08,30.98,32.89,30.50,32.88,374800,32.88
2007-05-07,30.94,31.57,30.82,31.02,193800,31.02
2007-05-04,31.03,31.14,30.09,31.11,149900,31.11
2007-05-03,29.77,31.31,29.43,30.90,218600,30.90
2007-05-02,29.48,29.80,29.20,29.74,93500,29.74
2007-05-01,29.71,29.89,29.00,29.57,79000,29.57
2007-04-30,30.23,30.37,29.53,29.72,118900,29.72
2007-04-27,30.22,30.24,29.57,30.21,120700,30.21
2007-04-26,29.74,30.55,29.44,30.25,81300,30.25
2007-04-25,29.86,30.25,29.51,29.81,92200,29.81
2007-04-24,29.43,30.03,29.29,29.56,100100,29.56
2007-04-23,30.41,30.41,29.25,29.54,146100,29.54
2007-04-20,29.47,30.59,29.43,30.40,104900,30.40
2007-04-19,29.62,29.64,28.71,29.12,98000,29.12
2007-04-18,28.36,30.01,28.36,29.74,117400,29.74
2007-04-17,29.08,29.18,28.30,28.46,125400,28.46
2007-04-16,29.58,29.85,28.49,29.16,202500,29.16
2007-04-13,29.71,29.83,29.00,29.73,60000,29.73
2007-04-12,28.82,29.92,28.82,29.79,88000,29.79
2007-04-11,28.72,29.06,28.28,28.90,92700,28.90
2007-04-10,28.60,29.55,28.50,28.63,142600,28.63
2007-04-09,28.87,28.94,28.28,28.69,70600,28.69
2007-04-05,28.73,28.89,28.61,28.75,84700,28.75
2007-04-04,28.60,28.83,27.98,28.79,100000,28.79
2007-04-03,28.15,28.82,27.90,28.51,125600,28.51
2007-04-02,27.41,28.28,27.41,28.01,153400,28.01
2007-03-30,27.02,27.58,26.87,27.30,120800,27.30
2007-03-29,26.15,27.29,26.15,27.07,149100,27.07
2007-03-28,26.25,26.73,25.95,25.98,114400,25.98
2007-03-27,27.07,27.07,26.06,26.25,125300,26.25
2007-03-26,26.91,27.30,26.91,27.30,93100,27.30
2007-03-23,27.08,27.18,26.98,27.18,86500,27.18
2007-03-22,26.87,27.25,26.87,27.25,176100,27.25
2007-03-21,27.23,27.25,26.82,26.89,137700,26.89
2007-03-20,27.02,27.44,26.75,27.15,109200,27.15
2007-03-19,27.11,27.49,27.02,27.09,95900,27.09
2007-03-16,27.51,27.78,26.97,27.04,96900,27.04
2007-03-15,26.49,27.56,26.49,27.56,68700,27.56
2007-03-14,26.75,26.75,26.55,26.75,246000,26.75
2007-03-13,28.18,28.24,27.16,27.16,80200,27.16
2007-03-12,28.18,28.60,28.18,28.57,60700,28.57
2007-03-09,28.57,28.60,27.96,28.12,55500,28.12
2007-03-08,27.43,28.76,27.43,28.36,93200,28.36
2007-03-07,28.58,29.02,27.04,27.39,283500,27.39
2007-03-06,27.45,29.27,27.45,28.66,131300,28.66
2007-03-05,27.02,27.95,27.02,27.26,95400,27.26
2007-03-02,28.12,28.24,27.23,27.27,135400,27.27
2007-03-01,28.06,28.90,26.92,28.25,189600,28.25
2007-02-28,28.26,30.33,27.83,29.02,197200,29.02
2007-02-27,30.26,30.36,28.01,28.66,159100,28.66
2007-02-26,30.28,30.45,29.94,30.35,92200,30.35
2007-02-23,30.87,30.87,30.14,30.87,150300,30.87
2007-02-22,30.10,30.93,29.87,30.80,388200,30.80
2007-02-21,29.95,30.07,29.24,30.01,487600,30.01
2007-02-20,29.71,30.14,29.25,30.02,110800,30.02
2007-02-16,30.45,30.45,29.67,30.45,146800,30.45
2007-02-15,29.81,30.98,29.3201,30.45,103000,30.45
2007-02-14,30.43,30.72,29.69,30.72,179300,30.72
2007-02-13,29.99,30.62,29.89,30.51,173000,30.51
2007-02-12,29.52,29.94,28.42,29.85,299800,29.85
2007-02-09,30.55,31.09,30.55,30.83,168800,30.83
2007-02-08,30.75,30.96,29.71,30.60,175800,30.60
2007-02-07,30.46,30.65,29.95,30.57,87900,30.57
2007-02-06,29.25,30.78,29.00,30.48,173300,30.48
2007-02-05,29.13,29.47,29.00,29.14,79600,29.14
2007-02-02,29.30,29.50,28.59,28.83,132700,28.83
2007-02-01,28.81,29.83,28.60,29.08,207900,29.08
2007-01-31,28.79,28.97,28.52,28.64,86900,28.64
2007-01-30,28.70,28.91,28.39,28.72,74600,28.72
2007-01-29,27.85,29.00,27.85,28.57,122100,28.57
2007-01-26,28.65,28.65,27.57,27.95,90800,27.95
2007-01-25,28.16,28.66,28.09,28.54,103600,28.54
2007-01-24,28.85,28.85,27.99,28.29,141700,28.29
2007-01-23,28.03,28.95,27.88,28.74,92500,28.74
2007-01-22,28.76,28.77,27.85,28.10,143200,28.10
2007-01-19,28.84,28.99,28.84,28.99,92900,28.99
2007-01-18,28.31,29.00,28.19,28.92,133300,28.92
2007-01-17,28.89,28.93,28.34,28.40,104900,28.40
2007-01-16,29.06,29.06,28.71,28.85,104300,28.85
2007-01-12,29.10,29.24,28.94,29.09,116500,29.09
2007-01-11,28.45,29.66,28.45,29.19,157100,29.19
2007-01-10,28.95,28.99,27.89,28.44,281000,28.44
2007-01-09,27.81,29.34,27.31,29.23,393300,29.23
2007-01-08,26.51,27.87,26.25,27.71,206500,27.71
2007-01-05,27.66,27.67,26.26,26.62,93100,26.62
2007-01-04,27.70,27.82,26.98,27.79,92600,27.79
2007-01-03,27.31,28.35,27.31,27.80,127400,27.80
2006-12-29,27.23,27.45,27.23,27.36,75000,27.36
2006-12-28,27.24,27.31,27.04,27.19,45100,27.19
2006-12-27,27.15,27.41,27.12,27.34,59700,27.34
2006-12-26,27.53,27.78,27.04,27.40,62800,27.40
2006-12-22,27.12,28.00,26.92,27.62,116800,27.62
2006-12-21,27.68,27.68,26.99,27.04,153500,27.04
2006-12-20,26.53,28.29,26.45,27.68,235400,27.68
2006-12-19,26.08,26.62,25.79,26.59,148400,26.59
2006-12-18,27.05,27.21,26.19,27.21,148400,27.21
2006-12-15,27.25,27.44,26.87,27.07,163100,27.07
2006-12-14,26.91,27.65,26.75,27.24,182400,27.24
2006-12-13,26.96,27.28,26.70,26.97,124200,26.97
2006-12-12,26.70,27.18,26.67,27.00,149600,27.00
2006-12-11,26.27,26.59,26.10,26.515,201900,26.515
2006-12-08,26.00,26.61,25.434,26.50,117300,26.50
2006-12-07,26.35,26.60,25.51,26.01,120700,26.01
2006-12-06,26.01,26.65,26.01,26.41,98900,26.41
2006-12-05,26.24,26.52,26.01,26.12,150700,26.12
2006-12-04,25.69,26.60,25.33,26.21,204300,26.21
2006-12-01,25.90,26.14,25.534,25.76,231800,25.76
2006-11-30,25.54,26.37,25.3136,25.88,536800,25.88
2006-11-29,25.25,25.56,25.06,25.43,340400,25.43
2006-11-28,24.77,25.40,24.54,25.27,375300,25.27
2006-11-27,24.69,24.94,24.58,24.68,342600,24.68
2006-11-24,24.73,24.85,24.58,24.80,63900,24.80
2006-11-22,24.84,25.02,24.65,24.85,345100,24.85
2006-11-21,24.91,25.02,24.76,24.84,498800,24.84
2006-11-20,24.72,24.95,24.60,24.82,581800,24.82
2006-11-17,24.38,24.82,24.02,24.60,524500,24.60
2006-11-16,24.35,24.66,24.01,24.03,277600,24.03
2006-11-15,24.40,24.71,24.04,24.50,495300,24.50
2006-11-14,23.65,24.40,23.51,24.29,426100,24.29
2006-11-13,23.19,23.95,23.18,23.91,542900,23.91
2006-11-10,22.82,23.19,22.80,23.15,261600,23.15
2006-11-09,23.58,23.58,22.78,22.83,435300,22.83
2006-11-08,23.55,23.89,22.75,23.38,1021000,23.38
2006-11-07,24.62,24.62,23.55,24.62,3665400,24.62
2006-11-06,26.53,27.29,25.37,25.45,404700,25.45
2006-11-03,27.50,27.50,26.297,26.30,175300,26.30
2006-11-02,26.02,27.12,25.74,27.08,129400,27.08
2006-11-01,26.52,26.87,25.88,26.20,324200,26.20
2006-10-31,27.17,27.65,26.44,26.49,161300,26.49
2006-10-30,27.89,28.55,26.58,26.77,238400,26.77
2006-10-27,28.99,29.24,27.76,27.87,185400,27.87
2006-10-26,29.80,29.89,28.46,29.59,124200,29.59
2006-10-25,30.69,30.74,29.65,30.24,75200,30.24
2006-10-24,30.50,31.00,30.26,30.82,82600,30.82
2006-10-23,30.46,30.60,30.07,30.57,70300,30.57
2006-10-20,30.14,30.96,29.39,30.50,55000,30.50
2006-10-19,30.01,30.56,29.59,29.96,59300,29.96
2006-10-18,30.28,30.32,29.46,30.1001,83700,30.1001
2006-10-17,30.76,30.78,29.82,30.20,85300,30.20
2006-10-16,30.49,31.10,30.40,30.97,55800,30.97
2006-10-13,30.89,30.89,29.90,30.40,113300,30.40
2006-10-12,30.31,30.96,30.22,30.96,88500,30.96
2006-10-11,30.10,30.41,29.63,30.29,104000,30.29
2006-10-10,30.23,30.56,29.71,30.05,108100,30.05
2006-10-09,28.93,30.41,28.93,30.41,126900,30.41
2006-10-06,29.36,29.36,27.89,29.13,134400,29.13
2006-10-05,29.36,29.50,28.51,29.35,112800,29.35
2006-10-04,29.46,29.46,28.43,29.28,177900,29.28
2006-10-03,28.92,29.88,28.22,29.43,210500,29.43
2006-10-02,30.10,30.80,29.55,30.24,112400,30.24
2006-09-29,30.03,30.67,29.82,30.09,97400,30.09
2006-09-28,30.75,30.78,28.98,29.97,131900,29.97
2006-09-27,30.85,31.09,30.57,30.79,72700,30.79
2006-09-26,30.93,31.09,30.51,30.86,102000,30.86
2006-09-25,31.31,31.56,30.83,31.56,121000,31.56
2006-09-22,30.87,32.30,30.71,31.33,122100,31.33
2006-09-21,32.76,32.87,30.79,32.87,126000,32.87
2006-09-20,32.11,32.90,32.11,32.90,126200,32.90
2006-09-19,31.67,32.30,31.37,31.95,119500,31.95
2006-09-18,30.77,31.78,30.34,31.66,83100,31.66
2006-09-15,31.09,31.32,30.32,30.68,100300,30.68
2006-09-14,31.79,31.79,30.80,31.79,87900,31.79
2006-09-13,30.65,31.83,30.25,31.80,164600,31.80
2006-09-12,29.73,30.74,29.41,30.58,203300,30.58
2006-09-11,29.37,29.90,28.68,29.50,61500,29.50
2006-09-08,28.79,29.55,28.79,29.55,50000,29.55
2006-09-07,28.65,29.27,28.48,28.62,79500,28.62
2006-09-06,29.62,29.62,28.43,28.67,71300,28.67
2006-09-05,28.13,29.80,28.13,29.68,183600,29.68
2006-09-01,28.22,28.58,28.08,28.08,72600,28.08
2006-08-31,28.67,28.67,28.20,28.20,70400,28.20
2006-08-30,28.13,28.85,28.00,28.47,79700,28.47
2006-08-29,27.42,28.14,27.42,28.14,101500,28.14
2006-08-28,26.86,27.62,26.71,27.33,113100,27.33
2006-08-25,27.03,27.03,26.59,26.80,25900,26.80
2006-08-24,25.89,27.22,25.73,27.18,95600,27.18
2006-08-23,27.14,27.17,25.4601,25.60,64900,25.60
2006-08-22,25.61,27.15,25.38,27.03,105700,27.03
2006-08-21,25.25,25.92,24.75,25.56,166500,25.56
2006-08-18,25.56,25.56,25.01,25.23,71200,25.23
2006-08-17,25.13,25.74,24.96,25.43,183500,25.43
2006-08-16,25.75,25.75,24.79,25.08,123500,25.08
2006-08-15,25.83,26.01,25.52,26.01,80300,26.01
2006-08-14,25.15,25.88,24.88,25.38,219700,25.38
2006-08-11,25.23,25.37,24.83,25.05,152500,25.05
2006-08-10,24.19,25.53,23.71,25.10,147100,25.10
2006-08-09,24.74,25.00,24.05,24.27,88800,24.27
2006-08-08,25.07,25.07,24.43,24.44,80600,24.44
2006-08-07,24.72,25.25,24.36,24.99,126700,24.99
2006-08-04,24.65,25.25,24.30,25.00,153800,25.00
2006-08-03,21.68,25.40,21.50,24.53,300000,24.53
2006-08-02,21.08,22.05,20.85,21.82,130000,21.82
2006-08-01,21.11,21.40,21.00,21.40,115900,21.40
2006-07-31,20.74,21.20,20.61,21.02,118200,21.02
2006-07-28,21.04,21.57,20.82,20.85,77500,20.85
2006-07-27,21.52,21.72,20.796,20.97,76800,20.97
2006-07-26,21.37,21.65,21.02,21.45,76200,21.45
2006-07-25,21.60,21.83,21.23,21.44,89900,21.44
2006-07-24,21.41,21.95,21.38,21.66,66400,21.66
2006-07-21,21.71,21.83,21.11,21.35,37500,21.35
2006-07-20,21.50,22.00,21.21,21.75,74400,21.75
2006-07-19,21.00,21.64,21.00,21.64,67700,21.64
2006-07-18,20.08,21.22,20.08,21.05,67500,21.05
2006-07-17,21.42,21.42,20.33,20.34,78600,20.34
2006-07-14,21.55,21.76,20.99,21.48,76400,21.48
2006-07-13,21.24,22.00,21.24,22.00,99500,22.00
2006-07-12,20.50,21.40,20.50,21.31,238200,21.31
2006-07-11,21.12,21.12,19.64,20.59,148400,20.59
2006-07-10,21.31,21.80,21.09,21.18,88800,21.18
2006-07-07,20.76,21.56,20.22,21.36,108200,21.36
2006-07-06,20.53,20.85,20.20,20.83,90500,20.83
2006-07-05,18.99,20.57,18.53,20.48,138400,20.48
2006-07-03,18.65,19.17,18.65,19.17,28400,19.17
2006-06-30,18.50,18.84,18.29,18.84,242800,18.84
2006-06-29,18.42,18.90,18.42,18.57,108100,18.57
2006-06-28,17.97,18.68,17.90,18.35,66100,18.35
2006-06-27,18.34,18.80,17.91,17.99,67200,17.99
2006-06-26,17.93,18.35,17.78,18.29,91000,18.29
2006-06-23,17.94,18.00,17.53,17.93,79500,17.93
2006-06-22,18.30,18.49,17.97,18.49,146700,18.49
2006-06-21,17.83,18.53,17.83,18.32,126900,18.32
2006-06-20,16.99,18.20,16.76,17.96,170200,17.96
2006-06-19,16.54,16.96,16.54,16.96,134800,16.96
2006-06-16,15.95,16.70,15.95,16.54,151700,16.54
2006-06-15,15.27,16.18,15.13,16.00,110600,16.00
2006-06-14,14.47,15.93,14.47,15.31,298300,15.31
2006-06-13,14.85,15.24,14.19,14.34,219100,14.34
2006-06-12,15.10,15.41,14.89,15.41,75500,15.41
2006-06-09,15.71,15.83,15.07,15.15,68700,15.15
2006-06-08,15.10,15.79,15.00,15.60,63200,15.60
2006-06-07,15.45,15.57,15.115,15.21,59900,15.21
2006-06-06,14.99,15.62,14.99,15.62,145800,15.62
2006-06-05,15.27,15.38,14.82,14.92,156100,14.92
2006-06-02,15.55,16.16,15.25,15.27,84900,15.27
2006-06-01,15.62,16.15,15.20,15.50,94500,15.50
2006-05-31,15.43,16.18,15.32,15.58,116100,15.58
2006-05-30,16.23,16.52,15.38,16.52,342500,16.52
2006-05-26,16.43,16.94,16.11,16.41,191800,16.41
2006-05-25,16.06,16.54,16.03,16.46,151000,16.46
2006-05-24,15.84,16.19,15.54,16.00,171700,16.00
2006-05-23,15.97,16.87,15.60,15.67,100000,15.67
2006-05-22,16.00,17.56,15.91,17.56,178000,17.56
2006-05-19,15.54,16.09,15.44,16.03,177600,16.03
2006-05-18,15.81,16.18,15.35,15.57,79500,15.57
2006-05-17,15.16,16.03,15.16,15.69,191000,15.69
2006-05-16,15.22,15.57,15.16,15.30,35500,15.30
2006-05-15,15.00,15.61,14.87,15.26,58300,15.26
2006-05-12,15.01,15.49,14.79,15.08,190300,15.08
2006-05-11,15.07,15.19,15.01,15.11,116400,15.11
2006-05-10,15.17,15.30,15.06,15.13,60200,15.13
2006-05-09,15.38,15.38,15.12,15.17,39900,15.17
2006-05-08,15.40,15.50,15.21,15.30,46700,15.30
2006-05-05,15.18,15.86,15.15,15.47,168200,15.47
2006-05-04,15.15,15.48,14.99,15.13,190200,15.13
2006-05-03,15.08,15.60,14.94,15.32,49200,15.32
2006-05-02,14.86,15.28,14.86,14.99,88800,14.99
2006-05-01,15.08,15.47,14.74,14.91,98400,14.91
2006-04-28,14.82,15.26,14.49,15.12,77300,15.12
2006-04-27,15.11,15.34,14.72,14.96,71900,14.96
2006-04-26,15.56,15.84,15.36,15.47,89600,15.47
2006-04-25,16.09,16.09,15.45,15.64,82900,15.64
2006-04-24,15.61,16.34,15.45,15.98,90700,15.98
2006-04-21,15.84,15.84,15.38,15.55,187600,15.55
2006-04-20,15.96,16.00,15.73,15.75,86200,15.75
2006-04-19,15.92,16.50,15.88,16.50,65400,16.50
2006-04-18,15.74,16.90,15.74,16.90,106000,16.90
2006-04-17,16.32,16.94,15.64,15.75,113300,15.75
2006-04-13,14.61,16.95,14.10,16.29,726900,16.29
2006-04-12,17.24,17.56,17.11,17.36,53400,17.36
2006-04-11,17.25,17.25,16.68,17.12,77400,17.12
2006-04-10,17.50,17.50,17.10,17.28,121500,17.28
2006-04-07,17.95,17.95,17.35,17.47,108600,17.47
2006-04-06,18.18,18.79,17.97,18.79,82200,18.79
2006-04-05,18.55,18.73,18.18,18.73,49000,18.73
2006-04-04,18.63,18.96,18.31,18.48,99100,18.48
2006-04-03,19.12,19.54,18.26,18.63,162900,18.63
2006-03-31,19.20,19.41,19.01,19.12,139700,19.12
2006-03-30,20.75,20.75,18.43,19.00,803900,19.00
2006-03-29,21.77,21.88,20.77,20.81,217800,20.81
2006-03-28,22.41,22.41,21.27,21.82,143100,21.82
2006-03-27,21.86,22.50,21.37,22.50,118300,22.50
2006-03-24,21.86,21.87,21.32,21.78,84500,21.78
2006-03-23,21.58,22.16,21.43,21.75,49300,21.75
2006-03-22,21.27,21.59,21.23,21.43,40700,21.43
2006-03-21,21.36,21.51,21.25,21.32,54700,21.32
2006-03-20,20.86,21.54,20.57,21.42,64700,21.42
2006-03-17,21.35,21.35,20.71,20.81,115500,20.81
2006-03-16,21.35,21.38,21.03,21.26,45600,21.26
2006-03-15,21.90,21.90,21.22,21.90,69600,21.90
2006-03-14,22.14,22.14,21.51,21.71,52400,21.71
2006-03-13,21.04,22.12,21.04,22.12,65900,22.12
2006-03-10,20.57,21.03,20.40,21.03,25600,21.03
2006-03-09,21.20,21.20,20.50,20.50,33000,20.50
2006-03-08,20.56,21.29,20.20,21.21,18400,21.21
2006-03-07,20.62,21.58,20.27,20.51,38400,20.51
2006-03-06,21.01,21.40,20.62,20.62,40700,20.62
2006-03-03,21.12,21.36,20.71,20.82,29100,20.82
2006-03-02,22.30,22.50,21.28,22.50,61100,22.50
2006-03-01,23.07,23.07,22.24,23.07,79500,23.07
2006-02-28,22.75,23.08,22.75,23.08,104900,23.08
2006-02-27,21.96,22.78,21.96,22.78,91300,22.78
2006-02-24,22.56,22.56,22.26,22.56,139500,22.56
2006-02-23,22.87,22.87,22.33,22.56,91500,22.56
2006-02-22,21.37,22.97,21.37,22.87,103700,22.87
2006-02-21,20.03,21.61,20.00,21.49,124100,21.49
2006-02-17,19.23,20.28,19.23,19.77,78500,19.77
2006-02-16,19.90,20.17,19.56,19.74,21400,19.74
2006-02-15,19.35,20.05,19.20,19.90,70800,19.90
2006-02-14,19.29,19.66,18.96,19.42,41700,19.42
2006-02-13,19.50,19.88,18.86,19.29,75300,19.29
2006-02-10,18.40,19.53,18.32,19.49,83400,19.49
2006-02-09,18.36,18.36,17.75,18.17,173500,18.17
2006-02-08,19.22,19.26,18.79,18.80,51500,18.80
2006-02-07,19.29,19.47,18.51,18.89,46700,18.89
2006-02-06,19.40,19.67,19.09,19.14,62000,19.14
2006-02-03,19.07,19.60,19.07,19.60,57200,19.60
2006-02-02,20.03,20.03,18.83,19.22,70800,19.22
2006-02-01,19.37,20.10,19.28,19.98,63500,19.98
2006-01-31,19.97,20.12,19.32,19.32,28100,19.32
2006-01-30,19.02,20.11,19.02,20.11,110700,20.11
2006-01-27,18.81,19.06,18.22,19.03,82400,19.03
2006-01-26,19.45,19.91,18.67,18.76,34700,18.76
2006-01-25,19.73,19.83,19.08,19.19,17500,19.19
2006-01-24,19.85,20.36,19.54,19.60,30000,19.60
2006-01-23,19.69,19.99,19.50,19.69,29700,19.69
2006-01-20,20.65,20.80,19.74,20.80,63100,20.80
2006-01-19,19.32,20.70,19.19,20.53,60200,20.53
2006-01-18,19.83,20.00,18.81,19.38,38200,19.38
2006-01-17,19.19,19.98,18.71,19.90,55900,19.90
2006-01-13,18.89,19.46,18.88,19.44,8700,19.44
2006-01-12,19.35,19.53,18.93,19.53,53000,19.53
2006-01-11,18.79,19.27,18.77,19.21,19800,19.21
2006-01-10,19.315,19.315,18.49,18.93,54400,18.93
2006-01-09,18.77,19.69,18.77,19.69,67000,19.69
2006-01-06,19.02,19.02,18.52,18.62,47800,18.62
2006-01-05,18.55,19.02,18.55,19.02,63200,19.02
2006-01-04,18.38,18.64,18.05,18.60,28600,18.60
2006-01-03,18.65,18.65,17.66,18.26,37900,18.26
2005-12-30,18.61,18.75,18.15,18.55,42700,18.55
2005-12-29,18.14,18.90,18.14,18.68,45900,18.68
2005-12-28,17.86,18.36,17.86,18.18,13000,18.18
2005-12-27,18.67,18.96,18.09,18.96,44500,18.96
2005-12-23,18.29,18.74,18.29,18.67,25700,18.67
2005-12-22,18.15,18.37,17.88,18.29,98800,18.29
2005-12-21,18.36,18.36,17.73,18.01,75700,18.01
2005-12-20,18.12,18.76,17.93,18.20,50300,18.20
2005-12-19,18.30,18.63,17.99,18.11,55300,18.11
2005-12-16,18.47,18.56,17.97,18.11,66500,18.11
2005-12-15,18.76,18.76,17.47,18.42,77900,18.42
2005-12-14,18.67,18.78,18.18,18.56,54100,18.56
2005-12-13,18.59,18.89,18.48,18.76,47900,18.76
2005-12-12,18.93,19.21,18.45,18.45,37600,18.45
2005-12-09,18.89,18.90,18.66,18.79,24700,18.79
2005-12-08,18.94,19.37,18.72,18.80,42300,18.80
2005-12-07,18.80,19.30,18.80,18.93,38500,18.93
2005-12-06,19.75,19.75,18.86,18.92,54400,18.92
2005-12-05,19.60,19.81,19.28,19.60,53000,19.60
2005-12-02,19.55,19.69,19.41,19.51,47300,19.51
2005-12-01,19.59,19.87,19.39,19.45,29400,19.45
2005-11-30,19.67,19.67,18.93,19.44,52800,19.44
2005-11-29,19.90,20.14,19.45,19.49,49500,19.49
2005-11-28,19.50,19.90,19.16,19.70,51200,19.70
2005-11-25,19.70,19.90,19.50,19.50,19000,19.50
2005-11-23,19.91,20.15,19.66,19.79,32800,19.79
2005-11-22,19.17,19.92,19.12,19.72,52300,19.72
2005-11-21,19.36,19.77,19.10,19.28,82400,19.28
2005-11-18,19.63,19.63,19.11,19.36,75600,19.36
2005-11-17,19.35,19.51,19.04,19.34,70900,19.34
2005-11-16,18.80,19.28,18.74,19.11,100200,19.11
2005-11-15,19.92,20.04,18.78,18.81,86100,18.81
2005-11-14,20.01,20.15,19.44,19.93,90800,19.93
2005-11-11,19.53,20.03,19.53,19.74,46900,19.74
2005-11-10,18.63,19.60,18.63,19.56,51600,19.56
2005-11-09,18.61,18.82,18.50,18.65,93300,18.65
2005-11-08,18.22,18.64,17.55,18.50,103200,18.50
2005-11-07,18.70,18.76,18.09,18.33,58800,18.33
2005-11-04,19.35,19.35,18.50,18.70,43700,18.70
2005-11-03,19.61,19.75,19.04,19.24,66900,19.24
2005-11-02,18.89,19.57,18.89,19.49,58200,19.49
2005-11-01,18.39,18.79,18.31,18.76,37700,18.76
2005-10-31,18.07,18.47,18.07,18.39,44700,18.39
2005-10-28,17.81,18.40,17.81,18.10,22900,18.10
2005-10-27,18.96,19.10,17.51,17.72,100500,17.72
2005-10-26,19.11,19.28,18.76,18.96,115100,18.96
2005-10-25,19.00,19.36,16.56,19.02,538600,19.02
2005-10-24,22.30,22.46,21.93,22.46,62100,22.46
2005-10-21,22.61,22.98,22.30,22.98,33400,22.98
2005-10-20,22.68,22.88,22.46,22.77,16400,22.77
2005-10-19,22.06,22.67,22.00,22.54,14800,22.54
2005-10-18,22.35,22.58,22.12,22.58,46100,22.58
2005-10-17,22.96,23.24,22.00,22.51,46900,22.51
2005-10-14,22.82,23.18,22.82,23.18,30100,23.18
2005-10-13,22.22,23.63,22.10,22.66,62000,22.66
2005-10-12,22.80,22.86,21.84,22.10,76600,22.10
2005-10-11,22.76,23.25,22.64,22.86,34300,22.86
2005-10-10,22.14,23.10,22.14,22.54,30900,22.54
2005-10-07,22.68,23.25,22.10,22.14,68900,22.14
2005-10-06,22.20,23.26,22.20,22.60,53900,22.60
2005-10-05,22.81,23.38,22.10,22.19,63300,22.19
2005-10-04,23.65,23.96,22.80,22.90,65200,22.90
2005-10-03,23.73,24.72,23.62,23.65,107800,23.65
2005-09-30,23.30,24.51,23.30,23.75,125400,23.75
2005-09-29,23.72,24.19,22.61,23.34,153700,23.34
2005-09-28,21.93,22.09,21.44,22.00,143500,22.00
2005-09-27,21.93,21.97,21.60,21.93,18200,21.93
2005-09-26,21.61,21.78,21.42,21.66,15900,21.66
2005-09-23,21.40,22.10,21.14,21.56,16800,21.56
2005-09-22,21.64,21.68,21.18,21.25,45900,21.25
2005-09-21,21.82,21.94,21.54,21.54,17300,21.54
2005-09-20,22.09,22.20,21.85,21.94,68600,21.94
2005-09-19,21.83,22.10,21.83,21.99,24300,21.99
2005-09-16,22.12,22.12,21.82,21.89,90100,21.89
2005-09-15,22.30,22.94,21.56,22.08,109200,22.08
2005-09-14,22.50,23.33,22.32,23.33,41900,23.33
2005-09-13,22.90,22.90,22.25,22.44,72700,22.44
2005-09-12,23.30,23.30,22.64,22.90,69900,22.90
2005-09-09,23.74,23.90,23.36,23.45,38500,23.45
2005-09-08,24.16,24.21,23.40,23.74,103500,23.74
2005-09-07,24.79,25.75,24.26,24.26,105800,24.26
2005-09-06,25.62,25.81,24.75,24.98,55100,24.98
2005-09-02,25.25,25.80,25.25,25.62,52100,25.62
2005-09-01,24.80,25.50,24.80,25.19,31400,25.19
2005-08-31,25.29,25.31,24.65,24.81,66300,24.81
2005-08-30,24.47,25.65,24.47,25.34,44600,25.34
2005-08-29,24.93,24.94,24.30,24.51,70800,24.51
2005-08-26,25.76,25.76,24.70,24.99,33600,24.99
2005-08-25,25.75,26.00,25.22,25.67,22200,25.67
2005-08-24,25.21,25.70,25.01,25.50,14600,25.50
2005-08-23,24.87,25.28,24.87,25.13,67100,25.13
2005-08-22,24.89,25.11,24.86,25.11,45900,25.11
2005-08-19,25.21,25.28,24.91,24.96,29800,24.96
2005-08-18,25.30,25.32,24.73,25.27,68000,25.27
2005-08-17,25.01,25.49,24.47,25.31,63700,25.31
2005-08-16,25.74,26.05,25.00,25.08,107400,25.08
2005-08-15,24.84,26.74,24.80,26.44,83900,26.44
2005-08-12,25.30,25.30,24.77,25.07,31700,25.07
2005-08-11,25.32,25.62,25.02,25.35,24100,25.35
2005-08-10,25.57,25.57,25.10,25.38,101700,25.38
2005-08-09,25.68,25.68,25.30,25.54,97500,25.54
2005-08-08,25.50,25.64,25.27,25.42,65700,25.42
2005-08-05,26.41,26.41,24.90,25.29,86800,25.29
2005-08-04,26.94,26.94,26.03,26.44,57700,26.44
2005-08-03,26.48,27.39,26.37,27.27,61000,27.27
2005-08-02,26.55,27.34,26.20,26.68,31600,26.68
2005-08-01,26.26,27.28,25.39,26.785,62600,26.785
2005-07-29,27.52,27.57,27.21,27.57,57600,27.57
2005-07-28,27.50,27.85,27.32,27.85,66000,27.85
2005-07-27,27.98,28.02,27.53,27.61,19900,27.61
2005-07-26,27.85,28.24,27.85,27.98,82300,27.98
2005-07-25,28.33,28.33,27.66,27.71,33600,27.71
2005-07-22,28.82,29.06,28.00,28.32,67100,28.32
2005-07-21,28.97,29.15,28.63,28.75,91600,28.75
2005-07-20,28.52,29.678,28.52,29.04,31700,29.04
2005-07-19,29.03,29.03,28.56,28.67,141500,28.67
2005-07-18,28.85,29.21,28.69,28.96,36500,28.96
2005-07-15,28.13,29.10,28.13,28.63,53500,28.63
2005-07-14,28.57,29.30,28.162,28.62,61000,28.62
2005-07-13,28.66,29.20,28.45,28.66,89000,28.66
2005-07-12,29.02,29.02,28.22,28.88,56500,28.88
2005-07-11,29.09,29.19,28.63,28.88,50100,28.88
2005-07-08,28.63,29.11,28.63,29.11,23500,29.11
2005-07-07,28.39,28.91,28.26,28.79,25900,28.79
2005-07-06,29.03,29.11,28.40,28.59,83100,28.59
2005-07-05,29.27,29.36,28.61,29.06,75300,29.06
2005-07-01,27.78,30.27,27.585,29.35,213800,29.35
2005-06-30,28.06,28.06,27.24,27.79,72300,27.79
2005-06-29,28.75,28.79,27.85,27.99,88400,27.99
2005-06-28,27.87,28.78,27.87,28.76,42700,28.76
2005-06-27,27.36,28.47,26.99,27.80,95100,27.80
2005-06-24,27.58,27.58,26.80,26.80,61800,26.80
2005-06-23,27.98,28.19,27.41,27.63,130600,27.63
2005-06-22,26.81,27.96,26.52,27.79,105000,27.79
2005-06-21,25.77,27.07,25.70,26.57,67300,26.57
2005-06-20,26.21,26.21,26.00,26.21,47100,26.21
2005-06-17,25.38,26.35,25.15,26.26,88500,26.26
2005-06-16,25.29,25.32,24.76,25.25,192200,25.25
2005-06-15,26.39,26.39,24.70,25.17,155200,25.17
2005-06-14,26.77,27.02,26.06,26.26,118100,26.26
2005-06-13,26.66,26.79,26.45,26.66,62000,26.66
2005-06-10,26.76,26.84,26.43,26.49,33700,26.49
2005-06-09,26.62,26.82,26.48,26.76,36800,26.76
2005-06-08,25.98,26.83,25.83,26.58,170100,26.58
2005-06-07,25.01,26.28,25.01,25.97,92300,25.97
2005-06-06,25.21,25.43,24.92,25.16,99100,25.16
2005-06-03,25.35,25.97,25.09,25.15,59900,25.15
2005-06-02,25.72,26.31,25.66,25.77,63700,25.77
2005-06-01,25.74,26.48,24.78,25.72,81900,25.72
2005-05-31,25.02,26.44,24.98,25.91,78600,25.91
2005-05-27,25.83,25.90,24.99,25.02,42700,25.02
2005-05-26,24.40,26.17,24.40,25.96,97800,25.96
2005-05-25,25.65,25.65,24.00,24.71,77300,24.71
2005-05-24,24.88,26.31,24.88,25.306,141400,25.306
2005-05-23,25.75,25.75,24.62,24.92,184500,24.92
2005-05-20,26.20,26.35,25.76,25.93,83100,25.93
2005-05-19,26.72,27.20,26.07,26.11,74900,26.11
2005-05-18,27.09,27.42,26.65,26.85,85200,26.85
2005-05-17,26.53,27.38,26.28,27.20,62800,27.20
2005-05-16,24.71,26.76,24.71,26.53,74700,26.53
2005-05-13,26.47,27.22,24.71,24.98,173600,24.98
2005-05-12,27.01,27.72,26.30,26.30,76500,26.30
2005-05-11,27.57,28.06,27.42,28.06,59100,28.06
2005-05-10,27.58,28.31,27.32,27.50,92900,27.50
2005-05-09,26.97,27.71,26.97,27.68,49400,27.68
2005-05-06,27.40,27.40,26.95,26.99,42900,26.99
2005-05-05,28.10,28.72,26.86,27.02,179900,27.02
2005-05-04,27.30,27.92,27.26,27.27,68400,27.27
2005-05-03,27.50,27.50,27.16,27.21,45800,27.21
2005-05-02,27.49,27.75,27.13,27.43,47300,27.43
2005-04-29,27.41,27.99,27.23,27.65,44300,27.65
2005-04-28,28.35,28.48,27.45,27.74,27100,27.74
2005-04-27,27.93,28.37,27.92,28.22,41200,28.22
2005-04-26,27.90,28.46,27.17,28.21,116600,28.21
2005-04-25,26.83,28.46,26.63,28.06,59900,28.06
2005-04-22,28.20,29.05,26.65,26.88,68800,26.88
2005-04-21,26.78,28.18,26.78,27.92,65600,27.92
2005-04-20,28.60,28.60,26.64,26.90,195700,26.90
2005-04-19,28.65,29.31,28.171,28.81,54800,28.81
2005-04-18,29.60,29.60,28.52,28.81,125000,28.81
2005-04-15,29.06,29.71,28.728,29.38,103700,29.38
2005-04-14,30.17,30.20,28.244,28.87,189000,28.87
2005-04-13,30.45,30.65,30.02,30.02,289500,30.02
2005-04-12,29.60,30.49,29.30,30.04,127600,30.04
2005-04-11,29.35,29.60,29.19,29.59,25400,29.59
2005-04-08,29.65,29.65,29.37,29.50,37100,29.50
2005-04-07,29.73,29.82,29.40,29.53,76400,29.53
2005-04-06,29.94,30.05,29.30,29.53,102100,29.53
2005-04-05,28.76,29.94,28.74,29.53,60800,29.53
2005-04-04,28.86,29.28,28.58,29.28,18400,29.28
2005-04-01,29.30,29.52,28.75,29.10,57800,29.10
2005-03-31,28.98,29.45,28.98,29.30,23900,29.30
2005-03-30,28.46,29.36,28.46,29.14,35700,29.14
2005-03-29,29.23,29.65,27.97,28.64,88200,28.64
2005-03-28,29.59,29.60,28.72,29.46,26100,29.46
2005-03-24,28.44,29.53,28.37,29.34,22500,29.34
2005-03-23,28.15,28.54,28.15,28.32,18100,28.32
2005-03-22,27.721,28.80,27.721,28.15,35800,28.15
2005-03-21,27.97,28.37,27.56,27.92,38600,27.92
2005-03-18,28.10,28.46,27.81,27.81,58200,27.81
2005-03-17,27.77,27.99,27.40,27.82,26900,27.82
2005-03-16,27.86,27.94,27.47,27.53,22200,27.53
2005-03-15,27.70,27.88,27.61,27.81,64600,27.81
2005-03-14,27.51,27.94,27.34,27.79,51100,27.79
2005-03-11,27.48,27.65,27.13,27.41,81800,27.41
2005-03-10,27.90,28.07,27.09,27.36,93600,27.36
2005-03-09,29.85,29.85,27.83,27.94,124000,27.94
2005-03-08,29.67,29.84,29.37,29.84,90000,29.84
2005-03-07,29.16,29.69,29.16,29.40,40400,29.40
2005-03-04,29.25,29.59,29.16,29.30,33300,29.30
2005-03-03,28.84,29.55,28.56,29.16,49000,29.16
2005-03-02,28.31,29.34,28.15,28.68,61300,28.68
2005-03-01,28.41,29.30,28.00,28.34,115400,28.34
2005-02-28,28.08,28.50,27.57,28.39,58200,28.39
2005-02-25,27.45,28.35,27.45,27.81,72400,27.81
2005-02-24,26.50,27.43,26.11,27.38,130500,27.38
2005-02-23,26.25,26.65,26.11,26.50,48000,26.50
2005-02-22,26.06,26.35,26.05,26.05,72600,26.05
2005-02-18,26.55,26.72,25.861,26.27,124100,26.27
2005-02-17,26.28,27.03,26.25,26.32,28900,26.32
2005-02-16,27.02,27.02,26.34,26.46,61700,26.46
2005-02-15,26.89,27.00,26.51,26.73,27500,26.73
2005-02-14,27.40,27.50,26.97,27.14,60200,27.14
2005-02-11,27.20,27.20,26.94,27.14,46600,27.14
2005-02-10,26.43,27.29,26.43,27.00,91800,27.00
2005-02-09,26.70,27.11,25.69,26.62,120700,26.62
2005-02-08,26.70,26.73,26.50,26.549,108300,26.549
2005-02-07,26.00,26.99,26.00,26.43,117300,26.43
2005-02-04,25.95,26.65,25.49,26.34,110800,26.34
2005-02-03,25.03,25.93,24.27,25.73,357300,25.73
2005-02-02,23.47,24.75,23.07,24.69,113400,24.69
2005-02-01,23.32,23.44,22.79,23.44,51000,23.44
2005-01-31,23.20,23.55,23.20,23.34,64000,23.34
2005-01-28,23.42,23.45,23.02,23.19,36300,23.19
2005-01-27,22.67,23.37,22.67,23.31,47000,23.31
2005-01-26,21.71,22.69,21.54,22.51,78800,22.51
2005-01-25,22.55,22.83,21.40,21.54,58700,21.54
2005-01-24,22.98,23.20,22.62,22.62,17500,22.62
2005-01-21,23.46,23.50,23.18,23.44,16300,23.44
2005-01-20,23.14,23.69,22.76,23.20,25800,23.20
2005-01-19,23.14,23.49,22.77,22.92,29200,22.92
2005-01-18,23.40,23.50,22.80,22.95,21000,22.95
2005-01-14,23.14,23.50,23.08,23.50,20500,23.50
2005-01-13,24.87,24.87,22.64,22.89,59600,22.89
2005-01-12,23.60,24.59,23.60,24.51,64600,24.51
2005-01-11,23.51,23.63,23.03,23.63,18200,23.63
2005-01-10,22.85,23.88,22.51,23.61,48500,23.61
2005-01-07,23.63,23.63,22.88,22.88,39700,22.88
2005-01-06,24.29,24.50,23.54,23.77,39700,23.77
2005-01-05,23.88,24.35,23.66,24.25,49600,24.25
2005-01-04,23.15,24.05,23.02,24.05,73200,24.05
2005-01-03,24.03,24.41,22.76,22.90,60600,22.90
2004-12-31,24.99,24.99,24.34,24.64,33600,24.64
2004-12-30,23.82,24.68,23.82,24.62,22900,24.62
2004-12-29,23.84,24.42,23.65,23.96,92800,23.96
2004-12-28,23.98,24.18,23.43,24.00,38500,24.00
2004-12-27,25.11,25.25,24.115,24.22,69000,24.22
2004-12-23,24.73,25.10,24.72,25.00,31900,25.00
2004-12-22,24.27,24.81,24.27,24.81,17200,24.81
2004-12-21,24.17,24.62,24.02,24.23,26700,24.23
2004-12-20,25.11,25.11,24.08,24.12,35800,24.12
2004-12-17,24.10,24.95,23.63,24.88,49800,24.88
2004-12-16,25.04,25.10,24.73,25.05,84900,25.05
2004-12-15,23.61,25.48,23.61,24.98,130400,24.98
2004-12-14,23.18,23.92,23.18,23.92,64900,23.92
2004-12-13,23.54,23.54,22.87,23.18,44100,23.18
2004-12-10,23.25,23.27,23.07,23.25,40900,23.25
2004-12-09,22.55,23.42,22.24,23.19,40500,23.19
2004-12-08,22.30,22.57,22.00,22.51,33800,22.51
2004-12-07,22.38,22.39,21.91,22.14,53400,22.14
2004-12-06,21.85,22.40,21.81,22.29,37200,22.29
2004-12-03,22.04,22.17,21.67,22.12,61200,22.12
2004-12-02,21.79,22.28,21.79,22.06,66800,22.06
2004-12-01,21.58,22.10,21.58,22.02,61700,22.02
2004-11-30,20.97,21.87,20.94,21.72,82000,21.72
2004-11-29,21.00,21.00,20.50,20.90,62900,20.90
2004-11-26,20.93,20.96,20.83,20.90,2300,20.90
2004-11-24,20.75,20.97,20.70,20.90,29600,20.90
2004-11-23,20.78,20.83,20.36,20.74,36500,20.74
2004-11-22,20.50,20.70,20.13,20.55,49500,20.55
2004-11-19,20.22,20.85,20.22,20.64,39100,20.64
2004-11-18,20.51,20.85,20.47,20.47,44100,20.47
2004-11-17,20.41,20.65,20.36,20.50,43900,20.50
2004-11-16,20.51,20.92,20.46,20.54,45900,20.54
2004-11-15,19.06,20.85,19.06,20.51,59400,20.51
2004-11-12,19.12,19.20,19.05,19.20,15600,19.20
2004-11-11,19.63,19.63,19.08,19.11,15700,19.11
2004-11-10,19.16,19.80,18.90,19.40,96800,19.40
2004-11-09,17.57,18.72,17.57,18.72,42000,18.72
2004-11-08,17.21,17.77,17.21,17.60,44600,17.60
2004-11-05,17.50,17.50,17.23,17.23,24500,17.23
2004-11-04,17.18,17.52,17.18,17.52,35400,17.52
2004-11-03,17.14,17.41,17.05,17.31,57300,17.31
2004-11-02,17.25,17.36,16.80,16.95,75200,16.95
2004-11-01,17.60,18.16,17.29,17.36,24600,17.36
2004-10-29,17.90,17.90,17.38,17.55,24800,17.55
2004-10-28,17.56,18.19,17.14,17.84,74400,17.84
2004-10-27,16.06,17.86,15.76,17.86,37100,17.86
2004-10-26,16.25,16.26,15.52,15.88,37900,15.88
2004-10-25,16.08,16.38,15.90,16.32,27500,16.32
2004-10-22,15.59,16.07,15.55,16.05,31300,16.05
2004-10-21,15.49,15.73,15.45,15.47,10400,15.47
2004-10-20,15.72,15.79,15.41,15.68,19900,15.68
2004-10-19,15.88,15.88,15.47,15.58,26100,15.58
2004-10-18,15.54,15.58,15.45,15.51,18900,15.51
2004-10-15,15.52,15.67,15.50,15.54,21700,15.54
2004-10-14,15.70,15.78,15.50,15.62,14300,15.62
2004-10-13,15.87,16.05,15.61,15.70,27700,15.70
2004-10-12,15.58,15.89,15.50,15.78,18900,15.78
2004-10-11,15.58,15.60,15.50,15.56,31900,15.56
2004-10-08,15.85,16.10,15.60,15.61,11300,15.61
2004-10-07,15.85,15.93,15.74,15.75,11300,15.75
2004-10-06,15.76,15.93,15.74,15.91,12300,15.91
2004-10-05,16.00,16.00,15.76,15.78,13500,15.78
2004-10-04,16.15,16.25,16.02,16.06,11600,16.06
2004-10-01,15.71,16.10,15.65,16.10,24500,16.10
2004-09-30,15.46,16.01,15.46,15.82,21000,15.82
2004-09-29,15.79,15.86,15.52,15.73,23400,15.73
2004-09-28,15.46,15.75,15.12,15.50,65300,15.50
2004-09-27,15.36,15.86,15.36,15.50,11700,15.50
2004-09-24,15.43,15.58,15.30,15.58,17200,15.58
2004-09-23,15.50,15.69,15.49,15.52,15200,15.52
2004-09-22,15.52,15.78,15.37,15.61,13400,15.61
2004-09-21,15.46,15.95,15.46,15.84,7400,15.84
2004-09-20,15.88,15.88,15.47,15.71,22000,15.71
2004-09-17,16.09,16.09,15.65,15.75,22600,15.75
2004-09-16,15.50,15.89,15.50,15.80,9400,15.80
2004-09-15,15.55,15.80,15.31,15.41,21900,15.41
2004-09-14,15.70,15.75,15.46,15.48,35700,15.48
2004-09-13,15.75,16.10,15.56,15.65,48000,15.65
2004-09-10,15.49,15.95,15.48,15.59,38800,15.59
2004-09-09,15.90,16.04,15.56,15.72,37100,15.72
2004-09-08,15.92,15.92,15.75,15.78,16200,15.78
2004-09-07,15.94,15.98,15.56,15.80,36400,15.80
2004-09-03,15.72,16.03,15.65,15.65,9000,15.65
2004-09-02,15.58,15.70,15.35,15.65,31700,15.65
2004-09-01,15.94,16.66,15.52,15.58,28600,15.58
2004-08-31,15.45,15.72,15.41,15.70,22300,15.70
2004-08-30,15.57,16.38,15.36,15.53,48500,15.53
2004-08-27,15.50,15.64,15.38,15.42,22100,15.42
2004-08-26,15.78,15.85,15.50,15.63,48400,15.63
2004-08-25,15.77,15.81,15.35,15.56,34300,15.56
2004-08-24,15.96,15.96,15.47,15.57,54800,15.57
2004-08-23,15.60,15.71,15.48,15.48,37700,15.48
2004-08-20,15.69,15.75,15.50,15.64,66000,15.64
2004-08-19,15.68,16.10,15.30,15.59,56700,15.59
