Date,Open,High,Low,Close,Volume,Adj Close
2012-11-09,21.98,21.98,21.98,21.98,000,21.98
2012-11-08,21.99,22.00,21.98,21.98,141900,21.98
2012-11-07,21.97,22.00,21.97,21.97,75200,21.97
2012-11-06,21.97,21.99,21.95,21.99,32600,21.99
2012-11-05,22.00,22.00,21.97,21.99,57300,21.99
2012-11-02,21.98,21.99,21.96,21.99,51100,21.99
2012-11-01,21.96,21.99,21.96,21.97,56700,21.97
2012-10-31,21.95,21.99,21.94,21.9697,51300,21.9697
2012-10-30,21.98,21.98,21.98,21.98,000,21.98
2012-10-29,21.98,21.98,21.98,21.98,000,21.98
2012-10-26,21.95,22.00,21.95,21.98,11800,21.98
2012-10-25,22.00,22.03,21.95,22.00,42600,22.00
2012-10-24,21.96,22.00,21.93,21.97,48500,21.97
2012-10-23,21.94,21.97,21.93,21.93,269700,21.93
2012-10-22,21.95,21.97,21.94,21.94,114200,21.94
2012-10-19,21.94,21.98,21.94,21.98,34000,21.98
2012-10-18,21.99,21.995,21.94,21.94,14800,21.94
2012-10-17,21.94,21.99,21.94,21.98,13000,21.98
2012-10-16,22.01,22.01,21.97,21.99,7200,21.99
2012-10-15,21.99,22.00,21.98,21.98,20000,21.98
2012-10-12,21.99,22.00,21.951,21.96,16800,21.96
2012-10-11,22.03,22.03,21.97,21.98,33600,21.98
2012-10-10,21.93,22.02,21.93,21.95,29500,21.95
2012-10-09,21.91,21.98,21.91,21.92,134400,21.92
2012-10-08,21.90,21.93,21.90,21.91,46400,21.91
2012-10-05,21.94,21.94,21.90,21.90,136200,21.90
2012-10-04,21.92,21.99,21.90,21.90,478800,21.90
2012-10-03,21.90,21.93,21.90,21.90,208100,21.90
2012-10-02,21.93,21.95,21.90,21.92,159800,21.92
2012-10-01,21.90,21.92,21.90,21.91,30400,21.91
2012-09-28,21.92,21.94,21.90,21.91,65000,21.91
2012-09-27,21.94,21.94,21.88,21.90,26300,21.90
2012-09-26,21.90,21.95,21.85,21.88,76600,21.88
2012-09-25,21.91,21.93,21.89,21.89,28500,21.89
2012-09-24,21.94,21.95,21.89,21.90,42200,21.90
2012-09-21,21.90,21.94,21.88,21.92,147100,21.92
2012-09-20,21.91,21.97,21.91,21.91,48600,21.91
2012-09-19,21.90,21.95,21.8999,21.93,62200,21.93
2012-09-18,21.90,22.04,21.90,21.92,113000,21.92
2012-09-17,21.95,22.14,21.90,21.90,171000,21.90
2012-09-14,21.88,21.93,21.88,21.93,122700,21.93
2012-09-13,21.85,21.90,21.85,21.90,177900,21.90
2012-09-12,21.88,21.92,21.84,21.86,1519000,21.86
2012-09-11,15.80,16.00,15.60,15.75,14500,15.75
2012-09-10,14.81,15.97,14.81,15.75,22400,15.75
2012-09-07,14.82,14.82,14.70,14.75,9800,14.75
2012-09-06,14.73,14.85,14.67,14.83,9700,14.83
2012-09-05,14.70,14.89,14.50,14.75,7900,14.75
2012-09-04,14.67,14.90,14.56,14.76,5600,14.76
2012-09-03,14.68,14.68,14.68,14.68,000,14.68
2012-08-31,14.70,14.73,14.47,14.68,8200,14.68
2012-08-30,14.56,14.85,14.52,14.60,5600,14.60
2012-08-29,14.71,14.85,14.61,14.63,13500,14.63
2012-08-28,14.40,14.70,14.28,14.69,27300,14.69
2012-08-27,14.49,14.585,14.27,14.49,12300,14.49
2012-08-24,14.42,14.47,14.22,14.47,5700,14.47
2012-08-23,14.40,14.49,14.17,14.35,6900,14.35
2012-08-22,14.09,14.41,14.09,14.34,10200,14.34
2012-08-21,14.43,14.43,13.86,13.98,22900,13.98
2012-08-20,14.25,14.49,14.14,14.39,6200,14.39
2012-08-17,13.93,14.24,13.865,14.24,8900,14.24
2012-08-16,13.94,14.06,13.87,14.00,8600,14.00
2012-08-15,13.95,14.15,13.79,13.99,8200,13.99
2012-08-14,14.36,14.36,13.88,14.07,4900,14.07
2012-08-13,13.98,14.32,13.90,14.07,6500,14.07
2012-08-10,13.85,14.34,13.56,14.02,17000,14.02
2012-08-09,13.50,14.02,13.06,14.00,19800,14.00
2012-08-08,13.40,13.665,13.01,13.49,19500,13.49
2012-08-07,13.52,13.79,13.00,13.49,29000,13.49
2012-08-06,13.39,13.705,13.29,13.46,24900,13.46
2012-08-03,13.47,13.51,12.85,13.29,12600,13.29
2012-08-02,13.35,13.54,13.30,13.30,3700,13.30
2012-08-01,13.93,13.93,13.13,13.24,16700,13.24
2012-07-31,13.99,13.99,13.66,13.79,6300,13.79
2012-07-30,13.45,13.85,13.45,13.69,1000,13.69
2012-07-27,13.81,13.81,12.75,13.55,5000,13.55
2012-07-26,13.52,13.99,13.52,13.82,6600,13.82
2012-07-25,13.70,13.934,13.33,13.33,4700,13.33
2012-07-24,13.62,14.20,13.62,13.66,2500,13.66
2012-07-23,13.93,14.34,13.49,13.50,6700,13.50
2012-07-20,13.56,14.40,13.27,13.91,40000,13.91
2012-07-19,14.27,14.27,13.53,13.71,14700,13.71
2012-07-18,14.30,14.30,14.02,14.23,13000,14.23
2012-07-17,14.04,14.45,14.00,14.45,5300,14.45
2012-07-16,14.33,14.48,14.05,14.24,6700,14.24
2012-07-13,14.50,14.57,14.05,14.45,8200,14.45
2012-07-12,14.18,14.50,14.00,14.50,13600,14.50
2012-07-11,14.33,14.34,12.50,14.23,4300,14.23
2012-07-10,14.19,14.58,14.01,14.27,15100,14.27
2012-07-09,14.15,14.49,14.00,14.26,4600,14.26
2012-07-06,14.31,14.34,14.20,14.20,4600,14.20
2012-07-05,14.60,14.60,14.00,14.444,12500,14.444
2012-07-04,14.60,14.60,14.60,14.60,000,14.60
2012-07-03,14.83,14.83,14.28,14.60,14100,14.60
2012-07-02,14.50,14.69,14.28,14.64,18000,14.64
2012-06-29,14.05,14.60,13.99,14.60,25400,14.60
2012-06-28,13.91,14.0795,13.595,13.98,5300,13.98
2012-06-27,13.85,14.04,13.518,14.03,20300,14.03
2012-06-26,13.74,14.05,13.39,13.90,7500,13.90
2012-06-25,13.44,13.9995,12.869,13.80,12300,13.80
2012-06-22,14.24,14.41,13.38,13.77,462000,13.77
2012-06-21,14.51,14.51,13.85,14.22,22400,14.22
2012-06-20,14.39,14.60,14.04,14.45,17200,14.45
2012-06-19,14.18,14.40,14.085,14.40,14600,14.40
2012-06-18,13.77,14.29,13.45,14.18,15500,14.18
2012-06-15,13.31,13.98,12.95,13.91,19200,13.91
2012-06-14,12.97,13.30,12.90,13.20,24100,13.20
2012-06-13,13.91,13.94,12.53,12.865,55900,12.865
2012-06-12,13.86,14.19,13.80,14.00,4300,14.00
2012-06-11,14.21,14.21,13.72,14.03,5300,14.03
2012-06-08,14.14,14.19,14.01,14.16,5900,14.16
2012-06-07,13.99,14.18,13.73,14.05,5200,14.05
2012-06-06,13.82,14.21,13.62,13.93,3900,13.93
2012-06-05,13.85,14.00,13.70,13.74,2600,13.74
2012-06-04,14.20,14.21,13.80,13.80,17900,13.80
2012-06-01,14.00,14.25,13.99,14.19,6000,14.19
2012-05-31,14.13,14.32,13.682,14.00,5900,14.00
2012-05-30,14.48,14.54,13.70,14.33,7900,14.33
2012-05-29,14.56,14.69,14.44,14.54,3600,14.54
2012-05-28,14.69,14.69,14.69,14.69,000,14.69
2012-05-25,14.95,14.95,14.44,14.69,2100,14.69
2012-05-24,14.51,14.72,14.26,14.50,5600,14.50
2012-05-23,14.95,14.95,14.50,14.60,1600,14.60
2012-05-22,14.76,14.80,14.50,14.58,4800,14.58
2012-05-21,14.69,14.82,14.50,14.66,3600,14.66
2012-05-18,14.78,15.00,14.68,14.68,2700,14.68
2012-05-17,14.79,14.93,14.57,14.93,3700,14.93
2012-05-16,14.92,14.95,14.67,14.85,7100,14.85
2012-05-15,14.92,15.00,14.62,14.95,4500,14.95
2012-05-14,15.00,15.00,14.76,14.93,8300,14.93
2012-05-11,15.08,15.23,14.9001,15.05,9700,15.05
2012-05-10,14.70,15.176,14.70,15.11,35800,15.11
2012-05-09,14.68,14.75,14.52,14.655,5900,14.655
2012-05-08,14.82,14.82,14.50,14.75,8400,14.75
2012-05-07,14.69,14.95,14.39,14.39,21600,14.39
2012-05-04,14.49,14.80,14.35,14.64,3500,14.64
2012-05-03,14.36,14.988,14.36,14.56,2000,14.56
2012-05-02,14.30,14.88,14.30,14.40,5200,14.40
2012-05-01,14.73,14.80,14.31,14.31,4700,14.31
2012-04-30,14.92,14.98,14.65,14.82,9200,14.82
2012-04-27,14.69,15.00,14.50,14.83,6600,14.83
2012-04-26,14.81,15.00,14.63,14.63,1800,14.63
2012-04-25,14.91,14.92,14.67,14.82,5700,14.82
2012-04-24,15.09,15.09,14.57,14.75,10100,14.75
2012-04-23,14.99,15.03,14.6008,14.99,2600,14.99
2012-04-20,15.04,15.26,14.845,15.02,6500,15.02
2012-04-19,14.94,15.29,14.598,15.29,4500,15.29
2012-04-18,15.15,15.25,14.95,15.00,6100,15.00
2012-04-17,15.50,15.50,14.6308,15.19,5800,15.19
2012-04-16,14.90,15.40,14.36,15.40,1400,15.40
2012-04-13,14.50,15.25,14.2708,14.78,4500,14.78
2012-04-12,14.56,14.75,14.4208,14.4232,9200,14.4232
2012-04-11,14.75,14.75,14.35,14.59,8600,14.59
2012-04-10,14.71,14.75,14.41,14.75,2400,14.75
2012-04-09,14.84,14.94,14.699,14.70,3000,14.70
2012-04-06,14.95,14.95,14.95,14.95,000,14.95
2012-04-05,14.92,14.95,14.59,14.95,1600,14.95
2012-04-04,14.90,14.95,14.52,14.59,10700,14.59
2012-04-03,14.96,15.14,14.85,14.98,3800,14.98
2012-04-02,14.71,15.00,14.40,14.95,18100,14.95
2012-03-30,14.71,14.95,14.62,14.69,4500,14.69
2012-03-29,14.78,14.90,14.5049,14.70,5800,14.70
2012-03-28,14.28,14.94,14.28,14.82,8500,14.82
2012-03-27,14.81,14.81,13.90,14.33,6500,14.33
2012-03-26,14.98,15.03,14.8062,14.83,3400,14.83
2012-03-23,14.98,15.02,14.89,14.90,1900,14.90
2012-03-22,15.10,15.17,14.93,14.94,3800,14.94
2012-03-21,14.93,15.43,14.87,15.20,6300,15.20
2012-03-20,14.79,15.31,14.8545,14.8545,4000,14.8545
2012-03-19,14.88,14.94,14.85,14.875,3600,14.875
2012-03-16,14.99,15.13,14.76,14.91,6600,14.91
2012-03-15,15.07,15.35,14.75,14.90,27300,14.90
2012-03-14,15.05,15.38,14.80,15.05,59200,15.05
2012-03-13,15.23,15.23,15.06,15.10,8200,15.10
2012-03-12,15.40,15.40,15.05,15.12,4500,15.12
2012-03-09,15.15,15.45,15.15,15.44,5100,15.44
2012-03-08,15.18,15.35,15.11,15.15,17400,15.15
2012-03-07,15.43,15.45,15.00,15.16,20100,15.16
2012-03-06,15.47,15.47,15.251,15.35,8800,15.35
2012-03-05,15.26,15.39,15.251,15.30,7100,15.30
2012-03-02,15.00,15.40,15.00,15.20,8000,15.20
2012-03-01,15.08,15.11,15.00,15.08,13300,15.08
2012-02-29,15.02,15.15,15.00,15.02,3400,15.02
2012-02-28,15.08,15.25,15.00,15.18,8200,15.18
2012-02-27,15.00,15.13,15.00,15.07,4200,15.07
2012-02-24,15.09,15.21,15.00,15.00,40100,15.00
2012-02-23,14.71,15.10,14.71,15.10,37100,15.10
2012-02-22,14.90,15.15,14.51,14.51,8900,14.51
2012-02-21,15.00,15.25,14.80,14.88,40200,14.88
2012-02-20,14.45,14.45,14.45,14.45,000,14.45
2012-02-17,14.16,14.56,13.95,14.45,36000,14.45
2012-02-16,13.77,14.30,13.77,14.25,25300,14.25
2012-02-15,12.99,13.92,12.99,13.77,56200,13.77
2012-02-14,13.63,13.918,13.63,13.90,11600,13.90
2012-02-13,13.60,13.75,13.50,13.51,37600,13.51
2012-02-10,13.44,13.94,13.25,13.94,21400,13.94
2012-02-09,13.83,13.89,13.40,13.60,33900,13.60
2012-02-08,13.89,13.94,13.70,13.94,31500,13.94
2012-02-07,13.46,14.11,13.10,14.11,52200,14.11
2012-02-06,13.36,13.46,13.141,13.46,1500,13.46
2012-02-03,13.38,13.39,13.15,13.35,6500,13.35
2012-02-02,13.19,13.28,12.86,13.28,11000,13.28
2012-02-01,13.03,13.16,13.00,13.16,5800,13.16
2012-01-31,12.98,13.015,12.86,12.93,1500,12.93
2012-01-30,12.92,12.98,12.85,12.87,3800,12.87
2012-01-27,13.10,13.17,13.00,13.00,3700,13.00
2012-01-26,13.00,13.09,13.00,13.09,1500,13.09
2012-01-25,12.94,12.94,12.90,12.90,1400,12.90
2012-01-24,12.99,13.239,12.80,12.85,6100,12.85
2012-01-23,13.18,13.25,12.96,13.01,2400,13.01
2012-01-20,12.98,13.2592,12.9508,13.19,3600,13.19
2012-01-19,12.97,13.10,12.75,13.10,5200,13.10
2012-01-18,13.08,13.08,12.8408,13.01,3200,13.01
2012-01-17,12.92,13.176,12.791,12.98,3800,12.98
2012-01-16,13.01,13.01,13.01,13.01,000,13.01
2012-01-13,13.40,13.40,12.67,13.01,12900,13.01
2012-01-12,13.27,13.46,12.98,13.34,6200,13.34
2012-01-11,13.47,13.49,13.39,13.39,700,13.39
2012-01-10,13.16,13.48,12.91,13.14,8100,13.14
2012-01-09,13.42,13.51,13.14,13.22,3400,13.22
2012-01-06,13.45,13.45,13.25,13.26,3400,13.26
2012-01-05,13.15,13.44,13.15,13.44,8700,13.44
2012-01-04,12.96,13.17,12.8008,13.17,5600,13.17
2012-01-03,13.12,13.12,12.56,12.73,11200,12.73
2012-01-02,12.82,12.82,12.82,12.82,000,12.82
2011-12-30,12.64,12.82,12.31,12.82,12500,12.82
2011-12-29,12.63,12.70,12.51,12.63,3200,12.63
2011-12-28,12.79,12.95,12.49,12.65,4300,12.65
2011-12-27,12.99,13.43,12.85,12.95,3100,12.95
2011-12-26,12.95,12.95,12.95,12.95,000,12.95
2011-12-23,12.84,13.09,12.84,12.95,13100,12.95
2011-12-22,12.93,13.09,12.75,12.85,1200,12.85
2011-12-21,13.03,13.03,12.76,12.85,1100,12.85
2011-12-20,12.75,13.31,12.75,13.00,7000,13.00
2011-12-19,12.89,13.14,12.80,12.80,2600,12.80
2011-12-16,12.91,13.29,12.91,12.91,8900,12.91
2011-12-15,12.73,13.19,12.73,12.75,6600,12.75
2011-12-14,12.62,12.79,12.30,12.62,3500,12.62
2011-12-13,13.03,13.03,12.41,12.52,12000,12.52
2011-12-12,12.88,13.068,12.27,12.84,6300,12.84
2011-12-09,12.96,12.98,12.01,12.79,5100,12.79
2011-12-08,13.06,13.34,12.90,13.34,6600,13.34
2011-12-07,13.04,13.19,12.90,13.19,28200,13.19
2011-12-06,13.20,13.46,13.10,13.15,10700,13.15
2011-12-05,13.28,13.30,12.80,13.19,23700,13.19
2011-12-02,13.56,13.59,13.16,13.29,12700,13.29
2011-12-01,13.33,13.7099,13.20,13.55,5100,13.55
2011-11-30,13.93,13.93,13.26,13.26,7400,13.26
2011-11-29,13.84,13.9302,13.621,13.75,6500,13.75
2011-11-28,13.89,13.94,13.65,13.84,9600,13.84
2011-11-25,13.40,13.50,13.15,13.50,2100,13.50
2011-11-24,13.50,13.50,13.50,13.50,000,13.50
2011-11-23,13.49,13.90,13.20,13.50,16800,13.50
2011-11-22,13.68,13.75,13.08,13.60,93500,13.60
2011-11-21,13.60,13.90,13.40,13.87,9800,13.87
2011-11-18,14.01,14.20,13.50,13.50,18000,13.50
2011-11-17,13.88,14.35,13.83,14.29,11000,14.29
2011-11-16,14.43,14.44,13.72,13.76,10800,13.76
2011-11-15,14.53,14.53,13.84,14.37,20500,14.37
2011-11-14,13.79,14.45,13.54,14.25,8200,14.25
2011-11-11,14.75,15.00,13.90,14.00,29400,14.00
2011-11-10,14.02,14.832,14.02,14.75,28900,14.75
2011-11-09,14.07,14.44,13.46,13.88,45800,13.88
2011-11-08,13.50,14.19,13.50,14.15,45500,14.15
2011-11-07,13.35,13.50,13.15,13.4601,15800,13.4601
2011-11-04,13.12,13.25,12.90,13.25,29800,13.25
2011-11-03,13.11,13.12,12.866,13.10,9300,13.10
2011-11-02,12.48,13.14,12.44,13.11,28300,13.11
2011-11-01,12.00,12.48,12.00,12.45,35900,12.45
2011-10-31,12.42,12.45,11.66,12.2199,2000,12.2199
2011-10-28,12.48,12.6915,12.41,12.45,9000,12.45
2011-10-27,12.74,12.74,11.455,12.43,9500,12.43
2011-10-26,11.43,12.30,11.41,12.30,40000,12.30
2011-10-25,11.49,11.58,11.324,11.58,27100,11.58
2011-10-24,11.49,11.57,11.40,11.499,9500,11.499
2011-10-21,11.31,11.49,11.20,11.35,3800,11.35
2011-10-20,11.70,11.84,11.2008,11.30,3900,11.30
2011-10-19,11.44,11.46,11.43,11.43,1200,11.43
2011-10-18,11.48,11.50,11.355,11.46,2800,11.46
2011-10-17,11.50,11.70,11.28,11.28,5200,11.28
2011-10-14,11.51,11.98,11.21,11.4604,6500,11.4604
2011-10-13,11.49,11.49,11.48,11.48,300,11.48
2011-10-12,11.51,11.704,11.47,11.47,4600,11.47
2011-10-11,11.32,11.93,11.32,11.495,7100,11.495
2011-10-10,11.51,12.11,11.34,11.34,2600,11.34
2011-10-07,11.50,11.50,11.30,11.41,1700,11.41
2011-10-06,11.44,11.50,11.26,11.32,2800,11.32
2011-10-05,11.48,11.49,11.322,11.322,1400,11.322
2011-10-04,11.28,11.49,11.25,11.26,600,11.26
2011-10-03,11.72,11.72,11.2508,11.32,2700,11.32
2011-09-30,11.51,11.51,11.20,11.44,3700,11.44
2011-09-29,11.20,11.49,11.20,11.485,400,11.485
2011-09-28,11.45,12.00,11.17,11.49,8100,11.49
2011-09-27,11.41,11.46,11.10,11.10,6400,11.10
2011-09-26,11.27,11.27,11.00,11.00,1400,11.00
2011-09-23,11.03,11.42,11.00,11.08,4500,11.08
2011-09-22,10.85,11.92,10.76,11.10,4700,11.10
2011-09-21,11.75,11.79,11.19,11.25,2500,11.25
2011-09-20,11.46,11.46,11.35,11.455,9100,11.455
2011-09-19,11.17,11.22,11.01,11.22,2400,11.22
2011-09-16,11.25,11.331,11.10,11.10,5600,11.10
2011-09-15,11.40,11.50,11.25,11.3301,9000,11.3301
2011-09-14,11.22,11.40,11.15,11.40,8500,11.40
2011-09-13,11.23,11.44,11.13,11.25,2400,11.25
2011-09-12,11.14,11.275,11.10,11.18,7000,11.18
2011-09-09,11.24,11.30,11.20,11.2199,43200,11.2199
2011-09-08,11.59,11.69,11.31,11.33,7600,11.33
2011-09-07,12.55,12.80,11.81,11.91,27300,11.91
2011-09-06,10.96,12.489,10.96,12.25,33700,12.25
2011-09-02,10.57,11.20,10.40,11.17,5000,11.17
2011-09-01,10.57,10.65,10.04,10.59,3900,10.59
2011-08-31,10.17,10.55,10.11,10.55,10500,10.55
2011-08-30,10.20,10.21,10.029,10.12,4500,10.12
2011-08-29,10.22,10.50,9.51,10.20,3200,10.20
2011-08-26,10.33,10.49,10.14,10.33,800,10.33
2011-08-25,10.03,10.47,10.00,10.20,3300,10.20
2011-08-24,10.40,10.50,9.90,10.50,3700,10.50
2011-08-23,10.10,10.33,10.10,10.33,900,10.33
2011-08-22,10.17,10.30,9.88,10.05,6800,10.05
2011-08-18,9.96,10.03,9.96,10.01,400,10.01
2011-08-17,10.57,10.60,9.96,10.26,1700,10.26
2011-08-16,10.46,10.46,10.1008,10.19,3200,10.19
2011-08-15,10.24,10.718,10.20,10.63,2100,10.63
2011-08-12,10.01,10.47,10.01,10.082,2400,10.082
2011-08-11,10.35,10.35,9.90,9.93,14600,9.93
2011-08-10,10.27,10.35,10.20,10.35,1000,10.35
2011-08-09,10.50,10.87,8.25,10.28,13600,10.28
2011-08-08,10.71,11.10,10.33,10.50,6500,10.50
2011-08-05,10.81,10.88,10.58,10.80,10700,10.80
2011-08-04,11.11,11.11,10.81,10.91,5000,10.91
2011-08-03,11.07,11.2635,11.07,11.24,700,11.24
2011-08-02,11.38,11.38,11.11,11.317,3500,11.317
2011-08-01,11.32,11.40,11.1208,11.40,4100,11.40
2011-07-29,11.28,11.30,11.21,11.26,1300,11.26
2011-07-28,11.26,11.30,11.24,11.25,3700,11.25
2011-07-27,11.31,11.39,11.2008,11.30,1500,11.30
2011-07-26,11.35,11.37,11.2466,11.2716,3000,11.2716
2011-07-25,11.28,11.29,11.12,11.25,3300,11.25
2011-07-22,11.35,11.40,11.2199,11.23,12400,11.23
2011-07-21,11.12,11.36,11.10,11.32,4600,11.32
2011-07-20,11.09,11.30,11.08,11.28,6900,11.28
2011-07-19,11.00,11.08,11.00,11.04,1200,11.04
2011-07-18,11.03,11.15,11.00,11.00,7000,11.00
2011-07-15,11.18,11.20,11.00,11.00,8700,11.00
2011-07-14,11.16,11.16,11.08,11.10,4700,11.10
2011-07-13,11.19,11.19,11.05,11.11,5500,11.11
2011-07-12,11.09,11.13,11.00,11.13,2300,11.13
2011-07-11,11.09,11.20,10.96,11.03,14300,11.03
2011-07-08,11.10,11.20,11.10,11.20,400,11.20
2011-07-07,11.11,11.20,11.0008,11.20,4900,11.20
2011-07-06,11.09,11.20,10.9708,11.13,8700,11.13
2011-07-05,11.11,11.11,11.00,11.09,3300,11.09
2011-07-01,11.09,11.20,10.71,11.13,5400,11.13
2011-06-30,11.48,11.48,10.97,11.05,17900,11.05
2011-06-29,11.43,11.48,11.1775,11.44,25800,11.44
2011-06-28,11.28,11.40,11.26,11.31,12300,11.31
2011-06-27,11.08,11.30,11.08,11.25,4800,11.25
2011-06-24,10.98,11.389,10.98,11.01,8100,11.01
2011-06-23,10.98,11.288,10.88,10.955,5500,10.955
2011-06-22,10.88,11.00,10.88,10.96,4100,10.96
2011-06-21,10.96,11.49,10.88,10.95,7600,10.95
2011-06-20,10.83,11.00,10.72,11.00,8800,11.00
2011-06-17,10.82,10.82,10.82,10.82,400,10.82
2011-06-16,10.88,10.88,10.55,10.60,4100,10.60
2011-06-15,10.73,10.85,10.70,10.85,5500,10.85
2011-06-14,11.07,11.07,10.91,11.00,23300,11.00
2011-06-13,11.05,11.07,11.01,11.07,5800,11.07
2011-06-10,11.06,11.10,11.00,11.10,7200,11.10
2011-06-09,11.10,11.11,11.00,11.02,4800,11.02
2011-06-08,11.05,11.34,11.01,11.11,5400,11.11
2011-06-07,10.90,11.16,10.90,11.16,5600,11.16
2011-06-06,11.30,11.40,11.00,11.01,17600,11.01
2011-06-03,11.51,11.51,11.30,11.33,1200,11.33
2011-06-02,11.43,11.46,11.35,11.45,4200,11.45
2011-06-01,11.38,11.40,11.30,11.40,5100,11.40
2011-05-31,11.55,11.66,11.35,11.50,16700,11.50
2011-05-27,11.70,11.70,11.5209,11.605,2500,11.605
2011-05-26,11.56,11.70,11.47,11.70,600,11.70
2011-05-25,11.59,11.70,11.51,11.59,1200,11.59
2011-05-24,11.79,11.79,11.50,11.61,10200,11.61
2011-05-23,11.83,11.90,11.75,11.75,5100,11.75
2011-05-20,11.87,12.08,11.79,11.89,8200,11.89
2011-05-19,11.97,12.00,11.75,11.86,18500,11.86
2011-05-18,11.80,12.00,11.80,11.90,23000,11.90
2011-05-17,11.75,11.85,11.50,11.75,5500,11.75
2011-05-16,11.50,11.85,11.35,11.75,28800,11.75
2011-05-13,11.81,11.90,11.75,11.75,2300,11.75
2011-05-12,11.55,11.88,11.55,11.88,21300,11.88
2011-05-11,11.80,11.80,11.35,11.60,11000,11.60
2011-05-10,11.77,11.85,11.35,11.80,50500,11.80
2011-05-09,12.00,12.20,11.26,11.84,145200,11.84
2011-05-06,13.11,13.11,12.95,13.09,6000,13.09
2011-05-05,13.05,13.2899,12.95,13.14,10300,13.14
2011-05-04,13.54,13.54,12.95,13.04,6300,13.04
2011-05-03,13.16,13.71,13.10,13.71,49700,13.71
2011-05-02,13.18,13.18,12.95,13.18,8900,13.18
2011-04-29,12.99,13.19,12.95,12.95,10900,12.95
2011-04-28,12.81,13.02,12.69,12.84,7900,12.84
2011-04-27,12.73,12.87,12.69,12.87,7600,12.87
2011-04-26,12.42,12.80,12.42,12.52,7100,12.52
2011-04-25,12.30,12.54,12.2701,12.31,7200,12.31
2011-04-21,12.29,12.29,12.081,12.25,1700,12.25
2011-04-20,11.99,12.30,11.76,12.27,13400,12.27
2011-04-19,11.85,12.0156,11.71,12.0156,7200,12.0156
2011-04-18,11.58,11.82,11.50,11.80,69900,11.80
2011-04-15,11.85,11.92,11.53,11.78,4000,11.78
2011-04-14,11.50,11.90,11.50,11.81,16300,11.81
2011-04-13,11.56,11.99,11.50,11.55,82100,11.55
2011-04-12,11.98,11.98,11.66,11.85,3100,11.85
2011-04-11,11.80,11.99,11.67,11.99,15300,11.99
2011-04-08,12.05,12.181,11.66,11.78,65100,11.78
2011-04-07,12.19,12.33,12.00,12.00,7700,12.00
2011-04-06,12.47,12.47,12.01,12.25,10400,12.25
2011-04-05,12.33,12.48,12.01,12.48,26800,12.48
2011-04-04,12.35,12.50,12.2001,12.33,16200,12.33
2011-04-01,12.32,12.50,12.07,12.40,25900,12.40
2011-03-31,12.21,12.434,12.03,12.42,18700,12.42
2011-03-30,12.40,12.63,12.16,12.2888,13700,12.2888
2011-03-29,12.30,12.40,12.20,12.40,16400,12.40
2011-03-28,12.10,12.55,12.05,12.35,27400,12.35
2011-03-25,12.85,12.85,12.00,12.08,32800,12.08
2011-03-24,12.63,13.02,12.63,12.7401,10600,12.7401
2011-03-23,12.83,13.00,12.40,12.40,18700,12.40
2011-03-22,13.00,13.00,12.75,12.95,10100,12.95
2011-03-21,13.24,13.25,12.75,12.94,33400,12.94
2011-03-18,12.49,12.92,12.40,12.63,8600,12.63
2011-03-17,12.59,12.804,12.38,12.4426,11000,12.4426
2011-03-16,12.29,12.87,12.271,12.37,16100,12.37
2011-03-15,12.38,12.45,12.01,12.1699,18600,12.1699
2011-03-14,12.90,13.0699,12.48,12.48,33400,12.48
2011-03-11,12.72,13.15,12.719,13.0832,58600,13.0832
2011-03-10,13.15,13.19,12.75,12.80,19900,12.80
2011-03-09,13.15,13.1706,13.08,13.1499,14300,13.1499
2011-03-08,13.03,13.19,13.01,13.08,69500,13.08
2011-03-07,13.53,13.53,12.60,12.9699,203800,12.9699
2011-03-04,11.34,11.36,11.22,11.36,7000,11.36
2011-03-03,11.39,11.39,11.2999,11.35,2400,11.35
2011-03-02,11.39,11.39,11.34,11.38,8700,11.38
2011-03-01,11.26,11.35,11.24,11.35,10100,11.35
2011-02-28,11.18,11.25,11.17,11.22,7400,11.22
2011-02-25,11.10,11.18,11.12,11.18,6000,11.18
2011-02-24,11.23,11.23,11.05,11.0868,1400,11.0868
2011-02-22,11.21,11.30,11.06,11.1101,2600,11.1101
2011-02-18,11.20,11.24,11.0901,11.0901,1000,11.0901
2011-02-17,11.19,11.24,11.18,11.24,2600,11.24
2011-02-16,11.10,11.15,11.10,11.14,1600,11.14
2011-02-15,11.07,11.14,11.07,11.12,1700,11.12
2011-02-14,11.07,11.09,11.02,11.07,9600,11.07
2011-02-11,11.27,11.27,11.16,11.16,300,11.16
2011-02-10,11.16,11.38,11.07,11.35,4200,11.35
2011-02-09,11.09,11.34,11.07,11.07,1500,11.07
2011-02-08,11.19,11.35,11.024,11.30,2700,11.30
2011-02-07,11.35,11.38,11.15,11.30,38700,11.30
2011-02-04,11.10,11.20,11.10,11.20,5200,11.20
2011-02-03,11.20,11.25,11.05,11.05,24900,11.05
2011-02-02,11.30,11.31,11.2237,11.30,25700,11.30
2011-02-01,11.56,11.59,11.0001,11.30,62200,11.30
2011-01-31,11.13,11.25,11.11,11.111,5400,11.111
2011-01-28,11.06,11.0867,10.97,11.08,500,11.08
2011-01-27,11.06,11.15,10.97,11.14,9400,11.14
2011-01-26,11.17,11.20,11.05,11.20,12500,11.20
2011-01-25,11.01,11.01,11.01,11.01,1200,11.01
2011-01-24,11.10,11.10,10.965,10.98,2000,10.98
2011-01-21,10.93,10.9501,10.93,10.95,14100,10.95
2011-01-20,10.85,10.92,10.84,10.92,23200,10.92
2011-01-19,10.85,10.85,10.85,10.85,200,10.85
2011-01-18,10.82,10.82,10.75,10.82,20500,10.82
2011-01-14,10.81,11.02,10.621,10.90,4300,10.90
2011-01-13,11.025,11.03,11.025,11.03,300,11.03
2011-01-12,11.05,11.15,10.64,10.64,1000,10.64
2011-01-11,11.33,11.65,11.15,11.15,3500,11.15
2011-01-10,11.11,11.11,11.11,11.11,000,11.11
2011-01-07,11.02,11.15,10.661,11.11,1300,11.11
2011-01-06,11.03,11.11,11.00,11.00,500,11.00
2011-01-05,10.88,11.05,10.88,11.03,1200,11.03
2011-01-04,11.03,11.41,10.611,11.15,3600,11.15
2011-01-03,10.76,11.03,10.76,11.03,2200,11.03
2010-12-31,10.52,10.83,10.50,10.83,20300,10.83
2010-12-30,10.66,10.66,10.50,10.51,1500,10.51
2010-12-29,10.72,10.75,10.50,10.71,2200,10.71
2010-12-28,10.53,10.82,10.50,10.51,1000,10.51
2010-12-27,10.53,10.535,10.50,10.50,1700,10.50
2010-12-23,10.85,10.85,10.60,10.60,400,10.60
2010-12-22,10.86,10.87,10.60,10.85,5400,10.85
2010-12-21,10.39,10.57,10.39,10.57,1200,10.57
2010-12-20,10.45,10.45,10.24,10.24,700,10.24
2010-12-17,10.30,10.65,10.30,10.30,16900,10.30
2010-12-16,9.91,10.29,9.90,10.29,2700,10.29
2010-12-15,10.02,10.05,10.02,10.05,500,10.05
2010-12-14,10.02,10.4399,9.30,10.35,7800,10.35
2010-12-13,10.49,10.49,10.15,10.35,700,10.35
2010-12-10,10.49,10.49,10.251,10.302,1300,10.302
2010-12-09,10.15,10.26,10.15,10.26,10700,10.26
2010-12-08,10.10,10.1899,10.10,10.15,1200,10.15
2010-12-07,10.26,10.27,10.01,10.01,5700,10.01
2010-12-06,10.29,10.50,10.1236,10.27,17300,10.27
2010-12-03,10.31,10.41,10.10,10.39,5300,10.39
2010-12-02,10.40,10.40,10.17,10.3999,6300,10.3999
2010-12-01,10.50,10.50,10.03,10.40,8200,10.40
2010-11-30,10.54,10.54,10.54,10.54,000,10.54
2010-11-29,10.60,10.6899,10.26,10.61,2600,10.61
2010-11-26,10.82,10.82,10.60,10.60,400,10.60
2010-11-24,10.88,10.88,10.80,10.80,1300,10.80
2010-11-22,11.08,11.08,10.94,10.94,1700,10.94
2010-11-19,11.08,11.55,11.05,11.05,1700,11.05
2010-11-18,11.20,11.20,11.00,11.12,2900,11.12
2010-11-17,11.21,11.21,11.19,11.20,1400,11.20
2010-11-16,11.31,11.32,11.28,11.319,2100,11.319
2010-11-15,11.29,11.50,11.29,11.50,1100,11.50
2010-11-12,11.36,11.36,11.251,11.33,400,11.33
2010-11-10,11.57,11.57,11.39,11.39,400,11.39
2010-11-09,11.37,11.55,11.051,11.50,14500,11.50
2010-11-08,11.02,11.38,10.5301,11.11,2500,11.11
2010-11-05,11.29,11.29,11.19,11.26,400,11.26
2010-11-04,11.11,11.41,11.0644,11.37,1700,11.37
2010-11-03,11.08,11.42,10.76,11.03,4800,11.03
2010-11-02,11.03,11.45,10.99,11.03,9800,11.03
2010-11-01,10.56,11.05,10.56,10.90,8800,10.90
2010-10-29,10.85,10.92,10.511,10.511,1100,10.511
2010-10-28,10.61,10.85,10.60,10.80,8100,10.80
2010-10-27,10.53,10.70,10.4299,10.61,4500,10.61
2010-10-25,10.40,10.40,10.30,10.30,1800,10.30
2010-10-22,10.52,10.52,10.295,10.415,4100,10.415
2010-10-21,10.43,10.57,10.26,10.38,9900,10.38
2010-10-20,10.43,10.43,10.21,10.2999,2200,10.2999
2010-10-19,10.42,10.42,10.42,10.42,000,10.42
2010-10-18,10.42,10.44,10.17,10.3701,2100,10.3701
2010-10-15,10.39,10.47,10.15,10.46,2800,10.46
2010-10-14,10.36,10.36,10.36,10.36,000,10.36
2010-10-13,10.48,10.48,10.10,10.2499,16000,10.2499
2010-10-11,10.42,10.42,10.12,10.35,1000,10.35
2010-10-08,10.17,10.45,10.17,10.38,3500,10.38
2010-10-07,10.10,10.20,10.06,10.15,1600,10.15
2010-10-06,10.46,10.49,10.06,10.453,4000,10.453
2010-10-05,10.42,10.50,10.065,10.49,1200,10.49
2010-10-04,10.42,10.57,10.04,10.18,600,10.18
2010-10-01,10.60,10.60,10.06,10.33,1300,10.33
2010-09-30,10.62,10.66,10.29,10.52,4100,10.52
2010-09-29,10.58,10.59,10.3301,10.59,3300,10.59
2010-09-28,10.28,10.41,10.10,10.41,1900,10.41
2010-09-27,10.29,10.45,10.10,10.23,10200,10.23
2010-09-24,10.27,10.31,10.05,10.29,1800,10.29
2010-09-23,10.37,10.39,10.25,10.25,500,10.25
2010-09-22,10.13,10.40,10.13,10.30,700,10.30
2010-09-21,10.26,10.405,10.13,10.16,4600,10.16
2010-09-20,10.46,10.46,10.00,10.10,7600,10.10
2010-09-17,10.54,10.73,10.28,10.28,6200,10.28
2010-09-16,10.61,10.65,10.50,10.52,1700,10.52
2010-09-15,10.39,10.66,10.30,10.52,500,10.52
2010-09-14,10.46,10.50,10.26,10.35,18500,10.35
2010-09-13,10.74,10.74,10.4501,10.47,2200,10.47
2010-09-10,10.48,10.75,10.45,10.7499,5900,10.7499
2010-09-09,10.49,10.69,10.41,10.41,2600,10.41
2010-09-08,10.20,10.705,10.17,10.4001,6300,10.4001
2010-09-07,10.50,10.75,10.09,10.33,2700,10.33
2010-09-03,10.33,10.71,10.00,10.55,7500,10.55
2010-09-02,10.36,10.36,10.20,10.26,2900,10.26
2010-09-01,10.3899,10.3899,10.298,10.298,700,10.298
2010-08-31,10.30,10.39,10.30,10.30,600,10.30
2010-08-30,10.23,10.35,10.015,10.015,1300,10.015
2010-08-27,9.99,10.25,9.99,10.25,7300,10.25
2010-08-26,9.75,10.18,9.75,9.95,12600,9.95
2010-08-25,9.89,10.00,9.89,9.99,5500,9.99
2010-08-24,10.00,10.06,10.00,10.00,6400,10.00
2010-08-23,9.98,10.18,9.98,10.18,2400,10.18
2010-08-20,9.59,10.47,9.59,10.05,15400,10.05
2010-08-19,9.83,9.83,9.83,9.83,000,9.83
2010-08-18,9.70,9.88,9.53,9.76,7100,9.76
2010-08-17,9.75,9.75,9.49,9.75,11300,9.75
2010-08-16,9.76,9.76,9.76,9.76,000,9.76
2010-08-13,9.75,9.90,9.75,9.75,300,9.75
2010-08-12,9.95,9.95,9.6301,9.6301,1000,9.6301
2010-08-11,9.75,9.85,9.65,9.75,14800,9.75
2010-08-10,9.72,9.82,9.524,9.82,6700,9.82
2010-08-09,9.79,9.825,9.79,9.79,1900,9.79
2010-08-06,9.69,9.80,9.45,9.79,5900,9.79
2010-08-05,9.194,9.194,9.194,9.194,100,9.194
2010-08-03,9.77,9.78,9.47,9.7799,900,9.7799
2010-08-02,9.82,9.82,9.55,9.76,2000,9.76
2010-07-30,9.64,9.80,9.39,9.64,4600,9.64
2010-07-29,9.40,9.85,9.25,9.58,29400,9.58
2010-07-28,9.26,9.98,9.25,9.40,18600,9.40
2010-07-27,9.12,9.22,9.02,9.22,1700,9.22
2010-07-26,9.02,9.2799,9.00,9.18,8200,9.18
2010-07-23,9.11,9.23,9.0999,9.17,7200,9.17
2010-07-22,9.18,9.20,9.01,9.20,700,9.20
2010-07-21,9.36,9.36,8.99,9.10,10900,9.10
2010-07-20,9.35,9.36,9.21,9.36,800,9.36
2010-07-19,9.28,9.39,9.25,9.36,3000,9.36
2010-07-16,9.00,9.25,9.00,9.13,5300,9.13
2010-07-15,8.98,9.10,8.98,9.10,700,9.10
2010-07-14,9.00,9.10,8.98,8.98,182700,8.98
2010-07-13,9.10,9.10,8.97,8.992,9200,8.992
2010-07-12,9.06,9.10,9.0013,9.09,2400,9.09
2010-07-09,9.14,9.14,8.87,9.1099,2700,9.1099
2010-07-08,8.91,9.25,8.50,8.995,11100,8.995
2010-07-07,9.04,9.19,9.00,9.00,400,9.00
2010-07-06,9.11,9.11,8.90,9.00,20700,9.00
2010-07-02,9.01,9.01,8.979,8.979,500,8.979
2010-07-01,9.00,9.32,8.9001,9.00,10100,9.00
2010-06-30,8.86,9.03,8.80,9.00,14600,9.00
2010-06-29,9.03,9.065,8.93,8.95,1700,8.95
2010-06-28,9.22,9.24,8.91,9.22,2300,9.22
2010-06-25,9.09,9.24,8.55,9.24,16100,9.24
2010-06-24,9.35,9.35,9.00,9.03,1200,9.03
2010-06-23,9.56,9.7375,9.30,9.35,2800,9.35
2010-06-22,9.60,9.60,9.40,9.50,2500,9.50
2010-06-21,9.45,9.74,9.325,9.74,10900,9.74
2010-06-18,9.34,9.34,9.34,9.34,4800,9.34
2010-06-17,9.19,9.4799,9.01,9.24,4800,9.24
2010-06-16,9.38,9.44,9.10,9.44,2700,9.44
2010-06-15,9.10,9.10,9.0501,9.10,500,9.10
2010-06-14,9.04,9.44,9.02,9.05,1600,9.05
2010-06-10,9.43,9.48,9.03,9.147,3900,9.147
2010-06-09,9.15,9.48,9.145,9.15,7900,9.15
2010-06-08,9.50,9.75,8.50,9.15,12200,9.15
2010-06-07,9.43,9.77,9.3301,9.42,3700,9.42
2010-06-04,9.99,9.99,9.27,9.33,14200,9.33
2010-06-03,9.03,9.16,9.03,9.16,5800,9.16
2010-06-02,9.05,9.17,8.86,9.05,2000,9.05
2010-06-01,9.16,9.475,9.00,9.13,2300,9.13
2010-05-28,9.44,9.44,9.44,9.44,2700,9.44
2010-05-27,9.53,9.53,9.42,9.445,2700,9.445
2010-05-26,9.45,9.55,9.40,9.55,16800,9.55
2010-05-25,9.35,9.36,9.25,9.29,3400,9.29
2010-05-24,9.39,9.39,9.15,9.35,2600,9.35
2010-05-21,9.35,9.35,9.08,9.35,11100,9.35
2010-05-20,9.45,9.50,9.2601,9.35,4800,9.35
2010-05-19,9.65,9.72,9.45,9.50,1200,9.50
2010-05-18,9.57,9.7193,9.50,9.57,1400,9.57
2010-05-17,9.41,9.6299,9.40,9.42,8600,9.42
2010-05-14,9.68,9.68,9.35,9.68,500,9.68
2010-05-13,9.90,9.98,9.26,9.26,12800,9.26
2010-05-12,9.42,9.795,9.18,9.77,4400,9.77
2010-05-11,9.32,9.45,9.13,9.45,14700,9.45
2010-05-10,8.94,9.29,8.93,9.28,15400,9.28
2010-05-07,9.24,9.24,8.921,9.00,1600,9.00
2010-05-06,9.24,9.24,9.24,9.24,200,9.24
2010-05-05,9.36,9.435,9.191,9.191,4900,9.191
2010-05-04,9.15,9.25,9.15,9.25,5200,9.25
2010-05-03,8.94,8.98,8.69,8.98,3600,8.98
2010-04-30,8.83,9.06,8.83,8.83,1700,8.83
2010-04-29,9.04,9.04,9.04,9.04,2600,9.04
2010-04-28,8.99,9.05,8.8235,9.05,2600,9.05
2010-04-27,9.03,9.03,8.87,9.00,4000,9.00
2010-04-26,9.08,9.09,8.68,9.03,17700,9.03
2010-04-23,9.05,9.061,8.62,8.766,20600,8.766
2010-04-22,8.93,9.00,8.93,9.00,6200,9.00
2010-04-21,9.02,9.02,8.511,8.741,9900,8.741
2010-04-20,8.75,9.00,8.5101,8.86,1800,8.86
2010-04-19,8.76,9.0499,8.76,8.84,6700,8.84
2010-04-16,9.02,9.02,8.60,8.634,14300,8.634
2010-04-15,9.20,9.25,9.01,9.04,21000,9.04
2010-04-14,9.12,9.32,9.10,9.20,16200,9.20
2010-04-13,9.00,9.10,9.00,9.10,4800,9.10
2010-04-12,8.95,9.11,8.704,8.95,22300,8.95
2010-04-09,9.01,9.105,8.92,9.008,9600,9.008
2010-04-08,8.94,9.14,8.88,9.004,21700,9.004
2010-04-07,9.10,9.15,8.87,8.95,19100,8.95
2010-04-06,8.77,9.094,8.77,8.98,2500,8.98
2010-04-05,8.75,9.05,8.70,8.70,8100,8.70
2010-04-01,8.65,8.8999,8.65,8.75,1300,8.75
2010-03-31,8.96,8.96,8.71,8.71,200,8.71
2010-03-30,8.83,8.83,8.83,8.83,21900,8.83
2010-03-29,8.90,9.035,8.50,8.76,21900,8.76
2010-03-26,9.09,9.0901,8.681,9.0799,2900,9.0799
2010-03-25,9.18,9.222,9.09,9.10,5000,9.10
2010-03-24,9.20,9.257,9.09,9.09,4800,9.09
2010-03-23,9.28,9.45,9.27,9.45,3500,9.45
2010-03-22,9.47,9.47,9.18,9.19,4300,9.19
2010-03-19,9.09,9.35,8.67,9.35,4100,9.35
2010-03-18,8.94,9.00,8.60,8.85,10300,8.85
2010-03-17,8.67,8.81,8.50,8.80,5000,8.80
2010-03-16,8.99,9.09,8.595,8.65,15400,8.65
2010-03-15,9.20,9.205,8.88,8.89,5500,8.89
2010-03-12,9.06,9.25,8.83,8.848,8700,8.848
2010-03-10,9.25,9.25,9.25,9.25,6300,9.25
2010-03-09,8.94,9.10,8.82,9.10,6300,9.10
2010-03-08,8.68,9.01,8.61,8.90,20900,8.90
2010-03-05,8.73,8.73,8.73,8.73,1000,8.73
2010-03-04,8.75,8.75,8.61,8.61,1000,8.61
2010-03-03,8.75,8.91,8.60,8.60,11700,8.60
2010-03-02,8.63,8.63,8.60,8.60,2300,8.60
2010-03-01,8.63,8.90,8.11,8.85,18000,8.85
2010-02-26,8.57,8.79,8.39,8.79,1500,8.79
2010-02-25,8.26,8.58,8.00,8.39,1600,8.39
2010-02-24,8.22,8.7499,8.04,8.043,12300,8.043
2010-02-23,8.15,9.00,8.05,8.10,17800,8.10
2010-02-22,8.24,8.909,8.04,8.04,25000,8.04
2010-02-19,8.28,8.60,8.00,8.157,11900,8.157
2010-02-18,8.57,8.99,8.155,8.16,7200,8.16
2010-02-17,8.68,8.70,8.37,8.552,13200,8.552
2010-02-16,7.39,9.28,7.385,8.51,113600,8.51
2010-02-12,7.33,7.515,7.18,7.40,4400,7.40
2010-02-11,7.34,7.45,7.00,7.13,27500,7.13
2010-02-10,7.11,7.35,7.11,7.197,7100,7.197
2010-02-09,7.04,7.13,6.96,6.96,4600,6.96
2010-02-08,7.00,7.04,6.905,7.02,24200,7.02
2010-02-05,7.04,7.04,7.00,7.04,1500,7.04
2010-02-04,7.04,7.04,7.00,7.04,1000,7.04
2010-02-03,7.00,7.11,7.00,7.11,1100,7.11
2010-02-02,7.00,7.10,7.00,7.00,1900,7.00
2010-02-01,7.00,7.0018,7.00,7.00,2500,7.00
2010-01-29,7.15,7.15,7.00,7.15,1800,7.15
2010-01-27,7.05,7.05,7.05,7.05,100,7.05
2010-01-26,7.00,7.17,7.00,7.17,9600,7.17
2010-01-25,7.00,7.04,7.00,7.04,1700,7.04
2010-01-22,7.01,7.0455,7.00,7.0455,4400,7.0455
2010-01-21,7.25,7.25,7.01,7.01,2200,7.01
2010-01-20,7.00,7.25,7.00,7.25,200,7.25
2010-01-19,7.05,7.35,7.00,7.00,14500,7.00
2010-01-15,7.01,7.155,7.00,7.06,6300,7.06
2010-01-14,7.06,7.33,7.01,7.15,1100,7.15
2010-01-13,7.00,7.16,6.90,7.16,17600,7.16
2010-01-12,7.00,7.0001,6.62,6.63,2000,6.63
2010-01-11,7.05,7.19,7.00,7.00,8000,7.00
2010-01-08,7.13,7.14,7.05,7.13,700,7.13
2010-01-07,7.11,7.11,7.11,7.11,8600,7.11
2010-01-06,7.00,7.20,7.00,7.0499,8600,7.0499
2010-01-05,7.38,7.38,7.21,7.35,1100,7.35
2010-01-04,7.36,7.36,7.36,7.36,100,7.36
2009-12-31,7.00,7.34,7.00,7.3399,6000,7.3399
2009-12-30,7.00,7.05,7.00,7.05,500,7.05
2009-12-29,7.00,7.0782,7.00,7.00,1100,7.00
2009-12-28,7.05,7.3464,7.00,7.08,19800,7.08
2009-12-24,7.10,7.10,7.01,7.01,700,7.01
2009-12-23,7.00,7.098,7.00,7.00,3500,7.00
2009-12-22,6.91,7.09,6.7701,6.7701,300,6.7701
2009-12-21,6.75,6.85,6.75,6.85,2600,6.85
2009-12-18,6.90,6.90,6.80,6.80,900,6.80
2009-12-17,7.09,7.10,7.00,7.01,6800,7.01
2009-12-16,7.10,7.10,7.10,7.10,2400,7.10
2009-12-15,7.09,7.09,6.77,6.99,2400,6.99
2009-12-14,6.90,7.08,6.66,6.70,1000,6.70
2009-12-11,7.09,7.10,6.99,7.10,1500,7.10
2009-12-10,6.66,7.07,6.66,7.07,600,7.07
2009-12-09,6.85,7.04,6.57,7.00,107800,7.00
2009-12-08,6.85,7.02,6.71,6.86,9300,6.86
2009-12-07,6.54,7.14,6.52,6.70,24900,6.70
2009-12-04,6.94,7.39,6.65,6.764,3900,6.764
2009-12-03,7.23,7.34,6.56,7.01,28000,7.01
2009-12-02,6.95,7.00,6.95,7.00,21400,7.00
2009-12-01,7.04,7.14,6.90,7.00,20700,7.00
2009-11-30,7.15,7.20,6.98,7.00,25400,7.00
2009-11-27,7.20,7.37,7.03,7.11,8700,7.11
2009-11-25,7.20,7.64,7.10,7.20,21200,7.20
2009-11-24,7.00,7.00,6.97,6.97,100,6.97
2009-11-23,7.14,7.50,7.00,7.00,15400,7.00
2009-11-20,7.08,7.23,6.461,7.00,27800,7.00
2009-11-19,7.47,7.47,7.10,7.14,12000,7.14
2009-11-18,7.02,7.89,7.00,7.50,41900,7.50
2009-11-17,7.10,7.15,7.00,7.00,5000,7.00
2009-11-16,7.19,7.38,7.09,7.09,2000,7.09
2009-11-13,7.37,7.50,7.37,7.38,11800,7.38
2009-11-12,7.00,7.39,7.00,7.12,9200,7.12
2009-11-11,6.99,7.00,6.87,6.87,1100,6.87
2009-11-10,7.07,7.4364,6.98,6.98,3100,6.98
2009-11-09,7.00,7.02,7.00,7.00,2100,7.00
2009-11-06,7.25,7.25,6.82,6.97,7600,6.97
2009-11-05,6.97,7.38,6.97,7.10,11300,7.10
2009-11-04,6.80,7.09,6.77,7.00,39100,7.00
2009-11-03,6.70,7.05,6.68,6.76,44400,6.76
2009-11-02,5.91,6.00,5.91,6.00,1100,6.00
2009-10-30,6.02,6.02,5.95,5.95,4100,5.95
2009-10-29,6.10,6.10,6.04,6.04,3800,6.04
2009-10-28,6.12,6.176,6.06,6.06,3200,6.06
2009-10-27,6.28,6.50,6.00,6.09,12400,6.09
2009-10-26,6.61,6.63,6.61,6.62,1900,6.62
2009-10-23,6.60,6.61,6.60,6.60,1800,6.60
2009-10-22,6.65,6.9199,6.60,6.60,2900,6.60
2009-10-21,6.64,6.6725,6.6101,6.6725,1000,6.6725
2009-10-20,6.75,6.75,6.65,6.704,600,6.704
2009-10-19,6.75,6.75,6.61,6.75,1900,6.75
2009-10-15,6.69,6.69,6.6799,6.6799,400,6.6799
2009-10-14,6.62,7.05,6.61,7.05,1600,7.05
2009-10-13,6.60,6.61,6.60,6.60,3500,6.60
2009-10-12,6.92,6.9925,6.696,6.696,1800,6.696
2009-10-09,6.51,7.09,6.50,7.09,8400,7.09
2009-10-08,6.76,6.76,6.51,6.60,4900,6.60
2009-10-07,6.95,6.97,6.8999,6.90,4200,6.90
2009-10-06,7.00,7.06,6.95,6.98,1200,6.98
2009-10-05,7.00,7.1599,7.00,7.00,400,7.00
2009-10-02,7.00,7.25,6.98,6.98,2300,6.98
2009-10-01,7.35,7.36,7.07,7.10,3700,7.10
2009-09-30,7.34,7.38,7.08,7.23,2600,7.23
2009-09-29,7.28,7.49,7.28,7.40,4000,7.40
2009-09-28,7.36,7.36,7.06,7.26,73800,7.26
2009-09-25,7.03,7.34,7.02,7.34,20600,7.34
2009-09-24,6.97,7.22,6.97,7.03,14200,7.03
2009-09-23,7.11,7.35,7.06,7.3001,8500,7.3001
2009-09-22,7.29,7.35,6.99,7.26,28800,7.26
2009-09-21,7.06,7.35,7.05,7.286,10100,7.286
2009-09-18,6.93,7.36,6.5001,7.00,33200,7.00
2009-09-17,6.75,7.149,6.60,6.932,11700,6.932
2009-09-16,6.75,6.89,6.5001,6.61,2600,6.61
2009-09-15,6.92,7.00,6.51,6.52,2400,6.52
2009-09-14,6.27,6.85,6.20,6.79,10300,6.79
2009-09-11,6.47,6.47,6.25,6.36,9100,6.36
2009-09-10,6.40,6.62,6.39,6.48,11500,6.48
2009-09-09,6.00,7.10,6.00,6.39,30300,6.39
2009-09-08,5.50,5.96,5.27,5.95,3300,5.95
2009-09-04,5.35,5.50,5.35,5.50,4300,5.50
2009-09-03,5.25,5.70,5.22,5.53,23000,5.53
2009-09-02,5.35,5.35,5.13,5.31,8100,5.31
2009-09-01,5.25,5.275,5.07,5.195,17500,5.195
2009-08-31,5.35,5.35,5.26,5.26,14000,5.26
2009-08-28,5.3499,5.35,5.25,5.35,3600,5.35
2009-08-27,5.25,5.25,5.25,5.25,000,5.25
2009-08-26,5.32,5.35,5.25,5.25,5000,5.25
2009-08-25,5.35,5.35,5.2083,5.25,2400,5.25
2009-08-24,5.2001,5.2001,5.2001,5.2001,100,5.2001
2009-08-21,5.20,5.25,5.19,5.22,188900,5.22
2009-08-20,5.15,5.50,5.15,5.25,15500,5.25
2009-08-19,5.15,5.22,5.12,5.12,106200,5.12
2009-08-18,5.114,5.114,5.114,5.114,100,5.114
2009-08-17,5.20,5.20,5.20,5.20,000,5.20
2009-08-14,5.10,5.215,5.0901,5.20,1000,5.20
2009-08-13,5.104,5.104,5.104,5.104,200,5.104
2009-08-12,5.25,5.25,5.25,5.25,000,5.25
2009-08-11,5.25,5.25,5.25,5.25,23300,5.25
2009-08-10,5.28,5.30,5.20,5.30,25000,5.30
2009-08-07,5.26,5.28,5.25,5.27,40700,5.27
2009-08-06,5.21,5.25,5.20,5.24,15500,5.24
2009-08-05,5.2999,5.2999,5.2999,5.2999,000,5.2999
2009-08-04,5.2999,5.2999,5.2999,5.2999,200,5.2999
2009-08-03,5.2301,5.30,5.2301,5.30,200,5.30
2009-07-31,5.22,5.33,5.22,5.30,26100,5.30
2009-07-30,5.37,5.40,5.11,5.20,111800,5.20
2009-07-29,5.36,5.36,5.36,5.36,300,5.36
2009-07-28,5.34,5.34,5.34,5.34,500,5.34
2009-07-27,5.30,5.40,5.30,5.40,600,5.40
2009-07-24,5.32,5.32,5.3101,5.3101,2600,5.3101
2009-07-23,5.40,5.40,5.40,5.40,000,5.40
2009-07-22,5.36,5.55,5.31,5.40,1400,5.40
2009-07-21,5.30,5.30,5.30,5.30,300,5.30
2009-07-20,5.18,5.30,5.18,5.30,12300,5.30
2009-07-17,5.15,5.31,5.15,5.2999,8600,5.2999
2009-07-16,5.06,5.36,5.06,5.24,13900,5.24
2009-07-15,5.533,5.533,5.14,5.2101,12900,5.2101
2009-07-14,5.40,5.65,5.22,5.32,17600,5.32
2009-07-13,5.1201,5.3641,5.03,5.22,42100,5.22
2009-07-10,5.23,5.32,5.01,5.0699,9600,5.0699
2009-07-09,5.12,5.12,4.80,5.01,69400,5.01
2009-07-08,5.15,5.25,5.00,5.12,7800,5.12
2009-07-07,5.26,5.50,5.04,5.0401,6100,5.0401
2009-07-06,5.63,5.66,5.34,5.44,1300,5.44
2009-07-02,5.6899,5.70,5.6899,5.70,1000,5.70
2009-07-01,6.08,6.08,5.70,5.70,11200,5.70
2009-06-30,5.8101,6.15,5.8101,6.15,4000,6.15
2009-06-29,5.70,5.83,5.49,5.70,2700,5.70
2009-06-26,5.305,5.78,5.17,5.70,10600,5.70
2009-06-25,4.93,5.25,4.85,4.85,500,4.85
2009-06-24,4.90,5.34,4.90,4.92,8800,4.92
2009-06-23,5.00,5.21,4.90,4.98,4300,4.98
2009-06-22,4.53,5.05,4.45,5.05,5000,5.05
2009-06-19,5.00,5.10,4.90,5.10,4900,5.10
2009-06-18,5.00,5.14,4.9999,5.075,25400,5.075
2009-06-17,5.35,5.39,4.69,5.15,3300,5.15
2009-06-16,5.35,5.35,5.10,5.15,10300,5.15
2009-06-15,5.05,5.50,4.97,5.50,10500,5.50
2009-06-12,5.0999,5.15,5.02,5.08,9200,5.08
2009-06-11,5.36,5.37,5.07,5.12,2300,5.12
2009-06-10,5.24,5.35,5.24,5.35,2700,5.35
2009-06-09,5.15,5.28,4.93,5.16,138900,5.16
2009-06-08,5.13,5.32,5.12,5.12,3300,5.12
2009-06-05,5.28,5.40,5.12,5.40,12900,5.40
2009-06-04,5.47,5.50,5.075,5.25,11800,5.25
2009-06-03,5.104,5.44,5.10,5.26,3000,5.26
2009-06-02,4.45,5.39,4.45,5.28,12200,5.28
2009-06-01,5.09,5.20,5.06,5.15,7600,5.15
2009-05-29,5.50,5.50,5.16,5.19,14900,5.19
2009-05-28,5.50,5.50,5.19,5.19,1700,5.19
2009-05-27,5.02,5.50,5.00,5.50,36700,5.50
2009-05-26,5.00,5.23,4.95,5.016,11300,5.016
2009-05-22,5.00,5.0525,4.92,5.00,74600,5.00
2009-05-21,4.75,5.10,4.75,4.95,41900,4.95
2009-05-20,4.84,5.00,4.81,4.99,233900,4.99
2009-05-19,4.85,5.32,4.75,4.75,1200,4.75
2009-05-18,5.00,5.00,4.52,4.8499,2500,4.8499
2009-05-15,4.85,4.91,4.85,4.90,3200,4.90
2009-05-14,4.65,4.65,4.62,4.64,3300,4.64
2009-05-13,4.56,4.91,4.4601,4.91,16300,4.91
2009-05-12,4.20,5.37,4.1999,4.51,144900,4.51
2009-05-11,4.2499,4.2499,4.05,4.0596,6300,4.0596
2009-05-08,4.1899,4.1899,4.05,4.06,21600,4.06
2009-05-07,4.30,4.30,4.15,4.15,2000,4.15
2009-05-06,4.28,4.28,4.25,4.28,1000,4.28
2009-05-05,4.05,4.28,4.05,4.18,34400,4.18
2009-05-04,4.00,4.15,4.00,4.07,39000,4.07
2009-05-01,4.00,4.12,4.00,4.12,44400,4.12
2009-04-30,4.01,4.19,4.00,4.03,65500,4.03
2009-04-29,4.01,4.04,4.00,4.00,41800,4.00
2009-04-28,4.08,4.08,4.00,4.00,7300,4.00
2009-04-27,4.03,4.19,4.03,4.19,2200,4.19
2009-04-24,4.00,4.04,4.00,4.00,84100,4.00
2009-04-22,4.00,4.10,3.9601,4.07,39000,4.07
2009-04-21,4.00,4.00,3.9775,3.98,25600,3.98
2009-04-20,4.04,4.04,3.9999,4.00,12700,4.00
2009-04-17,4.25,4.27,3.97,4.01,41600,4.01
2009-04-16,4.34,4.39,4.23,4.30,18600,4.30
2009-04-15,4.25,4.28,4.20,4.24,13700,4.24
2009-04-14,4.35,4.35,4.25,4.35,1300,4.35
2009-04-13,4.25,4.25,4.25,4.25,100,4.25
2009-04-09,4.30,4.30,4.30,4.30,100,4.30
2009-04-08,4.30,4.30,4.25,4.30,1600,4.30
2009-04-07,4.30,4.30,4.22,4.25,700,4.25
2009-04-06,4.32,4.32,4.32,4.32,100,4.32
2009-04-03,4.55,4.70,4.55,4.62,1700,4.62
2009-04-02,4.55,4.59,4.50,4.59,5900,4.59
2009-04-01,4.20,4.20,4.20,4.20,200,4.20
2009-03-31,4.20,4.20,4.11,4.20,2100,4.20
2009-03-30,4.35,4.43,4.05,4.05,8400,4.05
2009-03-27,4.24,4.50,4.24,4.24,8600,4.24
2009-03-26,4.27,4.61,4.17,4.17,1500,4.17
2009-03-25,4.40,4.40,4.30,4.40,8200,4.40
2009-03-24,4.35,4.49,4.35,4.42,10100,4.42
2009-03-23,4.44,4.50,4.35,4.45,7000,4.45
2009-03-20,4.20,4.46,4.20,4.35,16900,4.35
2009-03-19,4.21,4.50,4.21,4.50,2800,4.50
2009-03-18,4.27,4.58,4.27,4.50,11800,4.50
2009-03-17,4.50,4.55,4.14,4.49,2700,4.49
2009-03-16,4.40,4.60,4.00,4.50,8200,4.50
2009-03-13,4.60,4.63,4.23,4.39,2200,4.39
2009-03-12,4.25,4.58,4.25,4.49,1900,4.49
2009-03-11,4.64,4.64,4.31,4.44,5000,4.44
2009-03-10,4.23,4.70,4.17,4.6265,13500,4.6265
2009-03-09,3.99,4.65,3.97,4.25,8000,4.25
2009-03-06,4.10,4.61,4.07,4.61,300,4.61
2009-03-05,4.39,4.39,4.06,4.275,1900,4.275
2009-03-04,4.03,4.29,4.00,4.06,3800,4.06
2009-03-03,4.29,4.34,4.02,4.069,6200,4.069
2009-03-02,4.35,4.62,4.10,4.25,6400,4.25
2009-02-27,4.27,4.67,4.03,4.18,12000,4.18
2009-02-26,4.18,4.70,4.18,4.50,5800,4.50
2009-02-25,4.65,4.65,4.10,4.35,3300,4.35
2009-02-24,4.54,4.54,4.15,4.15,1800,4.15
2009-02-23,4.62,4.62,4.1916,4.41,9900,4.41
2009-02-20,4.43,4.43,4.04,4.40,4400,4.40
2009-02-19,4.10,4.57,4.10,4.15,2800,4.15
2009-02-18,4.61,4.72,4.28,4.28,4700,4.28
2009-02-17,4.60,4.60,4.32,4.32,5600,4.32
2009-02-13,4.69,4.69,4.31,4.40,3100,4.40
2009-02-12,4.33,4.66,4.33,4.47,4800,4.47
2009-02-11,4.55,4.73,4.51,4.60,3000,4.60
2009-02-10,4.67,4.90,4.57,4.60,3200,4.60
2009-02-09,4.83,4.83,4.58,4.68,3400,4.68
2009-02-06,4.89,4.91,4.51,4.70,3900,4.70
2009-02-05,4.62,4.70,4.60,4.70,1400,4.70
2009-02-04,5.18,5.33,4.55,4.8999,3200,4.8999
2009-02-03,5.1701,5.20,4.44,4.85,3000,4.85
2009-02-02,4.43,4.86,4.43,4.70,1700,4.70
2009-01-30,4.94,4.94,4.53,4.89,3100,4.89
2009-01-29,5.08,5.08,4.51,4.91,2900,4.91
2009-01-28,4.94,4.94,4.54,4.85,1900,4.85
2009-01-27,4.86,4.86,4.45,4.67,18800,4.67
2009-01-26,4.70,4.98,4.70,4.98,1100,4.98
2009-01-23,4.61,5.10,4.48,5.10,2800,5.10
2009-01-22,4.91,4.91,4.34,4.66,1500,4.66
2009-01-21,4.23,4.99,4.23,4.65,3000,4.65
2009-01-20,4.24,4.64,4.24,4.50,1600,4.50
2009-01-16,4.90,4.90,4.20,4.59,2700,4.59
2009-01-15,4.69,4.69,4.43,4.50,5800,4.50
2009-01-14,4.42,4.79,4.39,4.50,6300,4.50
2009-01-13,4.39,5.03,4.39,4.55,1500,4.55
2009-01-12,4.39,4.94,4.39,4.71,3700,4.71
2009-01-09,4.98,5.05,4.56,4.56,2800,4.56
2009-01-08,4.83,5.07,4.41,4.41,1400,4.41
2009-01-07,4.98,5.10,4.69,5.10,2000,5.10
2009-01-06,4.54,5.06,4.40,5.00,83600,5.00
2009-01-05,4.13,4.75,4.13,4.75,300,4.75
2009-01-02,4.65,4.71,4.65,4.71,1500,4.71
2008-12-31,4.26,4.9801,4.10,4.80,22100,4.80
2008-12-30,4.15,4.18,3.82,4.05,13900,4.05
2008-12-29,4.24,4.71,4.05,4.10,5600,4.10
2008-12-26,4.32,4.32,3.75,4.10,4600,4.10
2008-12-22,5.01,5.19,4.85,4.93,1000,4.93
2008-12-19,4.14,4.55,4.11,4.33,14900,4.33
2008-12-18,4.90,4.90,4.52,4.52,2400,4.52
2008-12-17,5.01,5.01,4.729,4.90,1300,4.90
2008-12-16,4.71,5.20,4.71,5.00,4900,5.00
2008-12-15,4.91,5.25,4.57,4.78,2800,4.78
2008-12-12,4.42,5.17,4.42,4.74,3000,4.74
2008-12-11,4.60,4.60,4.60,4.60,300,4.60
2008-12-10,4.55,4.70,4.55,4.70,18900,4.70
2008-12-09,4.13,4.74,4.12,4.74,334800,4.74
2008-12-08,3.98,4.33,3.85,4.03,2900,4.03
2008-12-05,4.58,4.67,4.11,4.11,3100,4.11
2008-12-04,4.2601,4.41,4.03,4.33,5800,4.33
2008-12-03,4.71,4.81,4.16,4.16,1600,4.16
2008-12-02,4.15,4.64,4.08,4.50,4000,4.50
2008-12-01,4.07,4.10,4.00,4.10,4900,4.10
2008-11-26,4.10,4.10,3.98,3.9848,5900,3.9848
2008-11-24,4.20,4.23,4.04,4.0999,2200,4.0999
2008-11-21,4.08,4.20,3.74,3.98,10900,3.98
2008-11-20,4.21,4.26,3.89,4.26,1300,4.26
2008-11-19,4.33,4.33,4.29,4.29,4900,4.29
2008-11-18,4.36,4.53,4.36,4.53,32200,4.53
2008-11-17,4.50,4.50,4.50,4.50,5000,4.50
2008-11-13,4.77,4.85,4.77,4.85,1400,4.85
2008-11-12,4.79,4.85,4.79,4.85,3500,4.85
2008-11-11,4.76,4.86,4.76,4.86,2900,4.86
2008-11-10,4.78,4.82,4.78,4.82,3700,4.82
2008-11-07,4.27,4.99,4.24,4.78,5900,4.78
2008-11-06,4.55,4.74,4.53,4.74,1200,4.74
2008-11-05,4.81,4.99,4.81,4.99,2100,4.99
2008-11-04,4.35,4.95,4.31,4.63,12500,4.63
2008-11-03,3.69,4.62,3.69,4.3501,9200,4.3501
2008-10-31,3.95,3.98,3.492,3.98,1400,3.98
2008-10-30,3.82,3.96,3.82,3.94,1700,3.94
2008-10-29,4.00,4.00,3.80,3.80,256100,3.80
2008-10-28,4.38,4.38,3.76,4.05,55700,4.05
2008-10-27,4.00,4.56,3.46,4.25,26500,4.25
2008-10-24,4.27,4.27,3.06,4.02,11900,4.02
2008-10-23,4.77,4.77,4.68,4.77,14100,4.77
2008-10-22,4.9796,4.9796,4.64,4.64,1100,4.64
2008-10-21,4.85,5.00,4.83,5.00,5700,5.00
2008-10-20,4.50,4.69,4.50,4.57,2200,4.57
2008-10-17,4.12,4.97,4.12,4.938,1300,4.938
2008-10-16,4.98,4.98,4.00,4.00,1400,4.00
2008-10-15,4.01,4.0101,4.00,4.00,7200,4.00
2008-10-14,4.70,4.70,3.58,4.00,18100,4.00
2008-10-13,4.60,4.91,4.60,4.91,2900,4.91
2008-10-10,4.57,4.99,4.57,4.91,1100,4.91
2008-10-09,5.00,5.00,4.58,4.83,5400,4.83
2008-10-08,5.05,5.05,5.02,5.02,400,5.02
2008-10-07,5.17,5.52,5.06,5.1199,7100,5.1199
2008-10-06,5.22,5.50,5.22,5.50,2300,5.50
2008-10-03,5.35,5.72,5.26,5.50,2600,5.50
2008-10-02,5.61,5.76,5.37,5.66,3300,5.66
2008-10-01,5.47,5.63,5.47,5.63,300,5.63
2008-09-30,5.18,5.64,5.18,5.64,2800,5.64
2008-09-29,5.60,5.62,5.35,5.35,44300,5.35
2008-09-26,5.66,5.68,5.62,5.62,2600,5.62
2008-09-25,5.6401,5.72,5.64,5.66,5400,5.66
2008-09-24,5.78,5.87,5.73,5.73,1300,5.73
2008-09-23,5.77,5.90,5.75,5.89,500,5.89
2008-09-22,5.77,5.87,5.77,5.78,600,5.78
2008-09-19,5.82,5.88,5.80,5.80,1200,5.80
2008-09-18,5.69,5.77,5.69,5.77,4200,5.77
2008-09-17,5.70,5.72,5.67,5.67,6200,5.67
2008-09-16,5.74,5.75,5.72,5.75,8900,5.75
2008-09-15,5.61,5.76,5.60,5.757,52300,5.757
2008-09-12,5.7475,5.81,5.73,5.73,22900,5.73
2008-09-11,5.60,5.75,5.60,5.75,134300,5.75
2008-09-10,5.50,5.77,5.50,5.71,24100,5.71
2008-09-09,6.05,6.05,5.42,5.50,145800,5.50
2008-09-08,5.61,6.13,5.61,6.05,2600,6.05
2008-09-05,5.74,5.90,5.685,5.80,600,5.80
2008-09-04,5.60,6.08,5.60,6.05,28800,6.05
2008-09-03,5.85,5.95,5.75,5.95,13600,5.95
2008-09-02,5.565,5.69,5.565,5.69,500,5.69
2008-08-29,5.75,6.09,5.71,5.91,11900,5.91
2008-08-28,5.57,6.02,5.57,5.75,6900,5.75
2008-08-27,6.02,6.07,5.74,5.78,5600,5.78
2008-08-26,5.63,5.97,5.60,5.73,1400,5.73
2008-08-25,5.71,5.91,5.65,5.66,2000,5.66
2008-08-22,5.78,5.79,5.67,5.77,2200,5.77
2008-08-21,5.90,5.90,5.70,5.78,2700,5.78
2008-08-20,5.90,6.00,5.90,5.97,4000,5.97
2008-08-19,5.98,6.00,5.93,5.94,5200,5.94
2008-08-18,5.91,5.91,5.67,5.80,1800,5.80
2008-08-15,5.82,6.00,5.60,5.71,7300,5.71
2008-08-14,5.65,5.95,5.62,5.86,2900,5.86
2008-08-13,5.88,5.93,5.85,5.88,500,5.88
2008-08-12,5.90,5.90,5.90,5.90,1800,5.90
2008-08-11,5.85,6.08,5.79,5.90,6100,5.90
2008-08-08,5.63,6.01,5.62,6.01,4500,6.01
2008-08-07,5.57,5.89,5.57,5.72,6000,5.72
2008-08-06,5.57,5.67,5.57,5.57,300,5.57
2008-08-05,5.52,5.56,5.52,5.56,4200,5.56
2008-08-04,5.98,5.98,5.64,5.64,4000,5.64
2008-08-01,5.77,6.12,5.74,5.82,2200,5.82
2008-07-31,5.94,5.96,5.74,5.89,2000,5.89
2008-07-30,5.91,5.99,5.91,5.96,400,5.96
2008-07-29,5.69,5.93,5.63,5.85,10200,5.85
2008-07-28,5.75,5.75,5.73,5.73,600,5.73
2008-07-25,5.87,5.87,5.70,5.71,1500,5.71
2008-07-24,5.91,5.91,5.62,5.63,1100,5.63
2008-07-23,5.56,5.7397,5.56,5.67,12400,5.67
2008-07-22,5.94,5.95,5.89,5.95,700,5.95
2008-07-21,6.04,6.07,5.74,5.90,2100,5.90
2008-07-18,5.77,6.12,5.72,6.05,3200,6.05
2008-07-17,5.80,6.10,5.73,5.83,1900,5.83
2008-07-16,5.65,6.05,5.65,5.82,10000,5.82
2008-07-15,5.60,5.75,5.60,5.75,3300,5.75
2008-07-14,5.68,5.77,5.63,5.65,1800,5.65
2008-07-11,5.63,5.83,5.63,5.80,600,5.80
2008-07-10,5.70,5.70,5.55,5.66,2300,5.66
2008-07-09,5.57,5.88,5.57,5.70,2600,5.70
2008-07-08,5.56,5.57,5.49,5.56,17500,5.56
2008-07-07,5.64,5.65,5.50,5.50,12200,5.50
2008-07-03,5.76,5.76,5.63,5.64,8100,5.64
2008-07-02,5.78,5.78,5.76,5.76,9000,5.76
2008-07-01,5.63,5.91,5.63,5.78,3400,5.78
2008-06-30,5.69,5.98,5.69,5.85,2200,5.85
2008-06-27,5.64,5.97,5.64,5.84,2500,5.84
2008-06-26,6.00,6.01,5.75,5.82,24400,5.82
2008-06-25,6.01,6.05,5.75,5.75,6300,5.75
2008-06-24,5.89,5.89,5.89,5.89,000,5.89
2008-06-23,5.74,6.01,5.74,5.89,3400,5.89
2008-06-20,5.81,5.87,5.80,5.87,1200,5.87
2008-06-19,6.05,6.05,5.82,5.88,5300,5.88
2008-06-18,6.02,6.02,6.02,6.02,000,6.02
2008-06-17,5.85,6.15,5.85,6.02,33900,6.02
2008-06-16,6.00,6.00,6.00,6.00,000,6.00
2008-06-13,5.95,6.01,5.95,6.01,3100,6.01
2008-06-12,5.83,6.00,5.83,5.88,1800,5.88
2008-06-11,5.75,5.76,5.71,5.71,6700,5.71
2008-06-10,5.91,6.01,5.72,5.72,2800,5.72
2008-06-09,5.84,5.95,5.72,5.75,5000,5.75
2008-06-06,5.93,5.93,5.93,5.93,000,5.93
2008-06-05,5.83,6.00,5.83,5.93,3300,5.93
2008-06-04,5.99,5.99,5.75,5.82,7500,5.82
2008-06-03,6.04,6.06,6.04,6.05,900,6.05
2008-06-02,6.02,6.08,6.01,6.03,5000,6.03
2008-05-30,6.18,6.18,6.01,6.01,5300,6.01
2008-05-29,6.19,6.19,6.16,6.18,2000,6.18
2008-05-28,6.08,6.19,6.03,6.16,7900,6.16
2008-05-27,6.12,6.22,6.04,6.19,5300,6.19
2008-05-23,6.12,6.20,6.08,6.20,3700,6.20
2008-05-22,5.77,6.10,5.77,6.06,5900,6.06
2008-05-21,5.83,5.93,5.72,5.93,5100,5.93
2008-05-20,5.61,5.90,5.61,5.79,563900,5.79
2008-05-19,5.68,5.98,5.65,5.85,14000,5.85
2008-05-16,5.72,5.88,5.66,5.85,4000,5.85
2008-05-15,5.91,5.94,5.90,5.90,33400,5.90
2008-05-14,6.02,6.06,5.93,5.93,5100,5.93
2008-05-13,5.97,6.08,5.97,6.05,3500,6.05
2008-05-12,6.03,6.16,5.80,6.00,22400,6.00
2008-05-09,5.90,6.07,5.89,6.07,3700,6.07
2008-05-08,6.15,6.18,5.96,6.00,15800,6.00
2008-05-07,6.01,6.01,5.95,5.96,15000,5.96
2008-05-06,5.87,6.12,5.68,6.00,20500,6.00
2008-05-05,5.59,5.76,5.59,5.70,13900,5.70
2008-05-02,5.70,5.70,5.42,5.50,31400,5.50
2008-05-01,6.00,6.02,5.64,5.89,1900,5.89
2008-04-30,5.64,6.05,5.56,6.05,5600,6.05
2008-04-29,6.08,6.10,5.75,5.90,1900,5.90
2008-04-28,6.19,6.19,6.01,6.01,4200,6.01
2008-04-25,6.12,6.12,6.12,6.12,000,6.12
2008-04-24,6.05,6.14,6.025,6.12,2900,6.12
2008-04-23,5.95,6.03,5.93,6.03,6500,6.03
2008-04-22,6.12,6.15,5.86,5.95,4700,5.95
2008-04-21,5.76,6.04,5.76,6.04,4900,6.04
2008-04-18,6.11,6.11,5.72,5.83,13100,5.83
2008-04-17,5.95,6.18,5.95,6.17,2300,6.17
2008-04-16,5.65,6.01,5.65,5.82,1800,5.82
2008-04-15,5.61,5.83,5.50,5.82,12900,5.82
2008-04-14,5.50,5.58,5.45,5.4999,13500,5.4999
2008-04-11,5.50,6.00,5.49,5.73,4600,5.73
2008-04-10,5.54,5.95,5.43,5.47,8700,5.47
2008-04-09,5.53,5.60,5.50,5.50,38800,5.50
2008-04-08,5.86,6.07,5.51,5.60,5100,5.60
2008-04-07,5.50,5.99,5.41,5.82,98300,5.82
2008-04-04,5.55,5.65,5.26,5.44,24700,5.44
2008-04-03,5.80,5.95,5.41,5.52,18200,5.52
2008-04-02,5.80,6.00,5.63,5.98,2200,5.98
2008-04-01,5.49,6.00,5.46,5.92,8800,5.92
2008-03-31,5.78,5.83,5.47,5.73,1700,5.73
2008-03-28,5.42,5.83,5.42,5.83,3100,5.83
2008-03-27,5.65,5.85,5.51,5.66,4400,5.66
2008-03-26,5.80,5.91,5.45,5.71,6300,5.71
2008-03-25,5.91,5.92,5.78,5.92,8900,5.92
2008-03-24,5.81,5.92,5.43,5.67,2000,5.67
2008-03-20,5.63,5.94,5.53,5.83,7000,5.83
2008-03-19,5.90,6.18,5.50,5.59,9700,5.59
2008-03-18,5.92,6.19,5.91,6.06,1700,6.06
2008-03-17,6.00,6.07,6.00,6.05,13000,6.05
2008-03-14,6.00,6.01,6.00,6.00,4200,6.00
2008-03-13,6.0501,6.16,6.00,6.00,6700,6.00
2008-03-12,6.04,6.18,6.00,6.02,2400,6.02
2008-03-11,6.20,6.28,6.10,6.10,7500,6.10
2008-03-10,6.01,6.20,6.01,6.20,12100,6.20
2008-03-07,6.00,6.00,6.00,6.00,000,6.00
2008-03-06,6.20,6.20,6.00,6.00,5400,6.00
2008-03-05,6.16,6.24,6.14,6.22,17300,6.22
2008-03-04,6.06,6.45,6.06,6.10,2400,6.10
2008-03-03,6.11,6.80,6.03,6.15,16100,6.15
2008-02-29,6.03,6.16,6.03,6.12,5900,6.12
2008-02-28,6.15,6.20,6.04,6.04,7000,6.04
2008-02-27,6.32,6.35,6.24,6.31,6300,6.31
2008-02-26,6.20,6.41,6.05,6.30,3000,6.30
2008-02-25,6.35,6.43,6.20,6.20,5200,6.20
2008-02-22,6.25,6.46,6.20,6.42,16600,6.42
2008-02-21,6.27,6.30,6.05,6.25,25900,6.25
2008-02-20,6.19,6.36,6.01,6.33,16500,6.33
2008-02-19,6.20,6.33,6.12,6.33,14700,6.33
2008-02-15,6.14,6.21,6.00,6.16,7900,6.16
2008-02-14,5.87,6.33,5.82,6.29,8000,6.29
2008-02-13,6.28,6.48,5.93,5.93,6700,5.93
2008-02-12,6.39,6.70,6.32,6.37,7600,6.37
2008-02-11,5.67,6.43,5.65,6.41,41300,6.41
2008-02-08,5.65,5.70,5.60,5.67,179300,5.67
2008-02-07,5.61,5.62,5.53,5.62,19300,5.62
2008-02-06,5.45,5.64,5.38,5.47,97000,5.47
2008-02-05,6.04,6.50,5.22,5.31,321800,5.31
2008-02-04,7.14,7.19,6.91,6.91,7700,6.91
2008-02-01,7.19,7.26,6.91,7.04,1300,7.04
2008-01-31,7.02,7.15,7.02,7.10,1400,7.10
2008-01-30,6.93,7.02,6.74,7.02,1100,7.02
2008-01-29,7.13,7.13,6.96,7.02,1600,7.02
2008-01-28,6.79,7.10,6.79,7.00,700,7.00
2008-01-25,7.11,7.20,6.88,7.20,6200,7.20
2008-01-24,6.91,7.23,6.91,7.14,17400,7.14
2008-01-23,6.48,6.79,6.42,6.79,11100,6.79
2008-01-22,6.33,6.75,6.02,6.61,6900,6.61
2008-01-18,6.9601,6.9601,6.51,6.70,14100,6.70
2008-01-17,6.90,7.10,6.90,7.00,900,7.00
2008-01-16,6.98,7.05,6.91,6.95,941100,6.95
2008-01-15,6.80,7.00,6.80,6.99,2800,6.99
2008-01-14,7.05,7.05,6.85,6.97,6800,6.97
2008-01-11,6.75,7.18,6.72,7.05,6500,7.05
2008-01-10,6.75,7.09,6.55,6.86,7100,6.86
2008-01-09,6.71,7.02,6.51,6.86,5600,6.86
2008-01-08,6.80,7.14,6.71,6.71,5700,6.71
2008-01-07,7.04,7.14,6.68,7.14,13900,7.14
2008-01-04,7.13,7.22,6.78,7.18,25800,7.18
2008-01-03,6.51,7.18,6.50,7.10,4200,7.10
2008-01-02,6.98,7.12,6.85,7.07,10900,7.07
2007-12-31,6.48,6.81,6.48,6.81,13300,6.81
2007-12-28,6.45,6.94,6.45,6.92,10600,6.92
2007-12-27,6.91,6.97,6.34,6.97,15300,6.97
2007-12-26,6.40,6.62,6.31,6.62,19700,6.62
2007-12-24,6.34,6.63,6.34,6.63,3700,6.63
2007-12-21,6.59,6.98,6.26,6.26,13700,6.26
2007-12-20,6.33,6.60,6.33,6.496,2400,6.496
2007-12-19,6.41,6.86,6.35,6.45,3100,6.45
2007-12-18,6.60,6.90,6.00,6.40,35800,6.40
2007-12-17,6.84,7.02,6.67,6.77,3400,6.77
2007-12-14,6.81,7.00,6.81,6.89,4300,6.89
2007-12-13,7.13,7.13,6.81,6.96,4700,6.96
2007-12-12,6.80,7.09,6.79,6.98,5200,6.98
2007-12-11,7.00,7.34,6.86,6.91,7000,6.91
2007-12-10,7.07,7.08,7.06,7.06,400,7.06
2007-12-07,7.26,7.46,7.09,7.46,3200,7.46
2007-12-06,7.13,7.30,7.08,7.20,3000,7.20
2007-12-05,6.85,7.13,6.83,7.04,4400,7.04
2007-12-04,7.05,7.10,6.87,7.07,1100,7.07
2007-12-03,7.34,7.34,6.85,6.99,7200,6.99
2007-11-30,7.01,7.23,6.90,7.21,6900,7.21
2007-11-29,7.31,7.31,6.93,7.05,3300,7.05
2007-11-28,7.09,7.40,7.09,7.30,4600,7.30
2007-11-27,7.09,7.18,7.05,7.08,900,7.08
2007-11-26,7.12,7.25,7.12,7.19,1000,7.19
2007-11-23,7.01,7.01,7.00,7.00,600,7.00
2007-11-21,7.18,7.18,7.18,7.18,000,7.18
2007-11-20,7.07,7.25,7.07,7.18,3700,7.18
2007-11-19,7.32,7.32,7.19,7.21,7400,7.21
2007-11-16,7.25,7.25,7.07,7.25,6900,7.25
2007-11-15,6.95,7.25,6.92,7.25,10600,7.25
2007-11-14,7.04,7.05,7.01,7.01,2000,7.01
2007-11-13,6.94,6.98,6.87,6.98,2700,6.98
2007-11-12,6.67,6.94,6.67,6.79,1300,6.79
2007-11-09,6.70,6.93,6.63,6.93,6800,6.93
2007-11-08,6.7499,6.7499,6.57,6.67,4900,6.67
2007-11-07,6.95,6.99,6.74,6.75,6500,6.75
2007-11-06,7.00,7.09,6.91,6.96,12500,6.96
2007-11-05,6.59,6.72,6.54,6.65,2100,6.65
2007-11-02,6.868,6.94,6.70,6.82,4100,6.82
2007-11-01,6.88,7.27,6.85,6.94,2400,6.94
2007-10-31,6.75,6.95,6.75,6.95,2800,6.95
2007-10-30,6.96,7.06,6.69,7.03,6000,7.03
2007-10-29,7.40,7.40,6.81,7.00,19100,7.00
2007-10-26,6.98,7.41,6.88,7.26,12900,7.26
2007-10-25,6.99,7.10,6.99,7.10,3000,7.10
2007-10-24,6.98,7.15,6.70,7.14,13300,7.14
2007-10-23,7.06,7.095,7.05,7.05,900,7.05
2007-10-22,7.05,7.09,7.05,7.09,700,7.09
2007-10-19,6.95,7.09,6.87,7.09,6000,7.09
2007-10-18,6.731,6.92,6.731,6.92,9400,6.92
2007-10-17,6.63,6.88,6.63,6.63,7700,6.63
2007-10-16,6.72,6.72,6.60,6.63,600,6.63
2007-10-15,6.66,6.85,6.66,6.66,2200,6.66
2007-10-12,6.64,6.67,6.54,6.64,2900,6.64
2007-10-11,6.50,7.12,6.46,6.594,31900,6.594
2007-10-10,6.49,6.55,6.48,6.55,600,6.55
2007-10-09,6.51,6.60,6.35,6.44,12200,6.44
2007-10-08,6.45,6.52,6.45,6.45,1300,6.45
2007-10-05,6.55,6.57,6.42,6.42,9800,6.42
2007-10-04,6.60,6.70,6.60,6.60,4200,6.60
2007-10-03,6.70,6.78,6.60,6.60,7300,6.60
2007-10-02,7.05,7.05,6.61,6.81,12700,6.81
2007-10-01,6.60,6.99,6.60,6.99,10500,6.99
2007-09-28,6.44,6.62,6.44,6.56,3100,6.56
2007-09-27,6.66,6.67,6.47,6.47,1500,6.47
2007-09-26,6.71,6.71,6.45,6.71,7700,6.71
2007-09-25,6.37,6.76,6.37,6.67,5400,6.67
2007-09-24,6.51,6.78,6.48,6.51,5700,6.51
2007-09-21,6.488,6.65,6.39,6.65,9600,6.65
2007-09-20,6.443,6.443,6.43,6.443,5000,6.443
2007-09-19,6.59,6.60,6.43,6.45,5900,6.45
2007-09-18,6.63,6.68,6.39,6.45,8000,6.45
2007-09-17,6.80,6.80,6.38,6.48,17400,6.48
2007-09-14,6.89,6.99,6.79,6.79,4300,6.79
2007-09-13,6.80,7.00,6.78,6.81,7700,6.81
2007-09-12,6.96,6.96,6.85,6.96,4100,6.96
2007-09-11,7.14,7.14,6.99,6.99,2200,6.99
2007-09-10,7.30,7.50,7.02,7.09,22000,7.09
2007-09-07,6.40,7.33,6.40,7.33,2000,7.33
2007-09-06,7.06,7.47,7.05,7.47,9700,7.47
2007-09-05,6.51,7.57,6.51,7.42,32900,7.42
2007-09-04,6.50,7.20,6.50,7.04,7300,7.04
2007-08-31,6.99,7.04,6.975,6.975,1500,6.975
2007-08-30,6.88,7.06,6.62,6.99,11200,6.99
2007-08-29,6.75,6.95,6.72,6.75,7400,6.75
2007-08-28,6.76,6.90,6.53,6.75,8600,6.75
2007-08-27,6.84,6.90,6.71,6.81,3400,6.81
2007-08-24,6.45,6.80,6.45,6.80,1700,6.80
2007-08-23,6.368,6.50,6.368,6.50,6500,6.50
2007-08-22,6.22,6.38,6.22,6.33,1100,6.33
2007-08-21,6.19,6.29,6.19,6.29,4100,6.29
2007-08-20,6.40,6.56,6.23,6.24,81300,6.24
2007-08-17,6.32,6.39,6.00,6.37,7400,6.37
2007-08-16,6.29,6.29,6.05,6.24,14200,6.24
2007-08-15,6.43,6.44,6.21,6.44,6400,6.44
2007-08-14,6.67,6.74,6.45,6.50,72100,6.50
2007-08-13,6.70,6.87,6.70,6.87,25700,6.87
2007-08-10,6.65,6.72,6.65,6.72,4900,6.72
2007-08-09,6.65,6.71,6.61,6.70,17000,6.70
2007-08-08,6.70,6.71,6.64,6.68,2600,6.68
2007-08-07,6.65,6.72,6.65,6.72,17200,6.72
2007-08-06,6.66,6.68,6.34,6.60,38500,6.60
2007-08-03,6.76,6.78,6.65,6.78,2700,6.78
2007-08-02,6.92,6.92,6.528,6.87,10900,6.87
2007-08-01,6.96,7.01,6.96,7.01,9400,7.01
2007-07-31,7.00,7.06,7.00,7.06,6200,7.06
2007-07-30,7.09,7.11,7.00,7.00,6500,7.00
2007-07-27,6.97,7.04,6.90,7.04,2900,7.04
2007-07-26,7.13,7.13,6.96,7.13,12300,7.13
2007-07-25,7.16,7.21,7.00,7.05,3500,7.05
2007-07-24,6.84,7.13,6.84,7.13,18900,7.13
2007-07-23,6.66,6.72,6.50,6.70,86200,6.70
2007-07-20,6.50,6.75,6.50,6.75,23400,6.75
2007-07-19,6.60,6.74,6.60,6.74,6200,6.74
2007-07-18,6.73,6.73,6.53,6.60,16600,6.60
2007-07-17,6.67,6.73,6.65,6.73,5800,6.73
2007-07-16,6.92,6.92,6.75,6.92,11200,6.92
2007-07-13,6.954,6.99,6.93,6.94,3100,6.94
2007-07-12,6.96,7.00,6.93,7.00,5700,7.00
2007-07-11,6.80,6.87,6.80,6.87,4100,6.87
2007-07-10,7.07,7.08,6.73,7.08,23300,7.08
2007-07-09,7.18,7.18,6.85,7.02,18500,7.02
2007-07-06,7.17,7.29,7.10,7.12,15500,7.12
2007-07-05,7.04,7.28,7.01,7.06,17400,7.06
2007-07-03,7.20,7.26,6.65,7.15,2200,7.15
2007-07-02,7.20,7.35,7.20,7.35,14200,7.35
2007-06-29,7.15,7.20,7.15,7.20,1000,7.20
2007-06-28,7.26,7.26,7.10,7.15,4500,7.15
2007-06-27,7.25,7.25,7.12,7.15,3000,7.15
2007-06-26,7.47,7.47,7.20,7.27,3600,7.27
2007-06-25,7.39,7.46,7.35,7.46,15400,7.46
2007-06-22,7.33,7.45,7.29,7.45,7500,7.45
2007-06-21,7.24,7.40,7.24,7.33,3600,7.33
2007-06-20,7.37,7.40,7.24,7.40,27500,7.40
2007-06-19,7.10,7.51,7.03,7.37,57400,7.37
2007-06-18,7.03,7.34,7.01,7.01,23700,7.01
2007-06-15,7.13,7.17,7.00,7.00,19500,7.00
2007-06-14,7.04,7.11,7.03,7.09,7500,7.09
2007-06-13,7.16,7.16,7.01,7.11,30600,7.11
2007-06-12,7.08,7.24,7.08,7.24,8600,7.24
2007-06-11,7.39,7.39,7.30,7.36,9200,7.36
2007-06-08,7.10,7.33,7.10,7.31,12600,7.31
2007-06-07,7.24,7.29,7.04,7.29,363800,7.29
2007-06-06,7.20,7.31,7.20,7.31,37500,7.31
2007-06-05,7.20,7.23,7.02,7.20,6800,7.20
2007-06-04,6.98,7.25,6.98,7.20,15900,7.20
2007-06-01,7.00,7.00,6.98,7.00,22700,7.00
2007-05-31,7.00,7.04,6.91,6.96,76700,6.96
2007-05-30,6.95,6.99,6.95,6.99,13200,6.99
2007-05-29,7.00,7.02,6.70,6.95,56700,6.95
2007-05-25,7.04,7.04,6.97,6.99,10900,6.99
2007-05-24,7.26,7.28,6.98,6.98,80900,6.98
2007-05-23,7.29,7.342,7.09,7.342,75000,7.342
2007-05-22,7.70,7.70,7.35,7.70,28800,7.70
2007-05-21,7.81,7.81,7.69,7.81,13800,7.81
2007-05-18,7.68,7.90,7.52,7.80,46500,7.80
2007-05-17,7.70,7.70,7.49,7.70,40000,7.70
2007-05-16,7.96,7.96,7.70,7.70,18500,7.70
2007-05-15,7.95,8.01,7.90,7.90,10600,7.90
2007-05-14,8.18,8.18,7.85,7.95,24900,7.95
2007-05-11,8.05,8.18,8.05,8.18,3900,8.18
2007-05-10,8.14,8.30,8.14,8.16,15600,8.16
2007-05-09,8.29,8.29,8.29,8.29,5400,8.29
2007-05-08,8.58,8.80,8.34,8.34,77900,8.34
2007-05-07,8.24,8.36,8.24,8.36,3800,8.36
2007-05-04,8.32,8.37,8.29,8.29,3500,8.29
2007-05-03,8.485,8.65,8.35,8.37,11100,8.37
2007-05-02,8.24,8.42,8.21,8.34,11600,8.34
2007-05-01,8.533,8.60,8.43,8.60,3700,8.60
2007-04-30,8.59,8.60,8.59,8.60,19800,8.60
2007-04-27,8.617,8.62,8.56,8.60,1800,8.60
2007-04-26,8.50,8.65,8.50,8.65,10200,8.65
2007-04-25,8.62,8.66,8.60,8.66,39900,8.66
2007-04-24,8.57,9.01,8.57,8.83,6700,8.83
2007-04-23,8.91,8.92,8.52,8.59,706200,8.59
2007-04-20,8.72,8.72,8.66,8.72,115800,8.72
2007-04-19,8.66,8.67,8.52,8.60,4800,8.60
2007-04-18,8.77,8.81,8.77,8.80,2100,8.80
2007-04-17,8.85,8.85,8.73,8.81,1500,8.81
2007-04-16,8.78,8.84,8.68,8.84,37100,8.84
2007-04-13,8.88,8.93,8.80,8.80,4300,8.80
2007-04-12,8.88,9.00,8.86,9.00,52100,9.00
2007-04-11,8.79,8.95,8.79,8.95,6200,8.95
2007-04-10,8.80,8.87,8.78,8.80,9700,8.80
2007-04-09,8.80,8.85,8.79,8.79,9600,8.79
2007-04-05,8.959,9.00,8.73,8.80,6600,8.80
2007-04-04,8.75,8.96,8.75,8.96,1800,8.96
2007-04-03,8.97,8.99,8.77,8.93,3100,8.93
2007-04-02,9.05,9.07,8.98,9.00,16900,9.00
2007-03-30,9.03,9.25,8.61,9.06,79500,9.06
2007-03-29,9.02,9.09,8.76,9.09,28300,9.09
2007-03-28,9.05,9.10,9.01,9.01,1600,9.01
2007-03-27,9.12,9.15,9.00,9.12,2700,9.12
2007-03-26,9.25,9.25,9.02,9.21,3300,9.21
2007-03-23,9.06,9.22,8.95,9.22,5300,9.22
2007-03-22,8.89,9.00,8.88,9.00,3900,9.00
2007-03-21,8.92,8.94,8.90,8.94,5400,8.94
2007-03-20,8.85,8.98,8.85,8.86,13700,8.86
2007-03-19,8.98,8.98,8.90,8.98,11100,8.98
2007-03-16,8.91,8.99,8.91,8.99,1300,8.99
2007-03-15,9.05,9.05,8.93,8.93,900,8.93
2007-03-14,9.06,9.06,9.06,9.06,000,9.06
2007-03-13,8.99,9.084,8.99,9.06,800,9.06
2007-03-12,8.05,9.10,8.05,9.10,3400,9.10
2007-03-09,9.06,9.14,8.98,9.14,3400,9.14
2007-03-08,8.98,9.28,8.98,9.28,5000,9.28
2007-03-07,9.05,9.05,8.92,9.05,13800,9.05
2007-03-06,8.79,9.09,8.79,9.09,30800,9.09
2007-03-05,8.87,8.88,8.84,8.88,11400,8.88
2007-03-02,9.21,9.21,8.91,9.21,15500,9.21
2007-03-01,9.06,9.06,8.90,9.06,8900,9.06
2007-02-28,9.12,9.18,9.06,9.18,12300,9.18
2007-02-27,9.42,9.42,8.95,9.42,20300,9.42
2007-02-26,10.12,10.15,9.84,9.86,3800,9.86
2007-02-23,9.79,9.98,9.79,9.98,23000,9.98
2007-02-22,10.07,10.12,9.82,9.86,17900,9.86
2007-02-21,9.96,10.17,9.96,10.05,51900,10.05
2007-02-20,9.99,9.99,9.89,9.99,1800,9.99
2007-02-16,10.08,10.24,10.08,10.08,2600,10.08
2007-02-15,10.346,10.44,10.22,10.22,3100,10.22
2007-02-14,9.90,10.40,9.74,10.34,15800,10.34
2007-02-13,9.75,9.84,9.54,9.84,11500,9.84
2007-02-12,9.58,9.58,9.308,9.57,7200,9.57
2007-02-09,8.94,9.57,8.94,9.57,6900,9.57
2007-02-08,9.07,9.28,8.90,9.15,45400,9.15
2007-02-07,9.26,9.30,8.81,9.00,257900,9.00
2007-02-06,9.80,10.15,8.76,9.15,110700,9.15
2007-02-05,9.13,9.74,9.13,9.57,14900,9.57
2007-02-02,8.76,9.31,8.72,9.31,7100,9.31
2007-02-01,9.30,9.40,9.30,9.37,6600,9.37
2007-01-31,9.35,9.40,9.16,9.31,17900,9.31
2007-01-30,8.60,9.22,8.60,9.10,27700,9.10
2007-01-29,8.49,8.62,8.49,8.60,1500,8.60
2007-01-26,8.79,8.99,8.62,8.99,13300,8.99
2007-01-25,8.87,9.01,8.75,8.75,6300,8.75
2007-01-24,8.74,8.85,8.69,8.83,3700,8.83
2007-01-23,8.65,8.72,8.65,8.72,1000,8.72
2007-01-22,8.66,8.70,8.56,8.60,3100,8.60
2007-01-19,8.68,8.68,8.61,8.68,900,8.68
2007-01-18,8.49,8.94,8.49,8.6601,3800,8.6601
2007-01-17,8.51,8.51,8.35,8.49,3300,8.49
2007-01-16,8.66,8.66,8.35,8.51,5400,8.51
2007-01-12,8.93,8.93,8.70,8.70,4900,8.70
2007-01-11,8.94,8.94,8.644,8.93,500,8.93
2007-01-10,8.55,9.17,8.55,9.08,6100,9.08
2007-01-09,8.48,8.52,8.45,8.52,1500,8.52
2007-01-08,8.57,8.57,8.48,8.48,2200,8.48
2007-01-05,8.59,8.59,8.59,8.59,000,8.59
2007-01-04,8.50,8.59,8.50,8.59,200,8.59
2007-01-03,8.48,8.65,8.48,8.53,900,8.53
2006-12-29,8.37,8.42,8.36,8.42,4900,8.42
2006-12-28,8.50,8.54,8.36,8.37,2000,8.37
2006-12-27,8.50,8.653,8.45,8.56,3900,8.56
2006-12-26,8.55,8.55,8.39,8.50,3500,8.50
2006-12-22,8.38,8.66,8.38,8.60,2900,8.60
2006-12-21,8.36,8.36,8.35,8.36,1700,8.36
2006-12-20,8.50,8.51,8.37,8.38,3100,8.38
2006-12-19,8.63,8.63,8.35,8.43,5000,8.43
2006-12-18,9.48,9.49,8.80,8.80,2500,8.80
2006-12-15,8.35,9.18,8.35,9.14,56000,9.14
2006-12-14,8.43,8.45,8.35,8.39,2900,8.39
2006-12-13,8.47,8.50,8.43,8.43,2600,8.43
2006-12-12,8.50,8.53,8.40,8.49,10400,8.49
2006-12-11,8.51,8.51,8.39,8.45,3300,8.45
2006-12-08,8.45,8.50,8.45,8.45,5500,8.45
2006-12-07,8.61,8.65,8.35,8.40,7100,8.40
2006-12-06,8.45,8.65,8.45,8.59,600,8.59
2006-12-05,8.50,8.50,8.35,8.35,12000,8.35
2006-12-04,8.411,8.48,8.40,8.48,29700,8.48
2006-12-01,8.46,8.52,8.40,8.42,1200,8.42
2006-11-30,8.38,8.48,8.38,8.48,2300,8.48
2006-11-29,8.40,8.45,8.34,8.35,23800,8.35
2006-11-28,8.35,8.40,8.35,8.37,64400,8.37
2006-11-27,8.53,8.57,8.45,8.46,2100,8.46
2006-11-24,8.50,8.66,8.20,8.66,10300,8.66
2006-11-22,8.72,8.72,8.50,8.61,800,8.61
2006-11-21,8.50,8.70,8.50,8.70,800,8.70
2006-11-20,8.35,8.56,8.35,8.56,3100,8.56
2006-11-17,8.40,8.40,8.20,8.35,89400,8.35
2006-11-16,8.344,8.54,8.30,8.30,800,8.30
2006-11-15,8.29,8.36,8.29,8.30,9000,8.30
2006-11-14,8.50,8.67,8.46,8.61,3300,8.61
2006-11-13,8.30,8.52,8.24,8.47,16200,8.47
2006-11-10,8.476,8.50,8.31,8.50,2700,8.50
2006-11-09,8.673,8.673,8.58,8.673,1700,8.673
2006-11-08,8.36,8.75,8.35,8.75,10100,8.75
2006-11-07,8.13,8.33,8.10,8.33,26400,8.33
2006-11-06,8.10,8.10,7.79,8.03,16800,8.03
2006-11-03,8.10,8.15,7.97,7.97,24400,7.97
2006-11-02,8.19,8.23,7.99,8.08,4700,8.08
2006-11-01,8.20,8.70,8.10,8.15,168900,8.15
2006-10-31,7.75,8.25,7.75,8.20,50900,8.20
2006-10-30,8.254,8.74,8.254,8.74,300,8.74
2006-10-27,8.75,8.764,8.55,8.764,1900,8.764
2006-10-26,8.02,8.75,8.00,8.75,104000,8.75
2006-10-25,7.51,8.018,7.51,8.00,8000,8.00
2006-10-24,7.75,7.97,7.60,7.65,6600,7.65
2006-10-23,8.04,8.05,7.95,8.05,4700,8.05
2006-10-20,8.004,8.05,8.004,8.05,1100,8.05
2006-10-19,7.99,8.01,7.80,8.01,20900,8.01
2006-10-18,7.82,7.93,7.63,7.93,2500,7.93
2006-10-17,7.95,8.05,7.821,8.05,13200,8.05
2006-10-16,7.76,7.90,7.76,7.90,2100,7.90
2006-10-13,8.05,8.05,7.80,7.92,2300,7.92
2006-10-12,8.00,8.05,7.95,8.05,6100,8.05
2006-10-11,8.00,8.05,7.97,8.00,6600,8.00
2006-10-10,8.00,8.05,8.00,8.00,2600,8.00
2006-10-09,7.95,7.95,7.95,7.95,45400,7.95
2006-10-06,7.95,8.00,7.92,7.95,47600,7.95
2006-10-05,7.956,7.98,7.82,7.88,24700,7.88
2006-10-04,7.95,7.98,7.95,7.98,1200,7.98
2006-10-03,7.87,8.05,7.87,8.00,11600,8.00
2006-10-02,7.87,7.891,7.87,7.891,19600,7.891
2006-09-29,7.58,7.87,7.58,7.87,5800,7.87
2006-09-28,7.50,7.62,7.33,7.43,9700,7.43
2006-09-27,7.88,7.90,7.45,7.45,7400,7.45
2006-09-26,7.73,7.791,7.73,7.791,1200,7.791
2006-09-25,7.86,8.03,7.86,7.93,16900,7.93
2006-09-22,7.99,7.99,7.99,7.99,000,7.99
2006-09-21,7.90,8.00,7.90,7.99,3500,7.99
2006-09-20,7.99,8.079,7.89,7.90,4200,7.90
2006-09-19,7.97,7.97,7.883,7.97,5900,7.97
2006-09-18,7.986,8.00,7.905,8.00,2400,8.00
2006-09-15,8.20,8.21,7.75,7.85,5900,7.85
2006-09-14,7.83,8.08,7.79,7.89,6700,7.89
2006-09-13,7.94,8.03,7.80,7.80,1700,7.80
2006-09-12,7.75,7.75,7.46,7.46,6700,7.46
2006-09-11,7.75,7.75,7.56,7.66,1500,7.66
2006-09-08,7.64,7.75,7.64,7.75,1000,7.75
2006-09-07,7.30,7.55,7.30,7.47,2800,7.47
2006-09-06,7.78,7.85,7.307,7.85,22400,7.85
2006-09-05,7.55,7.90,7.55,7.78,6400,7.78
2006-09-01,8.11,8.27,8.11,8.16,800,8.16
2006-08-31,8.31,8.31,8.31,8.31,300,8.31
2006-08-30,7.78,8.54,7.78,8.54,5700,8.54
2006-08-29,7.50,8.25,7.50,8.25,8400,8.25
2006-08-28,7.73,7.75,7.50,7.50,4800,7.50
2006-08-25,7.95,7.95,7.85,7.85,2200,7.85
2006-08-24,8.10,8.11,7.70,8.08,11500,8.08
2006-08-23,7.603,8.05,7.603,8.05,4000,8.05
2006-08-22,7.50,8.00,7.50,7.84,12400,7.84
2006-08-21,7.73,7.87,7.729,7.75,6100,7.75
2006-08-18,8.01,8.10,8.01,8.10,1400,8.10
2006-08-17,8.40,8.40,7.96,8.01,1500,8.01
2006-08-16,8.45,8.50,8.45,8.50,700,8.50
2006-08-15,8.37,9.00,8.25,8.43,7700,8.43
2006-08-14,9.32,9.39,8.36,8.64,2300,8.64
2006-08-11,8.99,8.99,8.84,8.84,200,8.84
2006-08-10,8.741,9.33,8.741,9.33,4400,9.33
2006-08-09,8.35,8.79,7.65,8.79,102700,8.79
2006-08-08,8.31,8.547,8.26,8.26,2500,8.26
2006-08-07,8.426,8.60,8.33,8.60,1000,8.60
2006-08-04,8.38,8.75,8.38,8.75,300,8.75
2006-08-03,8.50,8.55,8.20,8.49,3700,8.49
2006-08-02,8.63,8.63,8.63,8.63,000,8.63
2006-08-01,8.63,8.63,8.63,8.63,600,8.63
2006-07-31,8.75,8.75,8.63,8.63,400,8.63
2006-07-28,8.84,8.84,8.83,8.84,2900,8.84
2006-07-27,8.81,8.81,8.70,8.81,3200,8.81
2006-07-26,8.99,8.99,8.99,8.99,100,8.99
2006-07-25,9.05,9.05,8.12,9.00,19100,9.00
2006-07-24,9.73,9.73,9.25,9.73,600,9.73
2006-07-21,9.15,9.25,9.11,9.16,1400,9.16
2006-07-20,9.134,9.25,9.07,9.07,1900,9.07
2006-07-19,9.05,9.25,9.05,9.1708,1700,9.1708
2006-07-18,9.66,9.66,9.08,9.24,8100,9.24
2006-07-17,9.42,9.82,9.19,9.67,7600,9.67
2006-07-14,9.84,9.84,9.84,9.84,200,9.84
2006-07-13,9.51,9.84,9.50,9.84,2400,9.84
2006-07-12,9.861,9.861,9.861,9.861,100,9.861
2006-07-11,9.85,9.85,9.85,9.85,400,9.85
2006-07-10,9.90,9.91,9.85,9.85,500,9.85
2006-07-07,9.615,9.87,9.615,9.87,2900,9.87
2006-07-06,9.70,9.98,9.63,9.98,1300,9.98
2006-07-05,9.52,9.65,9.52,9.65,1900,9.65
2006-07-03,9.56,9.945,9.56,9.945,1800,9.945
2006-06-30,9.50,9.78,9.40,9.65,9100,9.65
2006-06-29,9.50,9.80,9.50,9.50,5200,9.50
2006-06-28,9.40,9.71,9.40,9.56,9400,9.56
2006-06-27,9.30,9.80,9.30,9.36,2400,9.36
2006-06-26,9.80,9.80,9.42,9.60,2200,9.60
2006-06-23,9.75,9.75,9.75,9.75,200,9.75
2006-06-22,8.90,9.66,8.90,9.66,2400,9.66
2006-06-21,8.67,8.91,8.67,8.87,8900,8.87
2006-06-20,9.00,9.00,9.00,9.00,1000,9.00
2006-06-19,9.14,9.15,9.02,9.02,2500,9.02
2006-06-16,9.11,9.11,9.06,9.11,9200,9.11
2006-06-15,9.10,9.196,9.10,9.196,6400,9.196
2006-06-14,8.90,9.10,8.90,9.10,15700,9.10
2006-06-13,9.47,9.50,9.00,9.00,9700,9.00
2006-06-12,9.78,9.91,8.81,9.30,11000,9.30
2006-06-09,9.78,9.78,9.78,9.78,000,9.78
2006-06-08,9.95,9.95,9.78,9.78,900,9.78
2006-06-07,9.48,9.80,9.48,9.80,15900,9.80
2006-06-06,9.80,9.80,9.80,9.80,000,9.80
2006-06-05,9.95,9.95,9.42,9.80,1100,9.80
2006-06-02,9.67,9.99,9.67,9.99,600,9.99
2006-06-01,9.27,9.70,9.27,9.65,6000,9.65
2006-05-31,9.40,9.45,9.40,9.45,600,9.45
2006-05-30,9.40,9.40,9.40,9.40,300,9.40
2006-05-26,9.22,9.52,8.65,9.29,5400,9.29
2006-05-25,9.57,9.57,9.57,9.57,000,9.57
2006-05-24,9.57,9.57,9.57,9.57,600,9.57
2006-05-23,9.45,9.45,9.45,9.45,200,9.45
2006-05-22,9.46,9.60,9.46,9.59,1600,9.59
2006-05-19,9.64,9.64,9.602,9.602,400,9.602
2006-05-18,9.75,9.75,9.51,9.67,8400,9.67
2006-05-17,9.818,9.818,9.818,9.818,000,9.818
2006-05-16,9.90,9.90,9.818,9.90,2000,9.90
2006-05-15,9.95,9.95,9.90,9.90,1000,9.90
2006-05-12,10.00,10.24,9.91,9.95,1000,9.95
2006-05-11,9.90,9.95,9.75,9.95,1900,9.95
2006-05-10,9.91,9.91,9.91,9.91,000,9.91
2006-05-09,10.21,10.21,9.901,9.91,4600,9.91
2006-05-08,10.07,10.47,10.07,10.47,2900,10.47
2006-05-05,10.20,10.20,9.95,10.01,10500,10.01
2006-05-04,10.18,10.48,10.18,10.48,1200,10.48
2006-05-03,10.26,10.37,10.26,10.37,500,10.37
2006-05-02,10.49,10.68,10.21,10.24,19300,10.24
2006-05-01,10.46,10.55,9.75,10.46,1700,10.46
2006-04-28,10.15,10.55,10.15,10.55,2200,10.55
2006-04-27,10.16,10.2499,10.16,10.2499,200,10.2499
2006-04-26,10.10,10.12,10.10,10.12,900,10.12
2006-04-25,10.09,10.10,10.09,10.10,1100,10.10
2006-04-24,10.06,10.06,10.00,10.00,7100,10.00
2006-04-21,10.07,10.25,10.07,10.25,300,10.25
2006-04-20,9.93,10.25,9.93,10.08,2400,10.08
2006-04-19,10.08,10.231,10.00,10.07,3100,10.07
2006-04-18,10.21,10.29,10.10,10.25,2800,10.25
2006-04-17,10.00,10.00,9.96,9.96,400,9.96
2006-04-13,9.77,10.05,9.77,10.00,3700,10.00
2006-04-12,10.00,10.00,9.98,9.98,600,9.98
2006-04-11,10.05,10.25,9.98,9.98,6700,9.98
2006-04-10,10.00,10.12,10.00,10.05,1100,10.05
2006-04-07,10.05,10.05,9.88,10.05,1600,10.05
2006-04-06,10.06,10.06,10.06,10.06,100,10.06
2006-04-05,10.07,10.25,10.07,10.25,3300,10.25
2006-04-04,9.75,10.11,9.75,10.07,7700,10.07
2006-04-03,10.05,10.25,10.00,10.10,26800,10.10
2006-03-31,10.01,10.01,9.914,10.00,4700,10.00
2006-03-30,10.00,10.00,10.00,10.00,1800,10.00
2006-03-29,9.92,10.03,9.92,9.92,5200,9.92
2006-03-28,10.06,10.06,9.97,9.97,1200,9.97
2006-03-27,10.23,10.23,10.06,10.06,600,10.06
2006-03-24,10.00,10.70,10.00,10.30,1500,10.30
2006-03-23,9.957,10.25,9.94,10.10,13300,10.10
2006-03-22,10.43,10.43,10.33,10.33,600,10.33
2006-03-21,10.37,10.55,10.37,10.55,200,10.55
2006-03-20,10.68,10.904,10.51,10.904,2300,10.904
2006-03-17,10.47,11.025,10.47,11.025,2000,11.025
2006-03-16,10.50,11.09,10.44,10.44,2700,10.44
2006-03-15,10.60,11.02,10.588,11.02,25800,11.02
2006-03-14,10.42,11.09,10.42,10.93,4000,10.93
2006-03-13,11.00,11.09,10.54,11.08,6500,11.08
2006-03-10,10.59,10.95,10.59,10.95,1100,10.95
2006-03-09,10.55,10.74,10.55,10.70,1700,10.70
2006-03-08,10.52,10.52,10.50,10.50,300,10.50
2006-03-07,10.812,10.84,10.47,10.84,5000,10.84
2006-03-06,10.35,10.70,10.35,10.50,12200,10.50
2006-03-03,10.50,11.25,10.50,11.05,4900,11.05
2006-03-02,10.68,10.68,10.13,10.49,2000,10.49
2006-03-01,10.20,10.38,9.90,10.31,5400,10.31
2006-02-28,10.59,10.59,10.10,10.20,3200,10.20
2006-02-27,11.21,11.21,10.12,10.50,8100,10.50
2006-02-24,10.60,10.98,10.55,10.98,4400,10.98
2006-02-23,11.01,11.016,10.75,10.75,7000,10.75
2006-02-22,10.564,11.23,10.564,11.23,9800,11.23
2006-02-21,11.25,11.25,10.42,10.78,9900,10.78
2006-02-17,11.75,12.044,11.50,11.52,8300,11.52
2006-02-16,11.18,12.29,11.00,11.68,16700,11.68
2006-02-15,10.63,11.00,10.63,11.00,4100,11.00
2006-02-14,10.54,10.80,10.54,10.80,2300,10.80
2006-02-13,10.20,11.08,10.20,10.536,55300,10.536
2006-02-10,10.20,10.25,10.169,10.25,1400,10.25
2006-02-09,10.20,10.20,9.913,10.08,8400,10.08
2006-02-08,9.75,9.93,9.75,9.93,3300,9.93
2006-02-07,9.97,10.20,9.80,9.81,5300,9.81
2006-02-06,10.25,10.65,10.00,10.19,5400,10.19
2006-02-03,10.49,10.70,10.47,10.58,4000,10.58
2006-02-02,10.54,10.80,10.30,10.70,8400,10.70
2006-02-01,10.65,10.88,10.61,10.75,17700,10.75
2006-01-31,11.00,11.00,10.88,11.00,43900,11.00
2006-01-30,11.99,12.41,11.02,11.80,26300,11.80
2006-01-27,12.08,12.10,12.00,12.072,19900,12.072
2006-01-26,13.00,13.00,12.00,12.25,10100,12.25
2006-01-25,12.982,12.99,12.85,12.99,2600,12.99
2006-01-24,13.25,13.25,13.00,13.00,2300,13.00
2006-01-23,13.10,13.10,13.022,13.05,5000,13.05
2006-01-20,13.35,13.35,12.72,13.088,21100,13.088
2006-01-19,13.30,13.30,12.77,13.00,12700,13.00
2006-01-18,12.75,13.059,12.66,13.059,2000,13.059
2006-01-17,13.01,13.01,12.75,12.91,9300,12.91
2006-01-13,12.75,12.84,12.71,12.75,6300,12.75
2006-01-12,12.24,12.912,12.01,12.75,5800,12.75
2006-01-11,12.40,12.75,12.141,12.50,15900,12.50
2006-01-10,12.45,12.75,12.45,12.70,9100,12.70
2006-01-09,12.50,12.50,12.35,12.35,3500,12.35
2006-01-06,12.68,12.68,12.31,12.33,10100,12.33
2006-01-05,12.05,12.80,12.05,12.32,12600,12.32
2006-01-04,12.39,12.40,12.29,12.34,20600,12.34
2006-01-03,12.02,12.24,11.75,12.10,10100,12.10
2005-12-30,11.74,12.13,11.50,12.04,10000,12.04
2005-12-29,11.51,12.00,11.51,11.98,6600,11.98
2005-12-28,11.88,11.88,11.41,11.73,5400,11.73
2005-12-27,11.70,11.98,11.40,11.73,30500,11.73
2005-12-23,11.40,11.40,11.14,11.40,14700,11.40
2005-12-22,11.48,11.48,11.00,11.40,19400,11.40
2005-12-21,11.42,11.50,11.24,11.24,3300,11.24
2005-12-20,11.00,11.34,11.00,11.12,8300,11.12
2005-12-19,10.96,11.17,10.96,11.07,3000,11.07
2005-12-16,11.10,11.16,11.10,11.16,5300,11.16
2005-12-15,10.90,11.40,10.90,11.15,15500,11.15
2005-12-14,10.85,10.92,10.85,10.90,6600,10.90
2005-12-13,10.85,10.92,10.85,10.92,200,10.92
2005-12-12,11.05,11.05,10.82,11.01,2200,11.01
2005-12-09,10.693,11.50,10.693,11.05,1500,11.05
2005-12-08,10.70,11.00,10.606,10.90,2800,10.90
2005-12-07,10.58,10.79,10.58,10.70,1400,10.70
2005-12-06,10.45,10.80,10.45,10.51,600,10.51
2005-12-05,10.75,11.00,10.45,10.51,14300,10.51
2005-12-02,10.939,10.939,10.52,10.73,2500,10.73
2005-12-01,10.45,10.72,10.45,10.65,5200,10.65
2005-11-30,10.45,10.60,10.45,10.484,10300,10.484
2005-11-29,10.65,10.75,10.25,10.60,9600,10.60
2005-11-28,10.66,10.75,10.65,10.65,15500,10.65
2005-11-25,10.40,10.70,10.40,10.65,13000,10.65
2005-11-23,10.25,10.632,10.25,10.42,4700,10.42
2005-11-22,10.63,10.63,10.27,10.40,35800,10.40
2005-11-21,10.25,10.40,10.25,10.40,2800,10.40
2005-11-18,10.65,10.65,10.42,10.42,2100,10.42
2005-11-17,10.60,10.60,10.40,10.40,4500,10.40
2005-11-16,10.35,10.50,10.35,10.45,27600,10.45
2005-11-15,10.37,10.43,10.37,10.39,6200,10.39
2005-11-14,10.40,10.50,10.40,10.50,3700,10.50
2005-11-11,10.72,10.72,10.43,10.43,4000,10.43
2005-11-10,10.59,10.70,10.43,10.44,9600,10.44
2005-11-09,10.10,11.00,10.10,10.35,15300,10.35
2005-11-08,9.991,10.15,9.991,10.15,22200,10.15
2005-11-07,10.08,10.08,9.84,10.01,13500,10.01
2005-11-04,9.40,9.78,9.35,9.74,1900,9.74
2005-11-03,9.50,9.89,9.50,9.83,7900,9.83
2005-11-02,9.25,9.40,9.25,9.40,3500,9.40
2005-11-01,9.41,9.41,9.14,9.33,4400,9.33
2005-10-31,8.94,9.43,8.90,9.31,27700,9.31
2005-10-28,8.75,8.939,8.71,8.71,1700,8.71
2005-10-27,8.47,8.69,8.28,8.41,1300,8.41
2005-10-26,8.14,8.78,8.13,8.69,6400,8.69
2005-10-25,9.17,9.70,8.39,8.39,11500,8.39
2005-10-24,9.10,9.10,8.31,9.08,10100,9.08
2005-10-21,9.09,9.10,8.25,9.06,9800,9.06
2005-10-20,9.00,9.10,9.00,9.07,1500,9.07
2005-10-19,9.06,9.07,9.03,9.07,3900,9.07
2005-10-18,9.20,9.20,9.09,9.12,14000,9.12
2005-10-17,9.18,9.35,9.00,9.03,9100,9.03
2005-10-14,8.71,9.00,8.50,8.97,11900,8.97
2005-10-13,8.46,8.50,8.40,8.50,20300,8.50
2005-10-12,8.12,8.47,8.12,8.33,15000,8.33
2005-10-11,8.05,8.23,7.80,8.15,40300,8.15
2005-10-10,7.76,8.11,7.76,8.00,44600,8.00
2005-10-07,7.76,7.76,7.70,7.70,2100,7.70
2005-10-06,8.20,8.20,7.75,8.01,14300,8.01
2005-10-05,7.90,8.20,7.81,8.20,8300,8.20
2005-10-04,7.90,7.95,7.86,7.95,4900,7.95
2005-10-03,8.00,8.01,7.68,8.00,8300,8.00
2005-09-30,7.88,8.05,7.82,8.04,1300,8.04
2005-09-29,8.03,8.03,7.91,7.935,36000,7.935
2005-09-28,8.07,8.54,7.95,7.96,60800,7.96
2005-09-27,8.00,8.13,7.95,8.04,24400,8.04
2005-09-26,8.23,8.23,7.94,8.02,11000,8.02
2005-09-23,8.04,8.17,8.00,8.17,3000,8.17
2005-09-22,8.20,8.38,7.82,8.00,17300,8.00
2005-09-21,8.34,8.43,8.00,8.37,28600,8.37
2005-09-20,8.45,8.50,8.43,8.50,20600,8.50
2005-09-19,8.50,8.60,8.45,8.50,26500,8.50
2005-09-16,8.45,8.47,8.40,8.42,11600,8.42
2005-09-15,8.41,8.48,8.40,8.43,33900,8.43
2005-09-14,8.40,8.53,8.40,8.40,2900,8.40
2005-09-13,8.36,8.40,8.36,8.40,2800,8.40
2005-09-12,8.24,8.61,8.24,8.40,21200,8.40
2005-09-09,8.13,8.28,8.03,8.24,11500,8.24
2005-09-08,8.15,8.71,8.15,8.21,53200,8.21
2005-09-07,9.12,9.12,8.94,8.94,149500,8.94
2005-09-06,9.20,9.20,9.015,9.12,99900,9.12
2005-09-02,9.29,9.29,9.00,9.00,19500,9.00
2005-09-01,9.40,9.50,9.31,9.328,6200,9.328
2005-08-31,9.46,9.59,9.40,9.59,4700,9.59
2005-08-30,9.68,9.70,9.56,9.56,1100,9.56
2005-08-29,9.76,9.76,9.38,9.65,13300,9.65
2005-08-26,9.71,9.71,9.53,9.53,600,9.53
2005-08-25,9.54,9.54,9.54,9.54,400,9.54
2005-08-24,9.85,9.85,9.40,9.53,7700,9.53
2005-08-23,9.75,9.80,9.56,9.73,9900,9.73
2005-08-22,9.87,9.90,9.76,9.76,21000,9.76
2005-08-19,10.04,10.04,9.85,9.89,4600,9.89
2005-08-18,9.81,9.81,9.81,9.81,000,9.81
2005-08-17,9.90,10.00,9.81,9.81,3700,9.81
2005-08-16,9.85,9.89,9.85,9.85,800,9.85
2005-08-15,9.80,9.90,9.80,9.90,6900,9.90
2005-08-12,9.90,9.90,9.80,9.80,900,9.80
2005-08-11,9.75,9.90,9.75,9.90,4400,9.90
2005-08-10,9.75,9.75,9.75,9.75,000,9.75
2005-08-09,9.76,9.76,9.75,9.75,800,9.75
2005-08-08,9.95,9.95,9.95,9.95,100,9.95
2005-08-05,9.75,10.03,9.75,10.03,2000,10.03
2005-08-04,9.91,9.91,9.656,9.89,21100,9.89
2005-08-03,9.90,9.90,9.521,9.58,44500,9.58
2005-08-02,9.96,10.08,9.72,9.88,10900,9.88
2005-08-01,10.08,10.08,9.42,9.65,9700,9.65
2005-07-29,10.00,10.20,9.77,9.77,7800,9.77
2005-07-28,10.05,10.05,10.05,10.05,2100,10.05
2005-07-27,9.70,10.294,9.70,10.10,3900,10.10
2005-07-26,9.69,10.00,9.69,9.75,8700,9.75
2005-07-25,10.01,10.01,9.89,9.92,400,9.92
2005-07-22,10.15,10.15,9.89,9.91,2400,9.91
2005-07-21,9.77,10.40,9.77,10.40,1300,10.40
2005-07-20,10.00,10.236,9.75,9.92,2500,9.92
2005-07-19,9.75,10.00,9.50,9.868,9600,9.868
2005-07-18,10.18,10.18,9.76,9.76,6800,9.76
2005-07-15,10.46,10.46,9.87,9.87,5700,9.87
2005-07-14,10.324,10.40,10.174,10.40,4700,10.40
2005-07-13,10.28,10.35,10.10,10.10,11200,10.10
2005-07-12,9.94,10.00,9.92,10.00,9100,10.00
2005-07-11,10.01,10.01,9.92,9.94,5300,9.94
2005-07-08,10.05,10.10,10.00,10.10,7800,10.10
2005-07-07,9.98,10.31,9.77,10.18,22500,10.18
2005-07-06,10.55,10.55,10.386,10.386,6400,10.386
2005-07-05,10.50,10.57,10.46,10.50,3600,10.50
2005-07-01,10.22,10.50,9.95,10.49,17600,10.49
2005-06-30,9.82,10.04,9.79,9.96,9700,9.96
2005-06-29,10.00,10.50,9.76,9.85,21300,9.85
2005-06-28,10.21,11.39,9.97,10.38,000,10.38
2005-06-27,10.76,10.76,10.52,10.64,1500,10.64
2005-06-24,10.69,10.84,10.54,10.84,6000,10.84
2005-06-23,10.68,10.76,10.41,10.69,4000,10.69
2005-06-22,10.58,10.85,10.58,10.70,1700,10.70
2005-06-21,10.95,10.95,10.40,10.58,9200,10.58
2005-06-20,11.03,11.26,10.95,10.95,19900,10.95
2005-06-17,11.75,11.75,11.75,11.75,300,11.75
2005-06-16,11.65,11.75,11.65,11.75,3000,11.75
2005-06-15,11.61,11.75,11.26,11.75,16800,11.75
2005-06-14,11.38,11.61,11.38,11.61,2900,11.61
2005-06-13,11.68,11.75,11.19,11.75,9000,11.75
2005-06-10,11.75,11.75,11.75,11.75,400,11.75
2005-06-09,11.55,11.75,11.55,11.75,2000,11.75
2005-06-08,11.75,11.75,11.75,11.75,1000,11.75
2005-06-07,11.69,11.75,11.69,11.75,500,11.75
2005-06-06,11.00,11.75,10.91,11.75,9700,11.75
2005-06-03,11.64,11.75,11.21,11.75,4100,11.75
2005-06-02,11.21,11.70,11.09,11.66,2900,11.66
2005-06-01,11.70,11.75,10.52,11.75,4800,11.75
2005-05-31,11.75,11.75,11.58,11.75,1800,11.75
2005-05-27,11.94,12.00,11.00,11.50,6400,11.50
2005-05-26,11.75,11.90,11.55,11.85,7800,11.85
2005-05-25,12.15,12.15,11.97,11.97,3500,11.97
2005-05-24,11.89,12.00,11.773,12.00,9100,12.00
2005-05-23,11.52,11.87,11.37,11.87,2300,11.87
2005-05-20,11.90,12.14,11.67,11.80,22400,11.80
2005-05-19,12.04,12.04,11.52,11.73,4400,11.73
2005-05-18,12.09,12.25,12.05,12.25,2400,12.25
2005-05-17,12.05,12.49,12.05,12.47,3700,12.47
2005-05-16,11.95,12.00,11.85,11.98,2500,11.98
2005-05-13,11.71,12.00,11.71,11.99,2000,11.99
2005-05-12,12.00,12.10,11.60,12.00,39400,12.00
2005-05-11,12.25,12.25,11.71,12.25,4400,12.25
2005-05-10,12.23,12.23,12.23,12.23,100,12.23
2005-05-09,12.26,12.26,11.94,12.05,2600,12.05
2005-05-06,12.49,12.49,12.00,12.23,29900,12.23
2005-05-05,12.25,12.45,11.80,12.45,50100,12.45
2005-05-04,13.40,13.50,11.90,12.47,14300,12.47
2005-05-03,13.10,13.59,13.01,13.58,15600,13.58
2005-05-02,13.00,13.40,12.61,13.40,32500,13.40
2005-04-29,13.00,13.00,12.999,12.999,500,12.999
2005-04-28,12.97,12.97,12.63,12.86,700,12.86
2005-04-27,12.73,12.73,12.53,12.73,2200,12.73
2005-04-26,12.49,12.94,12.49,12.88,11500,12.88
2005-04-25,12.178,12.50,12.178,12.50,6500,12.50
2005-04-22,12.00,12.40,11.80,12.40,12100,12.40
2005-04-21,11.35,12.00,11.04,12.00,5900,12.00
2005-04-20,11.59,11.62,11.48,11.508,800,11.508
2005-04-19,11.46,12.25,11.46,11.64,4600,11.64
2005-04-18,11.74,12.00,11.51,11.90,3700,11.90
2005-04-15,12.10,12.10,11.99,12.00,1000,12.00
2005-04-14,12.12,12.44,11.36,12.16,8000,12.16
2005-04-13,11.75,12.44,11.32,12.44,3900,12.44
2005-04-12,11.87,12.15,11.48,11.83,7400,11.83
2005-04-11,11.62,12.10,11.56,12.10,2800,12.10
2005-04-08,11.00,12.05,11.00,11.70,3600,11.70
2005-04-07,11.50,11.70,10.75,11.48,9100,11.48
2005-04-06,11.71,11.71,11.52,11.54,12000,11.54
2005-04-05,12.05,12.05,11.72,11.90,11700,11.90
2005-04-04,10.80,12.10,10.80,11.97,12600,11.97
2005-04-01,10.79,10.91,10.70,10.91,5700,10.91
2005-03-31,10.91,10.91,10.62,10.81,4600,10.81
2005-03-30,10.51,10.99,10.50,10.76,2600,10.76
2005-03-29,10.791,10.96,10.71,10.96,9400,10.96
2005-03-28,10.878,11.24,10.878,11.24,2100,11.24
2005-03-24,10.90,11.15,10.90,11.00,3100,11.00
2005-03-23,10.90,10.91,10.75,10.799,1100,10.799
2005-03-22,11.15,11.17,10.96,11.03,1600,11.03
2005-03-21,10.26,11.04,10.20,11.04,3800,11.04
2005-03-18,10.30,10.35,10.20,10.20,14400,10.20
2005-03-17,11.25,11.25,10.48,10.50,16500,10.50
2005-03-16,10.91,11.25,10.91,10.98,23900,10.98
2005-03-15,10.88,11.41,10.52,11.41,48000,11.41
2005-03-14,10.23,11.38,10.23,11.16,18600,11.16
2005-03-11,10.03,10.41,9.97,10.41,24400,10.41
2005-03-10,9.97,10.25,9.81,9.99,10000,9.99
2005-03-09,9.81,9.85,9.80,9.84,5900,9.84
2005-03-08,9.95,9.98,9.81,9.81,16900,9.81
2005-03-07,9.99,9.99,9.80,9.81,4800,9.81
2005-03-04,10.34,10.35,9.77,9.86,19100,9.86
2005-03-03,10.30,10.34,9.91,9.99,10400,9.99
2005-03-02,10.06,10.18,10.00,10.00,4700,10.00
2005-03-01,10.03,10.10,9.81,9.81,5800,9.81
2005-02-28,10.01,10.36,10.00,10.07,11800,10.07
2005-02-25,10.19,10.35,10.01,10.01,8200,10.01
2005-02-24,10.79,10.79,10.18,10.23,6200,10.23
2005-02-23,11.32,11.32,10.60,10.62,7900,10.62
2005-02-22,10.91,10.98,10.73,10.75,4500,10.75
2005-02-18,10.99,11.00,10.72,10.77,11600,10.77
2005-02-17,11.28,11.35,10.73,10.96,17400,10.96
2005-02-16,10.76,11.00,10.76,10.91,2300,10.91
2005-02-15,10.60,10.60,10.60,10.60,100,10.60
2005-02-14,10.89,11.04,10.65,10.65,2600,10.65
2005-02-11,10.99,11.00,10.93,10.93,1400,10.93
2005-02-10,11.13,11.13,10.98,10.98,5500,10.98
2005-02-09,10.77,11.14,10.601,11.08,12900,11.08
2005-02-08,10.80,11.16,10.57,10.82,22600,10.82
2005-02-07,12.05,12.05,11.11,11.11,20800,11.11
2005-02-04,12.34,12.38,12.06,12.06,10900,12.06
2005-02-03,12.25,12.50,12.15,12.15,25500,12.15
2005-02-02,12.80,13.10,12.25,12.25,39100,12.25
2005-02-01,12.65,13.05,12.50,12.70,21100,12.70
2005-01-31,13.05,13.05,12.697,12.87,6600,12.87
2005-01-28,13.05,13.05,13.05,13.05,6100,13.05
2005-01-27,13.14,13.15,13.05,13.05,7900,13.05
2005-01-26,13.10,13.20,12.95,13.20,8500,13.20
2005-01-25,13.25,13.25,13.00,13.10,2500,13.10
2005-01-24,13.02,13.25,13.02,13.15,7100,13.15
2005-01-21,13.229,13.50,13.229,13.50,5800,13.50
2005-01-20,13.00,13.48,12.90,13.48,11200,13.48
2005-01-19,13.22,13.25,12.92,13.17,3300,13.17
2005-01-18,13.00,13.38,12.93,13.20,6800,13.20
2005-01-14,13.06,13.25,13.00,13.25,5000,13.25
2005-01-13,13.10,13.20,13.06,13.20,3400,13.20
2005-01-12,13.12,13.25,13.08,13.10,7700,13.10
2005-01-11,12.68,13.25,12.68,13.24,4100,13.24
2005-01-10,13.05,13.24,13.00,13.20,13600,13.20
2005-01-07,12.84,13.10,12.83,13.00,14700,13.00
2005-01-06,12.51,13.02,12.50,13.01,15000,13.01
2005-01-05,12.90,12.90,12.50,12.85,3600,12.85
2005-01-04,12.60,13.12,12.60,13.03,22700,13.03
2005-01-03,12.62,12.90,12.51,12.60,1900,12.60
2004-12-31,12.73,12.90,12.69,12.69,6800,12.69
2004-12-30,12.85,12.98,12.73,12.90,8500,12.90
2004-12-29,13.00,13.00,12.88,13.00,6500,13.00
2004-12-28,12.824,13.00,12.824,13.00,10600,13.00
2004-12-27,12.703,12.89,12.703,12.89,1900,12.89
2004-12-23,13.00,13.02,12.79,13.00,8100,13.00
2004-12-22,12.56,13.00,12.56,13.00,4000,13.00
2004-12-21,13.249,13.249,12.74,13.10,4900,13.10
2004-12-20,12.80,13.00,12.20,13.00,7800,13.00
2004-12-17,13.00,13.00,12.33,13.00,11300,13.00
2004-12-16,12.64,13.00,12.62,13.00,4900,13.00
2004-12-15,12.91,13.00,12.34,12.90,8600,12.90
2004-12-14,12.48,13.01,12.48,13.00,13000,13.00
2004-12-13,13.95,13.95,12.87,12.97,17600,12.97
2004-12-10,11.86,12.97,11.771,12.90,7100,12.90
2004-12-09,11.71,12.00,11.57,11.90,6200,11.90
2004-12-08,11.50,12.00,11.02,11.90,15700,11.90
2004-12-07,11.31,11.92,11.00,11.50,10400,11.50
2004-12-06,11.50,11.50,11.19,11.30,13000,11.30
2004-12-03,11.039,11.50,11.039,11.50,8100,11.50
2004-12-02,10.57,11.10,10.57,11.05,9700,11.05
2004-12-01,10.70,11.20,10.60,10.75,11000,10.75
2004-11-30,10.50,11.45,10.41,11.21,32600,11.21
2004-11-29,10.64,10.64,10.40,10.50,5900,10.50
2004-11-26,10.26,10.70,10.26,10.70,1000,10.70
2004-11-24,10.49,10.50,10.48,10.50,2700,10.50
2004-11-23,10.42,10.60,10.42,10.60,9000,10.60
2004-11-22,10.44,10.44,10.20,10.29,2800,10.29
2004-11-19,10.69,10.70,10.59,10.60,4100,10.60
2004-11-18,10.93,10.94,10.30,10.70,28300,10.70
2004-11-17,10.16,10.30,10.01,10.30,5800,10.30
2004-11-16,10.49,10.49,9.92,9.92,4700,9.92
2004-11-15,10.10,10.10,9.88,10.05,25700,10.05
2004-11-12,10.05,10.05,10.00,10.00,10800,10.00
2004-11-11,9.96,10.24,9.96,10.10,24300,10.10
2004-11-10,10.20,10.20,9.94,10.01,4000,10.01
2004-11-09,10.67,10.67,10.05,10.20,7300,10.20
2004-11-08,9.52,10.39,9.52,10.39,8500,10.39
2004-11-05,10.04,10.36,9.50,9.92,41200,9.92
2004-11-04,10.88,11.36,9.76,10.18,43900,10.18
2004-11-03,10.999,11.34,10.999,11.34,11400,11.34
2004-11-02,11.08,11.08,10.80,11.00,11100,11.00
2004-11-01,11.00,11.25,10.999,11.00,7300,11.00
2004-10-29,10.55,11.19,10.49,10.95,20600,10.95
2004-10-28,10.36,10.42,10.01,10.20,12400,10.20
2004-10-27,10.20,10.20,10.14,10.15,8400,10.15
2004-10-26,10.52,10.52,10.18,10.34,26500,10.34
2004-10-25,10.96,10.96,10.25,10.25,21100,10.25
2004-10-22,10.91,10.91,10.91,10.91,1000,10.91
2004-10-21,11.04,11.04,10.70,10.90,9500,10.90
2004-10-20,11.50,11.50,10.86,10.86,6800,10.86
2004-10-19,11.75,11.75,11.75,11.75,000,11.75
2004-10-18,11.74,11.75,11.45,11.75,2100,11.75
2004-10-15,11.621,11.99,11.621,11.99,3000,11.99
2004-10-14,11.47,12.00,11.37,11.94,3300,11.94
2004-10-13,11.901,11.901,11.90,11.901,1100,11.901
2004-10-12,11.42,12.05,11.42,12.00,5900,12.00
2004-10-11,11.73,12.03,11.40,12.03,19900,12.03
2004-10-08,11.71,11.83,11.71,11.83,400,11.83
2004-10-07,11.99,11.99,11.62,11.70,3500,11.70
2004-10-06,12.00,12.00,11.62,11.91,7100,11.91
2004-10-05,11.53,12.05,11.53,12.05,3600,12.05
2004-10-04,11.66,12.09,11.57,11.89,5300,11.89
2004-10-01,11.81,12.04,11.44,12.04,20600,12.04
2004-09-30,11.71,12.00,11.69,11.75,4400,11.75
2004-09-29,12.05,12.05,11.63,11.99,8000,11.99
2004-09-28,11.87,12.06,11.86,12.05,15600,12.05
2004-09-27,11.89,12.00,11.76,12.00,3100,12.00
2004-09-24,12.07,12.07,11.50,12.00,8900,12.00
2004-09-23,11.54,12.10,11.44,11.83,15300,11.83
2004-09-22,12.00,12.05,11.27,11.52,37000,11.52
2004-09-21,12.01,12.05,11.87,11.93,29100,11.93
2004-09-20,12.05,12.13,12.01,12.11,9900,12.11
2004-09-17,12.18,12.25,12.05,12.10,22800,12.10
2004-09-16,11.97,12.15,11.79,12.11,54600,12.11
2004-09-15,12.25,12.25,11.92,12.00,8200,12.00
2004-09-14,12.12,12.20,11.97,12.16,11500,12.16
2004-09-13,12.00,12.30,12.00,12.12,19900,12.12
2004-09-10,11.55,12.22,11.55,12.00,51500,12.00
2004-09-09,11.60,11.95,11.50,11.50,238500,11.50
2004-09-08,11.34,11.50,11.34,11.50,47100,11.50
2004-09-07,11.10,11.62,11.10,11.62,34800,11.62
2004-09-03,10.74,11.10,10.50,11.09,56000,11.09
2004-09-02,10.60,10.80,10.36,10.75,22400,10.75
2004-09-01,10.20,10.60,10.18,10.49,110100,10.49
2004-08-31,10.28,10.46,9.75,10.04,21600,10.04
2004-08-30,10.29,10.50,10.18,10.28,9900,10.28
2004-08-27,10.18,10.50,10.12,10.49,11600,10.49
2004-08-26,10.069,10.36,10.069,10.36,5700,10.36
2004-08-25,10.18,10.23,9.92,10.08,11100,10.08
2004-08-24,10.60,10.60,9.55,9.65,26100,9.65
2004-08-23,9.53,10.50,9.41,10.50,5100,10.50
2004-08-20,9.82,9.82,9.50,9.66,7200,9.66
2004-08-19,10.14,10.75,9.75,9.75,18700,9.75
