Date,Open,High,Low,Close,Volume,Adj Close
2013-09-17,4.20,4.22,4.19,4.22,142800,4.22
2013-09-16,4.19,4.21,4.18,4.18,108400,4.18
2013-09-13,4.19,4.21,4.19,4.20,76100,4.20
2013-09-12,4.20,4.20,4.19,4.19,43400,4.19
2013-09-11,4.18,4.20,4.18,4.19,60700,4.19
2013-09-10,4.19,4.19,4.18,4.19,20500,4.19
2013-09-09,4.19,4.19,4.18,4.18,57300,4.18
2013-09-06,4.18,4.19,4.17,4.18,4900,4.18
2013-09-05,4.19,4.19,4.17,4.18,19300,4.18
2013-09-04,4.18,4.19,4.169,4.19,145700,4.19
2013-09-03,4.19,4.19,4.18,4.19,111300,4.19
2013-09-02,4.20,4.20,4.20,4.20,000,4.20
2013-08-30,4.19,4.20,4.19,4.20,53300,4.20
2013-08-29,4.19,4.20,4.1793,4.20,89300,4.20
2013-08-28,4.17,4.18,4.17,4.18,88200,4.18
2013-08-27,4.17,4.19,4.17,4.18,168800,4.18
2013-08-26,4.18,4.19,4.1758,4.18,11900,4.18
2013-08-23,4.18,4.19,4.17,4.18,102500,4.18
2013-08-22,4.18,4.18,4.17,4.17,27300,4.17
2013-08-21,4.17,4.18,4.16,4.17,52800,4.17
2013-08-20,4.17,4.19,4.17,4.17,32200,4.17
2013-08-19,4.19,4.19,4.16,4.17,11600,4.17
2013-08-16,4.16,4.18,4.16,4.17,23400,4.17
2013-08-15,4.16,4.181,4.16,4.16,46800,4.16
2013-08-14,4.18,4.19,4.17,4.18,46500,4.18
2013-08-13,4.18,4.185,4.17,4.17,32300,4.17
2013-08-12,4.17,4.191,4.17,4.18,12500,4.18
2013-08-09,4.17,4.20,4.17,4.19,56000,4.19
2013-08-08,4.18,4.19,4.17,4.18,102700,4.18
2013-08-07,4.16,4.19,4.16,4.18,38600,4.18
2013-08-06,4.16,4.17,4.15,4.17,23000,4.17
2013-08-05,4.14,4.16,4.14,4.16,11300,4.16
2013-08-02,4.14,4.16,4.14,4.16,25700,4.16
2013-08-01,4.16,4.16,4.13,4.15,70400,4.15
2013-07-31,4.14,4.16,4.13,4.16,16300,4.16
2013-07-30,4.13,4.14,4.10,4.14,34900,4.14
2013-07-29,4.13,4.14,4.13,4.14,3800,4.14
2013-07-26,4.13,4.14,4.13,4.14,6500,4.14
2013-07-25,4.14,4.14,4.13,4.13,34400,4.13
2013-07-24,4.135,4.14,4.13,4.13,4200,4.13
2013-07-23,4.13,4.14,4.13,4.13,5400,4.13
2013-07-22,4.14,4.14,4.14,4.14,1100,4.14
2013-07-19,4.13,4.14,4.13,4.14,6600,4.14
2013-07-18,4.13,4.14,4.13,4.14,5900,4.14
2013-07-17,4.14,4.14,4.11,4.14,63900,4.14
2013-07-16,4.15,4.15,4.13,4.13,10300,4.13
2013-07-15,4.14,4.15,4.13,4.14,5000,4.14
2013-07-12,4.14,4.14,4.13,4.13,3000,4.13
2013-07-11,4.14,4.14,4.13,4.13,32100,4.13
2013-07-10,4.15,4.15,4.13,4.13,4900,4.13
2013-07-09,4.15,4.15,4.13,4.13,20600,4.13
2013-07-08,4.13,4.15,4.12,4.15,33400,4.15
2013-07-05,4.10,4.15,4.10,4.15,24200,4.15
2013-07-04,4.11,4.11,4.11,4.11,000,4.11
2013-07-03,4.11,4.11,4.10,4.11,21200,4.11
2013-07-02,4.12,4.12,4.0901,4.11,107600,4.11
2013-07-01,4.09,4.10,4.09,4.10,95900,4.10
2013-06-28,4.09,4.10,4.08,4.10,75600,4.10
2013-06-27,4.08,4.10,4.08,4.10,30200,4.10
2013-06-26,4.08,4.09,4.07,4.085,21900,4.085
2013-06-25,4.08,4.09,4.08,4.08,14300,4.08
2013-06-24,4.06,4.09,4.0201,4.08,63600,4.08
2013-06-21,4.09,4.10,4.04,4.04,45900,4.04
2013-06-20,4.09,4.10,4.07,4.09,53300,4.09
2013-06-19,4.10,4.10,4.05,4.10,80400,4.10
2013-06-18,4.10,4.10,4.08,4.10,57000,4.10
2013-06-17,4.10,4.11,4.04,4.09,88300,4.09
2013-06-14,4.10,4.11,4.095,4.10,59500,4.10
2013-06-13,4.10,4.11,4.10,4.10,7600,4.10
2013-06-12,4.11,4.11,4.10,4.10,48300,4.10
2013-06-11,4.10,4.12,4.10,4.11,72200,4.11
2013-06-10,4.10,4.12,4.09,4.11,61500,4.11
2013-06-07,4.09,4.15,4.08,4.11,163300,4.11
2013-06-06,4.10,4.10,4.09,4.09,99300,4.09
2013-06-05,4.09,4.10,4.06,4.09,238700,4.09
2013-06-04,4.08,4.09,4.075,4.09,272200,4.09
2013-06-03,4.08,4.09,4.06,4.08,221700,4.08
2013-05-31,4.08,4.08,4.06,4.08,332300,4.08
2013-05-30,4.075,4.09,4.04,4.08,452400,4.08
2013-05-29,4.08,4.09,4.07,4.07,37200,4.07
2013-05-28,4.07,4.09,4.06,4.08,130700,4.08
2013-05-27,4.06,4.06,4.06,4.06,000,4.06
2013-05-24,4.06,4.07,4.06,4.06,92200,4.06
2013-05-23,4.06,4.07,4.06,4.06,75800,4.06
2013-05-22,4.06,4.07,4.06,4.07,75700,4.07
2013-05-21,4.07,4.07,4.06,4.07,64900,4.07
2013-05-20,4.06,4.07,4.05,4.07,103100,4.07
2013-05-17,4.07,4.07,4.04,4.07,396700,4.07
2013-05-16,4.07,4.07,4.05,4.07,89700,4.07
2013-05-15,4.07,4.07,4.05,4.07,132800,4.07
2013-05-14,4.06,4.07,4.04,4.07,210300,4.07
2013-05-13,4.06,4.07,4.03,4.05,1007600,4.05
2013-05-10,4.06,4.07,4.05,4.07,219200,4.07
2013-05-09,4.06,4.07,4.05,4.07,260400,4.07
2013-05-08,4.06,4.07,4.06,4.07,161000,4.07
2013-05-07,4.06,4.07,4.05,4.07,269800,4.07
2013-05-06,4.06,4.0701,4.06,4.07,381100,4.07
2013-05-03,4.05,4.07,4.05,4.07,269400,4.07
2013-05-02,4.07,4.08,4.05,4.05,312200,4.05
2013-05-01,4.08,4.09,4.06,4.07,475200,4.07
2013-04-30,4.07,4.09,4.06,4.07,356500,4.07
2013-04-29,4.06,4.09,4.06,4.07,153900,4.07
2013-04-26,4.06,4.08,4.05,4.06,359100,4.06
2013-04-25,4.07,4.10,4.06,4.07,255300,4.07
2013-04-24,4.05,4.10,4.05,4.10,927200,4.10
2013-04-23,4.05,4.12,4.02,4.07,1489700,4.07
2013-04-22,2.73,2.73,2.65,2.71,28100,2.71
2013-04-19,2.72,2.76,2.7001,2.74,28600,2.74
2013-04-18,2.69,2.87,2.69,2.73,28600,2.73
2013-04-17,2.83,2.88,2.69,2.74,44400,2.74
2013-04-16,2.84,2.88,2.82,2.84,50600,2.84
2013-04-15,2.85,2.8999,2.81,2.82,36200,2.82
2013-04-12,2.85,2.86,2.82,2.85,21900,2.85
2013-04-11,2.90,2.92,2.82,2.88,24000,2.88
2013-04-10,2.86,2.90,2.86,2.87,20100,2.87
2013-04-09,2.915,2.9499,2.86,2.88,30700,2.88
2013-04-08,2.88,2.97,2.85,2.91,25100,2.91
2013-04-05,2.80,2.92,2.7101,2.91,12400,2.91
2013-04-04,2.80,2.909,2.80,2.86,6000,2.86
2013-04-03,2.79,2.80,2.77,2.79,27300,2.79
2013-04-02,2.70,2.86,2.70,2.81,43300,2.81
2013-04-01,2.72,2.72,2.64,2.68,15600,2.68
2013-03-29,2.72,2.72,2.72,2.72,000,2.72
2013-03-28,2.70,2.84,2.50,2.72,32200,2.72
2013-03-27,2.61,2.75,2.61,2.64,34400,2.64
2013-03-26,2.60,2.74,2.57,2.61,49900,2.61
2013-03-25,2.51,2.62,2.51,2.61,24000,2.61
2013-03-22,2.62,2.62,2.51,2.54,66400,2.54
2013-03-21,2.70,2.80,2.63,2.64,16900,2.64
2013-03-20,2.66,2.80,2.65,2.74,109100,2.74
2013-03-19,3.06,3.06,2.41,2.62,618400,2.62
2013-03-18,3.07,3.14,3.04,3.09,77400,3.09
2013-03-15,3.15,3.18,3.09,3.11,22700,3.11
2013-03-14,3.08,3.225,3.08,3.18,130500,3.18
2013-03-13,3.14,3.15,3.09,3.10,85900,3.10
2013-03-12,3.19,3.20,3.11,3.14,45600,3.14
2013-03-11,3.19,3.21,3.18,3.20,43400,3.20
2013-03-08,3.24,3.28,3.00,3.19,291300,3.19
2013-03-07,3.38,3.39,3.29,3.35,148000,3.35
2013-03-06,3.40,3.43,3.39,3.39,68300,3.39
2013-03-05,3.40,3.43,3.40,3.43,13100,3.43
2013-03-04,3.40,3.43,3.39,3.40,76700,3.40
2013-03-01,3.40,3.44,3.35,3.40,103300,3.40
2013-02-28,3.43,3.46,3.43,3.44,15600,3.44
2013-02-27,3.39,3.47,3.39,3.44,44700,3.44
2013-02-26,3.45,3.48,3.42,3.42,151900,3.42
2013-02-25,3.44,3.45,3.361,3.42,120700,3.42
2013-02-22,3.46,3.46,3.39,3.44,81500,3.44
2013-02-21,3.47,3.47,3.36,3.46,119500,3.46
2013-02-20,3.44,3.50,3.42,3.48,190900,3.48
2013-02-19,3.49,3.5101,3.44,3.44,188800,3.44
2013-02-18,3.51,3.51,3.51,3.51,000,3.51
2013-02-15,3.50,3.52,3.45,3.51,64200,3.51
2013-02-14,3.49,3.50,3.48,3.50,42100,3.50
2013-02-13,3.49,3.56,3.48,3.48,64200,3.48
2013-02-12,3.475,3.59,3.47,3.48,77700,3.48
2013-02-11,3.47,3.51,3.47,3.48,18200,3.48
2013-02-08,3.46,3.48,3.46,3.48,13500,3.48
2013-02-07,3.45,3.48,3.43,3.45,86300,3.45
2013-02-06,3.45,3.45,3.445,3.45,45800,3.45
2013-02-05,3.47,3.47,3.44,3.45,61200,3.45
2013-02-04,3.42,3.46,3.412,3.45,69000,3.45
2013-02-01,3.40,3.44,3.40,3.41,51900,3.41
2013-01-31,3.41,3.42,3.39,3.40,48900,3.40
2013-01-30,3.40,3.41,3.33,3.40,82500,3.40
2013-01-29,3.395,3.43,3.39,3.395,37200,3.395
2013-01-28,3.38,3.44,3.38,3.42,56600,3.42
2013-01-25,3.40,3.44,3.39,3.40,14500,3.40
2013-01-24,3.42,3.43,3.39,3.40,87800,3.40
2013-01-23,3.41,3.44,3.39,3.40,28800,3.40
2013-01-22,3.39,3.43,3.38,3.43,42300,3.43
2013-01-21,3.40,3.40,3.40,3.40,000,3.40
2013-01-18,3.39,3.43,3.38,3.40,108500,3.40
2013-01-17,3.425,3.47,3.38,3.39,62100,3.39
2013-01-16,3.43,3.47,3.40,3.41,90400,3.41
2013-01-15,3.37,3.44,3.35,3.42,152400,3.42
2013-01-14,3.40,3.44,3.38,3.39,124000,3.39
2013-01-11,3.42,3.48,3.38,3.43,133000,3.43
2013-01-10,3.45,3.48,3.31,3.43,161700,3.43
2013-01-09,3.46,3.48,3.45,3.46,185900,3.46
2013-01-08,3.4595,3.48,3.43,3.46,40100,3.46
2013-01-07,3.39,3.47,3.38,3.43,39600,3.43
2013-01-04,3.39,3.46,3.31,3.44,48000,3.44
2013-01-03,3.42,3.49,3.36,3.37,73700,3.37
2013-01-02,3.39,3.49,3.34,3.48,105100,3.48
2013-01-01,3.34,3.34,3.34,3.34,000,3.34
2012-12-31,3.28,3.44,3.23,3.34,126600,3.34
2012-12-28,3.27,3.29,3.18,3.29,86100,3.29
2012-12-27,3.18,3.28,3.15,3.27,261200,3.27
2012-12-26,3.20,3.22,3.17,3.18,164900,3.18
2012-12-25,3.21,3.21,3.21,3.21,000,3.21
2012-12-24,3.20,3.23,3.18,3.21,127300,3.21
2012-12-21,3.17,3.21,3.17,3.19,178200,3.19
2012-12-20,3.16,3.21,3.14,3.18,124500,3.18
2012-12-19,3.18,3.22,3.11,3.1309,88100,3.1309
2012-12-18,3.19,3.20,3.17,3.20,179300,3.20
2012-12-17,3.17,3.20,3.15,3.18,119200,3.18
2012-12-14,3.17,3.23,3.15,3.18,152100,3.18
2012-12-13,3.17,3.20,3.15,3.18,95100,3.18
2012-12-12,3.20,3.21,3.15,3.18,354600,3.18
2012-12-11,3.17,3.1901,3.111,3.18,385400,3.18
2012-12-10,3.12,3.2375,3.10,3.15,401600,3.15
2012-12-07,3.17,3.20,3.08,3.12,457500,3.12
2012-12-06,3.15,3.30,3.15,3.18,223400,3.18
2012-12-05,3.13,3.20,3.10,3.17,188200,3.17
2012-12-04,3.19,3.24,3.13,3.16,219800,3.16
2012-12-03,3.20,3.22,3.16,3.19,295500,3.19
2012-11-30,3.27,3.28,3.07,3.22,188000,3.22
2012-11-29,3.08,3.28,3.07,3.23,481500,3.23
2012-11-28,3.08,3.15,3.02,3.04,403500,3.04
2012-11-27,3.12,3.12,3.05,3.06,414100,3.06
2012-11-26,3.08,3.17,3.03,3.11,603900,3.11
2012-11-23,3.10,3.15,3.0211,3.08,396600,3.08
2012-11-22,2.99,2.99,2.99,2.99,000,2.99
2012-11-21,3.20,3.2999,2.90,2.99,1717100,2.99
2012-11-20,1.65,1.74,1.61,1.74,45800,1.74
2012-11-19,1.72,1.74,1.67,1.67,9200,1.67
2012-11-16,1.72,1.7201,1.65,1.70,39300,1.70
2012-11-15,1.80,1.82,1.72,1.73,16800,1.73
2012-11-14,1.76,1.80,1.74,1.78,14200,1.78
2012-11-13,1.75,1.78,1.73,1.73,11300,1.73
2012-11-12,1.74,1.77,1.72,1.76,5900,1.76
2012-11-09,1.71,1.8195,1.67,1.74,50000,1.74
2012-11-08,1.80,1.81,1.74,1.74,6700,1.74
2012-11-07,1.80,1.85,1.80,1.82,28900,1.82
2012-11-06,1.83,1.97,1.77,1.81,30600,1.81
2012-11-05,1.78,1.82,1.74,1.82,23000,1.82
2012-11-02,1.80,1.88,1.72,1.74,27300,1.74
2012-11-01,1.75,1.78,1.71,1.74,36000,1.74
2012-10-31,1.98,1.98,1.75,1.75,42200,1.75
2012-10-30,2.00,2.00,2.00,2.00,000,2.00
2012-10-29,2.00,2.00,2.00,2.00,000,2.00
2012-10-26,1.90,2.03,1.895,2.00,121300,2.00
2012-10-25,1.86,1.92,1.85,1.895,60500,1.895
2012-10-24,1.85,1.89,1.84,1.86,26900,1.86
2012-10-23,1.80,1.89,1.80,1.82,41600,1.82
2012-10-22,1.85,1.88,1.792,1.83,58100,1.83
2012-10-19,1.98,2.00,1.86,1.86,28700,1.86
2012-10-18,2.03,2.03,1.97,2.0003,145900,2.0003
2012-10-17,1.96,2.03,1.8701,2.03,141600,2.03
2012-10-16,1.85,1.93,1.85,1.86,178700,1.86
2012-10-15,1.78,1.87,1.75,1.84,25000,1.84
2012-10-12,1.81,1.85,1.75,1.79,73800,1.79
2012-10-11,1.68,1.96,1.65,1.79,196100,1.79
2012-10-10,1.72,1.73,1.66,1.66,376000,1.66
2012-10-09,1.78,1.78,1.70,1.71,16800,1.71
2012-10-08,1.72,1.78,1.67,1.76,78500,1.76
2012-10-05,1.63,1.79,1.63,1.75,91800,1.75
2012-10-04,1.65,1.66,1.60,1.66,22200,1.66
2012-10-03,1.62,1.64,1.62,1.63,17000,1.63
2012-10-02,1.70,1.74,1.65,1.65,64000,1.65
2012-10-01,1.60,1.76,1.59,1.73,216900,1.73
2012-09-28,1.59,1.64,1.58,1.59,46400,1.59
2012-09-27,1.59,1.62,1.57,1.61,122400,1.61
2012-09-26,1.57,1.63,1.56,1.60,16800,1.60
2012-09-25,1.59,1.59,1.56,1.58,77100,1.58
2012-09-24,1.61,1.62,1.59,1.60,60100,1.60
2012-09-21,1.64,1.65,1.60,1.61,68800,1.61
2012-09-20,1.65,1.67,1.65,1.66,52300,1.66
2012-09-19,1.69,1.72,1.65,1.65,85600,1.65
2012-09-18,1.66,1.71,1.65,1.70,34100,1.70
2012-09-17,1.65,1.67,1.65,1.65,80000,1.65
2012-09-14,1.67,1.74,1.65,1.68,89900,1.68
2012-09-13,1.69,1.7269,1.67,1.68,63100,1.68
2012-09-12,1.70,1.74,1.70,1.72,59000,1.72
2012-09-11,1.68,1.73,1.65,1.68,52200,1.68
2012-09-10,1.65,1.75,1.65,1.70,71700,1.70
2012-09-07,1.69,1.7398,1.65,1.65,188500,1.65
2012-09-06,1.70,1.75,1.68,1.72,59100,1.72
2012-09-05,1.74,1.78,1.65,1.71,102600,1.71
2012-09-04,1.72,1.78,1.70,1.77,52700,1.77
2012-09-03,1.76,1.76,1.76,1.76,000,1.76
2012-08-31,1.77,1.77,1.66,1.76,69100,1.76
2012-08-30,1.75,1.79,1.67,1.74,95200,1.74
2012-08-29,1.73,1.82,1.73,1.76,113000,1.76
2012-08-28,1.68,1.80,1.60,1.76,263200,1.76
2012-08-27,1.65,1.75,1.58,1.67,500900,1.67
2012-08-24,1.55,1.69,1.48,1.65,4049600,1.65
2012-08-23,1.60,1.62,1.55,1.55,1072500,1.55
2012-08-22,1.79,1.80,1.646,1.65,427300,1.65
2012-08-21,1.86,1.875,1.80,1.80,172600,1.80
2012-08-20,1.86,1.89,1.81,1.86,74200,1.86
2012-08-17,1.86,1.90,1.86,1.86,80800,1.86
2012-08-16,1.87,1.89,1.8532,1.86,46100,1.86
2012-08-15,1.90,1.937,1.85,1.86,130800,1.86
2012-08-14,1.94,1.95,1.90,1.90,74500,1.90
2012-08-13,1.96,1.97,1.94,1.95,111200,1.95
2012-08-10,1.95,1.99,1.93,1.95,86200,1.95
2012-08-09,1.99,2.00,1.90,1.9599,82700,1.9599
2012-08-08,2.07,2.09,2.00,2.01,23700,2.01
2012-08-07,2.01,2.07,1.95,2.07,69200,2.07
2012-08-06,2.11,2.15,2.01,2.01,31100,2.01
2012-08-03,2.21,2.24,2.07,2.07,15300,2.07
2012-08-02,2.11,2.31,2.11,2.21,37000,2.21
2012-08-01,2.09,2.12,2.08,2.10,65200,2.10
2012-07-31,2.12,2.13,2.04,2.10,38100,2.10
2012-07-30,2.06,2.11,2.02,2.11,61300,2.11
2012-07-27,2.09,2.117,2.04,2.08,122200,2.08
2012-07-26,2.10,2.10,2.04,2.07,38800,2.07
2012-07-25,2.05,2.10,2.04,2.07,55300,2.07
2012-07-24,2.06,2.08,2.03,2.03,18400,2.03
2012-07-23,2.10,2.14,2.02,2.05,36800,2.05
2012-07-20,2.26,2.2865,2.07,2.12,101100,2.12
2012-07-19,2.36,2.40,2.25,2.28,26300,2.28
2012-07-18,2.41,2.44,2.39,2.39,3800,2.39
2012-07-17,2.45,2.45,2.37,2.42,5800,2.42
2012-07-16,2.19,2.44,2.19,2.40,39400,2.40
2012-07-13,2.41,2.445,2.36,2.39,20500,2.39
2012-07-12,2.45,2.48,2.40,2.43,19800,2.43
2012-07-11,2.46,2.50,2.4515,2.46,14600,2.46
2012-07-10,2.56,2.60,2.46,2.46,15300,2.46
2012-07-09,2.41,2.60,2.39,2.56,34900,2.56
2012-07-06,2.49,2.49,2.39,2.43,34700,2.43
2012-07-05,2.54,2.5999,2.45,2.50,34900,2.50
2012-07-04,2.57,2.57,2.57,2.57,000,2.57
2012-07-03,2.55,2.59,2.51,2.57,10200,2.57
2012-07-02,2.60,2.60,2.50,2.54,35400,2.54
2012-06-29,2.54,2.61,2.47,2.60,23600,2.60
2012-06-28,2.54,2.6191,2.46,2.52,30800,2.52
2012-06-27,2.54,2.65,2.52,2.57,19200,2.57
2012-06-26,2.47,2.6595,2.44,2.54,37100,2.54
2012-06-25,2.40,2.55,2.38,2.50,43700,2.50
2012-06-22,2.51,2.51,2.37,2.40,72800,2.40
2012-06-21,2.54,2.58,2.45,2.50,49900,2.50
2012-06-20,2.47,2.60,2.4101,2.53,84900,2.53
2012-06-19,2.45,2.48,2.40,2.48,18000,2.48
2012-06-18,2.29,2.4394,2.26,2.40,63000,2.40
2012-06-15,2.25,2.29,2.245,2.29,64800,2.29
2012-06-14,2.26,2.2799,2.22,2.25,67400,2.25
2012-06-13,2.23,2.29,2.17,2.24,72900,2.24
2012-06-12,2.30,2.30,2.18,2.22,187500,2.22
2012-06-11,2.35,2.36,2.30,2.30,27200,2.30
2012-06-08,2.28,2.31,2.25,2.30,29900,2.30
2012-06-07,2.26,2.345,2.1801,2.26,104200,2.26
2012-06-06,2.20,2.28,2.20,2.27,28500,2.27
2012-06-05,2.08,2.19,2.08,2.16,56100,2.16
2012-06-04,2.14,2.19,2.05,2.08,67800,2.08
2012-06-01,2.18,2.23,2.09,2.11,213400,2.11
2012-05-31,2.23,2.30,2.19,2.20,28300,2.20
2012-05-30,2.25,2.30,2.22,2.25,50400,2.25
2012-05-29,2.43,2.43,2.25,2.29,89500,2.29
2012-05-28,2.37,2.37,2.37,2.37,000,2.37
2012-05-25,2.40,2.45,2.37,2.37,92800,2.37
2012-05-24,2.33,2.38,2.2801,2.38,40700,2.38
2012-05-23,2.28,2.34,2.2201,2.31,38800,2.31
2012-05-22,2.18,2.38,2.18,2.30,55800,2.30
2012-05-21,2.20,2.29,2.1199,2.19,101700,2.19
2012-05-18,2.30,2.35,2.12,2.15,121400,2.15
2012-05-17,2.35,2.36,2.27,2.28,86600,2.28
2012-05-16,2.34,2.36,2.2499,2.35,78400,2.35
2012-05-15,2.30,2.42,2.17,2.36,244000,2.36
2012-05-14,2.16,2.30,2.13,2.30,124900,2.30
2012-05-11,2.17,2.25,2.109,2.20,216800,2.20
2012-05-10,2.32,2.381,2.14,2.19,428600,2.19
2012-05-09,3.36,3.50,2.23,2.29,1133500,2.29
2012-05-08,3.94,3.96,3.32,3.81,300800,3.81
2012-05-07,4.50,4.53,3.82,3.97,350400,3.97
2012-05-04,4.48,4.59,4.05,4.56,210800,4.56
2012-05-03,4.63,4.64,4.45,4.54,112900,4.54
2012-05-02,4.46,4.64,4.13,4.62,208400,4.62
2012-05-01,4.30,4.54,4.30,4.50,136700,4.50
2012-04-30,4.32,4.40,4.2312,4.28,72700,4.28
2012-04-27,4.46,4.46,4.23,4.23,72000,4.23
2012-04-26,4.44,4.465,4.30,4.43,23000,4.43
2012-04-25,4.46,4.49,4.34,4.41,100100,4.41
2012-04-24,4.33,4.51,4.2999,4.41,229600,4.41
2012-04-23,4.13,4.37,4.0712,4.30,90900,4.30
2012-04-20,4.19,4.20,4.12,4.13,30500,4.13
2012-04-19,3.87,4.21,3.87,4.15,100500,4.15
2012-04-18,4.03,4.03,3.92,3.94,7600,3.94
2012-04-17,3.98,4.05,3.81,4.02,29700,4.02
2012-04-16,4.04,4.13,3.92,3.96,51800,3.96
2012-04-13,4.14,4.15,4.05,4.05,60600,4.05
2012-04-12,4.12,4.22,4.00,4.18,112400,4.18
2012-04-11,3.91,4.13,3.89,4.10,99000,4.10
2012-04-10,3.85,3.91,3.75,3.90,136300,3.90
2012-04-09,4.02,4.02,3.81,3.89,131200,3.89
2012-04-06,4.12,4.12,4.12,4.12,000,4.12
2012-04-05,4.15,4.18,4.03,4.12,61100,4.12
2012-04-04,4.28,4.28,4.00,4.19,140000,4.19
2012-04-03,4.16,4.355,4.16,4.29,65900,4.29
2012-04-02,4.21,4.25,4.1301,4.18,44200,4.18
2012-03-30,4.34,4.39,4.20,4.21,73800,4.21
2012-03-29,4.26,4.45,4.15,4.28,106300,4.28
2012-03-28,4.51,4.51,4.12,4.28,196800,4.28
2012-03-27,4.67,4.81,4.48,4.52,201700,4.52
2012-03-26,4.46,5.00,4.431,4.68,927800,4.68
2012-03-23,4.52,4.60,4.41,4.43,89300,4.43
2012-03-22,4.75,4.75,4.41,4.55,134200,4.55
2012-03-21,4.79,4.79,4.50,4.75,168500,4.75
2012-03-20,4.51,4.80,4.38,4.74,179800,4.74
2012-03-19,4.84,4.84,4.39,4.56,522000,4.56
2012-03-16,4.95,5.44,4.68,5.20,1074600,5.20
2012-03-15,3.76,4.95,3.76,4.95,1445900,4.95
2012-03-14,3.66,3.80,3.66,3.78,53300,3.78
2012-03-13,3.82,3.92,3.63,3.70,393200,3.70
2012-03-12,3.46,3.84,3.43,3.84,260700,3.84
2012-03-09,3.57,3.57,3.30,3.43,77100,3.43
2012-03-08,3.45,3.58,3.45,3.52,38200,3.52
2012-03-07,3.45,3.48,3.2701,3.44,34900,3.44
2012-03-06,3.57,3.57,3.29,3.42,60700,3.42
2012-03-05,3.75,3.82,3.50,3.51,80800,3.51
2012-03-02,3.51,4.00,3.44,3.80,603700,3.80
2012-03-01,3.36,3.70,3.12,3.63,1074400,3.63
2012-02-29,3.25,3.25,3.031,3.05,55800,3.05
2012-02-28,3.35,3.389,3.21,3.25,75900,3.25
2012-02-27,3.14,3.40,3.14,3.40,58700,3.40
2012-02-24,3.07,3.29,3.03,3.10,59400,3.10
2012-02-23,2.96,3.22,2.96,3.07,53200,3.07
2012-02-22,2.95,3.189,2.91,2.9996,17800,2.9996
2012-02-21,3.24,3.279,2.93,2.94,59900,2.94
2012-02-20,3.18,3.18,3.18,3.18,000,3.18
2012-02-17,3.38,3.39,3.13,3.18,68100,3.18
2012-02-16,3.14,3.37,3.07,3.3587,129900,3.3587
2012-02-15,3.12,3.289,2.96,3.15,114400,3.15
2012-02-14,3.30,3.46,3.08,3.08,111400,3.08
2012-02-13,3.38,3.40,3.30,3.38,112600,3.38
2012-02-10,3.36,3.46,3.25,3.384,95500,3.384
2012-02-09,3.00,3.50,2.88,3.38,182600,3.38
2012-02-08,3.05,3.24,2.987,3.02,56100,3.02
2012-02-07,3.22,3.23,3.041,3.11,17800,3.11
2012-02-06,3.29,3.35,3.274,3.29,14500,3.29
2012-02-03,3.20,3.35,3.1301,3.28,9800,3.28
2012-02-02,3.20,3.20,3.13,3.13,300,3.13
2012-02-01,3.14,3.35,3.14,3.30,7400,3.30
2012-01-31,3.22,3.28,3.00,3.13,6600,3.13
2012-01-30,3.26,3.29,3.12,3.27,3500,3.27
2012-01-27,3.34,3.34,3.11,3.26,5500,3.26
2012-01-26,3.25,3.38,3.25,3.30,14500,3.30
2012-01-25,3.339,3.34,3.2905,3.32,3500,3.32
2012-01-24,3.30,3.35,3.2301,3.34,10500,3.34
2012-01-23,3.20,3.25,2.97,3.20,25500,3.20
2012-01-20,3.17,3.24,3.131,3.175,6200,3.175
2012-01-19,3.15,3.18,3.10,3.18,6500,3.18
2012-01-18,3.08,3.10,3.07,3.10,1000,3.10
2012-01-17,2.77,3.21,2.77,3.13,29800,3.13
2012-01-16,2.81,2.81,2.81,2.81,000,2.81
2012-01-13,3.35,3.35,2.66,2.81,19200,2.81
2012-01-12,2.47,3.00,2.46,2.941,8000,2.941
2012-01-11,2.57,2.6599,2.57,2.60,2000,2.60
2012-01-10,2.69,2.69,2.53,2.57,2000,2.57
2012-01-09,2.46,2.78,2.46,2.69,8000,2.69
2012-01-06,2.46,2.50,2.45,2.50,2300,2.50
2012-01-05,2.51,2.51,2.46,2.46,7800,2.46
2012-01-04,2.60,2.625,2.45,2.52,12500,2.52
2012-01-03,2.67,2.7899,2.615,2.615,13200,2.615
2012-01-02,2.65,2.65,2.65,2.65,000,2.65
2011-12-30,2.65,2.675,2.65,2.65,11300,2.65
2011-12-29,2.69,2.69,2.69,2.69,200,2.69
2011-12-28,2.65,2.79,2.65,2.6887,1300,2.6887
2011-12-27,2.72,2.72,2.65,2.6601,4600,2.6601
2011-12-26,2.72,2.72,2.72,2.72,000,2.72
2011-12-23,2.65,2.80,2.65,2.72,1600,2.72
2011-12-22,2.61,2.65,2.60,2.65,1200,2.65
2011-12-21,2.64,2.76,2.64,2.72,800,2.72
2011-12-20,2.80,2.89,2.7502,2.88,1600,2.88
2011-12-19,2.86,2.90,2.75,2.774,3000,2.774
2011-12-16,2.84,2.899,2.83,2.83,500,2.83
2011-12-15,2.89,2.90,2.75,2.84,1500,2.84
2011-12-14,2.80,2.90,2.76,2.90,4300,2.90
2011-12-13,2.75,2.89,2.70,2.87,4900,2.87
2011-12-12,2.65,2.6501,2.65,2.65,3100,2.65
2011-12-09,2.55,2.69,2.50,2.60,5400,2.60
2011-12-08,2.57,2.62,2.55,2.60,3000,2.60
2011-12-07,2.55,2.74,2.55,2.615,2200,2.615
2011-12-06,2.56,2.68,2.56,2.57,15200,2.57
2011-12-05,2.64,2.70,2.5601,2.59,13400,2.59
2011-12-02,2.77,2.86,2.66,2.68,13700,2.68
2011-12-01,2.80,2.91,2.80,2.80,11100,2.80
2011-11-30,2.83,2.9899,2.75,2.80,9500,2.80
2011-11-29,2.90,3.08,2.60,2.88,12400,2.88
2011-11-28,2.87,3.03,2.69,2.80,35400,2.80
2011-11-25,3.01,3.28,2.74,2.89,16500,2.89
2011-11-24,2.95,2.95,2.95,2.95,000,2.95
2011-11-23,2.98,3.1399,2.95,2.95,8000,2.95
2011-11-22,3.16,3.18,2.95,2.95,2700,2.95
2011-11-21,3.16,3.18,3.06,3.12,5300,3.12
2011-11-18,3.21,3.28,3.17,3.26,20200,3.26
2011-11-17,3.29,3.30,3.10,3.10,27800,3.10
2011-11-16,3.11,3.20,3.00,3.06,14600,3.06
2011-11-15,2.99,2.99,2.9799,2.98,1200,2.98
2011-11-14,3.00,3.03,2.9424,3.00,2900,3.00
2011-11-11,2.98,3.16,2.98,3.00,16200,3.00
2011-11-10,3.00,3.00,2.90,2.91,1000,2.91
2011-11-09,3.06,3.24,3.01,3.043,1700,3.043
2011-11-08,2.87,3.15,2.87,3.10,18900,3.10
2011-11-07,2.79,2.87,2.785,2.82,7600,2.82
2011-11-04,2.86,2.86,2.85,2.85,700,2.85
2011-11-03,2.85,2.85,2.83,2.845,3800,2.845
2011-11-02,2.85,2.85,2.70,2.8329,15600,2.8329
2011-11-01,2.84,2.84,2.8022,2.84,8700,2.84
2011-10-31,2.74,2.85,2.74,2.74,1000,2.74
2011-10-28,2.70,2.80,2.56,2.59,6300,2.59
2011-10-27,2.85,2.85,2.59,2.60,8200,2.60
2011-10-26,2.61,2.85,2.61,2.85,700,2.85
2011-10-25,2.73,2.88,2.7008,2.84,1500,2.84
2011-10-24,2.83,2.83,2.70,2.71,1700,2.71
2011-10-21,2.69,2.72,2.57,2.72,5700,2.72
2011-10-20,2.62,2.72,2.60,2.68,5500,2.68
2011-10-19,2.55,2.63,2.55,2.63,5800,2.63
2011-10-18,2.56,2.60,2.5307,2.5307,1300,2.5307
2011-10-17,2.49,2.726,2.43,2.49,2600,2.49
2011-10-14,2.39,2.49,2.26,2.49,1900,2.49
2011-10-13,2.29,2.30,2.12,2.30,7800,2.30
2011-10-12,2.26,2.3005,2.26,2.28,5400,2.28
2011-10-11,2.24,2.3299,2.24,2.274,3800,2.274
2011-10-10,2.28,2.28,2.06,2.24,6500,2.24
2011-10-07,2.23,2.25,2.03,2.25,5800,2.25
2011-10-06,2.20,2.2705,2.19,2.19,2700,2.19
2011-10-05,2.26,2.2999,1.97,2.19,188000,2.19
2011-10-04,2.25,2.35,2.16,2.32,63700,2.32
2011-10-03,2.47,2.47,2.16,2.16,8900,2.16
2011-09-30,2.62,2.76,2.40,2.49,17700,2.49
2011-09-29,2.78,2.78,2.78,2.78,300,2.78
2011-09-28,2.60,2.8199,2.55,2.78,4300,2.78
2011-09-27,2.65,2.90,2.35,2.60,7000,2.60
2011-09-26,2.76,2.95,2.7001,2.84,2100,2.84
2011-09-23,2.63,2.98,2.54,2.93,4600,2.93
2011-09-22,2.75,3.029,2.72,2.75,5200,2.75
2011-09-21,3.00,3.09,2.93,2.93,2700,2.93
2011-09-20,2.99,3.03,2.82,3.02,6500,3.02
2011-09-19,3.10,3.10,3.03,3.03,1700,3.03
2011-09-16,2.78,3.25,2.73,3.14,10500,3.14
2011-09-15,2.85,2.85,2.85,2.85,11600,2.85
2011-09-14,2.86,2.89,2.79,2.85,29900,2.85
2011-09-13,2.39,2.8855,2.39,2.78,12500,2.78
2011-09-12,2.53,2.85,2.30,2.3899,8100,2.3899
2011-09-09,2.68,2.85,2.62,2.62,3600,2.62
2011-09-08,2.64,2.82,2.61,2.77,4700,2.77
2011-09-07,2.78,2.78,2.53,2.63,3600,2.63
2011-09-06,2.80,2.80,2.709,2.73,3500,2.73
2011-09-02,2.81,2.81,2.7672,2.798,600,2.798
2011-09-01,2.68,2.89,2.61,2.867,5100,2.867
2011-08-31,2.67,2.89,2.53,2.74,11200,2.74
2011-08-30,2.74,2.74,2.58,2.74,2900,2.74
2011-08-29,2.68,2.89,2.53,2.786,17100,2.786
2011-08-26,2.77,2.85,2.60,2.645,8400,2.645
2011-08-25,2.72,2.92,2.65,2.77,12100,2.77
2011-08-24,2.27,2.85,2.27,2.62,19100,2.62
2011-08-23,2.33,2.33,2.22,2.22,10800,2.22
2011-08-22,2.53,2.53,2.305,2.32,12600,2.32
2011-08-19,2.45,2.51,2.36,2.51,5000,2.51
2011-08-18,2.71,2.74,2.48,2.48,11300,2.48
2011-08-17,2.67,2.67,2.66,2.67,2700,2.67
2011-08-16,2.69,2.69,2.61,2.61,2000,2.61
2011-08-15,2.66,2.75,2.4822,2.70,12800,2.70
2011-08-12,2.53,2.68,2.4582,2.68,6700,2.68
2011-08-11,2.45,2.55,2.45,2.55,9000,2.55
2011-08-10,2.35,2.665,2.25,2.52,13100,2.52
2011-08-09,2.50,2.57,2.30,2.40,16800,2.40
2011-08-08,2.44,2.70,2.25,2.55,22100,2.55
2011-08-05,2.76,2.88,2.50,2.53,144800,2.53
2011-08-04,2.85,2.90,2.70,2.70,16200,2.70
2011-08-03,3.05,3.05,2.77,2.90,28500,2.90
2011-08-02,3.19,3.19,2.908,3.126,19400,3.126
2011-08-01,3.00,3.20,2.93,3.18,15800,3.18
2011-07-29,2.91,3.135,2.91,3.00,5200,3.00
2011-07-28,2.93,3.04,2.851,2.95,14900,2.95
2011-07-27,2.99,2.99,2.91,2.94,1000,2.94
2011-07-26,2.96,3.00,2.90,2.99,8300,2.99
2011-07-25,3.05,3.05,2.95,2.96,9600,2.96
2011-07-22,2.97,3.11,2.90,3.07,14700,3.07
2011-07-21,3.04,3.07,2.9926,3.05,7800,3.05
2011-07-20,2.95,3.40,2.95,3.05,13200,3.05
2011-07-19,3.00,3.1243,2.83,2.99,24800,2.99
2011-07-18,3.14,3.14,2.99,3.01,3900,3.01
2011-07-15,3.27,3.30,3.14,3.19,4600,3.19
2011-07-14,3.31,3.31,3.299,3.299,2600,3.299
2011-07-13,3.18,3.3152,3.17,3.2785,3100,3.2785
2011-07-12,3.32,3.32,3.19,3.19,2100,3.19
2011-07-11,3.40,3.44,3.18,3.34,8700,3.34
2011-07-08,3.25,3.44,3.25,3.44,8500,3.44
2011-07-07,3.50,3.50,3.296,3.296,5700,3.296
2011-07-06,3.28,3.60,3.28,3.42,18000,3.42
2011-07-05,3.21,3.34,3.21,3.31,7800,3.31
2011-07-01,3.20,3.39,3.18,3.18,11500,3.18
2011-06-30,3.14,3.42,3.0501,3.42,13600,3.42
2011-06-29,2.93,3.18,2.901,3.18,14100,3.18
2011-06-28,2.85,2.979,2.8409,2.95,4800,2.95
2011-06-27,2.96,2.96,2.80,2.85,9000,2.85
2011-06-24,2.84,3.00,2.80,3.00,7400,3.00
2011-06-23,2.92,2.92,2.80,2.81,2400,2.81
2011-06-22,2.80,2.93,2.80,2.93,9400,2.93
2011-06-21,2.90,3.05,2.75,2.83,31100,2.83
2011-06-20,3.07,3.07,2.82,2.91,12900,2.91
2011-06-17,3.11,3.11,3.02,3.08,14500,3.08
2011-06-16,3.03,3.11,3.03,3.11,9100,3.11
2011-06-15,3.01,3.15,2.98,3.0226,27000,3.0226
2011-06-14,3.18,3.25,3.10,3.165,5300,3.165
2011-06-13,3.35,3.35,3.15,3.19,28600,3.19
2011-06-10,3.33,3.44,3.23,3.41,61800,3.41
2011-06-09,3.34,3.40,3.30,3.30,12500,3.30
2011-06-08,3.28,3.36,3.26,3.3101,10900,3.3101
2011-06-07,3.27,3.35,3.2301,3.2709,17000,3.2709
2011-06-06,3.33,3.39,3.16,3.27,21200,3.27
2011-06-03,3.33,3.3799,3.31,3.31,700,3.31
2011-06-02,3.38,3.42,3.30,3.38,10300,3.38
2011-06-01,3.40,3.41,3.35,3.41,64100,3.41
2011-05-31,3.33,3.45,3.33,3.40,17500,3.40
2011-05-27,3.30,3.38,3.33,3.34,3000,3.34
2011-05-26,3.36,3.36,3.25,3.30,500,3.30
2011-05-25,3.12,3.36,3.12,3.22,20300,3.22
2011-05-24,3.13,3.19,3.02,3.16,31100,3.16
2011-05-23,3.22,3.22,3.10,3.17,11300,3.17
2011-05-20,3.24,3.26,3.1209,3.18,12800,3.18
2011-05-19,3.24,3.64,3.24,3.2497,2800,3.2497
2011-05-18,3.28,3.35,3.24,3.24,24500,3.24
2011-05-17,3.30,3.3691,3.25,3.27,18900,3.27
2011-05-16,3.30,3.53,3.30,3.32,15900,3.32
2011-05-13,3.37,3.38,3.30,3.31,33800,3.31
2011-05-12,3.40,3.40,3.33,3.3599,32400,3.3599
2011-05-11,3.44,3.44,3.36,3.39,23400,3.39
2011-05-10,3.45,3.45,3.35,3.442,23400,3.442
2011-05-09,3.42,3.432,3.39,3.40,6800,3.40
2011-05-06,3.40,3.45,3.33,3.40,7900,3.40
2011-05-05,3.42,3.42,3.36,3.36,6300,3.36
2011-05-04,3.37,3.45,3.33,3.38,3600,3.38
2011-05-03,3.53,3.53,3.34,3.34,34700,3.34
2011-05-02,3.52,3.52,3.41,3.47,11500,3.47
2011-04-29,3.41,3.49,3.33,3.40,11400,3.40
2011-04-28,3.30,3.42,3.30,3.42,10300,3.42
2011-04-27,3.26,3.34,3.26,3.30,24400,3.30
2011-04-26,3.50,3.569,3.35,3.50,42300,3.50
2011-04-25,3.56,3.58,3.50,3.58,5000,3.58
2011-04-21,3.49,3.56,3.37,3.56,16200,3.56
2011-04-20,3.50,3.558,3.44,3.44,63800,3.44
2011-04-19,3.60,3.62,3.50,3.59,16200,3.59
2011-04-18,3.27,3.64,3.27,3.64,23800,3.64
2011-04-15,3.51,3.64,3.26,3.36,56600,3.36
2011-04-14,3.62,3.64,3.47,3.47,32700,3.47
2011-04-13,3.59,3.67,3.51,3.56,7900,3.56
2011-04-12,3.51,3.68,3.50,3.53,22100,3.53
2011-04-11,3.61,3.70,3.54,3.58,11800,3.58
2011-04-08,3.69,3.69,3.59,3.59,13200,3.59
2011-04-07,3.59,3.70,3.5105,3.70,16100,3.70
2011-04-06,3.69,3.69,3.52,3.58,16200,3.58
2011-04-05,3.42,3.68,3.40,3.68,7900,3.68
2011-04-04,3.46,3.49,3.41,3.41,9500,3.41
2011-04-01,3.57,3.6466,3.45,3.50,29200,3.50
2011-03-31,3.69,3.69,3.59,3.65,16600,3.65
2011-03-30,3.69,3.69,3.56,3.66,46000,3.66
2011-03-29,3.53,3.70,3.49,3.54,35800,3.54
2011-03-28,3.45,3.58,3.44,3.49,25800,3.49
2011-03-25,3.44,3.49,3.36,3.44,15400,3.44
2011-03-24,3.40,3.48,3.40,3.4399,29200,3.4399
2011-03-23,3.37,3.449,3.33,3.36,23700,3.36
2011-03-22,3.35,3.42,3.28,3.36,36000,3.36
2011-03-21,3.13,3.40,3.06,3.30,27700,3.30
2011-03-18,3.17,3.17,2.95,3.05,17600,3.05
2011-03-17,2.97,3.20,2.97,3.16,10100,3.16
2011-03-16,3.06,3.10,2.97,3.00,9600,3.00
2011-03-15,3.01,3.15,2.87,3.06,36600,3.06
2011-03-14,3.18,3.21,3.14,3.15,15300,3.15
2011-03-11,3.12,3.24,3.12,3.12,34600,3.12
2011-03-10,3.35,3.35,3.15,3.15,54500,3.15
2011-03-09,3.40,3.40,3.39,3.39,21500,3.39
2011-03-08,3.40,3.40,3.37,3.40,45100,3.40
2011-03-07,3.36,3.44,3.35,3.39,203600,3.39
2011-03-04,3.16,3.38,3.10,3.30,34200,3.30
2011-03-03,3.20,3.20,3.15,3.16,8500,3.16
2011-03-02,3.10,3.19,3.06,3.14,8000,3.14
2011-03-01,3.10,3.13,3.08,3.10,39500,3.10
2011-02-28,3.25,3.37,3.05,3.37,121500,3.37
2011-02-25,3.13,3.27,3.0599,3.27,14800,3.27
2011-02-24,3.19,3.19,3.10,3.13,23500,3.13
2011-02-23,3.40,3.40,3.1301,3.1301,7300,3.1301
2011-02-22,3.53,3.55,3.13,3.40,11100,3.40
2011-02-18,3.38,3.52,3.32,3.52,18300,3.52
2011-02-17,3.45,3.46,3.38,3.40,46100,3.40
2011-02-16,3.40,3.40,3.34,3.40,83100,3.40
2011-02-15,3.33,3.39,3.21,3.25,14700,3.25
2011-02-14,3.30,3.31,3.22,3.27,4700,3.27
2011-02-11,3.32,3.3601,3.30,3.33,4000,3.33
2011-02-10,3.35,3.40,3.25,3.366,5900,3.366
2011-02-09,3.17,3.45,3.15,3.45,14400,3.45
2011-02-08,2.98,3.17,2.98,3.17,53500,3.17
2011-02-07,3.24,3.33,3.121,3.22,24400,3.22
2011-02-04,3.23,3.25,3.185,3.20,1400,3.20
2011-02-03,3.26,3.26,3.18,3.18,5300,3.18
2011-02-02,3.18,3.36,3.06,3.14,13700,3.14
2011-02-01,3.07,3.36,3.16,3.21,7100,3.21
2011-01-31,3.15,3.12,3.031,3.06,14500,3.06
2011-01-28,3.15,3.15,3.10,3.10,6300,3.10
2011-01-27,3.14,3.15,3.14,3.15,1400,3.15
2011-01-26,3.15,3.24,3.14,3.14,1900,3.14
2011-01-25,3.10,3.219,3.10,3.1001,7700,3.1001
2011-01-24,3.34,3.34,3.05,3.21,37400,3.21
2011-01-21,3.40,3.40,3.20,3.39,20100,3.39
2011-01-20,3.43,3.44,3.34,3.41,8500,3.41
2011-01-19,3.65,3.65,3.41,3.43,14400,3.43
2011-01-18,3.75,3.90,3.65,3.70,59200,3.70
2011-01-14,3.48,3.69,3.39,3.6892,270100,3.6892
2011-01-13,3.39,3.40,3.35,3.35,21900,3.35
2011-01-12,3.30,3.40,3.30,3.385,28200,3.385
2011-01-11,3.28,3.35,3.27,3.34,15500,3.34
2011-01-10,3.40,3.40,3.29,3.33,1500,3.33
2011-01-07,3.31,3.40,3.255,3.26,62000,3.26
2011-01-06,3.25,3.2688,3.195,3.247,11400,3.247
2011-01-05,3.27,3.27,3.14,3.21,6200,3.21
2011-01-04,3.38,3.39,3.15,3.21,7400,3.21
2011-01-03,3.36,3.39,3.23,3.38,13500,3.38
2010-12-31,3.15,3.40,3.08,3.40,21800,3.40
2010-12-30,3.36,3.36,3.16,3.16,7600,3.16
2010-12-29,3.10,3.40,2.898,3.40,45900,3.40
2010-12-28,3.06,3.10,3.0008,3.09,15100,3.09
2010-12-27,3.10,3.10,3.0999,3.0999,1700,3.0999
2010-12-23,3.15,3.15,3.1358,3.1358,400,3.1358
2010-12-22,3.19,3.20,3.16,3.17,2500,3.17
2010-12-21,3.20,3.33,3.20,3.24,5400,3.24
2010-12-20,3.16,3.20,3.05,3.20,4300,3.20
2010-12-17,3.22,3.30,3.11,3.11,10600,3.11
2010-12-16,3.17,3.30,3.17,3.29,22000,3.29
2010-12-15,3.32,3.3244,3.15,3.21,22800,3.21
2010-12-14,3.28,3.30,3.2001,3.21,3500,3.21
2010-12-13,3.31,3.39,3.29,3.33,15300,3.33
2010-12-10,3.39,3.40,3.281,3.35,28600,3.35
2010-12-09,3.23,3.40,3.1101,3.40,16500,3.40
2010-12-08,3.32,3.40,3.15,3.26,28700,3.26
2010-12-07,3.37,3.4799,3.32,3.36,29500,3.36
2010-12-06,3.05,3.44,3.04,3.40,40200,3.40
2010-12-03,3.00,3.00,2.97,3.00,44000,3.00
2010-12-02,2.96,3.00,2.95,3.00,38100,3.00
2010-12-01,3.02,3.02,2.87,2.98,55800,2.98
2010-11-30,2.86,3.00,2.86,3.00,140700,3.00
2010-11-29,2.82,2.90,2.8101,2.82,21400,2.82
2010-11-26,2.86,2.95,2.86,2.88,17600,2.88
2010-11-24,2.82,2.86,2.82,2.8584,3300,2.8584
2010-11-23,2.94,3.00,2.84,2.87,37700,2.87
2010-11-22,2.50,3.00,2.50,2.94,15600,2.94
2010-11-19,2.58,2.70,2.50,2.54,4800,2.54
2010-11-18,2.74,2.9399,2.51,2.55,78400,2.55
2010-11-17,2.74,2.77,2.74,2.77,1100,2.77
2010-11-16,2.74,2.80,2.74,2.782,3000,2.782
2010-11-15,2.66,2.84,2.66,2.81,6100,2.81
2010-11-12,2.70,2.76,2.69,2.73,7500,2.73
2010-11-11,2.71,2.71,2.65,2.69,7000,2.69
2010-11-10,2.79,2.7901,2.71,2.76,7800,2.76
2010-11-09,2.84,2.89,2.74,2.82,3800,2.82
2010-11-08,2.97,3.00,2.81,2.90,37000,2.90
2010-11-05,2.95,2.99,2.90,2.97,119600,2.97
2010-11-04,2.96,2.96,2.91,2.96,2100,2.96
2010-11-03,2.93,2.93,2.86,2.93,6400,2.93
2010-11-02,2.98,2.98,2.90,2.95,2000,2.95
2010-11-01,2.87,2.91,2.82,2.91,4500,2.91
2010-10-29,2.85,2.98,2.82,2.82,4600,2.82
2010-10-28,2.91,2.9994,2.89,2.89,9300,2.89
2010-10-27,2.85,3.015,2.77,2.85,26500,2.85
2010-10-26,2.60,2.815,2.60,2.81,8800,2.81
2010-10-25,2.75,2.83,2.68,2.68,8500,2.68
2010-10-22,2.86,2.913,2.59,2.75,23900,2.75
2010-10-21,2.93,2.94,2.9195,2.94,1300,2.94
2010-10-20,2.82,2.95,2.66,2.94,9900,2.94
2010-10-19,2.91,2.98,2.80,2.89,24800,2.89
2010-10-18,3.00,3.015,2.8508,2.98,81600,2.98
2010-10-15,2.84,3.00,2.72,2.95,41100,2.95
2010-10-14,2.78,3.00,2.6901,2.96,151500,2.96
2010-10-13,2.36,2.83,2.36,2.82,63800,2.82
2010-10-12,2.46,2.46,2.34,2.36,6400,2.36
2010-10-11,2.47,2.47,2.4301,2.456,3800,2.456
2010-10-08,2.45,2.50,2.3569,2.45,260700,2.45
2010-10-06,2.40,2.48,2.38,2.38,7800,2.38
2010-10-05,2.35,2.40,2.35,2.40,28400,2.40
2010-10-04,2.30,2.39,2.28,2.33,3600,2.33
2010-10-01,2.39,2.40,2.30,2.32,25700,2.32
2010-09-30,2.30,2.40,2.30,2.3799,19600,2.3799
2010-09-29,2.37,2.425,2.35,2.36,39300,2.36
2010-09-28,2.40,2.40,2.334,2.35,20500,2.35
2010-09-27,2.32,2.43,2.30,2.37,64700,2.37
2010-09-24,2.35,2.44,2.27,2.30,20100,2.30
2010-09-23,2.30,2.40,2.24,2.30,17800,2.30
2010-09-22,2.25,2.27,2.22,2.22,17000,2.22
2010-09-21,2.24,2.27,2.17,2.23,11400,2.23
2010-09-20,2.25,2.2801,2.21,2.26,36900,2.26
2010-09-17,2.26,2.39,2.26,2.27,48400,2.27
2010-09-16,2.30,2.34,2.30,2.30,5300,2.30
2010-09-15,2.35,2.38,2.33,2.33,13300,2.33
2010-09-14,2.30,2.40,2.27,2.33,26200,2.33
2010-09-13,2.30,2.3001,2.30,2.30,4800,2.30
2010-09-10,2.28,2.34,2.28,2.30,6100,2.30
2010-09-09,2.32,2.34,2.30,2.30,4400,2.30
2010-09-08,2.35,2.352,2.30,2.30,12400,2.30
2010-09-07,2.39,2.39,2.27,2.30,6800,2.30
2010-09-03,2.40,2.40,2.31,2.33,10200,2.33
2010-09-02,2.24,2.50,2.21,2.3125,23300,2.3125
2010-09-01,2.28,2.35,2.27,2.28,6500,2.28
2010-08-31,2.37,2.40,2.24,2.33,19700,2.33
2010-08-30,2.27,2.40,2.20,2.23,21300,2.23
2010-08-27,2.33,2.40,2.2399,2.24,12300,2.24
2010-08-26,2.28,2.33,2.21,2.26,14700,2.26
2010-08-25,2.34,2.40,2.28,2.29,19900,2.29
2010-08-24,2.39,2.40,2.35,2.36,18600,2.36
2010-08-23,2.35,2.45,2.32,2.38,24200,2.38
2010-08-20,2.37,2.45,2.32,2.35,10800,2.35
2010-08-19,2.44,2.44,2.39,2.39,7600,2.39
2010-08-18,2.43,2.45,2.40,2.41,20900,2.41
2010-08-17,2.35,2.40,2.35,2.38,52800,2.38
2010-08-16,2.40,2.40,2.34,2.35,9300,2.35
2010-08-13,2.37,2.40,2.33,2.33,19000,2.33
2010-08-12,2.33,2.35,2.31,2.31,37300,2.31
2010-08-11,2.31,2.39,2.2801,2.367,17100,2.367
2010-08-10,2.35,2.35,2.32,2.35,77500,2.35
2010-08-09,2.35,2.35,2.30,2.3101,15000,2.3101
2010-08-06,2.35,2.35,2.2601,2.35,19700,2.35
2010-08-05,2.25,2.319,2.2399,2.26,14200,2.26
2010-08-04,2.35,2.36,2.32,2.32,8200,2.32
2010-08-03,2.39,2.39,2.32,2.32,12800,2.32
2010-08-02,2.34,2.39,2.30,2.39,7200,2.39
2010-07-30,2.25,2.33,2.25,2.30,2900,2.30
2010-07-29,2.28,2.28,2.28,2.28,2500,2.28
2010-07-28,2.26,2.38,2.25,2.25,17300,2.25
2010-07-27,2.25,2.32,2.15,2.23,39600,2.23
2010-07-26,2.29,2.3199,2.29,2.29,10300,2.29
2010-07-23,2.27,2.32,2.22,2.32,20000,2.32
2010-07-22,2.30,2.3026,2.29,2.29,11600,2.29
2010-07-21,2.27,2.35,2.27,2.29,2000,2.29
2010-07-20,2.25,2.28,2.21,2.27,18700,2.27
2010-07-19,2.45,2.45,2.25,2.27,19900,2.27
2010-07-16,2.25,2.30,2.25,2.25,28700,2.25
2010-07-15,2.28,2.33,2.25,2.25,23500,2.25
2010-07-14,2.34,2.45,2.25,2.28,29600,2.28
2010-07-13,2.15,2.49,2.15,2.39,65900,2.39
2010-07-12,2.15,2.20,2.08,2.15,75000,2.15
2010-07-09,2.09,2.186,2.0601,2.16,43600,2.16
2010-07-08,2.07,2.17,2.03,2.10,30600,2.10
2010-07-07,2.15,2.18,2.05,2.07,79400,2.07
2010-07-06,2.17,2.23,2.15,2.15,59200,2.15
2010-07-02,2.22,2.22,2.15,2.15,36400,2.15
2010-07-01,2.23,2.30,2.16,2.26,15600,2.26
2010-06-30,2.29,2.32,2.20,2.26,42500,2.26
2010-06-29,2.33,2.36,2.21,2.23,102100,2.23
2010-06-28,2.43,2.52,2.36,2.38,83500,2.38
2010-06-25,2.47,2.74,2.36,2.39,1985600,2.39
2010-06-24,2.56,2.61,2.41,2.45,64000,2.45
2010-06-23,2.46,2.65,2.46,2.58,29700,2.58
2010-06-22,2.46,2.80,2.46,2.46,31300,2.46
2010-06-21,2.57,2.64,2.44,2.44,27400,2.44
2010-06-18,2.60,2.60,2.52,2.54,66400,2.54
2010-06-17,2.67,2.78,2.42,2.59,99500,2.59
2010-06-16,2.51,2.70,2.50,2.65,31000,2.65
2010-06-15,2.48,2.65,2.39,2.55,40900,2.55
2010-06-14,2.28,2.65,2.28,2.46,71400,2.46
2010-06-11,2.28,2.34,2.22,2.31,39800,2.31
2010-06-10,2.35,2.35,2.25,2.30,85200,2.30
2010-06-09,2.33,2.43,2.29,2.31,53400,2.31
2010-06-08,2.50,2.53,2.29,2.30,84200,2.30
2010-06-07,2.52,2.60,2.45,2.46,92400,2.46
2010-06-04,2.65,2.65,2.51,2.51,37600,2.51
2010-06-03,2.71,2.76,2.65,2.68,49200,2.68
2010-06-02,2.72,2.86,2.65,2.72,40400,2.72
2010-06-01,2.74,2.84,2.69,2.69,59800,2.69
2010-05-28,2.73,2.82,2.65,2.75,50700,2.75
2010-05-27,2.73,2.76,2.65,2.75,40000,2.75
2010-05-26,2.74,2.81,2.65,2.67,72600,2.67
2010-05-25,2.85,2.93,2.67,2.73,115500,2.73
2010-05-24,3.02,3.07,2.81,2.84,58400,2.84
2010-05-21,3.00,3.09,3.00,3.01,46500,3.01
2010-05-20,3.02,3.04,3.00,3.00,40000,3.00
2010-05-19,3.10,3.11,3.01,3.01,60500,3.01
2010-05-18,3.25,3.29,3.10,3.10,81900,3.10
2010-05-17,3.34,3.3484,3.20,3.21,41500,3.21
2010-05-14,3.48,3.51,3.25,3.31,21800,3.31
2010-05-13,3.45,3.57,3.30,3.50,39100,3.50
2010-05-12,3.34,3.50,3.23,3.48,266900,3.48
2010-05-11,3.29,3.35,3.24,3.35,91300,3.35
2010-05-10,3.33,3.35,3.29,3.32,92700,3.32
2010-05-07,3.31,3.35,3.25,3.25,32100,3.25
2010-05-06,3.33,3.34,3.31,3.33,60600,3.33
2010-05-05,3.38,3.38,3.31,3.33,90900,3.33
2010-05-04,3.33,3.49,3.30,3.44,96400,3.44
2010-05-03,3.32,3.39,3.25,3.36,28300,3.36
2010-04-30,3.40,3.48,3.28,3.32,33200,3.32
2010-04-29,3.32,3.49,3.22,3.39,28600,3.39
2010-04-28,3.31,3.32,3.29,3.29,7700,3.29
2010-04-27,3.39,3.49,3.34,3.34,18500,3.34
2010-04-26,3.50,3.50,3.40,3.41,43700,3.41
2010-04-23,3.42,3.49,3.30,3.49,12700,3.49
2010-04-22,3.33,3.51,3.29,3.43,55000,3.43
2010-04-21,3.30,3.38,3.26,3.36,16100,3.36
2010-04-20,3.33,3.335,3.29,3.31,12100,3.31
2010-04-19,3.30,3.32,3.30,3.31,13000,3.31
2010-04-16,3.42,3.42,3.30,3.30,28300,3.30
2010-04-15,3.39,3.45,3.29,3.41,14800,3.41
2010-04-14,3.31,3.5001,3.31,3.40,40600,3.40
2010-04-13,3.19,3.31,3.17,3.27,10900,3.27
2010-04-12,3.11,3.2599,3.11,3.16,19200,3.16
2010-04-09,3.17,3.18,3.13,3.16,30300,3.16
2010-04-08,3.22,3.22,3.15,3.16,2700,3.16
2010-04-07,3.16,3.34,3.15,3.24,45400,3.24
2010-04-06,3.07,3.44,3.06,3.20,35800,3.20
2010-04-05,3.17,3.21,3.02,3.09,89800,3.09
2010-04-01,3.19,3.19,3.16,3.17,12700,3.17
2010-03-31,3.16,3.20,3.16,3.19,60600,3.19
2010-03-30,3.22,3.2475,3.15,3.18,22700,3.18
2010-03-29,3.18,3.23,3.14,3.18,31800,3.18
2010-03-26,3.17,3.20,3.17,3.18,2500,3.18
2010-03-25,3.18,3.25,3.13,3.17,24400,3.17
2010-03-24,3.30,3.31,3.16,3.18,21100,3.18
2010-03-23,3.13,3.40,3.10,3.32,29300,3.32
2010-03-22,3.34,3.37,3.23,3.23,8800,3.23
2010-03-19,3.35,3.45,3.27,3.38,56600,3.38
2010-03-18,3.28,3.44,3.28,3.43,5400,3.43
2010-03-17,3.38,3.39,3.28,3.35,11600,3.35
2010-03-16,3.43,3.44,3.35,3.39,16300,3.39
2010-03-15,3.45,3.52,3.43,3.49,7000,3.49
2010-03-12,3.47,3.50,3.35,3.49,14800,3.49
2010-03-11,3.54,3.62,3.40,3.42,22400,3.42
2010-03-10,3.69,3.73,3.63,3.65,27000,3.65
2010-03-09,3.54,3.77,3.5001,3.70,26400,3.70
2010-03-08,3.70,3.76,3.54,3.57,88500,3.57
2010-03-05,3.68,3.78,3.6284,3.70,71500,3.70
2010-03-04,3.66,3.81,3.66,3.68,14100,3.68
2010-03-03,3.71,3.82,3.62,3.64,144500,3.64
2010-03-02,3.75,3.90,3.67,3.70,175500,3.70
2010-03-01,3.60,3.85,3.51,3.75,164800,3.75
2010-02-26,3.65,3.75,3.51,3.60,28700,3.60
2010-02-25,3.64,3.70,3.49,3.64,263900,3.64
2010-02-24,3.40,3.83,3.3999,3.68,233100,3.68
2010-02-23,3.43,3.46,3.35,3.39,22800,3.39
2010-02-22,3.26,3.47,3.25,3.44,17900,3.44
2010-02-19,3.20,3.22,3.14,3.21,28500,3.21
2010-02-18,3.18,3.23,3.18,3.19,4700,3.19
2010-02-17,3.19,3.19,3.13,3.17,12300,3.17
2010-02-16,3.21,3.21,3.16,3.19,14600,3.19
2010-02-12,3.15,3.25,3.15,3.20,15400,3.20
2010-02-11,3.16,3.20,3.15,3.18,9700,3.18
2010-02-10,3.16,3.20,3.15,3.19,12900,3.19
2010-02-09,3.16,3.20,3.15,3.19,12800,3.19
2010-02-08,3.18,3.2001,3.15,3.16,13300,3.16
2010-02-05,3.20,3.22,3.19,3.20,17500,3.20
2010-02-04,3.17,3.22,3.17,3.20,41200,3.20
2010-02-03,3.20,3.23,3.19,3.20,18400,3.20
2010-02-02,3.22,3.28,3.18,3.20,30200,3.20
2010-02-01,3.23,3.29,3.19,3.28,31600,3.28
2010-01-29,3.29,3.29,3.20,3.22,19100,3.22
2010-01-28,3.21,3.29,3.21,3.24,26600,3.24
2010-01-27,3.19,3.30,3.18,3.28,15700,3.28
2010-01-26,3.21,3.28,3.19,3.20,39000,3.20
2010-01-25,3.16,3.30,3.16,3.22,8000,3.22
2010-01-22,3.33,3.33,3.20,3.22,30400,3.22
2010-01-21,3.38,3.38,3.20,3.21,35100,3.21
2010-01-20,3.35,3.43,3.30,3.34,13200,3.34
2010-01-19,3.37,3.48,3.32,3.42,18900,3.42
2010-01-15,3.38,3.44,3.37,3.39,37600,3.39
2010-01-14,3.45,3.46,3.37,3.39,37200,3.39
2010-01-13,3.46,3.53,3.38,3.41,40500,3.41
2010-01-12,3.44,3.44,3.3575,3.41,37100,3.41
2010-01-11,3.48,3.48,3.35,3.39,86200,3.39
2010-01-08,3.31,3.45,3.31,3.42,22600,3.42
2010-01-07,3.35,3.37,3.33,3.34,82700,3.34
2010-01-06,3.35,3.45,3.30,3.33,182100,3.33
2010-01-05,3.24,3.36,3.24,3.29,55500,3.29
2010-01-04,3.30,3.35,3.2501,3.34,20600,3.34
2009-12-31,3.30,3.35,3.20,3.28,34500,3.28
2009-12-30,3.25,3.31,3.14,3.31,21600,3.31
2009-12-29,3.23,3.35,3.23,3.29,46400,3.29
2009-12-28,3.28,3.35,3.24,3.35,41000,3.35
2009-12-24,3.27,3.31,3.21,3.28,45100,3.28
2009-12-23,3.17,3.22,3.16,3.20,13900,3.20
2009-12-22,3.13,3.21,3.12,3.16,34100,3.16
2009-12-21,3.21,3.22,3.10,3.19,19900,3.19
2009-12-18,3.18,3.28,3.13,3.21,75800,3.21
2009-12-17,3.30,3.30,3.14,3.19,39900,3.19
2009-12-16,3.29,3.29,3.11,3.26,20200,3.26
2009-12-15,3.30,3.30,3.12,3.13,31500,3.13
2009-12-14,3.26,3.32,3.26,3.29,16700,3.29
2009-12-11,3.26,3.35,3.23,3.30,34900,3.30
2009-12-10,3.29,3.30,3.21,3.21,13500,3.21
2009-12-09,3.20,3.30,3.18,3.30,22200,3.30
2009-12-08,3.27,3.35,3.22,3.22,33200,3.22
2009-12-07,3.32,3.40,3.25,3.35,152400,3.35
2009-12-04,3.35,3.39,3.27,3.33,64400,3.33
2009-12-03,3.42,3.45,3.25,3.31,65500,3.31
2009-12-02,3.31,3.34,3.26,3.32,106500,3.32
2009-12-01,3.42,3.42,3.30,3.31,26600,3.31
2009-11-30,3.25,3.40,3.25,3.31,109900,3.31
2009-11-27,3.40,3.50,3.20,3.20,18800,3.20
2009-11-25,3.46,3.49,3.30,3.30,33100,3.30
2009-11-24,3.39,3.49,3.33,3.36,9400,3.36
2009-11-23,3.50,3.50,3.41,3.41,28500,3.41
2009-11-20,3.43,3.50,3.37,3.41,18000,3.41
2009-11-19,3.47,3.50,3.45,3.45,35500,3.45
2009-11-18,3.49,3.50,3.45,3.49,8900,3.49
2009-11-17,3.49,3.56,3.47,3.50,10100,3.50
2009-11-16,3.60,3.60,3.45,3.51,52100,3.51
2009-11-13,3.48,3.54,3.45,3.49,23900,3.49
2009-11-12,3.44,3.50,3.38,3.46,27300,3.46
2009-11-11,3.50,3.51,3.40,3.45,61000,3.45
2009-11-10,3.70,3.74,3.57,3.59,4400,3.59
2009-11-09,3.66,3.80,3.66,3.71,25500,3.71
2009-11-06,3.34,3.7499,3.34,3.69,43700,3.69
2009-11-05,3.40,3.52,3.30,3.37,51700,3.37
2009-11-04,3.36,3.44,3.24,3.40,30400,3.40
2009-11-03,3.45,3.52,3.19,3.37,33700,3.37
2009-11-02,3.42,3.72,3.01,3.20,35300,3.20
2009-10-30,3.54,3.79,3.39,3.40,37100,3.40
2009-10-29,3.60,3.76,3.57,3.59,43100,3.59
2009-10-28,3.79,3.82,3.50,3.58,22300,3.58
2009-10-27,3.90,3.94,3.75,3.80,11900,3.80
2009-10-26,3.68,3.93,3.41,3.88,33200,3.88
2009-10-23,4.00,4.01,3.63,3.68,88700,3.68
2009-10-22,3.93,4.00,3.90,3.98,15800,3.98
2009-10-21,4.00,4.00,3.91,3.93,52300,3.93
2009-10-20,3.90,4.00,3.90,4.00,31400,4.00
2009-10-19,3.97,4.00,3.89,3.97,24300,3.97
2009-10-16,3.93,4.00,3.90,3.95,28600,3.95
2009-10-15,3.95,3.96,3.88,3.95,17800,3.95
2009-10-14,3.95,3.98,3.90,3.98,18500,3.98
2009-10-13,3.94,3.98,3.85,3.92,19800,3.92
2009-10-12,3.89,4.00,3.87,3.92,11700,3.92
2009-10-09,3.82,3.90,3.79,3.89,12500,3.89
2009-10-08,3.93,3.96,3.81,3.83,11000,3.83
2009-10-07,3.89,3.98,3.89,3.92,12900,3.92
2009-10-06,3.80,3.88,3.62,3.88,17600,3.88
2009-10-05,3.89,3.89,3.66,3.78,36300,3.78
2009-10-02,3.69,3.79,3.65,3.75,48400,3.75
2009-10-01,3.74,3.82,3.70,3.70,31000,3.70
2009-09-30,3.77,3.79,3.67,3.75,45200,3.75
2009-09-29,3.91,3.93,3.76,3.76,52300,3.76
2009-09-28,4.00,4.00,3.90,3.94,31400,3.94
2009-09-25,3.85,3.99,3.85,3.99,9800,3.99
2009-09-24,3.87,3.97,3.85,3.97,14400,3.97
2009-09-23,3.88,3.9681,3.80,3.90,6000,3.90
2009-09-22,3.96,3.99,3.75,3.90,17100,3.90
2009-09-21,3.93,4.00,3.92,3.96,29600,3.96
2009-09-18,3.95,3.95,3.85,3.95,75600,3.95
2009-09-17,3.87,3.99,3.87,3.96,52600,3.96
2009-09-16,3.95,3.95,3.86,3.86,48600,3.86
2009-09-15,3.97,4.02,3.91,3.91,14100,3.91
2009-09-14,3.86,4.05,3.86,3.99,33500,3.99
2009-09-11,3.86,3.95,3.84,3.86,19700,3.86
2009-09-10,3.92,4.03,3.86,3.90,16600,3.90
2009-09-09,3.88,4.05,3.83,3.92,54500,3.92
2009-09-08,3.75,4.03,3.75,3.98,31500,3.98
2009-09-04,3.70,3.90,3.68,3.73,33500,3.73
2009-09-03,3.62,3.70,3.58,3.69,9600,3.69
2009-09-02,3.60,3.65,3.60,3.60,13800,3.60
2009-09-01,3.60,3.74,3.53,3.59,30400,3.59
2009-08-31,3.83,3.90,3.46,3.61,87700,3.61
2009-08-28,4.05,4.05,3.80,3.84,29800,3.84
2009-08-27,4.1899,4.1899,3.85,4.12,22800,4.12
2009-08-26,4.11,4.11,3.92,4.02,21200,4.02
2009-08-25,4.08,4.20,4.08,4.12,12500,4.12
2009-08-24,4.24,4.24,4.13,4.16,23900,4.16
2009-08-21,4.03,4.27,4.03,4.21,55800,4.21
2009-08-20,4.03,4.12,3.75,4.00,25700,4.00
2009-08-19,3.77,4.05,3.6832,4.02,11800,4.02
2009-08-18,3.75,3.96,3.73,3.92,8200,3.92
2009-08-17,3.90,3.97,3.55,3.75,89500,3.75
2009-08-14,4.03,4.08,3.90,3.92,10700,3.92
2009-08-13,4.01,4.09,4.00,4.02,5400,4.02
2009-08-12,3.90,4.09,3.90,4.00,24900,4.00
2009-08-11,4.13,4.13,3.89,3.90,25300,3.90
2009-08-10,4.11,4.235,4.01,4.15,17400,4.15
2009-08-07,4.09,4.22,4.09,4.17,26500,4.17
2009-08-06,3.98,4.18,3.98,4.07,21200,4.07
2009-08-05,4.36,4.50,4.0599,4.15,19400,4.15
2009-08-04,4.35,4.50,4.33,4.34,30000,4.34
2009-08-03,4.05,4.64,3.98,4.35,111900,4.35
2009-07-31,4.04,4.10,3.93,4.07,23500,4.07
2009-07-30,3.97,4.08,3.88,4.06,51600,4.06
2009-07-29,3.96,3.96,3.88,3.88,14000,3.88
2009-07-28,3.98,4.10,3.90,3.96,44700,3.96
2009-07-27,4.17,4.25,3.95,3.99,30700,3.99
2009-07-24,4.23,4.25,3.91,4.18,21600,4.18
2009-07-23,4.18,4.27,4.15,4.25,63800,4.25
2009-07-22,4.12,4.25,4.12,4.20,19300,4.20
2009-07-21,4.16,4.20,4.04,4.11,32500,4.11
2009-07-20,4.13,4.18,4.09,4.14,31000,4.14
2009-07-17,4.21,4.24,4.10,4.11,38500,4.11
2009-07-16,4.17,4.21,4.04,4.20,52900,4.20
2009-07-15,4.24,4.28,4.20,4.22,107000,4.22
2009-07-14,4.28,4.30,4.17,4.25,21400,4.25
2009-07-13,4.12,4.30,4.01,4.27,28500,4.27
2009-07-10,3.93,4.12,3.93,4.12,25200,4.12
2009-07-09,3.89,4.02,3.89,3.93,30900,3.93
2009-07-08,3.70,4.09,3.65,3.87,98700,3.87
2009-07-07,4.15,4.15,3.68,3.68,57200,3.68
2009-07-06,4.15,4.36,4.04,4.15,113400,4.15
2009-07-02,4.24,4.28,4.11,4.17,41900,4.17
2009-07-01,4.24,4.66,4.21,4.25,204900,4.25
2009-06-30,4.21,4.35,4.05,4.24,91500,4.24
2009-06-29,4.33,4.50,4.15,4.21,165600,4.21
2009-06-26,3.65,4.75,3.55,4.61,1905200,4.61
2009-06-25,3.47,3.69,3.45,3.61,39200,3.61
2009-06-24,3.42,3.52,3.35,3.48,22300,3.48
2009-06-23,3.36,3.44,3.27,3.32,255700,3.32
2009-06-22,3.40,3.4099,3.25,3.30,48300,3.30
2009-06-19,3.45,3.49,3.25,3.36,59400,3.36
2009-06-18,3.30,3.45,3.18,3.45,147100,3.45
2009-06-17,3.39,3.39,3.25,3.30,47100,3.30
2009-06-16,3.28,3.40,3.28,3.32,19900,3.32
2009-06-15,3.32,3.34,3.21,3.24,45600,3.24
2009-06-12,3.67,3.75,3.30,3.39,76000,3.39
2009-06-11,3.50,3.66,3.45,3.66,40900,3.66
2009-06-10,3.52,3.53,3.41,3.53,30300,3.53
2009-06-09,3.36,3.49,3.36,3.47,13700,3.47
2009-06-08,3.31,3.35,3.05,3.35,13600,3.35
2009-06-05,3.34,3.39,3.24,3.28,80300,3.28
2009-06-04,3.17,3.30,3.1201,3.20,210300,3.20
2009-06-03,3.19,3.19,3.05,3.09,109400,3.09
2009-06-02,3.46,3.47,3.228,3.34,34700,3.34
2009-06-01,3.49,3.57,3.15,3.41,34800,3.41
2009-05-29,3.20,3.42,3.05,3.42,62000,3.42
2009-05-28,3.18,3.40,3.18,3.22,10300,3.22
2009-05-27,3.20,3.20,3.05,3.18,11200,3.18
2009-05-26,3.19,3.39,3.01,3.13,32800,3.13
2009-05-22,3.04,3.30,2.97,3.12,32600,3.12
2009-05-21,2.90,3.20,2.76,3.03,315800,3.03
2009-05-20,2.85,2.91,2.80,2.91,102800,2.91
2009-05-19,2.90,2.90,2.75,2.83,5400,2.83
2009-05-18,2.85,3.00,2.62,2.8501,22800,2.8501
2009-05-15,2.93,3.00,2.69,2.75,194400,2.75
2009-05-14,2.75,2.77,2.75,2.76,9800,2.76
2009-05-13,2.8299,2.8299,2.54,2.80,150900,2.80
2009-05-12,2.75,2.80,2.66,2.72,13600,2.72
2009-05-11,2.81,2.8499,2.67,2.6766,26100,2.6766
2009-05-08,2.83,3.00,2.75,2.75,29400,2.75
2009-05-07,2.7001,2.7001,2.70,2.70,1700,2.70
2009-05-06,2.7899,2.86,2.69,2.86,600,2.86
2009-05-05,2.78,2.79,2.60,2.76,8300,2.76
2009-05-04,2.99,3.00,2.51,2.52,37500,2.52
2009-05-01,2.50,3.00,2.50,2.65,35100,2.65
2009-04-30,2.65,2.68,2.616,2.68,3500,2.68
2009-04-29,2.54,2.72,2.15,2.46,58900,2.46
2009-04-28,2.58,2.58,2.52,2.55,32500,2.55
2009-04-27,2.50,2.66,2.50,2.60,1500,2.60
2009-04-24,2.55,2.70,2.50,2.55,13300,2.55
2009-04-23,2.58,2.59,2.58,2.59,1100,2.59
2009-04-22,2.49,2.65,2.2825,2.49,3700,2.49
2009-04-21,2.29,2.47,2.2501,2.27,8000,2.27
2009-04-20,2.51,2.63,2.33,2.36,32300,2.36
2009-04-17,2.47,2.65,2.47,2.56,16500,2.56
2009-04-16,2.50,2.58,2.50,2.50,20000,2.50
2009-04-15,2.45,2.54,2.44,2.46,20300,2.46
2009-04-14,2.37,2.50,2.36,2.40,43400,2.40
2009-04-13,2.16,2.34,2.16,2.26,18400,2.26
2009-04-09,2.26,2.35,2.02,2.11,53800,2.11
2009-04-08,2.28,2.34,2.28,2.34,7700,2.34
2009-04-07,2.268,2.34,2.09,2.34,18500,2.34
2009-04-06,2.2253,2.35,2.21,2.35,11900,2.35
2009-04-03,2.312,2.35,2.312,2.35,1100,2.35
2009-04-02,2.08,2.40,2.07,2.31,42800,2.31
2009-04-01,2.00,2.12,2.00,2.12,42200,2.12
2009-03-31,2.00,2.00,1.9999,2.00,3800,2.00
2009-03-30,1.9999,1.9999,1.96,1.96,3500,1.96
2009-03-27,1.9999,2.00,1.9999,2.00,1300,2.00
2009-03-26,1.9501,2.06,1.9301,1.99,21100,1.99
2009-03-25,1.99,2.00,1.93,1.99,5100,1.99
2009-03-24,2.00,2.10,1.98,1.98,68800,1.98
2009-03-23,1.90,2.05,1.8399,1.95,42200,1.95
2009-03-20,1.76,1.86,1.74,1.86,14100,1.86
2009-03-19,1.85,1.85,1.80,1.81,25200,1.81
2009-03-18,1.74,1.85,1.74,1.84,67400,1.84
2009-03-17,2.45,2.45,1.80,1.90,100200,1.90
2009-03-16,1.78,1.7899,1.73,1.77,201700,1.77
2009-03-13,1.7497,1.81,1.72,1.72,26000,1.72
2009-03-12,1.74,1.75,1.71,1.75,40000,1.75
2009-03-11,1.95,1.95,1.73,1.75,109700,1.75
2009-03-10,1.6464,1.74,1.6464,1.67,718700,1.67
2009-03-09,1.76,1.76,1.53,1.61,15100,1.61
2009-03-05,1.96,1.96,1.72,1.74,8300,1.74
2009-03-04,1.68,1.97,1.68,1.84,86400,1.84
2009-03-03,1.6501,1.68,1.64,1.64,5100,1.64
2009-03-02,1.65,1.68,1.65,1.66,20800,1.66
2009-02-27,1.6113,1.69,1.6113,1.67,13800,1.67
2009-02-26,1.60,1.65,1.60,1.63,9100,1.63
2009-02-25,1.60,1.65,1.60,1.60,12500,1.60
2009-02-24,1.6001,1.64,1.60,1.6001,13600,1.6001
2009-02-23,1.64,1.64,1.60,1.61,5600,1.61
2009-02-20,1.59,1.62,1.58,1.60,3600,1.60
2009-02-19,1.64,1.64,1.60,1.60,39300,1.60
2009-02-18,1.60,1.62,1.60,1.60,7600,1.60
2009-02-17,1.6001,1.64,1.60,1.61,3200,1.61
2009-02-13,1.61,1.64,1.60,1.60,36700,1.60
2009-02-12,1.60,1.65,1.578,1.65,15200,1.65
2009-02-11,1.67,1.67,1.60,1.60,14900,1.60
2009-02-10,1.64,1.70,1.62,1.62,8400,1.62
2009-02-09,1.6625,1.70,1.662,1.70,9400,1.70
2009-02-06,1.67,1.73,1.67,1.70,44400,1.70
2009-02-05,1.63,1.67,1.63,1.67,700,1.67
2009-02-04,1.61,1.63,1.59,1.60,1069800,1.60
2009-02-03,1.60,1.67,1.60,1.67,800,1.67
2009-02-02,1.61,1.68,1.60,1.61,22100,1.61
2009-01-30,1.63,1.65,1.60,1.64,21400,1.64
2009-01-29,1.60,1.65,1.60,1.63,98200,1.63
2009-01-28,1.61,1.64,1.60,1.61,2700,1.61
2009-01-27,1.60,1.65,1.60,1.60,12600,1.60
2009-01-26,1.69,1.69,1.60,1.65,88000,1.65
2009-01-23,1.66,1.66,1.60,1.61,220200,1.61
2009-01-22,1.66,1.66,1.60,1.63,73200,1.63
2009-01-21,1.69,1.69,1.60,1.64,3100,1.64
2009-01-20,1.63,1.69,1.61,1.64,1500,1.64
2009-01-16,1.62,1.62,1.60,1.60,2800,1.60
2009-01-15,1.63,1.66,1.60,1.60,522400,1.60
2009-01-14,1.63,1.64,1.56,1.61,180200,1.61
2009-01-13,1.77,1.77,1.56,1.65,276100,1.65
2009-01-12,1.75,1.84,1.69,1.69,52700,1.69
2009-01-09,1.69,1.72,1.62,1.70,44700,1.70
2009-01-08,1.67,1.71,1.5809,1.61,39800,1.61
2009-01-07,1.73,1.77,1.60,1.60,50100,1.60
2009-01-06,1.73,1.74,1.6988,1.73,53200,1.73
2009-01-05,1.69,1.71,1.65,1.70,19100,1.70
2009-01-02,1.58,1.70,1.53,1.62,96000,1.62
2008-12-31,1.55,1.66,1.52,1.65,37400,1.65
2008-12-30,1.60,1.608,1.56,1.56,10800,1.56
2008-12-29,1.61,1.62,1.58,1.58,7100,1.58
2008-12-26,1.60,1.6699,1.60,1.6201,900,1.6201
2008-12-24,1.62,1.6599,1.60,1.60,11900,1.60
2008-12-23,1.61,1.73,1.60,1.63,16100,1.63
2008-12-22,1.5388,1.64,1.5388,1.62,7000,1.62
2008-12-19,1.69,1.77,1.63,1.63,30700,1.63
2008-12-18,1.657,1.66,1.56,1.64,14900,1.64
2008-12-17,1.60,1.72,1.56,1.70,18100,1.70
2008-12-16,1.69,1.71,1.51,1.59,194100,1.59
2008-12-15,1.80,1.80,1.57,1.57,24900,1.57
2008-12-12,1.84,1.84,1.56,1.56,68100,1.56
2008-12-11,1.72,1.74,1.61,1.61,115900,1.61
2008-12-10,1.70,1.70,1.661,1.68,39600,1.68
2008-12-09,1.73,1.86,1.60,1.68,69200,1.68
2008-12-08,1.80,1.80,1.69,1.73,25200,1.73
2008-12-05,2.07,2.07,1.76,1.80,32700,1.80
2008-12-04,1.99,2.00,1.73,1.83,16400,1.83
2008-12-03,1.79,2.02,1.56,2.02,8100,2.02
2008-12-02,2.04,2.04,1.55,1.69,561000,1.69
2008-12-01,1.92,1.92,1.70,1.70,1400,1.70
2008-11-28,1.69,1.90,1.69,1.90,15800,1.90
2008-11-26,1.65,1.65,1.48,1.61,2300,1.61
2008-11-25,1.71,1.71,1.39,1.62,655600,1.62
2008-11-24,1.60,1.65,1.55,1.65,32400,1.65
2008-11-21,1.50,1.62,1.28,1.50,29800,1.50
2008-11-20,1.68,1.76,1.52,1.60,15300,1.60
2008-11-19,1.77,1.77,1.71,1.71,600,1.71
2008-11-18,1.77,1.77,1.68,1.75,17400,1.75
2008-11-17,1.83,1.83,1.80,1.80,200,1.80
2008-11-14,2.06,2.06,1.71,1.83,42800,1.83
2008-11-13,1.81,1.81,1.70,1.81,13000,1.81
2008-11-12,1.93,1.93,1.73,1.81,11500,1.81
2008-11-11,1.91,1.91,1.75,1.80,7300,1.80
2008-11-10,2.11,2.11,1.86,1.86,7800,1.86
2008-11-07,1.90,2.03,1.81,1.94,2200,1.94
2008-11-06,1.92,1.93,1.90,1.90,3400,1.90
2008-11-05,1.97,2.03,1.90,1.90,49400,1.90
2008-11-04,1.99,2.01,1.99,2.01,900,2.01
2008-11-03,2.10,2.18,2.00,2.05,21100,2.05
2008-10-31,1.985,2.19,1.97,2.19,6900,2.19
2008-10-30,1.87,2.16,1.87,2.08,24000,2.08
2008-10-29,1.85,1.99,1.85,1.92,6000,1.92
2008-10-28,1.85,1.88,1.80,1.85,41000,1.85
2008-10-27,1.85,1.90,1.80,1.90,6500,1.90
2008-10-24,1.70,1.87,1.70,1.87,3700,1.87
2008-10-23,1.85,1.90,1.80,1.82,51000,1.82
2008-10-22,1.90,1.90,1.75,1.85,45800,1.85
2008-10-21,1.81,1.9501,1.80,1.85,31200,1.85
2008-10-20,1.80,1.99,1.78,1.85,28800,1.85
2008-10-17,1.75,1.86,1.70,1.86,63000,1.86
2008-10-16,1.78,1.81,1.72,1.73,112300,1.73
2008-10-15,1.91,1.91,1.79,1.80,101200,1.80
2008-10-14,1.78,1.99,1.75,1.90,89600,1.90
2008-10-13,1.76,1.90,1.73,1.73,68200,1.73
2008-10-10,2.01,2.01,1.85,2.01,37400,2.01
2008-10-09,2.0501,2.18,1.90,1.90,34800,1.90
2008-10-08,2.19,2.19,1.97,2.05,48400,2.05
2008-10-07,2.03,2.15,2.03,2.12,72900,2.12
2008-10-06,2.11,2.18,1.82,2.09,29100,2.09
2008-10-03,2.03,2.18,2.03,2.11,56500,2.11
2008-10-02,2.16,2.19,1.87,1.87,230100,1.87
2008-10-01,2.10,2.18,2.10,2.10,1600,2.10
2008-09-30,2.15,2.19,2.10,2.19,14300,2.19
2008-09-29,2.20,2.25,2.02,2.07,227300,2.07
2008-09-26,2.1335,2.24,2.00,2.19,54100,2.19
2008-09-25,2.1977,2.30,2.18,2.215,8400,2.215
2008-09-24,2.20,2.25,2.18,2.20,105100,2.20
2008-09-23,2.18,2.20,2.154,2.20,12500,2.20
2008-09-22,2.11,2.25,2.11,2.12,44200,2.12
2008-09-19,2.24,2.29,2.15,2.19,45000,2.19
2008-09-18,2.12,2.20,2.00,2.11,39200,2.11
2008-09-17,2.10,2.19,2.07,2.15,8300,2.15
2008-09-16,2.02,2.30,2.02,2.13,6000,2.13
2008-09-15,2.18,2.25,2.09,2.11,33600,2.11
2008-09-12,2.22,2.30,2.19,2.19,73900,2.19
2008-09-11,2.18,2.31,2.18,2.28,24400,2.28
2008-09-10,2.19,2.259,2.18,2.18,31700,2.18
2008-09-09,2.34,2.38,2.20,2.20,18500,2.20
2008-09-08,2.42,2.44,2.342,2.44,52800,2.44
2008-09-05,2.35,2.42,2.24,2.42,44000,2.42
2008-09-04,2.42,2.42,2.24,2.24,85300,2.24
2008-09-03,2.35,2.42,2.26,2.42,104200,2.42
2008-09-02,2.20,2.35,2.20,2.34,47800,2.34
2008-08-29,2.24,2.27,2.18,2.20,57800,2.20
2008-08-28,2.21,2.28,2.16,2.21,55300,2.21
2008-08-27,2.25,2.25,2.20,2.24,80200,2.24
2008-08-26,2.20,2.27,2.14,2.19,137300,2.19
2008-08-25,2.24,2.24,2.15,2.20,34600,2.20
2008-08-22,2.39,2.40,2.20,2.20,49800,2.20
2008-08-21,2.31,2.35,2.25,2.30,42600,2.30
2008-08-20,2.36,2.42,2.34,2.42,55900,2.42
2008-08-19,2.37,2.37,2.30,2.37,41600,2.37
2008-08-18,2.45,2.45,2.40,2.40,13500,2.40
2008-08-15,2.70,2.71,2.37,2.42,35300,2.42
2008-08-14,2.46,2.46,2.388,2.388,79600,2.388
2008-08-13,2.45,2.46,2.20,2.42,64800,2.42
2008-08-12,2.50,2.5699,2.45,2.4599,68100,2.4599
2008-08-11,2.48,2.638,2.44,2.48,152200,2.48
2008-08-08,2.575,2.62,2.36,2.43,95500,2.43
2008-08-07,2.70,2.71,2.48,2.53,52200,2.53
2008-08-06,2.65,2.68,2.50,2.50,118100,2.50
2008-08-05,2.80,2.819,2.65,2.675,21600,2.675
2008-08-04,3.05,3.08,2.58,2.71,32600,2.71
2008-08-01,3.08,3.08,2.97,2.99,2000,2.99
2008-07-31,3.0001,3.05,2.59,3.05,67700,3.05
2008-07-30,3.001,3.08,2.95,2.95,5400,2.95
2008-07-29,2.95,2.95,2.71,2.87,34700,2.87
2008-07-28,3.22,3.31,2.95,2.95,9600,2.95
2008-07-25,3.02,3.12,3.00,3.118,6100,3.118
2008-07-24,3.00,3.20,3.00,3.04,900,3.04
2008-07-23,2.9679,3.10,2.9679,3.08,142200,3.08
2008-07-22,2.89,3.00,2.80,2.985,10400,2.985
2008-07-21,3.00,3.00,2.81,2.83,61300,2.83
2008-07-18,3.15,3.18,2.83,2.96,60800,2.96
2008-07-17,3.10,3.27,2.67,3.09,25100,3.09
2008-07-16,3.12,3.16,2.85,3.12,17500,3.12
2008-07-15,2.83,3.39,2.31,3.15,92800,3.15
2008-07-14,3.02,3.07,2.92,3.01,10000,3.01
2008-07-11,3.036,3.08,2.92,3.07,13000,3.07
2008-07-10,2.98,3.065,2.90,3.06,337100,3.06
2008-07-09,2.99,2.99,2.92,2.92,6200,2.92
2008-07-08,3.00,3.00,2.978,3.00,39400,3.00
2008-07-07,2.9499,3.00,2.80,3.00,57700,3.00
2008-07-03,2.91,3.00,2.90,2.91,6600,2.91
2008-07-02,2.85,2.96,2.80,2.87,42200,2.87
2008-07-01,2.97,2.97,2.84,2.85,15300,2.85
2008-06-30,3.00,3.05,2.74,2.97,58000,2.97
2008-06-27,3.05,3.16,2.95,2.96,38400,2.96
2008-06-26,3.07,3.48,3.07,3.09,285100,3.09
2008-06-25,3.21,3.42,3.10,3.15,122800,3.15
2008-06-24,3.42,3.48,3.23,3.31,96700,3.31
2008-06-23,3.38,3.63,3.20,3.42,108700,3.42
2008-06-20,3.67,3.73,3.39,3.41,15400,3.41
2008-06-19,3.51,3.68,3.50,3.53,20100,3.53
2008-06-18,3.90,3.90,3.40,3.51,20000,3.51
2008-06-17,3.71,3.77,3.588,3.754,27800,3.754
2008-06-16,3.79,3.79,3.6349,3.75,327700,3.75
2008-06-13,3.51,4.22,3.51,3.79,65300,3.79
2008-06-12,3.74,3.74,3.33,3.55,59000,3.55
2008-06-11,4.59,4.59,3.20,3.62,450600,3.62
2008-06-10,4.64,4.65,3.75,4.37,297800,4.37
2008-06-09,5.06,5.06,4.50,4.58,26100,4.58
2008-06-06,5.25,5.40,4.93,5.11,25700,5.11
2008-06-05,5.52,5.59,5.20,5.59,22000,5.59
2008-06-04,5.15,5.47,5.01,5.47,19300,5.47
2008-06-03,5.40,5.40,5.06,5.08,19100,5.08
2008-06-02,5.07,5.48,5.05,5.36,4700,5.36
2008-05-30,5.20,5.48,5.01,5.01,58200,5.01
2008-05-29,5.40,5.44,5.20,5.44,15000,5.44
2008-05-28,5.42,5.42,5.16,5.42,7100,5.42
2008-05-27,5.34,5.40,5.34,5.40,8900,5.40
2008-05-23,5.48,5.48,5.15,5.26,21500,5.26
2008-05-22,5.65,5.70,5.40,5.66,24000,5.66
2008-05-21,6.05,6.20,5.66,5.67,12900,5.67
2008-05-20,6.00,6.00,5.91,6.00,23300,6.00
2008-05-19,6.30,6.32,6.02,6.06,17800,6.06
2008-05-16,6.36,6.46,6.20,6.37,4000,6.37
2008-05-15,6.55,7.04,6.36,6.37,6100,6.37
2008-05-14,6.36,6.63,6.36,6.63,4800,6.63
2008-05-13,6.621,6.80,6.50,6.67,2400,6.67
2008-05-12,6.70,6.90,6.50,6.50,18400,6.50
2008-05-09,6.90,7.38,6.65,7.38,19700,7.38
2008-05-08,7.20,7.29,7.20,7.20,4200,7.20
2008-05-07,7.07,7.10,6.85,7.10,16200,7.10
2008-05-06,7.54,7.54,6.78,7.00,12500,7.00
2008-05-05,7.60,7.80,7.51,7.80,4600,7.80
2008-05-02,7.51,8.05,7.51,7.77,15100,7.77
2008-05-01,7.84,8.05,7.51,7.55,33200,7.55
2008-04-30,7.50,8.24,7.50,7.93,23300,7.93
2008-04-29,7.79,8.02,7.66,7.92,11200,7.92
2008-04-28,8.07,8.12,7.71,7.97,10400,7.97
2008-04-25,7.50,8.20,7.50,8.20,19700,8.20
2008-04-24,7.26,7.87,7.26,7.48,6700,7.48
2008-04-23,7.76,7.80,7.37,7.41,7400,7.41
2008-04-22,7.73,7.90,6.71,7.76,20800,7.76
2008-04-21,7.69,7.90,7.10,7.804,17400,7.804
2008-04-18,6.90,7.48,6.65,7.48,18300,7.48
2008-04-17,6.36,6.95,6.36,6.95,33200,6.95
2008-04-16,5.95,6.29,5.82,6.29,7700,6.29
2008-04-15,5.938,6.04,5.938,6.04,1700,6.04
2008-04-14,6.00,6.06,5.79,5.98,17900,5.98
2008-04-11,5.92,6.24,5.92,6.18,1500,6.18
2008-04-10,6.00,6.24,6.00,6.22,2500,6.22
2008-04-09,6.00,6.25,6.00,6.10,24400,6.10
2008-04-08,5.90,6.09,5.84,6.09,14900,6.09
2008-04-07,6.12,6.15,5.78,5.85,21000,5.85
2008-04-04,6.05,6.23,5.91,6.10,16100,6.10
2008-04-03,6.22,6.38,5.90,6.05,9400,6.05
2008-04-02,6.03,6.45,6.03,6.21,42000,6.21
2008-04-01,5.80,6.22,5.73,6.12,7100,6.12
2008-03-31,5.81,6.25,5.58,6.01,12700,6.01
2008-03-28,5.93,6.15,5.58,5.82,48600,5.82
2008-03-27,6.30,6.35,5.55,6.02,200800,6.02
2008-03-26,6.23,6.35,6.23,6.30,58000,6.30
2008-03-25,6.39,6.40,6.13,6.40,10100,6.40
2008-03-24,6.40,6.40,6.02,6.40,8100,6.40
2008-03-20,5.85,6.50,5.85,6.4275,19900,6.4275
2008-03-19,6.56,6.56,6.17,6.40,50300,6.40
2008-03-18,6.21,6.65,5.87,6.51,70900,6.51
2008-03-17,6.26,6.46,6.17,6.30,73300,6.30
2008-03-14,6.28,6.50,6.28,6.45,8600,6.45
2008-03-13,6.40,6.55,6.40,6.40,38000,6.40
2008-03-12,6.29,6.70,6.02,6.70,12500,6.70
2008-03-11,6.52,6.60,6.38,6.40,3300,6.40
2008-03-10,6.56,6.65,6.31,6.31,6400,6.31
2008-03-07,6.70,6.75,6.55,6.75,8400,6.75
2008-03-06,6.83,6.96,6.35,6.76,5800,6.76
2008-03-05,6.87,7.20,6.85,6.86,6800,6.86
2008-03-04,6.94,7.83,6.90,6.93,5200,6.93
2008-03-03,7.39,7.39,6.87,6.87,11000,6.87
2008-02-29,7.50,7.692,7.39,7.692,54400,7.692
2008-02-28,6.32,7.53,6.30,7.34,12900,7.34
2008-02-27,6.50,6.80,6.38,6.40,19200,6.40
2008-02-26,6.49,6.50,6.30,6.50,1200,6.50
2008-02-25,6.44,6.80,6.44,6.80,5000,6.80
2008-02-22,6.30,6.51,6.30,6.36,1100,6.36
2008-02-21,6.50,6.80,6.50,6.56,3100,6.56
2008-02-20,6.46,6.71,6.35,6.49,12600,6.49
2008-02-19,6.45,6.51,6.32,6.46,8600,6.46
2008-02-15,6.25,6.43,6.13,6.37,13200,6.37
2008-02-14,5.86,6.24,5.86,6.14,8900,6.14
2008-02-13,5.30,5.91,5.30,5.91,10300,5.91
2008-02-12,5.50,5.50,4.86,5.26,31500,5.26
2008-02-11,5.60,5.97,5.30,5.34,30500,5.34
2008-02-08,5.65,5.88,5.55,5.56,10600,5.56
2008-02-07,5.85,6.24,5.62,5.70,34100,5.70
2008-02-06,6.18,6.28,5.75,6.00,64400,6.00
2008-02-05,6.04,6.66,6.04,6.28,28900,6.28
2008-02-04,6.74,6.76,6.08,6.28,32500,6.28
2008-02-01,6.83,6.95,6.54,6.74,9100,6.74
2008-01-31,6.72,7.09,6.34,6.90,6900,6.90
2008-01-30,6.88,7.19,6.88,6.90,70500,6.90
2008-01-29,6.99,7.94,6.90,6.90,10400,6.90
2008-01-28,7.76,7.88,6.82,6.95,22200,6.95
2008-01-25,8.00,8.06,6.50,7.74,27300,7.74
2008-01-24,7.94,8.47,7.75,7.75,34300,7.75
2008-01-23,7.94,8.44,7.94,8.44,59500,8.44
2008-01-22,6.64,8.08,6.64,8.08,92600,8.08
2008-01-18,7.01,7.095,6.93,6.96,158600,6.96
2008-01-17,7.14,7.32,6.92,7.08,189900,7.08
2008-01-16,7.16,7.36,6.79,7.10,1182000,7.10
2008-01-15,8.35,8.478,7.36,8.478,797200,8.478
2008-01-14,9.83,9.83,8.05,8.41,718200,8.41
2008-01-11,9.68,10.02,9.455,10.02,203600,10.02
2008-01-10,9.44,9.95,9.32,9.85,115800,9.85
2008-01-09,9.41,10.00,9.30,9.42,171300,9.42
2008-01-08,10.00,10.29,10.00,10.00,68300,10.00
2008-01-07,10.09,10.12,9.76,10.05,52800,10.05
2008-01-04,10.40,10.40,10.10,10.20,13500,10.20
2008-01-03,10.11,10.155,10.00,10.085,74000,10.085
2008-01-02,10.363,10.363,10.05,10.05,11100,10.05
2007-12-31,10.02,10.48,10.02,10.13,94000,10.13
2007-12-28,10.06,10.542,10.03,10.20,14900,10.20
2007-12-27,10.15,10.20,10.02,10.06,39000,10.06
2007-12-26,10.25,10.30,10.14,10.26,33800,10.26
2007-12-24,10.64,10.64,10.15,10.25,13500,10.25
2007-12-21,10.00,10.52,10.00,10.52,91500,10.52
2007-12-20,10.272,10.62,10.04,10.04,55700,10.04
2007-12-19,10.20,10.67,10.00,10.25,82500,10.25
2007-12-18,10.38,10.59,9.50,10.26,441600,10.26
2007-12-17,10.72,10.72,10.16,10.63,200700,10.63
2007-12-14,10.00,11.00,10.00,10.25,2593300,10.25
