Date,Open,High,Low,Close,Volume,Adj Close
2013-10-01,9.22,9.22,9.22,9.22,000,9.22
2013-09-30,9.20,9.27,9.20,9.22,1400,9.22
2013-09-27,9.26,9.26,9.26,9.26,000,9.26
2013-09-26,9.17,9.29,9.16,9.16,9700,9.16
2013-09-25,9.17,9.19,9.17,9.19,200,9.19
2013-09-24,9.18,9.18,9.18,9.18,100,9.18
2013-09-23,9.18,9.19,9.17,9.17,5900,9.17
2013-09-20,9.15,9.15,9.15,9.15,2600,9.15
2013-09-19,9.15,9.15,9.15,9.15,1700,9.15
2013-09-18,9.15,9.15,9.15,9.15,1500,9.15
2013-09-17,9.15,9.15,9.15,9.15,8900,9.15
2013-09-16,9.15,9.20,9.15,9.15,6700,9.15
2013-09-13,9.20,9.20,9.15,9.15,300,9.15
2013-09-12,9.16,9.20,9.15,9.20,2200,9.20
2013-09-11,9.34,9.34,9.15,9.15,8100,9.15
2013-09-10,9.10,9.25,9.10,9.12,83800,9.12
2013-09-09,8.30,8.40,8.30,8.40,4100,8.40
2013-09-06,8.30,8.30,8.30,8.30,300,8.30
2013-09-05,8.30,8.30,8.30,8.30,1900,8.30
2013-09-04,8.31,8.355,8.13,8.1301,1000,8.1301
2013-09-03,8.29,8.3001,8.29,8.3001,4800,8.3001
2013-09-02,8.2401,8.2401,8.2401,8.2401,000,8.2401
2013-08-30,8.24,8.26,8.24,8.2401,1300,8.2401
2013-08-29,8.2301,8.24,8.2301,8.24,500,8.24
2013-08-28,8.2876,8.2876,8.2876,8.2876,200,8.2876
2013-08-27,8.2801,8.2801,8.2801,8.2801,000,8.2801
2013-08-26,8.2801,8.2801,8.2801,8.2801,000,8.2801
2013-08-23,8.2801,8.2801,8.2801,8.2801,000,8.2801
2013-08-22,8.2801,8.2801,8.2801,8.2801,000,8.2801
2013-08-21,8.2801,8.2801,8.2801,8.2801,100,8.2801
2013-08-20,8.34,8.34,8.2901,8.2901,900,8.2901
2013-08-19,8.33,8.34,8.28,8.28,15600,8.28
2013-08-16,8.33,8.33,8.33,8.33,300,8.33
2013-08-15,8.37,8.37,8.37,8.37,200,8.37
2013-08-14,8.27,8.32,8.27,8.2938,600,8.2938
2013-08-13,8.34,8.34,8.34,8.34,000,8.34
2013-08-12,8.34,8.34,8.34,8.34,000,8.34
2013-08-09,8.34,8.34,8.34,8.34,000,8.34
2013-08-08,8.31,8.38,8.26,8.38,900,8.38
2013-08-07,8.32,8.32,8.32,8.32,000,8.32
2013-08-06,8.32,8.32,8.32,8.32,000,8.32
2013-08-05,8.32,8.32,8.32,8.32,100,8.32
2013-08-02,8.3307,8.3307,8.3307,8.3307,100,8.3307
2013-08-01,8.31,8.35,8.31,8.31,800,8.31
2013-07-31,8.30,8.30,8.30,8.30,1000,8.30
2013-07-30,7.66,8.36,7.50,8.31,31100,8.31
2013-07-29,8.34,8.34,8.32,8.32,700,8.32
2013-07-26,8.38,8.39,8.38,8.39,1000,8.39
2013-07-25,8.35,8.35,8.35,8.35,000,8.35
2013-07-24,8.36,8.36,8.35,8.35,300,8.35
2013-07-23,8.39,8.39,8.39,8.39,000,8.39
2013-07-22,8.35,8.39,8.35,8.39,900,8.39
2013-07-19,8.33,8.35,8.32,8.35,1500,8.35
2013-07-18,8.3464,8.3464,8.3464,8.3464,000,8.3464
2013-07-17,8.33,8.3464,8.33,8.3464,400,8.3464
2013-07-16,8.32,8.3435,8.3161,8.32,1700,8.32
2013-07-15,8.39,8.40,8.31,8.31,3700,8.31
2013-07-12,8.39,8.40,8.35,8.35,300,8.35
2013-07-11,8.32,8.32,8.32,8.32,000,8.32
2013-07-10,8.32,8.32,8.32,8.32,000,8.32
2013-07-09,8.31,8.31,8.30,8.31,1000,8.31
2013-07-08,8.32,8.32,8.32,8.32,000,8.32
2013-07-05,8.28,8.28,8.28,8.28,000,8.28
2013-07-04,8.2501,8.2501,8.2501,8.2501,000,8.2501
2013-07-03,8.2501,8.2501,8.2501,8.2501,000,8.2501
2013-07-02,8.2501,8.2501,8.2501,8.2501,100,8.2501
2013-07-01,8.30,8.37,8.30,8.37,800,8.37
2013-06-28,8.28,8.30,8.28,8.2999,1600,8.2999
2013-06-27,8.26,8.26,8.25,8.25,7000,8.25
2013-06-26,8.26,8.27,8.25,8.27,1500,8.27
2013-06-25,8.25,8.25,8.25,8.25,000,8.25
2013-06-24,8.25,8.2779,8.25,8.25,4200,8.25
2013-06-21,8.30,8.30,8.30,8.30,300,8.30
2013-06-20,8.30,8.30,8.30,8.30,000,8.30
2013-06-19,8.30,8.3999,8.25,8.30,35900,8.30
2013-06-18,8.40,8.40,8.40,8.40,100,8.40
2013-06-17,8.53,8.53,8.30,8.31,400,8.31
2013-06-14,8.46,8.46,8.46,8.46,100,8.46
2013-06-13,8.505,8.505,8.505,8.505,000,8.505
2013-06-12,8.30,8.53,8.30,8.505,2700,8.505
2013-06-11,8.34,8.41,8.30,8.30,2000,8.30
2013-06-10,8.32,8.32,8.30,8.32,3000,8.32
2013-06-07,8.37,8.58,8.31,8.31,2200,8.31
2013-06-06,8.37,8.37,8.31,8.31,2300,8.31
2013-06-05,8.37,8.37,8.32,8.32,700,8.32
2013-06-04,8.47,8.47,8.3301,8.3301,600,8.3301
2013-06-03,8.311,8.311,8.311,8.311,100,8.311
2013-05-31,8.3201,8.3272,8.3201,8.3272,200,8.3272
2013-05-30,8.39,8.39,8.311,8.38,1200,8.38
2013-05-29,8.39,8.39,8.38,8.38,900,8.38
2013-05-28,8.39,8.39,8.30,8.38,1000,8.38
2013-05-27,8.37,8.37,8.37,8.37,000,8.37
2013-05-24,8.37,8.37,8.311,8.37,700,8.37
2013-05-23,8.35,8.39,8.30,8.39,7200,8.39
2013-05-22,8.39,8.605,8.39,8.39,1400,8.39
2013-05-21,8.37,8.45,8.36,8.44,4000,8.44
2013-05-20,8.34,8.35,8.34,8.35,400,8.35
2013-05-17,8.30,8.30,8.30,8.30,000,8.30
2013-05-16,8.30,8.37,8.30,8.30,4800,8.30
2013-05-15,8.51,8.53,8.30,8.30,3100,8.30
2013-05-14,8.54,8.64,8.32,8.54,1400,8.54
2013-05-13,8.35,8.35,8.32,8.32,1900,8.32
2013-05-10,8.33,8.36,8.33,8.36,1300,8.36
2013-05-09,8.34,8.34,8.34,8.34,000,8.34
2013-05-08,8.39,8.39,8.34,8.34,6900,8.34
2013-05-07,8.35,8.35,8.35,8.35,600,8.35
2013-05-06,8.36,8.37,8.27,8.35,6000,8.35
2013-05-03,8.37,8.37,8.34,8.35,1800,8.35
2013-05-02,8.30,8.30,8.30,8.30,000,8.30
2013-05-01,8.27,8.37,8.27,8.29,64000,8.29
2013-04-30,8.34,8.35,8.35,8.35,600,8.35
2013-04-29,8.34,8.35,8.32,8.32,1300,8.32
2013-04-26,8.30,8.345,8.29,8.296,4100,8.296
2013-04-25,8.34,8.35,8.27,8.35,400,8.35
2013-04-24,8.36,8.36,8.294,8.294,500,8.294
2013-04-23,8.35,8.35,8.26,8.33,23600,8.33
2013-04-22,8.26,8.34,8.26,8.28,1400,8.28
2013-04-19,8.35,8.37,8.30,8.30,5200,8.30
2013-04-18,8.34,8.37,8.27,8.286,32000,8.286
2013-04-17,8.30,8.30,8.27,8.27,2300,8.27
2013-04-16,8.30,8.40,8.30,8.35,12700,8.35
2013-04-15,8.26,8.365,8.26,8.30,600,8.30
2013-04-12,8.27,8.47,8.25,8.26,77700,8.26
2013-04-11,7.42,8.35,7.42,8.26,28500,8.26
2013-04-10,7.4601,7.65,7.45,7.51,2700,7.51
2013-04-09,7.47,8.00,7.41,7.50,4500,7.50
2013-04-08,7.34,7.76,7.34,7.76,2600,7.76
2013-04-05,7.35,7.35,7.35,7.35,200,7.35
2013-04-04,7.40,7.50,7.40,7.50,800,7.50
2013-04-03,7.36,7.3938,7.34,7.35,7200,7.35
2013-04-02,7.35,7.36,7.35,7.35,900,7.35
2013-04-01,7.35,7.40,7.26,7.30,5800,7.30
2013-03-29,7.4101,7.4101,7.4101,7.4101,000,7.4101
2013-03-28,7.4101,7.4101,7.4101,7.4101,400,7.4101
2013-03-27,7.72,7.72,7.72,7.72,000,7.72
2013-03-26,7.72,7.75,7.1175,7.72,1800,7.72
2013-03-25,7.78,8.00,7.60,7.80,3100,7.80
2013-03-22,7.61,7.98,7.61,7.98,1400,7.98
2013-03-21,7.96,7.96,7.96,7.96,000,7.96
2013-03-20,7.63,7.89,7.60,7.8711,1200,7.8711
2013-03-19,7.65,7.90,7.52,7.52,4800,7.52
2013-03-18,7.53,8.08,7.52,7.60,5100,7.60
2013-03-15,8.11,8.11,8.11,8.11,000,8.11
2013-03-14,7.73,8.15,7.71,8.08,3200,8.08
2013-03-13,8.40,8.47,8.46,8.47,200,8.47
2013-03-12,7.98,8.50,7.52,8.49,1100,8.49
2013-03-11,8.32,8.66,7.89,8.11,4900,8.11
2013-03-08,8.48,8.53,7.88,7.91,1900,7.91
2013-03-07,9.00,9.00,8.41,8.41,1000,8.41
2013-03-06,8.64,8.79,7.72,7.92,9300,7.92
2013-03-05,8.25,10.368,8.10,8.5955,14700,8.5955
2013-03-04,8.35,8.39,7.83,8.24,7800,8.24
2013-03-01,8.30,8.30,8.30,8.30,1300,8.30
2013-02-28,8.07,8.40,8.07,8.3999,1000,8.3999
2013-02-27,7.66,8.33,7.51,8.07,800,8.07
2013-02-26,7.48,7.82,7.48,7.82,400,7.82
2013-02-25,7.72,7.82,7.39,7.80,6600,7.80
2013-02-22,7.92,7.93,7.65,7.75,3000,7.75
2013-02-21,7.85,7.882,7.85,7.882,1300,7.882
2013-02-20,8.00,8.06,7.8501,7.8666,4900,7.8666
2013-02-19,7.85,8.40,7.85,8.00,12300,8.00
2013-02-18,7.85,7.85,7.85,7.85,000,7.85
2013-02-15,7.85,7.85,7.85,7.85,000,7.85
2013-02-14,7.73,7.85,7.70,7.85,3000,7.85
2013-02-13,7.74,7.85,7.74,7.77,4100,7.77
2013-02-12,7.61,7.8499,7.58,7.706,15600,7.706
2013-02-11,7.55,7.55,7.55,7.55,1200,7.55
2013-02-08,7.69,7.69,7.3601,7.50,9300,7.50
2013-02-07,7.52,7.65,7.45,7.6399,12100,7.6399
2013-02-06,7.54,7.55,7.21,7.35,14900,7.35
2013-02-05,6.85,7.025,6.85,7.025,1400,7.025
2013-02-04,6.81,6.82,6.81,6.82,1100,6.82
2013-02-01,7.00,7.00,7.00,7.00,000,7.00
2013-01-31,7.00,7.00,7.00,7.00,000,7.00
2013-01-30,7.00,7.00,6.96,7.00,2700,7.00
2013-01-29,6.94,7.00,6.94,6.99,600,6.99
2013-01-28,6.9436,6.9436,6.9436,6.9436,000,6.9436
2013-01-25,6.9436,6.9436,6.9436,6.9436,000,6.9436
2013-01-24,6.99,7.01,6.94,6.9436,3900,6.9436
2013-01-23,6.91,7.00,6.91,7.00,5400,7.00
2013-01-22,6.91,7.00,6.91,6.91,6300,6.91
2013-01-21,6.90,6.90,6.90,6.90,000,6.90
2013-01-18,6.90,6.90,6.90,6.90,400,6.90
2013-01-17,6.96,6.97,6.96,6.97,200,6.97
2013-01-16,6.82,6.98,6.82,6.97,600,6.97
2013-01-15,6.82,6.82,6.82,6.82,000,6.82
2013-01-14,6.94,6.94,6.82,6.82,1200,6.82
2013-01-11,6.86,6.882,6.86,6.88,3900,6.88
2013-01-10,6.86,6.8601,6.86,6.8601,200,6.8601
2013-01-09,6.84,6.842,6.84,6.84,300,6.84
2013-01-08,6.82,6.9799,6.81,6.9799,1700,6.9799
2013-01-07,6.89,6.89,6.86,6.88,1100,6.88
2013-01-04,6.84,6.84,6.84,6.84,000,6.84
2013-01-03,6.79,6.853,6.79,6.84,700,6.84
2013-01-02,6.82,6.86,6.79,6.79,5200,6.79
2013-01-01,6.78,6.78,6.78,6.78,000,6.78
2012-12-31,6.77,6.78,6.77,6.78,1100,6.78
2012-12-28,6.85,6.85,6.7735,6.80,2500,6.80
2012-12-27,6.86,6.90,6.852,6.852,8300,6.852
2012-12-26,6.85,6.869,6.85,6.869,1000,6.869
2012-12-25,6.86,6.86,6.86,6.86,000,6.86
2012-12-24,6.85,6.862,6.85,6.86,1200,6.86
2012-12-21,6.85,6.878,6.85,6.86,2800,6.86
2012-12-20,6.79,6.80,6.78,6.80,1800,6.80
2012-12-19,6.79,6.80,6.79,6.79,1800,6.79
2012-12-18,6.79,6.916,6.79,6.79,17500,6.79
2012-12-17,6.86,6.86,6.75,6.80,4600,6.80
2012-12-14,6.72,6.94,6.71,6.94,7200,6.94
2012-12-13,6.78,6.78,6.78,6.78,500,6.78
2012-12-12,6.91,6.95,6.76,6.81,13700,6.81
2012-12-11,6.92,7.013,6.92,7.013,900,7.013
2012-12-10,6.82,6.94,6.72,6.90,4700,6.90
2012-12-07,6.79,6.80,6.71,6.80,2400,6.80
2012-12-06,6.72,6.72,6.71,6.71,4500,6.71
2012-12-05,6.7499,6.75,6.7499,6.75,5000,6.75
2012-12-04,6.74,6.75,6.74,6.75,800,6.75
2012-12-03,6.87,6.87,6.87,6.87,100,6.87
2012-11-30,6.74,6.93,6.66,6.93,5600,6.93
2012-11-29,6.65,6.65,6.65,6.65,1100,6.65
2012-11-28,6.67,6.67,6.67,6.67,300,6.67
2012-11-27,6.66,6.6601,6.66,6.6601,500,6.6601
2012-11-26,6.60,6.66,6.60,6.6501,1700,6.6501
2012-11-23,6.61,6.61,6.61,6.61,300,6.61
2012-11-22,6.66,6.66,6.66,6.66,000,6.66
2012-11-21,6.66,6.69,6.64,6.66,23800,6.66
2012-11-20,6.71,6.72,6.71,6.72,400,6.72
2012-11-19,6.61,6.70,6.51,6.68,6700,6.68
2012-11-16,6.65,6.80,6.60,6.7001,11400,6.7001
2012-11-15,6.62,6.66,6.60,6.65,7300,6.65
2012-11-14,6.67,6.69,6.67,6.69,1000,6.69
2012-11-13,6.61,6.61,6.51,6.61,1800,6.61
2012-11-12,6.60,6.87,6.60,6.67,9600,6.67
2012-11-09,6.16,6.69,6.16,6.60,14300,6.60
2012-11-08,6.75,6.773,6.75,6.773,3000,6.773
2012-11-07,6.79,6.79,6.77,6.79,2300,6.79
2012-11-06,6.82,6.84,6.81,6.83,5800,6.83
2012-11-05,6.88,6.88,6.82,6.82,11000,6.82
2012-11-02,6.90,6.90,6.80,6.90,8400,6.90
2012-11-01,6.88,7.09,6.82,6.82,4100,6.82
2012-10-31,6.90,7.00,6.69,6.7613,79700,6.7613
2012-10-30,5.49,5.49,5.49,5.49,000,5.49
2012-10-29,5.49,5.49,5.49,5.49,000,5.49
2012-10-26,5.425,5.49,5.425,5.49,3300,5.49
2012-10-25,5.49,5.49,5.38,5.38,600,5.38
2012-10-24,5.49,5.49,5.49,5.49,400,5.49
2012-10-23,4.98,5.49,4.98,5.49,6500,5.49
2012-10-22,5.11,5.1199,5.07,5.1199,900,5.1199
2012-10-19,5.02,5.12,4.91,5.09,2300,5.09
2012-10-18,5.03,5.12,5.00,5.11,4200,5.11
2012-10-17,5.11,5.12,4.94,5.12,1900,5.12
2012-10-16,5.11,5.12,5.11,5.12,1200,5.12
2012-10-15,5.13,5.20,5.05,5.12,5900,5.12
2012-10-12,5.20,5.21,5.20,5.21,1100,5.21
2012-10-11,5.13,5.44,4.97,5.20,5000,5.20
2012-10-10,4.9183,4.9183,4.9183,4.9183,000,4.9183
2012-10-09,4.92,4.928,4.89,4.9183,1700,4.9183
2012-10-08,4.69,4.86,4.69,4.86,4500,4.86
2012-10-05,4.66,4.66,4.66,4.66,300,4.66
2012-10-04,4.75,4.959,4.60,4.61,1100,4.61
2012-10-03,4.54,4.67,4.5101,4.67,2500,4.67
2012-10-02,4.49,4.54,4.49,4.54,4400,4.54
2012-10-01,4.50,4.54,4.45,4.45,7000,4.45
2012-09-28,4.45,4.51,4.45,4.48,800,4.48
2012-09-27,4.50,4.53,4.48,4.48,2800,4.48
2012-09-26,4.40,4.48,4.39,4.45,5900,4.45
2012-09-25,4.35,4.48,4.35,4.40,5100,4.40
2012-09-24,4.39,4.39,4.39,4.39,100,4.39
2012-09-21,4.32,4.43,4.32,4.43,8100,4.43
2012-09-20,4.30,4.3495,4.24,4.25,1500,4.25
2012-09-19,4.41,4.41,4.39,4.40,4900,4.40
2012-09-18,4.35,4.42,4.33,4.41,3300,4.41
2012-09-17,4.85,4.85,4.17,4.30,58900,4.30
2012-09-14,4.83,5.00,4.71,4.721,15500,4.721
2012-09-13,5.23,5.23,4.89,4.89,2500,4.89
2012-09-12,5.32,5.33,5.05,5.05,13200,5.05
2012-09-11,5.42,5.42,5.31,5.31,1200,5.31
2012-09-10,5.34,5.41,5.31,5.359,1600,5.359
2012-09-07,5.31,5.31,5.31,5.31,000,5.31
2012-09-06,5.51,5.6999,5.31,5.31,1600,5.31
2012-09-05,5.45,5.63,5.45,5.59,2500,5.59
2012-09-04,5.28,5.67,5.28,5.66,1000,5.66
2012-09-03,5.2699,5.2699,5.2699,5.2699,000,5.2699
2012-08-31,5.27,5.2799,5.2699,5.2699,300,5.2699
2012-08-30,5.14,5.25,5.14,5.15,1100,5.15
2012-08-29,5.08,5.17,5.08,5.1513,2300,5.1513
2012-08-28,5.0807,5.0807,5.0807,5.0807,200,5.0807
2012-08-27,5.15,5.15,5.00,5.01,5000,5.01
2012-08-24,5.10,5.10,5.08,5.08,400,5.08
2012-08-23,4.91,5.1599,4.83,4.91,1100,4.91
2012-08-22,4.83,4.8301,4.83,4.8301,300,4.8301
2012-08-21,4.84,4.85,4.66,4.85,4800,4.85
2012-08-20,4.95,5.44,4.60,4.60,6200,4.60
2012-08-17,4.78,4.8823,4.78,4.86,2900,4.86
2012-08-16,4.62,4.66,4.54,4.66,6700,4.66
2012-08-15,4.42,4.7899,4.3901,4.3901,2300,4.3901
2012-08-14,4.39,4.44,4.39,4.40,2700,4.40
2012-08-13,4.20,4.69,4.20,4.44,4200,4.44
2012-08-10,4.35,4.475,4.20,4.20,4600,4.20
2012-08-09,4.22,4.73,4.21,4.26,3300,4.26
2012-08-08,4.28,4.39,4.23,4.23,1600,4.23
2012-08-07,4.40,4.50,4.28,4.35,3600,4.35
2012-08-06,4.29,4.45,4.25,4.399,13000,4.399
2012-08-03,4.31,4.31,4.23,4.23,200,4.23
2012-08-02,4.35,4.35,4.30,4.30,1700,4.30
2012-08-01,4.32,4.43,4.20,4.218,4800,4.218
2012-07-31,4.28,4.40,4.28,4.38,1400,4.38
2012-07-30,4.44,4.44,4.30,4.35,5400,4.35
2012-07-27,4.27,4.606,4.27,4.606,1900,4.606
2012-07-26,4.485,4.485,4.24,4.364,12600,4.364
2012-07-25,4.62,4.62,4.0954,4.49,7000,4.49
2012-07-24,4.61,4.622,4.32,4.622,7800,4.622
2012-07-23,4.64,4.65,4.63,4.65,3400,4.65
2012-07-20,4.52,4.6699,4.52,4.654,2700,4.654
2012-07-19,4.63,4.63,4.52,4.63,6800,4.63
2012-07-18,4.56,4.80,4.56,4.70,5500,4.70
2012-07-17,4.71,4.845,4.61,4.62,7900,4.62
2012-07-16,4.75,4.80,4.70,4.75,6600,4.75
2012-07-13,4.86,4.86,4.58,4.72,7300,4.72
2012-07-12,5.30,5.30,4.77,4.78,38600,4.78
2012-07-11,5.34,5.36,5.31,5.32,3600,5.32
2012-07-10,5.27,5.35,5.25,5.25,800,5.25
2012-07-09,5.50,5.50,5.24,5.30,9300,5.30
2012-07-06,5.59,5.69,5.49,5.69,3600,5.69
2012-07-05,5.68,5.68,5.20,5.55,6100,5.55
2012-07-04,5.15,5.15,5.15,5.15,000,5.15
2012-07-03,5.12,5.15,5.10,5.15,2000,5.15
2012-07-02,4.96,5.26,4.96,5.10,4800,5.10
2012-06-29,5.23,5.23,4.96,4.96,4400,4.96
2012-06-28,5.10,5.32,5.04,5.04,1200,5.04
2012-06-27,5.11,5.29,5.08,5.29,1000,5.29
2012-06-26,5.06,5.25,5.00,5.00,5500,5.00
2012-06-25,5.24,5.32,5.01,5.12,9700,5.12
2012-06-22,5.40,5.40,5.40,5.40,100,5.40
2012-06-21,5.20,5.259,5.01,5.05,12000,5.05
2012-06-20,5.42,5.78,5.09,5.09,19100,5.09
2012-06-19,5.38,5.50,5.38,5.41,10900,5.41
2012-06-18,5.07,5.3999,5.00,5.16,6300,5.16
2012-06-15,4.91,5.07,4.91,5.07,500,5.07
2012-06-14,5.00,5.09,4.91,5.00,4300,5.00
2012-06-13,5.05,5.11,4.91,4.91,5100,4.91
2012-06-12,5.15,5.15,4.91,5.04,5700,5.04
2012-06-11,5.35,5.42,5.03,5.15,5700,5.15
2012-06-08,5.21,5.40,5.11,5.12,3400,5.12
2012-06-07,5.34,5.34,5.21,5.21,1200,5.21
2012-06-06,5.18,5.18,5.18,5.18,500,5.18
2012-06-05,5.33,5.33,5.05,5.10,7100,5.10
2012-06-04,5.44,5.45,5.02,5.33,5200,5.33
2012-06-01,5.40,5.49,5.05,5.46,6500,5.46
2012-05-31,5.49,5.49,5.41,5.41,2100,5.41
2012-05-30,5.41,5.4501,5.41,5.4501,700,5.4501
2012-05-29,5.31,5.31,5.31,5.31,1700,5.31
2012-05-28,5.25,5.25,5.25,5.25,000,5.25
2012-05-25,5.31,5.33,5.25,5.25,1900,5.25
2012-05-24,5.31,5.38,5.25,5.30,4000,5.30
2012-05-23,5.63,5.63,5.31,5.63,500,5.63
2012-05-22,5.65,5.65,5.65,5.65,700,5.65
2012-05-21,5.70,5.70,5.33,5.69,1300,5.69
2012-05-18,5.70,5.70,5.70,5.70,000,5.70
2012-05-17,5.37,5.73,5.27,5.70,6900,5.70
2012-05-16,5.65,5.65,5.65,5.65,000,5.65
2012-05-15,5.65,5.65,5.65,5.65,000,5.65
2012-05-14,5.70,5.71,5.64,5.65,1300,5.65
2012-05-11,5.79,5.79,5.79,5.79,100,5.79
2012-05-10,5.36,5.7776,5.10,5.7776,5200,5.7776
2012-05-09,5.55,5.57,5.06,5.10,2400,5.10
2012-05-08,5.59,5.59,5.59,5.59,300,5.59
2012-05-07,5.42,5.54,5.40,5.53,5500,5.53
2012-05-04,5.10,5.438,4.80,5.438,3600,5.438
2012-05-03,5.94,5.94,5.05,5.10,13000,5.10
2012-05-02,6.78,6.80,5.25,5.41,39200,5.41
2012-05-01,6.98,7.10,6.98,7.00,7100,7.00
2012-04-30,7.01,7.10,6.76,6.91,12800,6.91
2012-04-27,7.10,7.10,7.04,7.04,500,7.04
2012-04-26,6.97,7.10,6.97,7.02,4900,7.02
2012-04-25,7.04,7.10,6.82,6.82,1500,6.82
2012-04-24,7.09,7.09,6.76,6.778,1700,6.778
2012-04-23,6.96,7.06,6.785,7.06,2900,7.06
2012-04-20,6.83,7.10,6.80,7.00,5800,7.00
2012-04-19,7.00,7.00,6.509,6.92,4100,6.92
2012-04-18,7.05,7.09,6.60,7.09,3800,7.09
2012-04-17,6.77,7.1965,6.77,7.01,18900,7.01
2012-04-16,6.68,7.00,6.50,6.848,15100,6.848
2012-04-13,6.74,6.75,6.281,6.70,10800,6.70
2012-04-12,6.60,6.80,6.528,6.80,6700,6.80
2012-04-11,6.45,6.48,6.45,6.48,3400,6.48
2012-04-10,6.48,6.488,6.20,6.23,3500,6.23
2012-04-09,6.41,6.60,6.28,6.52,1900,6.52
2012-04-06,6.4001,6.4001,6.4001,6.4001,000,6.4001
2012-04-05,6.20,6.56,6.20,6.4001,9400,6.4001
2012-04-04,6.53,6.78,6.16,6.29,10200,6.29
2012-04-03,6.80,6.80,6.50,6.80,2400,6.80
2012-04-02,7.00,7.00,6.55,6.70,8700,6.70
2012-03-30,6.80,7.00,6.80,6.9999,7700,6.9999
2012-03-29,6.75,6.75,6.7499,6.7499,800,6.7499
2012-03-28,6.70,6.89,6.70,6.75,1600,6.75
2012-03-27,6.61,6.90,6.484,6.548,19100,6.548
2012-03-26,6.70,6.70,6.515,6.69,9900,6.69
2012-03-23,6.648,6.648,6.648,6.648,000,6.648
2012-03-22,6.75,6.75,6.648,6.648,1800,6.648
2012-03-21,6.80,6.80,6.80,6.80,600,6.80
2012-03-20,6.69,6.81,6.59,6.67,5000,6.67
2012-03-19,6.71,6.9999,6.16,6.70,7800,6.70
2012-03-16,6.31,6.75,6.31,6.75,35400,6.75
2012-03-15,6.50,6.60,6.50,6.50,3800,6.50
2012-03-14,6.49,6.69,6.44,6.60,18300,6.60
2012-03-13,6.28,6.50,6.28,6.50,19000,6.50
2012-03-12,6.02,6.22,6.01,6.22,1700,6.22
2012-03-09,6.09,6.36,5.90,6.224,2300,6.224
2012-03-08,6.15,6.15,5.81,6.12,1500,6.12
2012-03-07,5.99,6.00,5.58,6.00,2200,6.00
2012-03-06,5.96,6.35,5.78,5.98,2000,5.98
2012-03-05,6.25,6.527,5.23,5.971,51800,5.971
2012-03-02,6.47,6.47,6.182,6.24,6800,6.24
2012-03-01,6.20,6.512,6.20,6.47,11200,6.47
2012-02-29,6.44,6.50,6.40,6.41,3300,6.41
2012-02-28,6.45,6.50,6.41,6.50,2900,6.50
2012-02-27,6.45,6.45,6.45,6.45,000,6.45
2012-02-24,6.55,6.60,6.45,6.45,1200,6.45
2012-02-23,6.58,6.60,6.46,6.60,2700,6.60
2012-02-22,6.56,6.61,6.1201,6.60,1200,6.60
2012-02-21,6.60,6.69,6.4101,6.4101,10900,6.4101
2012-02-20,6.60,6.60,6.60,6.60,000,6.60
2012-02-17,6.59,6.725,6.49,6.60,13400,6.60
2012-02-16,6.56,6.60,6.29,6.529,6900,6.529
2012-02-15,6.18,6.614,6.14,6.23,3500,6.23
2012-02-14,6.15,6.587,6.10,6.13,4800,6.13
2012-02-13,6.31,6.33,6.22,6.22,800,6.22
2012-02-10,6.35,6.62,6.158,6.46,1800,6.46
2012-02-09,6.42,6.4775,6.14,6.35,9000,6.35
2012-02-08,6.50,6.55,6.50,6.50,1500,6.50
2012-02-07,6.44,6.75,6.42,6.64,8900,6.64
2012-02-06,6.43,6.556,6.32,6.45,4300,6.45
2012-02-03,6.60,6.62,6.333,6.40,13700,6.40
2012-02-02,6.56,6.704,6.56,6.60,3900,6.60
2012-02-01,6.45,6.59,6.45,6.59,11200,6.59
2012-01-31,6.52,6.58,6.10,6.408,19600,6.408
2012-01-30,6.53,6.75,6.52,6.69,1500,6.69
2012-01-27,6.49,6.86,6.49,6.76,2300,6.76
2012-01-26,6.89,6.96,6.42,6.60,19700,6.60
2012-01-25,6.98,7.00,6.88,6.96,1700,6.96
2012-01-24,6.99,6.99,6.98,6.98,300,6.98
2012-01-23,6.91,7.05,6.89,6.90,8800,6.90
2012-01-20,6.92,7.00,6.92,6.98,4100,6.98
2012-01-19,6.79,7.00,6.77,7.00,12700,7.00
2012-01-18,6.74,6.80,6.70,6.79,1000,6.79
2012-01-17,6.73,6.85,6.70,6.75,3100,6.75
2012-01-16,6.70,6.70,6.70,6.70,000,6.70
2012-01-13,6.60,6.75,6.60,6.70,8100,6.70
2012-01-12,6.75,6.75,6.42,6.64,3200,6.64
2012-01-11,6.75,6.75,6.75,6.75,500,6.75
2012-01-10,6.71,6.74,6.42,6.70,1700,6.70
2012-01-09,6.74,6.75,6.47,6.70,5000,6.70
2012-01-06,6.71,6.715,6.62,6.645,3700,6.645
2012-01-05,6.54,6.75,6.306,6.736,11600,6.736
2012-01-04,6.33,6.68,6.33,6.59,7800,6.59
2012-01-03,6.70,6.70,6.254,6.33,4200,6.33
2012-01-02,6.669,6.669,6.669,6.669,000,6.669
2011-12-30,6.51,6.70,6.17,6.669,8400,6.669
2011-12-29,6.56,6.75,6.25,6.44,3700,6.44
2011-12-28,6.71,6.71,6.2938,6.60,5700,6.60
2011-12-27,6.63,6.92,6.63,6.72,2600,6.72
2011-12-26,6.721,6.721,6.721,6.721,000,6.721
2011-12-23,6.70,6.73,6.55,6.721,1200,6.721
2011-12-22,6.75,6.85,6.68,6.70,7900,6.70
2011-12-21,6.60,6.70,6.1608,6.37,5800,6.37
2011-12-20,6.60,6.70,6.49,6.68,8100,6.68
2011-12-19,6.58,6.60,6.47,6.48,1900,6.48
2011-12-16,6.45,6.60,6.25,6.55,11900,6.55
2011-12-15,6.48,6.48,6.48,6.48,000,6.48
2011-12-14,6.52,6.53,6.40,6.48,1200,6.48
2011-12-13,6.40,6.60,6.06,6.50,18500,6.50
2011-12-12,6.40,6.40,6.08,6.37,800,6.37
2011-12-09,6.27,6.40,6.132,6.40,9300,6.40
2011-12-08,6.19,6.30,6.01,6.01,700,6.01
2011-12-07,6.20,6.35,6.05,6.17,7400,6.17
2011-12-06,5.97,6.07,5.832,6.045,12100,6.045
2011-12-05,5.78,5.95,5.78,5.84,6200,5.84
2011-12-02,5.64,5.90,5.40,5.90,16800,5.90
2011-12-01,5.63,5.65,5.63,5.65,1300,5.65
2011-11-30,5.71,5.90,5.69,5.84,7700,5.84
2011-11-29,5.30,5.80,5.30,5.70,5500,5.70
2011-11-28,5.38,5.58,5.13,5.58,6500,5.58
2011-11-25,5.39,5.43,4.89,5.38,2200,5.38
2011-11-24,5.36,5.36,5.36,5.36,000,5.36
2011-11-23,5.13,5.36,5.13,5.36,400,5.36
2011-11-22,5.26,5.33,5.15,5.30,16300,5.30
2011-11-21,5.31,5.348,5.25,5.27,4100,5.27
2011-11-18,5.39,5.44,5.27,5.32,2600,5.32
2011-11-17,5.38,5.39,5.25,5.355,6000,5.355
2011-11-16,5.56,5.56,5.28,5.49,14500,5.49
2011-11-15,5.51,5.67,5.47,5.67,4600,5.67
2011-11-14,5.48,5.70,5.46,5.46,2500,5.46
2011-11-11,5.59,5.60,5.476,5.54,4000,5.54
2011-11-10,5.43,5.75,5.43,5.60,1200,5.60
2011-11-09,5.41,5.69,5.40,5.46,2500,5.46
2011-11-08,5.57,5.75,5.55,5.61,2300,5.61
2011-11-07,5.62,5.84,5.40,5.52,8400,5.52
2011-11-04,5.64,5.64,5.62,5.62,400,5.62
2011-11-03,5.91,5.93,5.75,5.825,2700,5.825
2011-11-02,5.62,5.78,5.60,5.74,4100,5.74
2011-11-01,5.60,5.629,5.60,5.629,1600,5.629
2011-10-31,5.71,5.92,5.60,5.83,1700,5.83
2011-10-28,5.71,5.926,5.66,5.82,2400,5.82
2011-10-27,5.72,5.97,5.50,5.92,4000,5.92
2011-10-26,5.66,5.70,5.40,5.70,4300,5.70
2011-10-25,5.66,5.70,5.644,5.70,5700,5.70
2011-10-24,5.60,5.70,5.49,5.70,1000,5.70
2011-10-21,5.52,5.64,5.35,5.62,5300,5.62
2011-10-19,5.68,5.70,5.33,5.62,5500,5.62
2011-10-18,5.30,5.74,5.27,5.36,5500,5.36
2011-10-17,5.55,5.75,5.44,5.50,2200,5.50
2011-10-14,5.58,5.65,5.26,5.63,2000,5.63
2011-10-13,5.33,5.63,5.25,5.31,4200,5.31
2011-10-12,5.63,5.63,5.26,5.50,1200,5.50
2011-10-11,5.25,5.50,5.25,5.27,2800,5.27
2011-10-10,5.25,5.374,4.946,5.374,700,5.374
2011-10-07,5.23,5.23,5.23,5.23,200,5.23
2011-10-06,5.15,5.37,4.91,5.32,600,5.32
2011-10-05,4.95,5.302,4.74,5.18,4600,5.18
2011-10-04,4.97,4.99,4.78,4.78,500,4.78
2011-10-03,5.40,5.51,4.75,4.78,7600,4.78
2011-09-30,5.68,5.68,5.31,5.67,400,5.67
2011-09-29,5.61,5.73,5.35,5.60,2300,5.60
2011-09-28,5.55,5.80,5.47,5.64,4200,5.64
2011-09-27,5.20,5.53,5.20,5.53,5800,5.53
2011-09-26,5.22,5.30,4.94,5.2999,8600,5.2999
2011-09-23,4.76,5.28,4.76,5.22,2200,5.22
2011-09-22,5.01,5.25,4.78,4.89,1500,4.89
2011-09-21,5.16,5.16,5.00,5.00,8500,5.00
2011-09-20,5.41,5.41,5.15,5.15,7100,5.15
2011-09-19,5.29,5.53,5.29,5.40,3300,5.40
2011-09-16,5.48,5.809,5.31,5.40,6200,5.40
2011-09-15,5.30,5.75,5.21,5.72,6200,5.72
2011-09-14,5.36,5.69,5.13,5.42,11200,5.42
2011-09-13,5.33,5.666,5.00,5.36,6600,5.36
2011-09-12,5.47,5.87,5.32,5.33,15900,5.33
2011-09-09,5.40,5.50,5.30,5.50,9200,5.50
2011-09-08,5.50,5.776,5.48,5.48,5800,5.48
2011-09-07,5.54,5.81,5.52,5.72,1900,5.72
2011-09-06,5.71,5.88,5.71,5.74,1000,5.74
2011-09-02,5.81,5.902,5.722,5.758,500,5.758
2011-08-31,5.89,5.96,5.60,5.96,1400,5.96
2011-08-30,5.56,6.00,5.56,5.85,8100,5.85
2011-08-29,5.56,5.60,5.36,5.5599,5600,5.5599
2011-08-26,5.57,5.60,5.30,5.60,1100,5.60
2011-08-25,5.42,5.442,5.39,5.40,1800,5.40
2011-08-24,5.70,5.70,5.63,5.63,800,5.63
2011-08-23,5.47,5.73,5.45,5.68,2900,5.68
2011-08-22,5.65,5.72,5.61,5.61,3900,5.61
2011-08-19,5.53,5.73,5.53,5.64,2000,5.64
2011-08-18,5.44,5.72,5.44,5.57,189600,5.57
2011-08-17,5.44,5.72,5.38,5.45,1700,5.45
2011-08-16,5.48,5.76,5.38,5.57,2100,5.57
2011-08-15,5.77,5.77,5.52,5.54,4700,5.54
2011-08-12,5.83,5.83,5.39,5.77,76200,5.77
2011-08-11,5.80,5.89,5.59,5.89,800,5.89
2011-08-10,5.84,5.84,5.80,5.80,400,5.80
2011-08-09,5.55,5.99,5.54,5.939,5900,5.939
2011-08-08,5.76,5.76,5.30,5.375,5300,5.375
2011-08-05,5.81,6.00,5.81,5.85,5400,5.85
2011-08-04,5.81,5.81,5.7764,5.7764,1300,5.7764
2011-08-03,5.95,5.98,5.81,5.86,7200,5.86
2011-08-02,5.78,5.81,5.68,5.68,4900,5.68
2011-08-01,5.87,5.97,5.75,5.75,9100,5.75
2011-07-29,5.92,6.00,5.915,5.98,2900,5.98
2011-07-28,5.98,6.00,5.98,6.00,1400,6.00
2011-07-27,5.91,6.00,5.83,5.96,15900,5.96
2011-07-26,5.86,6.00,5.83,5.83,23400,5.83
2011-07-25,5.83,6.00,5.83,5.89,11500,5.89
2011-07-22,5.77,5.96,5.51,5.72,25100,5.72
2011-07-21,5.98,5.99,5.76,5.91,3000,5.91
2011-07-20,5.80,5.82,5.62,5.79,1200,5.79
2011-07-19,5.84,5.87,5.80,5.80,900,5.80
2011-07-18,5.94,5.96,5.80,5.96,1900,5.96
2011-07-15,5.86,6.00,5.86,6.00,900,6.00
2011-07-14,5.77,6.00,5.77,5.90,3800,5.90
2011-07-13,5.80,5.98,5.70,5.85,2800,5.85
2011-07-12,5.85,5.916,5.66,5.70,10400,5.70
2011-07-11,6.00,6.00,5.66,5.834,8900,5.834
2011-07-08,6.03,6.035,5.98,6.015,5600,6.015
2011-07-07,6.10,6.10,5.94,6.04,1300,6.04
2011-07-06,5.96,6.05,5.892,6.046,5300,6.046
2011-07-05,5.92,6.04,5.85,5.99,5300,5.99
2011-07-01,5.87,6.03,5.87,5.994,1400,5.994
2011-06-30,5.88,6.052,5.624,5.91,27000,5.91
2011-06-29,6.10,6.10,5.8501,5.96,1700,5.96
2011-06-28,5.94,6.13,5.92,6.08,1200,6.08
2011-06-27,5.83,5.96,5.81,5.96,3600,5.96
2011-06-24,6.05,6.05,5.90,5.90,1100,5.90
2011-06-23,6.06,6.20,5.85,6.05,7500,6.05
2011-06-22,6.12,6.20,6.12,6.19,1200,6.19
2011-06-21,6.25,6.25,5.81,6.13,15000,6.13
2011-06-20,6.29,6.29,6.15,6.20,2300,6.20
2011-06-17,6.18,6.42,6.18,6.35,4100,6.35
2011-06-16,6.26,6.42,6.09,6.1799,4500,6.1799
2011-06-15,6.30,6.40,6.25,6.3003,11600,6.3003
2011-06-14,6.37,6.48,6.35,6.385,4700,6.385
2011-06-13,6.37,6.474,6.30,6.30,11900,6.30
2011-06-10,6.39,6.40,6.36,6.39,2300,6.39
2011-06-09,6.30,6.434,6.30,6.39,4900,6.39
2011-06-08,6.30,6.30,6.291,6.30,300,6.30
2011-06-07,6.30,6.30,6.25,6.25,7400,6.25
2011-06-06,6.25,6.29,6.25,6.27,6300,6.27
2011-06-03,6.30,6.362,6.25,6.25,3300,6.25
2011-06-02,6.40,6.40,6.278,6.31,2500,6.31
2011-06-01,6.49,6.61,6.25,6.35,13000,6.35
2011-05-31,6.06,6.50,6.06,6.408,22300,6.408
2011-05-27,6.00,6.18,5.95,6.06,12400,6.06
2011-05-26,5.99,5.99,5.95,5.95,200,5.95
2011-05-25,5.90,5.98,5.90,5.95,2300,5.95
2011-05-24,5.90,6.00,5.90,5.91,4800,5.91
2011-05-23,5.92,6.00,5.81,5.86,5900,5.86
2011-05-20,6.00,6.00,5.83,5.83,7300,5.83
2011-05-19,5.76,5.98,5.75,5.882,8300,5.882
2011-05-18,5.82,5.95,5.75,5.78,4700,5.78
2011-05-17,5.98,6.00,5.79,5.89,3800,5.89
2011-05-16,6.02,6.20,5.739,5.952,5000,5.952
2011-05-13,5.93,6.10,5.65,6.02,5000,6.02
2011-05-12,5.73,5.95,5.721,5.94,6600,5.94
2011-05-11,5.80,5.80,5.59,5.61,1900,5.61
2011-05-10,5.62,5.80,5.62,5.78,7600,5.78
2011-05-09,5.75,5.75,5.42,5.63,3500,5.63
2011-05-06,5.70,5.7372,5.42,5.70,2400,5.70
2011-05-05,5.72,5.74,5.505,5.70,3800,5.70
2011-05-04,5.71,5.71,5.40,5.57,8100,5.57
2011-05-03,5.45,5.79,5.45,5.7001,35000,5.7001
2011-05-02,5.40,5.45,5.30,5.3101,16500,5.3101
2011-04-29,5.39,5.4143,5.39,5.4143,800,5.4143
2011-04-28,5.50,5.50,5.38,5.44,2500,5.44
2011-04-27,5.45,5.45,5.45,5.45,300,5.45
2011-04-26,5.38,5.50,5.34,5.43,3200,5.43
2011-04-25,5.25,5.3401,5.25,5.3401,1900,5.3401
2011-04-21,5.49,5.49,5.28,5.33,3100,5.33
2011-04-20,5.45,5.49,5.42,5.42,2300,5.42
2011-04-19,5.45,5.45,5.45,5.45,200,5.45
2011-04-18,5.45,5.45,5.41,5.41,1700,5.41
2011-04-15,5.68,5.68,5.27,5.43,13300,5.43
2011-04-14,5.53,5.85,5.53,5.63,1200,5.63
2011-04-13,5.83,5.83,5.54,5.54,1100,5.54
2011-04-12,5.66,5.76,5.60,5.615,6200,5.615
2011-04-11,5.75,5.93,5.6501,5.6501,5200,5.6501
2011-04-08,5.56,5.70,5.56,5.63,1200,5.63
2011-04-07,5.70,5.74,5.60,5.74,300,5.74
2011-04-06,5.72,5.72,5.56,5.59,13100,5.59
2011-04-05,5.56,5.59,5.56,5.57,2800,5.57
2011-04-04,5.87,5.94,5.56,5.56,31500,5.56
2011-04-01,5.83,6.00,5.83,6.00,1700,6.00
2011-03-31,6.07,6.23,6.05,6.156,12600,6.156
2011-03-30,5.80,6.28,5.80,6.05,20500,6.05
2011-03-29,5.52,5.78,5.52,5.728,4500,5.728
2011-03-28,5.34,5.6175,5.34,5.50,12300,5.50
2011-03-25,5.28,5.37,5.25,5.27,5000,5.27
2011-03-24,5.24,5.30,5.24,5.30,1100,5.30
2011-03-23,5.21,5.21,5.21,5.21,100,5.21
2011-03-22,5.07,5.25,4.9101,5.25,2900,5.25
2011-03-21,5.23,5.26,5.20,5.25,3300,5.25
2011-03-18,5.24,5.293,5.09,5.20,1900,5.20
2011-03-17,5.03,5.23,5.03,5.23,5700,5.23
2011-03-16,5.07,5.08,5.00,5.0399,10300,5.0399
2011-03-15,5.11,5.15,5.00,5.04,3800,5.04
2011-03-14,5.00,5.67,4.97,5.26,23100,5.26
2011-03-11,4.81,4.81,4.73,4.73,9300,4.73
2011-03-10,4.83,4.96,4.80,4.96,4400,4.96
2011-03-09,4.91,4.9999,4.846,4.86,6600,4.86
2011-03-08,4.86,4.95,4.83,4.92,5000,4.92
2011-03-07,4.95,4.9501,4.80,4.86,6300,4.86
2011-03-04,5.28,5.29,5.09,5.09,600,5.09
2011-03-03,5.01,5.19,4.96,4.96,5700,4.96
2011-03-02,5.01,5.205,4.85,5.04,3900,5.04
2011-03-01,5.39,5.46,4.97,5.00,33100,5.00
2011-02-28,5.64,5.99,5.534,5.67,7200,5.67
2011-02-25,5.50,5.67,5.47,5.62,7700,5.62
2011-02-24,5.30,5.49,5.30,5.49,6300,5.49
2011-02-23,5.25,5.35,5.2155,5.295,1200,5.295
2011-02-22,5.37,5.40,5.17,5.36,4000,5.36
2011-02-18,5.30,5.35,5.15,5.34,5800,5.34
2011-02-17,5.30,5.34,5.30,5.34,2200,5.34
2011-02-16,5.21,5.35,5.12,5.35,2100,5.35
2011-02-15,5.17,5.345,4.90,5.34,18000,5.34
2011-02-14,4.97,5.18,4.96,5.05,8000,5.05
2011-02-11,4.99,5.00,4.84,4.962,1900,4.962
2011-02-09,4.92,4.943,4.79,4.90,5000,4.90
2011-02-08,4.84,4.97,4.81,4.97,2700,4.97
2011-02-07,4.80,4.84,4.79,4.79,6800,4.79
2011-02-04,4.83,4.89,4.73,4.80,1900,4.80
2011-02-03,5.20,5.20,4.68,4.90,16200,4.90
2011-02-01,4.93,5.295,4.85,5.20,7700,5.20
2011-01-31,5.30,5.3001,4.89,4.93,14600,4.93
2011-01-28,5.21,5.30,5.20,5.30,800,5.30
2011-01-27,5.35,5.35,5.21,5.35,3700,5.35
2011-01-26,5.32,5.40,5.21,5.3001,3600,5.3001
2011-01-25,5.20,5.40,5.20,5.34,600,5.34
2011-01-24,5.39,5.22,5.21,5.21,1200,5.21
2011-01-21,5.23,5.40,5.20,5.40,3200,5.40
2011-01-19,5.32,5.35,5.15,5.32,2000,5.32
2011-01-18,5.30,5.37,5.30,5.30,4200,5.30
2011-01-14,5.11,5.36,5.05,5.36,6500,5.36
2011-01-12,4.96,5.24,4.96,5.20,11700,5.20
2011-01-11,4.93,5.00,4.79,4.835,9400,4.835
2011-01-10,4.90,4.96,4.79,4.96,3100,4.96
2011-01-07,4.82,4.943,4.82,4.89,3600,4.89
2011-01-06,4.80,4.89,4.80,4.80,400,4.80
2011-01-05,4.71,4.89,4.68,4.89,4800,4.89
2011-01-04,4.69,4.80,4.67,4.72,14000,4.72
2011-01-03,5.00,5.00,4.61,4.84,5400,4.84
2010-12-31,4.94,5.00,4.82,5.00,3500,5.00
2010-12-30,4.87,4.95,4.77,4.95,10500,4.95
2010-12-29,4.75,4.94,4.62,4.87,4300,4.87
2010-12-28,4.71,4.95,4.57,4.83,4500,4.83
2010-12-27,4.66,4.86,4.56,4.82,3100,4.82
2010-12-22,4.59,4.923,4.55,4.77,8800,4.77
2010-12-21,4.66,4.70,4.58,4.65,6100,4.65
2010-12-20,4.68,4.855,4.63,4.64,2600,4.64
2010-12-17,4.75,4.916,4.61,4.74,1900,4.74
2010-12-16,4.55,4.846,4.55,4.80,600,4.80
2010-12-15,4.81,4.83,4.52,4.56,13800,4.56
2010-12-14,4.77,4.96,4.75,4.91,8300,4.91
2010-12-13,4.79,4.8992,4.77,4.85,900,4.85
2010-12-10,4.87,4.9218,4.75,4.85,11600,4.85
2010-12-09,4.99,4.99,4.87,4.93,1000,4.93
2010-12-08,4.85,4.99,4.85,4.99,1400,4.99
2010-12-07,4.85,4.9766,4.82,4.90,1200,4.90
2010-12-06,4.98,4.99,4.86,4.89,600,4.89
2010-12-03,4.99,5.04,4.94,4.99,7800,4.99
2010-12-02,4.82,4.98,4.82,4.98,300,4.98
2010-12-01,4.88,5.04,4.59,5.04,4100,5.04
2010-11-30,4.87,4.915,4.57,4.81,20100,4.81
2010-11-29,4.90,5.15,4.90,5.07,3900,5.07
2010-11-26,5.10,5.10,4.86,5.01,600,5.01
2010-11-24,4.99,5.10,4.78,5.10,7600,5.10
2010-11-22,4.98,5.00,4.7788,5.00,1400,5.00
2010-11-19,4.91,5.00,4.738,4.9999,6300,4.9999
2010-11-18,5.00,5.15,4.90,4.90,9700,4.90
2010-11-17,4.99,5.14,4.72,4.88,7400,4.88
2010-11-16,4.78,5.20,4.78,5.06,27800,5.06
2010-11-15,4.92,5.01,4.71,4.81,13800,4.81
2010-11-12,5.00,5.10,4.80,4.85,4900,4.85
2010-11-11,5.20,5.20,4.95,5.142,7600,5.142
2010-11-10,4.99,5.23,4.8252,5.20,120400,5.20
2010-11-09,4.72,4.97,4.57,4.951,15800,4.951
2010-11-08,4.97,4.97,4.72,4.90,8200,4.90
2010-11-05,5.07,5.07,5.00,5.00,400,5.00
2010-11-04,4.94,5.066,4.80,5.04,12300,5.04
2010-11-03,4.89,5.08,4.65,5.065,17200,5.065
2010-11-02,4.70,4.89,4.47,4.885,23500,4.885
2010-11-01,4.82,5.05,4.738,4.88,5700,4.88
2010-10-29,4.97,5.02,4.968,4.97,700,4.97
2010-10-28,4.95,5.00,4.84,4.95,2800,4.95
2010-10-27,4.53,5.08,4.30,5.08,19300,5.08
2010-10-26,4.52,5.08,4.52,4.53,19300,4.53
2010-10-22,4.80,5.03,4.511,4.80,700,4.80
2010-10-21,4.85,4.85,4.62,4.68,1000,4.68
2010-10-20,4.43,4.96,4.43,4.85,1800,4.85
2010-10-19,4.89,5.13,4.40,4.40,11900,4.40
2010-10-15,5.00,5.142,5.00,5.142,1000,5.142
2010-10-14,5.01,5.20,4.74,5.19,5500,5.19
2010-10-13,5.23,5.23,5.2299,5.23,300,5.23
2010-10-12,5.25,5.25,4.9001,5.18,1800,5.18
2010-10-11,5.00,5.25,4.9361,5.16,2200,5.16
2010-10-08,5.10,5.25,4.9101,5.17,1800,5.17
2010-10-07,4.66,5.11,4.46,5.10,11000,5.10
2010-10-06,4.72,4.93,4.66,4.66,700,4.66
2010-10-04,4.89,4.9899,4.89,4.93,1300,4.93
2010-10-01,4.72,4.992,4.71,4.992,500,4.992
2010-09-29,4.96,5.00,4.91,4.96,2200,4.96
2010-09-28,4.68,4.90,4.68,4.90,1300,4.90
2010-09-27,4.87,4.87,4.87,4.87,000,4.87
2010-09-24,4.70,4.90,4.60,4.90,900,4.90
2010-09-23,4.84,4.982,4.50,4.95,800,4.95
2010-09-22,4.85,4.85,4.70,4.70,3000,4.70
2010-09-21,4.825,5.00,4.75,4.77,1100,4.77
2010-09-17,5.00,5.00,4.97,5.00,600,5.00
2010-09-16,4.48,5.00,4.45,5.00,10300,5.00
2010-09-15,4.80,4.80,4.46,4.46,200,4.46
2010-09-13,4.65,4.90,4.45,4.80,6800,4.80
2010-09-10,4.39,4.632,4.39,4.632,2300,4.632
2010-09-09,4.40,4.40,4.40,4.40,400,4.40
2010-09-07,4.55,4.64,4.54,4.54,900,4.54
2010-09-03,4.60,4.60,4.50,4.50,2000,4.50
2010-09-02,4.55,4.605,4.50,4.54,2400,4.54
2010-09-01,4.53,4.55,4.39,4.55,3100,4.55
2010-08-31,4.37,4.44,4.25,4.40,4200,4.40
2010-08-30,4.35,4.39,4.05,4.15,3800,4.15
2010-08-26,4.13,4.35,4.088,4.13,2100,4.13
2010-08-25,4.07,4.20,4.07,4.20,2400,4.20
2010-08-24,4.13,4.382,4.06,4.06,55800,4.06
2010-08-23,4.15,4.20,4.15,4.15,11000,4.15
2010-08-20,4.23,4.37,4.23,4.26,2400,4.26
2010-08-19,4.18,4.18,4.15,4.16,3000,4.16
2010-08-18,4.33,4.39,4.15,4.33,1100,4.33
2010-08-17,4.16,4.40,4.15,4.39,1000,4.39
2010-08-16,4.26,4.56,4.26,4.26,3500,4.26
2010-08-12,4.28,4.30,4.26,4.30,1000,4.30
2010-08-10,4.43,4.43,4.43,4.43,1100,4.43
2010-08-05,4.63,4.63,4.57,4.57,200,4.57
2010-08-04,4.39,4.63,4.39,4.63,2100,4.63
2010-08-03,4.39,4.74,4.33,4.66,7800,4.66
2010-08-02,4.18,4.22,4.18,4.22,200,4.22
2010-07-30,4.18,4.25,4.16,4.18,700,4.18
2010-07-29,4.20,4.58,4.20,4.28,2300,4.28
2010-07-28,4.36,4.41,4.21,4.25,700,4.25
2010-07-27,4.86,4.86,4.19,4.25,6700,4.25
2010-07-26,4.31,4.65,4.11,4.13,13300,4.13
2010-07-22,4.53,4.595,4.26,4.595,1900,4.595
2010-07-21,4.25,4.50,4.22,4.50,2700,4.50
2010-07-20,4.40,4.40,4.20,4.30,1200,4.30
2010-07-15,4.67,4.74,4.3801,4.56,5300,4.56
2010-07-14,4.05,4.81,4.02,4.76,12300,4.76
2010-07-13,4.10,4.10,4.09,4.0992,1400,4.0992
2010-07-12,4.10,4.12,4.06,4.06,3500,4.06
2010-07-09,4.09,4.29,4.06,4.10,8800,4.10
2010-07-08,4.28,4.29,4.05,4.244,5600,4.244
2010-07-07,4.29,4.30,4.246,4.293,3600,4.293
2010-07-06,4.32,4.43,4.05,4.12,26900,4.12
2010-07-02,4.42,4.42,4.25,4.33,10000,4.33
2010-07-01,4.41,4.50,4.41,4.49,2100,4.49
2010-06-30,4.52,4.8065,4.45,4.45,5200,4.45
2010-06-29,4.52,4.71,4.45,4.45,11500,4.45
2010-06-28,4.52,4.80,4.41,4.76,3700,4.76
2010-06-25,4.49,4.835,4.49,4.65,600,4.65
2010-06-24,4.74,4.85,4.40,4.41,5900,4.41
2010-06-23,4.68,4.80,4.50,4.64,8900,4.64
2010-06-22,4.63,4.795,4.31,4.795,19700,4.795
2010-06-21,4.87,4.87,4.66,4.758,500,4.758
2010-06-18,4.74,5.00,4.73,5.00,1500,5.00
2010-06-16,4.61,5.00,4.525,4.85,3800,4.85
2010-06-15,4.70,4.75,4.66,4.75,1200,4.75
2010-06-14,4.58,4.81,4.44,4.57,4400,4.57
2010-06-11,4.55,4.66,4.41,4.54,10900,4.54
2010-06-10,4.55,4.55,4.445,4.55,800,4.55
2010-06-09,4.57,4.885,4.46,4.46,3200,4.46
2010-06-08,4.56,4.60,4.50,4.60,3600,4.60
2010-06-07,4.64,4.64,4.60,4.60,2400,4.60
2010-06-04,4.57,4.985,4.55,4.845,3600,4.845
2010-06-03,4.86,4.95,4.86,4.88,2900,4.88
2010-06-02,4.85,4.91,4.55,4.86,2300,4.86
2010-06-01,4.67,4.99,4.33,4.89,3100,4.89
2010-05-28,4.65,5.10,4.62,4.99,1600,4.99
2010-05-27,4.61,5.135,4.61,5.09,500,5.09
2010-05-26,5.00,5.00,4.95,4.95,500,4.95
2010-05-25,4.67,5.00,4.66,4.928,1400,4.928
2010-05-21,4.82,5.10,4.82,5.0999,400,5.0999
2010-05-20,5.33,5.34,4.45,4.85,19700,4.85
2010-05-19,4.84,5.285,4.84,5.10,1200,5.10
2010-05-18,4.55,4.76,4.39,4.51,2100,4.51
2010-05-17,4.41,4.60,4.32,4.53,8700,4.53
2010-05-14,4.77,4.84,4.42,4.76,4600,4.76
2010-05-13,4.55,5.215,4.437,4.90,18100,4.90
2010-05-12,4.95,4.97,4.45,4.57,6500,4.57
2010-05-11,4.63,4.8499,4.60,4.8499,5900,4.8499
2010-05-10,5.00,5.15,4.64,4.84,10200,4.84
2010-05-07,4.47,4.72,4.45,4.72,6000,4.72
2010-05-06,4.67,4.80,4.34,4.34,10300,4.34
2010-05-05,5.15,5.32,4.52,4.80,5000,4.80
2010-05-04,5.80,5.90,4.81,5.10,16700,5.10
2010-05-03,6.00,6.24,5.71,6.21,2200,6.21
2010-04-30,5.74,6.00,5.72,5.73,1100,5.73
2010-04-29,5.73,5.73,5.73,5.73,100,5.73
2010-04-28,5.70,6.00,5.70,5.80,1400,5.80
2010-04-27,5.81,5.81,5.70,5.70,10500,5.70
2010-04-26,5.78,5.89,5.75,5.80,9000,5.80
2010-04-23,6.26,6.28,5.66,6.01,15600,6.01
2010-04-22,6.03,6.04,5.93,5.94,5000,5.94
2010-04-21,6.01,6.04,5.92,6.04,9000,6.04
2010-04-20,6.12,6.247,5.976,6.247,6600,6.247
2010-04-15,6.46,6.48,6.26,6.314,3000,6.314
2010-04-14,6.25,6.48,6.25,6.48,3200,6.48
2010-04-13,6.125,6.125,6.10,6.10,200,6.10
2010-04-12,6.54,6.54,6.54,6.54,17900,6.54
2010-04-09,6.47,6.70,6.36,6.70,17900,6.70
2010-04-08,6.12,6.47,6.10,6.47,3400,6.47
2010-04-07,6.48,6.52,6.48,6.48,1000,6.48
2010-04-06,6.48,6.48,6.10,6.47,1400,6.47
2010-04-05,6.34,6.69,6.21,6.48,7600,6.48
2010-04-01,6.00,6.25,5.92,6.25,14700,6.25
2010-03-31,6.00,6.00,5.92,5.93,1300,5.93
2010-03-30,6.00,6.00,5.93,6.00,300,6.00
2010-03-29,6.00,6.00,5.92,5.92,1400,5.92
2010-03-26,6.00,6.00,5.78,6.00,1100,6.00
2010-03-25,5.87,6.07,5.6668,5.99,11100,5.99
2010-03-24,5.88,5.93,5.88,5.93,300,5.93
2010-03-23,5.88,5.95,5.62,5.88,4800,5.88
2010-03-22,5.98,5.98,5.60,5.95,1200,5.95
2010-03-19,5.98,5.98,5.78,5.98,3500,5.98
2010-03-18,5.81,5.85,5.615,5.76,500,5.76
2010-03-17,5.68,5.95,5.56,5.90,4600,5.90
2010-03-16,5.72,5.85,5.55,5.76,3000,5.76
2010-03-15,5.64,5.997,5.55,5.80,1400,5.80
2010-03-12,5.76,5.9724,5.55,5.57,12000,5.57
2010-03-11,5.71,5.984,5.60,5.87,10800,5.87
2010-03-10,5.91,5.9899,5.65,5.91,1600,5.91
2010-03-09,5.72,5.97,5.60,5.97,5400,5.97
2010-03-08,5.95,6.09,5.75,5.96,16000,5.96
2010-03-05,5.98,6.24,5.9499,6.19,6500,6.19
2010-03-04,5.76,6.15,5.70,5.95,4000,5.95
2010-03-03,6.05,6.10,5.68,6.10,4000,6.10
2010-03-02,5.88,6.08,5.88,6.02,5000,6.02
2010-03-01,5.58,6.08,5.57,5.79,3600,5.79
2010-02-26,5.70,5.90,5.70,5.70,500,5.70
2010-02-25,5.75,6.01,5.55,5.57,7200,5.57
2010-02-24,5.90,5.90,5.89,5.8915,1100,5.8915
2010-02-23,6.13,6.13,5.78,6.048,2000,6.048
2010-02-22,5.70,6.08,5.70,6.03,14200,6.03
2010-02-19,5.70,6.00,5.55,5.67,2600,5.67
2010-02-18,5.88,6.08,5.73,5.949,5200,5.949
2010-02-17,5.97,6.15,5.78,6.00,19200,6.00
2010-02-16,5.52,5.788,5.52,5.78,600,5.78
2010-02-12,5.52,5.90,5.40,5.88,3900,5.88
2010-02-11,5.83,5.95,5.475,5.70,7400,5.70
2010-02-10,5.55,5.90,5.4299,5.77,7200,5.77
2010-02-09,5.24,5.47,5.23,5.44,6800,5.44
2010-02-08,5.19,5.25,5.00,5.20,6000,5.20
2010-02-05,5.24,5.24,5.00,5.11,12600,5.11
2010-02-04,4.85,5.84,4.68,5.25,69500,5.25
2010-02-03,4.59,4.6999,4.59,4.6999,1400,4.6999
2010-02-02,4.36,4.53,4.28,4.50,700,4.50
2010-02-01,4.50,4.60,4.345,4.60,3900,4.60
2010-01-29,4.42,4.45,4.00,4.42,700,4.42
2010-01-28,4.18,4.30,3.90,4.29,8500,4.29
2010-01-27,4.23,4.23,4.19,4.23,400,4.23
2010-01-26,4.09,4.25,4.09,4.14,3100,4.14
2010-01-25,4.048,4.048,4.048,4.048,200,4.048
2010-01-21,4.10,4.10,3.93,4.00,2300,4.00
2010-01-20,3.98,4.12,3.875,3.91,10800,3.91
2010-01-19,3.85,4.12,3.84,4.12,5100,4.12
2010-01-15,3.98,4.00,3.98,4.00,200,4.00
2010-01-14,3.84,3.97,3.84,3.965,2000,3.965
2010-01-13,3.85,3.97,3.80,3.84,1900,3.84
2010-01-12,4.00,4.00,3.75,3.75,4000,3.75
2010-01-11,4.03,4.03,4.00,4.02,3500,4.02
2010-01-08,4.30,4.35,4.00,4.00,2800,4.00
2010-01-07,4.30,4.35,4.00,4.133,1200,4.133
2010-01-06,4.12,4.14,4.10,4.10,7900,4.10
2010-01-05,4.31,4.31,4.105,4.13,700,4.13
2010-01-04,4.22,4.32,4.11,4.125,2000,4.125
2009-12-31,4.26,4.48,4.1401,4.41,5300,4.41
2009-12-30,4.50,4.50,4.50,4.50,600,4.50
2009-12-29,4.48,4.50,4.26,4.50,2000,4.50
2009-12-28,4.28,4.42,4.115,4.25,900,4.25
2009-12-24,4.47,4.51,4.105,4.51,1000,4.51
2009-12-23,4.18,4.619,3.9225,4.61,17700,4.61
2009-12-21,4.70,4.70,4.135,4.30,2900,4.30
2009-12-18,4.76,4.85,4.38,4.38,5500,4.38
2009-12-17,4.325,4.96,4.105,4.84,5700,4.84
2009-12-16,4.40,4.60,4.355,4.37,1800,4.37
2009-12-15,4.58,4.58,4.11,4.462,1200,4.462
2009-12-14,4.60,4.66,4.015,4.32,3300,4.32
2009-12-11,4.50,4.6999,4.22,4.22,1600,4.22
2009-12-10,4.24,4.75,4.11,4.45,9400,4.45
2009-12-09,3.97,4.24,3.855,4.11,1700,4.11
2009-12-08,3.90,4.15,3.855,3.95,1400,3.95
2009-12-07,4.65,4.70,3.875,4.09,10400,4.09
2009-12-04,4.78,4.79,4.065,4.25,8300,4.25
2009-12-03,4.20,4.90,3.96,4.6499,17100,4.6499
2009-12-01,4.185,4.40,3.90,4.40,2900,4.40
2009-11-30,3.90,4.38,3.90,4.38,2700,4.38
2009-11-25,4.37,4.40,3.925,4.40,6900,4.40
2009-11-24,4.04,4.30,3.90,4.2999,6500,4.2999
2009-11-23,4.20,4.33,3.865,4.33,200,4.33
2009-11-20,3.85,4.35,3.82,4.295,1600,4.295
2009-11-19,4.10,4.10,4.10,4.10,200,4.10
2009-11-18,3.84,4.34,3.84,4.34,200,4.34
2009-11-17,4.34,4.35,4.015,4.19,1400,4.19
2009-11-16,4.36,4.36,3.77,4.34,2800,4.34
2009-11-13,3.835,4.40,3.835,4.32,1500,4.32
2009-11-12,4.40,4.46,4.01,4.05,9000,4.05
2009-11-11,3.72,3.93,3.70,3.93,9200,3.93
2009-11-10,3.92,3.92,3.70,3.77,7200,3.77
2009-11-09,3.93,3.93,3.70,3.92,3900,3.92
2009-11-06,3.74,4.00,3.72,3.93,14800,3.93
2009-11-05,3.98,4.00,3.70,3.71,13800,3.71
2009-11-04,3.07,4.92,3.07,3.94,64700,3.94
2009-11-03,2.71,2.97,2.45,2.45,7700,2.45
2009-10-30,2.89,2.96,2.89,2.89,200,2.89
2009-10-29,2.80,2.98,2.80,2.98,1100,2.98
2009-10-28,2.71,2.85,2.68,2.68,2100,2.68
2009-10-27,2.75,2.90,2.695,2.90,1300,2.90
2009-10-26,2.77,2.92,2.75,2.75,1800,2.75
2009-10-23,2.82,2.95,2.75,2.895,4100,2.895
2009-10-22,2.78,2.95,2.78,2.95,200,2.95
2009-10-21,2.83,2.99,2.81,2.81,700,2.81
2009-10-20,2.78,3.03,2.75,3.02,3100,3.02
2009-10-15,2.93,3.015,2.7901,2.7901,900,2.7901
2009-10-14,2.98,3.05,2.69,3.05,6700,3.05
2009-10-13,2.75,2.99,2.69,2.99,7400,2.99
2009-10-12,2.71,2.92,2.70,2.70,300,2.70
2009-10-09,2.70,2.912,2.685,2.912,1000,2.912
2009-10-08,2.81,2.95,2.6601,2.95,3000,2.95
2009-10-07,2.76,2.99,2.65,2.95,5700,2.95
2009-10-06,2.59,2.65,2.495,2.65,9700,2.65
2009-10-05,2.38,2.50,2.37,2.37,1200,2.37
2009-10-02,2.65,2.65,2.39,2.39,6700,2.39
2009-10-01,2.69,2.69,2.425,2.65,300,2.65
2009-09-30,2.65,2.69,2.39,2.69,3300,2.69
2009-09-29,2.67,2.68,2.525,2.65,1600,2.65
2009-09-28,2.46,2.69,2.46,2.638,5300,2.638
2009-09-25,2.52,2.54,2.43,2.43,1300,2.43
2009-09-24,2.36,2.575,2.34,2.37,8600,2.37
2009-09-23,2.55,2.75,2.33,2.334,13000,2.334
2009-09-22,2.54,2.85,2.33,2.33,22300,2.33
2009-09-21,2.89,2.89,2.52,2.52,9900,2.52
2009-09-18,2.86,3.11,2.55,2.79,13900,2.79
2009-09-17,3.15,3.15,2.89,3.13,7600,3.13
2009-09-16,3.31,3.3495,2.80,2.82,5600,2.82
2009-09-15,2.85,3.32,2.83,3.32,2700,3.32
2009-09-14,2.76,3.14,2.76,3.14,10300,3.14
2009-09-11,3.12,3.15,3.01,3.13,3500,3.13
2009-09-10,2.89,3.13,2.89,2.89,400,2.89
2009-09-09,2.91,3.20,2.80,3.20,12000,3.20
2009-09-04,2.41,2.83,2.41,2.77,2800,2.77
2009-09-03,2.33,2.33,2.33,2.33,000,2.33
2009-09-02,2.46,2.46,2.33,2.33,4600,2.33
2009-09-01,2.46,2.46,2.43,2.45,3000,2.45
2009-08-31,2.47,2.74,2.45,2.45,1300,2.45
2009-08-28,2.56,2.73,2.4426,2.72,5300,2.72
2009-08-27,2.60,2.85,2.55,2.83,2100,2.83
2009-08-26,2.925,2.925,2.59,2.88,900,2.88
2009-08-25,2.85,2.85,2.85,2.85,000,2.85
2009-08-24,2.85,2.85,2.85,2.85,000,2.85
2009-08-21,2.72,2.88,2.72,2.85,3900,2.85
2009-08-20,2.64,2.75,2.64,2.75,1100,2.75
2009-08-19,2.59,2.59,2.59,2.59,000,2.59
2009-08-18,2.43,2.59,2.43,2.59,800,2.59
2009-08-17,2.52,2.83,2.2875,2.49,2500,2.49
2009-08-14,2.65,2.65,2.51,2.51,2700,2.51
2009-08-13,2.845,2.845,2.845,2.845,000,2.845
2009-08-12,2.81,2.885,2.60,2.845,4400,2.845
2009-08-11,2.90,2.90,2.54,2.54,10100,2.54
2009-08-10,2.98,2.98,2.56,2.56,18300,2.56
2009-08-07,2.86,3.258,2.83,2.91,700,2.91
2009-08-06,2.73,3.3982,2.70,3.34,24600,3.34
2009-08-05,3.00,3.00,3.00,3.00,000,3.00
2009-08-04,2.71,3.00,2.70,3.00,11200,3.00
2009-08-03,2.97,3.00,2.60,3.00,1600,3.00
2009-07-31,2.605,2.98,2.54,2.97,1200,2.97
2009-07-30,3.02,3.02,3.02,3.02,4000,3.02
2009-07-29,3.00,3.00,3.00,3.00,100,3.00
2009-07-28,2.63,3.0236,2.63,2.854,3400,2.854
2009-07-27,3.04,3.04,2.66,2.75,1500,2.75
2009-07-24,3.09,3.09,3.09,3.09,000,3.09
2009-07-23,2.75,3.11,2.75,3.09,1500,3.09
2009-07-22,2.95,3.01,2.62,3.01,12200,3.01
2009-07-21,2.96,2.96,2.54,2.54,1800,2.54
2009-07-20,2.83,2.95,2.72,2.943,5100,2.943
2009-07-17,2.76,3.19,2.70,3.09,6100,3.09
2009-07-16,2.90,3.19,2.75,2.80,7600,2.80
2009-07-15,2.98,2.98,2.54,2.58,4400,2.58
2009-07-14,3.17,3.19,2.67,2.75,3800,2.75
2009-07-13,3.26,3.40,2.64,3.14,5400,3.14
2009-07-10,3.01,3.48,3.01,3.25,3700,3.25
2009-07-09,2.74,3.2999,2.55,3.01,14600,3.01
2009-07-08,2.62,2.75,2.54,2.54,900,2.54
2009-07-07,2.70,2.75,2.53,2.5762,1100,2.5762
2009-07-06,3.00,3.00,2.25,2.4375,6900,2.4375
2009-07-02,2.50,3.00,2.50,2.98,2200,2.98
2009-07-01,2.86,2.86,2.25,2.25,1700,2.25
2009-06-30,2.44,2.90,2.44,2.74,7100,2.74
2009-06-26,2.1199,2.44,2.11,2.25,12100,2.25
2009-06-23,1.92,1.92,1.90,1.90,1300,1.90
2009-06-22,1.90,2.1399,1.90,1.91,2800,1.91
2009-06-18,1.895,1.895,1.885,1.885,300,1.885
2009-06-17,1.77,1.87,1.77,1.85,700,1.85
2009-06-15,1.82,2.00,1.75,1.75,6700,1.75
2009-06-11,2.25,2.25,1.79,2.08,3400,2.08
2009-06-09,2.16,2.25,2.06,2.25,2000,2.25
2009-06-08,2.25,2.35,2.25,2.35,1000,2.35
2009-06-05,2.10,2.45,2.095,2.24,1800,2.24
2009-06-04,2.10,2.10,1.90,1.90,3200,1.90
2009-06-03,1.96,2.01,1.90,1.91,1800,1.91
2009-06-02,2.09,2.10,2.09,2.10,500,2.10
2009-06-01,1.95,2.18,1.91,1.93,3400,1.93
2009-05-29,1.79,1.96,1.79,1.80,4900,1.80
2009-05-28,1.95,1.95,1.95,1.95,100,1.95
2009-05-27,1.95,1.95,1.945,1.95,1200,1.95
2009-05-26,1.81,1.94,1.80,1.94,1100,1.94
2009-05-22,1.992,1.992,1.81,1.81,300,1.81
2009-05-20,2.01,2.01,1.85,1.86,600,1.86
2009-05-19,1.80,2.13,1.80,2.09,4200,2.09
2009-05-18,1.70,1.75,1.70,1.75,2500,1.75
2009-05-14,1.85,1.92,1.75,1.75,2100,1.75
2009-05-13,1.83,1.83,1.55,1.57,2700,1.57
2009-05-11,2.20,2.20,2.07,2.10,6100,2.10
2009-05-08,2.15,2.20,2.15,2.17,3200,2.17
2009-05-07,2.29,2.29,1.80,1.825,4000,1.825
2009-05-06,2.15,2.35,1.79,2.10,9800,2.10
2009-05-05,2.50,2.50,2.45,2.45,300,2.45
2009-04-30,2.45,2.45,2.45,2.45,1200,2.45
2009-04-29,2.50,2.50,2.46,2.50,300,2.50
2009-04-28,2.264,2.45,2.264,2.43,1400,2.43
2009-04-27,2.10,2.45,2.10,2.45,400,2.45
2009-04-24,2.26,2.35,2.17,2.3194,1000,2.3194
2009-04-23,2.23,2.4999,2.05,2.45,9200,2.45
2009-04-22,2.51,2.51,2.05,2.50,5300,2.50
2009-04-21,2.08,2.57,1.90,2.57,5200,2.57
2009-04-20,2.39,2.40,1.85,2.06,6200,2.06
2009-04-17,2.18,2.40,1.80,1.85,9900,1.85
2009-04-16,2.17,2.45,2.04,2.45,1500,2.45
2009-04-15,2.50,2.50,2.20,2.45,3600,2.45
2009-04-14,2.0701,2.45,2.07,2.45,1000,2.45
2009-04-13,2.25,2.57,2.1001,2.55,1700,2.55
2009-04-09,2.00,2.57,2.00,2.5699,7900,2.5699
2009-04-08,2.14,2.15,2.07,2.10,1500,2.10
2009-04-07,2.15,2.15,1.94,2.15,700,2.15
2009-04-06,1.55,2.10,1.55,2.03,30100,2.03
2009-04-03,1.45,1.71,1.45,1.4864,1500,1.4864
2009-04-02,1.43,1.43,1.41,1.41,1100,1.41
2009-04-01,1.50,1.73,1.36,1.73,5800,1.73
2009-03-31,1.7501,2.17,1.58,1.6958,10700,1.6958
2009-03-30,1.59,2.07,1.5501,1.9899,1700,1.9899
2009-03-27,1.48,2.08,1.48,2.08,4400,2.08
2009-03-26,1.47,2.04,1.30,1.53,23800,1.53
2009-03-25,1.456,1.456,1.31,1.31,1700,1.31
2009-03-24,1.44,1.50,1.21,1.29,2800,1.29
2009-03-23,1.70,1.70,1.25,1.53,3700,1.53
2009-03-20,1.59,1.75,1.31,1.65,3300,1.65
2009-03-19,1.33,1.5282,1.20,1.52,8000,1.52
2009-03-18,1.32,1.32,1.32,1.32,200,1.32
2009-03-17,1.33,1.33,1.325,1.325,600,1.325
2009-03-16,1.25,1.5028,1.15,1.37,9600,1.37
2009-03-13,1.4492,1.65,1.03,1.62,10900,1.62
2009-03-12,1.41,1.85,0.81,1.83,8000,1.83
2009-03-11,1.32,1.90,1.32,1.80,2500,1.80
2009-03-10,1.89,1.91,1.485,1.80,1100,1.80
2009-03-09,1.42,1.42,1.42,1.42,100,1.42
2009-03-06,1.30,1.38,1.30,1.34,2900,1.34
2009-03-05,1.41,1.42,1.30,1.30,3600,1.30
2009-03-04,1.50,1.51,1.50,1.51,200,1.51
2009-03-03,1.30,1.41,1.30,1.36,1000,1.36
2009-03-02,1.41,1.41,1.30,1.30,2900,1.30
2009-02-27,1.59,1.685,1.42,1.42,2500,1.42
2009-02-26,1.95,1.95,1.45,1.50,800,1.50
2009-02-25,2.05,2.05,1.36,1.68,3600,1.68
2009-02-24,2.16,2.16,1.50,1.7299,4400,1.7299
2009-02-23,1.90,2.00,1.32,1.735,7100,1.735
2009-02-20,1.31,1.67,1.31,1.62,3600,1.62
2009-02-19,1.54,2.00,1.30,1.36,400,1.36
2009-02-18,2.20,2.20,1.32,1.32,2400,1.32
2009-02-17,1.31,1.31,1.31,1.31,100,1.31
2009-02-13,1.97,1.99,1.30,1.58,5500,1.58
2009-02-12,1.70,1.71,1.70,1.70,900,1.70
2009-02-11,1.65,1.70,1.65,1.70,200,1.70
2009-02-10,1.55,2.65,1.55,2.30,5300,2.30
2009-02-09,2.70,2.70,2.26,2.26,1500,2.26
2009-02-06,2.28,2.67,2.28,2.5699,2000,2.5699
2009-02-05,2.03,2.33,2.03,2.33,700,2.33
2009-02-04,1.38,2.25,1.38,2.00,23400,2.00
2009-02-03,1.10,1.24,1.10,1.1005,1100,1.1005
2009-02-02,1.25,1.37,1.08,1.25,13200,1.25
2009-01-29,1.30,1.30,1.28,1.28,2600,1.28
2009-01-28,1.45,1.45,1.45,1.45,1000,1.45
2009-01-27,1.25,1.40,1.25,1.40,200,1.40
2009-01-23,1.40,1.64,1.25,1.53,800,1.53
2009-01-22,1.19,1.64,1.17,1.64,4700,1.64
2009-01-21,1.15,1.48,1.00,1.45,11900,1.45
2009-01-20,1.40,1.40,1.12,1.26,3300,1.26
2009-01-16,1.32,1.76,1.25,1.29,3800,1.29
2009-01-15,1.86,1.89,1.11,1.15,16400,1.15
2009-01-14,1.75,1.75,1.75,1.75,100,1.75
2009-01-13,2.00,2.00,1.61,1.93,800,1.93
2009-01-12,1.66,1.99,1.58,1.93,2400,1.93
2009-01-09,1.7501,1.7501,1.70,1.70,2300,1.70
2009-01-08,1.54,1.94,1.54,1.60,5600,1.60
2009-01-07,1.9001,2.20,1.12,2.05,11800,2.05
2009-01-05,2.23,2.23,1.81,1.94,1700,1.94
2008-12-31,2.39,2.39,1.8601,2.37,1200,2.37
2008-12-30,2.46,2.70,1.81,2.70,1700,2.70
2008-12-29,3.25,3.25,2.45,3.00,2200,3.00
2008-12-26,2.14,3.3095,2.14,2.61,12400,2.61
2008-12-23,2.75,2.75,2.06,2.61,2400,2.61
2008-12-22,3.00,3.09,2.50,2.8999,1900,2.8999
2008-12-19,1.85,3.09,1.85,3.09,19500,3.09
2008-12-18,1.95,1.95,1.55,1.55,900,1.55
2008-12-17,1.65,2.05,1.55,2.05,900,2.05
2008-12-16,2.0999,2.0999,1.8394,1.85,400,1.85
2008-12-15,1.8501,1.8501,1.6601,1.85,2200,1.85
2008-12-12,1.95,2.10,1.30,2.0999,6000,2.0999
2008-12-11,1.60,1.73,1.5401,1.73,1600,1.73
2008-12-08,1.2201,2.02,1.2201,2.02,400,2.02
2008-12-05,2.06,2.0899,1.75,2.0899,800,2.0899
2008-12-04,1.75,1.96,1.6801,1.93,3100,1.93
2008-12-02,1.98,1.99,1.95,1.99,400,1.99
2008-12-01,2.14,2.14,1.85,1.85,2200,1.85
2008-11-28,2.15,2.15,2.15,2.15,600,2.15
2008-11-25,2.14,2.20,1.6501,2.20,2400,2.20
2008-11-24,1.14,2.15,1.14,2.15,5500,2.15
2008-11-21,1.11,1.63,1.10,1.63,5300,1.63
2008-11-20,1.12,1.27,1.05,1.26,2500,1.26
2008-11-19,1.15,1.2799,1.00,1.2799,2000,1.2799
2008-11-18,1.00,1.15,1.00,1.15,4600,1.15
2008-11-17,1.05,1.15,1.05,1.15,2900,1.15
2008-11-14,1.25,1.40,1.00,1.05,6100,1.05
2008-11-13,1.25,1.50,1.25,1.30,13600,1.30
2008-11-12,1.35,1.50,1.27,1.27,3000,1.27
2008-11-11,1.51,1.51,1.40,1.40,1400,1.40
2008-11-10,1.6995,1.70,1.55,1.65,5900,1.65
2008-11-07,1.97,1.98,1.50,1.68,3400,1.68
2008-11-06,2.25,2.25,2.25,2.25,000,2.25
2008-11-05,2.17,2.25,1.87,2.25,1800,2.25
2008-11-04,2.99,3.15,1.68,1.70,14600,1.70
2008-11-03,2.06,2.19,1.63,2.171,1300,2.171
2008-10-31,2.95,2.95,2.95,2.95,100,2.95
2008-10-30,2.14,2.14,2.14,2.14,000,2.14
2008-10-29,2.15,2.15,2.14,2.14,300,2.14
2008-10-28,2.38,2.38,2.38,2.38,000,2.38
2008-10-27,2.35,3.00,2.04,2.38,1400,2.38
2008-10-24,1.88,2.50,1.38,2.50,3100,2.50
2008-10-23,2.99,2.99,2.99,2.99,000,2.99
2008-10-22,2.99,2.99,2.99,2.99,200,2.99
2008-10-21,2.97,3.00,2.97,3.00,600,3.00
2008-10-20,2.31,2.31,2.28,2.31,700,2.31
2008-10-17,2.90,2.90,2.90,2.90,000,2.90
2008-10-16,2.384,2.8995,2.3501,2.8995,1300,2.8995
2008-10-15,2.68,3.00,1.82,2.939,5800,2.939
2008-10-14,2.00,2.00,2.00,2.00,700,2.00
2008-10-13,2.30,2.62,1.95,1.95,3000,1.95
2008-10-10,2.51,2.51,2.50,2.51,2100,2.51
2008-10-09,2.29,2.53,2.28,2.53,300,2.53
2008-10-08,3.00,3.00,3.00,3.00,000,3.00
2008-10-07,2.35,3.00,2.34,3.00,2200,3.00
2008-10-06,2.50,3.34,2.25,3.00,2100,3.00
2008-10-03,3.05,3.05,3.034,3.05,1700,3.05
2008-10-02,3.35,3.35,3.35,3.35,000,3.35
2008-10-01,3.35,3.35,3.35,3.35,000,3.35
2008-09-30,3.00,3.35,2.20,3.35,6300,3.35
2008-09-29,2.85,2.85,2.85,2.85,100,2.85
2008-09-26,3.08,3.29,3.08,3.08,1100,3.08
2008-09-25,3.25,3.25,3.09,3.25,1100,3.25
2008-09-24,3.25,3.47,3.08,3.47,3500,3.47
2008-09-23,3.35,3.86,3.35,3.86,2900,3.86
2008-09-22,3.18,3.18,3.16,3.18,2300,3.18
2008-09-19,3.32,3.39,3.18,3.36,4600,3.36
2008-09-18,3.45,3.45,3.32,3.32,3000,3.32
2008-09-17,3.18,3.18,3.18,3.18,200,3.18
2008-09-16,3.70,4.34,2.87,3.06,8700,3.06
2008-09-15,3.76,4.40,3.57,4.20,4000,4.20
2008-09-12,4.06,4.06,4.06,4.06,000,4.06
2008-09-11,4.44,4.44,3.85,4.06,2600,4.06
2008-09-10,3.91,3.97,3.56,3.85,1300,3.85
2008-09-09,4.44,4.44,4.04,4.09,2200,4.09
2008-09-08,4.43,4.45,4.388,4.45,1100,4.45
2008-09-05,4.42,4.42,3.87,4.42,3300,4.42
2008-09-04,4.07,4.45,4.00,4.29,2800,4.29
2008-09-03,4.49,4.49,4.49,4.49,100,4.49
2008-09-02,4.40,4.40,4.29,4.40,400,4.40
2008-08-29,4.19,4.37,4.10,4.15,1200,4.15
2008-08-28,4.19,4.19,3.70,4.138,400,4.138
2008-08-27,4.26,4.26,4.26,4.26,000,4.26
2008-08-26,4.26,4.26,4.26,4.26,100,4.26
2008-08-25,4.338,4.338,3.82,4.12,600,4.12
2008-08-22,4.39,4.39,3.89,3.93,1100,3.93
2008-08-21,4.49,4.49,3.78,4.49,8000,4.49
2008-08-20,4.05,4.44,4.02,4.44,1900,4.44
2008-08-19,3.995,4.44,3.995,4.44,1300,4.44
2008-08-18,4.3432,4.3432,4.02,4.32,500,4.32
2008-08-15,4.0014,4.4899,4.0014,4.10,7100,4.10
2008-08-14,4.03,4.03,3.80,3.94,1100,3.94
2008-08-13,3.40,4.09,3.40,4.09,5300,4.09
2008-08-12,3.3401,3.55,3.34,3.55,1600,3.55
2008-08-11,3.93,3.93,3.33,3.62,7300,3.62
2008-08-08,3.90,4.27,3.32,3.93,9800,3.93
2008-08-07,4.10,4.35,3.90,4.35,2100,4.35
2008-08-06,4.15,4.15,3.55,3.99,1200,3.99
2008-08-05,3.668,4.33,3.34,4.05,4600,4.05
2008-08-04,4.50,4.50,3.25,3.888,2600,3.888
2008-08-01,3.45,4.06,3.28,4.0199,3500,4.0199
2008-07-31,3.81,4.49,3.54,4.16,5200,4.16
2008-07-30,4.28,4.28,3.35,4.28,600,4.28
2008-07-29,4.50,4.50,3.80,4.05,2200,4.05
2008-07-28,3.80,4.10,3.59,4.10,3100,4.10
2008-07-25,3.97,4.33,3.15,3.60,8800,3.60
2008-07-24,4.03,4.38,4.03,4.38,600,4.38
2008-07-23,4.50,4.50,3.87,4.42,500,4.42
2008-07-22,3.39,4.65,3.39,4.65,800,4.65
2008-07-21,4.30,4.30,4.30,4.30,000,4.30
2008-07-18,4.30,4.30,4.30,4.30,000,4.30
2008-07-17,4.30,4.30,4.30,4.30,000,4.30
2008-07-16,4.30,4.30,4.30,4.30,000,4.30
2008-07-15,4.30,4.30,4.30,4.30,100,4.30
2008-07-14,4.30,4.30,4.30,4.30,000,4.30
2008-07-11,4.30,4.30,4.30,4.30,200,4.30
2008-07-10,4.29,4.30,4.29,4.30,1200,4.30
2008-07-09,3.99,4.30,3.99,4.30,1000,4.30
2008-07-08,3.80,4.30,3.80,4.30,1300,4.30
2008-07-07,3.41,3.80,3.41,3.80,700,3.80
2008-07-03,3.90,3.90,3.90,3.90,000,3.90
2008-07-02,3.75,4.19,3.75,3.90,400,3.90
2008-07-01,4.29,4.29,4.15,4.15,800,4.15
2008-06-30,4.21,4.22,3.755,4.22,300,4.22
2008-06-27,3.85,4.17,3.85,4.17,200,4.17
2008-06-26,4.32,4.32,4.19,4.19,700,4.19
2008-06-25,3.55,4.18,3.25,4.18,6900,4.18
2008-06-24,3.66,4.00,3.66,3.83,900,3.83
2008-06-23,4.10,4.10,3.50,3.74,2000,3.74
2008-06-20,4.28,4.28,3.61,3.74,1100,3.74
2008-06-19,4.11,4.11,3.70,3.91,14800,3.91
2008-06-18,4.12,4.19,4.06,4.19,2500,4.19
2008-06-17,4.27,4.36,4.21,4.36,600,4.36
2008-06-16,4.27,4.85,4.27,4.61,1200,4.61
2008-06-13,4.42,4.76,4.12,4.48,4600,4.48
2008-06-12,4.16,4.35,4.16,4.19,10500,4.19
2008-06-11,4.22,4.22,4.14,4.14,300,4.14
2008-06-10,4.08,4.98,4.08,4.98,8400,4.98
2008-06-09,4.54,4.913,4.05,4.21,24300,4.21
2008-06-06,5.5552,5.5552,4.51,4.91,1900,4.91
2008-06-05,5.88,5.88,4.59,5.11,3800,5.11
2008-06-04,4.65,4.95,4.56,4.95,5600,4.95
2008-06-03,4.80,5.60,4.80,5.60,8400,5.60
2008-06-02,4.7001,5.20,4.7001,5.20,900,5.20
2008-05-30,5.01,6.955,5.01,5.32,8700,5.32
2008-05-29,4.56,5.24,4.56,5.06,2900,5.06
2008-05-28,4.36,4.55,4.36,4.55,6600,4.55
2008-05-27,4.55,4.55,4.53,4.55,3500,4.55
2008-05-23,4.50,4.517,4.40,4.51,10900,4.51
2008-05-22,4.40,4.50,4.40,4.4465,1600,4.4465
2008-05-21,4.40,4.55,4.40,4.55,8000,4.55
2008-05-20,4.43,5.187,4.43,4.55,1000,4.55
2008-05-19,4.43,5.29,4.43,5.29,9000,5.29
2008-05-16,4.85,5.25,4.85,5.123,11200,5.123
2008-05-15,4.85,4.85,4.35,4.85,106900,4.85
2008-05-14,4.36,4.79,4.36,4.79,800,4.79
2008-05-13,4.85,4.85,4.85,4.85,000,4.85
2008-05-12,4.85,4.85,4.85,4.85,500,4.85
2008-05-09,4.45,4.77,4.08,4.77,44800,4.77
2008-05-08,4.60,4.60,4.60,4.60,000,4.60
2008-05-07,4.19,4.60,4.19,4.60,500,4.60
2008-05-06,4.85,4.85,4.13,4.80,1400,4.80
2008-05-05,4.68,4.68,4.68,4.68,200,4.68
2008-05-02,4.30,4.30,4.30,4.30,000,4.30
2008-05-01,4.3499,4.3499,4.29,4.2999,1600,4.2999
2008-04-30,4.28,4.40,4.28,4.40,800,4.40
2008-04-29,4.21,4.60,4.16,4.55,1300,4.55
2008-04-28,4.79,4.92,4.54,4.54,1200,4.54
2008-04-25,4.38,4.38,4.38,4.38,000,4.38
2008-04-24,4.62,4.62,4.15,4.38,5100,4.38
2008-04-23,4.14,4.38,4.14,4.38,2600,4.38
2008-04-22,4.15,4.15,4.15,4.15,100,4.15
2008-04-21,4.21,4.21,4.21,4.21,100,4.21
2008-04-18,4.50,4.50,4.50,4.50,3300,4.50
2008-04-17,4.49,4.49,4.49,4.49,300,4.49
2008-04-16,4.24,4.57,4.24,4.49,700,4.49
2008-04-15,4.14,4.14,4.14,4.14,200,4.14
2008-04-14,4.17,4.70,4.17,4.70,6100,4.70
2008-04-11,4.25,5.20,4.25,5.20,2000,5.20
2008-04-10,4.70,4.70,4.14,4.14,2000,4.14
2008-04-09,5.24,5.24,5.24,5.24,000,5.24
2008-04-08,5.24,5.24,5.24,5.24,000,5.24
2008-04-07,5.24,5.24,5.24,5.24,000,5.24
2008-04-04,5.24,5.24,5.24,5.24,000,5.24
2008-04-03,4.912,5.24,4.85,5.24,1000,5.24
2008-04-02,5.25,5.25,5.25,5.25,000,5.25
2008-04-01,5.25,5.25,5.25,5.25,000,5.25
2008-03-31,5.25,5.25,5.25,5.25,000,5.25
2008-03-28,5.25,5.25,5.25,5.25,000,5.25
2008-03-27,4.99,5.25,4.99,5.25,300,5.25
2008-03-26,5.00,5.00,4.99,4.99,500,4.99
2008-03-25,4.74,5.25,4.74,5.15,1600,5.15
2008-03-24,5.24,5.25,5.24,5.25,300,5.25
2008-03-20,4.88,5.23,4.83,5.12,2800,5.12
2008-03-19,5.20,5.25,4.94,5.25,1500,5.25
2008-03-18,4.96,5.31,4.96,5.31,300,5.31
2008-03-17,5.1893,5.47,4.888,5.47,1700,5.47
2008-03-14,5.40,5.40,5.17,5.40,2100,5.40
2008-03-13,5.25,5.25,5.25,5.25,000,5.25
2008-03-12,5.1501,5.47,5.1501,5.25,800,5.25
2008-03-11,5.49,5.49,5.49,5.49,000,5.49
2008-03-10,5.49,5.49,5.49,5.49,000,5.49
2008-03-07,5.60,5.60,5.25,5.49,1800,5.49
2008-03-06,5.59,5.60,5.59,5.60,000,5.60
2008-03-05,6.00,6.00,6.00,6.00,000,6.00
2008-03-04,6.00,6.00,6.00,6.00,000,6.00
2008-03-03,6.00,6.00,6.00,6.00,000,6.00
2008-02-29,6.00,6.00,6.00,6.00,000,6.00
2008-02-28,5.95,5.96,5.25,5.82,400,5.82
2008-02-27,5.75,5.82,5.54,5.62,1200,5.62
2008-02-26,5.75,5.75,5.75,5.75,000,5.75
2008-02-25,5.75,5.75,5.55,5.75,000,5.75
2008-02-22,5.99,5.99,5.99,5.99,000,5.99
2008-02-21,5.15,5.99,5.15,5.99,1800,5.99
2008-02-20,5.99,5.99,5.99,5.99,000,5.99
2008-02-19,5.99,5.99,5.99,5.99,900,5.99
2008-02-15,6.00,6.00,5.96,5.99,3500,5.99
2008-02-14,5.79,5.79,5.79,5.79,000,5.79
2008-02-13,5.92,6.25,5.15,5.79,4200,5.79
2008-02-12,6.48,6.48,6.48,6.48,000,6.48
2008-02-11,6.20,6.48,5.78,6.48,3400,6.48
2008-02-08,6.36,6.54,6.20,6.54,1400,6.54
2008-02-07,6.20,6.66,6.20,6.37,300,6.37
2008-02-06,6.26,6.30,6.25,6.25,2000,6.25
2008-02-05,6.85,6.85,6.45,6.45,700,6.45
2008-02-04,6.40,6.96,6.40,6.75,1200,6.75
2008-02-01,6.61,7.45,6.37,6.47,600,6.47
2008-01-31,7.34,7.80,6.96,6.96,000,6.96
2008-01-30,6.28,6.94,6.28,6.70,2300,6.70
2008-01-29,6.54,6.64,6.37,6.50,2100,6.50
2008-01-28,7.23,7.23,6.05,6.54,2200,6.54
2008-01-25,7.70,7.70,7.70,7.70,000,7.70
2008-01-24,7.89,8.03,7.35,7.70,6600,7.70
2008-01-23,7.4301,7.88,7.36,7.50,6500,7.50
2008-01-22,6.57,7.42,6.57,7.42,7300,7.42
2008-01-18,6.29,7.99,6.29,7.99,11800,7.99
2008-01-17,6.55,6.58,6.36,6.37,6800,6.37
2008-01-16,6.63,6.74,6.63,6.74,800,6.74
2008-01-15,6.71,6.90,6.62,6.89,6600,6.89
2008-01-14,6.82,6.87,6.70,6.75,1500,6.75
2008-01-11,6.7101,7.06,6.7101,6.80,4600,6.80
2008-01-10,6.82,7.85,6.82,7.01,4400,7.01
2008-01-09,6.75,7.89,6.70,7.19,13100,7.19
2008-01-08,7.17,7.17,6.80,6.89,2300,6.89
2008-01-07,7.31,7.5599,6.86,7.19,2500,7.19
2008-01-04,6.85,7.14,6.85,7.14,1700,7.14
2008-01-03,6.99,7.09,6.99,7.09,4500,7.09
2008-01-02,7.17,8.11,6.85,7.00,7500,7.00
2007-12-31,7.32,7.62,7.32,7.49,3700,7.49
2007-12-28,7.51,7.69,7.10,7.30,4000,7.30
2007-12-27,7.86,7.86,7.10,7.51,3900,7.51
2007-12-26,7.75,8.22,7.75,8.10,2400,8.10
2007-12-24,7.72,7.92,7.72,7.92,1900,7.92
2007-12-21,7.37,8.2499,7.37,7.75,5200,7.75
2007-12-20,7.19,7.36,6.60,7.36,7000,7.36
2007-12-19,7.13,7.25,6.81,7.19,20600,7.19
2007-12-18,7.46,7.99,7.12,7.12,9200,7.12
2007-12-17,7.06,8.97,6.93,7.80,154200,7.80
2007-12-14,7.69,7.69,7.0301,7.27,4500,7.27
2007-12-13,7.03,7.22,7.03,7.22,1100,7.22
2007-12-12,7.4466,7.4466,7.16,7.29,1700,7.29
2007-12-11,8.00,8.00,7.31,8.00,2800,8.00
2007-12-10,8.56,8.61,7.87,8.10,8100,8.10
2007-12-07,7.938,8.75,7.01,8.75,28400,8.75
2007-12-06,7.2501,7.9799,7.2101,7.70,6600,7.70
2007-12-05,7.69,7.85,7.69,7.85,3000,7.85
2007-12-04,8.30,8.30,7.77,8.30,7900,8.30
2007-12-03,8.18,8.68,8.13,8.68,6400,8.68
2007-11-30,8.46,8.47,8.20,8.47,3200,8.47
2007-11-29,7.89,8.44,7.79,8.17,4100,8.17
2007-11-28,7.81,7.96,7.57,7.64,6900,7.64
2007-11-27,7.6899,7.97,7.59,7.59,4100,7.59
2007-11-26,7.73,7.73,7.55,7.55,2800,7.55
2007-11-23,7.70,7.74,7.69,7.74,2800,7.74
2007-11-21,7.37,7.80,7.37,7.80,1600,7.80
2007-11-20,7.59,7.60,7.58,7.60,1200,7.60
2007-11-19,7.50,7.59,7.50,7.59,900,7.59
2007-11-16,7.25,7.37,7.21,7.31,2100,7.31
2007-11-15,7.64,7.64,7.64,7.64,000,7.64
2007-11-14,7.45,7.64,7.45,7.64,1200,7.64
2007-11-13,7.30,7.56,7.16,7.41,2200,7.41
2007-11-12,7.41,7.41,7.32,7.41,2100,7.41
2007-11-09,7.5964,7.65,7.26,7.41,12000,7.41
2007-11-08,7.71,7.90,7.70,7.90,4900,7.90
2007-11-07,7.79,7.92,7.79,7.92,4500,7.92
2007-11-06,8.15,8.15,7.89,8.05,15200,8.05
2007-11-05,8.30,8.40,8.20,8.28,5500,8.28
2007-11-02,8.60,8.60,8.35,8.40,3300,8.40
2007-11-01,8.56,8.58,8.52,8.58,600,8.58
2007-10-31,8.50,8.71,8.50,8.71,300,8.71
2007-10-30,8.53,8.54,8.40,8.50,5000,8.50
2007-10-29,8.54,8.75,8.54,8.653,1800,8.653
2007-10-26,8.46,8.50,8.19,8.50,7500,8.50
2007-10-25,8.49,8.60,8.49,8.60,1300,8.60
2007-10-24,8.43,8.63,8.39,8.40,2400,8.40
2007-10-23,8.37,8.63,8.37,8.63,1200,8.63
2007-10-22,8.70,8.70,8.53,8.58,400,8.58
2007-10-19,8.72,8.72,8.72,8.72,100,8.72
2007-10-18,8.56,8.71,8.55,8.71,400,8.71
2007-10-17,8.58,8.69,8.57,8.62,2200,8.62
2007-10-16,8.52,8.67,8.52,8.52,4400,8.52
2007-10-15,8.58,8.58,8.46,8.46,200,8.46
2007-10-12,8.74,8.74,8.66,8.74,1800,8.74
2007-10-11,8.61,8.71,8.40,8.67,4300,8.67
2007-10-10,8.754,8.81,8.74,8.81,4800,8.81
2007-10-09,8.846,8.846,8.846,8.846,100,8.846
2007-10-08,8.84,8.84,8.75,8.75,900,8.75
2007-10-05,8.69,8.94,8.68,8.94,500,8.94
2007-10-04,8.40,8.92,8.40,8.92,7800,8.92
2007-10-03,8.65,8.67,8.43,8.44,2600,8.44
2007-10-02,8.54,8.68,8.54,8.56,500,8.56
2007-10-01,8.96,8.99,8.60,8.99,900,8.99
2007-09-28,8.39,8.60,7.44,8.60,5800,8.60
2007-09-27,8.32,8.46,8.32,8.46,3900,8.46
2007-09-26,8.48,8.70,8.45,8.475,2700,8.475
2007-09-25,8.54,8.76,8.45,8.61,4400,8.61
2007-09-24,8.81,8.81,8.37,8.62,7800,8.62
2007-09-21,8.88,8.93,8.73,8.93,12900,8.93
2007-09-20,8.62,8.99,8.62,8.91,5600,8.91
2007-09-19,8.83,9.121,8.73,8.99,9600,8.99
2007-09-18,9.40,9.40,8.81,8.90,14800,8.90
2007-09-17,9.59,9.63,9.40,9.40,2200,9.40
2007-09-14,9.47,9.809,9.357,9.809,8200,9.809
2007-09-13,9.84,9.84,9.39,9.58,2000,9.58
2007-09-12,9.544,9.76,9.544,9.70,3500,9.70
2007-09-11,9.94,9.94,9.60,9.75,9900,9.75
2007-09-10,9.90,9.90,9.754,9.90,9100,9.90
2007-09-07,9.25,9.97,9.25,9.88,64000,9.88
2007-09-06,9.71,10.00,9.71,9.83,6600,9.83
2007-09-05,9.67,9.886,9.50,9.77,11300,9.77
2007-09-04,9.62,9.83,9.56,9.69,400,9.69
2007-08-31,9.952,10.00,9.72,9.83,4200,9.83
2007-08-30,9.97,9.97,9.06,9.15,3800,9.15
2007-08-29,9.97,9.97,9.19,9.44,4300,9.44
2007-08-28,9.79,9.79,9.39,9.63,5700,9.63
2007-08-27,9.85,10.00,9.672,9.672,2900,9.672
2007-08-24,9.52,9.96,9.35,9.601,2400,9.601
2007-08-23,9.37,9.942,9.37,9.53,4400,9.53
2007-08-22,9.75,9.79,9.51,9.78,1500,9.78
2007-08-21,9.63,9.95,9.32,9.32,2200,9.32
2007-08-20,10.00,10.00,9.63,9.63,2900,9.63
2007-08-17,10.00,10.00,9.81,9.81,700,9.81
2007-08-16,9.73,10.05,9.73,10.05,11100,10.05
2007-08-15,9.71,9.74,9.55,9.74,8400,9.74
2007-08-14,8.66,9.89,8.66,9.89,7800,9.89
2007-08-13,8.69,9.109,8.69,9.109,18600,9.109
2007-08-10,8.46,8.59,8.46,8.59,11900,8.59
2007-08-09,9.06,9.06,7.91,8.45,8200,8.45
2007-08-08,10.049,10.049,9.37,9.37,2300,9.37
2007-08-07,9.75,10.225,9.75,10.225,11300,10.225
2007-08-06,9.752,10.39,9.752,10.39,4300,10.39
2007-08-03,10.292,10.66,10.292,10.66,8500,10.66
2007-08-02,9.428,10.30,9.39,10.20,5200,10.20
2007-08-01,10.01,10.097,9.94,10.097,9400,10.097
2007-07-31,10.302,10.302,10.156,10.302,5900,10.302
2007-07-30,9.85,10.399,9.85,10.399,4600,10.399
2007-07-27,9.65,10.102,9.63,9.85,7600,9.85
2007-07-26,9.618,9.912,9.50,9.912,1600,9.912
2007-07-25,9.92,9.959,9.92,9.959,4000,9.959
2007-07-24,10.00,10.05,9.811,9.95,2300,9.95
2007-07-23,10.004,10.071,10.002,10.071,4500,10.071
2007-07-20,10.035,10.056,10.035,10.056,800,10.056
2007-07-19,10.065,10.065,10.065,10.065,000,10.065
2007-07-18,10.122,10.13,10.065,10.13,2900,10.13
2007-07-17,10.05,10.074,10.042,10.074,2700,10.074
2007-07-16,10.14,10.18,9.979,10.18,900,10.18
2007-07-13,10.06,10.18,10.06,10.14,3000,10.14
2007-07-12,10.172,10.24,10.09,10.14,1500,10.14
2007-07-11,10.044,10.056,9.91,10.056,4600,10.056
2007-07-10,10.25,10.40,9.66,10.24,12600,10.24
2007-07-09,9.95,10.40,9.95,10.40,8100,10.40
2007-07-06,9.90,10.40,9.90,10.40,5800,10.40
2007-07-05,10.01,10.252,10.01,10.252,3700,10.252
2007-07-03,9.90,10.30,9.90,10.30,11500,10.30
2007-07-02,10.0447,10.09,9.81,10.06,9400,10.06
2007-06-29,10.03,10.30,10.03,10.30,28600,10.30
2007-06-28,10.10,10.352,10.08,10.352,6500,10.352
2007-06-27,10.09,10.439,10.09,10.439,6300,10.439
2007-06-26,10.402,10.402,10.177,10.402,5600,10.402
2007-06-25,10.30,10.30,10.12,10.17,2400,10.17
2007-06-22,10.11,10.351,10.07,10.351,8500,10.351
2007-06-21,10.11,10.45,10.11,10.45,12900,10.45
2007-06-20,10.05,10.40,10.05,10.40,3500,10.40
2007-06-19,9.99,10.185,9.99,10.185,1300,10.185
2007-06-18,10.15,10.17,10.11,10.17,3700,10.17
2007-06-15,10.429,10.44,10.27,10.27,2500,10.27
2007-06-14,10.398,10.398,10.25,10.398,3200,10.398
2007-06-13,10.229,10.282,10.229,10.282,700,10.282
2007-06-12,9.96,10.22,9.96,10.22,8700,10.22
2007-06-11,10.36,10.44,10.289,10.44,8300,10.44
2007-06-08,10.232,10.402,10.232,10.402,2800,10.402
2007-06-07,10.372,10.372,10.24,10.372,15300,10.372
2007-06-06,9.88,10.42,9.88,10.42,6000,10.42
2007-06-05,10.17,10.30,10.08,10.30,6600,10.30
2007-06-04,10.44,10.44,10.04,10.09,3800,10.09
2007-06-01,9.89,10.399,9.89,10.20,15500,10.20
2007-05-31,9.86,10.50,9.86,10.50,15400,10.50
2007-05-30,10.122,10.14,10.00,10.14,1600,10.14
2007-05-29,10.09,10.50,10.00,10.50,10800,10.50
2007-05-25,9.80,9.97,9.80,9.91,21000,9.91
2007-05-24,9.78,9.89,9.78,9.79,8100,9.79
2007-05-23,10.00,10.08,9.95,9.95,23500,9.95
2007-05-22,10.13,10.133,10.00,10.133,22200,10.133
2007-05-21,9.90,10.302,9.90,10.302,800,10.302
2007-05-18,10.0576,10.0576,9.50,9.90,12300,9.90
2007-05-17,10.00,10.28,9.95,10.28,18200,10.28
2007-05-16,10.10,10.10,10.00,10.00,400,10.00
2007-05-15,10.15,10.15,9.56,10.12,5700,10.12
2007-05-14,10.24,10.39,10.16,10.39,600,10.39
2007-05-11,10.00,10.058,10.00,10.058,700,10.058
2007-05-10,10.65,10.65,10.29,10.65,1300,10.65
2007-05-09,10.16,10.70,10.16,10.70,5800,10.70
2007-05-08,10.48,10.48,10.20,10.20,1600,10.20
2007-05-07,10.20,10.50,10.20,10.50,1000,10.50
2007-05-04,9.87,10.65,9.87,10.40,5600,10.40
2007-05-03,10.50,10.61,10.01,10.50,29100,10.50
2007-05-02,10.99,10.99,10.42,10.42,4500,10.42
2007-05-01,10.95,10.95,10.85,10.88,1300,10.88
2007-04-30,10.97,10.99,10.97,10.99,200,10.99
2007-04-27,10.88,10.96,10.79,10.79,300,10.79
2007-04-26,10.98,10.98,10.97,10.98,200,10.98
2007-04-25,10.50,10.88,10.50,10.70,2400,10.70
2007-04-24,10.85,10.85,10.66,10.85,300,10.85
2007-04-23,10.65,10.92,10.65,10.92,4000,10.92
2007-04-20,10.68,10.80,10.67,10.80,1500,10.80
2007-04-19,10.36,10.82,10.36,10.82,1000,10.82
2007-04-18,10.88,11.00,10.84,10.84,1100,10.84
2007-04-17,10.578,11.00,10.578,11.00,2600,11.00
2007-04-16,10.50,10.60,10.50,10.60,2900,10.60
2007-04-13,10.31,10.31,10.31,10.31,000,10.31
2007-04-12,10.31,10.31,10.31,10.31,400,10.31
2007-04-11,10.65,10.90,10.51,10.90,3200,10.90
2007-04-10,10.61,10.87,10.50,10.50,2400,10.50
2007-04-09,10.85,11.00,10.70,10.73,1900,10.73
2007-04-05,10.95,11.17,10.75,11.17,3500,11.17
2007-04-04,10.83,10.95,10.59,10.95,3400,10.95
2007-04-03,11.00,11.00,10.79,10.86,3200,10.86
2007-04-02,11.10,11.10,10.72,10.934,1800,10.934
2007-03-30,10.74,11.0233,10.74,11.0233,900,11.0233
2007-03-29,10.72,10.73,10.72,10.73,1100,10.73
2007-03-28,11.22,11.23,10.75,10.83,12200,10.83
2007-03-27,11.15,11.15,11.15,11.15,000,11.15
2007-03-26,10.88,11.20,10.88,11.10,2400,11.10
2007-03-23,11.04,11.17,10.80,11.07,4200,11.07
2007-03-22,11.09,11.27,11.09,11.12,1500,11.12
2007-03-21,11.00,11.33,11.00,11.33,2800,11.33
2007-03-20,11.08,11.38,10.90,11.17,5700,11.17
2007-03-19,11.14,11.14,10.90,11.13,2000,11.13
2007-03-16,11.21,11.21,10.70,11.15,4000,11.15
2007-03-15,11.30,11.46,11.01,11.22,11500,11.22
2007-03-14,10.63,11.44,10.63,11.44,4300,11.44
2007-03-13,10.23,10.49,10.23,10.49,500,10.49
2007-03-12,9.66,10.27,9.66,10.24,8400,10.24
2007-03-09,10.08,10.11,10.08,10.11,4000,10.11
2007-03-08,9.90,10.23,9.90,10.09,4800,10.09
2007-03-07,10.00,10.11,10.00,10.11,3700,10.11
2007-03-06,10.29,10.29,10.00,10.00,2000,10.00
2007-03-05,10.14,10.25,9.95,10.25,1400,10.25
2007-03-02,10.61,11.06,10.61,11.06,8800,11.06
2007-03-01,10.80,11.05,10.80,10.92,3900,10.92
2007-02-28,11.35,11.50,11.18,11.50,1500,11.50
2007-02-27,10.99,11.72,10.99,11.50,6900,11.50
2007-02-26,10.96,11.615,10.96,11.17,13300,11.17
2007-02-23,11.08,11.08,11.08,11.08,200,11.08
2007-02-22,11.22,11.30,11.22,11.30,1600,11.30
2007-02-21,11.21,11.24,11.21,11.24,600,11.24
2007-02-20,11.59,11.61,11.20,11.22,1500,11.22
2007-02-16,11.60,11.61,11.60,11.61,1500,11.61
2007-02-15,11.74,11.74,11.34,11.60,5600,11.60
2007-02-14,11.75,11.90,11.15,11.58,7100,11.58
2007-02-13,11.04,11.40,11.04,11.28,3800,11.28
2007-02-12,11.50,11.68,11.11,11.11,5400,11.11
2007-02-09,11.30,11.65,11.25,11.65,4900,11.65
2007-02-08,11.18,11.85,11.18,11.85,5300,11.85
2007-02-07,11.31,11.50,11.09,11.33,900,11.33
2007-02-06,11.12,11.64,10.51,11.00,19000,11.00
2007-02-05,11.20,11.79,11.10,11.79,4700,11.79
2007-02-02,11.05,11.05,11.00,11.00,1600,11.00
2007-02-01,11.18,11.54,11.12,11.12,4700,11.12
2007-01-31,11.083,11.48,11.05,11.11,6000,11.11
2007-01-30,11.20,11.26,11.01,11.09,4200,11.09
2007-01-29,11.18,11.83,11.18,11.63,5100,11.63
2007-01-26,10.50,11.20,10.50,11.20,4100,11.20
2007-01-25,11.12,11.46,10.90,11.46,4800,11.46
2007-01-24,11.10,11.76,11.10,11.62,8200,11.62
2007-01-23,11.14,11.14,10.85,11.08,2800,11.08
2007-01-22,10.85,11.10,10.85,11.10,300,11.10
2007-01-19,11.15,11.18,10.94,11.18,3300,11.18
2007-01-18,11.14,11.14,10.91,10.91,5400,10.91
2007-01-17,11.23,11.59,10.99,11.25,12400,11.25
2007-01-16,11.12,11.21,11.00,11.15,2400,11.15
2007-01-12,10.984,11.26,10.984,11.26,1600,11.26
2007-01-11,11.85,11.86,11.00,11.36,8900,11.36
2007-01-10,11.49,11.86,11.10,11.44,6000,11.44
2007-01-09,11.10,11.12,11.10,11.12,1900,11.12
2007-01-08,11.00,11.25,11.00,11.25,40600,11.25
2007-01-05,11.10,11.27,10.98,10.98,1100,10.98
2007-01-04,10.91,11.15,10.91,11.13,4300,11.13
2007-01-03,11.00,11.77,10.99,11.12,11800,11.12
2006-12-29,11.03,11.05,10.51,11.00,41500,11.00
2006-12-28,10.87,11.52,10.87,11.11,5800,11.11
2006-12-27,10.482,12.50,10.482,12.50,11700,12.50
2006-12-26,10.70,11.59,10.15,11.59,20000,11.59
2006-12-22,10.24,10.66,10.2399,10.57,4500,10.57
2006-12-21,10.15,10.59,10.15,10.20,9200,10.20
2006-12-20,10.20,10.59,9.99,10.59,29600,10.59
2006-12-19,10.06,10.25,9.95,10.21,5500,10.21
2006-12-18,9.93,10.33,9.93,10.16,17800,10.16
2006-12-15,9.96,10.43,9.92,10.03,14400,10.03
2006-12-14,9.97,10.40,9.92,10.17,7100,10.17
2006-12-13,9.89,10.53,9.89,10.00,4900,10.00
2006-12-12,9.75,10.84,9.75,10.84,15200,10.84
2006-12-11,9.80,10.52,9.80,10.32,10700,10.32
2006-12-08,9.82,10.21,9.77,10.09,7000,10.09
2006-12-07,10.53,10.61,9.50,10.06,9500,10.06
2006-12-06,10.83,10.83,10.60,10.60,500,10.60
2006-12-05,10.88,10.88,10.88,10.88,000,10.88
2006-12-04,10.82,10.93,10.64,10.88,1400,10.88
2006-12-01,10.98,11.01,10.98,11.01,2100,11.01
2006-11-30,10.97,11.01,10.97,11.01,6500,11.01
2006-11-29,10.59,10.97,10.59,10.97,1600,10.97
2006-11-28,10.61,10.73,10.55,10.57,3000,10.57
2006-11-27,10.65,10.76,10.65,10.74,2100,10.74
2006-11-24,10.82,10.82,10.82,10.82,100,10.82
2006-11-22,11.00,11.00,10.84,10.95,700,10.95
2006-11-21,10.78,10.90,10.76,10.90,1300,10.90
2006-11-20,11.12,11.19,10.93,10.93,2400,10.93
2006-11-17,10.84,11.00,10.80,10.91,1800,10.91
2006-11-16,10.8652,10.94,10.75,10.75,1100,10.75
2006-11-15,10.97,11.00,10.97,11.00,1100,11.00
2006-11-14,10.83,10.95,10.83,10.95,700,10.95
2006-11-13,11.00,11.00,10.84,11.00,3600,11.00
2006-11-10,10.65,10.85,10.65,10.82,2100,10.82
2006-11-09,10.80,10.80,10.70,10.76,3700,10.76
2006-11-08,10.80,10.80,10.72,10.72,700,10.72
2006-11-07,10.99,10.99,10.99,10.99,100,10.99
2006-11-06,10.94,10.94,10.94,10.94,200,10.94
2006-11-03,11.08,11.08,10.94,11.00,4700,11.00
2006-11-02,11.15,11.15,11.04,11.04,3700,11.04
2006-11-01,11.04,11.16,11.04,11.15,2600,11.15
2006-10-31,11.07,11.15,11.07,11.15,5600,11.15
2006-10-30,11.18,11.26,11.13,11.20,5100,11.20
2006-10-27,11.47,11.712,11.47,11.712,1000,11.712
2006-10-26,10.97,11.88,10.97,11.44,10300,11.44
2006-10-25,12.11,12.189,12.11,12.189,2000,12.189
2006-10-24,12.364,12.40,12.34,12.40,4300,12.40
2006-10-23,12.50,12.50,12.21,12.27,1200,12.27
2006-10-20,12.36,12.484,12.36,12.38,3500,12.38
2006-10-19,12.21,12.23,12.21,12.23,700,12.23
2006-10-18,12.49,12.49,12.187,12.187,300,12.187
2006-10-17,12.20,12.38,12.15,12.15,6600,12.15
2006-10-16,12.22,12.304,12.09,12.286,600,12.286
2006-10-13,12.40,12.41,12.35,12.41,7400,12.41
2006-10-12,11.50,12.336,11.50,12.14,8000,12.14
2006-10-11,11.69,11.69,11.45,11.45,1700,11.45
2006-10-10,11.71,11.74,11.68,11.68,1900,11.68
2006-10-09,11.79,11.79,11.72,11.72,300,11.72
2006-10-06,11.51,11.65,11.51,11.65,3300,11.65
2006-10-05,11.69,11.69,11.69,11.69,000,11.69
2006-10-04,11.58,11.70,11.58,11.69,1000,11.69
2006-10-03,12.07,12.07,11.69,12.07,4300,12.07
2006-10-02,11.20,12.50,11.20,12.19,10700,12.19
2006-09-29,10.97,11.198,10.97,11.198,5900,11.198
2006-09-28,10.62,10.97,10.62,10.97,1700,10.97
2006-09-27,10.79,10.80,10.77,10.80,700,10.80
2006-09-26,10.41,10.97,10.41,10.97,6700,10.97
2006-09-25,10.70,10.71,10.55,10.60,5700,10.60
2006-09-22,10.55,10.68,10.55,10.59,1600,10.59
2006-09-21,10.51,10.70,10.51,10.53,5800,10.53
2006-09-20,10.46,10.68,10.40,10.41,5700,10.41
2006-09-19,10.50,10.60,10.50,10.59,6300,10.59
2006-09-18,10.59,10.59,10.58,10.58,2200,10.58
2006-09-15,10.724,10.724,10.60,10.724,2500,10.724
2006-09-14,10.75,10.75,10.75,10.75,500,10.75
2006-09-13,10.75,10.75,10.718,10.718,2200,10.718
2006-09-12,10.49,10.69,10.37,10.59,5500,10.59
2006-09-11,10.75,10.75,10.70,10.70,6600,10.70
2006-09-08,10.85,10.85,10.75,10.75,11700,10.75
2006-09-07,10.30,10.84,10.30,10.70,6000,10.70
2006-09-06,10.86,10.87,10.34,10.84,15200,10.84
2006-09-05,10.90,10.90,10.79,10.87,3600,10.87
2006-09-01,10.70,10.90,10.70,10.89,4900,10.89
2006-08-31,10.75,10.80,10.75,10.80,8300,10.80
2006-08-30,10.85,10.87,10.78,10.87,1900,10.87
2006-08-29,10.98,10.98,10.94,10.98,1500,10.98
2006-08-28,10.75,10.99,10.75,10.99,20300,10.99
2006-08-25,11.09,11.25,10.41,10.89,14100,10.89
2006-08-24,10.69,11.00,10.66,11.00,19000,11.00
2006-08-23,10.18,10.72,10.18,10.72,13400,10.72
2006-08-22,9.81,10.47,9.81,10.47,9100,10.47
2006-08-21,9.01,10.22,9.01,10.08,28200,10.08
2006-08-18,8.90,9.70,8.90,9.54,3300,9.54
2006-08-17,8.81,9.07,8.81,9.07,9400,9.07
2006-08-16,8.15,9.04,8.15,9.04,29200,9.04
2006-08-15,8.70,8.99,8.00,8.15,35700,8.15
2006-08-14,9.239,9.249,8.72,8.74,27000,8.74
2006-08-11,9.68,9.69,9.16,9.69,8800,9.69
2006-08-10,9.64,9.94,9.48,9.70,6200,9.70
2006-08-09,9.90,9.90,9.77,9.90,1900,9.90
2006-08-08,9.72,10.15,9.72,9.89,4600,9.89
2006-08-07,9.50,9.50,9.50,9.50,000,9.50
2006-08-04,9.59,9.59,9.50,9.50,2200,9.50
2006-08-03,9.45,9.5848,9.40,9.51,1700,9.51
2006-08-02,9.49,9.50,9.40,9.40,2800,9.40
2006-08-01,9.55,9.75,9.55,9.61,3000,9.61
2006-07-31,9.53,9.57,9.53,9.57,700,9.57
2006-07-28,9.67,9.67,9.67,9.67,1200,9.67
2006-07-27,9.87,9.89,9.52,9.79,8000,9.79
2006-07-26,9.94,10.00,9.90,9.90,1500,9.90
2006-07-25,9.84,9.84,9.75,9.75,300,9.75
2006-07-24,9.95,9.95,9.85,9.85,1100,9.85
2006-07-21,9.85,9.89,9.62,9.89,900,9.89
2006-07-20,9.94,9.94,8.85,9.86,79000,9.86
2006-07-19,9.76,9.76,9.76,9.76,500,9.76
2006-07-18,9.99,9.99,9.783,9.85,400,9.85
2006-07-17,9.93,9.93,9.93,9.93,000,9.93
2006-07-14,9.93,9.93,9.93,9.93,3500,9.93
2006-07-13,9.95,9.95,9.91,9.91,2300,9.91
2006-07-12,9.97,10.00,9.88,9.93,2100,9.93
2006-07-11,9.948,10.40,9.948,9.99,1000,9.99
2006-07-10,9.83,10.01,9.83,9.93,400,9.93
2006-07-07,10.14,10.14,9.95,10.00,3700,10.00
2006-07-06,9.81,10.02,9.75,10.02,1600,10.02
2006-07-05,9.80,9.87,9.80,9.87,1400,9.87
2006-07-03,9.71,9.95,9.71,9.95,7400,9.95
2006-06-30,9.74,10.24,9.74,9.95,10000,9.95
2006-06-29,10.145,10.15,9.55,9.95,29500,9.95
2006-06-28,10.26,10.26,10.26,10.26,000,10.26
2006-06-27,10.25,10.29,10.05,10.26,14300,10.26
2006-06-26,10.25,10.25,10.25,10.25,100,10.25
2006-06-23,10.20,10.25,10.20,10.25,1200,10.25
2006-06-22,10.36,10.36,10.15,10.25,20000,10.25
2006-06-21,10.39,10.41,10.39,10.41,2100,10.41
2006-06-20,10.265,10.46,10.265,10.42,2500,10.42
2006-06-19,10.19,10.19,10.19,10.19,200,10.19
2006-06-16,10.15,10.19,10.15,10.19,200,10.19
2006-06-15,10.00,10.05,9.97,10.00,6700,10.00
2006-06-14,10.47,10.47,10.00,10.00,4400,10.00
2006-06-13,10.28,10.28,10.10,10.10,3100,10.10
2006-06-12,10.57,10.57,10.27,10.27,5500,10.27
2006-06-09,10.54,10.54,10.33,10.36,3800,10.36
2006-06-08,10.75,10.75,10.38,10.50,5800,10.50
2006-06-07,10.50,10.66,10.50,10.66,800,10.66
2006-06-06,10.78,10.78,10.61,10.62,1200,10.62
2006-06-05,10.576,10.60,10.576,10.60,800,10.60
2006-06-02,10.69,10.69,10.69,10.69,400,10.69
2006-06-01,10.89,10.89,10.52,10.62,1300,10.62
2006-05-31,10.90,10.90,10.58,10.70,41900,10.70
2006-05-30,10.86,10.88,10.75,10.88,2500,10.88
2006-05-26,10.75,10.76,10.60,10.70,7700,10.70
2006-05-25,10.85,10.90,10.85,10.90,2000,10.90
2006-05-24,10.90,10.90,10.80,10.85,11800,10.85
2006-05-23,11.10,11.10,10.89,11.10,6000,11.10
2006-05-22,10.87,10.90,10.80,10.90,1800,10.90
2006-05-19,10.99,11.10,10.77,11.05,5600,11.05
2006-05-18,11.00,11.06,11.00,11.06,500,11.06
2006-05-17,11.00,11.09,11.00,11.09,7500,11.09
2006-05-16,11.00,11.00,10.99,11.00,1800,11.00
2006-05-15,11.01,11.244,10.98,11.02,19400,11.02
2006-05-12,10.76,10.794,10.58,10.67,5200,10.67
2006-05-11,10.81,10.81,10.80,10.80,7100,10.80
2006-05-10,10.42,11.04,10.42,11.00,13400,11.00
2006-05-09,10.52,10.79,10.41,10.74,29300,10.74
2006-05-08,11.00,11.00,10.80,10.88,76100,10.88
2006-05-05,10.97,11.00,10.94,10.94,6500,10.94
2006-05-04,10.90,11.00,10.87,11.00,8200,11.00
2006-05-03,10.67,11.00,10.67,10.77,2700,10.77
2006-05-02,10.85,10.99,10.85,10.89,4800,10.89
2006-05-01,10.85,10.91,10.85,10.91,1700,10.91
2006-04-28,10.814,10.95,10.75,10.84,2700,10.84
2006-04-27,10.82,11.00,10.70,11.00,5200,11.00
2006-04-26,10.94,11.00,10.80,10.84,4500,10.84
2006-04-25,10.61,11.00,10.61,10.90,11600,10.90
2006-04-24,10.80,10.916,10.61,10.61,2000,10.61
2006-04-21,10.80,10.85,10.80,10.85,2100,10.85
2006-04-20,10.663,10.663,10.66,10.66,400,10.66
2006-04-19,10.63,10.95,10.63,10.95,3400,10.95
2006-04-18,10.80,10.80,10.80,10.80,1500,10.80
2006-04-17,10.62,10.80,10.62,10.80,2100,10.80
2006-04-13,10.83,10.83,10.75,10.75,1000,10.75
2006-04-12,10.98,11.00,10.90,10.99,3100,10.99
2006-04-11,10.90,10.90,10.88,10.88,7800,10.88
2006-04-10,10.88,10.98,10.80,10.95,4500,10.95
2006-04-07,10.75,10.88,10.75,10.75,7000,10.75
2006-04-06,11.25,11.25,10.78,10.90,22900,10.90
2006-04-05,11.25,11.272,11.15,11.15,8200,11.15
2006-04-04,11.42,11.42,11.24,11.40,3400,11.40
2006-04-03,11.60,11.60,11.43,11.59,6400,11.59
2006-03-31,11.50,11.60,11.45,11.60,14700,11.60
2006-03-30,11.40,11.50,11.40,11.50,1200,11.50
2006-03-29,11.30,11.44,11.30,11.32,1800,11.32
2006-03-28,11.69,11.69,11.30,11.332,3600,11.332
2006-03-27,11.33,11.50,11.33,11.50,5100,11.50
2006-03-24,11.598,11.598,11.35,11.35,200,11.35
2006-03-23,11.69,11.69,11.34,11.65,800,11.65
2006-03-22,11.71,11.71,11.573,11.71,800,11.71
2006-03-21,11.32,11.38,11.32,11.38,2300,11.38
2006-03-20,11.39,11.50,11.30,11.49,10000,11.49
2006-03-17,11.57,11.68,11.30,11.68,3600,11.68
2006-03-16,11.45,11.74,11.32,11.38,4500,11.38
2006-03-15,11.69,11.69,11.30,11.65,5700,11.65
2006-03-14,11.07,11.53,11.07,11.53,5000,11.53
2006-03-13,11.42,11.42,11.26,11.28,4700,11.28
2006-03-10,11.50,11.59,11.45,11.45,2100,11.45
2006-03-09,11.55,11.70,11.50,11.70,6100,11.70
2006-03-08,11.55,11.66,11.55,11.66,1700,11.66
2006-03-07,11.77,11.829,11.70,11.73,4400,11.73
2006-03-06,11.82,12.16,11.50,11.89,3700,11.89
2006-03-03,11.95,12.01,11.58,12.00,28600,12.00
2006-03-02,11.70,11.95,11.52,11.95,29500,11.95
2006-03-01,11.07,11.565,11.07,11.50,16600,11.50
2006-02-28,11.03,11.20,11.02,11.04,10700,11.04
2006-02-27,11.19,11.25,11.01,11.09,27800,11.09
2006-02-24,11.10,11.32,11.10,11.21,4500,11.21
2006-02-23,11.00,11.47,10.75,11.21,11900,11.21
2006-02-22,11.48,11.70,11.40,11.54,4000,11.54
2006-02-21,11.41,11.85,11.30,11.54,11900,11.54
2006-02-17,11.45,11.57,11.44,11.52,6900,11.52
2006-02-16,11.50,11.89,11.50,11.50,22000,11.50
2006-02-15,11.89,11.90,11.41,11.45,5700,11.45
2006-02-14,11.48,12.00,11.48,11.80,17100,11.80
2006-02-13,11.81,11.99,11.81,11.99,4800,11.99
2006-02-10,11.80,11.90,11.50,11.85,12200,11.85
2006-02-09,11.96,12.16,11.96,12.16,1900,12.16
2006-02-08,11.97,12.39,11.80,12.088,5600,12.088
2006-02-07,12.00,12.24,11.74,12.17,1100,12.17
2006-02-06,11.88,12.31,11.73,12.28,700,12.28
2006-02-03,11.80,12.347,11.80,12.10,3500,12.10
2006-02-02,11.70,11.83,11.70,11.72,900,11.72
2006-02-01,11.80,12.00,11.80,11.80,3100,11.80
2006-01-31,12.23,12.35,11.94,12.05,5100,12.05
2006-01-30,11.888,12.20,11.86,12.20,1600,12.20
2006-01-27,11.94,12.20,11.76,12.20,1500,12.20
2006-01-26,12.23,12.23,12.01,12.10,2200,12.10
2006-01-25,12.00,12.08,11.95,11.95,1600,11.95
2006-01-24,12.00,12.09,12.00,12.00,5700,12.00
2006-01-23,12.00,12.03,12.00,12.00,2500,12.00
2006-01-20,11.90,12.10,11.90,12.00,2400,12.00
2006-01-19,11.96,11.96,11.75,11.80,2200,11.80
2006-01-18,11.74,12.28,11.74,12.28,6000,12.28
2006-01-17,12.34,12.34,12.05,12.05,2000,12.05
2006-01-13,12.05,12.27,12.05,12.27,8500,12.27
2006-01-12,11.95,12.05,11.95,12.05,1800,12.05
2006-01-11,12.25,12.35,12.15,12.15,1400,12.15
2006-01-10,12.15,12.15,12.05,12.15,2000,12.15
2006-01-09,12.25,12.35,12.16,12.25,3000,12.25
2006-01-06,12.10,12.26,12.10,12.124,2700,12.124
2006-01-05,12.00,12.40,12.00,12.014,2900,12.014
2006-01-04,11.50,11.90,11.50,11.90,3200,11.90
2006-01-03,11.46,12.13,11.26,11.73,8100,11.73
2005-12-30,11.45,11.49,11.20,11.24,17700,11.24
2005-12-29,11.76,11.80,11.45,11.53,9100,11.53
2005-12-28,12.00,12.01,11.72,11.96,1700,11.96
2005-12-27,11.90,12.12,11.90,12.12,9800,12.12
2005-12-23,11.63,11.93,11.63,11.92,7500,11.92
2005-12-22,11.68,11.76,11.68,11.76,5500,11.76
2005-12-21,11.51,11.75,11.51,11.68,4200,11.68
2005-12-20,11.20,11.70,11.20,11.70,3700,11.70
2005-12-19,11.77,11.77,11.52,11.70,5100,11.70
2005-12-16,11.50,11.75,11.50,11.75,600,11.75
2005-12-15,11.50,11.78,11.50,11.52,5100,11.52
2005-12-14,11.55,11.55,11.50,11.50,6900,11.50
2005-12-13,11.50,11.54,11.40,11.48,7000,11.48
2005-12-12,11.45,11.45,11.40,11.43,5300,11.43
2005-12-09,11.47,11.59,11.25,11.44,6200,11.44
2005-12-08,11.20,11.34,11.16,11.34,8800,11.34
2005-12-07,11.20,11.20,11.20,11.20,1300,11.20
2005-12-06,11.25,11.25,11.20,11.25,2700,11.25
2005-12-05,11.25,11.59,11.25,11.25,5600,11.25
2005-12-02,11.25,11.26,11.25,11.26,3100,11.26
2005-12-01,11.22,11.557,11.22,11.25,1700,11.25
2005-11-30,11.33,11.65,10.85,11.50,11400,11.50
2005-11-29,11.35,11.48,11.33,11.33,1400,11.33
2005-11-28,11.61,11.61,11.33,11.33,2200,11.33
2005-11-25,11.17,11.506,11.17,11.20,1000,11.20
2005-11-23,11.24,11.48,11.17,11.20,6700,11.20
2005-11-22,11.01,11.21,10.80,11.21,3300,11.21
2005-11-21,11.12,11.31,11.12,11.24,3700,11.24
2005-11-18,10.95,11.00,10.81,11.00,6700,11.00
2005-11-17,10.76,10.94,10.75,10.94,2100,10.94
2005-11-16,10.50,10.93,10.50,10.93,7200,10.93
2005-11-15,10.63,10.66,10.52,10.52,2500,10.52
2005-11-14,10.38,10.60,10.38,10.60,900,10.60
2005-11-11,10.51,10.51,10.43,10.43,600,10.43
2005-11-10,10.257,10.51,10.257,10.51,700,10.51
2005-11-09,10.08,10.55,10.08,10.50,9000,10.50
2005-11-08,10.64,10.66,10.10,10.10,7400,10.10
2005-11-07,10.75,10.83,10.091,10.30,14800,10.30
2005-11-04,10.13,10.71,10.12,10.68,3800,10.68
2005-11-03,10.40,10.62,10.06,10.53,21000,10.53
2005-11-02,10.05,10.45,10.03,10.35,9900,10.35
2005-11-01,10.09,10.35,10.05,10.35,500,10.35
2005-10-31,10.40,10.50,10.10,10.35,13400,10.35
2005-10-28,10.48,10.48,10.05,10.35,1600,10.35
2005-10-27,10.40,10.40,10.40,10.40,200,10.40
2005-10-26,10.47,10.47,10.25,10.30,2600,10.30
2005-10-25,10.25,10.35,10.20,10.35,1300,10.35
2005-10-24,10.40,10.40,10.09,10.40,4200,10.40
2005-10-21,10.35,10.40,10.35,10.40,200,10.40
2005-10-20,10.40,10.441,10.15,10.35,1900,10.35
2005-10-19,10.18,10.47,10.07,10.40,3700,10.40
2005-10-18,10.26,10.37,10.26,10.37,2400,10.37
2005-10-17,10.05,10.49,10.05,10.42,1800,10.42
2005-10-14,10.47,10.47,10.05,10.24,6500,10.24
2005-10-13,10.50,10.50,10.25,10.25,3200,10.25
2005-10-12,10.45,10.50,10.40,10.50,3000,10.50
2005-10-11,10.65,10.65,10.40,10.40,4200,10.40
2005-10-10,10.90,10.90,10.48,10.65,5800,10.65
2005-10-07,10.77,10.84,10.57,10.74,2800,10.74
2005-10-06,10.41,10.588,10.41,10.42,2500,10.42
2005-10-05,10.56,10.80,10.40,10.50,6900,10.50
2005-10-04,10.77,10.88,10.60,10.88,2000,10.88
2005-10-03,11.06,11.06,10.48,10.54,9000,10.54
2005-09-30,10.63,10.88,10.40,10.88,6400,10.88
2005-09-29,11.74,11.74,10.28,10.53,9100,10.53
2005-09-28,10.91,11.55,10.545,11.54,25000,11.54
2005-09-27,10.36,11.15,10.15,11.15,17600,11.15
2005-09-26,10.65,10.69,10.25,10.48,3000,10.48
2005-09-23,10.23,10.46,10.03,10.30,27800,10.30
2005-09-22,10.10,10.32,10.10,10.25,10600,10.25
2005-09-21,10.61,10.61,10.02,10.10,32800,10.10
2005-09-20,10.65,10.65,10.22,10.53,13900,10.53
2005-09-19,10.96,11.10,10.22,10.70,38500,10.70
2005-09-16,11.13,11.40,11.02,11.14,21100,11.14
2005-09-15,11.61,11.61,11.22,11.22,10000,11.22
2005-09-14,11.60,11.76,11.60,11.73,148200,11.73
2005-09-13,11.64,11.76,11.36,11.73,15800,11.73
2005-09-12,11.70,12.09,11.34,11.50,20400,11.50
2005-09-09,12.17,12.18,11.90,12.18,16800,12.18
2005-09-08,11.55,12.00,11.55,11.64,27500,11.64
2005-09-07,12.46,12.46,10.51,11.61,85500,11.61
2005-09-06,12.54,12.88,12.49,12.49,25500,12.49
2005-09-02,13.04,13.50,12.76,13.00,22900,13.00
2005-09-01,13.48,13.55,13.38,13.50,17700,13.50
2005-08-31,12.62,13.68,12.62,13.68,26600,13.68
2005-08-30,13.00,13.32,13.00,13.11,4700,13.11
2005-08-29,13.61,13.88,12.00,13.35,34700,13.35
2005-08-26,13.50,13.80,13.50,13.61,7600,13.61
2005-08-25,13.39,13.99,13.39,13.48,29700,13.48
2005-08-24,13.28,13.58,12.50,13.58,36900,13.58
2005-08-23,12.90,12.94,12.56,12.92,25700,12.92
2005-08-22,12.63,12.90,12.50,12.661,30000,12.661
2005-08-19,12.40,12.73,12.40,12.62,22300,12.62
2005-08-18,12.22,12.56,12.22,12.48,43600,12.48
2005-08-17,11.89,12.66,11.77,12.30,47200,12.30
2005-08-16,10.88,12.19,10.80,11.95,50500,11.95
2005-08-15,12.10,12.64,10.77,11.19,106700,11.19
2005-08-12,12.08,12.36,12.06,12.35,14400,12.35
2005-08-11,12.38,12.38,11.95,12.08,46800,12.08
2005-08-10,12.65,12.77,11.72,12.35,116200,12.35
2005-08-09,15.41,15.45,11.58,12.64,386400,12.64
2005-08-08,17.45,17.85,17.45,17.70,10000,17.70
2005-08-05,17.82,17.82,17.02,17.25,6600,17.25
2005-08-04,17.62,18.00,17.50,17.85,24900,17.85
2005-08-03,18.10,18.10,17.38,17.92,16400,17.92
2005-08-02,17.92,18.60,17.58,17.98,39500,17.98
2005-08-01,16.59,18.24,16.59,17.80,74900,17.80
2005-07-29,16.75,16.91,16.68,16.91,5400,16.91
2005-07-28,16.76,16.76,16.56,16.75,2200,16.75
2005-07-27,16.74,16.75,16.61,16.75,15000,16.75
2005-07-26,16.81,16.84,16.398,16.71,7100,16.71
2005-07-25,16.85,16.85,16.33,16.78,12200,16.78
2005-07-22,16.79,16.79,16.60,16.60,4000,16.60
2005-07-21,16.10,16.84,16.10,16.65,8100,16.65
2005-07-20,16.70,16.85,16.70,16.85,4200,16.85
2005-07-19,16.79,17.00,16.60,16.76,15300,16.76
2005-07-18,16.21,16.80,16.21,16.75,10300,16.75
2005-07-15,16.26,16.52,16.10,16.13,4700,16.13
2005-07-14,16.50,16.80,16.25,16.47,7400,16.47
2005-07-13,16.42,16.42,16.00,16.35,5200,16.35
2005-07-12,16.56,16.56,16.01,16.51,8200,16.51
2005-07-11,16.59,16.69,16.35,16.51,9200,16.51
2005-07-08,16.80,16.98,16.47,16.50,2000,16.50
2005-07-07,17.04,17.04,16.65,16.98,9000,16.98
2005-07-06,17.05,17.05,16.88,17.00,10400,17.00
2005-07-05,16.35,17.10,16.20,17.05,24500,17.05
2005-07-01,16.20,16.31,16.09,16.31,5500,16.31
2005-06-30,16.30,16.40,16.28,16.40,4700,16.40
2005-06-29,16.01,16.39,16.01,16.35,6800,16.35
2005-06-28,16.49,16.49,16.21,16.34,8500,16.34
2005-06-27,16.69,16.69,16.04,16.44,22100,16.44
2005-06-24,16.36,16.70,16.36,16.69,5600,16.69
2005-06-23,16.53,16.60,16.412,16.60,3900,16.60
2005-06-22,16.53,16.53,16.206,16.48,10600,16.48
2005-06-21,16.50,16.50,16.45,16.47,7600,16.47
2005-06-20,16.50,16.50,16.184,16.43,12900,16.43
2005-06-17,16.01,16.50,16.01,16.43,16800,16.43
2005-06-16,16.13,16.36,15.92,16.02,11800,16.02
2005-06-15,15.43,16.10,15.28,15.92,21700,15.92
2005-06-14,16.40,16.47,15.94,15.94,27900,15.94
2005-06-13,16.47,16.80,16.41,16.42,11600,16.42
2005-06-10,16.50,16.80,16.41,16.739,37800,16.739
2005-06-09,16.50,16.50,16.39,16.47,9700,16.47
2005-06-08,16.45,16.45,16.17,16.344,11200,16.344
2005-06-07,16.42,16.67,16.08,16.29,14400,16.29
2005-06-06,16.50,16.53,16.40,16.50,21300,16.50
2005-06-03,16.45,16.45,16.25,16.40,6200,16.40
2005-06-02,16.50,16.50,16.18,16.241,11900,16.241
2005-06-01,15.96,16.22,15.95,16.06,11600,16.06
2005-05-31,15.30,16.269,15.03,15.949,54800,15.949
2005-05-27,14.73,15.75,14.73,15.03,20800,15.03
2005-05-26,14.80,15.37,14.67,15.29,11100,15.29
2005-05-25,15.00,15.45,14.36,15.38,9600,15.38
2005-05-24,15.31,15.40,15.01,15.082,15500,15.082
2005-05-23,15.75,15.75,15.24,15.30,21300,15.30
2005-05-20,16.22,16.22,15.01,15.339,26200,15.339
2005-05-19,15.23,15.74,15.14,15.25,20400,15.25
2005-05-18,13.87,14.96,13.87,14.86,13500,14.86
2005-05-17,14.00,14.219,13.87,14.219,17900,14.219
2005-05-16,15.11,15.65,13.50,13.62,43800,13.62
2005-05-13,17.50,17.50,15.55,15.65,42700,15.65
2005-05-12,16.00,16.749,16.00,16.51,25900,16.51
2005-05-11,15.83,16.33,15.36,16.26,44800,16.26
2005-05-10,15.00,15.29,14.61,15.19,25500,15.19
2005-05-09,14.15,14.60,14.07,14.55,24800,14.55
2005-05-06,14.85,14.85,13.25,14.05,54600,14.05
2005-05-05,14.76,15.23,14.76,14.86,31700,14.86
2005-05-04,15.53,15.70,14.50,15.01,34200,15.01
2005-05-03,14.80,15.18,14.361,15.07,33400,15.07
2005-05-02,13.39,15.13,12.788,14.728,97700,14.728
2005-04-29,13.38,13.43,12.50,13.19,31400,13.19
2005-04-28,13.09,13.09,12.74,12.99,62200,12.99
2005-04-27,13.50,14.55,12.58,12.67,389200,12.67
2005-04-26,11.73,11.99,10.81,10.94,77100,10.94
2005-04-25,11.75,12.24,11.36,11.96,38100,11.96
2005-04-22,11.91,12.60,11.91,12.05,23300,12.05
2005-04-21,12.75,13.59,11.75,12.001,70400,12.001
2005-04-20,12.99,12.99,12.40,12.69,18600,12.69
2005-04-19,12.44,12.45,11.62,12.409,34500,12.409
2005-04-18,13.50,13.81,11.51,12.40,103100,12.40
2005-04-15,15.51,15.51,13.31,13.55,94500,13.55
2005-04-14,16.34,16.50,15.80,15.80,47300,15.80
2005-04-13,16.44,16.60,16.44,16.50,13200,16.50
2005-04-12,16.62,16.62,15.90,16.35,32500,16.35
2005-04-11,16.32,16.60,16.32,16.57,44900,16.57
2005-04-08,16.60,16.60,16.32,16.32,12300,16.32
2005-04-07,16.35,16.589,16.35,16.58,6700,16.58
2005-04-06,16.94,16.94,15.98,16.35,11200,16.35
2005-04-05,16.50,16.74,16.50,16.70,11000,16.70
2005-04-04,16.00,16.50,15.48,16.22,14600,16.22
2005-04-01,15.25,16.00,15.25,16.00,9700,16.00
2005-03-31,16.459,16.459,15.36,15.809,10900,15.809
2005-03-30,16.41,16.42,15.971,16.131,8400,16.131
2005-03-29,16.50,16.50,16.03,16.36,20300,16.36
2005-03-28,16.25,16.50,15.30,16.36,32900,16.36
2005-03-24,15.13,16.19,15.041,16.10,18600,16.10
2005-03-23,16.06,16.06,15.00,15.20,18400,15.20
2005-03-22,15.749,16.20,15.67,16.20,17800,16.20
2005-03-21,16.10,16.16,15.511,15.64,7500,15.64
2005-03-18,15.62,15.97,15.41,15.96,5100,15.96
2005-03-17,15.271,15.62,15.271,15.62,8900,15.62
2005-03-16,16.25,16.26,15.15,15.25,22100,15.25
2005-03-15,15.51,16.28,15.51,16.11,30600,16.11
2005-03-14,16.00,16.34,15.34,15.78,40400,15.78
2005-03-11,15.88,15.959,14.50,15.62,11400,15.62
2005-03-10,15.60,15.689,15.27,15.50,6800,15.50
2005-03-09,16.68,16.68,15.622,16.03,16900,16.03
2005-03-08,16.94,16.95,16.05,16.11,50000,16.11
2005-03-07,16.43,17.089,16.188,16.99,117600,16.99
2005-03-04,16.11,16.11,15.94,15.989,6400,15.989
2005-03-03,15.99,15.99,15.581,15.80,15000,15.80
2005-03-02,15.46,16.00,14.32,15.85,8300,15.85
2005-03-01,16.05,16.05,15.79,15.95,13800,15.95
2005-02-28,16.20,16.20,15.50,15.80,15500,15.80
2005-02-25,15.40,16.60,15.24,16.039,44200,16.039
2005-02-24,14.01,15.31,14.01,15.211,26400,15.211
2005-02-23,15.03,15.30,14.18,14.40,38100,14.40
2005-02-22,15.98,15.98,14.55,14.79,64000,14.79
2005-02-18,15.521,16.159,15.35,16.159,28600,16.159
2005-02-17,15.63,16.199,15.45,15.57,49000,15.57
2005-02-16,15.23,15.62,15.20,15.539,45400,15.539
2005-02-15,16.29,16.29,15.50,15.62,60800,15.62
2005-02-14,14.75,16.30,14.54,15.60,113300,15.60
2005-02-11,14.42,15.08,13.91,14.82,97000,14.82
2005-02-10,14.64,14.64,13.75,13.90,77500,13.90
2005-02-09,13.00,15.289,13.00,14.31,296300,14.31
2005-02-08,12.85,12.989,12.31,12.957,4400,12.957
2005-02-07,13.00,13.00,12.80,12.989,3600,12.989
2005-02-04,12.37,13.00,12.37,13.00,1100,13.00
2005-02-03,12.65,13.00,12.27,13.00,14700,13.00
2005-02-02,12.60,12.66,12.27,12.659,3300,12.659
2005-02-01,12.40,12.69,12.30,12.62,12400,12.62
2005-01-31,12.68,12.70,12.26,12.55,9600,12.55
2005-01-28,12.551,12.68,12.53,12.68,1100,12.68
2005-01-27,12.51,12.69,12.51,12.69,1400,12.69
2005-01-26,12.49,12.75,12.48,12.72,2300,12.72
2005-01-25,12.40,12.829,12.26,12.41,8100,12.41
2005-01-24,12.51,12.51,12.35,12.49,8200,12.49
2005-01-21,12.40,12.74,12.40,12.55,5000,12.55
2005-01-20,12.73,12.73,12.73,12.73,200,12.73
2005-01-19,12.75,12.751,12.50,12.59,5400,12.59
2005-01-18,12.26,12.889,12.26,12.889,2500,12.889
2005-01-14,12.99,13.00,12.26,12.26,7700,12.26
2005-01-13,12.90,12.90,12.50,12.50,1400,12.50
2005-01-12,12.50,12.80,12.40,12.43,4800,12.43
2005-01-11,12.22,12.88,12.22,12.83,3900,12.83
2005-01-10,12.50,12.866,12.06,12.866,2400,12.866
2005-01-07,12.66,12.85,12.66,12.85,500,12.85
2005-01-06,12.661,12.859,12.661,12.80,6000,12.80
2005-01-05,12.74,12.90,12.66,12.77,4700,12.77
2005-01-04,12.70,13.173,12.70,12.80,14900,12.80
2005-01-03,12.75,13.119,12.75,13.092,16900,13.092
2004-12-31,12.656,12.76,12.656,12.76,1900,12.76
2004-12-30,12.501,12.501,12.28,12.501,300,12.501
2004-12-29,12.00,12.64,12.00,12.50,3600,12.50
2004-12-28,12.50,12.89,12.00,12.499,21400,12.499
2004-12-27,12.71,13.00,12.596,12.90,2500,12.90
2004-12-23,12.99,12.99,12.99,12.99,400,12.99
2004-12-22,12.53,13.10,12.53,13.05,12200,13.05
2004-12-21,12.41,12.50,12.33,12.50,400,12.50
2004-12-20,12.33,12.489,12.33,12.33,2200,12.33
2004-12-17,12.10,12.49,12.10,12.48,5900,12.48
2004-12-16,12.23,12.50,12.16,12.50,3800,12.50
2004-12-15,12.10,12.489,12.10,12.479,2700,12.479
2004-12-14,12.201,12.47,12.201,12.47,8700,12.47
2004-12-13,12.15,12.28,12.13,12.28,3400,12.28
2004-12-10,12.15,12.29,12.15,12.249,1000,12.249
2004-12-09,12.40,12.50,12.10,12.279,3200,12.279
2004-12-08,12.25,12.50,12.25,12.50,2400,12.50
2004-12-07,12.00,12.49,12.00,12.479,4900,12.479
2004-12-06,12.50,12.50,12.32,12.489,2800,12.489
2004-12-03,12.50,12.50,12.30,12.379,300,12.379
2004-12-02,12.50,12.50,12.10,12.15,96900,12.15
2004-12-01,12.15,12.549,11.77,12.489,16500,12.489
2004-11-30,12.15,12.15,11.76,12.10,15400,12.10
2004-11-29,11.40,11.99,11.40,11.89,12600,11.89
2004-11-26,11.70,12.099,11.671,11.671,1900,11.671
2004-11-24,11.50,12.15,11.00,12.00,9000,12.00
2004-11-23,12.209,12.21,11.99,12.21,7800,12.21
2004-11-22,11.80,12.21,11.80,12.21,700,12.21
2004-11-19,12.49,12.49,12.15,12.15,25700,12.15
2004-11-18,12.30,12.30,11.88,12.18,31000,12.18
2004-11-17,12.30,12.45,11.55,12.409,21000,12.409
2004-11-16,12.30,12.39,12.11,12.30,51900,12.30
2004-11-15,12.49,12.49,12.30,12.389,1500,12.389
2004-11-12,12.18,12.50,12.18,12.30,2800,12.30
2004-11-11,12.22,12.50,12.21,12.40,5000,12.40
2004-11-10,12.21,12.50,12.20,12.44,5700,12.44
2004-11-09,12.40,12.40,12.21,12.35,5400,12.35
2004-11-08,12.05,12.50,12.05,12.30,30200,12.30
2004-11-05,12.27,12.50,12.27,12.40,4700,12.40
2004-11-04,12.49,12.50,12.30,12.30,6000,12.30
2004-11-03,12.31,12.49,12.30,12.49,1300,12.49
2004-11-02,12.49,12.49,12.34,12.49,2800,12.49
2004-11-01,12.50,12.50,12.35,12.449,8000,12.449
2004-10-29,12.351,12.44,12.351,12.44,300,12.44
2004-10-28,12.30,12.479,12.30,12.41,2700,12.41
2004-10-27,12.461,12.49,12.15,12.49,7900,12.49
2004-10-26,12.85,12.85,12.33,12.55,4700,12.55
2004-10-25,11.201,12.76,11.201,12.30,15500,12.30
2004-10-22,11.05,11.50,11.05,11.50,10600,11.50
2004-10-21,10.99,11.25,10.81,11.25,14600,11.25
2004-10-20,11.60,11.60,10.08,11.00,63900,11.00
2004-10-19,11.24,11.50,11.24,11.42,5700,11.42
2004-10-18,11.419,11.46,11.24,11.46,9300,11.46
2004-10-15,11.46,11.46,10.941,11.14,11000,11.14
2004-10-14,11.50,11.50,11.201,11.22,5500,11.22
2004-10-13,11.48,11.49,11.30,11.48,8200,11.48
2004-10-12,11.50,11.50,11.38,11.42,21200,11.42
2004-10-11,11.49,11.49,11.00,11.29,31300,11.29
2004-10-08,10.12,11.45,10.12,11.20,19900,11.20
2004-10-07,11.16,11.20,11.00,11.169,9300,11.169
2004-10-06,11.02,11.02,10.28,10.781,7800,10.781
2004-10-05,11.48,11.48,10.80,11.14,7100,11.14
2004-10-04,10.88,11.459,10.88,11.201,2100,11.201
2004-10-01,10.87,11.28,10.00,10.869,5800,10.869
2004-09-30,11.50,11.50,10.96,11.30,18000,11.30
2004-09-29,10.24,11.63,10.15,11.50,28200,11.50
2004-09-28,10.17,10.209,10.17,10.20,6600,10.20
2004-09-27,10.00,10.10,10.00,10.10,14100,10.10
2004-09-24,10.13,10.14,9.90,10.10,4800,10.10
2004-09-23,9.90,10.139,9.90,10.06,33600,10.06
2004-09-22,10.101,10.12,9.99,10.12,500,10.12
2004-09-21,10.12,10.25,9.52,10.199,12300,10.199
2004-09-20,10.00,10.40,10.00,10.39,34400,10.39
2004-09-17,10.25,10.25,10.25,10.25,3400,10.25
2004-09-16,10.26,10.37,10.26,10.37,1500,10.37
2004-09-15,10.31,10.489,10.26,10.26,4400,10.26
2004-09-14,10.49,10.49,10.49,10.49,100,10.49
2004-09-13,10.272,10.36,10.272,10.36,5500,10.36
2004-09-10,10.46,10.46,10.46,10.46,500,10.46
2004-09-09,10.31,10.699,10.31,10.489,1600,10.489
2004-09-08,10.55,10.55,10.50,10.50,7200,10.50
2004-09-07,10.749,10.749,10.61,10.749,1600,10.749
2004-09-03,10.35,10.60,10.25,10.60,1500,10.60
2004-09-02,10.15,10.999,10.15,10.95,7700,10.95
2004-09-01,11.00,11.00,10.33,10.61,6500,10.61
2004-08-31,10.50,11.00,10.44,11.00,12500,11.00
2004-08-30,10.49,10.50,10.25,10.40,13900,10.40
2004-08-27,10.00,10.50,10.00,10.49,7200,10.49
2004-08-26,10.299,10.40,10.299,10.40,700,10.40
2004-08-25,10.49,10.49,10.20,10.29,14200,10.29
2004-08-24,10.399,10.49,10.399,10.49,8600,10.49
2004-08-23,9.901,10.26,9.901,10.26,4700,10.26
2004-08-20,9.85,9.97,9.85,9.97,800,9.97
2004-08-19,9.92,10.10,9.79,10.10,10300,10.10
