Date,Open,High,Low,Close,Volume,Adj Close
2016-04-15,9.56,10.01,9.48,9.74,25800,9.74
2016-04-14,9.30,9.70,9.30,9.61,19500,9.61
2016-04-13,9.03,9.33,9.03,9.26,15900,9.26
2016-04-12,9.05,9.07,9.01,9.02,14400,9.02
2016-04-11,9.16,9.27,8.99,8.99,16800,8.99
2016-04-08,9.07,9.11,9.01,9.06,5500,9.06
2016-04-07,9.04,9.08,8.98,9.04,5200,9.04
2016-04-06,8.97,9.17,8.94,9.04,5200,9.04
2016-04-05,9.21,9.22,8.93,8.93,13400,8.93
2016-04-04,9.48,9.48,9.30,9.31,15500,9.31
2016-04-01,9.46,9.48,9.26,9.43,9200,9.43
2016-03-31,9.87,9.87,9.60,9.60,17400,9.60
2016-03-30,9.91,10.06,9.85,9.89,26700,9.89
2016-03-29,9.37,9.90,9.37,9.85,24600,9.85
2016-03-28,9.07,9.46,9.05,9.31,13600,9.31
2016-03-24,8.77,9.06,8.77,9.01,8700,9.01
2016-03-23,8.74,8.89,8.72,8.76,23700,8.76
2016-03-22,8.85,8.86,8.70,8.73,14900,8.73
2016-03-21,8.85,9.00,8.66,8.87,15700,8.87
2016-03-18,8.98,9.09,8.70,8.79,48300,8.79
2016-03-17,8.71,8.95,8.71,8.92,9600,8.92
2016-03-16,9.00,9.18,8.85,8.99,15600,8.99
2016-03-15,9.01,9.06,8.55,9.01,10800,9.01
2016-03-14,9.19,9.19,9.01,9.01,10500,9.01
2016-03-11,9.02,9.25,9.02,9.24,9700,9.24
2016-03-10,9.01,9.08,8.98,8.99,12500,8.99
2016-03-09,8.95,9.33,8.90,9.04,21600,9.04
2016-03-08,9.11,9.32,9.00,9.01,27900,8.91
2016-03-07,9.07,9.69,9.07,9.41,34200,9.30556
2016-03-04,8.75,9.11,8.75,9.06,19500,8.959445
2016-03-03,8.55,8.79,8.53,8.77,16600,8.672664
2016-03-02,8.35,8.56,8.33,8.55,10000,8.455105
2016-03-01,8.52,8.53,8.19,8.41,34600,8.316659
2016-02-29,8.24,8.96,8.24,8.38,38400,8.286992
2016-02-26,8.00,8.40,7.97,8.17,17600,8.079323
2016-02-25,7.70,8.00,7.70,7.96,11900,7.871654
2016-02-24,7.64,7.82,7.57,7.82,6500,7.733208
2016-02-23,7.52,7.82,7.50,7.64,8600,7.555205
2016-02-22,8.18,8.18,7.52,7.52,14300,7.436537
2016-02-19,7.85,8.07,7.85,7.90,11000,7.81232
2016-02-18,7.90,8.06,7.31,7.87,15000,7.782652
2016-02-17,8.13,8.35,7.91,7.92,16200,7.832098
2016-02-16,7.57,8.16,7.55,8.10,15700,8.0101
2016-02-12,7.57,7.57,7.46,7.49,36900,7.40687
2016-02-11,7.15,7.57,7.15,7.51,9200,7.426648
2016-02-10,7.35,7.36,7.22,7.30,87100,7.218979
2016-02-09,7.36,7.36,7.30,7.33,17500,7.248646
2016-02-08,7.55,7.60,7.45,7.48,29300,7.396981
2016-02-05,7.73,8.23,7.56,7.56,29700,7.476093
2016-02-04,7.98,8.10,7.72,7.75,14200,7.663984
2016-02-03,8.08,8.49,7.96,8.02,32100,7.930988
2016-02-02,8.10,8.24,7.93,7.98,23900,7.891432
2016-02-01,8.53,8.53,8.10,8.10,15900,8.0101
2016-01-29,8.42,8.60,8.42,8.58,32400,8.484772
2016-01-28,8.43,8.50,8.11,8.41,14100,8.316659
2016-01-27,8.57,8.93,8.40,8.40,11100,8.30677
2016-01-26,8.97,8.97,8.79,8.86,10800,8.761664
2016-01-25,8.96,9.07,8.88,8.88,14200,8.781443
2016-01-22,8.95,9.12,8.86,9.09,29200,8.989112
2016-01-21,9.01,9.08,8.65,8.84,13500,8.741887
2016-01-20,8.85,9.23,8.67,9.14,21300,9.038557
2016-01-19,8.96,8.98,8.82,8.93,15800,8.830888
2016-01-15,8.88,9.00,8.80,8.90,16000,8.80122
2016-01-14,9.02,9.30,8.88,9.15,15900,9.048446
2016-01-13,9.12,9.16,8.91,9.01,22200,8.91
2016-01-12,9.30,9.30,8.95,9.09,16400,8.989112
2016-01-11,8.88,9.32,8.81,9.27,20200,9.167115
2016-01-08,9.02,9.26,8.78,8.92,23800,8.820999
2016-01-07,9.73,9.73,8.61,8.96,52200,8.860555
2016-01-06,9.88,10.10,9.73,9.92,20300,9.8099
2016-01-05,10.00,10.30,9.62,9.99,34300,9.879123
2016-01-04,10.02,10.02,9.59,9.93,35800,9.819789
2015-12-31,10.53,10.66,10.12,10.12,28200,10.00768
2015-12-30,11.07,11.27,10.68,10.70,15500,10.581243
2015-12-29,11.14,11.34,10.95,11.18,13400,11.055916
2015-12-28,11.11,11.19,10.87,10.96,12100,10.838357
2015-12-24,11.36,11.42,10.90,11.21,12000,11.085582
2015-12-23,11.24,11.50,11.09,11.33,17000,11.20425
2015-12-22,10.84,11.27,10.55,11.21,23400,11.085582
2015-12-21,10.64,10.90,10.49,10.83,24700,10.7098
2015-12-18,10.71,10.75,10.47,10.58,39000,10.462575
2015-12-17,10.98,11.15,10.75,10.79,15300,10.670244
2015-12-16,10.75,10.97,10.75,10.87,21000,10.749356
2015-12-15,10.67,10.75,10.50,10.72,20100,10.601021
2015-12-14,10.54,11.01,10.50,10.54,23500,10.423019
2015-12-11,10.30,10.67,10.30,10.57,39300,10.452685
2015-12-10,10.82,10.94,10.36,10.55,48900,10.432908
2015-12-09,10.87,10.99,10.74,10.77,18600,10.650466
2015-12-08,11.13,11.31,10.74,11.03,33100,10.90758
2015-12-07,11.60,11.93,11.12,11.32,20400,11.194361
2015-12-04,11.54,11.63,11.53,11.54,7900,11.41192
2015-12-03,11.76,11.90,11.50,11.54,14200,11.41192
2015-12-02,11.93,11.93,11.75,11.76,12700,11.629478
2015-12-01,11.94,11.94,11.69,11.82,17400,11.688812
2015-11-30,12.26,12.46,11.75,11.77,17200,11.639368
2015-11-27,12.23,12.41,11.95,12.27,5700,12.133818
2015-11-25,11.39,12.37,11.38,12.32,27200,12.183262
2015-11-24,11.36,11.55,11.18,11.47,37200,11.342697
2015-11-23,11.68,11.77,11.51,11.65,12800,11.520699
2015-11-20,11.01,11.66,11.01,11.65,32300,11.520699
2015-11-19,10.99,11.04,10.52,10.73,15100,10.610909
2015-11-18,10.85,10.97,10.85,10.89,26900,10.769134
2015-11-17,10.87,11.06,10.85,10.95,49300,10.828468
2015-11-16,11.24,11.71,10.78,10.95,25900,10.828468
2015-11-13,12.10,12.34,11.48,11.54,36000,11.31303
2015-11-12,12.28,12.59,12.06,12.21,17100,11.969853
2015-11-11,12.10,12.60,11.73,12.43,18500,12.185526
2015-11-10,11.97,12.23,11.97,12.16,13600,11.920836
2015-11-09,11.93,12.16,11.91,12.01,14100,11.773786
2015-11-06,11.89,12.00,11.78,11.95,16200,11.714966
2015-11-05,11.95,11.99,11.71,11.95,18300,11.714966
2015-11-04,12.05,12.05,11.60,11.98,19300,11.744376
2015-11-03,11.73,12.17,11.65,12.17,18400,11.930639
2015-11-02,11.77,11.86,11.55,11.81,23900,11.57772
2015-10-30,12.32,12.41,11.85,11.85,13700,11.616933
2015-10-29,12.18,12.53,11.92,12.33,27800,12.087492
2015-10-28,11.64,12.20,11.64,12.19,19900,11.950245
2015-10-27,11.83,11.83,11.55,11.57,9200,11.34244
2015-10-26,12.02,12.03,11.75,11.80,7500,11.567917
2015-10-23,11.88,12.07,11.88,12.03,15000,11.793392
2015-10-22,11.71,11.95,11.71,11.87,12800,11.63654
2015-10-21,11.92,11.96,11.51,11.60,11600,11.37185
2015-10-20,11.98,12.02,11.77,11.82,9900,11.587523
2015-10-19,12.03,12.13,11.95,12.01,13700,11.773786
2015-10-16,12.27,12.27,12.09,12.13,10400,11.891426
2015-10-15,12.10,12.22,11.77,12.22,19400,11.979656
2015-10-14,12.45,12.55,12.06,12.07,10300,11.832606
2015-10-13,12.50,12.60,12.47,12.47,8000,12.224739
2015-10-12,12.54,12.63,12.45,12.51,12000,12.263952
2015-10-09,12.49,12.63,12.45,12.45,10000,12.205132
2015-10-08,12.41,12.60,12.30,12.47,20200,12.224739
2015-10-07,12.27,12.59,12.25,12.44,21300,12.195328
2015-10-06,12.37,12.37,12.13,12.17,11600,11.930639
2015-10-05,12.06,12.45,12.06,12.43,18300,12.185526
2015-10-02,11.94,12.08,11.72,11.99,19500,11.754179
2015-10-01,12.06,12.15,11.89,12.04,13500,11.803196
2015-09-30,11.75,12.04,11.64,11.98,12300,11.744376
2015-09-29,11.65,11.81,11.47,11.69,14500,11.460079
2015-09-28,11.66,11.79,11.42,11.65,17500,11.420866
2015-09-25,11.95,12.11,11.60,11.64,24900,11.411064
2015-09-24,11.80,11.95,11.68,11.93,12400,11.69536
2015-09-23,11.92,11.92,11.68,11.78,14300,11.548309
2015-09-22,11.81,11.95,11.53,11.85,12800,11.616933
2015-09-21,11.44,11.94,11.44,11.83,12100,11.597326
2015-09-18,11.62,11.92,11.30,11.30,44100,11.077751
2015-09-17,11.93,12.47,11.75,11.83,28200,11.597326
2015-09-16,12.27,12.27,11.84,11.87,16200,11.63654
2015-09-15,12.20,12.26,12.09,12.19,3800,11.950245
2015-09-14,12.36,12.49,12.01,12.09,15600,11.852213
2015-09-11,12.04,12.52,12.04,12.29,8100,12.048279
2015-09-10,11.82,12.16,11.82,12.07,19200,11.832606
2015-09-09,12.49,12.64,12.28,12.34,16800,12.097296
2015-09-08,12.39,12.64,12.21,12.39,16400,12.146313
2015-09-04,11.97,12.60,11.94,12.23,8200,11.989459
2015-09-03,12.42,12.42,12.11,12.13,14600,11.891426
2015-09-02,12.21,12.29,12.12,12.20,11700,11.960049
2015-09-01,12.27,12.27,12.01,12.11,16300,11.871819
2015-08-31,12.04,12.29,12.04,12.24,9200,11.999262
2015-08-28,11.84,12.44,11.84,12.06,8700,11.822803
2015-08-27,12.05,12.58,11.73,11.91,14600,11.675753
2015-08-26,12.03,12.39,11.74,12.08,24500,11.842409
2015-08-25,12.33,12.69,11.47,11.47,24300,11.244407
2015-08-24,12.45,12.99,11.99,11.99,36400,11.754179
2015-08-21,12.55,13.05,12.55,12.90,20300,12.646281
2015-08-20,12.85,13.03,12.84,12.84,13100,12.489428
2015-08-19,12.97,13.28,12.89,12.89,25400,12.538063
2015-08-18,12.95,13.10,12.93,12.98,28900,12.625605
2015-08-17,12.84,13.00,12.82,12.93,16900,12.576971
2015-08-14,12.82,12.95,12.81,12.94,8000,12.586697
2015-08-13,12.86,12.92,12.81,12.85,4800,12.499156
2015-08-12,12.80,12.95,12.80,12.91,6900,12.557517
2015-08-11,12.85,12.93,12.83,12.87,6300,12.518609
2015-08-10,12.88,13.02,12.84,12.93,17000,12.576971
2015-08-07,12.86,13.05,12.84,12.84,7800,12.489428
2015-08-06,13.07,13.07,12.93,12.94,10700,12.586697
2015-08-05,13.08,13.08,12.90,13.02,19300,12.664514
2015-08-04,12.72,13.05,12.71,12.95,24300,12.596425
2015-08-03,12.48,12.64,12.33,12.56,23900,12.217073
2015-07-31,12.61,12.74,12.44,12.53,10000,12.187892
2015-07-30,12.38,12.63,12.18,12.54,21200,12.197619
2015-07-29,12.14,12.53,12.08,12.35,23500,12.012807
2015-07-28,11.85,12.61,11.72,12.11,34100,11.779359
2015-07-27,12.41,12.43,11.72,11.88,72100,11.555639
2015-07-24,12.65,12.85,12.47,12.47,10700,12.129531
2015-07-23,12.66,12.74,12.59,12.60,9300,12.255981
2015-07-22,12.70,12.72,12.59,12.67,8700,12.32407
2015-07-21,12.56,12.75,12.56,12.69,10300,12.343523
2015-07-20,12.70,12.83,12.39,12.60,27500,12.255981
2015-07-17,12.83,12.94,12.72,12.74,16400,12.392158
2015-07-16,12.86,13.01,12.78,12.88,18200,12.528336
2015-07-15,13.04,13.04,12.84,12.84,8200,12.489428
2015-07-14,13.01,13.05,12.86,12.99,15000,12.635333
2015-07-13,12.85,13.08,12.71,12.96,28900,12.606152
2015-07-10,12.90,13.00,12.80,12.90,16500,12.54779
2015-07-09,13.05,13.06,12.75,12.86,27700,12.508882
2015-07-08,12.89,12.95,12.75,12.81,14500,12.460248
2015-07-07,12.99,13.19,12.88,12.95,22100,12.596425
2015-07-06,13.18,13.18,12.77,13.06,51200,12.703422
2015-07-02,13.56,13.56,13.26,13.45,14900,13.082773
2015-07-01,13.78,13.84,13.32,13.52,47900,13.150863
2015-06-30,13.62,13.75,13.37,13.75,47900,13.374582
2015-06-29,13.55,14.11,13.54,13.61,107700,13.238404
2015-06-26,13.50,13.74,13.25,13.49,137000,13.121681
2015-06-25,14.03,14.03,13.38,13.49,70800,13.121681
2015-06-24,12.70,13.22,12.70,13.15,46100,12.790964
2015-06-23,12.35,12.77,12.30,12.74,42000,12.392158
2015-06-22,13.29,13.35,12.22,12.32,120600,11.983626
2015-06-19,13.15,13.36,13.08,13.35,84500,12.985504
2015-06-18,13.25,13.29,13.04,13.10,36100,12.74233
2015-06-17,13.36,13.37,13.10,13.14,48000,12.781238
2015-06-16,13.04,13.53,13.01,13.28,26700,12.917415
2015-06-15,12.66,13.54,12.66,12.99,112700,12.635333
2015-06-12,12.58,12.80,12.45,12.60,48300,12.255981
2015-06-11,12.64,12.75,12.56,12.59,22200,12.246254
2015-06-10,12.80,12.91,12.51,12.60,46700,12.255981
2015-06-09,12.86,12.88,12.66,12.75,24900,12.401885
2015-06-08,12.84,12.90,12.75,12.82,15600,12.469974
2015-06-05,12.78,12.90,12.77,12.90,15100,12.54779
2015-06-04,12.76,13.10,12.71,12.77,45800,12.42134
2015-06-03,12.75,12.95,12.75,12.85,32800,12.499156
2015-06-02,12.83,12.91,12.64,12.70,15100,12.35325
2015-06-01,12.90,13.03,12.69,12.85,24100,12.499156
2015-05-29,12.85,12.99,12.67,12.83,11900,12.479701
2015-05-28,12.65,12.93,12.62,12.86,10800,12.508882
2015-05-27,12.57,12.66,12.51,12.66,10400,12.314343
2015-05-26,12.57,12.67,12.52,12.57,19500,12.2268
2015-05-22,12.80,12.92,12.65,12.70,30400,12.35325
2015-05-21,12.95,12.95,12.78,12.81,9800,12.460248
2015-05-20,12.90,12.94,12.80,12.90,14500,12.54779
2015-05-19,12.97,12.98,12.90,12.90,20000,12.45052
2015-05-18,12.90,12.94,12.85,12.92,17300,12.469824
2015-05-15,12.90,13.00,12.90,12.90,15200,12.45052
2015-05-14,12.94,12.96,12.90,12.90,18800,12.45052
2015-05-13,12.99,13.00,12.89,12.90,14800,12.45052
2015-05-12,12.81,12.96,12.80,12.90,10900,12.45052
2015-05-11,12.97,12.98,12.90,12.91,13500,12.460172
2015-05-08,12.95,13.03,12.80,12.91,23300,12.460172
2015-05-07,12.90,13.03,12.89,12.90,21700,12.45052
2015-05-06,12.89,13.05,12.84,12.90,31000,12.45052
2015-05-05,12.85,13.14,12.84,12.85,24600,12.402263
2015-05-04,12.95,13.13,12.85,12.85,13900,12.402263
2015-05-01,13.02,13.05,12.84,13.00,18400,12.547036
2015-04-30,13.00,13.11,13.00,13.01,39700,12.556688
2015-04-29,13.16,13.17,13.00,13.00,5900,12.547036
2015-04-28,13.17,13.26,13.12,13.17,6000,12.711113
2015-04-27,13.15,13.19,12.91,13.01,11200,12.556688
2015-04-24,13.06,13.40,12.90,13.01,16300,12.556688
2015-04-23,12.69,13.09,12.69,13.00,14200,12.547036
2015-04-22,12.68,12.89,12.68,12.79,8100,12.344353
2015-04-21,12.96,12.96,12.46,12.75,35600,12.305747
2015-04-20,12.78,12.94,12.62,12.83,15900,12.382959
2015-04-17,13.04,13.04,12.55,12.77,23400,12.32505
2015-04-16,12.85,13.18,12.53,13.13,15900,12.672506
2015-04-15,12.75,12.97,12.73,12.86,15900,12.411914
2015-04-14,12.68,13.02,12.68,12.79,11100,12.344353
2015-04-13,12.69,12.81,12.24,12.73,15800,12.286443
2015-04-10,12.73,12.77,12.52,12.59,6200,12.151322
2015-04-09,12.73,12.96,12.01,12.66,10400,12.218883
2015-04-08,12.79,13.00,11.89,12.80,7800,12.354005
2015-04-07,12.98,13.24,12.69,12.76,22100,12.315399
2015-04-06,12.83,13.28,12.83,13.05,15500,12.595294
2015-04-02,13.00,13.02,12.75,12.83,18700,12.382959
2015-04-01,13.15,13.32,12.85,13.01,18800,12.556688
2015-03-31,13.13,13.20,12.97,13.12,9100,12.662855
2015-03-30,13.15,13.33,13.00,13.25,10400,12.788325
2015-03-27,12.99,13.15,12.75,13.07,13500,12.614597
2015-03-26,12.70,13.01,12.70,12.93,10300,12.479475
2015-03-25,13.07,13.25,12.73,12.75,14100,12.305747
2015-03-24,13.12,13.20,13.00,13.03,25400,12.57599
2015-03-23,12.97,13.40,12.96,13.20,22900,12.740067
2015-03-20,12.87,13.12,12.87,13.03,55600,12.57599
2015-03-19,12.92,12.98,12.76,12.86,11900,12.411914
2015-03-18,12.39,13.16,12.38,12.99,41300,12.537384
2015-03-17,12.34,12.64,12.17,12.36,31300,11.929335
2015-03-16,12.47,12.64,12.33,12.36,22800,11.929335
2015-03-13,12.39,12.56,12.17,12.43,45000,11.996897
2015-03-12,12.10,12.60,12.06,12.47,55600,12.035503
2015-03-11,12.06,12.19,11.88,11.98,32500,11.562576
2015-03-10,12.26,12.43,11.96,12.01,28600,11.591531
2015-03-09,12.34,12.74,12.31,12.42,21700,11.890729
2015-03-06,12.50,12.77,12.20,12.20,21900,11.680104
2015-03-05,12.72,12.95,12.50,12.57,23600,12.034337
2015-03-04,12.85,12.96,12.70,12.72,18200,12.177945
2015-03-03,12.85,13.10,12.71,12.88,23100,12.331127
2015-03-02,13.12,13.31,12.86,12.87,46100,12.321553
2015-02-27,13.03,13.30,12.95,13.05,23000,12.493882
2015-02-26,13.79,13.79,12.66,13.09,33200,12.532178
2015-02-25,14.18,14.21,13.94,14.05,14000,13.451268
2015-02-24,14.00,14.31,13.98,14.19,31700,13.585301
2015-02-23,13.75,14.06,13.55,13.98,12800,13.38425
2015-02-20,14.05,14.07,13.75,13.85,16200,13.259791
2015-02-19,13.72,14.26,13.72,14.01,17200,13.412972
2015-02-18,14.13,14.13,13.81,13.99,17600,13.393824
2015-02-17,14.23,14.25,13.97,14.19,26300,13.585301
2015-02-13,14.30,14.40,14.16,14.18,16200,13.575728
2015-02-12,14.00,14.39,14.00,14.22,12600,13.614023
2015-02-11,14.03,14.36,14.03,14.08,10800,13.479989
2015-02-10,14.21,14.43,14.10,14.10,14300,13.499137
2015-02-09,14.24,14.44,14.15,14.26,14400,13.652319
2015-02-06,14.21,14.60,14.20,14.24,22400,13.633171
2015-02-05,13.88,14.22,13.64,14.19,17200,13.585301
2015-02-04,13.98,14.01,13.36,13.91,34200,13.317234
2015-02-03,14.12,14.40,13.86,14.03,35000,13.43212
2015-02-02,13.77,14.14,13.45,14.11,15900,13.50871
2015-01-30,14.44,14.80,13.82,13.83,17800,13.240643
2015-01-29,14.28,14.60,14.00,14.60,9600,13.97783
2015-01-28,14.57,14.60,14.17,14.19,20100,13.585301
2015-01-27,14.28,14.69,14.25,14.50,20600,13.882091
2015-01-26,14.29,14.74,14.28,14.52,16700,13.901239
2015-01-23,14.66,14.71,14.43,14.52,24300,13.901239
2015-01-22,14.30,14.66,14.17,14.65,20300,14.025699
2015-01-21,14.49,14.64,14.24,14.25,16800,13.642745
2015-01-20,14.53,14.65,14.45,14.58,20000,13.958682
2015-01-16,14.23,14.61,14.23,14.60,25100,13.97783
2015-01-15,14.31,14.39,14.15,14.30,29800,13.690614
2015-01-14,14.45,14.49,14.30,14.31,17900,13.700188
2015-01-13,14.86,14.86,14.32,14.45,14800,13.834222
2015-01-12,14.21,14.49,14.16,14.39,19600,13.776779
2015-01-09,14.21,14.49,14.12,14.34,22300,13.72891
2015-01-08,14.61,14.80,14.28,14.41,30700,13.795926
2015-01-07,14.74,14.80,14.24,14.47,40200,13.85337
2015-01-06,14.62,14.87,14.48,14.60,43400,13.97783
2015-01-05,14.71,14.98,14.54,14.61,35400,13.987403
2015-01-02,14.82,14.97,14.55,14.71,18200,14.083142
2014-12-31,14.84,14.84,14.72,14.82,8600,14.188454
2014-12-30,14.81,15.02,14.60,14.92,14200,14.284193
2014-12-29,14.69,15.18,14.56,14.84,14600,14.207602
2014-12-26,14.98,15.04,14.60,14.72,29600,14.092716
2014-12-24,15.04,15.07,14.65,14.85,6100,14.217177
2014-12-23,15.18,15.40,14.88,14.94,38000,14.30334
2014-12-22,15.08,15.20,14.90,15.15,14600,14.504391
2014-12-19,15.03,15.36,15.03,15.04,68500,14.399079
2014-12-18,15.20,15.20,14.75,15.10,23500,14.456523
2014-12-17,14.97,15.14,14.64,15.12,34800,14.47567
2014-12-16,14.69,15.10,14.68,14.99,16800,14.35121
2014-12-15,14.70,14.97,14.60,14.61,16800,13.987403
2014-12-12,14.87,15.07,14.59,14.67,82000,14.044847
2014-12-11,15.02,15.40,14.85,15.05,28600,14.408653
2014-12-10,15.20,15.60,14.90,14.91,26400,14.274619
2014-12-09,14.94,15.56,14.80,15.39,36400,14.734165
2014-12-08,14.80,15.10,14.80,14.93,23200,14.293767
2014-12-05,14.87,14.99,14.80,14.89,31100,14.255472
2014-12-04,14.91,15.08,14.78,14.92,17900,14.284193
2014-12-03,14.88,15.00,14.80,14.95,21400,14.312915
2014-12-02,14.85,15.11,14.80,14.94,20400,14.30334
2014-12-01,14.85,15.03,14.80,14.80,25700,14.169307
2014-11-28,15.02,15.13,14.81,14.92,15500,14.284193
2014-11-26,14.92,15.17,14.92,15.09,13400,14.446949
2014-11-25,15.02,15.09,14.90,15.03,12200,14.389505
2014-11-24,15.01,15.28,15.00,15.11,16500,14.466096
2014-11-21,15.29,15.29,14.86,15.10,44300,14.456523
2014-11-20,15.08,15.18,14.95,15.11,15500,14.466096
2014-11-19,15.22,15.39,14.90,15.07,29700,14.427801
2014-11-18,15.07,15.33,15.00,15.30,32400,14.648
2014-11-17,14.91,15.20,14.80,15.11,38600,14.370358
2014-11-14,15.14,15.16,14.81,14.88,31700,14.151617
2014-11-13,15.32,15.32,15.05,15.20,19900,14.455952
2014-11-12,14.91,15.38,14.89,15.35,31600,14.59861
2014-11-11,14.99,15.04,14.89,15.01,36500,14.275253
2014-11-10,15.00,15.05,14.92,15.02,29500,14.284764
2014-11-07,14.77,15.00,14.77,14.98,16900,14.246721
2014-11-06,14.70,15.05,14.52,15.00,36300,14.265743
2014-11-05,14.90,15.09,14.64,14.81,21000,14.085044
2014-11-04,14.90,14.95,14.62,14.73,42600,14.008959
2014-11-03,15.00,15.26,14.75,14.85,25900,14.123086
2014-10-31,15.19,15.19,14.83,14.90,35200,14.170637
2014-10-30,14.75,15.16,14.70,14.99,31900,14.256232
2014-10-29,15.16,15.16,14.62,14.81,25900,14.085044
2014-10-28,14.27,15.08,14.18,15.07,30500,14.332316
2014-10-27,13.78,14.07,13.68,13.98,16800,13.295672
2014-10-24,13.66,13.90,13.66,13.75,30300,13.076931
2014-10-23,13.47,13.69,13.41,13.60,43400,12.934274
2014-10-22,13.66,13.76,13.40,13.47,62300,12.810637
2014-10-21,13.59,14.25,13.56,13.60,66500,12.934274
2014-10-20,13.57,13.73,13.41,13.50,67800,12.839168
2014-10-17,14.02,14.02,13.68,13.73,42700,13.057909
2014-10-16,14.40,14.71,13.75,13.80,58300,13.124483
2014-10-15,14.52,14.83,14.52,14.53,51900,13.818749
2014-10-14,14.75,14.89,14.54,14.66,47900,13.942386
2014-10-13,14.57,14.91,14.56,14.59,41000,13.875812
2014-10-10,14.51,15.00,14.51,14.65,31300,13.932875
2014-10-09,14.97,15.09,14.60,14.62,32500,13.904344
2014-10-08,14.90,15.14,14.85,14.99,46600,14.256232
2014-10-07,15.29,15.34,14.98,14.99,22800,14.256232
2014-10-06,15.28,15.51,15.27,15.34,11100,14.5891
2014-10-03,15.63,15.76,15.30,15.31,22000,14.560568
2014-10-02,15.18,15.74,15.18,15.40,49900,14.646162
2014-10-01,14.89,15.33,14.55,15.16,40900,14.41791
2014-09-30,15.54,15.59,14.83,14.83,47700,14.104064
2014-09-29,15.41,15.68,15.40,15.65,21800,14.883924
2014-09-26,15.56,15.81,15.46,15.51,10700,14.750778
2014-09-25,15.74,15.96,15.50,15.53,26600,14.769799
2014-09-24,15.39,15.88,15.21,15.76,23500,14.98854
2014-09-23,15.92,15.92,15.31,15.40,31200,14.646162
2014-09-22,14.85,15.96,14.76,15.58,66300,14.817351
2014-09-19,15.30,15.30,14.84,15.00,116400,14.265743
2014-09-18,15.12,15.57,15.09,15.28,45900,14.532036
2014-09-17,15.06,15.49,14.80,15.09,55900,14.351337
2014-09-16,14.30,15.13,14.30,15.00,29700,14.265743
2014-09-15,14.12,14.65,14.12,14.29,24900,13.590497
2014-09-12,14.52,14.68,14.19,14.33,31200,13.628539
2014-09-11,14.41,14.81,14.31,14.71,26400,13.989938
2014-09-10,14.73,14.73,14.13,14.53,33100,13.818749
2014-09-09,14.92,14.95,14.54,14.68,34900,13.961407
2014-09-08,15.47,15.47,14.97,15.01,28900,14.275253
2014-09-05,15.15,15.67,15.10,15.57,19200,14.807841
2014-09-04,15.05,15.34,14.76,15.14,62300,14.39889
2014-09-03,16.200001,16.799999,16.200001,16.469999,101500,14.237211
2014-09-02,16.50,16.690001,15.65,16.110001,77600,13.926016
2014-08-29,16.549999,16.549999,16.40,16.450001,14900,14.219923
2014-08-28,16.50,16.780001,16.360001,16.540001,25600,14.297722
2014-08-27,16.790001,16.940001,16.42,16.52,40100,14.280433
2014-08-26,16.73,16.93,16.700001,16.780001,49200,14.505186
2014-08-25,16.35,16.889999,16.299999,16.629999,11700,14.37552
2014-08-22,16.43,16.549999,16.16,16.309999,17600,14.098902
2014-08-21,16.200001,16.60,16.01,16.41,15400,14.185345
2014-08-20,16.01,16.440001,15.83,16.34,28500,14.124835
2014-08-19,15.54,16.15,15.54,16.02,32800,13.848217
2014-08-18,16.10,16.17,15.36,15.64,80200,13.519732
2014-08-15,16.059999,16.059999,15.60,16.02,30100,13.848217
2014-08-14,15.66,15.94,15.63,15.87,13500,13.718551
2014-08-13,15.74,15.82,15.66,15.76,24400,13.537021
2014-08-12,15.79,15.96,15.72,15.76,25400,13.537021
2014-08-11,15.90,15.90,15.70,15.88,14300,13.640094
2014-08-08,15.59,16.040001,15.59,15.85,16100,13.614326
2014-08-07,15.31,15.75,15.31,15.62,33600,13.416768
2014-08-06,15.37,15.48,14.99,15.39,31000,13.21921
2014-08-05,15.29,15.48,14.30,15.37,54500,13.202031
2014-08-04,15.62,15.62,15.11,15.28,32500,13.124725
2014-08-01,15.38,15.75,15.25,15.63,28000,13.425357
2014-07-31,15.80,15.80,15.40,15.44,23300,13.262157
2014-07-30,16.08,16.139999,15.76,15.78,10000,13.554199
2014-07-29,16.07,16.219999,15.75,15.96,19100,13.70881
2014-07-28,16.110001,16.280001,15.94,15.97,16300,13.7174
2014-07-25,15.89,16.01,15.71,16.01,25100,13.751758
2014-07-24,16.10,16.200001,15.84,16.00,29600,13.743168
2014-07-23,16.17,16.200001,16.08,16.120001,24700,13.846242
2014-07-22,16.15,16.190001,15.89,16.049999,17300,13.786115
2014-07-21,15.99,16.09,15.54,15.99,64600,13.734578
2014-07-18,16.040001,16.290001,15.89,16.190001,34000,13.906368
2014-07-17,15.70,16.280001,15.70,16.120001,30200,13.846242
2014-07-16,16.35,16.440001,15.68,15.73,23400,13.511252
2014-07-15,16.35,16.610001,16.190001,16.299999,34900,14.000852
2014-07-14,16.33,16.40,16.190001,16.309999,22000,14.009441
2014-07-11,16.23,16.379999,16.08,16.34,20700,14.03521
2014-07-10,16.469999,16.469999,16.07,16.299999,19200,14.000852
2014-07-09,16.809999,16.940001,16.43,16.75,10200,14.387379
2014-07-08,16.889999,16.889999,16.629999,16.719999,18400,14.36161
2014-07-07,17.200001,17.200001,16.85,16.879999,27000,14.499041
2014-07-03,17.290001,17.35,17.110001,17.219999,15500,14.791084
2014-07-02,17.27,17.27,17.049999,17.10,44700,14.688011
2014-07-01,16.959999,17.23,16.959999,17.16,56600,14.739547
2014-06-30,17.00,17.280001,16.40,16.969999,115500,14.576347
2014-06-27,16.65,17.25,16.139999,16.969999,137900,14.576347
2014-06-26,16.60,18.370001,16.08,16.709999,145900,14.35302
2014-06-25,15.96,15.96,15.57,15.67,16000,13.459715
2014-06-24,15.97,16.16,15.81,16.059999,30900,13.794704
2014-06-23,16.24,16.290001,15.81,15.98,20600,13.725989
2014-06-20,16.040001,16.33,15.94,16.27,71400,13.975084
2014-06-19,15.79,15.99,15.61,15.94,39900,13.691631
2014-06-18,15.36,15.89,15.14,15.67,32500,13.459715
2014-06-17,15.42,15.66,15.28,15.36,18800,13.193441
2014-06-16,15.49,15.75,15.07,15.36,41500,13.193441
2014-06-13,15.36,15.61,15.15,15.55,33800,13.356641
2014-06-12,15.20,15.37,15.02,15.35,33000,13.184852
2014-06-11,15.35,15.75,14.95,15.39,52300,13.21921
2014-06-10,14.96,15.56,14.96,15.47,27100,13.287926
2014-06-09,14.45,15.00,14.32,14.95,34500,12.841272
2014-06-06,14.20,14.46,13.80,14.34,21200,12.317314
2014-06-05,14.07,14.20,13.90,14.13,24400,12.136935
2014-06-04,13.96,14.27,13.93,14.03,20200,12.05104
2014-06-03,14.46,14.54,13.94,14.02,24400,12.042451
2014-06-02,14.88,15.01,14.36,14.44,59600,12.403209
2014-05-30,14.84,15.26,14.69,14.73,107500,12.652304
2014-05-29,14.35,15.12,14.35,14.84,32900,12.746788
2014-05-28,14.14,14.47,14.05,14.36,28200,12.334493
2014-05-27,13.96,14.27,13.81,14.24,29700,12.231419
2014-05-23,13.92,14.03,13.78,13.86,24200,11.905019
2014-05-22,14.01,14.10,13.61,14.00,18800,12.025272
2014-05-21,13.80,14.08,13.66,13.90,33300,11.939377
2014-05-20,14.03,14.04,13.66,13.79,61800,11.844893
2014-05-19,13.44,14.05,13.44,13.88,53100,11.922198
2014-05-16,13.30,13.77,13.11,13.49,23700,11.501314
2014-05-15,13.14,13.51,13.05,13.33,24000,11.364901
2014-05-14,14.07,14.27,13.23,13.27,38200,11.313747
2014-05-13,13.98,14.30,13.86,14.13,36500,12.046966
2014-05-12,13.89,14.08,13.79,13.97,33600,11.910553
2014-05-09,13.69,14.09,13.60,13.79,24100,11.757088
2014-05-08,13.51,14.32,13.51,13.78,30700,11.748562
2014-05-07,13.33,14.04,13.02,13.41,53100,11.433107
2014-05-06,13.34,13.75,13.19,13.30,50800,11.339324
2014-05-05,13.30,13.59,13.18,13.46,21500,11.475737
2014-05-02,13.60,13.75,13.25,13.43,27000,11.450159
2014-05-01,13.29,13.59,13.07,13.59,40500,11.586572
2014-04-30,13.58,13.66,13.25,13.36,31700,11.390478
2014-04-29,14.00,14.00,13.56,13.58,14300,11.578046
2014-04-28,13.60,13.99,13.55,13.92,19200,11.867924
2014-04-25,13.84,13.90,13.57,13.62,21100,11.612149
2014-04-24,14.00,14.14,13.53,13.95,15600,11.893501
2014-04-23,13.99,14.30,13.77,13.96,20800,11.902027
2014-04-22,13.87,14.12,13.83,14.12,20000,12.03844
2014-04-21,13.99,14.04,13.63,13.86,16300,11.816769
2014-04-17,13.56,14.38,13.32,14.05,26100,11.978759
2014-04-16,13.49,13.80,13.49,13.67,14700,11.654779
2014-04-15,13.40,13.65,13.15,13.34,38700,11.373427
2014-04-14,13.43,13.76,13.04,13.31,28800,11.34785
2014-04-11,12.92,13.42,12.92,13.25,32700,11.296695
2014-04-10,13.50,13.74,12.91,13.05,31500,11.126179
2014-04-09,13.69,13.80,13.33,13.48,26100,11.492788
2014-04-08,13.36,14.28,13.36,13.60,30700,11.595098
2014-04-07,13.45,13.83,13.27,13.29,40400,11.330798
2014-04-04,13.99,14.12,13.50,13.57,25900,11.56952
2014-04-03,13.89,14.05,13.73,13.84,25700,11.799717
2014-04-02,13.78,14.09,13.68,13.94,22800,11.884975
2014-04-01,13.85,13.91,13.67,13.68,60100,11.663305
2014-03-31,13.80,14.06,13.76,13.78,54000,11.748562
2014-03-28,13.96,14.07,13.81,13.92,16200,11.867924
2014-03-27,14.13,14.13,13.88,14.00,24000,11.93613
2014-03-26,14.13,14.15,13.90,13.90,30200,11.850872
2014-03-25,13.86,14.10,13.86,14.08,25100,11.919078
2014-03-24,13.60,13.85,13.33,13.75,34300,11.639725
2014-03-21,14.07,14.12,13.51,13.60,62700,11.512746
2014-03-20,13.92,14.11,13.85,14.06,22500,11.902148
2014-03-19,14.02,14.21,13.73,14.00,42600,11.851356
2014-03-18,13.61,14.23,13.59,14.03,72900,11.792099
2014-03-17,15.66,15.82,15.01,15.26,16300,12.825905
2014-03-14,15.57,15.73,15.12,15.73,31400,13.220935
2014-03-13,15.66,15.72,15.50,15.51,9800,13.036028
2014-03-12,15.50,16.00,15.50,15.53,24100,13.052837
2014-03-11,15.75,15.75,15.50,15.52,16100,13.044433
2014-03-10,15.63,16.00,15.58,15.96,17000,13.414249
2014-03-07,15.98,15.98,15.50,15.62,11100,13.128481
2014-03-06,15.91,15.91,15.50,15.82,21900,13.29658
2014-03-05,15.81,15.99,15.53,15.77,15700,13.254556
2014-03-04,15.41,16.00,15.20,15.92,37400,13.380629
2014-03-03,15.05,15.24,14.79,15.18,52400,12.758665
2014-02-28,15.65,15.72,15.11,15.11,42800,12.69983
2014-02-27,15.65,15.65,15.50,15.59,9600,13.103267
2014-02-26,15.67,15.76,15.46,15.65,28100,13.153696
2014-02-25,15.55,15.66,15.55,15.56,61800,13.078052
2014-02-24,15.75,15.76,15.51,15.59,13700,13.103267
2014-02-21,15.64,16.18,15.45,15.67,43100,13.170506
2014-02-20,15.16,15.54,15.09,15.53,29800,13.052837
2014-02-19,15.46,15.62,15.06,15.09,14400,12.683021
2014-02-18,15.00,15.92,14.68,15.84,32300,13.31339
2014-02-14,15.38,15.46,15.17,15.33,12000,12.884739
2014-02-13,15.14,15.46,15.14,15.38,14700,12.926764
2014-02-12,15.33,15.37,15.17,15.32,15900,12.876334
2014-02-11,15.36,15.48,15.16,15.38,28900,12.926764
2014-02-10,15.08,15.29,14.94,15.28,53900,12.842714
2014-02-07,15.21,15.21,14.99,15.16,17900,12.741855
2014-02-06,15.25,15.33,15.20,15.22,19700,12.792285
2014-02-05,14.83,15.59,14.83,15.26,34200,12.825905
2014-02-04,15.35,15.87,15.03,15.06,31500,12.657806
2014-02-03,16.200001,16.780001,14.93,15.32,75900,12.876334
2014-01-31,16.40,17.00,16.139999,16.27,38800,13.674802
2014-01-30,16.469999,17.00,16.23,16.76,20400,14.086642
2014-01-29,16.00,16.43,16.00,16.280001,23000,13.683207
2014-01-28,16.219999,16.35,16.209999,16.25,23500,13.657991
2014-01-27,16.25,16.34,16.00,16.26,22900,13.666396
2014-01-24,16.620001,16.620001,16.00,16.209999,30800,13.624371
2014-01-23,17.190001,17.190001,16.440001,16.620001,19500,13.968974
2014-01-22,17.02,17.549999,17.02,17.209999,10600,14.464863
2014-01-21,17.040001,17.139999,16.620001,16.950001,12000,14.246336
2014-01-17,17.24,17.24,16.68,16.93,14600,14.229526
2014-01-16,16.870001,18.33,16.870001,17.24,17600,14.490078
2014-01-15,16.82,16.969999,16.219999,16.84,35300,14.153882
2014-01-14,16.790001,17.16,16.40,16.75,29400,14.078237
2014-01-13,17.530001,17.690001,16.42,16.76,33500,14.086642
2014-01-10,17.85,18.24,17.50,17.639999,8600,14.826274
2014-01-09,18.09,18.309999,17.75,17.83,12300,14.985968
2014-01-08,18.690001,18.76,17.66,17.950001,23700,15.086828
2014-01-07,18.459999,18.809999,18.34,18.629999,20800,15.658361
2014-01-06,18.27,18.48,18.190001,18.34,13700,15.414619
2014-01-03,18.18,18.290001,17.889999,18.24,18200,15.33057
2014-01-02,17.360001,18.469999,17.360001,18.16,34600,15.26333
2013-12-31,17.360001,17.559999,16.41,17.32,18600,14.557317
2013-12-30,17.51,17.709999,17.299999,17.32,10800,14.557317
2013-12-27,17.68,17.83,17.33,17.51,7300,14.717011
2013-12-26,17.610001,17.639999,17.469999,17.60,7000,14.792656
2013-12-24,17.27,17.50,17.120001,17.41,11400,14.632962
2013-12-23,17.10,17.379999,16.90,17.280001,48200,14.523698
2013-12-20,17.469999,17.639999,17.00,17.07,60400,14.347194
2013-12-19,17.530001,17.940001,17.360001,17.379999,31700,14.607746
2013-12-18,17.17,17.639999,17.139999,17.610001,16900,14.801061
2013-12-17,17.290001,18.040001,17.01,17.280001,20100,14.523698
2013-12-16,17.25,17.41,16.870001,17.24,33300,14.490078
2013-12-13,17.040001,17.209999,16.969999,17.17,20300,14.431244
2013-12-12,17.90,17.90,16.879999,16.950001,59300,14.246336
2013-12-11,18.00,18.09,17.549999,17.969999,17800,15.103637
2013-12-10,18.27,18.34,17.889999,18.059999,21400,15.179281
2013-12-09,18.950001,18.950001,18.200001,18.26,26500,15.34738
2013-12-06,19.059999,19.17,18.82,18.950001,11100,15.92732
2013-12-05,18.790001,18.91,18.16,18.799999,20300,15.801245
2013-12-04,18.90,19.33,18.67,18.85,16600,15.84327
2013-12-03,18.440001,19.18,18.10,19.02,19800,15.986154
2013-12-02,19.209999,19.209999,18.440001,18.440001,25400,15.498669
2013-11-29,19.50,19.559999,19.01,19.190001,10700,16.129038
2013-11-27,19.709999,19.709999,19.049999,19.49,32500,16.381184
2013-11-26,19.18,19.83,19.09,19.76,9300,16.608118
2013-11-25,18.719999,19.42,18.66,19.34,34100,16.255111
2013-11-22,18.559999,18.98,18.15,18.879999,31000,15.868484
2013-11-21,18.26,18.690001,18.25,18.620001,16900,15.649957
2013-11-20,18.139999,18.24,17.950001,18.139999,13000,15.24652
2013-11-19,17.99,18.110001,17.85,18.110001,9800,15.221306
2013-11-18,18.120001,18.389999,17.90,17.93,28700,15.070018
2013-11-15,17.959999,18.23,17.90,18.040001,12500,15.162472
2013-11-14,18.139999,18.459999,17.91,17.99,11800,15.120447
2013-11-13,17.92,18.360001,17.90,18.309999,8500,15.305355
2013-11-12,18.030001,18.15,17.91,18.07,12000,15.104739
2013-11-11,18.049999,18.25,17.879999,18.10,14300,15.129816
2013-11-08,18.01,18.15,17.90,18.00,18300,15.046226
2013-11-07,19.190001,19.190001,17.700001,17.90,47100,14.962635
2013-11-06,18.700001,19.790001,18.60,19.459999,28700,16.266641
2013-11-05,18.27,18.73,17.51,18.639999,17300,15.581202
2013-11-04,18.27,18.66,17.51,18.299999,43000,15.296996
2013-11-01,18.84,18.84,18.00,18.200001,42000,15.213407
2013-10-31,18.77,19.24,18.77,18.889999,17200,15.790178
2013-10-30,19.75,19.92,18.66,18.82,28400,15.731665
2013-10-29,19.459999,19.799999,19.459999,19.799999,34500,16.550848
2013-10-28,19.450001,19.59,19.360001,19.459999,16900,16.266641
2013-10-25,19.26,19.280001,19.129999,19.280001,13300,16.11618
2013-10-24,18.99,19.379999,18.91,19.18,18100,16.03259
2013-10-23,18.780001,18.959999,18.66,18.860001,19400,15.765102
2013-10-22,18.91,19.09,18.540001,18.76,20800,15.681511
2013-10-21,18.83,18.950001,18.700001,18.780001,15000,15.69823
2013-10-18,19.33,19.33,18.77,18.959999,25400,15.848691
2013-10-17,18.84,19.24,18.84,19.110001,9000,15.974077
2013-10-16,19.09,19.25,18.82,18.860001,17900,15.765102
2013-10-15,19.219999,19.299999,18.85,18.959999,27600,15.848691
2013-10-14,18.969999,19.25,18.309999,19.219999,12000,16.066025
2013-10-11,19.18,19.25,18.780001,19.02,27300,15.898846
2013-10-10,18.540001,19.190001,18.540001,19.129999,13700,15.990794
2013-10-09,18.17,18.57,18.129999,18.25,25300,15.255201
2013-10-08,18.200001,18.200001,18.00,18.09,21200,15.121457
2013-10-07,18.60,18.66,18.219999,18.32,12500,15.313714
2013-10-04,18.57,18.93,18.57,18.85,9400,15.756742
2013-10-03,19.00,19.01,18.52,18.700001,18400,15.631358
2013-10-02,19.280001,19.299999,19.049999,19.049999,12500,15.923922
2013-10-01,19.01,19.43,19.01,19.370001,16000,16.191412
2013-09-30,19.049999,19.17,19.00,19.01,39500,15.890487
2013-09-27,19.24,19.40,19.190001,19.200001,11600,16.049308
2013-09-26,19.200001,19.34,19.049999,19.25,13800,16.091103
2013-09-25,19.50,19.58,19.07,19.10,15500,15.965718
2013-09-24,19.370001,19.60,19.370001,19.450001,10500,16.258284
2013-09-23,19.42,19.50,19.24,19.379999,25500,16.199769
2013-09-20,19.469999,19.549999,19.200001,19.389999,40300,16.208128
2013-09-19,19.66,19.74,19.209999,19.450001,27700,16.258284
2013-09-18,19.299999,19.860001,19.120001,19.67,61300,16.442181
2013-09-17,19.24,19.52,19.15,19.290001,20600,16.12454
2013-09-16,19.040001,19.459999,18.82,19.200001,34900,16.049308
2013-09-13,18.90,18.92,18.42,18.84,17200,15.748383
2013-09-12,18.76,19.379999,18.76,18.870001,25000,15.773461
2013-09-11,18.58,18.83,18.41,18.780001,17800,15.69823
2013-09-10,18.549999,18.77,18.18,18.639999,53600,15.581202
2013-09-09,17.73,18.65,17.73,18.48,63300,15.447458
2013-09-06,18.00,18.00,17.709999,17.77,14000,14.853969
2013-09-05,17.879999,18.00,17.700001,17.98,31100,15.029507
2013-09-04,17.959999,18.00,17.76,17.83,37600,14.904123
2013-09-03,17.50,18.00,17.440001,17.969999,34600,15.021148
2013-08-30,17.42,17.65,17.00,17.459999,80800,14.594838
2013-08-29,17.68,17.75,17.42,17.450001,60500,14.586481
2013-08-28,17.809999,17.809999,17.440001,17.68,26200,14.778738
2013-08-27,17.84,17.959999,17.610001,17.75,30500,14.837251
2013-08-26,18.00,18.10,17.860001,17.99,37900,15.037867
2013-08-23,18.23,18.23,17.799999,17.969999,33200,15.021148
2013-08-22,18.25,18.360001,18.059999,18.280001,12100,15.280279
2013-08-21,18.219999,18.389999,18.059999,18.129999,30000,15.154892
2013-08-20,18.01,18.40,18.01,18.15,55400,15.171611
2013-08-19,17.66,18.620001,17.299999,18.18,107800,15.196688
2013-08-16,17.559999,18.43,17.559999,17.65,49300,14.75366
2013-08-15,17.60,18.09,17.209999,17.66,40200,14.762019
2013-08-14,19.389999,19.65,19.049999,19.110001,86300,14.636635
2013-08-13,19.82,19.940001,19.25,19.450001,36400,14.897046
2013-08-12,18.68,20.15,18.68,20.059999,43500,15.364253
2013-08-09,18.549999,18.809999,18.450001,18.709999,28100,14.330267
2013-08-08,18.549999,18.639999,18.129999,18.209999,18300,13.94731
2013-08-07,18.530001,18.74,18.190001,18.40,15700,14.092834
2013-08-06,18.690001,18.719999,18.16,18.610001,21200,14.253677
2013-08-05,18.200001,18.879999,17.959999,18.77,18500,14.376223
2013-08-02,18.049999,18.25,17.77,17.959999,17800,13.755831
2013-08-01,18.200001,18.790001,17.780001,18.02,76100,13.801787
2013-07-31,18.68,18.73,18.07,18.200001,21900,13.939652
2013-07-30,18.67,18.68,18.33,18.459999,9800,14.138789
2013-07-29,18.940001,18.940001,18.41,18.530001,5000,14.192404
2013-07-26,19.139999,19.139999,18.74,18.93,11400,14.49877
2013-07-25,18.25,19.50,18.25,19.34,21800,14.812795
2013-07-24,18.860001,19.030001,17.83,18.35,21800,14.054539
2013-07-23,18.690001,19.110001,18.58,18.809999,16700,14.406859
2013-07-22,18.549999,18.98,18.370001,18.549999,37600,14.207721
2013-07-19,18.51,18.66,18.41,18.66,9500,14.291972
2013-07-18,18.190001,18.700001,18.190001,18.59,60000,14.238358
2013-07-17,18.360001,18.360001,18.059999,18.15,13700,13.901355
2013-07-16,17.74,18.66,17.74,18.200001,62200,13.939652
2013-07-15,17.860001,17.940001,17.42,17.75,81900,13.59499
2013-07-12,18.120001,18.23,17.389999,17.799999,40000,13.633285
2013-07-11,18.50,18.50,18.10,18.200001,26600,13.939652
2013-07-10,18.18,18.76,18.110001,18.379999,25200,14.077516
2013-07-09,18.41,18.709999,17.98,18.25,30600,13.977947
2013-07-08,17.379999,18.50,17.379999,18.450001,28600,14.131131
2013-07-05,17.65,17.65,17.129999,17.379999,16800,13.311601
2013-07-03,17.049999,17.549999,17.049999,17.370001,6600,13.303943
2013-07-02,16.969999,17.35,16.60,17.09,11400,13.089486
2013-07-01,16.58,17.190001,16.40,16.90,29100,12.943962
2013-06-28,16.00,16.43,15.86,16.35,296700,12.522709
2013-06-27,16.129999,16.129999,15.87,15.99,26500,12.246979
2013-06-26,16.16,16.16,15.89,15.90,9800,12.178047
2013-06-25,16.469999,16.469999,15.79,16.07,55400,12.308252
2013-06-24,16.10,16.49,15.72,16.27,25200,12.461436
2013-06-21,16.139999,16.34,15.70,16.309999,62500,12.492072
2013-06-20,16.16,16.549999,15.96,16.08,41600,12.315912
2013-06-19,17.00,17.00,16.370001,16.389999,18300,12.553345
2013-06-18,16.82,17.10,16.82,16.99,27700,13.012894
2013-06-17,16.82,17.00,16.620001,16.73,27600,12.813756
2013-06-14,17.389999,17.389999,16.60,16.610001,18100,12.721847
2013-06-13,16.60,17.450001,16.41,17.25,32200,13.212032
2013-06-12,16.40,17.41,16.40,16.559999,11200,12.683551
2013-06-11,15.70,16.35,15.59,16.23,30900,12.430799
2013-06-10,15.97,15.97,15.58,15.84,38300,12.132092
2013-06-07,15.78,15.87,15.40,15.85,41500,12.139752
2013-06-06,15.67,15.67,15.38,15.63,34900,11.97125
2013-06-05,15.40,15.92,15.40,15.62,31400,11.963591
2013-06-04,15.72,15.88,15.40,15.48,17300,11.856363
2013-06-03,15.48,16.01,15.39,15.65,119400,11.986568
2013-05-31,15.33,15.62,15.33,15.40,25600,11.795089
2013-05-30,15.44,15.66,15.40,15.52,31500,11.887
2013-05-29,16.00,16.00,15.39,15.40,18700,11.795089
2013-05-28,15.55,16.00,15.49,15.97,24800,12.231661
2013-05-24,15.40,15.54,15.40,15.52,16300,11.887
2013-05-23,15.30,15.69,15.30,15.44,15300,11.825726
2013-05-22,15.56,15.69,15.33,15.39,34100,11.787431
2013-05-21,15.94,15.95,15.51,15.63,10000,11.97125
2013-05-20,15.30,16.00,15.00,15.99,28400,12.246979
2013-05-17,15.20,15.39,15.10,15.31,18000,11.726158
2013-05-16,14.73,15.24,14.70,15.12,16800,11.580633
2013-05-15,14.93,15.00,14.65,14.83,20800,11.281927
2013-05-14,14.89,15.29,14.83,14.93,20100,11.358002
2013-05-13,15.53,15.53,14.83,14.88,11100,11.319964
2013-05-10,15.80,15.80,15.38,15.53,8200,11.814452
2013-05-09,15.60,15.77,15.43,15.73,13900,11.966602
2013-05-08,14.91,15.72,14.91,15.63,15500,11.890527
2013-05-07,14.71,14.89,14.38,14.86,31000,11.304749
2013-05-06,14.48,14.88,14.44,14.63,24100,11.129777
2013-05-03,14.35,14.50,13.96,14.44,49900,10.985234
2013-05-02,13.79,14.29,13.79,14.18,26000,10.787439
2013-05-01,14.64,14.64,13.60,13.64,46600,10.376634
2013-04-30,14.59,14.74,14.45,14.63,12000,11.129777
2013-04-29,14.28,14.69,14.27,14.55,7600,11.068917
2013-04-26,14.70,14.70,14.26,14.30,14300,10.878729
2013-04-25,14.84,14.86,14.61,14.74,14800,11.213459
2013-04-24,14.58,14.79,14.44,14.75,23200,11.221067
2013-04-23,14.54,14.84,14.22,14.72,12500,11.198245
2013-04-22,14.57,14.81,14.26,14.39,12800,10.947197
2013-04-19,14.23,14.53,14.06,14.49,13300,11.023272
2013-04-18,14.35,14.71,14.13,14.23,14100,10.825476
2013-04-17,14.66,15.36,14.01,14.31,23200,10.886337
2013-04-16,14.18,14.87,14.18,14.74,36300,11.213459
2013-04-15,14.82,15.06,13.99,14.09,38700,10.718972
2013-04-12,15.30,15.30,14.81,14.96,14000,11.380824
2013-04-11,15.49,15.72,15.39,15.42,13200,11.73077
2013-04-10,14.99,15.50,14.83,15.46,14900,11.7612
2013-04-09,15.21,15.21,14.90,14.90,36100,11.335179
2013-04-08,15.16,15.41,15.10,15.23,13600,11.586227
2013-04-05,15.34,15.50,15.22,15.27,6900,11.616657
2013-04-04,15.38,15.62,15.35,15.62,12300,11.88292
2013-04-03,15.90,15.90,15.38,15.59,22000,11.860097
2013-04-02,15.87,16.280001,15.73,15.87,61400,12.073107
2013-04-01,15.17,15.79,15.10,15.72,39900,11.958995
2013-03-28,15.40,15.40,15.15,15.24,32800,11.593834
2013-03-27,15.17,15.39,15.17,15.36,7800,11.685124
2013-03-26,15.33,15.40,15.16,15.32,23400,11.654694
2013-03-25,15.40,15.40,15.08,15.20,29000,11.563404
2013-03-22,15.29,15.49,15.21,15.45,7900,11.753592
2013-03-21,15.36,15.50,15.08,15.36,32300,11.685124
2013-03-20,15.23,15.75,15.23,15.46,41700,11.7612
2013-03-19,15.59,15.62,14.77,15.03,27300,11.434077
2013-03-18,15.61,15.75,15.50,15.51,36500,11.799237
2013-03-15,14.75,15.75,14.61,15.74,115500,11.974209
2013-03-14,15.35,15.35,14.35,14.44,25300,10.985234
2013-03-13,15.55,15.55,14.93,15.40,20100,11.639479
2013-03-12,15.48,15.96,15.45,15.58,29300,11.775525
2013-03-11,14.21,15.57,14.01,15.56,128200,11.760409
2013-03-08,14.02,14.24,13.90,14.21,24100,10.740065
2013-03-07,14.63,14.63,13.30,13.89,347000,10.498206
2013-03-06,14.96,14.96,14.59,14.72,11800,11.125528
2013-03-05,14.87,15.00,14.76,14.98,18200,11.322038
2013-03-04,14.44,14.89,14.39,14.71,10200,11.11797
2013-03-01,14.31,14.76,14.31,14.43,17200,10.906343
2013-02-28,14.30,14.61,14.27,14.46,12300,10.929017
2013-02-27,14.39,14.40,14.25,14.28,14900,10.792971
2013-02-26,14.37,14.79,14.29,14.41,21600,10.891227
2013-02-25,14.59,15.03,14.30,14.53,38100,10.981924
2013-02-22,14.40,14.41,14.14,14.41,23200,10.891227
2013-02-21,14.57,14.80,14.26,14.31,29000,10.815646
2013-02-20,14.93,14.93,14.52,14.58,28700,11.019714
2013-02-19,14.97,14.99,14.74,14.93,61200,11.284248
2013-02-15,15.00,15.15,14.89,14.97,22100,11.314481
2013-02-14,14.88,14.90,14.72,14.89,22700,11.254016
2013-02-13,14.86,14.88,14.66,14.78,19500,11.170876
2013-02-12,15.01,15.06,14.71,14.81,24700,11.193551
2013-02-11,15.00,15.12,14.85,14.95,17800,11.299364
2013-02-08,14.80,15.01,14.79,15.00,8700,11.337155
2013-02-07,15.04,15.12,14.71,14.72,10500,11.125528
2013-02-06,15.05,15.10,14.79,15.01,13300,11.344713
2013-02-05,14.74,15.21,14.68,14.99,17200,11.329597
2013-02-04,14.71,14.98,14.41,14.46,32900,10.929017
2013-02-01,14.46,14.95,14.42,14.75,42100,11.148202
2013-01-31,14.29,14.51,14.29,14.42,32200,10.898785
2013-01-30,14.66,14.67,14.25,14.29,24700,10.800529
2013-01-29,14.71,14.79,14.50,14.64,55400,11.065063
2013-01-28,14.59,14.75,14.51,14.68,19800,11.095296
2013-01-25,14.41,14.70,14.20,14.46,58900,10.929017
2013-01-24,14.58,14.58,14.00,14.32,85100,10.823204
2013-01-23,14.86,14.92,14.21,14.56,45800,11.004599
2013-01-22,14.95,15.05,14.61,14.83,37500,11.208667
2013-01-18,14.71,15.05,14.45,14.97,27000,11.314481
2013-01-17,14.93,14.93,14.67,14.75,12100,11.148202
2013-01-16,15.01,15.01,14.66,14.78,24200,11.170876
2013-01-15,14.75,15.09,14.75,15.06,24300,11.382504
2013-01-14,14.88,15.07,14.35,14.77,44100,11.163319
2013-01-11,14.98,15.06,14.86,14.86,7500,11.231341
2013-01-10,15.03,15.18,14.53,14.93,33300,11.284248
2013-01-09,14.79,15.24,14.79,14.92,28900,11.27669
2013-01-08,14.99,15.15,14.60,14.78,11700,11.170876
2013-01-07,15.27,15.27,14.95,15.05,10900,11.374945
2013-01-04,15.40,15.71,15.00,15.41,25800,11.647037
2013-01-03,14.96,15.77,14.90,15.29,33900,11.55634
2013-01-02,14.50,15.01,14.31,14.97,64300,11.314481
2012-12-31,14.16,14.50,14.15,14.48,28400,10.944133
2012-12-28,13.69,14.40,13.69,14.00,31200,10.581344
2012-12-27,13.11,13.86,13.11,13.81,33800,10.437741
2012-12-26,14.23,14.38,12.91,13.02,37000,9.840651
2012-12-24,14.32,14.39,13.76,14.23,19800,10.755181
2012-12-21,15.15,15.15,14.25,14.41,118600,10.891227
2012-12-20,15.42,15.42,15.00,15.11,19500,11.420294
2012-12-19,15.38,15.50,15.00,15.36,31000,11.609246
2012-12-18,15.33,15.45,15.28,15.44,28200,11.669711
2012-12-17,15.20,15.43,15.07,15.18,32900,11.473201
2012-12-14,15.06,15.11,15.04,15.11,17600,11.420294
2012-12-13,15.42,15.42,15.05,15.07,23100,11.390061
2012-12-12,15.50,15.70,15.32,15.35,21700,11.601689
2012-12-11,15.20,15.46,15.17,15.44,21000,11.669711
2012-12-10,15.33,15.33,14.94,15.15,19200,11.450526
2012-12-07,15.06,15.27,14.83,15.26,20000,11.533666
2012-12-06,14.90,15.08,14.81,14.92,17800,11.27669
2012-12-05,15.38,15.50,15.16,15.16,15400,11.458084
2012-12-04,15.10,15.47,15.04,15.34,13200,11.59413
2012-12-03,15.40,15.50,14.89,15.04,28900,11.367387
2012-11-30,15.12,15.43,14.90,15.33,118100,11.586572
2012-11-29,15.50,15.50,14.96,15.13,23000,11.43541
2012-11-28,15.49,15.50,15.08,15.31,26700,11.571456
2012-11-27,15.60,15.75,15.33,15.64,32200,11.820874
2012-11-26,15.07,15.63,15.04,15.57,52600,11.767966
2012-11-23,14.91,15.23,14.68,15.07,23700,11.390061
2012-11-21,14.81,14.91,14.65,14.91,13300,11.269132
2012-11-20,14.97,15.28,14.39,14.72,59600,11.125528
2012-11-19,15.34,15.34,14.87,15.03,27100,11.359829
2012-11-16,14.98,15.49,14.89,15.10,43800,11.412736
2012-11-15,14.88,15.14,14.71,14.94,38900,11.291806
2012-11-14,14.92,15.57,14.77,14.92,25700,11.27669
2012-11-13,14.87,15.33,14.84,14.92,34000,11.27669
2012-11-12,14.64,15.20,14.64,14.97,18100,11.276691
2012-11-09,14.17,14.60,14.05,14.49,49300,10.915113
2012-11-08,14.52,14.78,14.25,14.27,40700,10.749391
2012-11-07,14.47,14.78,14.40,14.51,33100,10.930179
2012-11-06,14.79,14.84,14.25,14.56,60600,10.967844
2012-11-05,14.25,15.86,14.25,14.69,50900,11.06577
2012-11-02,16.709999,16.709999,14.00,14.21,131400,10.704193
2012-11-01,17.15,17.33,16.52,16.82,27300,12.670269
2012-10-31,16.90,17.26,16.75,17.190001,50100,12.948986
2012-10-26,16.98,17.01,16.719999,17.01,8600,12.813394
2012-10-25,17.139999,17.139999,16.690001,16.940001,6000,12.760664
2012-10-24,16.73,16.90,16.67,16.790001,7500,12.647672
2012-10-23,17.02,17.200001,16.52,16.690001,29500,12.572343
2012-10-22,16.98,17.23,16.91,17.17,46800,12.93392
2012-10-19,17.33,17.33,16.65,17.00,40000,12.805861
2012-10-18,17.67,17.68,17.459999,17.52,15600,13.19757
2012-10-17,17.60,17.67,17.290001,17.66,15600,13.30303
2012-10-16,17.700001,17.700001,17.360001,17.59,21500,13.2503
2012-10-15,17.700001,17.700001,17.40,17.60,20500,13.257833
2012-10-12,17.58,17.690001,17.51,17.620001,25400,13.272899
2012-10-11,17.50,17.60,17.42,17.58,39100,13.242767
2012-10-10,17.25,17.40,17.129999,17.40,28200,13.107175
2012-10-09,17.309999,17.450001,17.200001,17.299999,24000,13.031846
2012-10-08,17.040001,17.66,17.040001,17.35,27700,13.069511
2012-10-05,17.60,17.60,17.00,17.08,26400,12.866124
2012-10-04,17.85,17.85,17.379999,17.610001,27600,13.265366
2012-10-03,17.719999,17.879999,17.34,17.709999,45500,13.340693
2012-10-02,17.459999,18.389999,17.40,17.73,69900,13.355759
2012-10-01,16.51,17.42,16.51,17.33,39000,13.054445
2012-09-28,16.450001,16.549999,16.01,16.34,64700,12.308692
2012-09-27,16.27,16.51,16.10,16.51,339300,12.436751
2012-09-26,16.280001,16.35,15.71,16.120001,44700,12.14297
2012-09-25,16.35,16.360001,16.120001,16.190001,45300,12.1957
2012-09-24,16.309999,16.58,16.129999,16.32,66400,12.293626
2012-09-21,15.98,16.40,15.65,16.309999,283000,12.286093
2012-09-20,15.77,15.99,15.58,15.87,27700,11.954648
2012-09-19,15.95,15.99,15.66,15.91,174600,11.984779
2012-09-18,15.89,16.00,15.71,15.90,45400,11.977246
2012-09-17,15.54,16.00,15.54,15.93,73100,11.999845
2012-09-14,15.39,15.67,15.23,15.58,153600,11.736195
2012-09-13,15.31,15.44,15.16,15.35,37400,11.56294
2012-09-12,15.21,15.23,15.11,15.21,9500,11.457479
2012-09-11,15.26,15.57,15.02,15.21,29500,11.457479
2012-09-10,15.40,15.69,15.09,15.32,12500,11.54034
2012-09-07,15.38,15.49,14.93,15.34,18600,11.555407
2012-09-06,15.74,15.76,14.54,15.32,48500,11.54034
2012-09-05,15.46,15.85,15.41,15.58,16700,11.736195
2012-09-04,15.73,15.73,15.16,15.48,21500,11.660866
2012-08-31,15.47,15.77,15.14,15.77,17000,11.87932
2012-08-30,15.22,15.49,15.02,15.25,13000,11.487611
2012-08-29,15.07,15.50,14.89,15.38,68700,11.585538
2012-08-28,14.96,15.27,14.87,15.10,8900,11.374618
2012-08-27,15.09,15.25,14.76,15.02,22300,11.314355
2012-08-24,14.77,15.37,14.77,15.25,12600,11.487611
2012-08-23,14.51,15.25,14.51,14.75,24000,11.110968
2012-08-22,14.76,14.76,14.50,14.50,3000,10.922646
2012-08-21,14.82,15.00,14.52,14.74,16700,11.103435
2012-08-20,15.01,15.05,14.28,14.71,10400,11.080836
2012-08-17,14.40,15.18,14.22,15.13,16600,11.397216
2012-08-16,14.38,14.47,14.04,14.45,19500,10.884982
2012-08-15,14.12,14.50,14.12,14.44,11600,10.877449
2012-08-14,14.23,14.51,14.00,14.11,17400,10.628864
2012-08-13,14.27,14.27,13.71,14.09,13300,10.613799
2012-08-10,14.50,14.50,13.63,14.38,20900,10.832252
2012-08-09,14.38,15.10,14.35,14.44,20300,10.877449
2012-08-08,15.84,15.94,15.40,15.45,8200,11.600603
2012-08-07,15.40,16.08,15.05,15.86,67700,11.908451
2012-08-06,15.98,16.51,14.99,15.22,15400,11.427909
2012-08-03,15.34,16.440001,15.28,16.01,21000,12.021078
2012-08-02,14.85,15.10,14.83,14.99,17700,11.255213
2012-08-01,15.63,16.190001,14.87,14.87,48700,11.165111
2012-07-31,15.40,15.71,15.11,15.46,57100,11.608112
2012-07-30,15.74,15.74,15.18,15.40,36500,11.563061
2012-07-27,14.97,15.67,14.60,15.57,27700,11.690705
2012-07-26,14.78,15.13,14.78,14.95,8800,11.225179
2012-07-25,14.49,14.79,14.43,14.57,12600,10.939857
2012-07-24,15.21,15.21,14.35,14.42,11500,10.82723
2012-07-23,15.15,15.68,15.12,15.13,29000,11.360332
2012-07-20,15.08,15.59,14.97,15.08,25900,11.32279
2012-07-19,15.50,15.64,15.18,15.20,5800,11.412891
2012-07-18,15.57,15.57,15.16,15.37,6600,11.540535
2012-07-17,16.280001,16.280001,15.50,15.55,21700,11.675688
2012-07-16,16.58,16.58,15.60,16.10,6800,12.088655
2012-07-13,15.82,16.67,15.60,16.57,39800,12.441553
2012-07-12,16.07,16.219999,15.36,15.71,23000,11.795824
2012-07-11,16.92,16.92,16.299999,16.68,34600,12.524147
2012-07-10,16.700001,17.02,16.67,16.91,10800,12.696842
2012-07-09,16.83,16.93,16.60,16.67,11300,12.516638
2012-07-06,16.440001,17.190001,16.440001,16.809999,17500,12.621756
2012-07-05,16.15,16.790001,16.120001,16.66,19700,12.509129
2012-07-03,15.72,16.25,15.58,16.25,32600,12.201282
2012-07-02,15.08,15.74,14.82,15.72,65000,11.803333
2012-06-29,14.96,15.41,14.23,15.10,39000,11.337807
2012-06-28,14.13,14.47,14.13,14.44,13000,10.842246
2012-06-27,14.02,14.34,13.76,14.26,51300,10.707094
2012-06-26,13.97,14.08,13.77,14.04,8100,10.541907
2012-06-25,13.85,14.05,13.85,13.98,8700,10.496856
2012-06-22,13.82,14.10,13.70,14.07,190700,10.564433
2012-06-21,14.58,14.90,13.50,13.70,41900,10.286619
2012-06-20,14.94,14.96,14.40,14.77,25000,11.090027
2012-06-19,14.95,15.18,14.74,14.91,24200,11.195145
2012-06-18,14.90,15.20,14.43,14.93,29800,11.210163
2012-06-15,14.44,15.09,14.36,15.06,43100,11.307773
2012-06-14,13.82,14.92,13.82,14.64,21300,10.992417
2012-06-13,14.22,14.60,14.05,14.14,37200,10.616993
2012-06-12,14.29,14.45,13.94,14.19,16100,10.654534
2012-06-11,14.81,14.99,14.12,14.18,25000,10.647026
2012-06-08,14.47,14.86,14.47,14.72,9600,11.052484
2012-06-07,14.77,14.78,14.35,14.44,21600,10.842246
2012-06-06,14.36,14.74,14.23,14.60,18300,10.962383
2012-06-05,14.08,14.50,13.97,14.29,35500,10.72962
2012-06-04,14.33,14.40,13.84,14.17,20800,10.639518
2012-06-01,14.19,14.59,14.17,14.33,52400,10.759653
2012-05-31,14.05,14.65,14.04,14.60,40300,10.962383
2012-05-30,13.99,14.18,13.69,14.08,19800,10.571941
2012-05-29,13.43,14.07,13.12,14.04,24700,10.541907
2012-05-25,13.27,13.33,13.05,13.16,9300,9.881161
2012-05-24,13.27,13.33,13.05,13.26,18900,9.956246
2012-05-23,13.26,13.35,13.09,13.32,32300,10.001297
2012-05-22,13.74,13.95,13.18,13.34,29200,10.016314
2012-05-21,13.54,13.81,13.40,13.81,28000,10.369213
2012-05-18,13.47,13.76,13.33,13.54,31000,10.166483
2012-05-17,14.10,14.23,13.37,13.50,57100,10.13645
2012-05-16,13.79,14.43,13.63,14.14,32000,10.616993
2012-05-15,13.23,13.96,13.02,13.78,32000,10.309144
2012-05-14,14.10,14.37,12.66,13.21,110000,9.882714
2012-05-11,14.61,14.77,14.20,14.24,61100,10.653281
2012-05-10,14.71,14.90,14.63,14.69,40000,10.989937
2012-05-09,14.72,14.94,14.68,14.75,31900,11.034825
2012-05-08,14.57,14.90,14.56,14.86,55500,11.117118
2012-05-07,14.55,14.83,14.03,14.17,69900,10.600913
2012-05-04,14.99,14.99,14.42,14.63,32600,10.94505
2012-05-03,15.16,15.16,14.71,15.05,25100,11.259262
2012-05-02,14.81,15.42,14.52,15.17,27000,11.349037
2012-05-01,15.42,15.68,14.60,14.94,60000,11.176968
2012-04-30,15.51,15.60,15.37,15.48,84800,11.580955
2012-04-27,15.43,15.55,15.20,15.51,28000,11.603399
2012-04-26,15.19,15.45,15.18,15.34,30900,11.476218
2012-04-25,14.91,15.25,14.65,15.18,32500,11.356518
2012-04-24,14.43,14.71,14.32,14.71,22400,11.0049
2012-04-23,14.42,14.61,14.12,14.44,41000,10.802906
2012-04-20,14.79,14.84,14.49,14.64,36600,10.952531
2012-04-19,14.45,14.68,14.35,14.45,23600,10.810387
2012-04-18,14.24,14.61,14.04,14.33,42000,10.720613
2012-04-17,13.82,14.48,13.68,14.37,49000,10.750538
2012-04-16,14.17,14.24,13.64,13.65,53700,10.211888
2012-04-13,14.34,14.35,14.16,14.17,35600,10.600913
2012-04-12,14.19,14.58,14.19,14.50,43500,10.847794
2012-04-11,14.55,14.70,14.00,14.37,63800,10.750538
2012-04-10,14.87,14.99,13.87,14.40,127800,10.772981
2012-04-09,15.22,15.37,14.86,14.86,42300,11.117118
2012-04-05,15.74,15.93,15.12,15.47,187600,11.573474
2012-04-04,15.81,16.360001,15.31,15.74,40000,11.775467
2012-04-03,16.030001,16.24,15.85,15.92,63400,11.910129
2012-04-02,16.17,16.35,16.00,16.120001,88900,12.059755
2012-03-30,16.51,16.51,15.95,16.02,24100,11.984942
2012-03-29,16.540001,16.73,16.41,16.41,19600,12.27671
2012-03-28,16.889999,16.889999,16.370001,16.68,20400,12.478704
2012-03-27,17.049999,17.32,16.719999,16.84,31900,12.598403
2012-03-26,16.27,17.25,16.27,17.110001,43700,12.800397
2012-03-23,15.84,16.200001,15.70,16.200001,35700,12.119605
2012-03-22,15.57,15.78,15.45,15.76,21000,11.79043
2012-03-21,15.61,15.84,15.41,15.67,51400,11.723099
2012-03-20,15.52,15.75,15.17,15.64,95300,11.700655
2012-03-19,15.90,16.00,15.45,15.69,114900,11.738061
2012-03-16,16.049999,16.209999,15.89,16.00,45300,11.969979
2012-03-15,16.360001,16.940001,15.75,16.00,41800,11.969979
2012-03-14,16.68,16.969999,16.50,16.690001,50000,12.486185
2012-03-13,16.65,16.690001,16.059999,16.66,24400,12.463741
2012-03-12,16.60,16.860001,16.219999,16.440001,23200,12.299154
2012-03-09,16.219999,16.799999,16.10,16.549999,33700,12.381447
2012-03-08,16.58,16.73,15.92,16.27,34500,12.171973
2012-03-07,16.34,16.639999,15.88,16.459999,44600,12.314116
2012-03-06,16.809999,16.889999,16.129999,16.219999,62000,12.134566
2012-03-05,15.40,17.60,15.40,16.969999,130600,12.695659
2012-03-02,14.53,14.78,14.36,14.63,52000,10.94505
2012-03-01,14.84,15.05,14.51,14.52,86300,10.862757
2012-02-29,14.97,15.17,14.70,14.75,30200,11.034825
2012-02-28,14.98,15.26,14.75,14.90,15700,11.147043
2012-02-27,15.35,15.42,15.01,15.15,98500,11.334074
2012-02-24,15.83,15.99,15.46,15.50,12100,11.595917
2012-02-23,15.52,15.95,15.48,15.88,24200,11.880205
2012-02-22,15.84,16.049999,15.43,15.44,18700,11.55103
2012-02-21,16.190001,16.190001,15.55,15.84,12900,11.85028
2012-02-17,16.299999,16.299999,15.78,16.16,15100,12.089679
2012-02-16,16.01,16.35,15.75,16.219999,35100,12.134566
2012-02-15,16.299999,16.41,16.07,16.200001,24200,12.119605
2012-02-14,16.08,18.00,15.73,16.16,41400,12.089679
2012-02-13,16.139999,16.32,15.93,16.209999,17100,12.127085
2012-02-10,16.08,16.58,15.82,15.95,36700,11.932573
2012-02-09,16.00,16.41,15.97,16.290001,35200,12.186936
2012-02-08,16.15,16.50,15.84,16.200001,55700,12.119605
2012-02-07,15.85,16.290001,15.64,16.110001,87700,12.052273
2012-02-06,15.81,15.89,15.51,15.85,52000,11.857761
2012-02-03,15.60,15.99,15.29,15.87,43700,11.872723
2012-02-02,15.53,15.56,14.90,15.29,48900,11.438811
2012-02-01,14.88,15.66,14.81,15.48,45000,11.580955
2012-01-31,14.61,15.31,14.61,14.90,24100,11.147043
2012-01-30,15.11,15.56,14.42,14.57,41900,10.900162
2012-01-27,15.40,15.59,15.00,15.33,43300,11.468736
2012-01-26,15.45,15.58,14.90,15.49,44500,11.588436
2012-01-25,15.32,15.81,15.32,15.69,15100,11.738061
2012-01-24,14.98,15.41,14.96,15.41,93100,11.528586
2012-01-23,15.99,15.99,14.63,15.10,96200,11.296668
2012-01-20,15.28,15.70,15.22,15.51,18200,11.603399
2012-01-19,14.82,15.47,14.82,15.35,18100,11.483699
2012-01-18,14.51,14.88,14.46,14.82,46800,11.087193
2012-01-17,14.51,14.83,13.61,14.52,81400,10.862757
2012-01-13,14.54,14.65,14.29,14.33,24700,10.720613
2012-01-12,15.08,15.15,14.65,14.80,39200,11.072231
2012-01-11,15.44,15.54,15.12,15.32,31400,11.461255
2012-01-10,15.80,15.85,15.37,15.46,39800,11.565993
2012-01-09,15.75,16.129999,15.45,15.59,58400,11.663249
2012-01-06,15.48,15.94,15.48,15.62,113400,11.685692
2012-01-05,15.74,15.88,15.39,15.64,60700,11.700655
2012-01-04,16.18,16.690001,15.80,15.87,66500,11.872723
2012-01-03,15.99,16.549999,15.99,16.33,32200,12.21686
2011-12-30,15.84,16.040001,15.49,15.52,31800,11.61088
2011-12-29,15.48,15.95,15.48,15.89,11600,11.887686
2011-12-28,15.82,15.96,15.39,15.50,31600,11.595917
2011-12-27,16.08,16.35,15.38,15.79,51000,11.812873
2011-12-23,15.57,15.68,15.39,15.58,13600,11.655767
2011-12-22,15.86,15.90,15.30,15.49,45500,11.588436
2011-12-21,15.99,16.32,15.43,15.83,22000,11.842798
2011-12-20,15.50,16.52,15.50,15.94,61200,11.925092
2011-12-19,15.30,16.190001,15.13,15.14,49900,11.326593
2011-12-16,15.14,15.99,15.14,15.20,72900,11.37148
2011-12-15,14.64,15.28,14.01,15.00,46600,11.221856
2011-12-14,14.45,15.15,14.10,14.45,90700,10.810387
2011-12-13,15.20,15.44,14.58,14.60,42700,10.922606
2011-12-12,15.94,15.97,14.81,15.06,73600,11.266743
2011-12-09,15.62,16.33,15.47,16.24,37700,12.149529
2011-12-08,16.17,16.690001,15.30,15.52,52900,11.61088
2011-12-07,16.549999,16.65,15.96,16.450001,49700,12.306636
2011-12-06,16.709999,17.27,16.43,16.66,41800,12.463741
2011-12-05,17.059999,17.059999,16.48,16.75,41000,12.531072
2011-12-02,16.83,17.139999,16.49,16.700001,50600,12.493666
2011-12-01,17.68,18.18,16.450001,16.450001,76000,12.306636
2011-11-30,17.65,18.32,17.129999,17.66,550200,13.211865
2011-11-29,17.10,17.209999,16.639999,17.049999,80700,12.755509
2011-11-28,16.48,17.17,15.81,17.00,108900,12.718103
2011-11-25,16.370001,16.92,15.93,15.93,30100,11.917611
2011-11-23,17.52,17.540001,16.17,16.440001,104500,12.299154
2011-11-22,17.719999,17.940001,17.049999,17.73,64300,13.264233
2011-11-21,17.51,17.950001,17.139999,17.75,121900,13.279196
2011-11-18,16.74,17.969999,16.690001,17.91,132100,13.398895
2011-11-17,16.85,17.200001,16.34,16.780001,104400,12.553516
2011-11-16,16.549999,17.99,16.40,17.23,155800,12.890171
2011-11-15,15.03,16.15,14.21,15.98,260600,11.955016
2011-11-14,15.43,15.48,15.00,15.10,73300,11.296668
2011-11-11,15.22,15.65,15.21,15.52,46900,11.61088
2011-11-10,15.31,16.139999,14.99,15.34,99900,11.476218
2011-11-09,15.36,16.290001,15.15,15.42,167500,11.536068
2011-11-08,16.74,18.51,15.63,15.71,113700,11.753023
2011-11-07,16.93,17.219999,16.129999,16.469999,26900,12.321597
2011-11-04,17.92,18.030001,16.90,17.02,24800,12.733066
2011-11-03,17.719999,18.18,17.290001,18.15,38700,13.578445
2011-11-02,17.10,17.73,16.709999,17.40,52500,13.017352
2011-11-01,16.66,17.370001,16.290001,16.68,68300,12.478704
2011-10-31,17.620001,17.68,17.25,17.360001,31000,12.987428
2011-10-28,18.50,18.50,17.90,18.01,40500,13.473708
2011-10-27,16.690001,18.280001,16.209999,18.25,70300,13.653258
2011-10-26,15.57,16.27,15.33,16.129999,27100,12.067235
2011-10-25,16.51,16.540001,15.16,15.26,36700,11.416368
2011-10-24,15.65,16.34,15.40,16.309999,32400,12.201897
2011-10-21,15.36,15.53,14.95,15.37,51800,11.498661
2011-10-20,14.80,15.18,14.48,15.06,36800,11.266743
2011-10-19,15.43,15.85,14.72,14.80,48500,11.072231
2011-10-18,15.14,15.59,14.58,15.42,53000,11.536068
2011-10-17,15.75,15.92,14.87,15.12,50300,11.31163
2011-10-14,15.40,15.97,15.08,15.93,29800,11.917611
2011-10-13,14.80,15.29,14.78,15.28,30200,11.43133
2011-10-12,14.92,15.33,14.48,15.14,63800,11.326593
2011-10-11,15.06,15.06,14.33,14.64,68200,10.952531
2011-10-10,14.32,15.17,14.02,15.12,56800,11.31163
2011-10-07,14.51,14.51,13.75,14.04,31900,10.503657
2011-10-06,14.44,14.58,13.71,14.46,24600,10.817869
2011-10-05,14.15,14.63,13.68,14.45,61100,10.810387
2011-10-04,12.40,14.22,12.40,14.13,65500,10.570988
2011-10-03,13.94,14.39,12.50,12.50,60800,9.351546
2011-09-30,14.14,14.44,13.95,14.08,33000,10.533582
2011-09-29,15.20,15.20,13.80,14.33,60200,10.720613
2011-09-28,15.45,16.75,14.94,14.98,48300,11.206893
2011-09-27,14.64,15.89,14.64,15.40,46800,11.521105
2011-09-26,14.50,14.59,13.91,14.35,46100,10.735575
2011-09-23,14.48,14.99,14.31,14.35,38300,10.735575
2011-09-22,15.24,15.56,14.40,14.44,77200,10.802906
2011-09-21,15.40,16.17,15.36,15.54,45200,11.625842
2011-09-20,16.15,16.15,15.32,15.33,44900,11.468736
2011-09-19,16.66,16.66,16.030001,16.299999,23200,12.194416
2011-09-16,17.040001,17.040001,16.049999,16.90,63400,12.64329
2011-09-15,17.110001,17.110001,16.799999,16.950001,19900,12.680697
2011-09-14,16.48,17.17,16.16,17.00,64000,12.718103
2011-09-13,15.98,16.40,15.73,16.370001,21400,12.246786
2011-09-12,16.08,16.389999,15.69,15.91,32800,11.902648
2011-09-09,16.16,16.700001,15.52,16.299999,63200,12.194416
2011-09-08,17.32,17.52,16.700001,16.870001,24800,12.620848
2011-09-07,17.389999,17.620001,17.360001,17.48,33800,13.077202
2011-09-06,17.379999,17.67,16.90,17.16,34700,12.837803
2011-09-02,17.51,18.26,17.33,17.77,60400,13.294159
2011-09-01,17.25,18.27,17.25,17.809999,58900,13.324083
2011-08-31,18.25,18.25,17.110001,17.209999,38100,12.875208
2011-08-30,18.139999,18.25,17.809999,18.25,35300,13.653258
2011-08-29,18.25,18.290001,17.790001,18.25,51400,13.653258
2011-08-26,17.93,18.25,16.690001,18.219999,20000,13.630813
2011-08-25,18.25,18.26,18.01,18.07,32200,13.518595
2011-08-24,18.41,18.459999,18.17,18.25,71900,13.653258
2011-08-23,18.25,18.440001,18.15,18.389999,103200,13.757994
2011-08-22,18.360001,18.450001,17.860001,18.25,59600,13.653258
2011-08-19,17.969999,18.389999,16.84,18.219999,78500,13.630813
2011-08-18,17.700001,18.34,17.43,18.200001,301800,13.615852
2011-08-17,17.889999,18.42,17.84,18.24,37200,13.645776
2011-08-16,18.32,18.469999,17.83,18.07,69400,13.518595
2011-08-15,18.969999,18.969999,18.33,18.450001,55400,13.802883
2011-08-12,18.549999,18.969999,16.60,18.42,64500,13.780439
2011-08-11,18.26,18.83,18.24,18.42,112600,13.780439
2011-08-10,18.299999,18.959999,17.530001,18.33,108400,13.713107
2011-08-09,18.799999,19.110001,16.799999,18.809999,108800,14.072206
2011-08-08,18.290001,19.219999,18.18,18.299999,78900,13.690663
2011-08-05,19.91,19.91,17.219999,18.98,103000,14.199388
2011-08-04,19.32,21.16,18.50,19.549999,148400,14.625818
2011-08-03,16.75,20.10,16.74,19.60,195400,14.663225
2011-08-02,15.76,16.299999,15.76,15.91,59000,11.902648
2011-08-01,16.91,17.219999,15.63,15.95,124500,11.932573
2011-07-29,17.18,17.18,16.34,16.690001,45100,12.486185
2011-07-28,17.43,17.690001,17.18,17.389999,43300,13.009871
2011-07-27,18.25,18.360001,17.34,17.450001,37800,13.054759
2011-07-26,18.27,18.50,17.700001,18.459999,29400,13.810363
2011-07-25,19.73,19.73,17.98,18.370001,102600,13.743033
2011-07-22,20.33,20.33,19.51,20.00,39300,14.962474
2011-07-21,20.25,20.370001,20.01,20.309999,72000,15.194392
2011-07-20,19.50,20.59,19.32,20.219999,181200,15.127061
2011-07-19,19.65,19.65,19.18,19.49,48800,14.580931
2011-07-18,19.360001,19.450001,19.030001,19.35,23400,14.476194
2011-07-15,19.280001,19.780001,19.26,19.50,43300,14.588412
2011-07-14,19.379999,19.82,19.139999,19.25,56300,14.401381
2011-07-13,19.700001,19.959999,19.00,19.76,111700,14.782925
2011-07-12,19.98,20.139999,19.440001,19.48,63500,14.573449
2011-07-11,19.67,20.00,19.67,19.969999,77700,14.94003
2011-07-08,19.17,19.870001,19.02,19.780001,34400,14.797887
2011-07-07,19.00,19.610001,19.00,19.51,93800,14.595894
2011-07-06,19.16,19.24,17.389999,18.99,108700,14.206869
2011-07-05,19.639999,19.639999,18.58,19.110001,118600,14.296644
2011-07-01,19.18,20.120001,19.18,19.50,87500,14.588412
2011-06-30,19.43,19.870001,18.67,19.48,77000,14.573449
2011-06-29,19.530001,19.59,19.40,19.51,65600,14.595894
2011-06-28,19.799999,19.799999,18.77,19.530001,108200,14.610856
2011-06-27,18.59,19.879999,18.389999,19.799999,132000,14.812849
2011-06-24,16.969999,18.219999,16.959999,18.16,650000,13.585926
2011-06-23,17.51,17.65,16.76,17.43,65500,13.039796
2011-06-22,16.959999,18.00,16.48,17.65,72300,13.204383
2011-06-21,16.209999,17.48,16.18,16.969999,143200,12.695659
2011-06-20,14.86,16.00,14.66,15.97,70000,11.947536
2011-06-17,15.12,15.24,14.50,14.58,81800,10.907644
2011-06-16,14.64,15.10,14.41,15.05,80900,11.259262
2011-06-15,14.75,14.90,14.44,14.66,35200,10.967493
2011-06-14,14.66,15.03,14.66,14.85,132500,11.109637
2011-06-13,15.00,15.13,14.26,14.80,131700,11.072231
2011-06-10,14.83,14.85,14.50,14.84,21000,11.102156
2011-06-09,14.59,14.97,14.27,14.88,42600,11.132081
2011-06-08,15.04,15.25,14.76,14.95,279600,11.184449
2011-06-07,14.99,15.40,14.82,15.25,41900,11.408887
2011-06-06,14.27,15.40,14.20,14.84,80800,11.102156
2011-06-03,13.47,14.29,13.32,14.17,35600,10.600913
2011-06-02,13.46,13.85,12.67,13.62,40500,10.189445
2011-06-01,14.50,14.50,13.16,13.49,81800,10.092189
2011-05-31,13.71,14.31,13.63,14.15,77200,10.58595
2011-05-27,13.67,13.82,13.38,13.59,26300,10.167001
2011-05-26,11.50,13.82,11.50,13.67,90600,10.226851
2011-05-25,10.65,11.58,10.35,11.38,24800,8.513648
2011-05-24,10.21,10.75,10.21,10.65,28000,7.967517
2011-05-23,10.05,10.24,9.51,10.10,47200,7.55605
2011-05-20,10.05,10.23,10.05,10.08,27200,7.541087
2011-05-19,10.40,10.40,9.96,10.11,61000,7.56353
2011-05-18,10.08,10.48,9.92,10.30,17700,7.705674
2011-05-17,11.37,11.46,9.90,10.12,36400,7.571012
2011-05-16,11.52,11.82,11.15,11.44,10000,8.558535
2011-05-13,11.70,11.81,11.46,11.59,8200,8.670754
2011-05-12,11.37,11.78,11.09,11.75,26100,8.790454
2011-05-11,11.93,11.96,11.31,11.53,53700,8.625866
2011-05-10,11.98,12.10,11.25,12.03,35800,8.999928
2011-05-09,10.67,13.10,10.67,11.86,63100,8.872747
2011-05-06,8.99,11.25,8.90,10.77,158000,8.057293
2011-05-05,8.28,8.45,8.17,8.20,4700,6.134614
2011-05-04,8.38,8.40,8.27,8.28,18000,6.194464
2011-05-03,8.47,8.75,8.47,8.47,8400,6.336608
2011-05-02,8.86,8.91,8.46,8.48,16400,6.344089
2011-04-29,8.90,8.92,8.86,8.92,3400,6.673264
2011-04-28,8.73,8.87,8.73,8.87,4700,6.635857
2011-04-27,8.75,8.78,8.67,8.78,2400,6.568526
2011-04-26,8.78,8.85,8.65,8.77,11300,6.561045
2011-04-25,8.83,8.85,8.69,8.82,4200,6.598451
2011-04-21,8.92,8.92,8.75,8.88,1400,6.643339
2011-04-20,8.95,8.95,8.84,8.88,16300,6.643339
2011-04-19,8.83,8.95,8.83,8.95,12900,6.695707
2011-04-18,8.82,8.82,8.74,8.75,3200,6.546082
2011-04-15,8.87,8.99,8.87,8.94,10200,6.688226
2011-04-14,8.55,9.00,8.55,8.93,11900,6.680745
2011-04-13,8.81,8.95,8.76,8.76,5100,6.553564
2011-04-12,8.62,9.02,8.58,8.80,13600,6.583489
2011-04-11,8.89,8.91,8.62,8.62,7300,6.448826
2011-04-08,9.00,9.00,8.91,8.91,2500,6.665782
2011-04-07,8.89,9.01,8.86,8.93,3800,6.680745
2011-04-06,9.00,9.01,8.96,9.01,4600,6.740595
2011-04-05,8.98,8.99,8.83,8.97,4000,6.71067
2011-04-04,9.02,9.02,8.98,8.98,1000,6.718151
2011-04-01,8.99,9.02,8.95,8.95,7700,6.695707
2011-03-31,9.02,9.02,8.82,8.96,10900,6.703188
2011-03-30,9.00,9.09,8.97,9.05,6400,6.77052
2011-03-29,8.70,9.25,8.69,9.00,8800,6.733113
2011-03-28,8.62,8.82,8.58,8.75,14600,6.546082
2011-03-25,8.87,8.94,8.17,8.94,19400,6.688226
2011-03-24,9.00,9.00,8.81,8.87,6500,6.635857
2011-03-23,8.89,9.15,8.89,9.04,20500,6.763038
2011-03-22,8.99,9.10,8.95,9.09,19100,6.800445
2011-03-21,9.00,9.05,8.59,9.00,22500,6.733113
2011-03-18,8.85,9.06,8.26,9.06,85200,6.778001
2011-03-17,8.16,9.15,8.16,8.78,37400,6.568526
2011-03-16,8.55,9.02,8.28,8.28,24600,6.194464
2011-03-15,8.01,8.93,7.77,8.55,32200,6.396458
2011-03-14,8.00,8.46,8.00,8.17,7400,6.112171
2011-03-11,8.19,8.19,8.02,8.06,8200,6.029877
2011-03-10,8.21,8.21,7.94,8.00,9300,5.98499
2011-03-09,8.35,8.35,8.20,8.27,3200,6.186983
2011-03-08,8.13,8.40,8.13,8.40,3600,6.284239
2011-03-07,8.49,8.49,8.03,8.08,5700,6.044839
2011-03-04,8.46,8.48,8.29,8.36,2200,6.254314
2011-03-03,8.43,8.72,8.35,8.50,8400,6.359051
2011-03-02,8.03,8.45,7.97,8.36,19500,6.254314
2011-03-01,8.22,8.22,7.77,8.07,19400,6.037358
2011-02-28,8.23,8.23,8.06,8.23,11600,6.157058
2011-02-25,8.15,8.23,7.93,8.21,4800,6.142096
2011-02-24,8.04,8.20,7.97,8.19,12800,6.127133
2011-02-23,8.09,8.15,7.94,8.00,12200,5.98499
2011-02-22,8.27,8.35,8.02,8.02,8800,5.999952
2011-02-18,8.49,8.66,8.30,8.35,16700,6.246833
2011-02-17,8.38,8.46,8.38,8.46,2900,6.329127
2011-02-16,8.04,8.48,8.04,8.40,23600,6.284239
2011-02-15,8.07,8.22,8.04,8.18,22300,6.119652
2011-02-14,8.33,8.34,8.18,8.20,3900,6.134614
2011-02-11,8.12,8.34,8.12,8.34,6400,6.239352
2011-02-10,8.05,8.38,8.05,8.17,16900,6.112171
2011-02-09,8.38,8.38,8.28,8.34,2800,6.239352
2011-02-08,8.39,8.41,8.21,8.41,5200,6.29172
2011-02-07,8.32,8.44,8.32,8.40,3400,6.284239
2011-02-04,8.34,8.43,8.22,8.29,16000,6.201945
2011-02-03,8.45,8.49,8.25,8.39,1800,6.276758
2011-02-02,8.37,8.49,8.37,8.44,1700,6.314164
2011-02-01,8.17,8.45,8.06,8.45,10000,6.321645
2011-01-31,7.90,8.21,7.72,8.15,6700,6.097208
2011-01-28,8.37,8.37,7.75,7.85,19400,5.872771
2011-01-27,8.40,8.51,8.18,8.35,6400,6.246833
2011-01-26,7.98,8.50,7.98,8.50,10500,6.359051
2011-01-25,8.02,8.20,7.95,8.03,12800,6.007433
2011-01-24,8.07,8.21,8.01,8.11,12600,6.067283
2011-01-21,8.18,8.25,8.00,8.00,22700,5.98499
2011-01-20,8.41,8.42,8.13,8.13,14200,6.082246
2011-01-19,8.84,8.84,8.32,8.36,23000,6.254314
2011-01-18,8.58,8.90,8.58,8.90,5700,6.658301
2011-01-14,8.71,8.88,8.52,8.87,8100,6.635857
2011-01-13,8.93,8.93,8.58,8.72,15500,6.523639
2011-01-12,8.87,8.95,8.74,8.94,6800,6.688226
2011-01-11,8.50,8.79,8.50,8.78,9300,6.568526
2011-01-10,8.32,8.69,8.32,8.69,7900,6.501195
2011-01-07,8.57,8.63,8.30,8.56,15900,6.403939
2011-01-06,8.65,8.67,8.52,8.66,17000,6.478751
2011-01-05,8.76,8.76,8.56,8.67,15700,6.486233
2011-01-04,8.91,8.91,8.55,8.73,8000,6.53112
2011-01-03,8.98,8.98,8.65,8.88,12400,6.643339
2010-12-31,8.80,8.98,8.75,8.98,3500,6.718151
2010-12-30,8.80,8.93,8.64,8.84,6300,6.613414
2010-12-29,8.91,8.91,8.73,8.84,2500,6.613414
2010-12-28,9.00,9.00,8.83,8.91,8200,6.665782
2010-12-27,8.55,8.92,8.52,8.92,3000,6.673264
2010-12-23,8.61,8.75,8.61,8.70,2800,6.508676
2010-12-22,8.98,8.98,8.84,8.94,4100,6.688226
2010-12-21,8.55,8.95,8.55,8.95,9200,6.695707
2010-12-20,9.00,9.01,8.30,8.88,20400,6.643339
2010-12-17,9.09,9.25,8.57,9.05,38500,6.77052
2010-12-16,8.80,9.23,8.80,9.12,12000,6.822888
2010-12-15,8.80,8.84,8.78,8.80,6100,6.583489
2010-12-14,8.73,8.80,8.68,8.73,5000,6.53112
2010-12-13,8.70,8.75,8.51,8.69,9500,6.501195
2010-12-10,8.36,8.75,8.35,8.75,10000,6.546082
2010-12-09,8.49,8.75,8.33,8.72,19800,6.523639
2010-12-08,8.73,8.73,8.61,8.71,2300,6.516158
2010-12-07,8.74,8.75,8.50,8.74,12500,6.538601
2010-12-06,8.69,8.75,8.58,8.70,3600,6.508676
2010-12-03,8.74,8.76,8.70,8.73,4300,6.53112
2010-12-02,8.65,8.79,8.57,8.79,10200,6.576007
2010-12-01,8.75,8.75,8.42,8.69,25900,6.501195
2010-11-30,8.68,8.73,8.65,8.65,4700,6.47127
2010-11-29,8.65,8.73,8.54,8.73,2600,6.53112
2010-11-26,8.68,8.75,8.68,8.70,3500,6.508676
2010-11-24,8.65,8.73,8.60,8.73,5700,6.53112
2010-11-23,8.70,8.71,8.60,8.61,8000,6.441345
2010-11-22,8.66,8.75,8.60,8.73,10800,6.53112
2010-11-19,8.75,8.75,8.62,8.74,13400,6.538601
2010-11-18,8.75,8.75,8.57,8.75,4500,6.546082
2010-11-17,8.79,9.00,8.64,8.67,7700,6.486233
2010-11-16,8.79,9.00,8.79,8.79,7300,6.576007
2010-11-15,8.94,9.10,8.94,9.00,5400,6.733113
2010-11-12,9.19,9.19,8.71,8.90,17900,6.658301
2010-11-11,9.13,9.40,8.81,9.30,6900,6.957551
2010-11-10,8.76,9.29,8.56,9.18,11300,6.867776
2010-11-09,8.70,8.90,8.53,8.69,58400,6.501195
2010-11-08,8.88,9.00,8.88,8.99,21400,6.725632
2010-11-05,9.00,9.00,8.87,9.00,12400,6.733113
2010-11-04,8.78,9.00,8.70,9.00,8400,6.733113
2010-11-03,8.71,8.74,8.57,8.70,2800,6.508676
2010-11-02,8.65,8.81,8.48,8.71,12700,6.516158
2010-11-01,8.55,8.74,8.53,8.55,9600,6.396458
2010-10-29,8.77,8.82,8.66,8.77,8400,6.561045
2010-10-28,8.91,8.91,8.75,8.75,5100,6.546082
2010-10-27,8.93,8.93,8.81,8.82,3700,6.598451
2010-10-26,8.78,9.00,8.75,8.93,19600,6.680745
2010-10-25,8.96,8.96,8.65,8.77,11400,6.561045
2010-10-22,8.80,9.00,8.78,8.96,23900,6.703188
2010-10-21,8.90,8.90,8.65,8.80,4100,6.583489
2010-10-20,8.84,8.89,8.84,8.89,3800,6.65082
2010-10-19,8.90,9.00,8.75,8.76,7500,6.553564
2010-10-18,8.94,9.00,8.94,8.99,5600,6.725632
2010-10-15,8.95,8.95,8.74,8.92,17800,6.673264
2010-10-14,8.78,9.21,8.67,8.79,13200,6.576007
2010-10-13,9.00,9.00,8.77,9.00,8400,6.733113
2010-10-12,8.66,9.05,8.66,9.00,17700,6.733113
2010-10-11,8.75,8.90,8.61,8.70,10200,6.508676
2010-10-08,8.77,8.95,8.66,8.94,13100,6.688226
2010-10-07,8.91,9.00,8.76,8.87,11200,6.635857
2010-10-06,8.88,8.97,8.70,8.83,9200,6.605932
2010-10-05,9.00,9.10,8.62,9.02,24800,6.748076
2010-10-04,8.81,9.05,8.81,8.97,36500,6.71067
2010-10-01,8.97,8.97,8.56,8.80,2900,6.583489
2010-09-30,8.77,8.95,8.66,8.94,12100,6.688226
2010-09-29,8.72,8.83,8.47,8.58,16600,6.418901
2010-09-28,8.60,8.76,8.52,8.76,4300,6.553564
2010-09-27,8.75,8.75,8.55,8.57,2300,6.41142
2010-09-24,8.61,8.74,8.50,8.69,11800,6.501195
2010-09-23,8.87,8.93,8.41,8.50,8200,6.359051
2010-09-22,8.80,9.02,8.76,8.87,6200,6.635857
2010-09-21,8.88,9.03,8.84,8.90,32700,6.658301
2010-09-20,8.97,9.02,8.85,9.00,35900,6.733113
2010-09-17,8.98,9.05,8.77,8.96,34800,6.703188
2010-09-16,9.19,9.24,8.70,8.84,12100,6.613414
2010-09-15,8.76,9.30,8.62,9.05,44500,6.77052
2010-09-14,9.42,9.82,8.62,8.79,43000,6.576007
2010-09-13,9.63,9.79,9.20,9.47,16400,7.084732
2010-09-10,8.87,9.88,8.86,9.45,29600,7.069769
2010-09-09,8.62,9.40,8.62,8.82,49700,6.598451
2010-09-08,9.18,9.27,8.68,8.87,10300,6.635857
2010-09-07,9.55,9.55,8.61,9.19,34400,6.875257
2010-09-03,9.75,9.79,9.02,9.58,11400,7.167025
2010-09-02,9.09,10.19,9.00,9.67,32000,7.234356
2010-09-01,8.91,9.24,8.41,9.14,43900,6.837851
2010-08-31,8.97,9.25,8.79,8.79,8700,6.576007
2010-08-30,8.87,9.30,8.67,8.75,13400,6.546082
2010-08-27,8.84,8.98,8.53,8.93,12200,6.680745
2010-08-26,8.43,9.40,8.43,8.76,15500,6.553564
2010-08-25,8.53,8.53,8.15,8.39,10900,6.276758
2010-08-24,8.61,8.83,8.13,8.53,13400,6.381495
2010-08-23,8.35,8.90,8.35,8.38,21800,6.269277
2010-08-20,8.65,8.95,8.26,8.33,15800,6.23187
2010-08-19,8.60,9.02,8.60,8.63,19200,6.456308
2010-08-18,9.32,9.90,8.48,8.67,15300,6.486233
2010-08-17,9.49,10.20,9.20,9.35,27900,6.994957
2010-08-16,8.77,9.66,8.77,9.48,9600,7.092212
2010-08-13,8.52,9.25,8.52,8.79,16300,6.576007
2010-08-12,8.48,9.29,8.44,8.56,17100,6.403939
2010-08-11,8.67,9.25,8.28,8.53,57300,6.381495
2010-08-10,9.00,9.08,8.72,8.77,16600,6.561045
2010-08-09,9.08,9.42,9.00,9.07,8400,6.785482
2010-08-06,9.02,9.38,9.01,9.01,14100,6.740595
2010-08-05,9.21,9.45,8.96,9.06,29000,6.778001
2010-08-04,8.33,9.25,8.30,9.17,23200,6.860294
2010-08-03,8.65,9.58,8.25,8.26,14800,6.179502
2010-08-02,8.29,9.00,8.29,8.66,16100,6.478751
2010-07-30,8.42,8.56,8.20,8.20,12200,6.134614
2010-07-29,8.42,8.97,8.35,8.56,9000,6.403939
2010-07-28,8.92,9.03,8.36,8.37,10100,6.261795
2010-07-27,9.00,9.07,8.68,8.99,9000,6.725632
2010-07-26,9.00,9.00,8.62,9.00,16800,6.733113
2010-07-23,8.94,9.08,8.25,9.00,45100,6.733113
2010-07-22,8.60,9.09,8.59,9.00,15200,6.733113
2010-07-21,9.00,9.10,8.51,8.51,12100,6.366533
2010-07-20,8.33,9.03,8.05,9.03,27800,6.755557
2010-07-19,8.65,8.80,8.07,8.47,35500,6.336608
2010-07-16,8.28,8.68,8.28,8.30,20000,6.209427
2010-07-15,8.93,9.00,8.27,8.32,6700,6.224389
2010-07-14,9.16,9.16,8.59,8.69,10600,6.501195
2010-07-13,8.45,9.00,8.13,9.00,32100,6.733113
2010-07-12,8.84,8.84,8.14,8.39,23800,6.276758
2010-07-09,8.95,8.99,8.63,8.88,7900,6.643339
2010-07-08,9.11,9.20,8.71,9.00,17200,6.733113
2010-07-07,8.63,9.08,8.63,9.05,20000,6.77052
2010-07-06,8.90,9.05,8.57,8.58,14300,6.418901
2010-07-02,8.69,8.99,8.69,8.85,9700,6.620895
2010-07-01,8.36,8.87,8.36,8.70,10000,6.508676
2010-06-30,8.40,8.63,8.05,8.37,16000,6.261795
2010-06-29,9.69,9.69,8.27,8.28,52100,6.194464
2010-06-28,11.16,11.16,9.59,9.83,42400,7.354056
2010-06-25,11.35,11.72,10.40,11.15,861000,8.341579
2010-06-24,12.10,12.50,11.11,11.35,57500,8.491204
2010-06-23,11.22,11.76,11.18,11.68,14300,8.738085
2010-06-22,11.74,11.74,11.30,11.31,4600,8.461279
2010-06-21,12.49,12.49,11.17,11.45,6700,8.566016
2010-06-18,10.95,12.48,10.95,12.45,28000,9.31414
2010-06-17,10.13,11.50,10.13,11.20,14800,8.378985
2010-06-16,9.99,10.08,9.86,10.02,400,7.4962
2010-06-15,10.35,10.35,9.82,10.11,17900,7.56353
2010-06-14,10.51,10.99,10.24,10.28,29500,7.690711
2010-06-11,10.09,11.00,10.09,10.95,15900,8.191954
2010-06-10,10.02,10.15,9.85,10.09,5100,7.548568
2010-06-09,10.07,10.67,9.83,9.83,7100,7.354056
2010-06-08,10.66,10.77,9.77,9.90,17100,7.406424
2010-06-07,10.39,10.97,10.00,10.90,12600,8.154548
2010-06-04,10.37,10.99,10.17,10.40,7200,7.780486
2010-06-03,10.00,10.37,9.81,10.37,8900,7.758043
2010-06-02,10.76,10.76,10.02,10.28,3800,7.690711
2010-06-01,10.90,11.30,10.80,10.86,2900,8.124623
2010-05-28,11.26,11.26,10.79,11.26,2200,8.423873
2010-05-27,11.26,11.37,10.75,11.35,1900,8.491204
2010-05-26,11.07,11.55,10.78,10.88,3400,8.139586
2010-05-25,11.05,11.80,11.01,11.73,3800,8.775491
2010-05-24,11.02,12.38,10.83,12.12,5600,9.067259
2010-05-21,12.09,12.18,10.38,11.04,10700,8.259286
2010-05-20,12.26,12.38,11.00,12.25,6500,9.164515
2010-05-19,12.49,12.50,11.66,12.45,5400,9.31414
2010-05-18,12.40,12.94,12.26,12.52,14000,9.366509
2010-05-17,12.25,13.00,12.18,12.18,5200,9.112147
2010-05-14,12.24,12.73,12.09,12.50,6900,9.351546
2010-05-13,12.92,12.98,12.26,12.40,21000,9.276734
2010-05-12,12.46,13.24,12.43,12.72,25800,9.516134
2010-05-11,11.19,13.55,11.19,12.35,24700,9.239328
2010-05-10,11.50,11.93,10.89,11.37,22300,8.506166
2010-05-07,11.82,12.02,10.76,11.23,4500,8.401429
2010-05-06,12.75,13.70,9.91,11.99,54400,8.970003
2010-05-05,12.46,14.74,11.93,13.10,63800,9.800421
2010-05-04,13.87,14.45,11.55,12.59,42100,9.418878
2010-05-03,13.50,14.57,13.26,14.13,22400,10.570988
2010-04-30,13.13,13.50,13.13,13.49,2800,10.092189
2010-04-29,12.30,13.14,12.30,13.04,10200,9.755533
2010-04-28,12.20,12.47,11.49,12.40,14100,9.276734
2010-04-27,12.30,12.30,12.14,12.28,2200,9.186959
2010-04-26,11.62,12.50,11.62,12.30,5800,9.201922
2010-04-23,12.13,12.33,12.13,12.25,1100,9.164515
2010-04-22,11.93,12.56,11.93,11.97,20500,8.955041
2010-04-21,11.53,12.00,11.50,12.00,7300,8.977484
2010-04-20,10.52,12.00,10.40,12.00,5900,8.977484
2010-04-19,11.80,11.94,10.58,11.12,19100,8.319136
2010-04-16,12.00,12.70,11.29,11.71,16200,8.760529
2010-04-15,10.04,12.40,10.04,12.11,12500,9.059778
2010-04-14,10.54,11.00,10.03,10.56,18600,7.900187
2010-04-13,9.75,10.50,9.75,10.50,6700,7.855299
2010-04-12,9.21,10.00,9.21,10.00,5300,7.481237
2010-04-09,9.34,9.49,9.00,9.40,8000,7.032363
2010-04-08,9.32,9.32,9.13,9.30,3600,6.957551
2010-04-07,8.68,9.25,8.61,9.25,1600,6.920144
2010-04-06,8.50,9.34,8.48,9.34,134700,6.987476
2010-04-05,8.25,8.50,8.24,8.50,9400,6.359051
2010-04-01,8.45,8.48,8.21,8.45,2000,6.321645
2010-03-31,8.27,8.50,8.27,8.33,2300,6.23187
2010-03-30,8.30,8.99,8.15,8.58,5900,6.418901
2010-03-29,8.28,8.28,8.28,8.28,000,6.194464
2010-03-26,8.28,8.28,8.28,8.28,000,6.194464
2010-03-25,8.25,8.28,8.25,8.28,200,6.194464
2010-03-24,8.29,8.29,8.29,8.29,200,6.201945
2010-03-23,8.40,8.40,8.40,8.40,300,6.284239
2010-03-22,8.50,8.75,8.50,8.50,3300,6.359051
2010-03-19,8.26,8.55,7.96,8.26,3800,6.179502
2010-03-18,8.30,8.77,8.08,8.70,9800,6.508676
2010-03-17,8.55,8.80,8.25,8.29,2100,6.201945
2010-03-16,8.57,8.89,8.26,8.58,8100,6.418901
2010-03-15,8.57,8.57,8.09,8.40,2800,6.284239
2010-03-12,8.85,8.85,8.22,8.51,5900,6.366533
2010-03-11,8.40,8.90,8.26,8.34,3100,6.239352
2010-03-10,8.48,9.01,8.27,8.39,1500,6.276758
2010-03-09,8.51,8.90,8.31,8.50,1000,6.359051
2010-03-08,8.55,8.86,8.31,8.36,14100,6.254314
2010-03-05,8.18,8.60,7.96,8.17,6700,6.112171
2010-03-04,8.25,8.38,8.18,8.38,1500,6.269277
2010-03-03,8.47,8.59,8.05,8.51,4900,6.366533
2010-03-02,8.45,8.60,8.22,8.48,5000,6.344089
2010-03-01,8.58,8.60,8.40,8.60,6500,6.433864
2010-02-26,8.22,8.25,8.21,8.25,400,6.172021
2010-02-25,8.27,8.76,8.06,8.28,6600,6.194464
2010-02-24,8.36,8.91,8.36,8.90,5200,6.658301
2010-02-23,8.85,8.90,8.31,8.35,1000,6.246833
2010-02-22,8.96,8.96,8.96,8.96,000,6.703188
2010-02-19,8.89,8.96,8.89,8.96,1200,6.703188
2010-02-18,8.04,8.85,8.04,8.85,1300,6.620895
2010-02-17,8.35,8.35,8.35,8.35,1000,6.246833
2010-02-16,8.35,8.99,8.00,8.58,2400,6.418901
2010-02-12,8.10,8.90,7.76,8.90,1000,6.658301
2010-02-11,8.66,8.66,8.24,8.25,1700,6.172021
2010-02-10,8.72,8.72,8.72,8.72,200,6.523639
2010-02-09,8.15,9.01,8.14,8.91,4300,6.665782
2010-02-08,8.98,9.10,8.83,8.93,10800,6.680745
2010-02-05,8.79,9.18,8.50,9.18,5800,6.867776
2010-02-04,8.48,9.00,8.12,8.99,1500,6.725632
2010-02-03,8.75,9.05,8.49,9.02,1000,6.748076
2010-02-02,7.94,8.85,7.94,8.69,3200,6.501195
2010-02-01,8.15,8.69,7.78,8.37,9900,6.261795
2010-01-29,8.98,8.98,8.26,8.26,10200,6.179502
2010-01-28,8.65,8.97,8.38,8.97,3400,6.71067
2010-01-27,8.07,8.68,8.07,8.63,4900,6.456308
2010-01-26,7.62,8.04,7.55,8.04,4300,6.014915
2010-01-25,7.63,7.63,7.63,7.63,200,5.708184
2010-01-22,7.90,7.90,7.90,7.90,200,5.910177
2010-01-21,7.76,7.76,7.76,7.76,000,5.80544
2010-01-20,7.76,7.76,7.76,7.76,000,5.80544
2010-01-19,8.00,8.30,7.76,7.76,1700,5.80544
2010-01-15,8.01,8.01,8.00,8.00,1100,5.98499
2010-01-14,8.30,8.30,8.15,8.15,300,6.097208
2010-01-13,8.30,8.30,8.05,8.05,37900,6.022396
2010-01-12,8.30,8.30,8.30,8.30,000,6.209427
2010-01-11,8.09,8.30,8.00,8.30,2100,6.209427
2010-01-08,8.15,8.30,8.15,8.30,2500,6.209427
2010-01-07,8.37,8.58,8.20,8.20,400,6.134614
2010-01-06,8.00,8.31,8.00,8.31,1900,6.216908
2010-01-05,8.32,8.32,8.00,8.02,2800,5.999952
2010-01-04,8.29,8.29,8.06,8.06,700,6.029877
2009-12-31,8.54,8.54,8.54,8.54,100,6.388976
2009-12-30,8.50,8.80,8.50,8.67,1900,6.486233
2009-12-29,8.92,9.60,8.89,8.89,18400,6.65082
2009-12-28,9.23,9.35,9.00,9.35,1800,6.994957
2009-12-24,9.40,9.40,9.40,9.40,000,7.032363
2009-12-23,9.34,9.50,9.26,9.40,11600,7.032363
2009-12-22,9.43,9.43,9.06,9.06,900,6.778001
2009-12-21,9.05,9.40,9.00,9.02,23000,6.748076
2009-12-18,8.87,9.18,8.87,9.07,1000,6.785482
2009-12-17,9.04,9.06,8.14,9.05,15700,6.77052
2009-12-16,7.75,9.10,7.75,8.32,14000,6.224389
2009-12-15,8.00,8.48,7.70,7.71,3900,5.768034
2009-12-14,8.39,8.48,7.89,7.89,3900,5.902696
2009-12-11,8.48,8.51,8.47,8.47,1300,6.336608
2009-12-10,8.74,8.80,8.50,8.80,1900,6.583489
2009-12-09,8.01,8.95,8.00,8.85,16700,6.620895
2009-12-08,8.00,9.01,7.99,8.00,59200,5.98499
2009-12-07,7.65,8.00,7.65,8.00,56100,5.98499
2009-12-04,7.75,7.75,7.51,7.51,1600,5.618409
2009-12-03,7.75,7.75,7.75,7.75,400,5.797959
2009-12-02,7.98,8.01,7.88,8.00,6900,5.98499
2009-12-01,7.45,8.01,7.44,8.01,8700,5.992471
2009-11-30,7.28,7.28,7.00,7.25,2700,5.423897
2009-11-27,8.00,8.00,8.00,8.00,000,5.98499
2009-11-25,7.57,8.00,7.56,8.00,7900,5.98499
2009-11-24,7.03,7.60,7.03,7.60,1000,5.68574
2009-11-23,7.10,7.60,7.00,7.59,14300,5.678259
2009-11-20,7.50,7.60,7.00,7.01,15900,5.244347
2009-11-19,7.40,7.60,7.02,7.60,1800,5.68574
2009-11-18,6.44,7.12,6.44,7.12,5200,5.326641
2009-11-17,6.13,6.72,6.13,6.72,1800,5.027391
2009-11-16,6.39,7.46,5.96,6.71,4900,5.01991
2009-11-13,7.49,7.49,7.49,7.49,000,5.603446
2009-11-12,7.49,7.49,7.49,7.49,000,5.603446
2009-11-11,7.49,7.49,7.49,7.49,000,5.603446
2009-11-10,7.49,7.49,7.49,7.49,000,5.603446
2009-11-09,7.11,7.55,7.11,7.49,3100,5.603446
2009-11-06,8.25,8.25,7.06,7.99,3500,5.977508
2009-11-05,7.51,8.26,7.51,8.26,8600,6.179502
2009-11-04,8.14,8.24,8.02,8.02,1000,5.999952
2009-11-03,8.21,8.50,8.20,8.40,900,6.284239
2009-11-02,8.96,8.96,8.96,8.96,1000,6.703188
2009-10-30,8.14,8.52,8.14,8.51,2800,6.366533
2009-10-29,8.16,8.16,8.16,8.16,000,6.104689
2009-10-28,9.10,9.10,8.11,8.16,800,6.104689
2009-10-27,8.04,9.10,8.04,9.10,4600,6.807926
2009-10-26,9.10,9.10,8.00,8.90,2800,6.658301
2009-10-23,7.90,9.32,7.89,9.10,9800,6.807926
2009-10-22,5.84,8.00,5.84,7.92,3100,5.92514
2009-10-21,5.75,6.25,5.75,6.25,2600,4.675773
2009-10-20,5.77,5.77,5.75,5.75,300,4.301711
2009-10-19,5.75,5.75,5.75,5.75,100,4.301711
2009-10-16,5.75,5.76,5.75,5.75,500,4.301711
2009-10-15,5.80,6.00,5.80,6.00,1500,4.488742
2009-10-14,6.40,6.40,5.85,6.10,2600,4.563555
2009-10-13,5.85,6.13,5.75,6.13,2900,4.585998
2009-10-12,5.40,6.20,5.40,5.75,1700,4.301711
2009-10-09,5.36,5.60,5.36,5.45,2600,4.077274
2009-10-08,5.90,5.98,5.45,5.95,3700,4.451336
2009-10-07,5.40,5.40,5.35,5.35,2600,4.002462
2009-10-06,5.35,5.90,5.35,5.90,3800,4.41393
2009-10-05,5.35,5.35,5.35,5.35,1800,4.002462
2009-10-02,5.35,5.35,4.90,5.35,2700,4.002462
2009-10-01,5.35,5.35,5.35,5.35,1500,4.002462
2009-09-30,5.35,5.35,4.90,5.35,9000,4.002462
2009-09-29,5.35,5.35,5.35,5.35,000,4.002462
2009-09-28,5.35,5.35,5.35,5.35,300,4.002462
2009-09-25,5.35,5.35,5.35,5.35,500,4.002462
2009-09-24,5.35,5.35,5.35,5.35,000,4.002462
2009-09-23,5.35,5.35,5.35,5.35,3500,4.002462
2009-09-22,5.35,5.35,5.35,5.35,900,4.002462
2009-09-21,5.35,5.35,5.35,5.35,000,4.002462
2009-09-18,5.35,5.35,5.35,5.35,1000,4.002462
2009-09-17,5.35,5.35,5.35,5.35,000,4.002462
2009-09-16,5.35,5.35,5.35,5.35,000,4.002462
2009-09-15,5.35,5.35,5.35,5.35,800,4.002462
2009-09-14,5.35,5.35,5.25,5.30,5800,3.965056
2009-09-11,5.35,5.35,5.35,5.35,1900,4.002462
2009-09-10,5.35,5.35,5.35,5.35,000,4.002462
2009-09-09,5.35,5.35,5.35,5.35,000,4.002462
2009-09-08,5.35,5.35,5.35,5.35,400,4.002462
2009-09-04,5.35,5.35,5.35,5.35,200,4.002462
2009-09-03,5.35,5.35,5.35,5.35,000,4.002462
2009-09-02,5.35,5.35,5.35,5.35,300,4.002462
2009-09-01,5.45,5.45,5.45,5.45,500,4.077274
2009-08-31,5.90,5.90,5.45,5.45,700,4.077274
2009-08-28,5.35,5.35,5.35,5.35,200,4.002462
2009-08-27,5.35,5.35,5.35,5.35,3200,4.002462
2009-08-26,5.50,5.64,5.40,5.64,3700,4.219418
2009-08-25,5.35,5.35,5.35,5.35,700,4.002462
2009-08-24,5.35,5.50,5.35,5.50,400,4.11468
2009-08-21,5.40,5.50,5.35,5.50,7200,4.11468
2009-08-20,5.25,5.45,5.25,5.35,6200,4.002462
2009-08-19,5.10,5.10,5.10,5.10,000,3.815431
2009-08-18,5.10,5.10,5.10,5.10,600,3.815431
2009-08-17,5.54,5.54,5.05,5.45,600,4.077274
2009-08-14,5.00,5.05,5.00,5.05,1400,3.778025
2009-08-13,5.10,5.15,4.90,4.90,3100,3.665806
2009-08-12,5.25,5.25,5.25,5.25,200,3.927649
2009-08-11,5.25,5.53,5.25,5.25,2200,3.927649
2009-08-10,5.20,5.50,5.20,5.50,1400,4.11468
2009-08-07,4.80,5.50,4.80,5.50,6200,4.11468
2009-08-06,5.00,5.10,5.00,5.10,2000,3.815431
2009-08-05,5.10,5.24,5.10,5.24,1400,3.920168
2009-08-04,5.10,5.25,5.10,5.25,1100,3.927649
2009-08-03,5.00,5.00,5.00,5.00,300,3.740619
2009-07-31,5.00,5.25,5.00,5.00,1200,3.740619
2009-07-30,4.90,5.20,4.90,5.00,6200,3.740619
2009-07-29,4.90,4.90,4.90,4.90,1500,3.665806
2009-07-28,5.00,5.00,4.90,4.90,3000,3.665806
2009-07-27,5.25,5.25,5.00,5.25,900,3.927649
2009-07-24,5.25,5.25,5.20,5.20,800,3.890243
2009-07-23,5.25,5.25,4.75,4.75,11800,3.553588
2009-07-22,5.25,5.25,5.25,5.25,200,3.927649
2009-07-21,5.25,5.25,5.25,5.25,1600,3.927649
2009-07-20,5.26,5.26,5.25,5.25,2100,3.927649
2009-07-17,5.25,5.25,5.25,5.25,2100,3.927649
2009-07-16,5.25,5.25,5.25,5.25,200,3.927649
2009-07-15,5.25,5.25,5.25,5.25,3400,3.927649
2009-07-14,5.25,5.25,5.25,5.25,300,3.927649
2009-07-13,5.25,5.25,5.25,5.25,000,3.927649
2009-07-10,5.00,5.25,5.00,5.25,1800,3.927649
2009-07-09,5.50,5.50,5.30,5.30,14400,3.965056
2009-07-08,5.25,5.50,5.25,5.31,6900,3.972537
2009-07-07,5.25,5.25,5.25,5.25,1700,3.927649
2009-07-06,5.26,5.26,5.26,5.26,000,3.935131
2009-07-02,5.26,5.26,5.26,5.26,000,3.935131
2009-07-01,5.26,5.26,5.26,5.26,300,3.935131
2009-06-30,5.00,5.25,5.00,5.25,10400,3.927649
2009-06-29,5.50,5.50,5.50,5.50,100,4.11468
2009-06-26,5.25,5.25,5.25,5.25,4900,3.927649
2009-06-25,3.00,3.25,3.00,3.25,200,2.431402
