Date,Open,High,Low,Close,Volume,Adj Close
2012-08-13,14.85,14.85,14.85,14.85,000,14.85
2012-08-10,14.85,14.85,14.85,14.85,000,14.85
2012-08-09,14.85,14.85,14.85,14.85,000,14.85
2012-08-08,14.79,14.85,14.79,14.85,21600,14.85
2012-08-07,14.78,14.79,14.78,14.78,20300,14.78
2012-08-06,14.77,14.80,14.77,14.78,5800,14.78
2012-08-03,14.71,14.80,14.71,14.80,9400,14.80
2012-08-02,14.77,14.80,14.75,14.80,13100,14.80
2012-08-01,14.77,14.80,14.76,14.79,37400,14.79
2012-07-31,14.75,14.80,14.75,14.78,51400,14.78
2012-07-30,14.80,14.80,14.77,14.77,1100,14.77
2012-07-27,14.78,14.80,14.78,14.80,800,14.80
2012-07-26,14.79,14.79,14.77,14.772,8300,14.772
2012-07-25,14.78,14.80,14.77,14.7732,6900,14.7732
2012-07-24,14.72,14.80,14.72,14.72,5200,14.72
2012-07-23,14.71,14.80,14.71,14.77,13300,14.77
2012-07-20,14.80,14.80,14.75,14.75,2500,14.75
2012-07-19,14.75,14.80,14.75,14.80,25700,14.80
2012-07-18,14.75,14.79,14.75,14.77,11300,14.77
2012-07-17,14.73,14.77,14.72,14.77,10600,14.77
2012-07-16,14.70,14.75,14.70,14.72,15300,14.72
2012-07-13,14.03,14.7017,14.01,14.69,4900,14.69
2012-07-12,14.68,14.77,14.67,14.73,7900,14.73
2012-07-11,14.70,14.77,14.70,14.77,3600,14.77
2012-07-10,14.76,14.774,14.71,14.77,8900,14.77
2012-07-09,14.70,14.80,14.70,14.721,34400,14.721
2012-07-06,14.78,14.78,14.70,14.72,4700,14.72
2012-07-05,14.74,14.80,14.71,14.80,7200,14.80
2012-07-04,14.70,14.70,14.70,14.70,000,14.70
2012-07-03,14.74,14.81,14.70,14.70,15600,14.70
2012-07-02,14.75,14.78,14.68,14.68,9000,14.68
2012-06-29,14.78,14.78,14.70,14.72,12500,14.72
2012-06-28,14.73,14.75,14.70,14.70,26400,14.70
2012-06-27,14.70,14.75,14.68,14.715,23800,14.715
2012-06-26,14.65,14.70,14.64,14.70,23200,14.70
2012-06-25,14.68,14.68,14.62,14.64,17000,14.64
2012-06-22,14.66,14.6895,14.62,14.67,45600,14.67
2012-06-21,14.62,14.74,14.61,14.62,32200,14.62
2012-06-20,14.65,14.66,14.61,14.62,13700,14.62
2012-06-19,14.60,14.65,14.60,14.65,43400,14.65
2012-06-18,14.57,14.62,14.57,14.61,82900,14.61
2012-06-15,14.59,14.62,14.55,14.60,115000,14.60
2012-06-14,14.57,14.60,14.55,14.59,102200,14.59
2012-06-13,14.57,14.64,14.56,14.59,124800,14.59
2012-06-12,14.57,14.651,14.57,14.57,206400,14.57
2012-06-11,14.56,14.75,14.52,14.5899,2138800,14.5899
2012-06-08,7.68,7.68,7.25,7.49,1700,7.49
2012-06-07,7.75,7.79,7.35,7.74,12700,7.74
2012-06-06,7.75,7.76,7.50,7.75,3000,7.75
2012-06-05,7.66,7.765,7.61,7.76,3700,7.76
2012-06-04,7.41,7.8799,7.26,7.68,14500,7.68
2012-06-01,7.50,7.61,7.2507,7.45,4200,7.45
2012-05-31,7.41,7.61,7.1201,7.50,9400,7.50
2012-05-30,7.64,7.80,7.40,7.41,3100,7.41
2012-05-29,7.22,7.95,7.20,7.90,8600,7.90
2012-05-28,7.84,7.84,7.84,7.84,000,7.84
2012-05-25,7.85,7.91,7.1208,7.84,2100,7.84
2012-05-24,7.88,7.89,7.59,7.89,9200,7.89
2012-05-23,7.50,7.55,7.10,7.55,3900,7.55
2012-05-22,7.50,7.70,7.35,7.70,10000,7.70
2012-05-21,7.45,7.50,7.12,7.50,9000,7.50
2012-05-18,7.33,7.50,7.20,7.47,5800,7.47
2012-05-17,7.52,7.59,7.12,7.25,11600,7.25
2012-05-16,7.55,7.80,7.4501,7.58,8500,7.58
2012-05-15,7.75,7.78,7.50,7.74,8800,7.74
2012-05-14,7.87,7.87,7.57,7.74,3500,7.74
2012-05-11,7.56,7.90,7.45,7.90,2100,7.90
2012-05-10,7.93,7.93,7.45,7.90,400,7.90
2012-05-09,7.92,7.92,7.88,7.90,300,7.90
2012-05-08,7.87,7.95,7.87,7.95,5700,7.95
2012-05-07,7.63,7.63,7.63,7.63,300,7.63
2012-05-04,7.70,8.00,7.58,7.60,5500,7.60
2012-05-03,7.81,8.05,6.7901,7.70,6100,7.70
2012-05-02,8.04,8.25,7.99,8.10,4400,8.10
2012-05-01,7.84,8.2001,7.50,8.01,2900,8.01
2012-04-30,8.00,8.00,7.764,8.00,900,8.00
2012-04-27,7.97,8.00,7.97,7.9968,1000,7.9968
2012-04-26,7.99,7.99,7.99,7.99,000,7.99
2012-04-25,7.86,7.99,7.86,7.99,500,7.99
2012-04-24,7.82,7.9999,7.75,7.75,700,7.75
2012-04-23,7.58,8.19,7.45,7.75,13400,7.75
2012-04-20,7.97,8.02,7.49,7.49,2000,7.49
2012-04-19,7.94,7.94,7.94,7.94,000,7.94
2012-04-18,7.99,7.99,7.30,7.94,1000,7.94
2012-04-17,7.92,8.0515,7.2101,7.98,2900,7.98
2012-04-16,7.68,7.71,7.5173,7.60,1500,7.60
2012-04-13,7.58,7.68,7.57,7.68,800,7.68
2012-04-12,7.504,7.61,7.49,7.61,3700,7.61
2012-04-11,7.34,7.71,7.15,7.57,5000,7.57
2012-04-10,7.90,7.90,7.14,7.36,7300,7.36
2012-04-09,7.85,7.99,7.85,7.85,2400,7.85
2012-04-06,7.828,7.828,7.828,7.828,000,7.828
2012-04-05,7.78,7.828,7.78,7.828,2400,7.828
2012-04-04,7.99,7.99,7.85,7.92,4500,7.92
2012-04-03,8.05,8.05,7.954,8.04,1300,8.04
2012-04-02,7.95,8.10,7.90,8.05,2300,8.05
2012-03-30,8.15,8.15,7.979,8.15,2100,8.15
2012-03-29,8.09,8.40,7.78,8.322,2100,8.322
2012-03-28,8.19,8.19,7.86,8.08,4000,8.08
2012-03-27,8.23,8.30,8.1143,8.19,3400,8.19
2012-03-26,8.68,8.75,8.216,8.312,10600,8.312
2012-03-23,7.70,8.7311,7.53,8.64,27600,8.64
2012-03-22,7.73,7.85,7.63,7.70,11300,7.70
2012-03-21,7.58,7.85,7.58,7.73,14800,7.73
2012-03-20,7.57,7.57,7.40,7.57,3300,7.57
2012-03-19,7.67,7.85,7.49,7.56,6900,7.56
2012-03-16,7.86,8.37,7.51,7.70,4300,7.70
2012-03-15,7.67,8.1916,7.50,7.80,8100,7.80
2012-03-14,7.81,7.84,7.44,7.50,9200,7.50
2012-03-13,8.02,8.07,7.64,7.83,15700,7.83
2012-03-12,7.80,8.13,7.80,8.05,15200,8.05
2012-03-09,7.89,7.93,7.80,7.80,800,7.80
2012-03-08,8.00,8.00,7.86,7.86,7500,7.86
2012-03-07,7.74,8.28,7.74,8.038,5400,8.038
2012-03-06,8.50,8.50,8.33,8.33,5300,8.33
2012-03-05,8.56,8.60,8.40,8.60,6900,8.60
2012-03-02,8.56,8.60,8.47,8.60,13200,8.60
2012-03-01,8.37,8.60,8.37,8.46,7700,8.46
2012-02-29,8.46,8.51,8.16,8.39,14300,8.39
2012-02-28,8.32,8.60,8.32,8.3801,2500,8.3801
2012-02-27,8.46,8.68,8.29,8.3001,4800,8.3001
2012-02-24,8.65,8.65,8.30,8.43,2500,8.43
2012-02-23,8.61,8.65,8.60,8.60,5100,8.60
2012-02-22,8.49,8.72,8.481,8.5001,19400,8.5001
2012-02-21,8.50,8.60,8.44,8.51,7600,8.51
2012-02-20,8.458,8.458,8.458,8.458,000,8.458
2012-02-17,8.39,8.47,8.3608,8.458,5800,8.458
2012-02-16,8.44,8.7749,8.00,8.45,18600,8.45
2012-02-15,8.50,8.60,8.47,8.47,3500,8.47
2012-02-14,8.69,8.75,8.4899,8.51,6700,8.51
2012-02-13,8.89,8.89,8.71,8.72,8700,8.72
2012-02-10,8.77,8.86,8.67,8.81,5600,8.81
2012-02-09,8.80,8.95,8.67,8.862,13600,8.862
2012-02-08,8.68,8.80,8.68,8.80,10500,8.80
2012-02-07,8.87,8.95,8.67,8.67,12000,8.67
2012-02-06,8.75,8.81,8.55,8.80,10400,8.80
2012-02-03,8.84,8.949,8.71,8.72,15200,8.72
2012-02-02,8.89,8.98,8.72,8.88,12400,8.88
2012-02-01,8.93,9.00,8.80,8.85,4900,8.85
2012-01-31,8.95,9.05,8.62,8.93,13100,8.93
2012-01-30,8.79,9.19,8.55,8.80,27700,8.80
2012-01-27,8.62,8.99,8.6199,8.72,3100,8.72
2012-01-26,8.68,9.00,8.5199,8.55,10800,8.55
2012-01-25,8.50,8.8556,8.40,8.50,14400,8.50
2012-01-24,8.87,8.87,8.32,8.40,13800,8.40
2012-01-23,8.75,8.85,8.7499,8.79,8400,8.79
2012-01-20,8.39,9.04,7.99,8.7499,12600,8.7499
2012-01-19,8.91,8.91,8.53,8.62,21800,8.62
2012-01-18,8.97,9.05,8.80,9.05,12000,9.05
2012-01-17,8.99,9.05,8.946,9.00,11500,9.00
2012-01-16,8.90,8.90,8.90,8.90,000,8.90
2012-01-13,8.85,9.00,8.611,8.90,6500,8.90
2012-01-12,8.36,9.00,8.36,9.00,6900,9.00
2012-01-11,8.37,8.44,8.31,8.35,3500,8.35
2012-01-10,8.10,8.29,7.921,8.28,10300,8.28
2012-01-09,8.08,8.14,7.91,8.05,2900,8.05
2012-01-06,7.90,8.05,7.90,7.98,3400,7.98
2012-01-05,7.86,8.05,7.78,7.98,6000,7.98
2012-01-04,7.72,7.92,7.66,7.67,1000,7.67
2012-01-03,7.91,8.33,7.6008,7.6008,7700,7.6008
2012-01-02,7.92,7.92,7.92,7.92,000,7.92
2011-12-30,7.62,7.92,7.62,7.92,2200,7.92
2011-12-29,7.72,7.76,7.63,7.64,1200,7.64
2011-12-28,7.79,7.85,7.7107,7.75,4600,7.75
2011-12-27,7.85,7.86,7.75,7.76,2600,7.76
2011-12-26,7.7501,7.7501,7.7501,7.7501,000,7.7501
2011-12-23,7.86,7.969,7.70,7.7501,7300,7.7501
2011-12-22,7.71,7.96,7.71,7.81,6500,7.81
2011-12-21,7.73,7.86,7.60,7.60,3400,7.60
2011-12-20,7.68,7.9002,7.5983,7.78,24200,7.78
2011-12-19,7.12,7.58,7.11,7.58,13800,7.58
2011-12-16,7.45,7.70,7.407,7.57,27300,7.57
2011-12-15,7.20,7.51,7.20,7.43,12700,7.43
2011-12-14,7.95,7.95,7.11,7.30,60600,7.30
2011-12-13,8.59,8.599,7.75,7.99,30900,7.99
2011-12-12,8.72,8.75,8.20,8.53,23100,8.53
2011-12-09,8.57,8.75,8.5432,8.71,15700,8.71
2011-12-08,8.42,8.59,8.20,8.46,17700,8.46
2011-12-07,8.26,8.41,8.19,8.35,16600,8.35
2011-12-06,8.1402,8.3001,8.1402,8.20,10800,8.20
2011-12-05,7.84,8.492,7.83,8.11,32600,8.11
2011-12-02,7.99,8.00,7.65,7.82,14200,7.82
2011-12-01,7.79,7.95,7.65,7.91,5000,7.91
2011-11-30,7.61,8.00,7.60,7.8301,18100,7.8301
2011-11-29,7.72,8.00,7.581,7.828,3600,7.828
2011-11-28,7.50,7.74,7.48,7.74,7200,7.74
2011-11-25,7.54,7.54,7.4993,7.50,4400,7.50
2011-11-24,7.72,7.72,7.72,7.72,000,7.72
2011-11-23,7.81,7.81,7.501,7.72,4200,7.72
2011-11-22,7.76,7.89,7.61,7.70,3600,7.70
2011-11-21,7.81,7.85,7.698,7.778,1400,7.778
2011-11-18,7.84,8.00,7.6008,7.80,18800,7.80
2011-11-17,7.43,8.38,7.43,7.80,14500,7.80
2011-11-16,7.02,7.43,7.00,7.40,30500,7.40
2011-11-15,6.97,7.07,6.97,7.02,1800,7.02
2011-11-14,7.04,7.10,6.92,6.9508,12800,6.9508
2011-11-11,6.96,7.11,6.90,7.1099,10400,7.1099
2011-11-10,7.05,7.05,6.70,6.95,4100,6.95
2011-11-09,7.12,7.17,6.90,7.05,25700,7.05
2011-11-08,7.08,7.30,7.05,7.30,17300,7.30
2011-11-07,7.04,7.29,7.00,7.0499,10400,7.0499
2011-11-04,7.00,7.15,7.00,7.15,6900,7.15
2011-11-03,7.03,7.20,7.00,7.02,19800,7.02
2011-11-02,7.05,7.18,7.05,7.1499,10400,7.1499
2011-11-01,7.00,7.349,6.95,7.02,8600,7.02
2011-10-31,6.98,7.41,6.86,7.01,65100,7.01
2011-10-28,6.80,7.35,6.80,6.90,131500,6.90
2011-10-27,5.84,5.85,5.618,5.85,12700,5.85
2011-10-26,5.83,5.85,5.72,5.72,6300,5.72
2011-10-25,5.81,5.81,5.69,5.69,1300,5.69
2011-10-24,5.92,5.97,5.50,5.65,9300,5.65
2011-10-21,6.15,6.25,5.95,5.95,3700,5.95
2011-10-20,6.09,6.1443,6.02,6.09,1400,6.09
2011-10-18,5.90,6.10,5.75,6.05,5100,6.05
2011-10-17,5.85,5.96,5.75,5.80,15800,5.80
2011-10-14,5.96,6.20,5.71,5.80,11500,5.80
2011-10-13,5.68,6.20,5.67,5.8601,4900,5.8601
2011-10-12,5.65,5.74,4.99,5.40,3600,5.40
2011-10-11,5.72,5.84,5.71,5.84,1600,5.84
2011-10-10,5.89,5.94,5.86,5.94,3400,5.94
2011-10-07,5.62,5.83,5.62,5.83,7100,5.83
2011-10-06,5.60,5.80,5.60,5.74,4500,5.74
2011-10-05,5.70,5.84,5.50,5.74,9000,5.74
2011-10-04,5.96,5.96,5.80,5.80,3100,5.80
2011-10-03,6.29,6.68,6.29,6.29,900,6.29
2011-09-30,6.14,6.14,6.14,6.14,1000,6.14
2011-09-29,6.12,6.12,6.00,6.01,1100,6.01
2011-09-28,5.82,6.16,5.76,6.00,34600,6.00
2011-09-27,6.17,6.2199,5.52,5.74,14300,5.74
2011-09-26,6.20,6.33,6.17,6.31,1300,6.31
2011-09-23,6.40,6.5834,6.08,6.47,2300,6.47
2011-09-22,6.27,6.50,5.70,5.90,18300,5.90
2011-09-21,6.22,6.50,6.20,6.50,6800,6.50
2011-09-20,6.30,6.355,6.30,6.30,1300,6.30
2011-09-19,6.31,6.38,6.09,6.29,6700,6.29
2011-09-16,6.31,6.45,6.31,6.37,30300,6.37
2011-09-15,6.32,6.36,6.22,6.30,800,6.30
2011-09-14,6.30,6.49,6.12,6.49,6300,6.49
2011-09-13,6.10,6.4785,6.10,6.21,21500,6.21
2011-09-12,5.99,6.17,5.99,6.16,4100,6.16
2011-09-09,6.10,6.25,5.99,5.99,8600,5.99
2011-09-08,6.23,6.33,6.00,6.10,5100,6.10
2011-09-07,6.33,6.50,6.04,6.33,5400,6.33
2011-09-06,6.09,6.20,6.09,6.20,5100,6.20
2011-09-02,6.15,6.17,6.0708,6.1001,9500,6.1001
2011-09-01,6.03,6.31,6.01,6.1201,3500,6.1201
2011-08-31,6.50,6.50,6.268,6.27,4300,6.27
2011-08-30,6.55,6.55,6.36,6.53,4200,6.53
2011-08-29,6.28,6.69,6.28,6.68,1800,6.68
2011-08-26,6.62,6.62,6.30,6.57,8000,6.57
2011-08-25,6.20,6.60,6.20,6.58,9600,6.58
2011-08-24,6.77,6.78,6.35,6.4901,3700,6.4901
2011-08-23,6.67,6.67,6.35,6.5901,4000,6.5901
2011-08-22,6.49,6.51,6.30,6.49,5600,6.49
2011-08-19,6.17,6.49,6.05,6.30,16900,6.30
2011-08-18,6.55,6.72,6.15,6.20,21200,6.20
2011-08-17,6.97,7.00,6.478,6.699,9600,6.699
2011-08-16,7.21,7.42,6.83,7.02,31700,7.02
2011-08-15,6.37,7.14,6.30,7.14,35500,7.14
2011-08-12,6.05,6.23,6.05,6.20,10800,6.20
2011-08-11,5.83,6.05,5.83,6.0499,18400,6.0499
2011-08-10,5.79,5.989,5.50,5.90,2300,5.90
2011-08-09,5.56,5.78,5.50,5.73,14900,5.73
2011-08-08,5.75,5.76,5.50,5.50,14600,5.50
2011-08-05,5.84,5.98,5.75,5.75,4300,5.75
2011-08-04,5.96,6.10,5.80,5.819,6600,5.819
2011-08-03,5.70,5.99,5.51,5.92,11500,5.92
2011-08-02,5.32,5.78,5.3199,5.67,82200,5.67
2011-08-01,5.54,5.54,5.27,5.27,3900,5.27
2011-07-29,5.42,5.67,5.19,5.50,6200,5.50
2011-07-28,5.47,5.70,5.45,5.50,1900,5.50
2011-07-27,5.40,5.70,5.40,5.45,7600,5.45
2011-07-25,5.49,5.50,5.32,5.37,1700,5.37
2011-07-22,5.33,5.40,5.25,5.40,11400,5.40
2011-07-21,5.24,5.3499,5.24,5.28,6500,5.28
2011-07-20,5.27,5.35,5.25,5.2501,7400,5.2501
2011-07-19,5.22,5.25,5.15,5.25,4600,5.25
2011-07-18,5.15,5.15,5.15,5.15,100,5.15
2011-07-15,5.05,5.21,5.04,5.15,5900,5.15
2011-07-14,5.0685,5.0685,5.0685,5.0685,300,5.0685
2011-07-13,5.03,5.07,5.00,5.01,6600,5.01
2011-07-12,5.04,5.10,5.00,5.02,5100,5.02
2011-07-11,5.01,5.10,5.00,5.02,3100,5.02
2011-07-08,5.04,5.0899,4.98,5.08,1600,5.08
2011-07-07,5.00,5.23,5.00,5.02,5600,5.02
2011-07-06,5.07,5.07,4.99,5.00,1900,5.00
2011-07-05,5.02,5.07,5.00,5.07,3800,5.07
2011-07-01,5.30,5.30,4.94,5.03,6600,5.03
2011-06-30,5.21,5.21,4.82,5.03,6600,5.03
2011-06-29,5.24,5.4077,5.20,5.202,6400,5.202
2011-06-28,5.23,5.27,5.1209,5.1209,4900,5.1209
2011-06-27,5.24,5.30,5.12,5.22,5400,5.22
2011-06-24,5.04,5.26,5.04,5.2599,5200,5.2599
2011-06-23,5.04,5.04,5.00,5.02,7600,5.02
2011-06-22,4.81,5.07,4.81,5.00,21600,5.00
2011-06-21,4.78,4.85,4.78,4.794,3700,4.794
2011-06-20,4.75,4.7899,4.70,4.7899,17400,4.7899
2011-06-17,4.67,4.76,4.60,4.76,6000,4.76
2011-06-16,4.59,4.69,4.54,4.69,6000,4.69
2011-06-15,4.64,4.67,4.50,4.58,19400,4.58
2011-06-14,4.44,4.79,4.44,4.54,13400,4.54
2011-06-13,4.35,4.38,4.35,4.38,7800,4.38
2011-06-08,4.37,4.37,4.35,4.37,800,4.37
2011-06-07,4.425,4.44,4.40,4.40,4000,4.40
2011-06-06,4.69,4.69,4.34,4.35,13900,4.35
2011-06-03,4.73,4.85,4.61,4.61,900,4.61
2011-06-02,4.80,4.80,4.61,4.69,6200,4.69
2011-06-01,4.37,4.9091,4.37,4.80,25800,4.80
2011-05-31,4.34,4.34,4.31,4.32,4600,4.32
2011-05-27,4.37,4.382,4.30,4.30,3100,4.30
2011-05-26,4.30,4.38,4.2999,4.326,4500,4.326
2011-05-25,4.245,4.30,4.245,4.2999,9400,4.2999
2011-05-24,4.20,4.26,4.20,4.26,57200,4.26
2011-05-23,4.20,4.20,4.20,4.20,5000,4.20
2011-05-20,4.20,4.20,4.19,4.20,87500,4.20
2011-05-19,4.21,4.21,4.21,4.21,200,4.21
2011-05-18,4.19,4.22,4.18,4.22,22600,4.22
2011-05-17,4.16,4.20,4.16,4.16,10000,4.16
2011-05-16,4.20,4.20,4.15,4.16,2200,4.16
2011-05-13,4.29,4.29,4.09,4.23,1000,4.23
2011-05-12,4.12,4.29,4.12,4.29,300,4.29
2011-05-11,4.14,4.29,4.11,4.29,2800,4.29
2011-05-09,4.22,4.234,4.22,4.22,6700,4.22
2011-05-06,4.22,4.28,4.22,4.28,200,4.28
2011-05-05,4.20,4.20,4.20,4.20,500,4.20
2011-05-04,4.25,4.25,4.19,4.19,9100,4.19
2011-05-03,4.27,4.28,4.27,4.28,200,4.28
2011-05-02,4.21,4.2501,4.21,4.2501,1400,4.2501
2011-04-29,4.07,4.29,4.07,4.26,1600,4.26
2011-04-27,4.18,4.25,4.18,4.18,300,4.18
2011-04-26,4.24,4.28,4.02,4.05,4300,4.05
2011-04-25,4.18,4.292,4.10,4.19,8900,4.19
2011-04-21,4.07,4.10,4.04,4.10,1800,4.10
2011-04-20,4.10,4.12,4.04,4.05,6800,4.05
2011-04-18,3.9801,3.9801,3.9801,3.9801,100,3.9801
2011-04-14,3.98,3.98,3.98,3.98,7100,3.98
2011-04-13,4.01,4.09,3.98,3.99,3800,3.99
2011-04-12,3.99,3.99,3.98,3.98,200,3.98
2011-04-11,3.96,3.96,3.96,3.96,100,3.96
2011-04-08,4.05,4.07,3.99,3.99,6300,3.99
2011-04-07,4.02,4.09,4.00,4.03,2800,4.03
2011-04-06,4.04,4.12,3.97,4.05,4500,4.05
2011-04-05,3.96,4.08,3.96,4.03,1600,4.03
2011-04-04,4.02,4.09,4.00,4.01,6300,4.01
2011-04-01,4.10,4.10,4.10,4.10,2200,4.10
2011-03-31,4.02,4.10,4.02,4.10,1700,4.10
2011-03-30,4.01,4.14,4.00,4.04,7300,4.04
2011-03-29,4.01,4.10,4.00,4.10,17100,4.10
2011-03-28,3.95,4.0701,3.95,4.0299,14200,4.0299
2011-03-25,3.93,3.93,3.92,3.92,1000,3.92
2011-03-24,3.99,4.00,3.84,3.95,11700,3.95
2011-03-23,3.91,4.07,3.90,4.00,2400,4.00
2011-03-22,4.10,4.10,3.90,3.92,6500,3.92
2011-03-21,3.95,4.15,3.95,4.15,9800,4.15
2011-03-18,4.10,4.10,4.04,4.04,2400,4.04
2011-03-17,4.03,4.10,4.03,4.10,900,4.10
2011-03-16,4.04,4.077,4.03,4.03,7300,4.03
2011-03-15,3.99,4.10,3.99,4.10,600,4.10
2011-03-14,4.14,4.14,4.00,4.00,3300,4.00
2011-03-11,4.12,4.12,4.12,4.12,1100,4.12
2011-03-10,4.10,4.19,4.0301,4.19,4700,4.19
2011-03-09,4.15,4.20,4.15,4.20,3200,4.20
2011-03-08,4.18,4.1801,4.18,4.1801,1000,4.1801
2011-03-07,4.20,4.20,4.17,4.17,9900,4.17
2011-03-04,4.24,4.38,4.1999,4.1999,16600,4.1999
2011-03-03,4.15,4.25,4.12,4.2299,16000,4.2299
2011-03-02,4.17,4.25,4.10,4.18,10700,4.18
2011-03-01,4.24,4.30,4.14,4.14,5300,4.14
2011-02-28,4.10,4.15,4.10,4.10,9100,4.10
2011-02-25,4.14,4.14,4.10,4.14,400,4.14
2011-02-24,4.10,4.15,4.05,4.10,1900,4.10
2011-02-23,4.10,4.15,4.10,4.11,400,4.11
2011-02-22,4.13,4.16,4.01,4.15,9800,4.15
2011-02-18,4.15,4.15,4.10,4.13,4700,4.13
2011-02-17,4.34,4.44,4.08,4.13,18800,4.13
2011-02-16,4.17,4.20,4.08,4.11,17000,4.11
2011-02-15,4.04,4.20,4.04,4.20,400,4.20
2011-02-14,4.18,4.25,4.00,4.04,36200,4.04
2011-02-11,4.40,4.40,4.1607,4.24,17300,4.24
2011-02-10,4.40,4.42,4.40,4.40,17300,4.40
2011-02-09,4.43,4.44,4.28,4.43,24100,4.43
2011-02-08,4.15,4.45,4.15,4.33,5800,4.33
2011-02-07,4.17,4.17,4.12,4.14,9400,4.14
2011-02-04,4.02,4.18,4.02,4.18,3000,4.18
2011-02-03,3.83,3.99,3.83,3.99,2300,3.99
2011-02-02,3.85,3.88,3.82,3.83,24000,3.83
2011-02-01,4.10,4.10,3.81,3.97,4800,3.97
2011-01-31,3.99,4.18,3.75,4.12,29300,4.12
2011-01-28,4.15,4.26,4.00,4.2399,9300,4.2399
2011-01-27,4.01,4.13,3.92,4.13,5800,4.13
2011-01-26,4.10,4.29,3.87,4.11,46300,4.11
2011-01-25,4.08,4.30,4.02,4.09,25100,4.09
2011-01-24,4.24,4.24,3.92,3.99,12900,3.99
2011-01-21,4.21,4.30,4.04,4.22,36400,4.22
2011-01-20,4.11,4.25,4.11,4.20,8400,4.20
2011-01-19,4.30,4.48,4.30,4.30,1000,4.30
2011-01-18,4.31,4.38,4.06,4.30,11400,4.30
2011-01-14,4.40,4.40,4.38,4.38,1000,4.38
2011-01-13,4.29,4.46,4.27,4.40,6200,4.40
2011-01-12,4.30,4.414,4.30,4.40,1300,4.40
2011-01-11,4.27,4.33,4.27,4.33,900,4.33
2011-01-10,4.2601,4.2601,4.26,4.26,300,4.26
2011-01-07,4.40,4.40,4.01,4.31,1700,4.31
2011-01-06,4.26,4.39,4.12,4.39,5200,4.39
2011-01-04,4.43,4.48,4.26,4.48,12600,4.48
2011-01-03,4.52,4.52,4.50,4.50,10100,4.50
2010-12-31,4.64,4.64,4.27,4.5199,1600,4.5199
2010-12-30,4.45,4.69,4.23,4.44,53500,4.44
2010-12-29,4.53,4.55,4.45,4.46,2000,4.46
2010-12-28,4.55,4.55,4.45,4.45,2300,4.45
2010-12-27,4.41,4.51,4.41,4.51,1700,4.51
2010-12-23,4.41,4.51,4.41,4.46,2900,4.46
2010-12-22,4.50,4.68,4.41,4.41,2800,4.41
2010-12-20,4.50,4.74,4.50,4.57,1400,4.57
2010-12-17,4.63,4.63,4.4108,4.42,2500,4.42
2010-12-16,4.666,4.72,4.56,4.66,1200,4.66
2010-12-15,4.75,4.80,4.67,4.70,19400,4.70
2010-12-14,4.58,4.77,4.58,4.70,500,4.70
2010-12-10,4.59,4.7999,4.58,4.7999,300,4.7999
2010-12-09,4.56,4.56,4.55,4.55,2300,4.55
2010-12-08,4.74,4.75,4.4001,4.55,15500,4.55
2010-12-07,4.79,4.80,4.61,4.61,1800,4.61
2010-12-06,4.70,4.7899,4.34,4.55,9300,4.55
2010-12-03,4.60,4.80,4.60,4.80,2200,4.80
2010-12-02,4.76,4.80,4.6399,4.6399,9800,4.6399
2010-12-01,4.50,4.62,4.50,4.62,500,4.62
2010-11-30,4.78,4.79,4.77,4.79,1000,4.79
2010-11-29,4.31,4.58,4.30,4.58,5800,4.58
2010-11-26,4.33,4.6393,4.33,4.6393,1500,4.6393
2010-11-24,4.60,4.682,4.60,4.65,5700,4.65
2010-11-23,4.50,4.65,4.35,4.65,5000,4.65
2010-11-22,4.50,4.611,4.30,4.50,900,4.50
2010-11-19,4.50,4.50,4.50,4.50,100,4.50
2010-11-18,4.74,4.74,4.59,4.74,400,4.74
2010-11-16,4.44,5.01,4.44,4.77,2200,4.77
2010-11-15,4.82,4.8201,4.50,4.75,7700,4.75
2010-11-12,4.90,4.90,4.65,4.67,9200,4.67
2010-11-11,4.92,5.036,4.71,5.00,8700,5.00
2010-11-10,4.95,5.20,4.88,5.07,6600,5.07
2010-11-09,5.03,5.03,5.00,5.00,2400,5.00
2010-11-08,4.95,5.06,4.791,5.06,12600,5.06
2010-11-05,4.95,5.01,4.59,4.98,3200,4.98
2010-11-04,4.96,4.96,4.702,4.95,4600,4.95
2010-11-03,4.99,5.01,4.915,5.00,11200,5.00
2010-11-02,5.08,5.08,4.56,4.85,14800,4.85
2010-11-01,5.25,5.44,5.0101,5.25,2400,5.25
2010-10-29,5.14,5.285,5.14,5.26,2700,5.26
2010-10-28,5.10,5.20,5.10,5.14,3000,5.14
2010-10-27,5.05,5.06,4.95,5.05,3500,5.05
2010-10-26,5.04,5.14,4.95,4.95,1100,4.95
2010-10-25,5.00,5.11,4.995,5.11,8400,5.11
2010-10-22,4.91,5.07,4.91,5.07,1300,5.07
2010-10-21,5.208,5.208,4.92,4.92,200,4.92
2010-10-20,5.09,5.10,4.94,5.05,3800,5.05
2010-10-19,5.16,5.25,4.94,5.124,5100,5.124
2010-10-18,5.43,5.472,5.12,5.24,5100,5.24
2010-10-15,5.36,5.38,5.36,5.36,200,5.36
2010-10-14,5.37,5.418,5.36,5.36,6100,5.36
2010-10-13,5.46,5.46,5.34,5.40,5700,5.40
2010-10-12,5.25,5.39,5.25,5.33,19800,5.33
2010-10-11,5.19,5.39,5.19,5.20,7700,5.20
2010-10-08,5.12,5.20,5.10,5.20,7200,5.20
2010-10-07,5.15,5.19,4.91,5.15,14900,5.15
2010-10-06,5.15,5.19,5.01,5.15,16600,5.15
2010-10-05,5.19,5.19,5.18,5.19,800,5.19
2010-10-04,5.16,5.20,4.74,4.90,2500,4.90
2010-10-01,5.01,5.01,5.00,5.00,200,5.00
2010-09-30,4.97,5.20,4.95,5.20,700,5.20
2010-09-29,5.12,5.18,5.04,5.12,1600,5.12
2010-09-28,5.16,5.20,4.79,5.09,6100,5.09
2010-09-27,5.10,5.19,5.10,5.19,1800,5.19
2010-09-24,5.20,5.26,5.116,5.12,2600,5.12
2010-09-23,5.04,5.19,5.04,5.19,3200,5.19
2010-09-22,5.05,5.17,5.00,5.05,5100,5.05
2010-09-21,4.99,4.99,4.94,4.99,2100,4.99
2010-09-20,4.98,4.98,4.90,4.98,3400,4.98
2010-09-17,4.96,4.98,4.94,4.98,1600,4.98
2010-09-16,4.94,4.94,4.75,4.80,2300,4.80
2010-09-15,4.75,4.98,4.60,4.89,18400,4.89
2010-09-14,4.80,4.91,4.75,4.81,2600,4.81
2010-09-13,4.94,4.94,4.75,4.75,5100,4.75
2010-09-10,4.97,4.99,4.75,4.83,1400,4.83
2010-09-09,4.89,4.98,4.89,4.93,1100,4.93
2010-09-08,4.85,4.87,4.78,4.87,3100,4.87
2010-09-07,4.83,4.87,4.82,4.84,800,4.84
2010-09-03,4.66,4.784,4.52,4.70,5200,4.70
2010-09-02,4.52,4.66,4.50,4.66,3800,4.66
2010-09-01,4.60,4.60,4.59,4.60,2000,4.60
2010-08-31,4.58,4.66,4.58,4.65,800,4.65
2010-08-30,4.52,4.55,4.52,4.52,3200,4.52
2010-08-27,4.50,4.655,4.50,4.62,2900,4.62
2010-08-26,4.63,4.63,4.49,4.54,1000,4.54
2010-08-25,4.42,4.61,4.42,4.47,1300,4.47
2010-08-24,4.66,4.71,4.42,4.66,6800,4.66
2010-08-23,4.83,4.83,4.70,4.70,300,4.70
2010-08-20,4.78,4.81,4.77,4.77,700,4.77
2010-08-19,4.86,4.86,4.67,4.75,6000,4.75
2010-08-17,4.70,4.87,4.70,4.83,2500,4.83
2010-08-16,4.70,4.75,4.65,4.65,1000,4.65
2010-08-13,4.74,4.82,4.503,4.82,1900,4.82
2010-08-12,4.51,4.83,4.41,4.75,1600,4.75
2010-08-11,4.35,4.55,4.35,4.55,18400,4.55
2010-08-10,4.70,4.70,4.35,4.35,1100,4.35
2010-08-09,4.85,4.85,4.80,4.80,4900,4.80
2010-08-06,4.88,4.8801,4.8701,4.8701,600,4.8701
2010-08-05,4.90,4.90,4.88,4.88,4500,4.88
2010-08-04,4.89,4.90,4.89,4.89,3000,4.89
2010-08-03,4.89,4.90,4.83,4.86,4700,4.86
2010-08-02,5.00,5.00,4.819,4.88,20400,4.88
2010-07-30,4.79,4.88,4.61,4.61,2500,4.61
2010-07-29,4.82,4.98,4.75,4.90,3400,4.90
2010-07-28,4.70,4.80,4.70,4.70,11700,4.70
2010-07-27,4.69,4.75,4.60,4.69,5500,4.69
2010-07-26,4.63,4.69,4.63,4.69,2300,4.69
2010-07-23,4.66,4.68,4.59,4.63,4400,4.63
2010-07-22,4.51,4.59,4.47,4.59,1200,4.59
2010-07-21,4.60,4.60,4.47,4.47,6200,4.47
2010-07-19,4.66,4.662,4.65,4.66,3200,4.66
2010-07-16,4.54,4.54,4.54,4.54,100,4.54
2010-07-15,4.72,4.76,4.72,4.7599,900,4.7599
2010-07-14,4.66,4.77,4.52,4.77,800,4.77
2010-07-13,4.50,4.71,4.50,4.56,9700,4.56
2010-07-12,4.41,4.50,4.41,4.50,1700,4.50
2010-07-08,4.27,4.29,4.24,4.29,1800,4.29
2010-07-07,4.12,4.25,4.1105,4.25,1400,4.25
2010-07-02,4.31,4.316,4.31,4.31,1100,4.31
2010-07-01,4.32,4.32,4.22,4.22,1200,4.22
2010-06-30,4.41,4.41,4.32,4.40,600,4.40
2010-06-29,4.43,4.45,4.32,4.32,1800,4.32
2010-06-28,4.43,4.50,4.43,4.46,1700,4.46
2010-06-25,4.49,4.50,4.41,4.45,2100,4.45
2010-06-24,4.49,4.70,4.24,4.50,20200,4.50
2010-06-23,4.67,4.71,4.65,4.651,800,4.651
2010-06-22,4.69,4.75,4.49,4.55,3000,4.55
2010-06-21,4.70,4.80,4.65,4.70,5100,4.70
2010-06-18,4.60,4.74,4.60,4.74,200,4.74
2010-06-17,4.70,4.73,4.42,4.63,7900,4.63
2010-06-16,4.83,4.85,4.40,4.75,12600,4.75
2010-06-15,4.79,4.8661,4.74,4.74,1100,4.74
2010-06-14,4.23,4.98,4.23,4.61,5100,4.61
2010-06-10,4.19,4.19,4.10,4.10,200,4.10
2010-06-09,4.14,4.16,4.10,4.10,1900,4.10
2010-06-08,3.92,4.20,3.90,4.11,23500,4.11
2010-06-07,3.92,3.95,3.92,3.92,3000,3.92
2010-06-04,3.93,3.95,3.92,3.92,6600,3.92
2010-06-03,4.00,4.00,3.75,3.93,3500,3.93
2010-06-02,4.15,4.15,4.00,4.09,3200,4.09
2010-06-01,4.00,4.10,4.00,4.10,900,4.10
2010-05-28,4.00,4.10,3.90,4.10,2700,4.10
2010-05-27,3.92,4.05,3.78,4.05,11700,4.05
2010-05-26,3.90,3.98,3.85,3.97,3200,3.97
2010-05-25,3.92,4.02,3.80,4.02,6000,4.02
2010-05-24,3.97,4.07,3.97,4.07,3300,4.07
2010-05-21,4.04,4.04,4.00,4.00,400,4.00
2010-05-20,4.00,4.12,4.00,4.05,5100,4.05
2010-05-19,4.01,4.14,4.01,4.14,1200,4.14
2010-05-18,4.11,4.15,4.10,4.15,2800,4.15
2010-05-17,4.03,4.12,4.01,4.12,2600,4.12
2010-05-14,4.11,4.18,4.07,4.14,13700,4.14
2010-05-13,4.27,4.27,4.11,4.11,500,4.11
2010-05-12,4.27,4.27,4.06,4.13,900,4.13
2010-05-10,4.12,4.12,4.12,4.12,100,4.12
2010-05-07,4.12,4.382,4.12,4.382,300,4.382
2010-05-06,4.23,4.23,4.20,4.20,2800,4.20
2010-05-03,4.43,4.43,4.339,4.40,5400,4.40
2010-04-30,4.49,4.508,4.40,4.40,1600,4.40
2010-04-29,4.57,4.57,4.47,4.55,700,4.55
2010-04-28,4.43,4.54,4.4101,4.54,2100,4.54
2010-04-26,4.40,4.6784,4.40,4.43,9600,4.43
2010-04-23,4.17,4.44,4.1601,4.39,6200,4.39
2010-04-22,4.18,4.18,4.101,4.15,4300,4.15
2010-04-21,4.17,4.20,4.17,4.20,1100,4.20
2010-04-20,4.17,4.193,4.16,4.193,1500,4.193
2010-04-19,4.17,4.35,4.15,4.15,900,4.15
2010-04-16,4.39,4.4499,4.35,4.35,500,4.35
2010-04-15,4.24,4.25,4.17,4.25,9100,4.25
2010-04-14,4.11,4.176,4.03,4.104,10500,4.104
2010-04-13,4.17,4.17,4.12,4.12,300,4.12
2010-04-12,4.24,4.25,4.10,4.12,9900,4.12
2010-04-09,4.38,4.40,4.08,4.29,6400,4.29
2010-04-08,4.20,4.2899,4.20,4.2899,2300,4.2899
2010-04-07,4.25,4.315,4.15,4.25,6500,4.25
2010-04-06,4.10,4.14,4.09,4.14,7700,4.14
2010-04-05,4.09,4.11,4.07,4.09,7800,4.09
2010-04-01,4.07,4.09,4.07,4.09,4000,4.09
2010-03-31,3.92,4.02,3.92,4.02,500,4.02
2010-03-30,4.00,4.0011,4.00,4.00,300,4.00
2010-03-29,4.00,4.09,4.00,4.00,6600,4.00
2010-03-25,3.96,4.00,3.95,4.00,1900,4.00
2010-03-24,3.94,4.04,3.94,4.00,4200,4.00
2010-03-23,3.94,4.00,3.91,3.99,3000,3.99
2010-03-22,4.00,4.00,3.94,4.00,6000,4.00
2010-03-19,4.00,4.0999,3.92,4.00,14300,4.00
2010-03-18,3.99,3.99,3.95,3.95,1700,3.95
2010-03-17,4.05,4.06,3.97,3.97,20100,3.97
2010-03-16,4.00,4.10,4.00,4.05,7800,4.05
2010-03-15,4.00,4.0225,3.94,4.00,18700,4.00
2010-03-12,3.96,4.00,3.95,4.00,1200,4.00
2010-03-11,3.87,4.001,3.87,3.95,1800,3.95
2010-03-10,3.76,3.86,3.75,3.851,44900,3.851
2010-03-09,3.86,3.861,3.75,3.819,37300,3.819
2010-03-08,3.92,3.95,3.75,3.77,4300,3.77
2010-03-05,3.99,4.00,3.88,3.88,49800,3.88
2010-03-04,4.02,4.02,3.90,3.97,300,3.97
2010-03-03,4.02,4.02,3.83,3.95,5000,3.95
2010-03-02,3.93,4.00,3.93,3.96,1300,3.96
2010-03-01,4.13,4.191,3.91,3.91,7900,3.91
2010-02-26,3.99,4.05,3.90,4.00,7000,4.00
2010-02-25,3.92,4.035,3.90,4.035,1200,4.035
2010-02-24,3.98,4.00,3.9303,4.00,8500,4.00
2010-02-23,3.89,4.04,3.89,4.00,10900,4.00
2010-02-22,3.99,4.11,3.83,3.8865,3900,3.8865
2010-02-19,3.94,3.95,3.85,3.90,2800,3.90
2010-02-18,3.99,4.084,3.85,3.86,37500,3.86
2010-02-17,3.95,3.97,3.95,3.95,2800,3.95
2010-02-16,3.99,4.00,3.9499,3.9499,11200,3.9499
2010-02-12,3.99,4.00,3.95,3.95,5400,3.95
2010-02-11,4.00,4.00,4.00,4.00,100,4.00
2010-02-10,3.87,4.00,3.87,4.00,1800,4.00
2010-02-09,3.86,4.162,3.85,4.162,2200,4.162
2010-02-08,3.99,4.00,3.901,3.99,11800,3.99
2010-02-05,3.96,4.00,3.95,3.9501,3700,3.9501
2010-02-04,3.95,4.06,3.95,4.00,4900,4.00
2010-02-03,4.09,4.10,3.91,4.03,13800,4.03
2010-02-02,4.16,4.49,3.72,3.99,81900,3.99
2010-02-01,3.52,3.52,3.32,3.51,500,3.51
2010-01-29,3.56,3.66,3.49,3.56,5100,3.56
2010-01-28,3.53,3.70,3.42,3.46,7100,3.46
2010-01-27,2.73,3.70,2.49,3.70,51700,3.70
2010-01-26,3.17,3.20,3.07,3.086,1300,3.086
2010-01-25,3.22,3.29,3.06,3.11,9700,3.11
2010-01-22,3.25,3.26,3.25,3.2501,2200,3.2501
2010-01-19,3.34,3.351,3.24,3.24,15000,3.24
2010-01-15,3.34,3.38,3.30,3.38,2500,3.38
2010-01-14,3.33,3.37,3.33,3.37,2100,3.37
2010-01-13,3.45,3.45,3.335,3.36,7800,3.36
2010-01-12,3.35,3.4899,3.35,3.4899,3400,3.4899
2010-01-11,3.35,3.37,3.34,3.37,4300,3.37
2010-01-08,3.35,3.3504,3.32,3.35,1900,3.35
2010-01-07,3.34,3.35,3.31,3.31,300,3.31
2010-01-06,3.32,3.43,3.30,3.30,300,3.30
2010-01-05,3.26,3.29,3.26,3.28,2200,3.28
2010-01-04,3.30,3.30,3.25,3.25,600,3.25
2009-12-31,3.26,3.31,3.25,3.30,18800,3.30
2009-12-30,3.30,3.30,3.25,3.30,000,3.30
2009-12-29,3.30,3.3125,3.30,3.30,3900,3.30
2009-12-28,3.32,3.47,3.25,3.35,19600,3.35
2009-12-24,3.31,3.41,3.31,3.31,1600,3.31
2009-12-23,3.34,3.35,3.31,3.35,1700,3.35
2009-12-22,3.26,3.41,3.26,3.26,10700,3.26
2009-12-21,3.31,3.5873,3.29,3.33,25400,3.33
2009-12-18,3.17,3.17,3.16,3.16,600,3.16
2009-12-17,3.32,3.32,3.15,3.23,1400,3.23
2009-12-16,3.20,3.26,3.15,3.15,3900,3.15
2009-12-15,3.30,3.3001,3.30,3.30,1900,3.30
2009-12-14,3.37,3.42,3.15,3.39,2100,3.39
2009-12-11,3.17,3.28,3.17,3.20,22500,3.20
2009-12-10,3.20,3.20,3.14,3.14,5700,3.14
2009-12-09,3.16,3.25,3.14,3.20,3900,3.20
2009-12-08,3.14,3.15,3.13,3.14,7200,3.14
2009-12-04,3.29,3.30,3.20,3.20,22300,3.20
2009-12-03,3.18,3.1813,3.18,3.18,1300,3.18
2009-12-02,3.19,3.20,3.14,3.18,10100,3.18
2009-12-01,3.18,3.20,3.09,3.19,3800,3.19
2009-11-30,3.19,3.20,2.81,3.01,18300,3.01
2009-11-25,3.20,3.24,3.20,3.21,3100,3.21
2009-11-24,3.18,3.27,3.17,3.17,1600,3.17
2009-11-23,3.18,3.30,3.17,3.19,7600,3.19
2009-11-20,3.25,3.31,3.16,3.25,2600,3.25
2009-11-19,3.36,3.36,3.25,3.33,1800,3.33
2009-11-17,3.43,3.431,3.25,3.43,6700,3.43
2009-11-16,3.39,3.43,3.39,3.43,600,3.43
2009-11-13,3.30,3.30,3.30,3.30,300,3.30
2009-11-12,3.39,3.42,3.263,3.263,1000,3.263
2009-11-11,3.25,3.42,3.22,3.35,2000,3.35
2009-11-10,3.37,3.42,3.2925,3.42,1600,3.42
2009-11-09,3.32,3.38,3.25,3.36,2000,3.36
2009-11-06,3.35,3.44,3.25,3.39,6200,3.39
2009-11-05,3.48,3.50,3.21,3.25,20700,3.25
2009-11-04,3.60,3.60,3.4886,3.50,2700,3.50
2009-11-03,3.65,3.65,3.33,3.33,5700,3.33
2009-11-02,3.65,3.65,3.43,3.65,2700,3.65
2009-10-30,3.37,3.649,3.25,3.649,2400,3.649
2009-10-29,3.30,3.38,3.30,3.38,500,3.38
2009-10-28,3.38,3.39,3.20,3.20,300,3.20
2009-10-27,3.29,3.29,3.22,3.22,1700,3.22
2009-10-26,3.38,3.40,3.21,3.39,700,3.39
2009-10-23,3.46,3.46,3.20,3.39,3100,3.39
2009-10-22,3.39,3.40,3.2999,3.2999,1400,3.2999
2009-10-21,3.36,3.36,3.3075,3.3075,200,3.3075
2009-10-20,3.50,3.60,3.48,3.60,6700,3.60
2009-10-19,3.39,3.48,3.39,3.48,600,3.48
2009-10-15,3.40,3.40,3.40,3.40,1100,3.40
2009-10-14,3.47,3.51,3.35,3.40,9900,3.40
2009-10-13,3.46,3.46,3.304,3.304,800,3.304
2009-10-12,3.37,3.40,3.30,3.39,2700,3.39
2009-10-09,3.47,3.49,3.47,3.49,500,3.49
2009-10-08,3.36,3.51,3.36,3.51,15500,3.51
2009-10-07,3.21,3.40,3.21,3.29,9300,3.29
2009-10-06,3.20,3.40,3.20,3.40,6600,3.40
2009-10-05,3.22,3.43,3.21,3.43,600,3.43
2009-10-02,3.40,3.40,3.21,3.40,400,3.40
2009-10-01,3.24,3.4001,3.21,3.40,800,3.40
2009-09-30,3.44,3.45,3.40,3.45,2400,3.45
2009-09-29,3.40,3.49,3.15,3.49,1400,3.49
2009-09-28,3.48,3.48,3.39,3.39,10200,3.39
2009-09-25,3.26,3.40,3.15,3.39,4000,3.39
2009-09-24,3.51,3.51,3.23,3.48,5300,3.48
2009-09-23,3.38,3.59,3.31,3.59,1500,3.59
2009-09-22,3.50,3.65,3.21,3.3801,8700,3.3801
2009-09-21,3.80,4.00,3.38,3.46,5900,3.46
2009-09-18,3.38,3.80,3.22,3.70,9500,3.70
2009-09-17,3.37,3.38,3.0884,3.37,6900,3.37
2009-09-16,3.05,3.051,3.01,3.05,7500,3.05
2009-09-15,3.05,3.05,2.87,3.01,3200,3.01
2009-09-14,2.83,3.05,2.815,3.05,3300,3.05
2009-09-11,3.06,3.08,2.81,3.08,7100,3.08
2009-09-10,3.04,3.11,2.76,3.02,5100,3.02
2009-09-09,2.92,3.05,2.84,3.04,10600,3.04
2009-09-08,2.76,2.94,2.76,2.85,3300,2.85
2009-09-04,2.99,3.00,2.85,2.85,4100,2.85
2009-09-03,2.95,3.00,2.95,3.00,7000,3.00
2009-09-02,2.90,3.04,2.87,2.90,12600,2.90
2009-09-01,2.94,3.02,2.87,2.87,9900,2.87
2009-08-31,2.98,3.155,2.98,3.155,1200,3.155
2009-08-28,3.10,3.10,3.10,3.10,4900,3.10
2009-08-27,2.9101,3.35,2.9101,3.35,25600,3.35
2009-08-26,3.39,3.39,3.07,3.07,600,3.07
2009-08-25,3.18,3.18,3.00,3.09,10600,3.09
2009-08-24,2.91,3.074,2.86,3.05,5600,3.05
2009-08-21,3.46,3.46,2.95,3.08,30800,3.08
2009-08-20,2.89,3.15,2.82,2.95,21200,2.95
2009-08-19,2.75,2.80,2.54,2.70,6200,2.70
2009-08-18,2.78,2.91,2.67,2.67,17700,2.67
2009-08-17,2.76,2.76,2.52,2.75,10000,2.75
2009-08-14,2.75,2.788,2.60,2.75,16400,2.75
2009-08-13,2.75,2.88,2.75,2.88,14800,2.88
2009-08-12,2.95,3.09,2.7501,2.90,6500,2.90
2009-08-11,3.21,3.21,2.91,2.95,10500,2.95
2009-08-10,3.48,3.48,3.17,3.20,1200,3.20
2009-08-07,3.26,3.462,3.26,3.29,9800,3.29
2009-08-06,3.26,3.26,3.26,3.26,900,3.26
2009-08-05,3.26,3.26,3.26,3.26,1000,3.26
2009-08-04,3.3101,3.3101,3.3101,3.3101,000,3.3101
2009-08-03,3.44,3.75,3.3101,3.3101,1200,3.3101
2009-07-31,3.33,3.39,3.33,3.39,400,3.39
2009-07-30,3.2501,3.2501,3.25,3.25,1200,3.25
2009-07-29,3.15,3.20,3.15,3.20,3300,3.20
2009-07-28,3.10,3.12,3.10,3.12,1300,3.12
2009-07-27,3.09,3.09,3.09,3.09,000,3.09
2009-07-24,3.13,3.14,3.0101,3.09,800,3.09
2009-07-23,3.20,3.20,3.20,3.20,200,3.20
2009-07-22,3.03,3.20,2.92,2.95,7800,2.95
2009-07-21,3.05,3.05,3.05,3.05,1300,3.05
2009-07-20,2.86,3.18,2.86,3.18,800,3.18
2009-07-17,3.06,3.06,3.06,3.06,1900,3.06
2009-07-16,3.21,3.21,3.21,3.21,100,3.21
2009-07-15,3.06,3.13,3.06,3.06,4400,3.06
2009-07-14,3.06,3.06,3.06,3.06,200,3.06
2009-07-13,3.005,3.07,3.005,3.06,500,3.06
2009-07-10,2.90,2.90,2.90,2.90,100,2.90
2009-07-09,3.13,3.20,2.92,3.20,1700,3.20
2009-07-08,2.96,3.48,2.90,3.48,000,3.48
2009-07-06,2.96,2.96,2.96,2.96,1400,2.96
2009-07-02,2.98,3.278,2.96,3.22,1200,3.22
2009-07-01,3.34,3.34,2.94,2.94,5700,2.94
2009-06-30,3.1101,3.1101,2.96,2.99,6000,2.99
2009-06-29,3.30,3.68,2.98,3.68,13800,3.68
2009-06-25,2.98,3.65,2.98,3.65,2800,3.65
2009-06-24,3.94,3.94,3.15,3.16,5200,3.16
2009-06-23,2.99,3.44,2.95,3.44,2600,3.44
2009-06-22,3.00,3.30,2.71,2.82,4100,2.82
2009-06-19,2.98,3.61,2.98,3.58,3300,3.58
2009-06-16,3.21,3.56,3.21,3.56,3400,3.56
2009-06-11,3.60,3.86,3.2001,3.86,1700,3.86
2009-06-10,3.63,3.75,3.60,3.75,4500,3.75
2009-06-09,3.2501,3.63,3.25,3.63,2200,3.63
2009-06-08,3.95,3.95,3.01,3.35,1800,3.35
2009-06-05,3.01,3.60,3.01,3.50,9700,3.50
2009-06-04,2.9201,3.04,2.90,3.04,9300,3.04
2009-06-03,2.76,2.99,2.74,2.99,5900,2.99
2009-06-02,2.80,2.84,2.75,2.7601,2100,2.7601
2009-06-01,2.95,2.95,2.85,2.85,3600,2.85
2009-05-28,2.95,2.99,2.80,2.99,3000,2.99
2009-05-27,2.68,2.99,2.68,2.79,2600,2.79
2009-05-26,2.70,2.72,2.6999,2.70,3000,2.70
2009-05-22,2.90,2.90,2.89,2.90,3100,2.90
2009-05-21,2.9269,2.9269,2.85,2.85,900,2.85
2009-05-20,2.51,3.35,2.51,2.85,29000,2.85
2009-05-19,2.5999,2.80,2.55,2.60,7500,2.60
2009-05-18,2.62,2.63,2.5288,2.60,4200,2.60
2009-05-13,2.99,2.99,2.80,2.80,1600,2.80
2009-05-12,2.99,2.99,2.58,2.88,6000,2.88
2009-05-11,2.60,2.98,2.60,2.98,4800,2.98
2009-05-08,2.2501,2.60,2.2501,2.5001,11300,2.5001
2009-05-06,2.12,2.33,1.91,2.30,20800,2.30
2009-05-05,2.20,2.20,2.20,2.20,100,2.20
2009-05-04,2.48,2.48,2.16,2.20,12400,2.20
2009-05-01,2.35,2.35,2.30,2.34,6200,2.34
2009-04-30,2.35,2.35,2.35,2.35,5000,2.35
2009-04-29,2.25,2.25,2.25,2.25,9000,2.25
2009-04-28,2.27,2.27,2.27,2.27,400,2.27
2009-04-27,2.3501,2.3501,2.27,2.30,8400,2.30
2009-04-24,2.40,2.4496,2.35,2.4496,5000,2.4496
2009-04-23,2.35,2.35,2.35,2.35,300,2.35
2009-04-22,2.25,2.4745,2.25,2.4745,2400,2.4745
2009-04-21,2.29,2.36,2.05,2.36,9500,2.36
2009-04-20,2.28,2.40,2.00,2.00,13100,2.00
2009-04-17,2.50,2.50,2.35,2.48,4800,2.48
2009-04-16,2.45,2.50,2.45,2.50,1000,2.50
2009-04-15,2.49,2.50,2.26,2.26,1100,2.26
2009-04-13,2.36,2.58,2.36,2.58,900,2.58
2009-04-09,2.58,2.58,2.35,2.4845,3000,2.4845
2009-04-08,2.45,2.45,2.45,2.45,500,2.45
2009-04-07,2.19,2.4501,2.19,2.45,900,2.45
2009-04-06,2.49,2.4999,2.15,2.30,2300,2.30
2009-04-03,2.39,2.50,2.35,2.50,2600,2.50
2009-04-02,2.5899,2.59,2.39,2.39,4600,2.39
2009-04-01,2.34,2.54,2.34,2.37,3000,2.37
2009-03-31,2.3599,2.36,2.35,2.35,1200,2.35
2009-03-30,2.19,2.19,2.19,2.19,100,2.19
2009-03-27,2.21,2.21,2.21,2.21,100,2.21
2009-03-26,2.19,2.38,2.19,2.38,300,2.38
2009-03-25,2.25,2.30,2.21,2.21,600,2.21
2009-03-24,2.30,2.40,2.25,2.25,9200,2.25
2009-03-23,2.15,2.21,2.15,2.2011,4200,2.2011
2009-03-20,2.19,2.50,2.13,2.50,4700,2.50
2009-03-19,2.50,2.50,2.16,2.21,3800,2.21
2009-03-18,2.10,2.50,2.10,2.50,400,2.50
2009-03-17,2.05,2.33,2.05,2.33,400,2.33
2009-03-16,2.07,2.29,2.05,2.29,1200,2.29
2009-03-13,2.0701,2.25,2.00,2.25,1200,2.25
2009-03-12,2.11,2.33,1.98,2.24,3700,2.24
2009-03-11,2.11,2.26,2.11,2.26,600,2.26
2009-03-10,2.01,2.27,2.01,2.27,200,2.27
2009-03-09,1.93,2.14,1.93,2.14,400,2.14
2009-03-06,2.2399,2.2399,1.88,2.20,2400,2.20
2009-03-05,2.27,2.40,2.15,2.20,4500,2.20
2009-03-04,2.75,2.80,2.60,2.611,1000,2.611
2009-03-03,2.60,2.60,2.60,2.60,1700,2.60
2009-03-02,2.58,2.63,2.58,2.61,4000,2.61
2009-02-27,2.50,2.60,2.47,2.483,2200,2.483
2009-02-25,2.50,2.65,2.50,2.65,1100,2.65
2009-02-24,2.50,2.70,2.21,2.68,2300,2.68
2009-02-20,2.28,2.73,2.20,2.73,1300,2.73
2009-02-19,2.63,2.6325,2.54,2.54,3300,2.54
2009-02-18,2.91,2.91,2.55,2.59,2200,2.59
2009-02-17,2.8501,3.00,2.8501,3.00,900,3.00
2009-02-11,2.85,3.34,2.85,3.34,000,3.34
2009-02-10,2.96,2.98,2.95,2.9501,5600,2.9501
2009-02-09,2.89,2.89,2.87,2.87,300,2.87
2009-02-05,3.33,3.39,3.33,3.39,500,3.39
2009-02-04,2.92,3.30,2.85,3.30,1800,3.30
2009-02-02,3.0001,3.34,3.00,3.34,800,3.34
2009-01-29,3.06,3.34,3.01,3.34,1500,3.34
2009-01-28,3.3999,3.3999,3.3999,3.3999,100,3.3999
2009-01-23,3.43,3.65,3.19,3.65,18200,3.65
2009-01-22,3.24,3.24,3.13,3.14,4900,3.14
2009-01-21,3.035,3.25,2.94,3.25,3300,3.25
2009-01-20,2.62,3.08,2.60,3.08,1800,3.08
2009-01-16,3.20,3.25,2.61,3.22,2000,3.22
2009-01-15,2.642,3.05,2.642,3.05,700,3.05
2009-01-12,3.05,3.05,3.05,3.05,100,3.05
2009-01-09,2.9901,3.03,2.54,3.03,4200,3.03
2009-01-08,2.23,3.00,2.23,2.99,31500,2.99
2009-01-07,3.12,3.12,2.20,2.67,21800,2.67
2009-01-06,3.10,3.10,3.10,3.10,300,3.10
2009-01-05,3.15,3.20,3.15,3.20,1700,3.20
2008-12-31,3.11,3.36,3.11,3.36,9200,3.36
2008-12-30,3.23,3.42,3.23,3.42,1300,3.42
2008-12-29,3.47,3.594,3.434,3.434,2600,3.434
2008-12-24,3.50,3.71,3.50,3.71,1400,3.71
2008-12-23,3.75,3.75,2.79,3.352,3900,3.352
2008-12-22,3.28,3.28,3.28,3.28,100,3.28
2008-12-19,3.29,3.29,3.29,3.29,300,3.29
2008-12-18,3.09,3.47,3.06,3.15,4000,3.15
2008-12-17,3.10,3.1001,3.10,3.1001,300,3.1001
2008-12-16,3.20,3.21,2.97,3.21,4900,3.21
2008-12-15,3.02,3.02,3.02,3.02,1100,3.02
2008-12-12,2.96,2.975,2.96,2.975,4100,2.975
2008-12-11,2.75,2.87,2.75,2.87,900,2.87
2008-12-10,2.83,2.83,2.83,2.83,100,2.83
2008-12-09,2.76,2.86,2.75,2.75,2300,2.75
2008-12-08,2.81,2.81,2.75,2.76,3300,2.76
2008-12-05,2.30,3.00,2.30,2.89,2900,2.89
2008-12-04,2.96,3.12,2.96,3.12,2700,3.12
2008-12-03,3.0499,3.1736,3.0076,3.15,2400,3.15
2008-12-02,3.0001,3.05,2.40,3.05,000,3.05
2008-12-01,3.0975,3.0975,3.00,3.06,1800,3.06
2008-11-28,3.18,3.18,3.18,3.18,100,3.18
2008-11-26,2.66,3.00,2.66,3.00,3300,3.00
2008-11-25,2.60,2.60,2.60,2.60,200,2.60
2008-11-24,3.25,3.25,1.7401,2.4025,1500,2.4025
2008-11-21,2.17,3.10,1.5701,2.99,39300,2.99
2008-11-20,2.53,2.53,2.40,2.40,3200,2.40
2008-11-19,2.92,2.92,2.78,2.79,500,2.79
2008-11-18,2.51,2.98,2.30,2.66,000,2.66
2008-11-17,2.60,3.00,2.58,3.00,800,3.00
2008-11-14,2.80,3.00,2.75,2.99,458400,2.99
2008-11-13,2.87,2.87,2.80,2.80,1500,2.80
2008-11-12,2.90,3.08,2.45,2.93,27400,2.93
2008-11-11,2.92,3.17,2.92,3.17,3300,3.17
2008-11-10,2.85,3.00,2.84,3.00,500,3.00
2008-11-07,3.40,3.40,2.708,3.32,5400,3.32
2008-11-06,3.00,3.50,2.79,3.00,4600,3.00
2008-11-05,2.50,2.99,2.30,2.99,34600,2.99
2008-11-04,3.07,3.07,2.09,2.55,29200,2.55
2008-11-03,3.20,3.33,3.05,3.05,7200,3.05
2008-10-31,3.39,3.45,3.20,3.20,8200,3.20
2008-10-30,3.59,3.59,3.30,3.30,4600,3.30
2008-10-29,3.60,3.69,3.31,3.64,4600,3.64
2008-10-28,4.01,4.15,3.47,3.524,5900,3.524
2008-10-27,4.65,5.05,4.23,4.23,4800,4.23
2008-10-24,4.80,5.10,4.50,4.65,9000,4.65
2008-10-23,5.0999,5.10,4.82,5.10,5000,5.10
2008-10-22,5.56,5.56,5.01,5.01,1100,5.01
2008-10-21,6.12,6.24,5.80,5.83,5600,5.83
2008-10-20,6.25,6.25,6.06,6.16,2500,6.16
2008-10-17,6.70,6.70,6.30,6.30,4900,6.30
2008-10-16,6.86,6.88,6.65,6.65,1900,6.65
2008-10-15,7.01,7.01,6.85,6.89,1500,6.89
2008-10-14,5.70,7.52,5.70,7.00,31800,7.00
2008-10-13,4.40,5.49,3.98,5.49,16800,5.49
2008-10-10,4.03,4.50,3.70,4.25,22600,4.25
2008-10-09,5.716,5.716,4.02,4.24,11700,4.24
2008-10-08,5.51,5.51,5.33,5.45,2900,5.45
2008-10-07,6.21,6.29,5.51,5.52,10800,5.52
2008-10-06,6.26,6.29,6.07,6.26,9000,6.26
2008-10-03,5.05,6.25,5.05,6.02,23600,6.02
2008-10-02,5.00,5.02,4.688,4.70,10300,4.70
2008-10-01,4.96,5.30,4.57,4.98,8100,4.98
2008-09-30,5.69,5.69,4.72,4.72,8200,4.72
2008-09-29,6.25,6.25,5.5201,5.95,2500,5.95
2008-09-26,6.28,6.29,5.83,5.94,6700,5.94
2008-09-25,6.04,6.40,5.84,6.24,11400,6.24
2008-09-24,5.70,6.2499,5.70,6.2499,900,6.2499
2008-09-23,6.25,6.25,5.54,6.19,7800,6.19
2008-09-22,6.28,6.30,6.14,6.14,1400,6.14
2008-09-19,6.1875,6.30,6.12,6.30,600,6.30
2008-09-18,6.32,6.50,5.72,6.07,8900,6.07
2008-09-17,6.44,6.44,6.14,6.21,18600,6.21
2008-09-16,6.83,6.83,6.10,6.502,14300,6.502
2008-09-15,7.0285,7.0285,6.79,6.99,1700,6.99
2008-09-12,7.08,7.20,6.95,7.20,2500,7.20
2008-09-11,7.24,7.24,7.24,7.24,000,7.24
2008-09-10,7.20,7.24,7.13,7.24,1300,7.24
2008-09-09,7.59,7.59,7.17,7.17,5600,7.17
2008-09-08,7.62,7.78,7.45,7.50,3200,7.50
2008-09-05,7.63,7.65,7.63,7.65,500,7.65
2008-09-04,7.62,7.65,7.61,7.65,400,7.65
2008-09-03,7.3068,7.57,7.28,7.55,4000,7.55
2008-09-02,7.37,7.37,7.36,7.36,200,7.36
2008-08-29,7.10,7.40,7.10,7.40,5900,7.40
2008-08-28,7.10,7.30,7.10,7.30,800,7.30
2008-08-27,7.06,7.06,7.05,7.05,400,7.05
2008-08-26,7.43,7.44,7.05,7.296,3900,7.296
2008-08-25,7.18,7.36,7.01,7.26,2900,7.26
2008-08-22,7.43,7.43,7.18,7.25,5300,7.25
2008-08-21,7.37,7.49,7.18,7.27,15500,7.27
2008-08-20,7.49,7.49,7.41,7.49,3100,7.49
2008-08-19,7.38,7.38,7.33,7.33,200,7.33
2008-08-18,7.40,7.40,7.38,7.40,1900,7.40
2008-08-15,7.25,7.57,7.25,7.57,7200,7.57
2008-08-14,7.52,7.52,7.21,7.30,10000,7.30
2008-08-13,7.26,7.52,7.26,7.50,4300,7.50
2008-08-12,7.40,7.40,7.35,7.37,1600,7.37
2008-08-11,7.75,7.788,7.52,7.52,6000,7.52
2008-08-08,7.90,7.90,7.85,7.90,2400,7.90
2008-08-07,7.70,7.90,7.70,7.76,2400,7.76
2008-08-06,7.78,7.80,7.58,7.69,4900,7.69
2008-08-05,7.60,7.98,7.58,7.8684,11000,7.8684
2008-08-04,7.53,7.67,7.43,7.63,1100,7.63
2008-08-01,7.40,7.77,7.40,7.62,2400,7.62
2008-07-31,7.40,7.51,7.37,7.50,4700,7.50
2008-07-30,7.51,7.53,7.36,7.43,2200,7.43
2008-07-29,7.66,7.75,6.96,7.65,23100,7.65
2008-07-28,7.70,7.81,7.70,7.70,900,7.70
2008-07-25,7.56,7.93,7.56,7.83,1300,7.83
2008-07-24,7.81,7.81,7.81,7.81,000,7.81
2008-07-23,7.70,7.81,7.70,7.81,6000,7.81
2008-07-22,8.10,8.10,7.79,7.82,4400,7.82
2008-07-21,7.75,8.10,7.72,8.00,1300,8.00
2008-07-18,8.03,8.03,7.90,7.90,500,7.90
2008-07-17,8.12,8.20,7.70,8.17,5400,8.17
2008-07-16,8.03,8.15,8.03,8.14,5200,8.14
2008-07-15,7.96,8.03,7.70,8.01,8300,8.01
2008-07-14,7.84,8.08,7.84,8.03,6100,8.03
2008-07-11,8.08,8.08,7.44,8.05,4600,8.05
2008-07-10,7.75,8.08,7.65,8.08,12900,8.08
2008-07-09,7.92,8.01,7.89,8.01,800,8.01
2008-07-08,7.84,8.13,7.84,8.01,2500,8.01
2008-07-07,8.19,8.19,7.90,7.90,2200,7.90
2008-07-03,8.09,8.27,8.05,8.05,5800,8.05
2008-07-02,8.30,8.405,8.20,8.305,1300,8.305
2008-07-01,8.25,8.37,8.00,8.34,4900,8.34
2008-06-30,8.40,8.49,8.36,8.48,14800,8.48
2008-06-27,8.20,8.35,8.05,8.26,8600,8.26
2008-06-26,8.23,8.45,8.23,8.45,8900,8.45
2008-06-25,8.30,8.45,8.30,8.44,6000,8.44
2008-06-24,8.47,8.49,8.40,8.42,5100,8.42
2008-06-23,8.45,8.57,8.45,8.57,11300,8.57
2008-06-20,8.53,8.53,8.38,8.45,5300,8.45
2008-06-19,8.35,8.53,8.35,8.50,8700,8.50
2008-06-18,7.91,8.40,7.91,8.40,4800,8.40
2008-06-17,7.69,8.14,7.65,7.96,2500,7.96
2008-06-16,7.75,7.80,7.75,7.80,3000,7.80
2008-06-13,7.45,8.00,7.45,8.00,2800,8.00
2008-06-12,8.17,8.26,7.44,7.44,7600,7.44
2008-06-11,8.20,8.27,8.20,8.27,2600,8.27
2008-06-10,8.25,8.35,8.18,8.32,5000,8.32
2008-06-09,7.98,8.52,7.98,8.28,11000,8.28
2008-06-06,8.03,8.15,8.00,8.14,3700,8.14
2008-06-05,8.09,8.20,7.84,8.17,19300,8.17
2008-06-04,7.80,7.98,7.66,7.90,7500,7.90
2008-06-03,7.60,7.81,7.60,7.77,4800,7.77
2008-06-02,7.80,7.80,7.70,7.74,7300,7.74
2008-05-30,7.6501,7.80,7.6501,7.80,25300,7.80
2008-05-29,7.42,7.60,7.25,7.60,10600,7.60
2008-05-28,7.43,7.43,7.16,7.3001,4900,7.3001
2008-05-27,7.18,7.35,7.18,7.33,7100,7.33
2008-05-23,7.12,7.20,7.12,7.20,3600,7.20
2008-05-22,6.98,7.15,6.92,7.07,9500,7.07
2008-05-21,7.10,7.10,6.73,6.99,5100,6.99
2008-05-20,7.09,7.18,6.89,7.04,13600,7.04
2008-05-19,6.80,7.20,6.80,7.13,15900,7.13
2008-05-16,6.79,6.79,6.72,6.73,2900,6.73
2008-05-15,6.63,6.87,6.63,6.87,11500,6.87
2008-05-14,6.626,6.7799,6.61,6.74,1400,6.74
2008-05-13,6.61,6.70,6.61,6.70,700,6.70
2008-05-12,6.65,6.65,6.64,6.64,1200,6.64
2008-05-09,6.69,6.72,6.65,6.67,1200,6.67
2008-05-08,6.74,6.77,6.68,6.68,2500,6.68
2008-05-07,6.82,6.82,6.74,6.74,8000,6.74
2008-05-06,6.82,6.82,6.65,6.82,4000,6.82
2008-05-05,6.84,6.84,6.84,6.84,700,6.84
2008-05-02,6.80,6.85,6.76,6.85,5500,6.85
2008-05-01,6.75,6.79,6.72,6.79,4400,6.79
2008-04-30,6.75,6.825,6.75,6.75,5300,6.75
2008-04-29,6.90,6.90,6.70,6.80,2100,6.80
2008-04-28,6.52,6.89,6.52,6.89,9100,6.89
2008-04-25,6.59,6.63,6.58,6.59,8700,6.59
2008-04-24,6.59,6.82,6.51,6.59,14700,6.59
2008-04-23,6.63,6.70,6.50,6.57,19500,6.57
2008-04-22,6.70,6.70,6.61,6.65,7900,6.65
2008-04-21,6.75,6.75,6.61,6.71,2400,6.71
2008-04-18,6.99,7.05,6.62,6.73,21600,6.73
2008-04-17,6.93,6.93,6.88,6.92,1800,6.92
2008-04-16,6.89,7.14,6.76,7.08,11300,7.08
2008-04-15,6.92,6.98,6.60,6.91,4800,6.91
2008-04-14,6.62,6.99,6.61,6.99,7500,6.99
2008-04-11,6.63,6.81,6.60,6.80,5100,6.80
2008-04-10,6.76,6.87,6.74,6.75,7400,6.75
2008-04-09,6.99,6.99,6.76,6.76,1800,6.76
2008-04-08,6.84,6.98,6.41,6.96,22200,6.96
2008-04-07,7.00,7.18,7.00,7.18,9500,7.18
2008-04-04,7.17,7.33,7.02,7.07,13300,7.07
2008-04-03,7.35,7.35,7.08,7.28,6400,7.28
2008-04-02,7.29,7.34,7.25,7.34,10000,7.34
2008-04-01,7.14,7.32,7.14,7.32,3300,7.32
2008-03-31,6.90,7.07,6.90,7.04,5400,7.04
2008-03-28,7.02,7.04,6.96,6.96,800,6.96
2008-03-27,7.10,7.10,7.00,7.00,1500,7.00
2008-03-26,7.02,7.06,6.95,7.00,10300,7.00
2008-03-25,7.20,7.21,7.15,7.15,500,7.15
2008-03-24,7.16,7.30,7.16,7.30,3300,7.30
2008-03-20,7.15,7.15,7.15,7.15,000,7.15
2008-03-19,7.16,7.27,7.15,7.27,1800,7.27
2008-03-18,6.79,7.39,6.79,7.25,14600,7.25
2008-03-17,7.35,7.85,6.71,6.71,4500,6.71
2008-03-14,7.10,7.53,7.10,7.53,16800,7.53
2008-03-13,7.02,7.36,6.95,7.20,23300,7.20
2008-03-12,7.76,7.8699,7.01,7.40,23400,7.40
2008-03-11,7.70,8.09,7.69,7.87,4800,7.87
2008-03-10,7.93,7.99,7.80,7.80,5700,7.80
2008-03-07,8.02,8.14,7.95,8.05,3700,8.05
2008-03-06,7.82,8.24,7.82,8.03,1400,8.03
2008-03-05,8.06,8.06,7.80,7.90,1000,7.90
2008-03-04,8.19,8.20,8.01,8.15,1200,8.15
2008-03-03,7.83,7.98,7.73,7.95,3900,7.95
2008-02-29,8.19,8.19,7.75,8.06,2100,8.06
2008-02-28,7.76,8.05,7.76,7.98,1300,7.98
2008-02-27,8.38,8.40,7.91,7.95,15300,7.95
2008-02-26,8.13,8.39,8.13,8.30,1800,8.30
2008-02-25,8.20,8.39,8.20,8.39,800,8.39
2008-02-22,8.41,8.44,8.15,8.18,1100,8.18
2008-02-21,8.25,8.26,7.71,8.15,1200,8.15
2008-02-20,8.17,8.50,7.95,8.26,6700,8.26
2008-02-19,8.93,8.94,8.13,8.19,3800,8.19
2008-02-15,8.71,8.71,8.63,8.69,1800,8.69
2008-02-14,8.81,8.81,8.54,8.75,5600,8.75
2008-02-13,8.50,8.86,8.45,8.82,28700,8.82
2008-02-12,8.22,8.40,8.22,8.40,500,8.40
2008-02-11,7.80,8.06,7.80,8.06,2600,8.06
2008-02-08,8.13,8.21,7.78,7.78,2100,7.78
2008-02-07,8.40,8.40,8.13,8.21,4900,8.21
2008-02-06,8.35,8.47,8.25,8.25,7300,8.25
2008-02-05,8.41,8.41,8.05,8.35,2700,8.35
2008-02-04,8.69,8.71,8.28,8.49,1700,8.49
2008-02-01,8.61,8.65,8.11,8.58,9200,8.58
2008-01-31,7.57,8.47,7.49,8.47,8600,8.47
2008-01-30,6.71,7.74,6.71,7.71,19100,7.71
2008-01-29,7.31,7.35,6.52,6.95,6100,6.95
2008-01-28,7.50,7.55,7.42,7.46,2700,7.46
2008-01-25,7.59,7.6699,7.5601,7.5601,5600,7.5601
2008-01-24,7.60,7.64,7.60,7.64,5900,7.64
2008-01-23,7.62,7.69,7.50,7.60,7500,7.60
2008-01-22,7.7101,7.764,7.69,7.70,5100,7.70
2008-01-18,7.98,8.00,7.82,7.83,5300,7.83
2008-01-17,7.87,8.00,7.80,8.00,7200,8.00
2008-01-16,7.94,7.94,7.78,7.87,6100,7.87
2008-01-15,7.81,7.99,7.81,7.99,3100,7.99
2008-01-14,7.86,7.95,7.79,7.83,3800,7.83
2008-01-11,7.90,8.17,7.79,7.79,11500,7.79
2008-01-10,7.84,7.97,7.84,7.97,500,7.97
2008-01-09,8.01,8.06,7.79,7.90,7700,7.90
2008-01-08,8.35,8.45,8.06,8.06,6000,8.06
2008-01-07,8.42,8.48,8.36,8.36,1900,8.36
2008-01-04,8.41,8.6099,8.21,8.6099,5000,8.6099
2008-01-03,8.62,8.70,8.61,8.66,2700,8.66
2008-01-02,8.35,8.74,8.29,8.74,2300,8.74
2007-12-31,8.50,8.67,8.40,8.47,10500,8.47
2007-12-28,8.40,8.46,8.32,8.46,7900,8.46
2007-12-27,8.43,8.65,8.35,8.49,12500,8.49
2007-12-26,8.35,8.48,8.35,8.47,5600,8.47
2007-12-24,8.35,8.53,8.35,8.52,9100,8.52
2007-12-21,7.18,8.53,7.18,8.53,44700,8.53
2007-12-20,7.29,7.6499,7.29,7.6499,14800,7.6499
2007-12-19,7.29,7.57,7.29,7.57,10100,7.57
2007-12-18,7.31,7.40,7.01,7.40,30700,7.40
2007-12-17,7.56,7.63,7.10,7.10,13800,7.10
2007-12-14,7.63,7.99,7.52,7.58,13500,7.58
2007-12-13,7.46,7.90,7.46,7.89,16700,7.89
2007-12-12,7.53,7.91,7.52,7.52,20300,7.52
2007-12-11,7.46,7.62,7.46,7.59,10800,7.59
2007-12-10,7.46,7.59,7.46,7.58,7600,7.58
2007-12-07,7.36,7.61,7.29,7.46,19100,7.46
2007-12-06,7.42,7.55,7.37,7.42,7200,7.42
2007-12-05,7.50,7.50,7.34,7.40,47400,7.40
2007-12-04,7.61,7.61,7.34,7.39,65600,7.39
2007-12-03,8.04,8.04,7.49,7.49,18800,7.49
2007-11-30,7.61,7.93,7.61,7.93,8000,7.93
2007-11-29,7.51,8.00,7.17,7.53,11100,7.53
2007-11-28,7.50,7.87,7.30,7.64,33400,7.64
2007-11-27,8.09,8.09,7.11,7.50,90600,7.50
2007-11-26,7.69,7.92,7.69,7.79,2200,7.79
2007-11-23,7.72,7.72,7.69,7.69,200,7.69
2007-11-21,7.65,7.83,7.59,7.83,11500,7.83
2007-11-20,7.63,7.69,7.50,7.67,4900,7.67
2007-11-19,8.05,8.05,7.62,7.62,14600,7.62
2007-11-16,8.27,8.30,8.05,8.15,16600,8.15
2007-11-15,7.82,8.36,7.82,8.29,20100,8.29
2007-11-14,8.00,8.25,7.9005,7.9005,18500,7.9005
2007-11-13,7.50,7.84,7.47,7.84,42000,7.84
2007-11-12,7.32,8.60,7.32,7.46,160600,7.46
2007-11-09,7.1001,7.32,7.05,7.25,25100,7.25
2007-11-08,7.5099,7.5099,7.10,7.25,18100,7.25
2007-11-07,7.50,7.57,7.25,7.50,20100,7.50
2007-11-06,7.61,7.63,7.55,7.60,4600,7.60
2007-11-05,7.77,7.96,7.60,7.96,27000,7.96
2007-11-02,7.85,7.93,7.85,7.93,3800,7.93
2007-11-01,7.82,8.00,7.783,7.89,1800,7.89
2007-10-31,7.95,8.14,7.85,8.00,25500,8.00
2007-10-30,7.78,8.00,7.78,8.00,5700,8.00
2007-10-29,7.99,8.03,7.77,7.89,9500,7.89
2007-10-26,8.43,8.48,8.04,8.48,19700,8.48
2007-10-25,7.96,8.03,7.81,7.90,8400,7.90
2007-10-24,7.88,7.90,7.32,7.86,16000,7.86
2007-10-23,8.13,8.20,7.97,8.03,8000,8.03
2007-10-22,7.95,8.04,7.90,8.03,24400,8.03
2007-10-19,8.40,8.40,7.95,8.40,44700,8.40
2007-10-18,8.53,8.56,8.30,8.38,11500,8.38
2007-10-17,8.55,8.59,8.30,8.50,18500,8.50
2007-10-16,8.56,8.56,8.53,8.56,3200,8.56
2007-10-15,8.72,8.93,8.70,8.93,27700,8.93
2007-10-12,8.77,8.90,8.77,8.90,19900,8.90
2007-10-11,8.65,8.91,8.65,8.85,37100,8.85
2007-10-10,8.71,8.77,8.54,8.56,6100,8.56
2007-10-09,8.58,8.82,8.58,8.77,2600,8.77
2007-10-08,9.19,9.28,8.54,8.58,72600,8.58
2007-10-05,9.18,9.29,8.80,9.05,29400,9.05
2007-10-04,9.10,9.10,8.53,8.66,22000,8.66
2007-10-03,9.30,9.38,8.97,9.08,14000,9.08
2007-10-02,9.48,9.59,9.36,9.41,24900,9.41
2007-10-01,9.41,9.66,9.41,9.52,9600,9.52
2007-09-28,9.40,9.70,9.40,9.46,10900,9.46
2007-09-27,9.64,9.70,9.45,9.45,22000,9.45
2007-09-26,9.746,9.80,9.65,9.80,20100,9.80
2007-09-25,9.39,9.81,9.36,9.68,4900,9.68
2007-09-24,9.90,9.90,9.15,9.44,78400,9.44
2007-09-21,10.00,10.05,9.60,9.69,37600,9.69
2007-09-20,9.50,10.25,9.50,9.60,92800,9.60
2007-09-19,9.71,9.80,9.59,9.60,9600,9.60
2007-09-18,9.50,9.89,9.50,9.70,10500,9.70
2007-09-17,9.3901,9.43,9.26,9.34,10000,9.34
2007-09-14,9.29,9.60,9.29,9.48,5600,9.48
2007-09-13,9.66,9.73,9.24,9.45,28600,9.45
2007-09-12,9.43,9.90,9.21,9.51,25200,9.51
2007-09-11,9.27,9.92,9.19,9.54,23300,9.54
2007-09-10,9.51,9.67,9.45,9.45,7000,9.45
2007-09-07,9.62,9.96,9.28,9.46,16900,9.46
2007-09-06,9.38,10.11,9.38,9.58,60100,9.58
2007-09-05,9.9299,10.43,9.83,10.00,35300,10.00
2007-09-04,9.70,10.12,9.08,9.77,76700,9.77
2007-08-31,9.07,9.86,8.95,9.70,31100,9.70
2007-08-30,9.13,9.45,8.78,9.13,27500,9.13
2007-08-29,8.99,9.46,8.87,9.20,14500,9.20
2007-08-28,8.92,9.22,8.82,8.82,12600,8.82
2007-08-27,8.53,9.25,8.52,9.24,20900,9.24
2007-08-24,8.64,8.70,8.64,8.69,7700,8.69
2007-08-23,8.62,8.62,8.60,8.62,11100,8.62
2007-08-22,8.32,8.95,8.25,8.67,23700,8.67
2007-08-21,8.49,8.65,8.04,8.12,19400,8.12
2007-08-20,8.75,8.98,8.47,8.66,27000,8.66
2007-08-17,8.23,8.75,8.23,8.65,40000,8.65
2007-08-16,8.56,8.82,8.35,8.4548,58600,8.4548
2007-08-15,8.54,8.79,8.36,8.53,10200,8.53
2007-08-14,9.16,9.16,8.66,9.16,34300,9.16
2007-08-13,9.04,9.74,8.61,9.74,23600,9.74
2007-08-10,9.01,9.03,8.91,9.03,2800,9.03
2007-08-09,9.24,9.42,8.88,9.35,5500,9.35
2007-08-08,9.06,9.55,9.06,9.55,33700,9.55
2007-08-07,9.15,9.34,9.15,9.34,2400,9.34
2007-08-06,9.70,9.70,9.02,9.10,29100,9.10
2007-08-03,8.70,9.72,8.70,9.72,13800,9.72
2007-08-02,9.04,9.96,8.76,8.92,34800,8.92
2007-08-01,9.91,10.21,9.78,10.21,28100,10.21
2007-07-31,9.50,10.35,9.15,9.83,60300,9.83
2007-07-30,8.50,9.35,8.50,9.00,14100,9.00
2007-07-27,8.50,8.83,8.17,8.55,21700,8.55
2007-07-26,8.52,8.77,8.50,8.77,8300,8.77
2007-07-25,8.89,8.92,8.69,8.92,9700,8.92
2007-07-24,9.27,9.27,8.82,9.27,11400,9.27
2007-07-23,9.44,9.47,9.40,9.47,2800,9.47
2007-07-20,9.50,9.56,9.26,9.43,15100,9.43
2007-07-19,10.00,10.00,9.86,10.00,8000,10.00
2007-07-18,9.68,9.68,9.35,9.49,4500,9.49
2007-07-17,9.47,9.90,9.47,9.90,18400,9.90
2007-07-16,9.50,9.59,9.39,9.40,3300,9.40
2007-07-13,9.62,9.69,9.28,9.49,7300,9.49
2007-07-12,9.34,9.60,9.34,9.60,17700,9.60
2007-07-11,9.20,9.35,9.20,9.35,8500,9.35
2007-07-10,9.20,9.29,9.05,9.20,15200,9.20
2007-07-09,9.07,9.26,9.07,9.20,11900,9.20
2007-07-06,9.15,9.16,9.04,9.14,11800,9.14
2007-07-05,9.21,9.28,9.17,9.28,6900,9.28
2007-07-03,9.25,9.27,9.08,9.16,13300,9.16
2007-07-02,9.15,9.28,9.14,9.28,25800,9.28
2007-06-29,9.00,9.18,9.00,9.18,25500,9.18
2007-06-28,8.94,9.14,8.94,9.00,11100,9.00
2007-06-27,8.79,9.05,8.74,9.03,47800,9.03
2007-06-26,8.54,8.83,8.54,8.83,20600,8.83
2007-06-25,8.57,8.70,8.57,8.70,10500,8.70
2007-06-22,8.51,8.52,8.45,8.50,2700,8.50
2007-06-21,8.56,8.67,8.50,8.63,5000,8.63
2007-06-20,8.67,8.67,8.51,8.51,3200,8.51
2007-06-19,8.70,8.71,8.67,8.71,6200,8.71
2007-06-18,8.67,8.77,8.59,8.60,6200,8.60
2007-06-15,8.52,8.67,8.52,8.67,16400,8.67
2007-06-14,8.28,8.57,8.28,8.47,10600,8.47
2007-06-13,8.41,8.44,8.25,8.44,6400,8.44
2007-06-12,8.31,8.45,8.25,8.45,6500,8.45
2007-06-11,8.39,8.39,8.26,8.26,1800,8.26
2007-06-08,8.34,8.42,8.34,8.42,7200,8.42
2007-06-07,8.63,8.84,8.57,8.57,25900,8.57
2007-06-06,8.04,8.65,8.04,8.65,29900,8.65
2007-06-05,8.152,8.21,8.03,8.06,4000,8.06
2007-06-04,7.993,8.33,7.993,8.33,10700,8.33
2007-06-01,8.29,8.30,8.261,8.30,5600,8.30
2007-05-31,8.16,8.26,8.16,8.26,4300,8.26
2007-05-30,8.19,8.19,8.06,8.19,1800,8.19
2007-05-29,8.24,8.24,8.00,8.08,9700,8.08
2007-05-25,8.20,8.34,8.20,8.30,10800,8.30
2007-05-24,8.41,8.41,8.20,8.20,4700,8.20
2007-05-23,8.15,8.39,8.15,8.39,19300,8.39
2007-05-22,8.124,8.17,8.124,8.17,11100,8.17
2007-05-21,8.10,8.20,8.10,8.20,11500,8.20
2007-05-18,8.32,8.32,8.00,8.08,6600,8.08
2007-05-17,8.20,8.206,8.15,8.206,4600,8.206
2007-05-16,8.26,8.31,8.21,8.31,4100,8.31
2007-05-15,8.38,8.52,8.32,8.52,11700,8.52
2007-05-14,8.20,8.45,8.20,8.45,5100,8.45
2007-05-11,8.06,8.39,7.91,8.36,6400,8.36
2007-05-10,8.20,8.55,8.19,8.55,19400,8.55
2007-05-09,7.71,8.36,7.70,8.25,15700,8.25
2007-05-08,7.86,7.92,7.53,7.80,10100,7.80
2007-05-07,8.00,8.09,7.99,8.04,5200,8.04
2007-05-04,8.08,8.09,7.89,8.00,6900,8.00
2007-05-03,8.08,8.12,8.00,8.12,9300,8.12
2007-05-02,8.04,8.19,8.04,8.19,5100,8.19
2007-05-01,8.10,8.20,8.02,8.03,7300,8.03
2007-04-30,8.32,8.33,8.15,8.15,4100,8.15
2007-04-27,8.35,8.38,8.11,8.38,25700,8.38
2007-04-26,8.31,8.31,8.12,8.23,11400,8.23
2007-04-25,8.45,8.66,8.10,8.20,13100,8.20
2007-04-24,8.63,8.63,8.45,8.45,4600,8.45
2007-04-23,8.60,8.72,8.39,8.69,19400,8.69
2007-04-20,8.50,8.75,8.50,8.75,8500,8.75
2007-04-19,8.71,8.71,8.38,8.49,6900,8.49
2007-04-18,8.73,8.91,8.00,8.79,9600,8.79
2007-04-17,8.78,8.90,8.78,8.90,15300,8.90
2007-04-16,8.48,8.78,8.41,8.75,39800,8.75
2007-04-13,8.42,8.50,8.35,8.49,7200,8.49
2007-04-12,8.13,8.50,7.74,8.48,20300,8.48
2007-04-11,8.16,8.26,8.10,8.20,5000,8.20
2007-04-10,8.263,8.263,8.24,8.263,8700,8.263
2007-04-09,7.92,8.25,7.91,8.25,11200,8.25
2007-04-05,7.75,8.10,7.75,7.97,14100,7.97
2007-04-04,7.90,7.90,7.79,7.90,3600,7.90
2007-04-03,7.875,7.94,7.84,7.88,7200,7.88
2007-04-02,7.96,7.98,7.84,7.84,5500,7.84
2007-03-30,8.00,8.01,7.93,8.01,8600,8.01
2007-03-29,8.19,8.48,7.73,8.00,40700,8.00
2007-03-28,7.27,8.10,7.27,8.01,105200,8.01
2007-03-27,7.20,7.32,7.20,7.28,11300,7.28
2007-03-26,7.25,7.33,7.21,7.21,6000,7.21
2007-03-23,7.25,7.35,7.25,7.30,5100,7.30
2007-03-22,7.20,7.28,7.20,7.20,9600,7.20
2007-03-21,7.30,7.30,7.20,7.25,17400,7.25
2007-03-20,7.29,7.29,7.20,7.20,19800,7.20
2007-03-19,7.20,7.26,7.20,7.26,9300,7.26
2007-03-16,7.27,7.37,7.21,7.26,2900,7.26
2007-03-15,7.44,7.44,7.15,7.30,7400,7.30
2007-03-14,7.19,7.55,7.19,7.55,5200,7.55
2007-03-13,7.21,7.37,7.13,7.25,20100,7.25
2007-03-12,7.31,7.52,7.20,7.24,11400,7.24
2007-03-09,7.52,7.60,7.18,7.25,9300,7.25
2007-03-08,7.50,7.68,7.42,7.42,5400,7.42
2007-03-07,7.37,7.58,7.37,7.50,9800,7.50
2007-03-06,7.25,7.38,7.25,7.36,7000,7.36
2007-03-05,7.56,7.56,7.24,7.25,4900,7.25
2007-03-02,7.36,7.84,7.36,7.84,51000,7.84
2007-03-01,7.15,7.40,7.15,7.30,16900,7.30
2007-02-28,7.14,7.46,7.14,7.46,10300,7.46
2007-02-27,7.30,7.45,7.22,7.22,9900,7.22
2007-02-26,7.65,7.70,7.49,7.49,13100,7.49
2007-02-23,7.74,7.80,7.64,7.80,13800,7.80
2007-02-22,7.72,7.84,7.72,7.80,6200,7.80
2007-02-21,7.70,7.85,7.70,7.80,3600,7.80
2007-02-20,7.79,7.81,7.69,7.79,4200,7.79
2007-02-16,7.70,7.85,7.70,7.85,2600,7.85
2007-02-15,7.76,7.86,7.53,7.63,13600,7.63
2007-02-14,7.67,7.88,7.67,7.88,22600,7.88
2007-02-13,7.50,7.75,7.50,7.67,6300,7.67
2007-02-12,7.16,7.44,7.16,7.44,21600,7.44
2007-02-09,7.03,7.56,6.95,7.18,71700,7.18
2007-02-08,8.20,8.28,8.13,8.13,8600,8.13
2007-02-07,7.932,8.33,7.932,8.21,8700,8.21
2007-02-06,7.99,8.26,7.99,8.17,8900,8.17
2007-02-05,8.038,8.118,8.01,8.01,8200,8.01
2007-02-02,7.88,8.21,7.88,8.15,10900,8.15
2007-02-01,8.20,8.25,7.80,7.94,33200,7.94
2007-01-31,8.39,8.55,8.21,8.25,28100,8.25
2007-01-30,8.94,8.97,8.48,8.52,29800,8.52
2007-01-29,8.88,9.07,8.87,9.01,11700,9.01
2007-01-26,8.92,9.06,8.88,8.88,14800,8.88
2007-01-25,8.28,9.04,8.28,8.80,14500,8.80
2007-01-24,8.83,9.16,8.83,9.16,32300,9.16
2007-01-23,8.69,8.81,8.67,8.73,10000,8.73
2007-01-22,8.75,8.83,8.61,8.72,19200,8.72
2007-01-19,8.42,9.38,8.42,8.70,57700,8.70
2007-01-18,8.45,8.68,8.35,8.64,30100,8.64
2007-01-17,8.52,8.65,8.491,8.65,16800,8.65
2007-01-16,8.63,8.85,8.63,8.63,24800,8.63
2007-01-12,8.63,8.92,8.52,8.62,46000,8.62
2007-01-11,8.66,8.83,8.49,8.70,55500,8.70
2007-01-10,8.10,8.66,8.10,8.56,48800,8.56
2007-01-09,7.81,8.20,7.81,8.12,32600,8.12
2007-01-08,7.88,7.93,7.75,7.80,14700,7.80
2007-01-05,7.99,8.08,7.81,7.95,24300,7.95
2007-01-04,7.75,8.13,7.75,8.07,23700,8.07
2007-01-03,7.85,7.90,7.78,7.90,31800,7.90
2006-12-29,7.57,7.81,7.57,7.81,38000,7.81
2006-12-28,7.81,7.82,7.66,7.82,24200,7.82
2006-12-27,7.87,8.04,7.85,7.90,32600,7.90
2006-12-26,7.94,7.95,7.72,7.78,25300,7.78
2006-12-22,7.72,7.97,7.72,7.97,110500,7.97
2006-12-21,7.82,7.95,7.50,7.79,31800,7.79
2006-12-20,7.69,7.85,7.36,7.74,75600,7.74
2006-12-19,6.85,7.93,6.77,7.61,163300,7.61
2006-12-18,7.25,7.2595,6.86,6.96,47200,6.96
2006-12-15,7.17,7.30,7.17,7.213,24000,7.213
2006-12-14,7.24,7.33,7.19,7.26,26200,7.26
2006-12-13,7.34,7.52,7.26,7.31,50600,7.31
2006-12-12,7.17,7.41,7.16,7.35,20800,7.35
2006-12-11,7.40,7.42,7.20,7.23,30700,7.23
2006-12-08,7.38,7.42,7.344,7.41,9900,7.41
2006-12-07,7.50,7.65,7.37,7.44,23900,7.44
2006-12-06,7.45,7.53,7.45,7.53,17400,7.53
2006-12-05,7.53,7.54,7.50,7.53,23700,7.53
2006-12-04,7.62,7.62,7.56,7.62,29300,7.62
2006-12-01,7.53,7.72,7.53,7.65,29100,7.65
2006-11-30,7.68,7.75,7.40,7.75,99400,7.75
2006-11-29,7.91,7.96,7.75,7.96,14200,7.96
2006-11-28,7.88,8.10,7.87,7.89,16900,7.89
2006-11-27,7.98,8.01,7.87,7.89,17600,7.89
2006-11-24,8.05,8.06,7.96,8.06,8500,8.06
2006-11-22,8.05,8.11,7.98,8.05,16000,8.05
2006-11-21,8.06,8.27,8.06,8.09,32300,8.09
2006-11-20,7.66,8.03,7.59,8.00,46600,8.00
2006-11-17,7.64,7.79,7.57,7.71,42000,7.71
2006-11-16,7.67,7.74,7.58,7.71,17800,7.71
2006-11-15,7.73,7.78,7.65,7.66,21000,7.66
2006-11-14,7.43,7.84,7.36,7.78,52400,7.78
2006-11-13,7.26,7.50,7.24,7.44,85400,7.44
2006-11-10,7.35,7.35,7.07,7.29,148200,7.29
2006-11-09,8.12,8.12,7.30,7.41,192600,7.41
2006-11-08,8.12,8.12,8.03,8.10,15700,8.10
2006-11-07,8.00,8.29,8.00,8.15,42000,8.15
2006-11-06,8.19,8.19,8.10,8.19,23200,8.19
2006-11-03,7.93,8.10,7.50,8.04,41500,8.04
2006-11-02,7.95,8.09,7.86,8.00,31300,8.00
2006-11-01,8.01,8.01,7.862,7.95,9200,7.95
2006-10-31,8.00,8.03,7.85,7.98,35000,7.98
2006-10-30,7.95,8.058,7.89,8.00,27300,8.00
2006-10-27,8.00,8.10,7.96,7.98,11400,7.98
2006-10-26,8.16,8.34,7.95,8.07,57700,8.07
2006-10-25,8.26,8.52,8.17,8.52,75200,8.52
2006-10-24,8.20,8.30,8.12,8.15,12400,8.15
2006-10-23,8.05,8.28,8.05,8.09,14100,8.09
2006-10-20,8.00,8.28,7.95,8.10,70500,8.10
2006-10-19,7.88,8.24,7.88,8.09,43000,8.09
2006-10-18,8.25,8.44,7.91,7.91,48200,7.91
2006-10-17,8.26,8.31,8.03,8.14,26200,8.14
2006-10-16,8.05,8.44,8.00,8.20,64200,8.20
2006-10-13,7.72,8.20,7.72,7.99,81000,7.99
2006-10-12,7.80,7.92,7.61,7.88,45200,7.88
2006-10-11,7.60,7.75,7.60,7.71,43800,7.71
2006-10-10,7.85,7.85,7.60,7.60,14800,7.60
2006-10-09,7.70,7.79,7.66,7.79,24500,7.79
2006-10-06,7.59,7.73,7.59,7.73,22700,7.73
2006-10-05,7.52,7.69,7.52,7.57,18700,7.57
2006-10-04,7.92,7.92,7.45,7.63,31500,7.63
2006-10-03,7.59,7.73,7.41,7.47,140000,7.47
2006-10-02,7.79,7.79,7.56,7.66,48500,7.66
2006-09-29,7.78,7.84,7.59,7.79,146000,7.79
2006-09-28,7.69,7.87,7.69,7.87,73100,7.87
2006-09-27,7.42,7.69,7.30,7.69,78200,7.69
2006-09-26,7.53,7.742,7.30,7.42,74300,7.42
2006-09-25,7.72,7.96,7.37,7.49,54700,7.49
2006-09-22,7.79,7.90,7.709,7.90,39500,7.90
2006-09-21,7.90,7.98,7.71,7.77,47600,7.77
2006-09-20,7.75,8.11,7.75,7.92,53900,7.92
2006-09-19,7.95,7.976,7.70,7.976,91200,7.976
2006-09-18,8.17,8.36,7.87,7.97,71800,7.97
2006-09-15,8.45,8.58,8.09,8.18,63200,8.18
2006-09-14,8.60,8.67,8.18,8.30,72700,8.30
2006-09-13,8.77,8.80,8.59,8.65,43800,8.65
2006-09-12,8.85,9.00,8.767,8.81,66900,8.81
2006-09-11,8.71,8.81,8.71,8.81,27200,8.81
2006-09-08,8.90,8.99,8.80,8.99,45500,8.99
2006-09-07,8.74,9.05,8.74,9.05,27700,9.05
2006-09-06,8.80,9.03,8.69,8.85,65700,8.85
2006-09-05,8.80,9.05,8.64,8.84,98700,8.84
2006-09-01,9.18,9.40,8.83,9.40,99700,9.40
2006-08-31,9.50,9.57,9.10,9.19,66400,9.19
2006-08-30,9.33,9.66,9.27,9.40,123600,9.40
2006-08-29,8.62,9.48,8.62,9.25,121700,9.25
2006-08-28,8.53,8.82,8.53,8.66,61400,8.66
2006-08-25,8.83,8.83,8.46,8.66,97500,8.66
2006-08-24,7.91,8.86,7.80,8.76,205100,8.76
2006-08-23,8.12,8.32,7.80,7.85,118800,7.85
2006-08-22,8.19,8.53,8.04,8.05,120500,8.05
2006-08-21,8.58,8.72,8.18,8.25,115900,8.25
2006-08-18,8.85,8.95,8.60,8.72,90700,8.72
2006-08-17,8.70,9.00,8.60,8.90,106300,8.90
2006-08-16,8.51,9.00,8.37,8.71,185200,8.71
2006-08-15,8.95,9.00,8.27,8.35,266900,8.35
2006-08-14,12.02,12.27,8.61,8.80,897200,8.80
2006-08-11,12.32,12.32,11.76,12.00,58000,12.00
2006-08-10,12.00,12.40,11.91,12.06,42400,12.06
2006-08-09,12.48,12.65,12.06,12.06,59000,12.06
2006-08-08,12.23,12.59,12.23,12.59,52700,12.59
2006-08-07,12.45,12.77,12.16,12.21,32600,12.21
2006-08-04,12.96,13.14,12.26,12.49,65100,12.49
2006-08-03,12.97,13.01,12.73,13.01,77900,13.01
2006-08-02,13.62,13.62,13.00,13.04,57400,13.04
2006-08-01,13.52,13.54,13.08,13.25,37800,13.25
2006-07-31,12.98,13.58,12.98,13.58,31800,13.58
2006-07-28,13.40,13.59,12.51,13.30,87300,13.30
2006-07-27,13.88,14.15,13.26,13.30,35600,13.30
2006-07-26,13.52,14.10,13.18,13.80,43900,13.80
2006-07-25,13.05,13.69,13.05,13.55,35200,13.55
2006-07-24,13.18,13.74,12.66,13.26,40000,13.26
2006-07-21,13.84,13.84,13.06,13.10,25400,13.10
2006-07-20,14.35,14.90,13.52,13.95,33500,13.95
2006-07-19,14.18,14.88,13.84,14.24,49800,14.24
2006-07-18,13.97,14.31,13.85,14.31,67800,14.31
2006-07-17,15.16,15.17,13.82,13.86,133800,13.86
2006-07-14,15.30,15.60,14.67,15.32,69100,15.32
2006-07-13,15.58,15.64,15.01,15.30,80600,15.30
2006-07-12,16.05,16.05,15.60,15.84,27500,15.84
2006-07-11,16.75,16.75,15.119,16.00,112000,16.00
2006-07-10,17.15,17.50,16.33,16.71,73900,16.71
2006-07-07,16.30,17.43,16.30,17.43,73600,17.43
2006-07-06,17.00,17.03,16.24,16.43,72800,16.43
2006-07-05,17.10,17.52,16.95,17.52,140800,17.52
2006-07-03,16.34,17.76,15.88,17.56,142700,17.56
2006-06-30,15.85,16.03,15.79,16.03,92200,16.03
2006-06-29,15.48,16.30,15.14,15.59,192900,15.59
2006-06-28,15.65,15.99,15.16,15.38,181400,15.38
2006-06-27,15.29,16.43,15.20,15.65,575700,15.65
2006-06-26,12.30,12.913,12.30,12.77,43800,12.77
2006-06-23,12.14,12.63,11.95,12.47,51300,12.47
2006-06-22,12.13,12.60,12.10,12.26,56800,12.26
2006-06-21,11.56,12.463,11.32,12.14,67900,12.14
2006-06-20,11.75,12.36,11.26,11.63,453600,11.63
2006-06-19,12.37,12.62,11.76,11.76,138400,11.76
2006-06-16,12.06,12.73,11.97,12.07,80700,12.07
2006-06-15,11.53,12.22,11.53,12.22,88500,12.22
2006-06-14,11.20,11.94,11.13,11.40,105000,11.40
2006-06-13,11.65,11.82,11.15,11.82,243100,11.82
2006-06-12,12.65,13.19,11.56,11.65,224700,11.65
2006-06-09,12.60,13.01,12.43,12.70,153100,12.70
2006-06-08,13.01,13.21,12.57,13.21,224400,13.21
2006-06-07,13.56,13.93,12.94,13.04,353300,13.04
2006-06-06,13.18,13.88,13.18,13.59,180500,13.59
2006-06-05,14.25,14.37,13.58,13.60,111800,13.60
2006-06-02,13.69,14.39,13.57,14.30,100200,14.30
2006-06-01,13.56,13.76,13.56,13.76,99400,13.76
2006-05-31,13.92,14.10,13.35,13.54,240400,13.54
2006-05-30,14.18,14.50,13.67,13.79,238600,13.79
2006-05-26,14.15,14.55,13.91,14.32,289700,14.32
2006-05-25,14.8234,14.95,14.15,14.19,390800,14.19
2006-05-24,14.38,15.20,13.60,14.14,407800,14.14
2006-05-23,14.73,14.84,14.25,14.38,73200,14.38
2006-05-22,14.46,15.36,13.88,14.26,369800,14.26
2006-05-19,14.35,14.94,13.94,14.50,208000,14.50
2006-05-18,14.18,15.54,14.11,14.29,415300,14.29
2006-05-17,13.48,14.27,13.11,14.19,435200,14.19
2006-05-16,14.74,14.74,13.43,13.48,242400,13.48
2006-05-15,15.57,15.57,14.49,15.57,110400,15.57
2006-05-12,15.76,15.93,15.00,15.65,248100,15.65
2006-05-11,16.65,16.98,15.42,16.50,235400,16.50
2006-05-10,17.05,17.28,17.04,17.28,98400,17.28
2006-05-09,16.81,17.11,16.81,17.11,64700,17.11
2006-05-08,16.94,16.94,16.81,16.94,87800,16.94
2006-05-05,16.75,17.396,16.75,17.396,116000,17.396
2006-05-04,15.99,16.88,15.99,16.80,130400,16.80
2006-05-03,15.43,16.58,15.31,16.01,121400,16.01
2006-05-02,15.30,15.63,15.1824,15.37,79200,15.37
2006-05-01,15.38,16.00,15.00,15.44,200200,15.44
2006-04-28,16.16,16.164,15.38,15.40,73900,15.40
2006-04-27,16.26,16.67,16.14,16.67,90000,16.67
2006-04-26,16.39,16.50,15.81,16.37,93300,16.37
2006-04-25,16.32,16.75,16.17,16.58,165000,16.58
2006-04-24,16.22,16.43,15.38,16.33,297300,16.33
2006-04-21,17.01,17.03,16.33,16.54,176700,16.54
2006-04-20,17.73,17.93,17.01,17.93,221100,17.93
2006-04-19,17.03,17.86,17.021,17.42,231800,17.42
2006-04-18,17.97,17.97,16.17,17.21,723000,17.21
2006-04-17,20.33,20.33,17.635,17.87,561300,17.87
2006-04-13,19.70,20.19,19.61,20.19,43200,20.19
2006-04-12,19.60,19.99,19.50,19.79,95600,19.79
2006-04-11,21.08,21.348,19.50,19.69,244100,19.69
2006-04-10,21.59,22.20,21.28,21.44,166100,21.44
2006-04-07,22.00,22.24,20.77,21.22,195300,21.22
2006-04-06,21.27,21.94,21.10,21.80,172100,21.80
2006-04-05,20.46,20.98,20.05,20.70,128000,20.70
2006-04-04,20.12,20.47,19.13,20.20,401300,20.20
2006-04-03,22.59,23.00,20.16,20.42,296700,20.42
2006-03-31,22.33,22.64,21.59,22.12,72600,22.12
2006-03-30,23.62,23.67,21.61,22.33,102200,22.33
2006-03-29,22.01,22.913,22.01,22.913,109300,22.913
2006-03-28,23.19,23.37,21.89,23.37,199900,23.37
2006-03-27,22.48,23.15,21.64,23.00,177500,23.00
2006-03-24,22.70,22.95,21.12,22.40,125400,22.40
2006-03-23,22.41,22.95,21.81,22.70,184900,22.70
2006-03-22,21.10,22.40,20.30,22.34,311500,22.34
2006-03-21,21.50,22.57,19.77,20.62,588600,20.62
2006-03-20,18.84,21.47,18.59,21.10,824900,21.10
2006-03-17,18.21,18.52,17.16,18.11,93500,18.11
2006-03-16,18.64,19.10,18.18,18.34,106800,18.34
2006-03-15,17.98,18.39,17.43,18.35,108000,18.35
2006-03-14,18.55,18.55,17.27,17.29,95200,17.29
2006-03-13,17.40,17.95,16.70,17.22,163300,17.22
2006-03-10,16.12,16.91,15.99,16.40,80100,16.40
2006-03-09,15.80,16.199,15.80,16.04,43400,16.04
2006-03-08,17.89,18.09,15.08,15.77,212500,15.77
2006-03-07,19.28,19.28,17.90,17.95,56700,17.95
2006-03-06,19.50,19.77,18.63,19.15,41500,19.15
2006-03-03,19.10,19.40,17.59,19.10,141100,19.10
2006-03-02,19.35,19.40,19.02,19.40,55000,19.40
2006-03-01,19.27,19.27,18.20,19.20,53400,19.20
2006-02-28,19.26,19.50,17.50,18.90,119100,18.90
2006-02-27,19.18,19.75,18.50,18.53,171200,18.53
2006-02-24,18.00,18.48,17.52,18.41,49600,18.41
2006-02-23,17.65,18.08,16.95,18.08,42600,18.08
2006-02-22,18.50,18.832,17.39,17.60,132300,17.60
2006-02-21,16.97,18.49,16.97,18.49,241700,18.49
2006-02-17,14.79,16.45,14.60,16.07,221000,16.07
2006-02-16,14.00,14.50,13.95,14.50,48000,14.50
2006-02-15,14.35,14.35,13.85,13.95,16400,13.95
2006-02-14,14.81,14.91,13.88,14.20,46300,14.20
2006-02-13,14.54,14.92,14.32,14.64,33800,14.64
2006-02-10,15.99,15.99,13.90,14.30,84500,14.30
2006-02-09,13.90,14.36,13.19,14.00,53000,14.00
2006-02-08,13.25,13.95,13.25,13.85,24000,13.85
2006-02-07,11.86,13.35,11.86,13.24,19100,13.24
2006-02-06,13.01,13.42,13.00,13.228,14100,13.228
2006-02-03,12.785,13.11,12.785,13.03,8000,13.03
2006-02-02,13.02,13.05,12.76,13.00,18000,13.00
2006-02-01,12.50,13.08,12.50,13.08,22900,13.08
2006-01-31,12.55,12.59,12.31,12.518,6300,12.518
2006-01-30,12.33,12.65,12.21,12.49,21800,12.49
2006-01-27,12.25,12.55,12.25,12.28,20300,12.28
2006-01-26,12.62,12.67,12.21,12.50,11000,12.50
2006-01-25,12.43,12.52,12.40,12.42,8700,12.42
2006-01-24,12.51,12.51,12.36,12.40,19900,12.40
2006-01-23,11.97,12.67,11.97,12.34,27800,12.34
2006-01-20,11.62,12.42,11.62,12.018,32600,12.018
2006-01-19,12.91,12.91,11.78,11.90,27500,11.90
2006-01-18,12.32,12.32,11.60,11.80,23400,11.80
2006-01-17,12.52,12.52,12.07,12.16,13100,12.16
2006-01-13,12.81,12.81,12.05,12.66,22000,12.66
2006-01-12,13.39,13.42,12.62,12.86,51000,12.86
2006-01-11,13.20,13.508,13.00,13.14,28800,13.14
2006-01-10,12.45,13.49,12.28,13.25,87200,13.25
2006-01-09,12.45,12.50,12.10,12.45,28200,12.45
2006-01-06,12.25,12.44,12.25,12.44,53700,12.44
2006-01-05,11.98,12.10,11.78,11.96,15700,11.96
2006-01-04,11.75,11.99,11.71,11.90,6900,11.90
2006-01-03,12.10,12.30,11.497,11.72,17500,11.72
2005-12-30,11.77,12.19,11.77,12.02,24800,12.02
2005-12-29,12.10,12.149,11.71,12.00,16600,12.00
2005-12-28,12.33,12.33,11.73,12.10,22300,12.10
2005-12-27,11.999,12.31,11.999,12.31,20200,12.31
2005-12-23,11.75,12.35,11.68,12.00,31800,12.00
2005-12-22,11.664,11.75,11.664,11.75,11500,11.75
2005-12-21,11.35,11.67,11.30,11.619,9800,11.619
2005-12-20,11.52,11.68,11.37,11.50,40700,11.50
2005-12-19,11.37,11.74,11.32,11.67,52100,11.67
2005-12-16,11.55,11.55,11.28,11.28,13300,11.28
2005-12-15,11.39,11.68,11.25,11.50,26000,11.50
2005-12-14,11.43,11.64,11.40,11.45,28600,11.45
2005-12-13,12.10,12.117,11.50,11.56,22300,11.56
2005-12-12,11.79,12.20,11.79,12.20,22500,12.20
2005-12-09,12.35,12.35,11.75,11.90,49300,11.90
2005-12-08,12.52,12.64,12.22,12.30,90400,12.30
2005-12-07,11.46,12.45,11.44,12.31,196400,12.31
2005-12-06,11.99,11.99,11.35,11.35,116300,11.35
2005-12-05,11.50,12.00,11.26,11.67,94500,11.67
2005-12-02,10.95,11.70,10.95,11.70,187700,11.70
2005-12-01,10.50,10.95,10.46,10.90,54000,10.90
2005-11-30,10.47,10.77,10.23,10.54,36300,10.54
2005-11-29,10.36,10.60,10.31,10.49,30300,10.49
2005-11-28,10.65,11.05,9.79,10.40,87600,10.40
2005-11-25,10.68,10.70,10.50,10.55,10100,10.55
2005-11-23,10.70,10.70,10.26,10.59,9000,10.59
2005-11-22,10.65,10.70,10.50,10.59,17200,10.59
2005-11-21,10.25,10.60,10.23,10.60,27000,10.60
2005-11-18,10.182,10.25,10.181,10.25,30400,10.25
2005-11-17,10.01,10.197,9.86,10.12,32000,10.12
2005-11-16,10.24,10.24,9.80,10.17,45400,10.17
2005-11-15,10.95,11.00,9.53,10.00,164500,10.00
2005-11-14,10.14,10.60,9.826,10.18,137500,10.18
2005-11-11,9.699,10.00,9.699,10.00,38200,10.00
2005-11-10,9.411,9.75,9.411,9.75,13100,9.75
2005-11-09,9.39,9.75,9.39,9.75,13400,9.75
2005-11-08,9.71,9.82,9.35,9.65,20300,9.65
2005-11-07,9.22,9.56,9.22,9.50,38800,9.50
2005-11-04,9.248,9.29,9.169,9.29,5100,9.29
2005-11-03,9.29,9.31,9.12,9.19,15400,9.19
2005-11-02,8.80,9.20,8.80,9.163,2400,9.163
2005-11-01,8.981,9.242,8.981,9.06,3000,9.06
2005-10-31,9.35,9.39,8.80,9.10,12300,9.10
2005-10-28,9.00,9.18,9.00,9.11,10100,9.11
2005-10-27,9.36,9.38,8.91,8.99,17200,8.99
2005-10-26,9.14,9.40,9.12,9.39,6200,9.39
2005-10-25,9.14,9.34,8.80,9.34,5500,9.34
2005-10-24,8.95,9.26,8.769,9.10,5900,9.10
2005-10-21,8.67,8.96,8.48,8.96,12100,8.96
2005-10-20,9.31,9.32,8.51,8.89,37200,8.89
2005-10-19,8.50,9.15,8.50,9.15,5900,9.15
2005-10-18,8.55,9.02,8.44,9.01,1100,9.01
2005-10-17,9.15,9.15,8.87,8.95,2300,8.95
2005-10-14,8.48,8.95,8.09,8.92,31600,8.92
2005-10-13,8.79,9.02,8.24,8.49,45000,8.49
2005-10-12,9.08,9.20,8.584,9.033,1900,9.033
2005-10-11,9.00,9.00,8.90,8.90,1900,8.90
2005-10-10,9.00,9.06,8.94,9.00,4400,9.00
2005-10-07,9.09,9.19,9.00,9.10,1700,9.10
2005-10-06,8.94,9.10,8.90,9.089,5700,9.089
2005-10-05,9.248,9.248,9.16,9.16,3400,9.16
2005-10-04,8.81,9.28,8.81,9.28,24100,9.28
2005-10-03,8.89,9.42,8.89,9.024,5700,9.024
2005-09-30,9.06,9.20,9.00,9.10,11000,9.10
2005-09-29,8.53,9.23,8.53,9.06,42300,9.06
2005-09-28,8.28,8.60,8.10,8.59,29600,8.59
2005-09-27,8.30,8.49,8.10,8.126,6400,8.126
2005-09-26,8.25,8.74,8.07,8.20,41300,8.20
2005-09-23,8.10,8.49,8.05,8.43,5200,8.43
2005-09-22,8.18,8.41,7.95,8.07,43700,8.07
2005-09-21,8.46,8.559,8.07,8.18,75500,8.18
2005-09-20,8.65,8.71,8.60,8.65,1800,8.65
2005-09-19,8.57,8.92,8.57,8.75,4800,8.75
2005-09-16,8.80,9.06,8.72,8.81,20700,8.81
2005-09-15,9.00,9.30,9.00,9.03,2400,9.03
2005-09-14,8.96,9.00,8.96,9.00,6000,9.00
2005-09-13,9.01,9.37,9.01,9.15,9200,9.15
2005-09-12,9.15,9.23,9.14,9.23,1000,9.23
2005-09-09,9.25,9.60,9.25,9.32,25600,9.32
2005-09-08,9.54,9.69,9.28,9.34,3600,9.34
2005-09-07,9.08,9.29,8.84,9.17,18800,9.17
2005-09-06,9.30,9.43,8.96,9.30,14900,9.30
2005-09-02,9.16,9.48,8.857,9.35,8700,9.35
2005-09-01,9.30,9.47,9.21,9.39,1900,9.39
2005-08-31,9.50,9.54,9.20,9.54,10400,9.54
2005-08-30,9.26,9.54,9.10,9.54,4900,9.54
2005-08-29,9.57,9.71,9.12,9.50,21900,9.50
2005-08-26,8.77,9.50,8.77,9.48,33900,9.48
2005-08-25,8.10,9.29,8.10,9.22,8800,9.22
2005-08-24,9.10,9.29,8.79,9.10,13400,9.10
2005-08-23,9.50,9.50,8.91,9.15,23800,9.15
2005-08-22,9.13,9.70,9.073,9.30,181000,9.30
2005-08-19,9.09,9.20,8.90,9.14,28500,9.14
2005-08-18,9.01,9.31,8.94,8.99,33800,8.99
2005-08-17,8.81,9.00,8.75,9.00,13000,9.00
2005-08-16,8.43,8.99,8.42,8.99,28500,8.99
2005-08-15,8.86,8.86,8.38,8.564,11100,8.564
2005-08-12,8.58,8.839,8.14,8.72,11700,8.72
2005-08-11,8.24,8.68,8.24,8.58,3500,8.58
2005-08-10,8.706,8.72,8.43,8.72,8100,8.72
2005-08-09,8.90,8.99,8.79,8.89,4300,8.89
2005-08-08,8.54,8.98,8.54,8.59,8800,8.59
2005-08-05,8.80,8.89,8.67,8.78,6200,8.78
2005-08-04,8.97,8.98,8.73,8.81,4900,8.81
2005-08-03,9.20,9.20,8.80,8.90,33600,8.90
2005-08-02,9.10,9.24,8.822,9.10,17100,9.10
2005-08-01,8.88,9.14,8.47,9.08,21100,9.08
2005-07-29,8.62,8.63,8.07,8.39,16900,8.39
2005-07-28,8.50,8.76,8.50,8.53,24500,8.53
2005-07-27,9.00,9.08,8.62,8.74,10300,8.74
2005-07-26,9.18,9.35,8.75,8.85,60000,8.85
2005-07-25,9.45,9.45,9.20,9.35,15000,9.35
2005-07-22,9.44,9.44,9.04,9.35,11600,9.35
2005-07-21,9.13,9.39,9.13,9.39,21400,9.39
2005-07-20,9.41,9.62,9.20,9.20,39700,9.20
2005-07-19,9.70,9.86,9.35,9.42,47900,9.42
2005-07-18,9.80,9.83,9.48,9.73,28400,9.73
2005-07-15,9.93,10.13,9.32,9.78,56900,9.78
2005-07-14,9.72,10.96,9.22,9.75,366800,9.75
2005-07-13,9.40,9.72,9.35,9.65,27400,9.65
2005-07-12,9.30,9.88,9.25,9.42,32300,9.42
2005-07-11,9.76,10.28,9.114,9.29,153700,9.29
2005-07-08,9.00,10.23,8.59,9.46,385200,9.46
2005-07-07,7.82,8.85,7.79,8.729,457600,8.729
2005-07-06,7.42,7.89,7.21,7.73,12000,7.73
2005-07-05,7.77,7.94,7.68,7.75,6700,7.75
2005-07-01,7.87,7.99,7.62,7.87,14900,7.87
2005-06-30,7.50,8.00,7.33,7.77,24300,7.77
2005-06-29,7.74,7.74,7.61,7.61,8700,7.61
2005-06-28,7.65,7.78,7.49,7.61,8600,7.61
2005-06-27,7.60,7.80,7.33,7.64,12500,7.64
2005-06-24,7.89,7.89,7.35,7.58,27000,7.58
2005-06-23,7.97,8.40,7.70,7.71,83000,7.71
2005-06-22,7.79,7.96,7.70,7.96,14200,7.96
2005-06-21,7.85,8.02,7.75,7.85,10500,7.85
2005-06-20,7.74,8.00,7.64,7.88,6200,7.88
2005-06-17,7.94,7.94,7.60,7.84,21100,7.84
2005-06-16,7.79,8.41,7.68,7.771,96700,7.771
2005-06-15,8.10,8.15,7.62,7.63,26200,7.63
2005-06-14,7.70,8.00,7.55,7.84,19800,7.84
2005-06-13,8.15,8.15,7.54,7.87,9900,7.87
2005-06-10,8.06,8.48,7.75,7.81,93700,7.81
2005-06-09,8.08,8.10,7.96,8.00,14700,8.00
2005-06-08,8.07,8.15,7.88,8.15,33100,8.15
2005-06-07,7.94,8.17,7.77,8.17,18300,8.17
2005-06-06,8.02,8.07,7.90,8.04,3700,8.04
2005-06-03,8.26,8.28,8.05,8.10,6300,8.10
2005-06-02,8.17,8.24,7.98,8.20,23400,8.20
2005-06-01,8.20,8.20,8.02,8.05,13700,8.05
2005-05-31,7.60,8.20,7.60,8.20,22800,8.20
2005-05-27,7.54,8.00,7.54,7.91,6200,7.91
2005-05-26,7.97,8.09,7.50,7.79,26800,7.79
2005-05-25,8.05,8.14,8.05,8.05,2000,8.05
2005-05-24,8.14,8.15,8.06,8.06,11100,8.06
2005-05-23,8.05,8.34,8.05,8.18,7300,8.18
2005-05-20,8.09,8.25,8.06,8.14,15700,8.14
2005-05-19,8.11,8.20,7.80,7.96,15400,7.96
2005-05-18,8.20,8.20,8.04,8.09,9300,8.09
2005-05-17,7.73,8.38,7.73,8.13,10900,8.13
2005-05-16,7.72,7.80,7.61,7.72,19400,7.72
2005-05-13,8.14,8.14,7.80,7.87,42000,7.87
2005-05-12,8.20,8.20,8.05,8.10,3000,8.10
2005-05-11,8.18,8.41,8.00,8.11,6600,8.11
2005-05-10,7.45,8.56,7.45,8.14,27600,8.14
2005-05-09,8.28,8.28,7.74,8.03,5300,8.03
2005-05-06,8.20,8.60,8.04,8.24,72000,8.24
2005-05-05,8.08,8.10,7.29,8.10,32900,8.10
2005-05-04,8.10,8.10,7.39,7.94,31200,7.94
2005-05-03,7.80,8.29,7.80,8.17,3400,8.17
2005-05-02,8.63,8.63,7.69,8.28,15700,8.28
2005-04-29,8.40,8.99,8.20,8.65,20700,8.65
2005-04-28,8.20,8.92,7.57,8.39,42900,8.39
2005-04-27,8.28,8.46,8.20,8.25,6900,8.25
2005-04-26,8.29,8.29,7.90,8.26,17600,8.26
2005-04-25,8.252,8.34,8.252,8.34,3200,8.34
2005-04-22,8.30,8.30,8.22,8.24,7100,8.24
2005-04-21,8.05,8.30,8.00,8.25,5900,8.25
2005-04-20,8.01,8.65,7.60,8.00,23600,8.00
2005-04-19,8.09,8.29,8.09,8.29,300,8.29
2005-04-18,8.16,8.40,8.16,8.31,4000,8.31
2005-04-15,8.39,8.45,8.328,8.37,10500,8.37
2005-04-14,8.79,8.84,8.30,8.38,21000,8.38
2005-04-13,8.29,8.74,8.01,8.68,30000,8.68
2005-04-12,8.53,8.64,8.13,8.29,8200,8.29
2005-04-11,8.59,8.59,8.166,8.48,1900,8.48
2005-04-08,8.62,8.68,8.50,8.50,3500,8.50
2005-04-07,8.20,8.63,8.20,8.59,11200,8.59
2005-04-06,8.13,8.29,7.79,8.08,20000,8.08
2005-04-05,8.41,8.60,8.20,8.30,14700,8.30
2005-04-04,8.63,8.69,8.47,8.57,9100,8.57
2005-04-01,8.60,8.83,8.40,8.83,8000,8.83
2005-03-31,8.63,8.65,8.52,8.63,7800,8.63
2005-03-30,8.69,8.69,8.26,8.63,85300,8.63
2005-03-29,8.69,8.69,8.288,8.60,11700,8.60
2005-03-28,8.50,8.70,8.50,8.70,10500,8.70
2005-03-24,8.73,8.89,8.47,8.75,4000,8.75
2005-03-23,8.52,8.74,8.49,8.67,15200,8.67
2005-03-22,8.62,8.87,8.28,8.73,14900,8.73
2005-03-21,8.95,8.95,8.64,8.82,11900,8.82
2005-03-18,8.70,8.92,8.69,8.80,21400,8.80
2005-03-17,8.01,8.67,7.95,8.67,12600,8.67
2005-03-16,7.65,8.08,7.65,8.08,34100,8.08
2005-03-15,7.82,7.89,7.711,7.84,7600,7.84
2005-03-14,7.90,7.90,7.53,7.78,21400,7.78
2005-03-11,8.05,8.05,7.90,7.95,7900,7.95
2005-03-10,8.08,8.10,7.94,7.94,9900,7.94
2005-03-09,7.98,8.25,7.75,8.043,68400,8.043
2005-03-08,8.30,8.31,7.86,8.14,11700,8.14
2005-03-07,8.16,8.57,8.00,8.23,7600,8.23
2005-03-04,8.081,8.78,8.081,8.78,10400,8.78
2005-03-03,8.49,8.50,8.282,8.45,900,8.45
2005-03-02,8.74,8.81,8.38,8.50,10900,8.50
2005-03-01,8.31,8.82,8.28,8.68,45400,8.68
2005-02-28,8.24,8.84,8.13,8.65,57300,8.65
2005-02-25,8.23,8.34,8.031,8.24,7100,8.24
2005-02-24,8.07,8.23,7.57,8.20,14800,8.20
2005-02-23,8.09,8.21,7.86,8.00,19300,8.00
2005-02-22,7.70,8.17,7.68,8.16,7600,8.16
2005-02-18,7.64,8.06,7.64,7.94,29700,7.94
2005-02-17,7.83,8.14,7.75,8.00,21000,8.00
2005-02-16,8.08,8.24,7.75,8.21,14100,8.21
2005-02-15,8.00,8.24,7.46,8.05,71600,8.05
2005-02-14,8.39,8.49,7.75,8.00,42400,8.00
2005-02-11,8.49,8.50,8.20,8.231,11600,8.231
2005-02-10,8.10,8.51,7.92,8.41,29800,8.41
2005-02-09,8.30,8.69,8.10,8.27,20600,8.27
2005-02-08,8.75,8.93,8.65,8.66,17200,8.66
2005-02-07,8.80,9.00,8.70,8.79,12800,8.79
2005-02-04,9.22,9.35,8.81,8.94,11100,8.94
2005-02-03,9.24,9.44,9.03,9.21,10800,9.21
2005-02-02,9.42,9.44,8.75,9.20,12000,9.20
2005-02-01,9.18,9.45,9.18,9.23,16900,9.23
2005-01-31,8.84,9.19,8.82,9.14,14400,9.14
2005-01-28,8.86,9.20,8.84,9.07,8600,9.07
2005-01-27,8.72,9.15,8.72,9.08,13800,9.08
2005-01-26,9.10,9.10,8.56,9.06,12000,9.06
2005-01-25,9.20,9.20,8.81,9.10,12700,9.10
2005-01-24,9.00,9.03,8.73,9.01,5400,9.01
2005-01-21,9.11,9.12,8.73,8.73,14000,8.73
2005-01-20,9.19,9.19,8.68,9.09,21900,9.09
2005-01-19,8.53,9.18,8.53,9.18,17700,9.18
2005-01-18,8.83,9.24,8.76,8.87,11700,8.87
2005-01-14,8.84,9.41,8.76,9.04,4500,9.04
2005-01-13,9.24,9.24,8.76,9.05,25400,9.05
2005-01-12,8.30,9.45,8.30,9.09,62800,9.09
2005-01-11,8.72,8.73,8.16,8.64,10400,8.64
2005-01-10,8.27,8.93,8.27,8.56,17600,8.56
2005-01-07,8.66,8.79,8.22,8.45,26800,8.45
2005-01-06,8.22,8.75,8.22,8.54,4300,8.54
2005-01-05,8.65,9.09,8.181,8.50,41500,8.50
2005-01-04,9.15,10.00,8.65,8.791,264400,8.791
2005-01-03,7.73,9.35,7.73,8.97,120800,8.97
2004-12-31,8.59,8.59,8.07,8.20,13300,8.20
2004-12-30,8.10,8.599,8.04,8.28,32600,8.28
2004-12-29,7.93,8.12,7.70,8.05,25600,8.05
2004-12-28,7.80,7.91,7.80,7.90,13300,7.90
2004-12-27,8.11,8.11,7.90,7.93,12900,7.93
2004-12-23,7.92,8.10,7.83,8.09,18800,8.09
2004-12-22,7.77,8.30,7.77,8.20,24600,8.20
2004-12-21,8.00,8.35,7.92,8.35,40600,8.35
2004-12-20,7.73,8.31,7.73,8.10,13800,8.10
2004-12-17,7.78,8.39,7.78,8.23,28100,8.23
2004-12-16,7.56,8.30,7.56,8.30,26100,8.30
2004-12-15,7.56,8.15,7.56,8.15,33500,8.15
2004-12-14,8.15,8.15,7.80,8.00,24400,8.00
2004-12-13,7.47,8.09,7.47,8.03,72500,8.03
2004-12-10,7.01,7.78,7.01,7.78,42400,7.78
2004-12-09,7.17,7.22,7.00,7.22,14600,7.22
2004-12-08,7.00,7.22,6.95,7.22,45100,7.22
2004-12-07,6.95,7.10,6.87,7.10,51800,7.10
2004-12-06,7.15,7.15,6.93,7.12,52500,7.12
2004-12-03,7.109,7.22,7.10,7.22,21900,7.22
2004-12-02,7.22,7.22,7.04,7.10,34500,7.10
2004-12-01,7.01,7.40,6.80,7.05,63100,7.05
2004-11-30,7.40,7.40,7.00,7.10,39000,7.10
2004-11-29,7.24,7.475,7.20,7.35,34900,7.35
2004-11-26,6.95,7.28,6.95,7.27,38000,7.27
2004-11-24,7.11,7.12,7.02,7.11,30200,7.11
2004-11-23,7.15,7.30,6.98,7.15,41800,7.15
2004-11-22,7.25,7.34,7.13,7.30,23600,7.30
2004-11-19,7.66,7.78,7.40,7.40,13200,7.40
2004-11-18,7.33,7.60,7.21,7.44,19200,7.44
2004-11-17,7.20,7.60,7.17,7.60,25100,7.60
2004-11-16,8.30,8.30,6.86,7.179,25800,7.179
2004-11-15,7.76,7.761,6.76,6.95,68400,6.95
2004-11-12,7.82,8.00,7.78,7.89,13000,7.89
2004-11-11,8.01,8.139,7.96,8.139,3400,8.139
2004-11-10,7.92,8.09,7.92,8.05,6500,8.05
2004-11-09,8.20,8.20,8.03,8.12,9300,8.12
2004-11-08,7.81,8.20,7.81,8.20,8200,8.20
2004-11-05,8.00,8.11,7.87,7.95,12800,7.95
2004-11-04,7.81,8.00,7.81,7.90,6400,7.90
2004-11-03,8.05,8.12,7.80,8.12,7800,8.12
2004-11-02,8.00,8.25,7.58,8.05,9600,8.05
2004-11-01,8.051,8.139,8.051,8.139,7300,8.139
2004-10-29,8.03,8.20,8.01,8.14,9800,8.14
2004-10-28,8.17,8.35,8.161,8.20,2900,8.20
2004-10-27,8.141,8.30,8.141,8.30,3300,8.30
2004-10-26,8.25,8.39,8.119,8.39,4600,8.39
2004-10-25,8.16,8.51,8.15,8.35,1300,8.35
2004-10-22,8.53,8.53,8.53,8.53,000,8.53
2004-10-21,8.18,8.54,8.11,8.53,2600,8.53
2004-10-20,8.50,8.50,8.50,8.50,2000,8.50
2004-10-19,8.22,8.61,8.17,8.39,7500,8.39
2004-10-18,8.50,8.58,8.251,8.311,35600,8.311
2004-10-15,8.23,8.40,8.10,8.40,6500,8.40
2004-10-14,8.41,8.50,8.20,8.50,3000,8.50
2004-10-13,8.45,8.50,8.30,8.45,9200,8.45
2004-10-12,8.16,8.54,8.16,8.54,3500,8.54
2004-10-11,8.18,8.54,8.15,8.449,4700,8.449
2004-10-08,7.99,8.56,7.99,8.22,11800,8.22
2004-10-07,8.20,8.31,8.01,8.09,8900,8.09
2004-10-06,8.529,8.529,8.07,8.20,10400,8.20
2004-10-05,8.46,8.61,8.37,8.50,12600,8.50
2004-10-04,8.13,8.50,8.05,8.47,9300,8.47
2004-10-01,8.10,8.25,8.00,8.25,12900,8.25
2004-09-30,8.17,8.17,8.11,8.11,200,8.11
2004-09-29,8.28,8.29,8.10,8.19,10300,8.19
2004-09-28,8.48,8.50,8.28,8.34,10000,8.34
2004-09-27,8.19,8.62,8.15,8.15,10600,8.15
2004-09-24,8.15,8.21,8.15,8.21,2500,8.21
2004-09-23,8.28,8.28,8.15,8.15,3400,8.15
2004-09-22,8.45,8.57,8.07,8.15,11400,8.15
2004-09-21,8.59,8.59,8.16,8.50,20500,8.50
2004-09-20,8.47,8.59,8.45,8.55,6900,8.55
2004-09-17,8.60,8.65,8.509,8.60,4700,8.60
2004-09-16,8.70,8.70,8.32,8.70,6100,8.70
2004-09-15,8.67,8.76,8.26,8.422,42600,8.422
2004-09-14,7.99,8.73,7.98,8.50,71600,8.50
2004-09-13,8.09,8.10,7.96,7.98,12100,7.98
2004-09-10,8.01,8.14,7.971,8.05,14400,8.05
2004-09-09,8.25,8.25,7.90,8.13,16400,8.13
2004-09-08,8.39,8.61,8.32,8.61,17400,8.61
2004-09-07,8.50,8.50,8.39,8.50,11000,8.50
2004-09-03,8.22,8.24,8.03,8.20,2800,8.20
2004-09-02,8.16,8.34,8.08,8.17,7400,8.17
2004-09-01,8.13,8.49,8.05,8.21,12300,8.21
2004-08-31,8.70,8.70,8.20,8.55,31400,8.55
2004-08-30,8.20,8.99,8.10,8.55,76000,8.55
2004-08-27,7.19,8.05,7.13,8.05,21800,8.05
2004-08-26,7.73,7.91,7.55,7.65,4400,7.65
2004-08-25,8.09,8.09,7.52,7.84,10200,7.84
2004-08-24,8.02,8.09,7.66,7.94,9700,7.94
2004-08-23,8.27,8.28,7.65,7.80,14600,7.80
2004-08-20,7.54,8.26,7.34,8.13,28600,8.13
2004-08-19,7.21,7.55,7.15,7.54,10200,7.54
