Date,Open,High,Low,Close,Volume,Adj Close
2012-11-28,2.02,2.07,2.02,2.05,102200,2.05
2012-11-27,2.02,2.03,1.99,2.02,19700,2.02
2012-11-26,2.01,2.04,1.99,2.03,49900,2.03
2012-11-23,1.99,2.02,1.99,2.01,11700,2.01
2012-11-22,2.01,2.01,2.01,2.01,000,2.01
2012-11-21,2.01,2.0199,2.01,2.01,7200,2.01
2012-11-20,2.01,2.013,2.01,2.01,64900,2.01
2012-11-19,2.01,2.049,2.01,2.01,34500,2.01
2012-11-16,2.01,2.02,2.01,2.01,85900,2.01
2012-11-15,2.01,2.1116,2.01,2.02,22700,2.02
2012-11-14,2.01,2.03,2.01,2.01,267200,2.01
2012-11-13,2.01,2.0108,2.01,2.01,2400,2.01
2012-11-12,2.01,2.02,2.01,2.01,8700,2.01
2012-11-09,2.02,2.03,2.01,2.01,56100,2.01
2012-11-08,2.01,2.021,2.01,2.02,48000,2.02
2012-11-07,2.01,2.02,2.01,2.01,25500,2.01
2012-11-06,2.02,2.02,2.01,2.01,14200,2.01
2012-11-05,2.01,2.03,2.01,2.03,62800,2.03
2012-11-02,2.02,2.02,2.01,2.01,38600,2.01
2012-11-01,2.01,2.02,2.01,2.016,31100,2.016
2012-10-31,2.01,2.04,2.00,2.025,225100,2.025
2012-10-30,2.00,2.00,2.00,2.00,000,2.00
2012-10-29,2.00,2.00,2.00,2.00,000,2.00
2012-10-26,1.99,2.00,1.99,2.00,122300,2.00
2012-10-25,1.99,2.00,1.99,1.99,89300,1.99
2012-10-24,1.99,2.00,1.99,1.9902,215000,1.9902
2012-10-23,2.00,2.001,1.99,1.99,153600,1.99
2012-10-22,1.99,2.01,1.99,2.00,374000,2.00
2012-10-19,1.98,2.00,1.98,1.99,159600,1.99
2012-10-18,1.99,2.001,1.97,1.98,2508600,1.98
2012-10-17,2.00,2.01,1.99,1.99,2629600,1.99
2012-10-16,1.99,2.01,1.99,2.00,3560100,2.00
2012-10-15,1.28,1.30,1.28,1.30,13200,1.30
2012-10-12,1.27,1.37,1.27,1.33,1800,1.33
2012-10-11,1.33,1.39,1.26,1.35,25100,1.35
2012-10-10,1.24,1.25,1.23,1.23,1700,1.23
2012-10-09,1.28,1.28,1.23,1.25,4700,1.25
2012-10-08,1.30,1.30,1.30,1.30,000,1.30
2012-10-05,1.34,1.34,1.23,1.31,16500,1.31
2012-10-04,1.22,1.35,1.20,1.30,66900,1.30
2012-10-03,1.22,1.27,1.22,1.23,12600,1.23
2012-10-02,1.25,1.25,1.22,1.23,37000,1.23
2012-10-01,1.30,1.32,1.21,1.26,19800,1.26
2012-09-28,1.22,1.33,1.20,1.33,21900,1.33
2012-09-27,1.22,1.26,1.22,1.25,31500,1.25
2012-09-26,1.29,1.33,1.26,1.28,12500,1.28
2012-09-25,1.32,1.33,1.28,1.32,17700,1.32
2012-09-24,1.30,1.31,1.30,1.31,37000,1.31
2012-09-21,1.35,1.40,1.31,1.31,44700,1.31
2012-09-20,1.35,1.38,1.35,1.365,4700,1.365
2012-09-19,1.37,1.46,1.35,1.35,67500,1.35
2012-09-18,1.33,1.38,1.32,1.37,106100,1.37
2012-09-17,1.34,1.35,1.31,1.35,9000,1.35
2012-09-14,1.39,1.39,1.33,1.37,61200,1.37
2012-09-13,1.38,1.40,1.36,1.40,29700,1.40
2012-09-12,1.43,1.465,1.34,1.39,89300,1.39
2012-09-11,1.52,1.53,1.43,1.44,50000,1.44
2012-09-10,1.49,1.54,1.45,1.53,18700,1.53
2012-09-07,1.47,1.53,1.47,1.50,10300,1.50
2012-09-06,1.50,1.54,1.4301,1.48,3100,1.48
2012-09-05,1.49,1.51,1.48,1.51,8400,1.51
2012-09-04,1.50,1.52,1.48,1.50,13000,1.50
2012-09-03,1.48,1.48,1.48,1.48,000,1.48
2012-08-31,1.50,1.59,1.48,1.48,7600,1.48
2012-08-30,1.49,1.53,1.48,1.53,17800,1.53
2012-08-29,1.53,1.58,1.53,1.58,4600,1.58
2012-08-28,1.52,1.56,1.50,1.56,7200,1.56
2012-08-27,1.53,1.57,1.50,1.52,52300,1.52
2012-08-24,1.54,1.56,1.54,1.54,10400,1.54
2012-08-23,1.55,1.55,1.54,1.54,13900,1.54
2012-08-22,1.56,1.56,1.55,1.55,7200,1.55
2012-08-21,1.56,1.5771,1.55,1.56,1500,1.56
2012-08-20,1.56,1.57,1.55,1.57,12400,1.57
2012-08-17,1.55,1.58,1.55,1.56,5500,1.56
2012-08-16,1.57,1.57,1.55,1.55,6200,1.55
2012-08-15,1.55,1.57,1.55,1.57,4400,1.57
2012-08-14,1.57,1.60,1.55,1.551,15400,1.551
2012-08-13,1.56,1.59,1.55,1.55,5900,1.55
2012-08-10,1.56,1.57,1.56,1.56,2200,1.56
2012-08-09,1.55,1.59,1.55,1.5701,12000,1.5701
2012-08-08,1.55,1.55,1.54,1.55,21000,1.55
2012-08-07,1.56,1.58,1.55,1.56,14900,1.56
2012-08-06,1.56,1.5798,1.55,1.56,6400,1.56
2012-08-03,1.62,1.63,1.54,1.582,36000,1.582
2012-08-02,1.58,1.58,1.55,1.55,3500,1.55
2012-08-01,1.55,1.58,1.52,1.5798,6600,1.5798
2012-07-31,1.53,1.64,1.53,1.5699,22500,1.5699
2012-07-30,1.53,1.5699,1.53,1.542,23600,1.542
2012-07-27,1.56,1.5999,1.53,1.53,45500,1.53
2012-07-26,1.61,1.61,1.56,1.56,4100,1.56
2012-07-25,1.55,1.56,1.55,1.56,1300,1.56
2012-07-24,1.56,1.59,1.548,1.56,68800,1.56
2012-07-23,1.62,1.62,1.55,1.58,25600,1.58
2012-07-20,1.63,1.63,1.60,1.6218,5200,1.6218
2012-07-19,1.59,1.6695,1.59,1.64,19000,1.64
2012-07-18,1.55,1.60,1.54,1.59,26500,1.59
2012-07-17,1.63,1.65,1.60,1.63,41600,1.63
2012-07-16,1.60,1.625,1.60,1.62,32800,1.62
2012-07-13,1.63,1.63,1.5601,1.595,6600,1.595
2012-07-12,1.61,1.61,1.53,1.53,19900,1.53
2012-07-11,1.60,1.61,1.59,1.60,13000,1.60
2012-07-10,1.61,1.62,1.59,1.59,16900,1.59
2012-07-09,1.61,1.6199,1.61,1.61,12200,1.61
2012-07-06,1.61,1.62,1.61,1.62,2100,1.62
2012-07-05,1.64,1.64,1.61,1.61,34500,1.61
2012-07-04,1.65,1.65,1.65,1.65,000,1.65
2012-07-03,1.61,1.65,1.58,1.65,83100,1.65
2012-07-02,1.64,1.65,1.59,1.61,33400,1.61
2012-06-29,1.61,1.65,1.61,1.64,8700,1.64
2012-06-28,1.58,1.63,1.58,1.60,9400,1.60
2012-06-27,1.59,1.64,1.59,1.62,3000,1.62
2012-06-26,1.64,1.65,1.63,1.65,13700,1.65
2012-06-25,1.68,1.68,1.635,1.65,11100,1.65
2012-06-22,1.67,1.72,1.67,1.72,4900,1.72
2012-06-21,1.72,1.72,1.6821,1.72,5500,1.72
2012-06-20,1.68,1.71,1.68,1.70,14300,1.70
2012-06-19,1.67,1.7199,1.65,1.68,47800,1.68
2012-06-18,1.60,1.75,1.60,1.64,158100,1.64
2012-06-15,1.62,1.64,1.57,1.57,38100,1.57
2012-06-14,1.58,1.66,1.57,1.59,57200,1.59
2012-06-13,1.63,1.66,1.6001,1.65,28000,1.65
2012-06-12,1.60,1.65,1.60,1.64,5300,1.64
2012-06-11,1.57,1.613,1.56,1.60,20400,1.60
2012-06-08,1.58,1.60,1.49,1.56,32300,1.56
2012-06-07,1.67,1.67,1.55,1.56,107700,1.56
2012-06-06,1.625,1.67,1.62,1.67,18900,1.67
2012-06-05,1.65,1.65,1.595,1.62,21700,1.62
2012-06-04,1.66,1.69,1.66,1.68,72800,1.68
2012-06-01,1.68,1.69,1.63,1.67,134400,1.67
2012-05-31,1.71,1.73,1.64,1.73,64800,1.73
2012-05-30,1.71,1.74,1.71,1.72,69800,1.72
2012-05-29,1.73,1.73,1.71,1.71,27100,1.71
2012-05-28,1.70,1.70,1.70,1.70,000,1.70
2012-05-25,1.72,1.72,1.68,1.70,64900,1.70
2012-05-24,1.70,1.72,1.69,1.71,45800,1.71
2012-05-23,1.52,1.72,1.50,1.71,625200,1.71
2012-05-22,1.50,1.52,1.50,1.52,5500,1.52
2012-05-21,1.50,1.51,1.49,1.50,65100,1.50
2012-05-18,1.50,1.52,1.50,1.52,45400,1.52
2012-05-17,1.52,1.58,1.49,1.51,35300,1.51
2012-05-16,1.51,1.58,1.51,1.53,21600,1.53
2012-05-15,1.50,1.55,1.50,1.55,39700,1.55
2012-05-14,1.49,1.52,1.49,1.51,7100,1.51
2012-05-11,1.52,1.52,1.50,1.51,11600,1.51
2012-05-10,1.52,1.55,1.52,1.55,600,1.55
2012-05-09,1.58,1.58,1.51,1.52,19500,1.52
2012-05-08,1.57,1.59,1.5499,1.58,18900,1.58
2012-05-07,1.57,1.60,1.57,1.57,16900,1.57
2012-05-04,1.57,1.70,1.57,1.58,27300,1.58
2012-05-03,1.62,1.6201,1.59,1.60,9100,1.60
2012-05-02,1.58,1.61,1.58,1.593,3300,1.593
2012-05-01,1.57,1.63,1.57,1.60,17500,1.60
2012-04-30,1.53,1.58,1.53,1.57,11900,1.57
2012-04-27,1.60,1.60,1.56,1.57,38800,1.57
2012-04-26,1.54,1.65,1.53,1.57,7800,1.57
2012-04-25,1.55,1.5881,1.53,1.56,45900,1.56
2012-04-24,1.58,1.58,1.51,1.55,21600,1.55
2012-04-23,1.49,1.64,1.49,1.60,94100,1.60
2012-04-20,1.51,1.52,1.50,1.50,5700,1.50
2012-04-19,1.53,1.53,1.50,1.51,10700,1.51
2012-04-18,1.50,1.53,1.50,1.50,8400,1.50
2012-04-17,1.52,1.53,1.50,1.50,29100,1.50
2012-04-16,1.52,1.59,1.52,1.53,28200,1.53
2012-04-13,1.53,1.58,1.50,1.53,30300,1.53
2012-04-12,1.52,1.55,1.51,1.53,6800,1.53
2012-04-11,1.50,1.55,1.49,1.51,55800,1.51
2012-04-10,1.60,1.63,1.50,1.50,76600,1.50
2012-04-09,1.62,1.65,1.57,1.59,39700,1.59
2012-04-06,1.66,1.66,1.66,1.66,000,1.66
2012-04-05,1.65,1.70,1.63,1.66,30100,1.66
2012-04-04,1.67,1.69,1.61,1.63,70300,1.63
2012-04-03,1.58,1.6201,1.54,1.60,69300,1.60
2012-04-02,1.57,1.61,1.51,1.56,129700,1.56
2012-03-30,1.53,1.56,1.50,1.55,35400,1.55
2012-03-29,1.53,1.53,1.50,1.51,22000,1.51
2012-03-28,1.53,1.60,1.50,1.51,75700,1.51
2012-03-27,1.49,1.55,1.49,1.50,94600,1.50
2012-03-26,1.45,1.47,1.43,1.47,138500,1.47
2012-03-23,1.30,1.43,1.28,1.43,145800,1.43
2012-03-22,1.30,1.30,1.23,1.23,65200,1.23
2012-03-21,1.25,1.3017,1.2499,1.30,16200,1.30
2012-03-20,1.30,1.30,1.23,1.23,33700,1.23
2012-03-19,1.32,1.3201,1.28,1.30,37200,1.30
2012-03-16,1.26,1.30,1.25,1.30,7400,1.30
2012-03-15,1.29,1.29,1.25,1.27,2600,1.27
2012-03-14,1.30,1.30,1.25,1.29,24800,1.29
2012-03-13,1.29,1.30,1.27,1.30,24200,1.30
2012-03-12,1.32,1.34,1.25,1.29,23900,1.29
2012-03-09,1.13,1.32,1.11,1.32,257700,1.32
2012-03-08,1.16,1.16,1.11,1.13,35700,1.13
2012-03-07,1.12,1.19,1.12,1.13,3400,1.13
2012-03-06,1.15,1.17,1.12,1.12,22200,1.12
2012-03-05,1.20,1.20,1.15,1.16,14500,1.16
2012-03-02,1.19,1.24,1.19,1.19,7000,1.19
2012-03-01,1.20,1.21,1.19,1.19,15800,1.19
2012-02-29,1.23,1.23,1.19,1.23,3300,1.23
2012-02-28,1.23,1.24,1.1801,1.23,10800,1.23
2012-02-27,1.15,1.24,1.15,1.24,35500,1.24
2012-02-24,1.1445,1.1445,1.13,1.14,3300,1.14
2012-02-23,1.11,1.14,1.11,1.13,10900,1.13
2012-02-22,1.13,1.15,1.11,1.12,16100,1.12
2012-02-21,1.11,1.17,1.11,1.1499,4200,1.1499
2012-02-20,1.10,1.10,1.10,1.10,000,1.10
2012-02-17,1.13,1.13,1.10,1.10,13400,1.10
2012-02-16,1.13,1.15,1.10,1.12,7700,1.12
2012-02-15,1.17,1.17,1.13,1.13,9800,1.13
2012-02-14,1.17,1.17,1.15,1.16,5400,1.16
2012-02-13,1.17,1.17,1.15,1.16,2000,1.16
2012-02-10,1.11,1.16,1.09,1.15,11600,1.15
2012-02-09,1.17,1.19,1.11,1.14,9600,1.14
2012-02-08,1.13,1.16,1.11,1.16,8300,1.16
2012-02-07,1.13,1.20,1.11,1.14,14800,1.14
2012-02-06,1.11,1.13,1.11,1.11,3300,1.11
2012-02-03,1.09,1.16,1.08,1.13,40800,1.13
2012-02-02,1.09,1.10,1.08,1.08,11800,1.08
2012-02-01,1.10,1.10,1.09,1.10,10100,1.10
2012-01-31,1.09,1.10,1.08,1.10,26800,1.10
2012-01-30,1.06,1.094,1.06,1.09,4800,1.09
2012-01-27,1.08,1.10,1.0548,1.08,13400,1.08
2012-01-26,1.06,1.10,1.05,1.08,3300,1.08
2012-01-25,1.06,1.09,1.06,1.06,3900,1.06
2012-01-24,1.07,1.09,1.04,1.09,60500,1.09
2012-01-23,1.15,1.15,1.07,1.07,6000,1.07
2012-01-20,1.07,1.28,1.06,1.12,5800,1.12
2012-01-19,1.05,1.11,1.04,1.09,3900,1.09
2012-01-18,1.10,1.10,1.03,1.03,25700,1.03
2012-01-17,1.10,1.115,1.10,1.10,4600,1.10
2012-01-16,1.11,1.11,1.11,1.11,000,1.11
2012-01-13,1.05,1.13,1.05,1.11,17900,1.11
2012-01-12,1.05,1.06,1.03,1.06,10000,1.06
2012-01-11,1.06,1.07,1.05,1.06,700,1.06
2012-01-10,1.05,1.06,1.02,1.06,8400,1.06
2012-01-09,1.03,1.05,1.01,1.02,15600,1.02
2012-01-06,1.01,1.07,1.00,1.04,27400,1.04
2012-01-05,1.02,1.03,0.9999,1.02,8600,1.02
2012-01-04,1.02,1.05,1.00,1.04,13800,1.04
2012-01-03,1.04,1.05,1.00,1.02,12500,1.02
2012-01-02,1.03,1.03,1.03,1.03,000,1.03
2011-12-30,1.06,1.06,1.02,1.03,24300,1.03
2011-12-29,1.02,1.07,1.01,1.07,17200,1.07
2011-12-28,1.02,1.05,1.02,1.03,19800,1.03
2011-12-27,1.04,1.0522,0.84,1.02,98200,1.02
2011-12-26,1.04,1.04,1.04,1.04,000,1.04
2011-12-23,1.02,1.061,1.02,1.04,41500,1.04
2011-12-22,1.02,1.08,1.02,1.05,23400,1.05
2011-12-21,1.04,1.07,1.02,1.03,50500,1.03
2011-12-20,1.04,1.10,1.04,1.05,66500,1.05
2011-12-19,1.09,1.10,1.07,1.07,30000,1.07
2011-12-16,1.09,1.10,1.06,1.10,36600,1.10
2011-12-15,1.11,1.1201,1.09,1.09,45100,1.09
2011-12-14,1.11,1.15,1.08,1.11,50700,1.11
2011-12-13,1.12,1.16,1.11,1.13,33100,1.13
2011-12-12,1.10,1.40,1.08,1.08,2503300,1.08
2011-12-09,1.06,1.12,1.06,1.11,20800,1.11
2011-12-08,1.08,1.12,1.06,1.06,8800,1.06
2011-12-07,1.06,1.06,1.05,1.05,4800,1.05
2011-12-06,1.08,1.09,1.04,1.05,9800,1.05
2011-12-05,1.10,1.10,1.06,1.06,3100,1.06
2011-12-02,1.07,1.07,1.06,1.07,3300,1.07
2011-12-01,1.09,1.115,1.06,1.07,4300,1.07
2011-11-30,1.08,1.12,1.07,1.09,203300,1.09
2011-11-29,1.04,1.10,1.04,1.07,6100,1.07
2011-11-28,1.10,1.10,1.04,1.05,22400,1.05
2011-11-25,1.11,1.11,1.07,1.07,2400,1.07
2011-11-24,1.10,1.10,1.10,1.10,000,1.10
2011-11-23,1.10,1.125,1.10,1.10,7600,1.10
2011-11-22,1.09,1.13,1.08,1.10,5900,1.10
2011-11-21,1.11,1.14,1.09,1.09,42600,1.09
2011-11-18,1.10,1.15,1.10,1.15,18000,1.15
2011-11-17,1.10,1.13,1.10,1.10,25800,1.10
2011-11-16,1.12,1.13,1.12,1.13,5300,1.13
2011-11-15,1.08,1.13,1.07,1.13,13800,1.13
2011-11-14,1.13,1.13,1.08,1.08,8600,1.08
2011-11-11,1.11,1.12,1.07,1.07,4500,1.07
2011-11-10,1.11,1.12,1.09,1.12,1600,1.12
2011-11-09,1.10,1.13,1.10,1.12,3500,1.12
2011-11-08,1.07,1.12,1.07,1.10,10500,1.10
2011-11-07,1.09,1.12,1.07,1.07,7700,1.07
2011-11-04,1.16,1.16,1.09,1.11,4100,1.11
2011-11-03,1.10,1.15,1.09,1.09,8000,1.09
2011-11-02,1.14,1.18,1.09,1.09,10500,1.09
2011-11-01,1.08,1.17,1.08,1.15,12600,1.15
2011-10-31,1.10,1.13,1.07,1.13,10300,1.13
2011-10-28,1.09,1.12,1.09,1.12,15400,1.12
2011-10-27,1.14,1.14,1.10,1.14,1200,1.14
2011-10-25,1.13,1.15,1.115,1.15,9300,1.15
2011-10-24,1.07,1.16,1.07,1.10,3300,1.10
2011-10-21,1.10,1.135,1.07,1.07,18400,1.07
2011-10-20,1.13,1.13,1.05,1.10,7500,1.10
2011-10-19,1.08,1.16,1.08,1.15,6200,1.15
2011-10-18,1.09,1.1992,1.07,1.07,13200,1.07
2011-10-17,1.17,1.19,1.15,1.15,1700,1.15
2011-10-14,1.13,1.15,1.13,1.15,5200,1.15
2011-10-13,1.09,1.12,1.0652,1.12,32100,1.12
2011-10-12,1.08,1.12,1.04,1.11,34500,1.11
2011-10-11,1.05,1.12,1.05,1.10,19400,1.10
2011-10-10,1.09,1.10,1.02,1.10,38900,1.10
2011-10-07,1.07,1.09,1.04,1.07,3700,1.07
2011-10-06,1.07,1.07,1.02,1.04,11300,1.04
2011-10-05,1.04,1.12,1.039,1.04,13000,1.04
2011-10-04,1.09,1.14,1.04,1.069,7200,1.069
2011-10-03,1.07,1.10,1.07,1.09,2200,1.09
2011-09-30,1.07,1.11,1.07,1.10,10600,1.10
2011-09-29,1.11,1.16,1.08,1.10,6300,1.10
2011-09-28,1.11,1.12,1.09,1.12,1100,1.12
2011-09-27,1.10,1.111,1.09,1.10,11200,1.10
2011-09-26,1.13,1.13,1.09,1.09,25900,1.09
2011-09-23,1.07,1.19,1.07,1.10,11900,1.10
2011-09-22,1.16,1.19,1.10,1.10,48800,1.10
2011-09-21,1.17,1.24,1.17,1.20,9100,1.20
2011-09-20,1.22,1.29,1.20,1.24,6600,1.24
2011-09-19,1.24,1.28,1.21,1.24,4300,1.24
2011-09-16,1.29,1.32,1.29,1.29,38400,1.29
2011-09-15,1.35,1.35,1.25,1.32,93200,1.32
2011-09-14,1.20,1.35,1.20,1.30,45800,1.30
2011-09-13,1.22,1.27,1.20,1.22,17000,1.22
2011-09-12,1.20,1.29,1.195,1.20,17400,1.20
2011-09-09,1.19,1.23,1.18,1.19,5300,1.19
2011-09-08,1.21,1.289,1.16,1.24,5300,1.24
2011-09-07,1.24,1.24,1.16,1.21,52800,1.21
2011-09-06,1.23,1.30,1.10,1.24,758000,1.24
2011-09-02,1.25,1.31,1.24,1.24,12500,1.24
2011-09-01,1.30,1.339,1.24,1.27,122500,1.27
2011-08-31,1.25,1.32,1.24,1.24,61400,1.24
2011-08-30,1.22,1.30,1.22,1.24,422000,1.24
2011-08-29,1.24,1.25,1.22,1.23,14500,1.23
2011-08-26,1.25,1.25,1.22,1.22,12500,1.22
2011-08-25,1.29,1.30,1.23,1.23,23200,1.23
2011-08-24,1.23,1.25,1.23,1.25,23600,1.25
2011-08-23,1.21,1.23,1.17,1.21,8400,1.21
2011-08-22,1.23,1.23,1.17,1.20,6500,1.20
2011-08-19,1.18,1.28,1.17,1.172,5500,1.172
2011-08-18,1.19,1.25,1.18,1.19,15700,1.19
2011-08-17,1.23,1.28,1.23,1.25,34400,1.25
2011-08-16,1.22,1.25,1.17,1.25,21200,1.25
2011-08-15,1.22,1.25,1.1802,1.20,36100,1.20
2011-08-12,1.15,1.15,1.13,1.13,1000,1.13
2011-08-11,1.09,1.15,1.09,1.12,14000,1.12
2011-08-10,1.10,1.15,1.06,1.15,66900,1.15
2011-08-09,1.10,1.17,1.072,1.12,47000,1.12
2011-08-08,1.09,1.20,1.06,1.12,112400,1.12
2011-08-05,1.31,1.35,1.10,1.18,100100,1.18
2011-08-04,1.40,1.40,1.30,1.32,34600,1.32
2011-08-03,1.36,1.40,1.36,1.40,17700,1.40
2011-08-02,1.38,1.38,1.36,1.37,10600,1.37
2011-08-01,1.40,1.40,1.38,1.38,30500,1.38
2011-07-29,1.39,1.44,1.35,1.40,45700,1.40
2011-07-28,1.34,1.39,1.34,1.39,6200,1.39
2011-07-27,1.41,1.41,1.35,1.355,51900,1.355
2011-07-26,1.42,1.42,1.40,1.41,3200,1.41
2011-07-25,1.43,1.58,1.41,1.42,24900,1.42
2011-07-22,1.46,1.46,1.43,1.45,28000,1.45
2011-07-21,1.48,1.49,1.43,1.43,19400,1.43
2011-07-20,1.44,1.51,1.44,1.48,102400,1.48
2011-07-19,1.41,1.49,1.40,1.43,74800,1.43
2011-07-18,1.41,1.42,1.40,1.40,32600,1.40
2011-07-15,1.37,1.43,1.37,1.41,12900,1.41
2011-07-14,1.41,1.55,1.36,1.36,13600,1.36
2011-07-13,1.41,1.42,1.40,1.40,50800,1.40
2011-07-12,1.41,1.4338,1.40,1.41,15800,1.41
2011-07-11,1.51,1.51,1.42,1.43,16100,1.43
2011-07-08,1.51,1.51,1.46,1.49,41500,1.49
2011-07-07,1.69,1.69,1.51,1.55,64200,1.55
2011-07-06,1.39,1.41,1.38,1.39,126500,1.39
2011-07-05,1.39,1.46,1.39,1.39,39700,1.39
2011-07-01,1.38,1.40,1.34,1.38,32500,1.38
2011-06-30,1.38,1.38,1.36,1.38,81200,1.38
2011-06-29,1.36,1.385,1.34,1.38,67800,1.38
2011-06-28,1.29,1.35,1.28,1.34,43300,1.34
2011-06-27,1.27,1.34,1.27,1.31,50200,1.31
2011-06-24,1.36,1.36,1.21,1.23,110100,1.23
2011-06-23,1.36,1.36,1.33,1.33,27600,1.33
2011-06-22,1.33,1.37,1.33,1.35,21500,1.35
2011-06-21,1.35,1.38,1.33,1.36,50400,1.36
2011-06-20,1.37,1.37,1.33,1.35,79400,1.35
2011-06-17,1.35,1.38,1.32,1.38,62200,1.38
2011-06-16,1.37,1.37,1.31,1.33,27900,1.33
2011-06-15,1.35,1.39,1.33,1.34,61700,1.34
2011-06-14,1.40,1.40,1.33,1.33,33600,1.33
2011-06-13,1.43,1.43,1.38,1.40,17700,1.40
2011-06-10,1.46,1.46,1.40,1.43,22400,1.43
2011-06-09,1.44,1.51,1.43,1.46,16300,1.46
2011-06-08,1.44,1.45,1.39,1.39,48600,1.39
2011-06-07,1.45,1.47,1.42,1.45,20400,1.45
2011-06-06,1.51,1.55,1.45,1.45,28500,1.45
2011-06-03,1.57,1.62,1.54,1.56,16100,1.56
2011-06-02,1.53,1.63,1.5001,1.63,37800,1.63
2011-06-01,1.59,1.59,1.52,1.55,2700,1.55
2011-05-31,1.52,1.65,1.52,1.56,31000,1.56
2011-05-27,1.50,1.53,1.49,1.51,8500,1.51
2011-05-26,1.49,1.51,1.49,1.51,24000,1.51
2011-05-25,1.53,1.53,1.45,1.475,52600,1.475
2011-05-24,1.57,1.5968,1.5101,1.5101,25600,1.5101
2011-05-23,1.65,1.65,1.5601,1.5899,19000,1.5899
2011-05-20,1.75,1.75,1.52,1.61,15700,1.61
2011-05-19,1.67,1.67,1.51,1.57,29700,1.57
2011-05-18,1.63,1.69,1.63,1.66,36100,1.66
2011-05-17,1.63,1.66,1.61,1.61,7800,1.61
2011-05-16,1.66,1.68,1.60,1.63,32300,1.63
2011-05-13,1.65,1.68,1.63,1.67,2600,1.67
2011-05-12,1.67,1.68,1.62,1.663,7800,1.663
2011-05-11,1.70,1.71,1.65,1.71,18100,1.71
2011-05-10,1.71,1.71,1.63,1.70,46500,1.70
2011-05-09,1.68,1.70,1.68,1.70,12800,1.70
2011-05-06,1.73,1.73,1.68,1.69,21400,1.69
2011-05-05,1.73,1.74,1.70,1.72,13700,1.72
2011-05-04,1.72,1.84,1.72,1.75,2900,1.75
2011-05-03,1.77,1.78,1.73,1.73,21300,1.73
2011-05-02,1.85,1.85,1.72,1.77,24000,1.77
2011-04-29,1.76,1.80,1.72,1.7699,6900,1.7699
2011-04-28,1.75,1.79,1.70,1.75,16100,1.75
2011-04-27,1.77,1.79,1.75,1.79,9300,1.79
2011-04-26,1.79,1.79,1.76,1.76,6800,1.76
2011-04-25,1.77,1.78,1.76,1.7601,23800,1.7601
2011-04-21,1.78,1.78,1.7702,1.78,7000,1.78
2011-04-20,1.77,1.80,1.7691,1.80,15300,1.80
2011-04-19,1.76,1.81,1.7599,1.77,18300,1.77
2011-04-18,1.75,1.78,1.75,1.77,4300,1.77
2011-04-15,1.78,1.796,1.75,1.76,27300,1.76
2011-04-14,1.80,1.8001,1.78,1.80,7700,1.80
2011-04-13,1.76,1.80,1.76,1.80,32300,1.80
2011-04-12,1.78,1.79,1.76,1.77,35300,1.77
2011-04-11,1.84,1.84,1.81,1.81,3200,1.81
2011-04-08,1.79,1.82,1.77,1.82,18700,1.82
2011-04-07,1.82,1.84,1.78,1.84,11600,1.84
2011-04-06,1.81,1.81,1.76,1.80,20500,1.80
2011-04-05,1.78,1.8293,1.76,1.80,12500,1.80
2011-04-04,1.76,1.77,1.76,1.7601,26500,1.7601
2011-04-01,1.76,1.79,1.75,1.79,17100,1.79
2011-03-31,1.77,1.781,1.73,1.77,13900,1.77
2011-03-30,1.85,1.85,1.73,1.78,36000,1.78
2011-03-29,1.86,1.86,1.84,1.85,5600,1.85
2011-03-28,1.84,1.89,1.84,1.88,5800,1.88
2011-03-25,1.88,1.91,1.80,1.82,25600,1.82
2011-03-24,1.91,1.91,1.8499,1.8699,31600,1.8699
2011-03-23,1.86,1.86,1.8499,1.8499,1600,1.8499
2011-03-22,1.87,1.87,1.79,1.8499,23900,1.8499
2011-03-21,1.82,1.84,1.81,1.83,27600,1.83
2011-03-18,1.81,1.83,1.78,1.82,23000,1.82
2011-03-17,1.89,1.95,1.811,1.83,32100,1.83
2011-03-16,1.86,1.8701,1.82,1.8501,65600,1.8501
2011-03-15,1.91,1.93,1.86,1.8888,22800,1.8888
2011-03-14,1.93,1.94,1.90,1.94,13800,1.94
2011-03-11,1.93,1.94,1.90,1.93,17000,1.93
2011-03-10,1.96,1.96,1.90,1.9399,42300,1.9399
2011-03-09,1.94,1.96,1.92,1.95,89800,1.95
2011-03-08,1.96,1.97,1.94,1.96,11800,1.96
2011-03-07,2.05,2.07,1.91,1.96,55100,1.96
2011-03-04,2.09,2.1001,2.04,2.04,38100,2.04
2011-03-03,2.08,2.09,2.08,2.081,8300,2.081
2011-03-02,2.06,2.11,2.05,2.0501,22600,2.0501
2011-03-01,2.06,2.13,2.05,2.10,46000,2.10
2011-02-28,2.05,2.11,2.00,2.11,46400,2.11
2011-02-25,2.05,2.09,2.04,2.07,30200,2.07
2011-02-24,2.10,2.10,2.06,2.06,5300,2.06
2011-02-23,2.10,2.10,2.05,2.09,43600,2.09
2011-02-22,2.08,2.14,2.05,2.09,37300,2.09
2011-02-18,2.10,2.12,2.08,2.09,49000,2.09
2011-02-17,2.10,2.11,2.10,2.11,15000,2.11
2011-02-16,2.15,2.15,2.08,2.10,52000,2.10
2011-02-15,2.11,2.14,2.11,2.125,112700,2.125
2011-02-14,2.13,2.14,2.0584,2.10,75800,2.10
2011-02-11,2.13,2.14,2.10,2.11,41500,2.11
2011-02-10,2.12,2.12,2.06,2.11,42400,2.11
2011-02-09,2.12,2.14,2.10,2.13,111500,2.13
2011-02-08,2.15,2.16,2.10,2.10,38900,2.10
2011-02-07,2.16,2.18,2.076,2.14,103000,2.14
2011-02-04,2.08,2.1399,1.95,2.10,299300,2.10
2011-02-03,2.02,2.07,2.00,2.05,37500,2.05
2011-02-02,2.10,2.12,2.00,2.01,78800,2.01
2011-02-01,2.08,2.09,2.01,2.04,107100,2.04
2011-01-31,1.95,2.00,1.91,1.98,145000,1.98
2011-01-28,1.77,1.90,1.77,1.88,116200,1.88
2011-01-27,1.79,1.801,1.77,1.80,21200,1.80
2011-01-26,1.78,1.82,1.78,1.80,18000,1.80
2011-01-25,1.79,1.83,1.78,1.7801,14900,1.7801
2011-01-24,1.79,1.82,1.79,1.8142,8000,1.8142
2011-01-21,1.77,1.8138,1.77,1.7801,9700,1.7801
2011-01-20,1.77,1.83,1.77,1.78,31200,1.78
2011-01-19,1.80,1.8196,1.80,1.80,12500,1.80
2011-01-18,1.77,1.83,1.77,1.82,24200,1.82
2011-01-14,1.71,1.77,1.68,1.7676,11600,1.7676
2011-01-13,1.79,1.79,1.79,1.79,200,1.79
2011-01-12,1.76,1.80,1.76,1.80,6400,1.80
2011-01-11,1.71,1.79,1.71,1.78,34500,1.78
2011-01-10,1.74,1.77,1.67,1.73,61700,1.73
2011-01-07,1.80,1.80,1.78,1.79,14000,1.79
2011-01-06,1.7801,1.79,1.7801,1.79,4000,1.79
2011-01-05,1.77,1.80,1.76,1.795,32700,1.795
2011-01-04,1.76,1.77,1.70,1.77,41800,1.77
2011-01-03,1.73,1.79,1.71,1.72,54500,1.72
2010-12-31,1.70,1.74,1.6801,1.72,32200,1.72
2010-12-30,1.68,1.73,1.67,1.73,134100,1.73
2010-12-29,1.70,1.73,1.65,1.68,48400,1.68
2010-12-28,1.72,1.79,1.70,1.70,38400,1.70
2010-12-27,1.75,1.78,1.71,1.72,22100,1.72
2010-12-23,1.75,1.79,1.75,1.75,20400,1.75
2010-12-22,1.80,1.84,1.75,1.76,53500,1.76
2010-12-21,1.74,1.76,1.72,1.75,4200,1.75
2010-12-20,1.79,1.79,1.74,1.75,17600,1.75
2010-12-17,1.79,1.84,1.75,1.78,30200,1.78
2010-12-16,1.76,1.81,1.75,1.80,97900,1.80
2010-12-15,1.86,1.86,1.74,1.81,117700,1.81
2010-12-14,1.82,1.87,1.7901,1.87,45800,1.87
2010-12-13,1.79,1.8596,1.78,1.85,63700,1.85
2010-12-10,1.80,1.80,1.75,1.79,9000,1.79
2010-12-09,1.78,1.85,1.765,1.81,17700,1.81
2010-12-08,1.77,1.77,1.72,1.74,24400,1.74
2010-12-07,1.75,1.89,1.75,1.80,38200,1.80
2010-12-06,1.80,1.83,1.70,1.77,50400,1.77
2010-12-03,1.87,1.91,1.81,1.82,119700,1.82
2010-12-02,1.87,1.89,1.87,1.88,13000,1.88
2010-12-01,1.92,1.94,1.88,1.892,10400,1.892
2010-11-30,1.99,1.99,1.90,1.92,17400,1.92
2010-11-29,1.95,1.99,1.92,1.95,24600,1.95
2010-11-26,1.98,1.98,1.95,1.95,12400,1.95
2010-11-24,1.96,2.04,1.95,1.97,52500,1.97
2010-11-23,1.95,1.96,1.90,1.9599,16900,1.9599
2010-11-22,1.96,1.96,1.92,1.96,18400,1.96
2010-11-19,1.91,1.96,1.88,1.96,42200,1.96
2010-11-18,1.94,1.95,1.9003,1.91,20700,1.91
2010-11-17,1.95,1.95,1.91,1.93,17100,1.93
2010-11-16,1.90,1.97,1.90,1.97,23500,1.97
2010-11-15,1.92,1.93,1.84,1.91,12000,1.91
2010-11-12,1.90,1.93,1.89,1.93,23900,1.93
2010-11-11,1.91,1.95,1.83,1.93,85000,1.93
2010-11-10,1.88,1.94,1.83,1.92,205700,1.92
2010-11-09,1.92,1.94,1.90,1.90,217100,1.90
2010-11-08,1.98,1.98,1.87,1.92,147200,1.92
2010-11-05,1.86,1.91,1.84,1.89,295400,1.89
2010-11-04,1.90,1.92,1.89,1.9001,53800,1.9001
2010-11-03,1.92,1.931,1.91,1.92,45600,1.92
2010-11-02,1.78,1.93,1.78,1.9201,85100,1.9201
2010-11-01,1.75,1.83,1.75,1.80,122800,1.80
2010-10-29,1.67,1.75,1.67,1.73,34900,1.73
2010-10-28,1.65,1.6894,1.65,1.65,25000,1.65
2010-10-27,1.66,1.70,1.64,1.66,33200,1.66
2010-10-26,1.74,1.79,1.58,1.70,113700,1.70
2010-10-25,1.76,1.78,1.73,1.75,6600,1.75
2010-10-22,1.74,1.79,1.73,1.79,15400,1.79
2010-10-21,1.79,1.795,1.75,1.75,12200,1.75
2010-10-20,1.80,1.80,1.70,1.79,11300,1.79
2010-10-19,1.73,1.79,1.70,1.79,24500,1.79
2010-10-18,1.77,1.77,1.7101,1.72,15500,1.72
2010-10-15,1.77,1.80,1.75,1.80,19200,1.80
2010-10-14,1.76,1.80,1.72,1.75,35500,1.75
2010-10-13,1.77,1.80,1.77,1.7899,9600,1.7899
2010-10-12,1.75,1.7781,1.75,1.76,2200,1.76
2010-10-11,1.80,1.80,1.71,1.77,6000,1.77
2010-10-08,1.72,1.80,1.71,1.80,27500,1.80
2010-10-07,1.72,1.74,1.706,1.73,7100,1.73
2010-10-06,1.74,1.78,1.71,1.72,18600,1.72
2010-10-05,1.75,1.75,1.70,1.75,8100,1.75
2010-10-04,1.76,1.78,1.72,1.75,7700,1.75
2010-10-01,1.74,1.80,1.72,1.74,6300,1.74
2010-09-30,1.77,1.81,1.73,1.76,11500,1.76
2010-09-29,1.75,1.80,1.73,1.80,8300,1.80
2010-09-28,1.81,1.82,1.73,1.75,18000,1.75
2010-09-27,1.84,1.87,1.77,1.83,20100,1.83
2010-09-24,1.80,1.8601,1.80,1.85,70800,1.85
2010-09-23,1.79,1.84,1.755,1.82,26600,1.82
2010-09-22,1.74,1.84,1.74,1.83,43800,1.83
2010-09-21,1.70,1.74,1.69,1.73,4800,1.73
2010-09-20,1.73,1.75,1.69,1.69,20000,1.69
2010-09-17,1.79,1.79,1.72,1.72,38100,1.72
2010-09-16,1.71,1.77,1.71,1.75,10500,1.75
2010-09-15,1.73,1.76,1.70,1.71,11800,1.71
2010-09-14,1.76,1.77,1.73,1.74,20000,1.74
2010-09-13,1.81,1.82,1.72,1.76,33200,1.76
2010-09-10,1.81,1.84,1.81,1.83,22000,1.83
2010-09-09,1.81,1.84,1.81,1.8305,11300,1.8305
2010-09-08,1.82,1.84,1.80,1.81,27500,1.81
2010-09-07,1.86,1.88,1.82,1.8528,38200,1.8528
2010-09-03,1.84,1.87,1.8199,1.83,19800,1.83
2010-09-02,1.81,1.89,1.81,1.81,45800,1.81
2010-09-01,1.89,1.8901,1.81,1.83,44800,1.83
2010-08-31,1.79,1.90,1.76,1.84,82700,1.84
2010-08-30,1.69,1.84,1.69,1.80,108400,1.80
2010-08-27,1.64,1.75,1.63,1.75,90500,1.75
2010-08-26,1.45,1.64,1.45,1.63,81800,1.63
2010-08-25,1.46,1.50,1.46,1.47,54100,1.47
2010-08-24,1.49,1.50,1.44,1.49,28100,1.49
2010-08-23,1.48,1.61,1.43,1.49,141300,1.49
2010-08-20,1.44,1.47,1.43,1.47,24800,1.47
2010-08-19,1.43,1.47,1.40,1.47,64000,1.47
2010-08-18,1.45,1.46,1.40,1.41,137700,1.41
2010-08-17,1.45,1.47,1.42,1.46,134800,1.46
2010-08-16,1.46,1.46,1.42,1.43,85100,1.43
2010-08-13,1.38,1.43,1.37,1.43,207600,1.43
2010-08-12,1.38,1.40,1.35,1.37,56800,1.37
2010-08-11,1.40,1.4299,1.35,1.36,198000,1.36
2010-08-10,1.47,1.47,1.38,1.39,235300,1.39
2010-08-09,1.46,1.50,1.39,1.40,103000,1.40
2010-08-06,1.60,1.60,1.45,1.479,135800,1.479
2010-08-05,1.62,1.66,1.56,1.60,146300,1.60
2010-08-04,1.65,1.70,1.65,1.66,59100,1.66
2010-08-03,1.60,1.68,1.57,1.65,156200,1.65
2010-08-02,1.64,1.64,1.57,1.58,27200,1.58
2010-07-30,1.59,1.66,1.58,1.61,45700,1.61
2010-07-29,1.57,1.6299,1.56,1.57,165500,1.57
2010-07-28,1.56,1.58,1.55,1.57,26400,1.57
2010-07-27,1.58,1.58,1.54,1.57,26800,1.57
2010-07-26,1.54,1.58,1.52,1.54,292700,1.54
2010-07-23,1.56,1.58,1.56,1.58,30100,1.58
2010-07-22,1.57,1.62,1.55,1.60,49000,1.60
2010-07-21,1.59,1.59,1.55,1.56,3900,1.56
2010-07-20,1.57,1.60,1.5508,1.57,17100,1.57
2010-07-19,1.64,1.66,1.54,1.55,47200,1.55
2010-07-16,1.52,1.72,1.52,1.65,55800,1.65
2010-07-15,1.70,1.72,1.62,1.66,39700,1.66
2010-07-14,1.71,1.78,1.71,1.72,6400,1.72
2010-07-13,1.74,1.80,1.64,1.76,43900,1.76
2010-07-12,1.62,1.75,1.60,1.72,139600,1.72
2010-07-09,1.55,1.60,1.54,1.58,138600,1.58
2010-07-08,1.42,1.53,1.40,1.53,319200,1.53
2010-07-07,1.48,1.50,1.42,1.45,50600,1.45
2010-07-06,1.58,1.58,1.46,1.46,28500,1.46
2010-07-02,1.56,1.57,1.51,1.51,8800,1.51
2010-07-01,1.61,1.63,1.55,1.55,44500,1.55
2010-06-30,1.58,1.61,1.54,1.61,55100,1.61
2010-06-29,1.60,1.67,1.56,1.56,58800,1.56
2010-06-28,1.60,1.63,1.55,1.60,31900,1.60
2010-06-25,1.62,1.65,1.58,1.58,42300,1.58
2010-06-24,1.63,1.65,1.57,1.57,26700,1.57
2010-06-23,1.62,1.67,1.60,1.63,10300,1.63
2010-06-22,1.67,1.67,1.58,1.612,86300,1.612
2010-06-21,1.70,1.73,1.67,1.67,62800,1.67
2010-06-18,1.69,1.75,1.685,1.75,30400,1.75
2010-06-17,1.73,1.79,1.68,1.68,14600,1.68
2010-06-16,1.77,1.80,1.74,1.75,33900,1.75
2010-06-15,1.80,1.80,1.76,1.77,6300,1.77
2010-06-14,1.69,1.83,1.68,1.76,43800,1.76
2010-06-11,1.71,1.71,1.64,1.68,27100,1.68
2010-06-10,1.75,1.84,1.59,1.71,106800,1.71
2010-06-09,1.77,1.78,1.75,1.77,50700,1.77
2010-06-08,1.80,1.80,1.75,1.78,36000,1.78
2010-06-07,1.82,1.85,1.80,1.80,48400,1.80
2010-06-04,1.80,1.8499,1.80,1.82,12800,1.82
2010-06-03,1.80,1.83,1.80,1.83,32700,1.83
2010-06-02,1.78,1.83,1.77,1.83,76300,1.83
2010-06-01,1.82,1.8272,1.79,1.80,12500,1.80
2010-05-28,1.83,1.84,1.82,1.82,4500,1.82
2010-05-27,1.83,1.85,1.83,1.84,26400,1.84
2010-05-26,1.87,1.87,1.80,1.85,18100,1.85
2010-05-25,1.78,1.85,1.75,1.85,176900,1.85
2010-05-24,1.84,1.87,1.83,1.85,121500,1.85
2010-05-21,1.89,1.91,1.83,1.86,13500,1.86
2010-05-20,1.85,1.87,1.83,1.87,5300,1.87
2010-05-19,1.86,1.88,1.85,1.88,11600,1.88
2010-05-18,1.85,1.89,1.85,1.87,3000,1.87
2010-05-17,1.86,2.00,1.85,1.87,45500,1.87
2010-05-14,1.91,1.92,1.86,1.88,11600,1.88
2010-05-13,1.91,1.96,1.91,1.93,14500,1.93
2010-05-12,1.91,1.95,1.91,1.92,3300,1.92
2010-05-11,1.89,1.94,1.87,1.92,19000,1.92
2010-05-10,2.05,2.05,1.93,1.95,8700,1.95
2010-05-07,1.92,1.99,1.87,1.96,35900,1.96
2010-05-06,1.98,2.02,1.85,1.98,27800,1.98
2010-05-05,1.97,2.00,1.96,2.00,21100,2.00
2010-05-04,1.99,2.01,1.97,1.99,3300,1.99
2010-05-03,1.96,2.015,1.96,2.01,6600,2.01
2010-04-30,1.96,2.02,1.96,1.97,13500,1.97
2010-04-29,2.00,2.02,1.97,1.98,20100,1.98
2010-04-28,1.99,2.00,1.98,2.00,9100,2.00
2010-04-27,2.05,2.06,2.00,2.00,25000,2.00
2010-04-26,2.07,2.10,2.04,2.05,12400,2.05
2010-04-23,2.08,2.08,2.034,2.04,13000,2.04
2010-04-22,2.07,2.07,2.03,2.06,3600,2.06
2010-04-21,2.00,2.07,2.00,2.07,6000,2.07
2010-04-20,2.01,2.06,2.00,2.02,23400,2.02
2010-04-19,1.96,2.0699,1.954,2.01,10300,2.01
2010-04-16,1.98,2.00,1.90,1.9799,69500,1.9799
2010-04-15,2.05,2.05,1.97,1.97,47300,1.97
2010-04-14,2.07,2.08,2.049,2.05,12000,2.05
2010-04-13,2.07,2.0899,2.04,2.05,6000,2.05
2010-04-12,2.12,2.122,2.00,2.07,26300,2.07
2010-04-09,2.15,2.15,2.12,2.12,13900,2.12
2010-04-08,2.09,2.14,2.07,2.13,45400,2.13
2010-04-07,2.05,2.07,2.02,2.07,31100,2.07
2010-04-06,2.00,2.05,1.99,2.04,30900,2.04
2010-04-05,1.95,2.00,1.95,1.99,13800,1.99
2010-04-01,2.00,2.00,1.96,1.97,4600,1.97
2010-03-31,1.96,2.01,1.95,2.00,24200,2.00
2010-03-30,1.95,2.06,1.95,1.95,42700,1.95
2010-03-29,1.89,1.92,1.85,1.92,15600,1.92
2010-03-26,1.85,1.90,1.85,1.85,77300,1.85
2010-03-25,1.90,1.9799,1.85,1.87,68100,1.87
2010-03-24,1.92,1.93,1.86,1.87,38800,1.87
2010-03-23,1.99,2.03,1.95,1.95,36800,1.95
2010-03-22,2.00,2.095,1.96,1.96,30000,1.96
2010-03-19,2.19,2.19,2.00,2.00,112800,2.00
2010-03-18,2.27,2.2701,2.20,2.24,25900,2.24
2010-03-17,2.31,2.35,2.27,2.35,27800,2.35
2010-03-16,2.19,2.302,2.19,2.29,47000,2.29
2010-03-15,2.18,2.18,2.07,2.17,34300,2.17
2010-03-12,2.20,2.23,2.13,2.187,57100,2.187
2010-03-11,2.17,2.21,2.13,2.20,119400,2.20
2010-03-10,2.08,2.17,2.06,2.17,60800,2.17
2010-03-09,1.94,2.10,1.92,2.07,98100,2.07
2010-03-08,1.88,1.93,1.84,1.90,89400,1.90
2010-03-05,1.83,1.88,1.83,1.8599,19000,1.8599
2010-03-04,1.89,1.89,1.82,1.85,64600,1.85
2010-03-03,1.90,1.90,1.83,1.88,114700,1.88
2010-03-02,1.85,1.90,1.82,1.87,11600,1.87
2010-03-01,1.84,1.89,1.80,1.81,164900,1.81
2010-02-26,1.85,1.89,1.76,1.79,397600,1.79
2010-02-25,1.86,1.90,1.78,1.83,404800,1.83
2010-02-24,1.89,1.90,1.85,1.8501,49500,1.8501
2010-02-23,1.84,1.91,1.83,1.866,104100,1.866
2010-02-22,1.86,1.88,1.84,1.85,92200,1.85
2010-02-19,1.87,1.91,1.85,1.86,135600,1.86
2010-02-18,1.84,1.90,1.84,1.85,39500,1.85
2010-02-17,1.91,1.9299,1.78,1.87,76900,1.87
2010-02-16,1.91,1.95,1.90,1.93,36600,1.93
2010-02-12,1.85,1.95,1.85,1.86,40700,1.86
2010-02-11,1.89,1.90,1.84,1.86,38500,1.86
2010-02-10,1.88,1.936,1.83,1.90,20900,1.90
2010-02-09,2.04,2.04,1.91,1.95,43000,1.95
2010-02-08,2.02,2.06,2.00,2.02,6800,2.02
2010-02-05,1.98,2.06,1.98,2.05,18500,2.05
2010-02-04,2.00,2.0499,1.95,2.00,42100,2.00
2010-02-03,2.05,2.06,2.01,2.05,21200,2.05
2010-02-02,2.06,2.07,2.0399,2.05,23300,2.05
2010-02-01,2.11,2.12,2.06,2.0601,18300,2.0601
2010-01-29,2.10,2.12,2.10,2.11,14200,2.11
2010-01-28,2.12,2.17,2.10,2.17,34000,2.17
2010-01-27,2.12,2.17,2.1132,2.13,23900,2.13
2010-01-26,2.06,2.15,2.05,2.15,23900,2.15
2010-01-25,2.06,2.09,2.05,2.09,13200,2.09
2010-01-22,2.04,2.07,2.01,2.06,19900,2.06
2010-01-21,2.07,2.12,2.04,2.08,49500,2.08
2010-01-20,2.11,2.14,2.07,2.07,30900,2.07
2010-01-19,2.14,2.26,2.02,2.08,45000,2.08
2010-01-15,1.90,2.40,1.89,2.30,198600,2.30
2010-01-14,1.90,1.92,1.86,1.90,47500,1.90
2010-01-13,1.94,1.94,1.90,1.90,32900,1.90
2010-01-12,1.92,1.94,1.88,1.92,23200,1.92
2010-01-11,1.93,1.95,1.90,1.95,26300,1.95
2010-01-08,1.87,1.90,1.86,1.90,18900,1.90
2010-01-07,1.86,1.91,1.80,1.90,19400,1.90
2010-01-06,1.82,1.86,1.77,1.8044,16600,1.8044
2010-01-05,1.845,1.90,1.80,1.80,74400,1.80
2010-01-04,1.89,1.89,1.81,1.89,17800,1.89
2009-12-31,1.86,1.90,1.82,1.89,41600,1.89
2009-12-30,1.89,1.89,1.82,1.85,30200,1.85
2009-12-29,1.86,1.92,1.85,1.90,77400,1.90
2009-12-28,1.81,1.89,1.80,1.87,47500,1.87
2009-12-24,1.84,1.8592,1.83,1.84,8300,1.84
2009-12-23,1.87,1.89,1.83,1.83,34700,1.83
2009-12-22,1.82,1.88,1.79,1.88,79400,1.88
2009-12-21,1.82,1.85,1.80,1.8342,30700,1.8342
2009-12-18,1.825,1.88,1.77,1.88,31900,1.88
2009-12-17,1.84,1.92,1.81,1.83,20300,1.83
2009-12-16,1.87,1.88,1.768,1.84,16900,1.84
2009-12-15,1.95,1.96,1.88,1.88,49500,1.88
2009-12-14,1.93,1.98,1.87,1.93,50400,1.93
2009-12-11,1.90,1.925,1.88,1.88,73800,1.88
2009-12-10,1.88,1.94,1.88,1.90,74800,1.90
2009-12-09,1.90,1.96,1.87,1.88,13000,1.88
2009-12-08,1.90,1.94,1.86,1.88,23300,1.88
2009-12-07,1.95,1.96,1.8662,1.87,776900,1.87
2009-12-04,1.89,1.98,1.84,1.89,9400,1.89
2009-12-03,1.85,2.00,1.80,1.89,37500,1.89
2009-12-02,1.80,1.87,1.80,1.855,5900,1.855
2009-12-01,1.83,1.85,1.7524,1.84,24000,1.84
2009-11-30,1.81,1.92,1.7609,1.84,32600,1.84
2009-11-27,1.76,1.84,1.75,1.84,16600,1.84
2009-11-25,1.90,1.91,1.80,1.80,35000,1.80
2009-11-24,1.90,2.00,1.87,1.90,31800,1.90
2009-11-23,1.91,1.9164,1.85,1.90,19900,1.90
2009-11-20,1.97,1.98,1.88,1.90,12600,1.90
2009-11-19,1.92,1.94,1.91,1.94,15000,1.94
2009-11-18,1.90,1.9301,1.90,1.93,4200,1.93
2009-11-17,2.06,2.06,1.90,1.92,15800,1.92
2009-11-16,1.91,1.93,1.89,1.91,23400,1.91
2009-11-13,2.00,2.06,1.93,1.94,12300,1.94
2009-11-12,1.90,2.05,1.8992,1.98,28600,1.98
2009-11-11,1.98,2.05,1.98,2.00,33600,2.00
2009-11-10,2.00,2.03,2.00,2.00,20900,2.00
2009-11-09,2.04,2.10,2.00,2.00,22200,2.00
2009-11-06,1.99,2.03,1.99,2.00,5300,2.00
2009-11-05,1.96,2.05,1.96,2.05,12800,2.05
2009-11-04,2.00,2.05,1.95,2.00,8100,2.00
2009-11-03,1.92,1.99,1.90,1.99,5000,1.99
2009-11-02,2.07,2.07,1.92,1.96,6000,1.96
2009-10-30,1.96,1.97,1.94,1.94,5400,1.94
2009-10-29,1.95,1.98,1.95,1.96,18300,1.96
2009-10-28,2.00,2.00,1.98,1.98,15100,1.98
2009-10-27,1.98,2.004,1.9534,2.00,5300,2.00
2009-10-26,2.03,2.05,1.98,2.01,1600,2.01
2009-10-23,2.01,2.10,1.98,2.02,33100,2.02
2009-10-22,1.93,2.07,1.93,2.03,46900,2.03
2009-10-21,1.90,1.975,1.90,1.94,16400,1.94
2009-10-20,2.00,2.049,1.92,1.95,37100,1.95
2009-10-19,1.96,1.96,1.82,1.92,39500,1.92
2009-10-16,2.01,2.0299,1.86,1.98,56000,1.98
2009-10-15,2.04,2.05,2.01,2.03,5500,2.03
2009-10-14,2.02,2.03,1.9901,2.03,38500,2.03
2009-10-13,2.02,2.03,2.02,2.03,7700,2.03
2009-10-12,2.03,2.0399,2.00,2.00,6700,2.00
2009-10-09,2.03,2.05,2.016,2.04,3100,2.04
2009-10-08,2.00,2.05,2.00,2.01,17500,2.01
2009-10-07,2.00,2.04,1.96,2.01,31500,2.01
2009-10-06,2.03,2.05,2.02,2.02,21700,2.02
2009-10-05,2.00,2.05,2.00,2.03,17600,2.03
2009-10-02,2.06,2.07,2.00,2.00,29200,2.00
2009-10-01,2.15,2.18,2.10,2.10,2100,2.10
2009-09-30,2.20,2.20,2.11,2.15,10100,2.15
2009-09-29,2.16,2.20,2.13,2.15,56700,2.15
2009-09-28,2.17,2.25,2.17,2.20,25800,2.20
2009-09-25,2.18,2.205,2.16,2.1735,15800,2.1735
2009-09-24,2.21,2.21,2.16,2.16,4300,2.16
2009-09-23,2.18,2.25,2.16,2.18,46800,2.18
2009-09-22,2.17,2.2195,2.17,2.19,30000,2.19
2009-09-21,2.19,2.23,2.18,2.20,30300,2.20
2009-09-18,2.19,2.21,2.18,2.21,57000,2.21
2009-09-17,2.21,2.21,2.18,2.20,24300,2.20
2009-09-16,2.19,2.21,2.16,2.20,27500,2.20
2009-09-15,2.20,2.20,2.18,2.19,11900,2.19
2009-09-14,2.23,2.25,2.1722,2.1999,19000,2.1999
2009-09-11,2.19,2.22,2.18,2.20,31000,2.20
2009-09-10,2.19,2.20,2.1607,2.19,20300,2.19
2009-09-09,2.20,2.20,2.17,2.19,16500,2.19
2009-09-08,2.19,2.23,2.17,2.20,18400,2.20
2009-09-04,2.17,2.20,2.17,2.19,18500,2.19
2009-09-03,2.19,2.21,2.16,2.18,6800,2.18
2009-09-02,2.20,2.23,2.16,2.19,72800,2.19
2009-09-01,2.21,2.22,2.18,2.22,29700,2.22
2009-08-31,2.21,2.21,2.16,2.21,18100,2.21
2009-08-28,2.21,2.23,2.19,2.21,34700,2.21
2009-08-27,2.20,2.23,2.18,2.23,45200,2.23
2009-08-26,2.19,2.22,2.18,2.20,28700,2.20
2009-08-25,2.20,2.23,2.15,2.23,73500,2.23
2009-08-24,2.25,2.25,2.09,2.16,29200,2.16
2009-08-21,2.25,2.33,2.22,2.29,226100,2.29
2009-08-20,2.26,2.35,2.26,2.29,9100,2.29
2009-08-19,2.30,2.32,2.28,2.32,12100,2.32
2009-08-18,2.29,2.33,2.23,2.33,22000,2.33
2009-08-17,2.25,2.28,2.24,2.28,11000,2.28
2009-08-14,2.23,2.28,2.20,2.28,18700,2.28
2009-08-13,2.15,2.29,2.15,2.29,26900,2.29
2009-08-12,2.14,2.19,2.10,2.19,122100,2.19
2009-08-11,2.15,2.22,2.10,2.20,45000,2.20
2009-08-10,2.04,2.18,2.00,2.18,27100,2.18
2009-08-07,2.04,2.31,1.87,2.19,115900,2.19
2009-08-06,2.24,2.28,2.10,2.28,46700,2.28
2009-08-05,2.23,2.29,2.121,2.29,41500,2.29
2009-08-04,2.03,2.22,2.02,2.22,303300,2.22
2009-08-03,2.04,2.09,2.03,2.06,46700,2.06
2009-07-31,2.0738,2.17,2.06,2.10,50000,2.10
2009-07-30,2.12,2.16,2.04,2.09,41600,2.09
2009-07-29,2.14,2.21,2.1106,2.165,31300,2.165
2009-07-28,2.20,2.22,2.20,2.21,7400,2.21
2009-07-27,2.20,2.25,2.20,2.20,11200,2.20
2009-07-24,2.08,2.25,2.06,2.20,28700,2.20
2009-07-23,2.12,2.25,2.12,2.19,14300,2.19
2009-07-22,2.07,2.2828,2.07,2.18,17900,2.18
2009-07-21,2.10,2.29,2.05,2.13,40500,2.13
2009-07-20,2.28,2.30,2.25,2.25,14900,2.25
2009-07-17,2.25,2.28,2.20,2.20,311300,2.20
2009-07-16,2.13,2.29,2.13,2.25,38700,2.25
2009-07-15,2.39,2.40,2.24,2.40,104500,2.40
2009-07-14,2.23,2.3194,2.23,2.26,12500,2.26
2009-07-13,2.22,2.38,2.18,2.18,44000,2.18
2009-07-10,2.36,2.36,2.23,2.23,27100,2.23
2009-07-09,2.21,2.35,2.2048,2.33,45800,2.33
2009-07-08,2.32,2.32,2.21,2.25,12100,2.25
2009-07-07,2.30,2.33,2.26,2.29,5400,2.29
2009-07-06,2.22,2.38,2.22,2.34,25800,2.34
2009-07-02,2.32,2.39,2.2507,2.34,6000,2.34
2009-07-01,2.30,2.4966,2.22,2.31,10100,2.31
2009-06-30,2.34,2.50,2.26,2.40,13300,2.40
2009-06-29,2.46,2.46,2.27,2.33,26500,2.33
2009-06-26,2.26,2.49,2.26,2.46,23900,2.46
2009-06-25,2.30,2.38,2.29,2.31,5500,2.31
2009-06-24,2.29,2.3487,2.26,2.32,7700,2.32
2009-06-23,2.27,2.34,2.27,2.34,5300,2.34
2009-06-22,2.44,2.44,2.25,2.36,12300,2.36
2009-06-19,2.39,2.50,2.37,2.43,15600,2.43
2009-06-18,2.27,2.60,2.27,2.44,32200,2.44
2009-06-17,2.46,2.46,2.35,2.35,26000,2.35
2009-06-16,2.55,2.59,2.48,2.48,6700,2.48
2009-06-15,2.57,2.57,2.4301,2.56,12500,2.56
2009-06-12,2.60,2.62,2.45,2.60,27500,2.60
2009-06-11,2.40,2.95,2.39,2.71,223200,2.71
2009-06-10,2.24,2.33,2.24,2.30,5300,2.30
2009-06-09,2.31,2.35,2.20,2.35,13200,2.35
2009-06-08,2.25,2.39,2.15,2.39,42100,2.39
2009-06-05,2.24,2.26,2.14,2.22,11800,2.22
2009-06-04,1.95,2.25,1.95,2.25,49300,2.25
2009-06-03,2.1504,2.20,2.15,2.17,38800,2.17
2009-06-02,2.10,2.20,2.10,2.19,76400,2.19
2009-06-01,2.18,2.18,2.14,2.14,36800,2.14
2009-05-29,2.12,2.20,2.10,2.20,38100,2.20
2009-05-28,2.09,2.15,2.07,2.12,32300,2.12
2009-05-27,2.10,2.16,2.06,2.10,21600,2.10
2009-05-26,2.2008,2.2098,2.10,2.19,28200,2.19
2009-05-22,2.10,2.23,2.10,2.22,19000,2.22
2009-05-21,2.05,2.12,2.05,2.10,15600,2.10
2009-05-20,2.18,2.1947,2.1375,2.1375,6100,2.1375
2009-05-19,2.13,2.20,2.10,2.20,33700,2.20
2009-05-18,1.94,2.13,1.94,2.10,22600,2.10
2009-05-15,2.13,2.13,1.87,1.99,75600,1.99
2009-05-14,2.05,2.1296,2.05,2.10,41200,2.10
2009-05-13,2.10,2.12,2.10,2.12,27900,2.12
2009-05-12,2.09,2.1094,2.07,2.10,18000,2.10
2009-05-11,2.00,2.12,1.96,2.08,96600,2.08
2009-05-08,2.10,2.13,2.10,2.11,5400,2.11
2009-05-07,2.06,2.11,2.01,2.07,12600,2.07
2009-05-06,2.06,2.07,2.01,2.06,26800,2.06
2009-05-05,2.07,2.10,2.05,2.05,31700,2.05
2009-05-04,2.05,2.10,2.01,2.05,27500,2.05
2009-05-01,1.98,2.03,1.98,2.01,7600,2.01
2009-04-30,1.93,1.98,1.93,1.96,36200,1.96
2009-04-29,1.93,1.98,1.93,1.97,6700,1.97
2009-04-28,1.91,1.96,1.91,1.95,12000,1.95
2009-04-27,1.89,1.96,1.89,1.96,45900,1.96
2009-04-24,1.91,1.97,1.91,1.92,19100,1.92
2009-04-23,1.95,1.95,1.92,1.939,5500,1.939
2009-04-22,1.89,1.95,1.89,1.94,12500,1.94
2009-04-21,1.88,1.93,1.88,1.90,17600,1.90
2009-04-20,1.77,1.90,1.77,1.88,20800,1.88
2009-04-17,1.76,1.83,1.75,1.82,15100,1.82
2009-04-16,1.75,1.81,1.73,1.80,23400,1.80
2009-04-15,1.76,1.76,1.72,1.75,11400,1.75
2009-04-14,1.68,1.75,1.62,1.73,10300,1.73
2009-04-13,1.75,1.75,1.725,1.725,5800,1.725
2009-04-09,1.77,1.77,1.67,1.75,18200,1.75
2009-04-08,1.68,1.72,1.60,1.70,25800,1.70
2009-04-07,1.69,1.71,1.67,1.68,12400,1.68
2009-04-06,1.6101,1.77,1.61,1.71,23300,1.71
2009-04-03,1.60,1.63,1.60,1.61,124200,1.61
2009-04-02,1.63,1.63,1.60,1.60,34800,1.60
2009-04-01,1.67,1.67,1.52,1.63,3300,1.63
2009-03-31,1.55,1.6546,1.55,1.65,16600,1.65
2009-03-30,1.35,1.55,1.33,1.55,23400,1.55
2009-03-27,1.32,1.41,1.27,1.41,66100,1.41
2009-03-26,1.3005,1.37,1.30,1.37,15200,1.37
2009-03-25,1.38,1.4098,1.26,1.30,32000,1.30
2009-03-24,1.46,1.50,1.31,1.42,45800,1.42
2009-03-23,1.54,1.54,1.34,1.44,24700,1.44
2009-03-20,1.30,1.56,1.11,1.55,78200,1.55
2009-03-19,1.52,1.52,1.23,1.24,31000,1.24
2009-03-18,1.2995,1.51,1.28,1.51,12500,1.51
2009-03-17,1.24,1.32,1.24,1.30,9500,1.30
2009-03-16,1.24,1.39,1.24,1.27,8000,1.27
2009-03-13,1.24,1.31,1.24,1.26,10100,1.26
2009-03-12,1.17,1.30,1.17,1.27,8100,1.27
2009-03-11,1.27,1.34,1.25,1.26,744600,1.26
2009-03-10,1.2705,1.37,1.2705,1.31,4600,1.31
2009-03-09,1.27,1.28,1.05,1.20,39000,1.20
2009-03-06,1.45,1.45,1.32,1.32,23600,1.32
2009-03-05,1.44,1.44,1.39,1.40,11500,1.40
2009-03-04,1.39,1.43,1.39,1.39,6900,1.39
2009-03-03,1.40,1.605,1.39,1.41,37800,1.41
2009-03-02,1.39,1.49,1.39,1.42,14400,1.42
2009-02-27,1.43,1.69,1.42,1.43,26000,1.43
2009-02-26,1.56,1.58,1.39,1.4625,38600,1.4625
2009-02-25,1.68,1.68,1.55,1.575,11800,1.575
2009-02-24,1.44,1.67,1.44,1.65,95900,1.65
2009-02-23,1.62,1.66,1.50,1.50,43700,1.50
2009-02-20,1.54,1.69,1.50,1.50,65800,1.50
2009-02-19,1.60,1.70,1.55,1.60,36700,1.60
2009-02-18,1.69,1.69,1.58,1.64,12000,1.64
2009-02-17,1.55,1.66,1.53,1.64,16400,1.64
2009-02-13,1.55,1.61,1.50,1.59,15300,1.59
2009-02-12,1.5308,1.80,1.52,1.58,13500,1.58
2009-02-11,1.56,1.56,1.51,1.51,2500,1.51
2009-02-10,1.60,1.65,1.52,1.59,5000,1.59
2009-02-09,1.61,1.65,1.57,1.65,26000,1.65
2009-02-06,1.61,1.70,1.61,1.70,75900,1.70
2009-02-05,1.55,1.80,1.51,1.60,338200,1.60
2009-02-04,1.50,1.56,1.50,1.56,12700,1.56
2009-02-03,1.32,1.58,1.32,1.52,22000,1.52
2009-02-02,1.54,1.55,1.50,1.52,24700,1.52
2009-01-30,1.63,1.70,1.62,1.62,13300,1.62
2009-01-29,1.63,1.7295,1.59,1.64,22100,1.64
2009-01-28,1.64,1.705,1.64,1.68,27300,1.68
2009-01-27,1.76,1.88,1.62,1.64,10400,1.64
2009-01-26,1.93,1.95,1.78,1.81,5900,1.81
2009-01-23,1.62,1.98,1.62,1.98,19900,1.98
2009-01-22,1.70,1.755,1.62,1.71,17100,1.71
2009-01-21,1.5401,1.73,1.52,1.72,25400,1.72
2009-01-20,2.12,2.12,1.75,1.78,18800,1.78
2009-01-16,1.99,2.05,1.96,1.98,7700,1.98
2009-01-15,2.0575,2.06,1.91,1.99,16900,1.99
2009-01-14,2.05,2.16,2.0401,2.15,22700,2.15
2009-01-13,2.12,2.19,2.06,2.08,17200,2.08
2009-01-12,2.14,2.14,2.02,2.06,33700,2.06
2009-01-09,2.05,2.20,2.00,2.198,23200,2.198
2009-01-08,2.015,2.03,2.00,2.0105,23200,2.0105
2009-01-07,2.01,2.03,2.004,2.03,13700,2.03
2009-01-06,2.08,2.10,2.01,2.09,8700,2.09
2009-01-05,1.90,2.03,1.90,2.01,25700,2.01
2009-01-02,1.90,2.00,1.75,1.97,60700,1.97
2008-12-31,1.68,1.84,1.68,1.70,160600,1.70
2008-12-30,1.62,1.7301,1.62,1.7301,25700,1.7301
2008-12-29,1.70,1.7701,1.64,1.65,34900,1.65
2008-12-26,1.64,1.70,1.64,1.65,24100,1.65
2008-12-24,1.65,1.70,1.64,1.64,2400,1.64
2008-12-23,1.64,1.73,1.64,1.67,11500,1.67
2008-12-22,1.82,1.82,1.62,1.70,222100,1.70
2008-12-19,1.79,1.88,1.74,1.88,26800,1.88
2008-12-18,1.60,1.84,1.60,1.72,13600,1.72
2008-12-17,1.63,1.73,1.60,1.66,22100,1.66
2008-12-16,1.67,1.75,1.61,1.66,40900,1.66
2008-12-15,1.85,1.85,1.64,1.64,35700,1.64
2008-12-12,1.80,1.89,1.80,1.89,30200,1.89
2008-12-11,1.80,1.88,1.77,1.83,61400,1.83
2008-12-10,1.71,1.86,1.71,1.83,35400,1.83
2008-12-09,1.5701,1.72,1.57,1.72,80700,1.72
2008-12-08,1.52,1.59,1.52,1.57,22900,1.57
2008-12-05,1.4888,1.59,1.45,1.56,19400,1.56
2008-12-04,1.56,1.60,1.53,1.58,19300,1.58
2008-12-03,1.55,1.58,1.52,1.57,12600,1.57
2008-12-02,1.52,1.58,1.43,1.56,41900,1.56
2008-12-01,1.50,1.55,1.40,1.51,21500,1.51
2008-11-28,1.49,1.50,1.39,1.43,10900,1.43
2008-11-26,1.30,1.49,1.27,1.455,191500,1.455
2008-11-25,1.37,1.37,1.27,1.33,168900,1.33
2008-11-24,1.43,1.47,1.31,1.39,69100,1.39
2008-11-21,1.48,1.48,1.40,1.45,21100,1.45
2008-11-20,1.50,1.57,1.30,1.52,34600,1.52
2008-11-19,1.67,1.67,1.47,1.48,28200,1.48
2008-11-18,1.64,1.728,1.60,1.64,24700,1.64
2008-11-17,1.82,1.83,1.71,1.71,14000,1.71
2008-11-14,1.64,1.86,1.64,1.80,76900,1.80
2008-11-13,1.67,1.70,1.64,1.64,35100,1.64
2008-11-12,1.70,1.73,1.65,1.65,34200,1.65
2008-11-11,1.83,1.83,1.71,1.73,10500,1.73
2008-11-10,1.95,1.95,1.78,1.79,9900,1.79
2008-11-07,2.00,2.00,1.90,1.94,27500,1.94
2008-11-06,2.25,2.25,1.91,1.95,55800,1.95
2008-11-05,2.02,2.24,2.00,2.24,80500,2.24
2008-11-04,2.08,2.24,1.92,2.24,93800,2.24
2008-11-03,1.92,2.11,1.92,2.08,38000,2.08
2008-10-31,1.99,1.99,1.84,1.92,162300,1.92
2008-10-30,1.81,1.99,1.77,1.99,97400,1.99
2008-10-29,1.74,1.99,1.73,1.78,56800,1.78
2008-10-28,1.81,1.838,1.75,1.80,121100,1.80
2008-10-27,1.75,1.80,1.72,1.78,55000,1.78
2008-10-24,1.68,1.80,1.66,1.70,59900,1.70
2008-10-23,1.66,1.89,1.63,1.73,95600,1.73
2008-10-22,1.90,1.90,1.74,1.75,92500,1.75
2008-10-21,1.82,1.90,1.70,1.81,151200,1.81
2008-10-20,1.75,1.82,1.625,1.82,102300,1.82
2008-10-17,1.60,1.80,1.60,1.62,157400,1.62
2008-10-16,1.715,1.77,1.60,1.61,122100,1.61
2008-10-15,1.80,1.80,1.64,1.68,75200,1.68
2008-10-14,2.00,2.00,1.79,1.79,228200,1.79
2008-10-13,1.75,1.95,1.74,1.81,244200,1.81
2008-10-10,1.80,1.84,1.69,1.84,86600,1.84
2008-10-09,1.88,1.88,1.76,1.805,107600,1.805
2008-10-08,1.83,1.90,1.75,1.76,175500,1.76
2008-10-07,1.96,2.03,1.89,1.90,128600,1.90
2008-10-06,2.25,2.25,1.93,2.00,224600,2.00
2008-10-03,2.25,2.25,2.18,2.19,282900,2.19
2008-10-02,2.31,2.31,2.20,2.31,106800,2.31
2008-10-01,2.44,2.56,1.91,2.31,560000,2.31
2008-09-30,2.39,2.45,2.22,2.38,153800,2.38
2008-09-29,2.8175,2.8175,2.05,2.31,73200,2.31
2008-09-26,2.90,2.90,2.75,2.89,28700,2.89
2008-09-25,2.92,2.95,2.91,2.95,45100,2.95
2008-09-24,3.00,3.01,2.92,2.95,46600,2.95
2008-09-23,3.15,3.42,2.95,3.00,102300,3.00
2008-09-22,3.45,3.51,3.10,3.12,70800,3.12
2008-09-19,3.59,3.60,3.33,3.44,76900,3.44
2008-09-18,3.44,3.90,3.34,3.47,104700,3.47
2008-09-17,3.74,3.859,3.46,3.859,53100,3.859
2008-09-16,3.78,3.94,3.31,3.70,49900,3.70
2008-09-15,3.23,3.94,3.22,3.75,144400,3.75
2008-09-12,3.59,4.02,3.41,3.88,190100,3.88
2008-09-11,3.55,3.67,3.45,3.54,79500,3.54
2008-09-10,3.53,3.64,3.50,3.51,32100,3.51
2008-09-09,3.76,4.00,2.96,3.485,1261200,3.485
2008-09-08,3.80,3.914,3.80,3.914,46600,3.914
2008-09-05,3.83,3.85,3.75,3.84,56400,3.84
2008-09-04,3.85,4.00,3.73,3.84,44400,3.84
2008-09-03,3.87,3.99,3.85,3.85,45600,3.85
2008-09-02,3.93,4.08,3.86,3.88,25800,3.88
2008-08-29,3.95,3.95,3.81,3.87,20100,3.87
2008-08-28,3.92,4.08,3.92,4.00,48900,4.00
2008-08-27,3.78,4.04,3.78,3.98,40300,3.98
2008-08-26,3.80,4.09,3.71,3.82,61100,3.82
2008-08-25,3.87,3.97,3.79,3.80,26500,3.80
2008-08-22,3.74,3.99,3.74,3.88,40400,3.88
2008-08-21,3.68,3.82,3.68,3.70,66200,3.70
2008-08-20,3.69,3.81,3.63,3.69,112000,3.69
2008-08-19,4.09,4.10,3.92,3.92,43800,3.92
2008-08-18,4.08,4.11,4.02,4.05,44800,4.05
2008-08-15,4.03,4.06,4.00,4.02,44100,4.02
2008-08-14,3.99,4.09,3.94,3.99,59100,3.99
2008-08-13,3.80,4.05,3.77,3.96,103100,3.96
2008-08-12,3.63,3.81,3.61,3.76,48900,3.76
2008-08-11,3.56,3.69,3.34,3.67,58800,3.67
2008-08-08,3.24,3.64,3.17,3.64,87500,3.64
2008-08-07,3.43,3.52,3.28,3.31,84400,3.31
2008-08-06,3.40,3.58,3.40,3.52,63500,3.52
2008-08-05,3.36,3.43,3.33,3.41,124400,3.41
2008-08-04,3.62,3.62,3.39,3.40,90000,3.40
2008-08-01,3.38,3.60,3.27,3.58,754800,3.58
2008-07-31,3.24,3.66,3.24,3.34,33500,3.34
2008-07-30,3.29,3.40,3.26,3.34,34600,3.34
2008-07-29,3.28,3.29,3.1795,3.26,32800,3.26
2008-07-28,3.24,3.25,3.10,3.25,99300,3.25
2008-07-25,3.23,3.29,3.14,3.20,56700,3.20
2008-07-24,3.18,3.34,3.17,3.19,59000,3.19
2008-07-23,3.27,3.27,3.16,3.21,199600,3.21
2008-07-22,3.21,3.26,3.16,3.19,92700,3.19
2008-07-21,3.22,3.35,3.15,3.26,71300,3.26
2008-07-18,3.30,3.33,3.22,3.24,48000,3.24
2008-07-17,3.39,3.48,3.30,3.31,73100,3.31
2008-07-16,3.94,4.03,3.28,3.38,666400,3.38
2008-07-15,3.59,4.28,3.21,3.84,827400,3.84
2008-07-14,3.74,3.74,3.56,3.62,70300,3.62
2008-07-11,3.50,3.79,3.50,3.69,58600,3.69
2008-07-10,3.40,3.58,3.40,3.58,76900,3.58
2008-07-09,3.40,3.60,3.25,3.37,30400,3.37
2008-07-08,3.44,3.54,3.32,3.38,59800,3.38
2008-07-07,3.65,3.69,3.38,3.484,118700,3.484
2008-07-03,3.75,3.76,3.69,3.69,73100,3.69
2008-07-02,3.86,3.87,3.69,3.75,116500,3.75
2008-07-01,3.85,3.91,3.80,3.82,72900,3.82
2008-06-30,3.88,3.94,3.87,3.91,56400,3.91
2008-06-27,3.87,3.92,3.81,3.92,41300,3.92
2008-06-26,3.91,3.98,3.90,3.90,52600,3.90
2008-06-25,3.95,3.98,3.84,3.945,101200,3.945
2008-06-24,3.87,3.97,3.84,3.96,44800,3.96
2008-06-23,3.87,3.96,3.83,3.89,66600,3.89
2008-06-20,3.85,3.93,3.82,3.83,77300,3.83
2008-06-19,3.95,3.95,3.80,3.88,129200,3.88
2008-06-18,3.95,3.98,3.78,3.92,91100,3.92
2008-06-17,4.06,4.08,3.94,4.00,149400,4.00
2008-06-16,4.13,4.18,4.03,4.10,80800,4.10
2008-06-13,3.92,4.23,3.87,4.11,191800,4.11
2008-06-12,3.85,3.99,3.85,3.93,166400,3.93
2008-06-11,3.81,3.86,3.75,3.82,152000,3.82
2008-06-10,3.86,3.94,3.71,3.78,330500,3.78
2008-06-09,3.87,3.92,3.73,3.84,226100,3.84
2008-06-06,3.80,3.93,3.70,3.90,313900,3.90
2008-06-05,3.70,3.82,3.51,3.80,371500,3.80
2008-06-04,3.75,3.75,3.31,3.65,1384900,3.65
2008-06-03,4.424,4.69,3.68,3.68,2055600,3.68
2008-06-02,5.10,5.22,5.02,5.22,65500,5.22
2008-05-30,4.97,5.12,4.91,5.09,69600,5.09
2008-05-29,4.80,5.06,4.80,4.97,90300,4.97
2008-05-28,5.04,5.05,4.81,4.85,149000,4.85
2008-05-27,4.95,5.03,4.87,4.95,37900,4.95
2008-05-23,5.00,5.05,4.85,4.95,50900,4.95
2008-05-22,4.86,5.00,4.85,4.95,34000,4.95
2008-05-21,4.89,4.95,4.86,4.91,30300,4.91
2008-05-20,5.00,5.00,4.89,4.92,93100,4.92
2008-05-19,4.90,5.15,4.90,4.95,92000,4.95
2008-05-16,5.15,5.17,4.62,4.92,121000,4.92
2008-05-15,5.26,5.26,5.09,5.10,128400,5.10
2008-05-14,5.14,5.22,5.11,5.11,43000,5.11
2008-05-13,5.22,5.27,5.21,5.27,32900,5.27
2008-05-12,5.23,5.26,5.19,5.25,35600,5.25
2008-05-09,5.20,5.26,5.16,5.26,20300,5.26
2008-05-08,5.24,5.2548,5.10,5.19,52500,5.19
2008-05-07,5.27,5.27,5.17,5.17,28200,5.17
2008-05-06,5.13,5.25,5.08,5.23,27500,5.23
2008-05-05,5.17,5.24,5.00,5.20,63800,5.20
2008-05-02,5.08,5.12,5.08,5.12,22000,5.12
2008-05-01,5.25,5.25,5.00,5.06,43200,5.06
2008-04-30,5.03,5.25,5.03,5.25,23000,5.25
2008-04-29,5.04,5.18,5.00,5.04,68400,5.04
2008-04-28,5.15,5.205,5.06,5.205,32100,5.205
2008-04-25,5.254,5.28,5.15,5.15,24800,5.15
2008-04-24,5.19,5.26,5.19,5.20,16900,5.20
2008-04-23,5.28,5.29,5.20,5.22,66300,5.22
2008-04-22,5.25,5.26,5.20,5.25,41500,5.25
2008-04-21,5.20,5.25,5.20,5.25,23700,5.25
2008-04-18,5.27,5.27,5.22,5.27,64800,5.27
2008-04-17,5.14,5.29,5.14,5.24,38000,5.24
2008-04-16,5.10,5.23,5.08,5.17,51700,5.17
2008-04-15,5.05,5.22,5.02,5.12,67300,5.12
2008-04-14,5.05,5.09,5.00,5.05,91800,5.05
2008-04-11,4.95,5.05,4.95,5.04,29900,5.04
2008-04-10,4.96,5.01,4.95,4.99,20900,4.99
2008-04-09,5.00,5.02,4.95,4.96,26300,4.96
2008-04-08,4.99,5.09,4.75,5.00,57100,5.00
2008-04-07,4.91,5.00,4.81,4.99,137600,4.99
2008-04-04,4.74,4.94,4.70,4.83,103900,4.83
2008-04-03,4.69,4.701,4.59,4.70,32500,4.70
2008-04-02,4.51,4.68,4.33,4.67,63400,4.67
2008-04-01,4.45,4.6852,4.41,4.48,86900,4.48
2008-03-31,4.60,4.71,4.36,4.46,91000,4.46
2008-03-28,4.79,4.90,4.59,4.62,31100,4.62
2008-03-27,4.98,4.98,4.82,4.82,38100,4.82
2008-03-26,4.97,5.00,4.82,4.98,37100,4.98
2008-03-25,4.72,5.00,4.61,5.00,54200,5.00
2008-03-24,4.71,4.75,4.45,4.69,67000,4.69
2008-03-20,4.60,4.73,4.52,4.68,25200,4.68
2008-03-19,4.60,4.70,4.55,4.63,43000,4.63
2008-03-18,4.52,4.75,4.50,4.72,57300,4.595
2008-03-17,4.56,4.64,4.32,4.47,118300,4.3516
2008-03-14,4.73,4.802,4.52,4.73,55200,4.6047
2008-03-13,4.66,4.89,4.50,4.75,73500,4.6242
2008-03-12,4.62,4.73,4.62,4.65,42700,4.5269
2008-03-11,4.90,4.929,4.69,4.929,53400,4.7985
2008-03-10,4.83,4.884,4.77,4.884,50300,4.7547
2008-03-07,4.84,4.95,4.76,4.80,87000,4.6729
2008-03-06,5.05,5.05,4.91,4.92,141200,4.7897
2008-03-05,4.79,5.13,4.79,5.01,96800,4.8773
2008-03-04,4.81,4.91,4.75,4.76,62700,4.6339
2008-03-03,5.05,5.05,4.75,4.79,64000,4.6631
2008-02-29,5.00,5.11,4.84,5.05,15700,4.9163
2008-02-28,5.08,5.09,4.75,5.05,71000,4.9163
2008-02-27,5.00,5.09,4.90,5.06,75800,4.926
2008-02-26,5.03,5.07,4.90,4.91,50700,4.78
2008-02-25,4.97,5.02,4.96,5.01,84000,4.8773
2008-02-22,4.81,4.99,4.81,4.97,47400,4.8384
2008-02-21,4.82,4.85,4.76,4.84,126000,4.7118
2008-02-20,4.86,4.92,4.76,4.84,116300,4.7118
2008-02-19,4.80,4.90,4.78,4.86,16500,4.7313
2008-02-15,4.94,4.94,4.75,4.81,12100,4.6826
2008-02-14,4.94,4.98,4.92,4.92,10400,4.7897
2008-02-13,4.79,4.93,4.77,4.91,26800,4.78
2008-02-12,4.77,4.837,4.77,4.837,49000,4.7089
2008-02-11,4.76,4.88,4.75,4.79,58100,4.6631
2008-02-08,4.62,4.82,4.60,4.78,166100,4.6534
2008-02-07,4.55,4.73,4.55,4.62,59300,4.4976
2008-02-06,4.80,5.04,4.53,4.55,213800,4.4295
2008-02-05,4.70,4.82,4.40,4.80,602200,4.6729
2008-02-04,4.50,4.55,4.19,4.23,553000,4.118
2008-02-01,4.57,4.71,4.33,4.44,527300,4.3224
2008-01-31,4.63,4.99,4.41,4.47,258800,4.3516
2008-01-30,4.75,4.75,4.58,4.63,170700,4.5074
2008-01-29,4.80,4.83,4.64,4.68,156600,4.5561
2008-01-28,4.93,4.96,4.71,4.78,59900,4.6534
2008-01-25,4.67,4.91,4.67,4.90,25300,4.7702
2008-01-24,4.74,4.75,4.61,4.67,26200,4.5463
2008-01-23,4.73,4.77,4.61,4.69,78000,4.5658
2008-01-22,4.57,4.75,4.00,4.60,99400,4.4782
2008-01-18,4.81,4.99,4.67,4.77,72700,4.6437
2008-01-17,5.04,5.07,4.80,4.82,86800,4.6924
2008-01-16,4.94,5.00,4.81,4.97,111100,4.8384
2008-01-15,4.94,5.02,4.93,4.98,59400,4.8481
2008-01-14,5.03,5.04,4.94,5.04,135000,4.9065
2008-01-11,5.06,5.12,4.94,4.98,325900,4.8481
2008-01-10,5.11,5.17,5.08,5.10,38400,4.9649
2008-01-09,5.16,5.225,5.09,5.12,83400,4.9844
2008-01-08,5.25,5.45,5.25,5.45,64900,5.3057
2008-01-07,5.43,5.48,5.21,5.27,105000,5.1304
2008-01-04,5.55,5.55,5.21,5.40,157000,5.257
2008-01-03,5.88,5.88,5.46,5.56,85300,5.4128
2008-01-02,5.50,5.76,5.50,5.75,96900,5.5977
2007-12-31,5.56,5.67,5.43,5.50,97800,5.3543
2007-12-28,5.76,5.87,5.35,5.54,120300,5.3933
2007-12-27,5.99,5.99,5.55,5.73,79000,5.5783
2007-12-26,5.58,6.14,5.55,6.00,188700,5.8411
2007-12-24,5.55,5.74,5.55,5.62,36400,5.4712
2007-12-21,5.46,5.68,5.46,5.57,108200,5.4225
2007-12-20,5.35,5.47,5.25,5.47,54200,5.3251
2007-12-19,5.15,5.41,5.15,5.35,126400,5.2083
2007-12-18,5.31,5.33,5.20,5.20,93100,4.9406
2007-12-17,5.12,5.42,5.10,5.25,175700,4.9881
2007-12-14,5.14,5.27,5.02,5.16,107100,4.9026
2007-12-13,5.20,5.20,5.03,5.19,102900,4.9311
2007-12-12,5.31,5.38,5.17,5.195,131400,4.9358
2007-12-11,5.00,5.28,4.98,5.22,327700,4.9596
2007-12-10,4.96,5.19,4.93,5.03,312100,4.7791
2007-12-07,4.87,4.99,4.83,4.98,131100,4.7316
2007-12-06,4.87,4.90,4.81,4.84,74300,4.5986
2007-12-05,4.86,5.00,4.80,4.84,110600,4.5986
2007-12-04,4.77,4.87,4.75,4.85,75500,4.6081
2007-12-03,4.78,4.91,4.76,4.76,95500,4.5225
2007-11-30,4.93,4.98,4.85,4.85,95800,4.6081
2007-11-29,4.95,4.95,4.85,4.93,88100,4.6841
2007-11-28,4.89,5.00,4.80,4.93,103800,4.6841
2007-11-27,4.93,5.03,4.88,4.89,113100,4.6461
2007-11-26,5.09,5.15,4.95,5.00,99700,4.7506
2007-11-23,5.06,5.13,5.03,5.11,19700,4.8551
2007-11-21,4.96,5.14,4.96,5.02,57100,4.7696
2007-11-20,5.03,5.13,4.99,5.00,44000,4.7506
2007-11-19,5.00,5.06,4.983,5.01,91400,4.7601
2007-11-16,5.06,5.15,4.97,5.00,137800,4.7506
2007-11-15,5.17,5.20,5.01,5.01,99600,4.7601
2007-11-14,5.15,5.21,5.12,5.21,44100,4.9501
2007-11-13,5.06,5.25,4.935,5.15,168500,4.8931
2007-11-12,5.55,5.55,5.0001,5.15,82600,4.8931
2007-11-09,5.20,5.54,5.10,5.54,132700,5.2636
2007-11-08,5.77,5.77,5.16,5.16,294800,4.9026
2007-11-07,5.76,5.95,5.70,5.76,153900,5.4727
2007-11-06,5.94,5.99,5.70,5.75,114700,5.4632
2007-11-05,5.95,6.04,5.85,5.88,83300,5.5867
2007-11-02,6.00,6.69,5.80,5.95,828700,5.6532
2007-11-01,6.08,6.10,5.85,5.94,93300,5.6437
2007-10-31,6.05,6.18,6.04,6.07,92000,5.7672
2007-10-30,6.05,6.06,6.00,6.04,114900,5.7387
2007-10-29,6.04,6.10,6.02,6.04,73600,5.7387
2007-10-26,6.11,6.12,6.01,6.05,229500,5.7482
2007-10-25,6.10,6.10,6.01,6.06,54300,5.7577
2007-10-24,6.02,6.09,6.01,6.06,52600,5.7577
2007-10-23,6.03,6.09,6.01,6.04,52600,5.7387
2007-10-22,6.01,6.10,5.97,6.01,61500,5.7102
2007-10-19,6.05,6.13,6.02,6.11,50400,5.8052
2007-10-18,6.07,6.11,6.00,6.02,79600,5.7197
2007-10-17,6.19,6.19,6.07,6.09,50900,5.7862
2007-10-16,6.18,6.25,6.11,6.12,84800,5.8147
2007-10-15,6.14,6.25,6.14,6.17,40300,5.8622
2007-10-12,6.23,6.287,6.17,6.287,40100,5.9734
2007-10-11,6.14,6.32,6.10,6.23,32600,5.9192
2007-10-10,6.15,6.20,6.06,6.10,107200,5.7957
2007-10-09,6.17,6.22,6.13,6.15,49100,5.8432
2007-10-08,6.23,6.30,6.10,6.15,74100,5.8432
2007-10-05,6.28,6.29,6.28,6.29,35200,5.9762
2007-10-04,6.25,6.26,6.10,6.22,30400,5.9097
2007-10-03,6.23,6.30,6.11,6.20,42900,5.8907
2007-10-02,6.20,6.20,6.04,6.20,60800,5.8907
2007-10-01,6.19,6.19,6.10,6.19,174800,5.8812
2007-09-28,6.19,6.19,6.03,6.13,116300,5.8242
2007-09-27,6.15,6.22,6.02,6.22,73900,5.9097
2007-09-26,6.21,6.24,6.09,6.11,86400,5.8052
2007-09-25,6.30,6.34,6.18,6.21,72400,5.9002
2007-09-24,6.34,6.45,6.30,6.30,50400,5.9857
2007-09-21,6.31,6.36,6.31,6.36,40200,6.0427
2007-09-20,6.48,6.48,6.27,6.31,90200,5.9952
2007-09-19,6.43,6.48,6.31,6.48,57000,6.1567
2007-09-18,6.35,6.47,6.26,6.38,114700,6.0617
2007-09-17,6.35,6.35,6.28,6.29,23600,5.9762
2007-09-14,6.46,6.52,6.35,6.52,83100,6.1948
2007-09-13,6.56,6.58,6.41,6.46,39000,6.1377
2007-09-12,6.64,6.68,6.50,6.60,48000,6.152
2007-09-11,6.57,6.73,6.47,6.69,92400,6.2359
2007-09-10,6.77,6.77,6.50,6.52,118700,6.0774
2007-09-07,6.53,6.80,6.53,6.79,85100,6.3291
2007-09-06,6.76,6.76,6.54,6.60,96200,6.152
2007-09-05,6.47,6.80,6.47,6.78,77900,6.3198
2007-09-04,6.79,6.79,6.46,6.51,114200,6.0681
2007-08-31,6.41,6.88,6.34,6.82,84500,6.3571
2007-08-30,6.73,6.74,6.32,6.34,76500,5.9096
2007-08-29,6.50,6.80,6.35,6.80,71000,6.3384
2007-08-28,6.75,6.77,6.45,6.46,127200,6.0215
2007-08-27,6.58,6.75,6.49,6.74,81800,6.2825
2007-08-24,6.32,6.60,6.27,6.56,124200,6.1147
2007-08-23,6.06,6.35,6.06,6.27,168400,5.8444
2007-08-22,6.47,6.47,5.96,6.01,199000,5.602
2007-08-21,6.05,6.45,5.99,6.35,184700,5.919
2007-08-20,6.03,6.06,5.90,6.00,158400,5.5927
2007-08-17,6.14,6.94,5.90,5.99,292400,5.5834
2007-08-16,6.34,6.38,6.00,6.38,235100,5.9469
2007-08-15,6.15,6.46,6.15,6.28,127900,5.8537
2007-08-14,6.47,6.49,6.18,6.49,127100,6.0495
2007-08-13,6.40,6.55,6.08,6.45,169100,6.0122
2007-08-10,6.05,6.25,5.61,6.05,443400,5.6393
2007-08-09,6.62,6.66,5.90,6.06,487800,5.6487
2007-08-08,7.70,7.70,5.66,6.82,816900,6.3571
2007-08-07,8.21,8.21,7.88,8.21,71100,7.6527
2007-08-06,8.00,8.20,8.00,8.20,135200,7.6434
2007-08-03,8.28,8.29,8.00,8.09,184400,7.5409
2007-08-02,8.14,8.35,8.10,8.32,53300,7.7552
2007-08-01,8.46,8.51,8.10,8.16,97400,7.6061
2007-07-31,8.55,8.61,8.48,8.49,66200,7.9137
2007-07-30,8.56,8.56,8.51,8.55,71000,7.9696
2007-07-27,8.60,8.63,8.56,8.63,60600,8.0442
2007-07-26,8.70,8.70,8.56,8.64,75500,8.0535
2007-07-25,8.65,8.72,8.65,8.72,27000,8.1281
2007-07-24,8.59,8.68,8.5812,8.65,34500,8.0628
2007-07-23,8.84,8.84,8.65,8.84,23700,8.2399
2007-07-20,8.68,8.69,8.55,8.60,55000,8.0162
2007-07-19,8.61,8.68,8.61,8.68,44300,8.0908
2007-07-18,8.63,8.65,8.56,8.56,44800,7.979
2007-07-17,8.66,8.69,8.66,8.69,37800,8.1001
2007-07-16,8.55,8.66,8.55,8.66,89700,8.0722
2007-07-13,8.59,8.659,8.50,8.55,130400,7.9696
2007-07-12,8.67,8.68,8.65,8.66,28000,8.0722
2007-07-11,8.60,8.74,8.60,8.74,42700,8.1467
2007-07-10,8.57,8.72,8.57,8.60,63300,8.0162
2007-07-09,8.74,8.75,8.565,8.75,97400,8.1561
2007-07-06,8.69,8.74,8.69,8.74,52600,8.1467
2007-07-05,8.69,8.70,8.65,8.66,37000,8.0722
2007-07-03,8.75,8.75,8.65,8.66,23900,8.0722
2007-07-02,8.76,8.7676,8.63,8.71,55100,8.1188
2007-06-29,8.65,8.75,8.63,8.72,82200,8.1281
2007-06-28,8.61,8.67,8.61,8.67,71000,8.0815
2007-06-27,8.69,8.69,8.57,8.65,67300,8.0628
2007-06-26,8.65,8.69,8.65,8.69,60900,8.1001
2007-06-25,8.74,8.78,8.57,8.60,37400,8.0162
2007-06-22,8.79,8.84,8.62,8.75,47500,8.1561
2007-06-21,8.66,8.96,8.66,8.79,50200,8.1933
2007-06-20,8.89,8.90,8.66,8.69,53300,8.1001
2007-06-19,8.70,8.89,8.70,8.89,67000,8.2866
2007-06-18,8.59,8.79,8.56,8.75,83200,8.1561
2007-06-15,8.75,8.78,8.58,8.60,35900,8.0162
2007-06-14,8.65,8.75,8.50,8.73,73900,8.1374
2007-06-13,8.59,8.68,8.59,8.68,80500,8.0908
2007-06-12,8.66,8.74,8.54,8.59,71300,8.0069
2007-06-11,8.75,8.88,8.53,8.72,256000,8.1281
2007-06-08,8.64,8.81,8.43,8.81,98000,8.212
2007-06-07,8.69,8.69,8.63,8.69,154400,8.1001
2007-06-06,8.93,8.93,8.69,8.93,169400,8.3238
2007-06-05,8.73,9.06,8.39,8.93,576100,8.3238
2007-06-04,9.00,9.23,8.99,9.23,86700,8.6035
2007-06-01,9.00,9.13,8.80,9.03,69100,8.417
2007-05-31,8.85,8.94,8.83,8.94,67700,8.3332
2007-05-30,8.73,9.00,8.72,9.00,60100,8.2726
2007-05-29,8.80,8.84,8.74,8.84,71900,8.1255
2007-05-25,8.80,8.94,8.80,8.94,69000,8.2174
2007-05-24,8.59,8.73,8.59,8.62,85300,7.9233
2007-05-23,8.55,8.78,8.52,8.60,59200,7.9049
2007-05-22,8.85,8.88,8.51,8.51,123300,7.8222
2007-05-21,8.86,8.96,8.85,8.85,55400,8.1347
2007-05-18,8.85,9.00,8.85,9.00,57900,8.2726
2007-05-17,8.99,8.99,8.83,8.99,34100,8.2634
2007-05-16,8.89,8.95,8.88,8.93,31200,8.2082
2007-05-15,8.94,8.98,8.84,8.98,44400,8.2542
2007-05-14,8.77,8.99,8.72,8.97,131600,8.245
2007-05-11,8.88,8.974,8.69,8.74,281200,8.0336
2007-05-10,9.00,9.10,8.84,8.85,352100,8.1347
2007-05-09,8.97,9.07,8.95,9.00,108600,8.2726
2007-05-08,8.85,9.07,8.75,9.06,130300,8.3277
2007-05-07,8.86,9.00,8.86,9.00,78000,8.2726
2007-05-04,8.97,8.97,8.83,8.86,51600,8.1439
2007-05-03,8.86,8.95,8.86,8.95,47500,8.2266
2007-05-02,8.858,8.942,8.858,8.942,53700,8.2193
2007-05-01,8.79,8.89,8.67,8.85,126900,8.1347
2007-04-30,8.65,8.84,8.65,8.84,306900,8.1255
2007-04-27,8.50,8.78,8.50,8.78,156900,8.0704
2007-04-26,8.71,8.81,8.50,8.81,149200,8.0979
2007-04-25,8.75,8.80,8.64,8.68,66200,7.9784
2007-04-24,8.84,8.90,8.69,8.69,48400,7.9876
2007-04-23,8.93,8.99,8.813,8.99,86300,8.2634
2007-04-20,9.02,9.02,8.91,9.02,75800,8.291
2007-04-19,8.76,9.00,8.76,9.00,71500,8.2726
2007-04-18,8.77,8.96,8.67,8.78,43100,8.0704
2007-04-17,8.83,8.94,8.76,8.78,66000,8.0704
2007-04-16,9.01,9.01,8.85,8.86,62700,8.1439
2007-04-13,9.00,9.02,8.82,8.96,84500,8.2358
2007-04-12,8.83,9.00,8.82,8.99,78200,8.2634
2007-04-11,8.92,9.00,8.81,9.00,100400,8.2726
2007-04-10,9.11,9.11,8.95,8.95,72800,8.2266
2007-04-09,9.02,9.12,8.92,8.98,80600,8.2542
2007-04-05,8.95,9.05,8.90,8.90,47600,8.1807
2007-04-04,8.80,9.15,8.80,8.98,141600,8.2542
2007-04-03,9.18,9.18,8.78,8.81,180600,8.0979
2007-04-02,9.00,9.19,8.91,9.14,108600,8.4013
2007-03-30,9.15,9.19,8.90,9.00,88900,8.2726
2007-03-29,9.11,9.14,8.98,9.11,63300,8.3737
2007-03-28,9.04,9.12,8.97,9.11,79200,8.3737
2007-03-27,9.13,9.16,9.02,9.08,71400,8.3461
2007-03-26,9.17,9.26,9.10,9.11,72400,8.3737
2007-03-23,9.09,9.24,9.04,9.14,82200,8.4013
2007-03-22,9.20,9.29,9.02,9.14,88500,8.4013
2007-03-21,9.28,9.44,9.16,9.44,115700,8.677
2007-03-20,9.35,9.55,9.29,9.55,331900,8.7781
2007-03-19,8.77,8.92,8.77,8.92,115100,8.199
2007-03-16,8.37,8.79,8.34,8.77,178800,8.0612
2007-03-15,8.26,8.46,8.21,8.30,301900,7.6291
2007-03-14,8.45,8.47,8.16,8.30,208500,7.6291
2007-03-13,8.52,8.61,8.47,8.48,58900,7.7946
2007-03-12,8.72,8.72,8.56,8.58,124000,7.8865
2007-03-09,8.89,8.94,8.65,8.69,78400,7.9876
2007-03-08,8.93,9.00,8.81,8.89,89600,8.1715
2007-03-07,8.97,9.00,8.78,8.87,90100,8.1531
2007-03-06,8.52,9.00,8.52,9.00,122700,8.2726
2007-03-05,8.74,8.78,8.50,8.52,150900,7.8314
2007-03-02,9.11,9.11,8.74,8.81,162100,8.0979
2007-03-01,9.06,9.26,9.00,9.09,124000,8.3553
2007-02-28,9.21,9.27,9.05,9.07,147500,8.3369
2007-02-27,9.55,9.56,9.15,9.25,153200,8.5024
2007-02-26,9.32,9.62,9.13,9.56,240600,8.7873
2007-02-23,9.15,9.39,9.15,9.39,72700,8.631
2007-02-22,9.50,9.50,9.11,9.12,153600,8.3829
2007-02-21,9.49,9.56,9.38,9.47,177000,8.7046
2007-02-20,9.33,9.50,9.26,9.49,107300,8.723
2007-02-16,9.36,9.36,9.30,9.36,105300,8.6035
2007-02-15,9.40,9.46,9.24,9.32,98400,8.5667
2007-02-14,9.26,9.49,9.26,9.49,179700,8.723
2007-02-13,9.29,9.32,9.149,9.26,141700,8.5116
2007-02-12,9.17,9.35,9.13,9.27,190300,8.5207
2007-02-09,9.07,9.34,9.07,9.25,205300,8.5024
2007-02-08,9.26,9.35,9.00,9.04,324900,8.3093
2007-02-07,9.77,9.82,9.57,9.82,138100,9.0263
2007-02-06,9.54,9.76,9.54,9.76,360500,8.9711
2007-02-05,9.41,9.57,9.36,9.42,357600,8.6586
2007-02-02,9.20,9.43,9.20,9.41,190900,8.6494
2007-02-01,9.20,9.30,9.09,9.29,283800,8.5391
2007-01-31,9.00,9.20,8.90,9.19,215400,8.4472
2007-01-30,8.67,9.25,8.40,9.06,836700,8.3277
2007-01-29,9.49,9.52,9.38,9.42,210200,8.6586
2007-01-26,9.56,9.56,9.23,9.50,182900,8.7322
2007-01-25,10.00,10.00,9.50,9.55,375900,8.7781
2007-01-24,9.97,10.08,9.97,10.03,203900,9.2193
2007-01-23,10.01,10.07,9.90,9.96,295600,9.155
2007-01-22,10.09,10.13,10.02,10.13,1294900,9.3112
2007-01-19,10.15,10.15,10.119,10.15,259500,9.3296
2007-01-18,10.23,10.25,10.00,10.12,152000,9.302
2007-01-17,10.24,10.24,10.01,10.20,361600,9.3756
2007-01-16,10.07,10.25,9.98,10.11,632900,9.2929
2007-01-12,9.98,10.23,9.95,10.14,459800,9.3204
2007-01-11,9.84,10.12,9.77,10.05,205800,9.2377
2007-01-10,9.73,9.89,9.50,9.80,241100,9.0079
2007-01-09,10.10,10.18,9.96,10.08,305100,9.2653
2007-01-08,9.98,10.18,9.98,10.04,371500,9.2285
2007-01-05,9.76,10.04,9.76,9.98,547600,9.1734
2007-01-04,9.84,9.84,9.67,9.77,335400,8.9803
2007-01-03,9.68,9.87,9.66,9.77,160300,8.9803
2006-12-29,9.51,9.70,9.50,9.61,80800,8.8333
2006-12-28,9.58,9.70,9.51,9.57,115300,8.7965
2006-12-27,9.62,9.62,9.45,9.58,122100,8.8057
2006-12-26,9.42,9.60,9.42,9.59,179500,8.8149
2006-12-22,9.51,9.51,9.38,9.42,88200,8.6586
2006-12-21,9.39,9.58,9.30,9.545,102400,8.7735
2006-12-20,9.445,9.59,9.40,9.59,109500,8.8149
2006-12-19,9.47,9.50,9.39,9.44,201400,8.677
2006-12-18,9.40,9.50,9.40,9.45,119600,8.6862
2006-12-15,9.39,9.40,9.29,9.35,91700,8.5943
2006-12-14,9.35,9.45,9.32,9.39,131600,8.631
2006-12-13,9.34,9.37,9.34,9.37,123500,8.6127
2006-12-12,9.30,9.38,9.29,9.31,111400,8.5575
2006-12-11,9.27,9.36,9.25,9.26,92100,8.5116
2006-12-08,9.35,9.36,9.12,9.27,112700,8.5207
2006-12-07,9.35,9.42,9.27,9.27,178500,8.5207
2006-12-06,9.01,9.08,8.86,8.98,64800,8.2542
2006-12-05,9.13,9.14,9.00,9.01,66300,8.2818
2006-12-04,8.93,9.16,8.93,9.13,111600,8.3921
2006-12-01,9.09,9.09,8.83,8.90,320300,8.1807
2006-11-30,9.10,9.14,8.97,9.14,158600,8.4013
2006-11-29,9.05,9.28,9.05,9.07,173600,8.3369
2006-11-28,9.07,9.09,9.00,9.03,65600,8.3001
2006-11-27,9.05,9.06,8.93,9.04,109500,8.3093
2006-11-24,8.85,8.99,8.85,8.99,43800,8.2634
2006-11-22,8.99,9.10,8.83,9.10,223200,8.3645
2006-11-21,9.23,9.27,8.87,8.96,133900,8.2358
2006-11-20,9.19,9.33,9.16,9.20,207400,8.4564
2006-11-17,9.14,9.25,9.13,9.22,72400,8.4748
2006-11-16,9.15,9.30,9.15,9.30,245000,8.5483
2006-11-15,9.20,9.26,9.17,9.17,165800,8.4288
2006-11-14,9.07,9.43,9.05,9.17,382800,8.4288
2006-11-13,8.88,9.03,8.88,8.98,291000,8.2542
2006-11-10,9.20,9.20,8.89,8.94,253300,8.2174
2006-11-09,9.44,9.45,9.14,9.45,231000,8.6862
2006-11-08,9.14,9.49,9.06,9.41,137600,8.6494
2006-11-07,9.40,9.63,9.25,9.43,368400,8.6678
2006-11-06,8.98,9.209,8.98,9.209,182400,8.4647
2006-11-03,8.88,8.97,8.86,8.94,78200,8.2174
2006-11-02,8.90,8.95,8.86,8.95,62100,8.2266
2006-11-01,8.82,8.96,8.82,8.96,66100,8.2358
2006-10-31,8.99,8.99,8.76,8.81,101600,8.0979
2006-10-30,9.16,9.16,8.99,9.16,60000,8.4196
2006-10-27,9.15,9.16,9.03,9.13,161700,8.3921
2006-10-26,9.05,9.18,9.02,9.121,235300,8.3838
2006-10-25,9.15,9.15,8.84,8.95,184000,8.2266
2006-10-24,8.95,9.22,8.95,9.12,234900,8.3829
2006-10-23,8.86,8.95,8.86,8.95,53200,8.2266
2006-10-20,8.88,8.99,8.73,8.93,102800,8.2082
2006-10-19,8.78,8.98,8.78,8.88,60100,8.1623
2006-10-18,8.96,8.988,8.70,8.75,72100,8.0428
2006-10-17,8.82,9.05,8.82,9.05,197100,8.3185
2006-10-16,8.93,8.93,8.67,8.71,104500,8.006
2006-10-13,8.87,8.95,8.76,8.84,102700,8.1255
2006-10-12,8.82,8.89,8.69,8.84,102700,8.1255
2006-10-11,8.80,8.949,8.77,8.949,138900,8.2257
2006-10-10,8.60,8.62,8.46,8.62,104600,7.9233
2006-10-09,8.30,8.53,8.13,8.47,42700,7.7854
2006-10-06,8.45,8.45,8.16,8.30,90400,7.6291
2006-10-05,8.34,8.44,8.26,8.36,113600,7.6843
2006-10-04,8.00,8.28,7.99,8.27,131700,7.6016
2006-10-03,8.12,8.22,7.90,7.95,95100,7.3074
2006-10-02,8.28,8.37,7.85,8.17,176600,7.5097
2006-09-29,8.20,8.33,8.20,8.25,65200,7.5832
2006-09-28,8.51,8.529,8.23,8.529,137300,7.8396
2006-09-27,8.31,8.53,8.31,8.53,90700,7.8406
2006-09-26,8.44,8.54,8.38,8.40,94500,7.7211
2006-09-25,8.65,8.67,8.40,8.44,84100,7.7578
2006-09-22,8.57,8.62,8.52,8.55,39500,7.8589
2006-09-21,8.53,8.64,8.49,8.54,99600,7.8497
2006-09-20,8.70,8.70,8.509,8.56,98900,7.8681
2006-09-19,8.72,8.73,8.59,8.65,66800,7.9509
2006-09-18,8.61,8.65,8.53,8.65,77500,7.9509
2006-09-15,8.62,8.64,8.47,8.55,102300,7.8589
2006-09-14,8.61,8.69,8.61,8.66,74100,7.96
2006-09-13,8.75,8.80,8.65,8.65,140900,7.9509
2006-09-12,8.70,8.80,8.65,8.73,259600,8.0244
2006-09-11,8.84,8.84,8.60,8.60,101900,7.9049
2006-09-08,8.75,8.99,8.75,8.99,136400,8.2634
2006-09-07,8.71,8.75,8.61,8.645,381400,7.9463
2006-09-06,8.66,8.67,8.47,8.60,1104100,7.9049
2006-09-05,8.49,8.53,8.41,8.48,191600,7.7946
2006-09-01,8.39,8.50,8.39,8.47,76300,7.7854
2006-08-31,8.58,8.58,8.36,8.39,247200,7.7119
2006-08-30,8.26,8.95,8.26,8.48,949700,7.7946
2006-08-29,7.77,7.89,7.76,7.89,34300,7.2523
2006-08-28,7.78,7.91,7.74,7.91,50400,7.2707
2006-08-25,7.85,7.91,7.75,7.91,61000,7.2707
2006-08-24,7.86,7.91,7.80,7.84,51900,7.2063
2006-08-23,7.97,8.09,7.85,7.89,38000,7.2523
2006-08-22,8.10,8.12,7.89,8.06,197500,7.4085
2006-08-21,7.73,8.04,7.73,8.00,89800,7.3534
2006-08-18,7.81,7.93,7.63,7.66,51800,7.0409
2006-08-17,7.96,7.98,7.71,7.78,39100,7.1512
2006-08-16,7.86,8.01,7.85,7.93,79700,7.2891
2006-08-15,7.92,8.00,7.72,7.80,123100,7.1696
2006-08-14,7.92,8.06,7.69,7.81,76000,7.1788
2006-08-11,8.06,8.09,7.77,7.93,126900,7.2891
2006-08-10,7.80,8.10,7.80,8.04,179200,7.3902
2006-08-09,7.57,7.99,7.47,7.86,584500,7.2247
2006-08-08,7.29,7.70,7.29,7.50,333300,6.8938
2006-08-07,6.75,6.88,6.68,6.71,160900,6.1677
2006-08-04,6.75,6.86,6.61,6.71,131700,6.1677
2006-08-03,6.91,6.91,6.76,6.76,67700,6.2136
2006-08-02,6.70,6.99,6.62,6.89,83600,6.3331
2006-08-01,6.83,6.92,6.60,6.65,145500,6.1125
2006-07-31,6.70,6.99,6.62,6.84,69400,6.2872
2006-07-28,6.78,6.88,6.60,6.68,138000,6.1401
2006-07-27,7.01,7.01,6.58,6.75,67800,6.2044
2006-07-26,6.81,7.01,6.59,6.96,41400,6.3975
2006-07-25,6.73,6.86,6.64,6.80,50300,6.2504
2006-07-24,6.81,6.85,6.65,6.76,34500,6.2136
2006-07-21,6.53,6.89,6.45,6.80,145800,6.2504
2006-07-20,6.59,6.62,6.48,6.50,185500,5.9746
2006-07-19,6.53,6.68,6.53,6.58,80000,6.0482
2006-07-18,6.75,6.76,6.54,6.76,41500,6.2136
2006-07-17,6.69,6.78,6.57,6.75,169400,6.2044
2006-07-14,6.73,6.79,6.71,6.79,114700,6.2412
2006-07-13,6.67,6.86,6.67,6.86,159700,6.3055
2006-07-12,6.92,6.99,6.68,6.73,74200,6.186
2006-07-11,6.82,7.01,6.82,7.01,38400,6.4434
2006-07-10,6.92,6.95,6.75,6.86,74700,6.3055
2006-07-07,6.96,7.04,6.90,6.91,84200,6.3515
2006-07-06,7.15,7.20,6.97,7.00,102300,6.4342
2006-07-05,6.86,7.17,6.86,7.17,75700,6.5905
2006-07-03,7.13,7.13,6.90,6.90,87800,6.3423
2006-06-30,7.27,7.32,7.05,7.17,81900,6.5905
2006-06-29,7.03,7.25,7.03,7.22,76600,6.6364
2006-06-28,7.02,7.06,6.97,7.03,71100,6.4618
2006-06-27,7.05,7.16,7.02,7.03,145400,6.4618
2006-06-26,7.17,7.22,7.07,7.08,65500,6.5078
2006-06-23,7.30,7.32,7.07,7.12,164400,6.5445
2006-06-22,6.99,7.35,6.95,7.32,152500,6.7284
2006-06-21,6.65,7.10,6.62,7.00,1183900,6.4342
2006-06-20,6.80,6.80,6.53,6.68,146400,6.1401
2006-06-19,6.62,6.79,6.62,6.66,137300,6.1217
2006-06-16,6.74,6.89,6.66,6.73,132300,6.186
2006-06-15,7.12,7.12,6.76,7.12,276600,6.5445
2006-06-14,7.19,7.19,7.12,7.19,100200,6.6089
2006-06-13,7.34,7.35,7.22,7.35,198600,6.7559
2006-06-12,7.25,7.34,7.18,7.34,169600,6.7467
2006-06-09,7.29,7.30,7.15,7.25,76000,6.664
2006-06-08,7.41,7.41,7.29,7.41,197000,6.8111
2006-06-07,7.44,7.54,7.30,7.41,318700,6.8111
2006-06-06,7.34,8.29,7.004,7.41,1526300,6.8111
2006-06-05,8.79,8.84,8.55,8.68,159600,7.9784
2006-06-02,8.59,8.74,8.59,8.74,72700,8.0336
2006-06-01,8.68,8.70,8.56,8.65,71600,7.9509
2006-05-31,8.40,8.68,8.40,8.64,91100,7.9417
2006-05-30,8.66,8.66,8.43,8.66,79100,7.96
2006-05-26,8.44,8.72,8.44,8.66,127300,7.96
2006-05-25,8.56,8.60,8.40,8.44,64200,7.7578
2006-05-24,8.54,8.73,8.50,8.60,104300,7.9049
2006-05-23,8.54,8.694,8.54,8.65,37600,7.9509
2006-05-22,9.00,9.00,8.55,8.58,140300,7.8865
2006-05-19,8.64,8.74,8.59,8.68,35600,7.9784
2006-05-18,8.60,8.77,8.54,8.67,41600,7.9692
2006-05-17,8.69,8.73,8.569,8.62,145700,7.9233
2006-05-16,8.68,8.76,8.64,8.68,78400,7.9784
2006-05-15,8.79,8.89,8.64,8.65,257200,7.9509
2006-05-12,8.97,8.97,8.83,8.90,106400,8.1807
2006-05-11,9.01,9.01,8.89,8.98,85300,8.2542
2006-05-10,8.98,9.04,8.95,8.97,83700,8.245
2006-05-09,9.00,9.02,8.96,9.00,161300,8.2726
2006-05-08,8.96,9.00,8.92,9.00,87300,8.2726
2006-05-05,9.01,9.09,8.96,9.00,100300,8.2726
2006-05-04,9.07,9.15,8.97,9.01,290700,8.2818
2006-05-03,9.08,9.17,9.00,9.10,64700,8.3645
2006-05-02,9.00,9.20,8.96,9.04,174700,8.3093
2006-05-01,9.00,9.21,8.99,9.21,308900,8.4656
2006-04-28,9.06,9.10,8.94,9.00,62600,8.2726
2006-04-27,9.10,9.15,8.94,9.02,74500,8.291
2006-04-26,9.21,9.21,9.06,9.11,45500,8.3737
2006-04-25,9.19,9.34,9.10,9.25,112700,8.5024
2006-04-24,9.22,9.22,9.00,9.12,71000,8.3829
2006-04-21,9.055,9.24,8.80,9.19,128400,8.4472
2006-04-20,9.00,9.10,8.95,8.96,96300,8.2358
2006-04-19,9.32,9.36,8.93,9.15,166700,8.4104
2006-04-18,9.07,9.38,8.84,9.36,113700,8.6035
2006-04-17,9.02,9.10,9.00,9.01,237900,8.2818
2006-04-13,8.89,9.09,8.89,9.06,53300,8.3277
2006-04-12,9.04,9.08,8.90,8.93,164400,8.2082
2006-04-11,9.17,9.20,9.00,9.04,208800,8.3093
2006-04-10,8.99,9.20,8.94,9.20,316500,8.4564
2006-04-07,8.50,8.94,8.50,8.85,452900,8.1347
2006-04-06,8.25,8.62,8.25,8.49,411800,7.8038
2006-04-05,7.96,8.307,7.67,8.16,1217900,7.5005
2006-04-04,7.12,7.30,7.12,7.27,94200,6.6824
2006-04-03,7.56,7.56,7.168,7.168,195200,6.5886
2006-03-31,7.63,7.63,7.48,7.59,20400,6.9765
2006-03-30,7.79,7.79,7.51,7.63,21600,7.0133
2006-03-29,7.55,7.80,7.55,7.75,18200,7.1236
2006-03-28,7.75,7.77,7.64,7.65,49600,7.0317
2006-03-27,7.79,7.84,7.73,7.75,23900,7.1236
2006-03-24,7.79,7.90,7.55,7.75,60300,7.1236
2006-03-23,7.76,7.85,7.72,7.75,55000,7.1236
2006-03-22,7.88,7.88,7.54,7.805,63900,7.1742
2006-03-21,7.65,7.80,7.37,7.71,121200,7.0868
2006-03-20,7.87,7.88,7.44,7.49,127200,6.8846
2006-03-17,7.82,7.84,7.72,7.83,42100,7.1971
2006-03-16,7.80,7.83,7.73,7.81,106400,7.1788
2006-03-15,7.70,7.80,7.67,7.77,108900,7.142
2006-03-14,7.62,7.69,7.61,7.67,88400,7.0501
2006-03-13,7.56,7.63,7.39,7.62,221200,7.0041
2006-03-10,7.29,7.61,7.29,7.55,129900,6.9398
2006-03-09,7.29,7.30,7.23,7.25,47800,6.664
2006-03-08,7.24,7.25,7.19,7.25,62000,6.664
2006-03-07,7.27,7.29,7.08,7.24,106800,6.6548
2006-03-06,7.34,7.36,7.18,7.25,93200,6.664
2006-03-03,7.25,7.28,7.23,7.26,105700,6.6732
2006-03-02,7.25,7.31,7.23,7.26,211200,6.6732
2006-03-01,7.18,7.30,7.18,7.25,237800,6.664
2006-02-28,7.24,7.30,7.13,7.13,46000,6.5537
2006-02-27,7.30,7.32,7.22,7.22,102400,6.6364
2006-02-24,7.24,7.32,7.15,7.30,44500,6.71
2006-02-23,7.25,7.35,7.20,7.22,99500,6.6364
2006-02-22,7.30,7.30,7.15,7.25,79200,6.664
2006-02-21,7.19,7.31,7.14,7.25,99400,6.664
2006-02-17,7.21,7.25,7.15,7.23,96500,6.6456
2006-02-16,7.13,7.21,7.12,7.20,92300,6.6181
2006-02-15,7.02,7.20,7.001,7.15,96900,6.5721
2006-02-14,7.15,7.20,6.96,6.98,71800,6.4158
2006-02-13,7.11,7.20,6.96,7.18,156700,6.5997
2006-02-10,7.00,7.12,6.91,7.04,171100,6.471
2006-02-09,7.12,7.16,6.93,6.96,137400,6.3975
2006-02-08,6.85,7.18,6.65,7.08,176000,6.5078
2006-02-07,7.00,7.29,7.00,7.17,415900,6.5905
2006-02-06,6.90,6.95,6.84,6.89,69800,6.3331
2006-02-03,6.75,6.80,6.68,6.80,142800,6.2504
2006-02-02,6.76,6.85,6.68,6.71,81800,6.1677
2006-02-01,6.72,6.73,6.59,6.69,87700,6.1493
2006-01-31,6.68,6.75,6.60,6.69,147500,6.1493
2006-01-30,6.51,6.65,6.48,6.64,117600,6.1033
2006-01-27,6.52,6.54,6.38,6.47,106900,5.9471
2006-01-26,6.50,6.52,6.38,6.52,104500,5.993
2006-01-25,6.50,6.50,6.40,6.41,86800,5.8919
2006-01-24,6.47,6.50,6.47,6.50,83800,5.9746
2006-01-23,6.52,6.52,6.42,6.42,87900,5.9011
2006-01-20,6.58,6.70,6.50,6.50,44400,5.9746
2006-01-19,6.72,6.80,6.56,6.58,39200,6.0482
2006-01-18,6.53,6.65,6.45,6.63,49300,6.0941
2006-01-17,6.64,6.64,6.50,6.508,71100,5.982
2006-01-13,6.57,6.57,6.49,6.52,47200,5.993
2006-01-12,6.61,6.61,6.50,6.50,92300,5.9746
2006-01-11,6.71,6.71,6.52,6.53,69400,6.0022
2006-01-10,6.57,6.64,6.51,6.64,83700,6.1033
2006-01-09,6.72,6.72,6.523,6.58,133000,6.0482
2006-01-06,6.68,6.71,6.535,6.59,106700,6.0574
2006-01-05,6.68,6.72,6.59,6.65,84900,6.1125
2006-01-04,6.92,6.92,6.64,6.68,60700,6.1401
2006-01-03,6.63,7.08,6.60,6.85,275000,6.2963
2005-12-30,6.52,6.53,6.38,6.53,125700,6.0022
2005-12-29,6.15,6.59,6.15,6.55,196700,6.0206
2005-12-28,6.09,6.23,6.04,6.20,123900,5.6989
2005-12-27,6.19,6.21,5.95,6.09,440200,5.5978
2005-12-23,6.26,6.28,6.15,6.19,190100,5.6897
2005-12-22,6.30,6.30,6.25,6.279,64000,5.7715
2005-12-21,6.37,6.37,6.27,6.28,62800,5.7724
2005-12-20,6.30,6.40,6.28,6.28,59000,5.7724
2005-12-19,6.37,6.49,6.30,6.32,80800,5.8092
2005-12-16,6.49,6.58,6.29,6.34,83900,5.8276
2005-12-15,6.70,6.71,6.43,6.47,92700,5.9471
2005-12-14,6.55,6.70,6.41,6.58,233800,6.0482
2005-12-13,6.51,6.85,6.50,6.76,296200,6.2136
2005-12-12,6.18,6.42,6.18,6.41,122500,5.8919
2005-12-09,6.27,6.27,6.12,6.20,522600,5.6989
2005-12-08,6.09,6.23,6.09,6.23,233000,5.7265
2005-12-07,6.15,6.16,6.09,6.10,92500,5.607
2005-12-06,6.25,6.30,6.165,6.30,205800,5.7908
2005-12-05,6.40,6.45,6.26,6.27,63300,5.7632
2005-12-02,6.33,6.39,6.19,6.33,648700,5.8184
2005-12-01,6.20,6.40,6.18,6.25,77900,5.7448
2005-11-30,6.20,6.26,6.15,6.21,134900,5.7081
2005-11-29,6.20,6.21,6.10,6.14,104800,5.6437
2005-11-28,6.35,6.36,6.21,6.23,88800,5.7265
2005-11-25,6.20,6.48,6.10,6.32,46700,5.8092
2005-11-23,6.09,6.19,6.09,6.16,63800,5.6621
2005-11-22,6.16,6.20,6.08,6.09,107500,5.5978
2005-11-21,6.12,6.18,6.08,6.17,124300,5.6713
2005-11-18,6.20,6.20,6.04,6.11,140400,5.6162
2005-11-17,6.07,6.30,6.06,6.09,109300,5.5978
2005-11-16,6.19,6.27,6.02,6.09,154300,5.5978
2005-11-15,6.30,6.33,6.14,6.17,90900,5.6713
2005-11-14,6.27,6.28,6.13,6.22,77400,5.7173
2005-11-11,6.20,6.26,6.09,6.18,90000,5.6805
2005-11-10,6.11,6.18,6.11,6.18,207300,5.6805
2005-11-09,5.96,6.37,5.88,6.20,215700,5.6989
2005-11-08,5.91,6.02,5.91,5.97,58200,5.4875
2005-11-07,5.90,6.01,5.80,5.98,70100,5.4967
2005-11-04,5.82,5.90,5.80,5.81,353400,5.3404
2005-11-03,6.04,6.10,5.65,5.85,368100,5.3772
2005-11-02,5.81,6.10,5.74,5.87,355800,5.3956
2005-11-01,5.70,5.85,5.65,5.69,84600,5.2301
2005-10-31,5.55,5.70,5.55,5.65,468700,5.1933
2005-10-28,5.52,5.77,5.46,5.61,233700,5.1566
2005-10-27,5.70,5.81,5.40,5.51,169200,5.0647
2005-10-26,5.80,5.91,5.70,5.70,146500,5.2393
2005-10-25,5.85,5.86,5.78,5.79,44300,5.322
2005-10-24,5.825,5.84,5.79,5.84,62100,5.368
2005-10-21,5.77,5.96,5.75,5.78,60100,5.3128
2005-10-20,5.92,5.92,5.65,5.75,40400,5.2853
2005-10-19,5.85,5.92,5.80,5.91,25100,5.4323
2005-10-18,5.85,6.00,5.85,5.89,22500,5.4139
2005-10-17,5.96,5.96,5.87,5.89,50200,5.4139
2005-10-14,6.02,6.02,5.94,5.96,38600,5.4783
2005-10-13,5.98,6.02,5.95,5.97,83500,5.4875
2005-10-12,6.06,6.10,5.98,6.00,95200,5.515
2005-10-11,6.16,6.17,5.99,6.01,27400,5.5242
2005-10-10,6.17,6.17,6.03,6.09,52300,5.5978
2005-10-07,6.08,6.11,6.03,6.11,46400,5.6162
2005-10-06,6.10,6.16,6.00,6.06,23000,5.5702
2005-10-05,6.19,6.20,6.10,6.13,19000,5.6345
2005-10-04,6.15,6.161,6.01,6.15,59700,5.6529
2005-10-03,6.15,6.15,6.01,6.10,66700,5.607
2005-09-30,5.76,6.15,5.76,6.02,39700,5.5334
2005-09-29,5.90,5.90,5.56,5.81,241400,5.3404
2005-09-28,6.03,6.05,5.82,5.85,55000,5.3772
2005-09-27,6.01,6.09,5.98,6.00,81600,5.515
2005-09-26,6.10,6.17,6.01,6.03,182300,5.5426
2005-09-23,6.01,6.19,5.95,6.08,141200,5.5886
2005-09-22,6.49,6.49,5.98,6.49,436200,5.9654
2005-09-21,6.47,6.698,6.39,6.40,31900,5.8827
2005-09-20,6.75,6.75,6.45,6.56,51300,6.0298
2005-09-19,6.77,6.81,6.64,6.73,64300,6.186
2005-09-16,6.59,6.78,6.305,6.77,24600,6.2228
2005-09-15,6.57,6.67,6.34,6.61,90700,6.0757
2005-09-14,6.84,6.95,6.64,6.64,103300,6.1033
2005-09-13,6.85,6.98,6.85,6.87,29600,6.3147
2005-09-12,6.93,7.09,6.87,6.98,67900,6.4158
2005-09-09,7.05,7.05,6.87,7.01,38200,6.4434
2005-09-08,6.87,7.05,6.87,7.05,38000,6.4802
2005-09-07,7.03,7.03,6.80,6.87,44300,6.3147
2005-09-06,6.89,7.10,6.82,6.95,25000,6.3883
2005-09-02,6.80,6.89,6.76,6.86,67100,6.3055
2005-09-01,7.22,7.24,6.57,6.70,332100,6.1585
2005-08-31,7.28,7.37,7.20,7.26,63100,6.6732
2005-08-30,7.37,7.37,7.26,7.30,71500,6.71
2005-08-29,7.40,7.40,7.30,7.33,23900,6.7375
2005-08-26,7.43,7.43,7.30,7.41,88500,6.8111
2005-08-25,7.38,7.41,7.30,7.41,110200,6.8111
2005-08-24,7.35,7.35,7.29,7.33,31100,6.7375
2005-08-23,7.43,7.43,7.30,7.37,91900,6.7743
2005-08-22,7.43,7.43,7.34,7.41,58100,6.8111
2005-08-19,7.34,7.43,7.30,7.34,455000,6.7467
2005-08-18,7.30,7.39,7.30,7.34,88700,6.7467
2005-08-17,7.40,7.43,7.33,7.33,108900,6.7375
2005-08-16,7.00,7.43,6.99,7.35,798700,6.7559
2005-08-15,6.93,7.02,6.86,6.95,87300,6.3883
2005-08-12,7.00,7.02,6.67,7.00,118800,6.4342
2005-08-11,6.88,7.00,6.87,7.00,78800,6.4342
2005-08-10,6.81,6.95,6.70,6.81,174700,6.2596
2005-08-09,7.14,7.18,6.818,6.88,190400,6.3239
2005-08-08,7.08,7.15,7.00,7.03,150900,6.4618
2005-08-05,6.95,7.07,6.90,7.06,37300,6.4894
2005-08-04,6.76,7.03,6.73,6.95,81900,6.3883
2005-08-03,6.92,6.92,6.77,6.79,90400,6.2412
2005-08-02,6.83,6.94,6.80,6.92,133700,6.3607
2005-08-01,6.88,6.88,6.72,6.80,282300,6.2504
2005-07-29,6.71,6.85,6.71,6.85,68900,6.2963
2005-07-28,6.77,6.77,6.71,6.73,21500,6.186
2005-07-27,6.82,6.82,6.69,6.77,34600,6.2228
2005-07-26,6.81,6.81,6.65,6.74,59400,6.1952
2005-07-25,6.80,6.80,6.74,6.74,88300,6.1952
2005-07-22,6.75,6.84,6.70,6.84,34000,6.2872
2005-07-21,6.55,6.71,6.55,6.71,139400,6.1677
2005-07-20,6.57,6.66,6.54,6.60,35400,6.0666
2005-07-19,6.51,6.63,6.50,6.60,28800,6.0666
2005-07-18,6.67,6.67,6.52,6.53,99500,6.0022
2005-07-15,6.50,6.60,6.45,6.60,84600,6.0666
2005-07-14,6.39,6.50,6.39,6.49,53600,5.9654
2005-07-13,6.40,6.50,6.37,6.43,83700,5.9103
2005-07-12,6.55,6.55,6.28,6.42,54300,5.9011
2005-07-11,6.33,6.50,6.33,6.46,45800,5.9379
2005-07-08,6.61,6.61,6.33,6.48,69900,5.9562
2005-07-07,6.44,6.58,6.33,6.53,22000,6.0022
2005-07-06,6.651,6.70,6.51,6.70,37000,6.1585
2005-07-05,6.82,6.82,6.65,6.70,28800,6.1585
2005-07-01,6.71,6.77,6.63,6.72,63400,6.1769
2005-06-30,6.75,6.76,6.61,6.65,166000,6.1125
2005-06-29,6.67,6.73,6.63,6.69,102000,6.1493
2005-06-28,6.50,6.87,6.50,6.60,229000,6.0666
2005-06-27,6.45,6.51,6.38,6.46,46300,5.9379
2005-06-24,6.60,6.64,6.40,6.50,118200,5.9746
2005-06-23,6.60,6.80,6.51,6.58,133800,6.0482
2005-06-22,6.70,6.83,6.60,6.66,84400,6.1217
2005-06-21,6.87,6.97,6.70,6.75,207100,6.2044
2005-06-20,6.78,6.88,6.69,6.81,252900,6.2596
2005-06-17,6.78,6.78,6.71,6.75,47400,6.2044
2005-06-16,6.73,6.80,6.71,6.76,201000,6.2136
2005-06-15,6.75,6.80,6.63,6.75,184000,6.2044
2005-06-14,6.62,6.65,6.58,6.64,53500,6.1033
2005-06-13,6.52,6.67,6.52,6.60,107400,6.0666
2005-06-10,6.46,6.60,6.42,6.49,229300,5.9654
2005-06-09,6.53,6.68,6.42,6.43,255800,5.9103
2005-06-08,6.50,6.65,6.45,6.50,189900,5.9746
2005-06-07,6.36,6.62,6.36,6.49,301700,5.9654
2005-06-06,6.25,6.48,6.19,6.27,475500,5.7632
2005-06-03,6.03,6.23,5.99,6.14,389100,5.6437
2005-06-02,5.99,6.08,5.99,6.05,267200,5.561
2005-06-01,6.00,6.05,5.90,5.99,424900,5.5059
2005-05-31,6.04,6.13,5.95,6.00,416000,5.515
2005-05-27,6.19,6.25,6.00,6.02,91400,5.5334
2005-05-26,5.82,6.19,5.80,6.10,264200,5.607
2005-05-25,5.30,5.95,4.90,5.82,2499300,5.3496
2005-05-24,6.00,6.00,5.88,5.90,154400,5.4231
2005-05-23,6.05,6.15,5.98,5.99,146200,5.5059
2005-05-20,6.23,6.23,6.03,6.10,84100,5.607
2005-05-19,6.13,6.24,5.99,6.12,124000,5.6253
2005-05-18,6.07,6.14,5.93,6.13,370500,5.6345
2005-05-17,5.99,6.04,5.98,6.00,295500,5.515
2005-05-16,6.20,6.21,5.92,6.02,352800,5.5334
2005-05-13,6.20,6.25,6.20,6.20,27800,5.6989
2005-05-12,6.35,6.35,6.03,6.22,102200,5.7173
2005-05-11,6.25,6.26,6.20,6.24,57000,5.7356
2005-05-10,6.20,6.25,6.18,6.24,520800,5.7356
2005-05-09,6.18,6.28,6.17,6.20,75400,5.6989
2005-05-06,6.12,6.25,6.11,6.17,313700,5.6713
2005-05-05,5.91,6.22,5.91,6.12,206800,5.6253
2005-05-04,5.99,6.20,5.85,6.00,262900,5.515
2005-05-03,6.32,6.32,5.86,6.05,169000,5.561
2005-05-02,6.05,6.26,6.00,6.25,69200,5.7448
2005-04-29,6.12,6.14,6.01,6.04,69800,5.5518
2005-04-28,6.30,6.30,6.12,6.17,20100,5.6713
2005-04-27,6.45,6.45,6.00,6.25,259200,5.7448
2005-04-26,6.47,6.66,6.47,6.48,43000,5.9562
2005-04-25,6.40,6.56,6.40,6.50,148100,5.9746
2005-04-22,6.16,6.42,6.10,6.40,84100,5.8827
2005-04-21,6.07,6.20,6.055,6.20,106700,5.6989
2005-04-20,6.03,6.09,6.01,6.08,133700,5.5886
2005-04-19,6.18,6.25,6.02,6.06,56700,5.5702
2005-04-18,6.19,6.34,6.16,6.19,128600,5.6897
2005-04-15,6.36,6.45,6.20,6.23,15600,5.7265
2005-04-14,6.28,6.50,6.25,6.36,42200,5.8459
2005-04-13,6.20,6.55,6.00,6.35,214400,5.8368
2005-04-12,6.53,6.53,6.03,6.16,344100,5.6621
2005-04-11,7.01,7.05,6.43,6.44,386900,5.9195
2005-04-08,7.10,7.10,6.99,6.99,27400,6.425
2005-04-07,7.19,7.20,7.00,7.05,59400,6.4802
2005-04-06,7.21,7.24,7.11,7.19,52000,6.6089
2005-04-05,7.27,7.27,7.07,7.21,59600,6.6272
2005-04-04,7.25,7.25,7.01,7.18,207100,6.5997
2005-04-01,7.27,7.29,7.25,7.29,50400,6.7008
2005-03-31,6.99,7.28,6.99,7.15,94600,6.5721
2005-03-30,6.99,7.08,6.90,6.99,81600,6.425
2005-03-29,6.99,7.03,6.91,6.93,75300,6.3699
2005-03-28,6.90,7.10,6.90,6.90,61500,6.3423
2005-03-24,6.96,7.04,6.83,6.96,46100,6.3975
2005-03-23,7.08,7.10,6.869,6.91,18700,6.3515
2005-03-22,6.88,7.20,6.82,7.00,215000,6.4342
2005-03-21,6.93,6.95,6.67,6.82,109900,6.2688
2005-03-18,6.98,6.98,6.71,6.86,80100,6.3055
2005-03-17,6.74,6.95,6.70,6.88,168000,6.3239
2005-03-16,6.83,7.05,6.63,6.79,162300,6.2412
2005-03-15,7.16,7.16,6.66,6.83,303600,6.278
2005-03-14,6.99,7.15,6.77,7.09,130400,6.5169
2005-03-11,6.87,7.04,6.85,6.92,50700,6.3607
2005-03-10,7.14,7.14,6.75,6.87,151900,6.3147
2005-03-09,7.37,7.38,6.92,6.98,299400,6.4158
2005-03-08,7.32,7.44,7.32,7.35,48800,6.7559
2005-03-07,7.31,7.50,7.31,7.35,153700,6.7559
2005-03-04,7.49,7.50,7.44,7.50,47900,6.8938
2005-03-03,7.33,7.46,7.26,7.43,65200,6.8295
2005-03-02,7.47,7.50,7.37,7.38,313200,6.7835
2005-03-01,7.62,7.62,7.47,7.49,179400,6.8846
2005-02-28,7.55,7.74,7.49,7.55,82000,6.9398
2005-02-25,7.70,7.70,7.39,7.46,862500,6.857
2005-02-24,7.39,7.71,7.38,7.63,182100,7.0133
2005-02-23,7.33,7.45,7.33,7.34,89300,6.7467
2005-02-22,7.52,7.52,7.309,7.33,397000,6.7375
2005-02-18,7.26,7.49,7.25,7.41,923900,6.8111
2005-02-17,7.32,7.55,7.26,7.30,623200,6.71
2005-02-16,7.42,7.55,7.40,7.42,439700,6.8203
2005-02-15,7.68,7.78,7.41,7.50,616600,6.8938
2005-02-14,8.10,8.10,7.50,7.67,686900,7.0501
2005-02-11,8.02,8.17,7.79,7.92,516200,7.2799
2005-02-10,7.89,8.46,7.11,8.31,3609100,7.6383
2005-02-09,9.70,9.95,9.69,9.80,314200,9.0079
2005-02-08,9.90,10.15,9.67,9.80,444900,9.0079
2005-02-07,9.48,9.90,9.30,9.71,407000,8.9252
2005-02-04,9.24,9.50,9.21,9.40,235500,8.6402
2005-02-03,9.51,9.60,9.11,9.22,275700,8.4748
2005-02-02,10.00,10.00,9.58,9.72,203600,8.9344
2005-02-01,9.94,10.02,9.57,9.81,338300,9.0171
2005-01-31,9.65,10.02,9.61,10.00,695800,9.1917
2005-01-28,9.01,9.70,9.01,9.66,566800,8.8792
2005-01-27,9.10,9.37,8.96,9.13,98300,8.3921
2005-01-26,9.46,9.50,9.09,9.22,105000,8.4748
2005-01-25,9.02,9.40,9.02,9.37,152700,8.6127
2005-01-24,9.38,9.40,8.86,9.06,234800,8.3277
2005-01-21,9.38,9.40,9.21,9.29,100000,8.5391
2005-01-20,9.35,9.37,9.06,9.35,100300,8.5943
2005-01-19,9.22,9.40,9.14,9.38,208500,8.6219
2005-01-18,9.23,9.42,9.23,9.327,273200,8.5731
2005-01-14,9.48,9.48,9.26,9.42,164500,8.6586
2005-01-13,9.61,9.619,9.12,9.34,229500,8.5851
2005-01-12,9.38,9.57,9.38,9.49,299700,8.723
2005-01-11,9.32,9.50,9.25,9.39,356800,8.631
2005-01-10,9.62,9.72,9.15,9.28,816500,8.5299
2005-01-07,8.45,9.08,8.45,8.92,555700,8.199
2005-01-06,8.05,8.47,8.04,8.439,338300,7.7569
2005-01-05,7.99,8.05,7.90,8.03,149600,7.381
2005-01-04,7.92,8.018,7.87,7.97,101500,7.3258
2005-01-03,8.00,8.01,7.85,8.00,153600,7.3534
2004-12-31,7.86,7.92,7.80,7.92,81600,7.2799
2004-12-30,7.75,7.90,7.72,7.85,127400,7.2155
2004-12-29,7.78,7.80,7.69,7.76,176400,7.1328
2004-12-28,7.82,7.86,7.74,7.80,79800,7.1696
2004-12-27,7.82,7.85,7.67,7.78,81800,7.1512
2004-12-23,7.83,7.85,7.57,7.71,143100,7.0868
2004-12-22,7.731,7.75,7.68,7.75,90400,7.1236
2004-12-21,7.83,7.83,7.62,7.69,145000,7.0685
2004-12-20,7.95,7.99,7.66,7.72,203800,7.096
2004-12-17,8.19,8.19,7.80,7.89,119300,7.2523
2004-12-16,8.24,8.24,8.05,8.10,83200,7.4453
2004-12-15,8.38,8.38,8.06,8.22,122900,7.5556
2004-12-14,8.18,8.39,8.18,8.28,47100,7.6108
2004-12-13,8.40,8.42,8.20,8.20,113300,7.5372
2004-12-10,8.19,8.40,8.10,8.30,104800,7.6291
2004-12-09,8.12,8.15,7.97,8.08,107700,7.4269
2004-12-08,7.88,8.09,7.88,8.02,76400,7.3718
2004-12-07,8.00,8.15,7.91,7.93,48400,7.2891
2004-12-06,8.12,8.13,7.93,8.04,46800,7.3902
2004-12-03,7.90,8.22,7.87,8.07,64100,7.4177
2004-12-02,8.00,8.14,7.87,7.98,69000,7.335
2004-12-01,8.05,8.15,8.00,8.00,151700,7.3534
2004-11-30,8.03,8.09,8.01,8.09,186700,7.4361
2004-11-29,8.19,8.19,8.00,8.11,135000,7.4545
2004-11-26,8.06,8.13,7.93,8.03,144100,7.381
2004-11-24,8.19,8.31,7.96,8.04,125000,7.3902
2004-11-23,7.86,8.19,7.85,8.16,298500,7.5005
2004-11-22,7.89,8.05,7.86,7.90,105500,7.2615
2004-11-19,8.15,8.19,7.95,8.01,92300,7.3626
2004-11-18,8.15,8.24,8.15,8.19,67100,7.528
2004-11-17,8.20,8.31,8.15,8.16,119300,7.5005
2004-11-16,8.34,8.494,8.20,8.24,70800,7.574
2004-11-15,8.64,8.64,8.31,8.40,135100,7.7211
2004-11-12,8.50,8.74,8.49,8.53,145200,7.8406
2004-11-11,8.38,8.62,8.32,8.54,164000,7.8497
2004-11-10,8.20,8.38,8.00,8.34,168400,7.6659
2004-11-09,8.25,8.30,7.50,8.12,923000,7.4637
2004-11-08,7.97,8.64,7.95,8.56,195000,7.8681
2004-11-05,8.40,8.71,8.40,8.64,147500,7.9417
2004-11-04,8.18,8.52,8.18,8.46,131700,7.7762
2004-11-03,7.92,8.36,7.92,8.23,142900,7.5648
2004-11-02,7.83,8.10,7.83,8.01,137400,7.3626
2004-11-01,8.10,8.11,7.90,7.95,149800,7.3074
2004-10-29,8.03,8.09,7.95,7.99,37100,7.3442
2004-10-28,7.95,8.09,7.88,8.00,17900,7.3534
2004-10-27,7.90,8.05,7.90,8.04,60400,7.3902
2004-10-26,8.05,8.05,7.85,7.94,152400,7.2982
2004-10-25,7.92,8.09,7.91,8.09,175700,7.4361
2004-10-22,7.80,8.08,7.76,8.08,87700,7.4269
2004-10-21,8.03,8.03,7.69,7.87,133100,7.2339
2004-10-20,7.77,8.00,7.77,7.92,103600,7.2799
2004-10-19,8.30,8.30,7.88,7.98,130700,7.335
2004-10-18,8.00,8.33,8.00,8.23,73100,7.5648
2004-10-15,8.13,8.28,8.05,8.28,28500,7.6108
2004-10-14,8.25,8.43,8.01,8.15,50200,7.4913
2004-10-13,8.50,8.50,8.28,8.35,31500,7.6751
2004-10-12,8.55,8.55,8.29,8.45,47600,7.767
2004-10-11,8.15,8.62,8.11,8.57,112700,7.8773
2004-10-08,8.34,8.43,8.25,8.42,451400,7.7394
2004-10-07,8.39,8.39,8.25,8.34,49700,7.6659
2004-10-06,8.35,8.57,8.24,8.39,338800,7.7119
2004-10-05,8.32,8.35,8.13,8.25,75900,7.5832
2004-10-04,8.12,8.28,8.08,8.257,113200,7.5896
2004-10-01,7.70,8.15,7.70,8.14,226100,7.4821
2004-09-30,7.76,7.87,7.70,7.71,130100,7.0868
2004-09-29,7.79,7.82,7.62,7.65,187800,7.0317
2004-09-28,8.00,8.09,7.77,7.79,481300,7.1604
2004-09-27,8.00,8.12,7.79,7.97,302700,7.3258
2004-09-24,8.07,8.25,8.06,8.19,74800,7.528
2004-09-23,8.10,8.25,7.87,8.20,98500,7.5372
2004-09-22,7.94,8.35,7.94,8.12,569200,7.4637
2004-09-21,7.59,8.10,7.53,8.01,349900,7.3626
2004-09-20,7.38,7.59,7.38,7.59,242500,6.9765
2004-09-17,7.441,7.58,7.441,7.48,35300,6.8754
2004-09-16,7.38,7.57,7.36,7.53,166800,6.9214
2004-09-15,7.27,7.47,7.27,7.35,123600,6.7559
2004-09-14,7.42,7.58,7.30,7.31,243300,6.7192
2004-09-13,7.60,7.60,7.32,7.35,256000,6.7559
2004-09-10,7.40,7.58,7.33,7.55,69800,6.9398
2004-09-09,7.62,7.62,7.16,7.31,151700,6.7192
2004-09-08,7.46,7.50,7.30,7.50,80000,6.8938
2004-09-07,7.30,7.60,7.30,7.48,97200,6.8754
2004-09-03,7.36,7.59,7.33,7.36,141000,6.7651
2004-09-02,7.51,7.73,7.35,7.59,159500,6.9765
2004-09-01,7.75,7.81,7.64,7.80,60800,7.1696
2004-08-31,7.70,7.84,7.41,7.77,82600,7.142
2004-08-30,7.54,7.80,7.51,7.76,88700,7.1328
2004-08-27,7.60,7.70,7.429,7.50,45400,6.8938
2004-08-26,7.60,7.60,7.35,7.60,156800,6.9857
2004-08-25,7.35,7.64,7.34,7.57,48300,6.9582
2004-08-24,7.231,7.40,7.231,7.35,58200,6.7559
2004-08-23,7.50,7.51,7.21,7.21,73100,6.6272
2004-08-20,7.031,7.40,7.031,7.39,63700,6.7927
2004-08-19,7.10,7.20,7.10,7.11,40100,6.5353
