Date,Open,High,Low,Close,Volume,Adj Close
2016-04-14,0.476,0.476,0.476,0.476,000,0.476
2016-04-13,0.476,0.476,0.476,0.476,000,0.476
2016-04-12,0.476,0.476,0.476,0.476,000,0.476
2016-04-11,0.476,0.476,0.476,0.476,000,0.476
2016-04-07,0.476,0.476,0.476,0.476,000,0.476
2016-04-06,0.476,0.476,0.476,0.476,000,0.476
2016-04-05,0.476,0.476,0.476,0.476,000,0.476
2016-04-04,0.476,0.476,0.476,0.476,000,0.476
2016-03-31,0.476,0.476,0.476,0.476,000,0.476
2016-03-30,0.476,0.476,0.476,0.476,000,0.476
2016-03-29,0.476,0.476,0.476,0.476,000,0.476
2016-03-28,0.476,0.476,0.476,0.476,000,0.476
2016-03-24,0.476,0.476,0.476,0.476,000,0.476
2016-03-23,0.476,0.476,0.476,0.476,000,0.476
2016-03-22,0.476,0.476,0.476,0.476,000,0.476
2016-03-21,0.476,0.476,0.476,0.476,000,0.476
2016-03-17,0.476,0.476,0.476,0.476,000,0.476
2016-03-16,0.476,0.476,0.476,0.476,000,0.476
2016-03-15,0.476,0.476,0.476,0.476,000,0.476
2016-03-14,0.476,0.476,0.476,0.476,000,0.476
2016-03-10,0.476,0.476,0.476,0.476,000,0.476
2016-03-09,0.476,0.476,0.476,0.476,000,0.476
2016-03-08,0.476,0.476,0.476,0.476,000,0.476
2016-03-07,0.476,0.476,0.476,0.476,000,0.476
2016-03-03,0.476,0.476,0.476,0.476,000,0.476
2016-03-02,0.476,0.476,0.476,0.476,000,0.476
2016-03-01,0.476,0.476,0.476,0.476,000,0.476
2016-02-29,0.476,0.476,0.476,0.476,000,0.476
2016-02-25,0.476,0.476,0.476,0.476,000,0.476
2016-02-24,0.476,0.476,0.476,0.476,000,0.476
2016-02-23,0.476,0.476,0.476,0.476,000,0.476
2016-02-22,0.476,0.476,0.476,0.476,000,0.476
2016-02-18,0.476,0.476,0.476,0.476,000,0.476
2016-02-17,0.476,0.476,0.476,0.476,000,0.476
2016-02-16,0.476,0.476,0.476,0.476,000,0.476
2016-02-15,0.476,0.476,0.476,0.476,000,0.476
2016-02-11,0.476,0.476,0.476,0.476,000,0.476
2016-02-10,0.476,0.476,0.476,0.476,000,0.476
2016-02-09,0.476,0.476,0.476,0.476,000,0.476
2016-02-08,0.476,0.476,0.476,0.476,000,0.476
2016-02-04,0.476,0.476,0.476,0.476,000,0.476
2016-02-03,0.476,0.476,0.476,0.476,000,0.476
2016-02-02,0.476,0.476,0.476,0.476,000,0.476
2016-02-01,0.476,0.476,0.476,0.476,000,0.476
2016-01-28,0.476,0.476,0.476,0.476,000,0.476
2016-01-27,0.476,0.476,0.476,0.476,000,0.476
2016-01-26,0.476,0.476,0.476,0.476,000,0.476
2016-01-25,0.476,0.476,0.476,0.476,000,0.476
2016-01-21,0.476,0.476,0.476,0.476,000,0.476
2016-01-20,0.476,0.476,0.476,0.476,000,0.476
2016-01-19,0.476,0.476,0.476,0.476,000,0.476
2016-01-18,0.476,0.476,0.476,0.476,000,0.476
2016-01-14,0.476,0.476,0.476,0.476,000,0.476
2016-01-13,0.476,0.476,0.476,0.476,000,0.476
2016-01-12,0.476,0.476,0.476,0.476,000,0.476
2016-01-11,0.476,0.476,0.476,0.476,000,0.476
2016-01-07,0.476,0.476,0.476,0.476,000,0.476
2016-01-06,0.476,0.476,0.476,0.476,000,0.476
2016-01-05,0.476,0.476,0.476,0.476,000,0.476
2016-01-04,0.476,0.476,0.476,0.476,000,0.476
2015-12-31,0.476,0.476,0.476,0.476,000,0.476
2015-12-30,0.476,0.476,0.476,0.476,000,0.476
2015-12-29,0.476,0.476,0.476,0.476,000,0.476
2015-12-28,0.476,0.476,0.476,0.476,000,0.476
2015-12-24,0.476,0.476,0.476,0.476,000,0.476
2015-12-23,0.476,0.476,0.476,0.476,000,0.476
2015-12-22,0.476,0.476,0.476,0.476,000,0.476
2015-12-21,0.476,0.476,0.476,0.476,000,0.476
2015-12-17,0.476,0.476,0.476,0.476,000,0.476
2015-12-16,0.476,0.476,0.476,0.476,000,0.476
2015-12-15,0.476,0.476,0.476,0.476,000,0.476
2015-12-14,0.476,0.476,0.476,0.476,000,0.476
2015-12-10,0.476,0.476,0.476,0.476,000,0.476
2015-12-09,0.476,0.476,0.476,0.476,000,0.476
2015-12-08,0.476,0.476,0.476,0.476,000,0.476
2015-12-07,0.476,0.476,0.476,0.476,000,0.476
2015-12-03,0.476,0.476,0.476,0.476,000,0.476
2015-12-01,0.476,0.476,0.476,0.476,000,0.476
2015-11-30,0.476,0.476,0.476,0.476,000,0.476
2015-11-26,0.476,0.476,0.476,0.476,000,0.476
2015-11-25,0.476,0.476,0.476,0.476,000,0.476
2015-11-24,0.476,0.476,0.476,0.476,000,0.476
2015-11-23,0.476,0.476,0.476,0.476,000,0.476
2015-11-19,0.476,0.476,0.476,0.476,000,0.476
2015-11-18,0.476,0.476,0.476,0.476,000,0.476
2015-11-17,0.476,0.476,0.476,0.476,000,0.476
2015-11-16,0.476,0.476,0.476,0.476,000,0.476
2015-11-12,0.476,0.476,0.476,0.476,000,0.476
2015-11-11,0.476,0.476,0.476,0.476,000,0.476
2015-11-10,0.476,0.476,0.476,0.476,000,0.476
2015-11-09,0.476,0.476,0.476,0.476,000,0.476
2015-11-05,0.476,0.476,0.476,0.476,000,0.476
2015-11-04,0.476,0.476,0.476,0.476,000,0.476
2015-11-03,0.476,0.476,0.476,0.476,000,0.476
2015-11-02,0.476,0.476,0.476,0.476,000,0.476
2015-10-29,0.476,0.476,0.476,0.476,000,0.476
2015-10-28,0.476,0.476,0.476,0.476,000,0.476
2015-10-27,0.476,0.476,0.476,0.476,000,0.476
2015-10-26,0.476,0.476,0.476,0.476,000,0.476
2015-10-22,0.476,0.476,0.476,0.476,000,0.476
2015-10-21,0.476,0.476,0.476,0.476,000,0.476
2015-10-20,0.476,0.476,0.476,0.476,000,0.476
2015-10-19,0.476,0.476,0.476,0.476,000,0.476
2015-10-14,0.476,0.476,0.476,0.476,000,0.476
2015-10-13,0.476,0.476,0.476,0.476,000,0.476
2015-10-12,0.476,0.476,0.476,0.476,000,0.476
2015-10-08,0.476,0.476,0.476,0.476,000,0.476
2015-10-07,0.476,0.476,0.476,0.476,000,0.476
2015-10-06,0.476,0.476,0.476,0.476,000,0.476
2015-10-05,0.476,0.476,0.476,0.476,000,0.476
2015-10-01,0.476,0.476,0.476,0.476,000,0.476
2015-09-30,0.476,0.476,0.476,0.476,000,0.476
2015-09-29,0.476,0.476,0.476,0.476,000,0.476
2015-09-23,0.476,0.476,0.476,0.476,000,0.476
2015-09-22,0.476,0.476,0.476,0.476,000,0.476
2015-09-21,0.476,0.476,0.476,0.476,000,0.476
2015-09-17,0.476,0.476,0.476,0.476,000,0.476
2015-09-16,0.476,0.476,0.476,0.476,000,0.476
2015-09-15,0.476,0.476,0.476,0.476,000,0.476
2015-09-14,0.476,0.476,0.476,0.476,000,0.476
2015-09-10,0.476,0.476,0.476,0.476,000,0.476
2015-09-09,0.476,0.476,0.476,0.476,000,0.476
2015-09-08,0.476,0.476,0.476,0.476,000,0.476
2015-09-07,0.476,0.476,0.476,0.476,000,0.476
2015-09-03,0.476,0.476,0.476,0.476,000,0.476
2015-09-02,0.476,0.476,0.476,0.476,000,0.476
2015-09-01,0.476,0.476,0.476,0.476,000,0.476
2015-08-31,0.476,0.476,0.476,0.476,000,0.476
2015-08-27,0.476,0.476,0.476,0.476,000,0.476
2015-08-26,0.476,0.476,0.476,0.476,000,0.476
2015-08-25,0.476,0.476,0.476,0.476,000,0.476
2015-08-24,0.476,0.476,0.476,0.476,000,0.476
2015-08-20,0.476,0.476,0.476,0.476,000,0.476
2015-08-19,0.476,0.476,0.476,0.476,000,0.476
2015-08-18,0.476,0.476,0.476,0.476,000,0.476
2015-08-17,0.476,0.476,0.476,0.476,000,0.476
2015-08-13,0.476,0.476,0.476,0.476,000,0.476
2015-08-12,0.476,0.476,0.476,0.476,000,0.476
2015-08-11,0.476,0.476,0.476,0.476,000,0.476
2015-08-10,0.476,0.476,0.476,0.476,000,0.476
2015-08-06,0.476,0.476,0.476,0.476,000,0.476
2015-08-05,0.476,0.476,0.476,0.476,000,0.476
2015-08-04,0.476,0.476,0.476,0.476,000,0.476
2015-08-03,0.476,0.476,0.476,0.476,000,0.476
2015-07-30,0.476,0.476,0.476,0.476,000,0.476
2015-07-28,0.476,0.476,0.476,0.476,000,0.476
2015-07-27,0.476,0.476,0.476,0.476,000,0.476
2015-07-23,0.476,0.476,0.476,0.476,000,0.476
2015-07-22,0.476,0.476,0.476,0.476,000,0.476
2015-07-21,0.476,0.476,0.476,0.476,000,0.476
2015-07-20,0.476,0.476,0.476,0.476,000,0.476
2015-07-16,0.476,0.476,0.476,0.476,000,0.476
2015-07-15,0.476,0.476,0.476,0.476,000,0.476
2015-07-14,0.476,0.476,0.476,0.476,000,0.476
2015-07-13,0.476,0.476,0.476,0.476,000,0.476
2015-07-09,0.476,0.476,0.476,0.476,000,0.476
2015-07-08,0.476,0.476,0.476,0.476,000,0.476
2015-07-07,0.476,0.476,0.476,0.476,000,0.476
2015-07-06,0.476,0.476,0.476,0.476,000,0.476
2015-07-02,0.476,0.476,0.476,0.476,000,0.476
2015-07-01,0.476,0.476,0.476,0.476,000,0.476
2015-06-30,0.476,0.476,0.476,0.476,000,0.476
2015-06-29,0.476,0.476,0.476,0.476,000,0.476
2015-06-25,0.476,0.476,0.476,0.476,000,0.476
2015-06-24,0.476,0.476,0.476,0.476,000,0.476
2015-06-22,0.476,0.476,0.476,0.476,000,0.476
2015-06-18,0.476,0.476,0.476,0.476,000,0.476
2015-06-17,0.476,0.476,0.476,0.476,000,0.476
2015-06-16,0.476,0.476,0.476,0.476,000,0.476
2015-06-15,0.476,0.476,0.476,0.476,000,0.476
2015-06-11,0.476,0.476,0.476,0.476,000,0.476
2015-06-10,0.476,0.476,0.476,0.476,000,0.476
2015-06-09,0.476,0.476,0.476,0.476,000,0.476
2015-06-08,0.476,0.476,0.476,0.476,000,0.476
2015-06-04,0.476,0.476,0.476,0.476,000,0.476
2015-06-03,0.476,0.476,0.476,0.476,000,0.476
2015-06-02,0.476,0.476,0.476,0.476,000,0.476
2015-06-01,0.476,0.476,0.476,0.476,000,0.476
2015-05-28,0.476,0.476,0.476,0.476,000,0.476
2015-05-27,0.476,0.476,0.476,0.476,000,0.476
2015-05-26,0.476,0.476,0.476,0.476,1600,0.476
2015-05-25,0.476,0.476,0.476,0.476,000,0.476
2015-05-21,0.476,0.476,0.476,0.476,000,0.476
2015-05-20,0.476,0.476,0.476,0.476,000,0.476
2015-05-19,0.476,0.476,0.476,0.476,000,0.476
2015-05-18,0.476,0.476,0.476,0.476,000,0.476
2015-05-14,0.476,0.476,0.476,0.476,000,0.476
2015-05-13,0.476,0.476,0.476,0.476,000,0.476
2015-05-12,0.476,0.476,0.476,0.476,000,0.476
2015-05-11,0.476,0.476,0.476,0.476,000,0.476
2015-05-07,0.476,0.476,0.476,0.476,000,0.476
2015-05-06,0.476,0.476,0.476,0.476,000,0.476
2015-05-05,0.476,0.476,0.476,0.476,000,0.476
2015-05-04,0.476,0.476,0.476,0.476,000,0.476
2015-04-29,0.476,0.476,0.476,0.476,000,0.476
2015-04-28,0.476,0.476,0.476,0.476,000,0.476
2015-04-27,0.476,0.476,0.476,0.476,000,0.476
2015-04-23,0.476,0.476,0.476,0.476,000,0.476
2015-04-22,0.476,0.476,0.476,0.476,000,0.476
2015-04-21,0.476,0.476,0.476,0.476,000,0.476
2015-04-20,0.476,0.476,0.476,0.476,000,0.476
2015-04-16,0.476,0.476,0.476,0.476,000,0.476
2015-04-15,0.476,0.476,0.476,0.476,000,0.476
2015-04-14,0.476,0.476,0.476,0.476,000,0.476
2015-04-13,0.476,0.476,0.476,0.476,000,0.476
2015-04-09,0.476,0.476,0.476,0.476,000,0.476
2015-04-08,0.476,0.476,0.476,0.476,000,0.476
2015-04-07,0.476,0.476,0.476,0.476,000,0.476
2015-04-06,0.476,0.476,0.476,0.476,000,0.476
2015-04-02,0.476,0.476,0.476,0.476,000,0.476
2015-04-01,0.476,0.476,0.476,0.476,000,0.476
2015-03-31,0.476,0.476,0.476,0.476,000,0.476
2015-03-30,0.476,0.476,0.476,0.476,000,0.476
2015-03-26,0.476,0.476,0.476,0.476,000,0.476
2015-03-25,0.476,0.476,0.476,0.476,000,0.476
2015-03-24,0.476,0.476,0.476,0.476,000,0.476
2015-03-23,0.476,0.476,0.476,0.476,000,0.476
2015-03-19,0.476,0.476,0.476,0.476,000,0.476
2015-03-18,0.476,0.476,0.476,0.476,000,0.476
2015-03-17,0.476,0.476,0.476,0.476,000,0.476
2015-03-16,0.476,0.476,0.476,0.476,000,0.476
2015-03-12,0.476,0.476,0.476,0.476,000,0.476
2015-03-11,0.476,0.476,0.476,0.476,248800,0.476
2015-03-10,0.518,0.518,0.518,0.518,000,0.518
2015-03-09,0.518,0.518,0.518,0.518,000,0.518
2015-03-05,0.518,0.518,0.518,0.518,000,0.518
2015-03-04,0.518,0.518,0.518,0.518,000,0.518
2015-03-03,0.518,0.518,0.518,0.518,000,0.518
2015-03-02,0.518,0.518,0.518,0.518,000,0.518
2015-02-26,0.518,0.518,0.518,0.518,000,0.518
2015-02-25,0.518,0.518,0.518,0.518,000,0.518
2015-02-24,0.518,0.518,0.518,0.518,000,0.518
2015-02-23,0.518,0.518,0.518,0.518,000,0.518
2015-02-19,0.518,0.518,0.518,0.518,000,0.518
2015-02-18,0.518,0.518,0.518,0.518,000,0.518
2015-02-17,0.518,0.518,0.518,0.518,000,0.518
2015-02-16,0.518,0.518,0.518,0.518,000,0.518
2015-02-12,0.518,0.518,0.518,0.518,000,0.518
2015-02-11,0.518,0.518,0.518,0.518,000,0.518
2015-02-10,0.518,0.518,0.518,0.518,000,0.518
2015-02-09,0.518,0.518,0.518,0.518,000,0.518
2015-02-05,0.518,0.518,0.518,0.518,000,0.518
2015-02-04,0.518,0.518,0.518,0.518,100,0.518
2015-02-03,0.518,0.518,0.518,0.518,000,0.518
2015-02-02,0.518,0.518,0.518,0.518,000,0.518
2015-01-29,0.518,0.518,0.518,0.518,000,0.518
2015-01-28,0.518,0.518,0.518,0.518,000,0.518
2015-01-27,0.518,0.518,0.518,0.518,000,0.518
2015-01-26,0.518,0.518,0.518,0.518,000,0.518
2015-01-22,0.518,0.518,0.518,0.518,000,0.518
2015-01-21,0.518,0.518,0.518,0.518,000,0.518
2015-01-20,0.518,0.518,0.518,0.518,000,0.518
2015-01-19,0.518,0.518,0.518,0.518,000,0.518
2015-01-15,0.518,0.518,0.518,0.518,000,0.518
2015-01-14,0.518,0.518,0.518,0.518,000,0.518
2015-01-13,0.518,0.518,0.518,0.518,000,0.518
2015-01-12,0.518,0.518,0.518,0.518,000,0.518
2015-01-08,0.518,0.518,0.518,0.518,000,0.518
2015-01-07,0.518,0.518,0.518,0.518,000,0.518
2015-01-06,0.518,0.518,0.518,0.518,000,0.518
2015-01-05,0.518,0.518,0.518,0.518,000,0.518
2015-01-01,0.518,0.518,0.518,0.518,000,0.518
2014-12-30,0.518,0.518,0.518,0.518,000,0.518
2014-12-29,0.518,0.518,0.518,0.518,000,0.518
2014-12-25,0.518,0.518,0.518,0.518,000,0.518
2014-12-24,0.518,0.518,0.518,0.518,000,0.518
2014-12-23,0.518,0.518,0.518,0.518,000,0.518
2014-12-22,0.518,0.518,0.518,0.518,000,0.518
2014-12-18,0.518,0.518,0.518,0.518,000,0.518
2014-12-17,0.518,0.518,0.518,0.518,000,0.518
2014-12-16,0.518,0.518,0.518,0.518,000,0.518
2014-12-15,0.518,0.518,0.518,0.518,000,0.518
2014-12-11,0.518,0.518,0.518,0.518,000,0.518
2014-12-10,0.518,0.518,0.518,0.518,000,0.518
2014-12-09,0.518,0.518,0.518,0.518,000,0.518
2014-12-08,0.518,0.518,0.518,0.518,000,0.518
2014-12-04,0.518,0.518,0.518,0.518,000,0.518
2014-12-03,0.518,0.518,0.518,0.518,000,0.518
2014-12-02,0.518,0.518,0.518,0.518,000,0.518
2014-12-01,0.518,0.518,0.518,0.518,000,0.518
2014-11-27,0.518,0.518,0.518,0.518,000,0.518
2014-11-26,0.518,0.518,0.518,0.518,000,0.518
2014-11-25,0.518,0.518,0.518,0.518,000,0.518
2014-11-24,0.518,0.518,0.518,0.518,000,0.518
2014-11-20,0.518,0.518,0.518,0.518,000,0.518
2014-11-19,0.518,0.518,0.518,0.518,000,0.518
2014-11-18,0.518,0.518,0.518,0.518,000,0.518
2014-11-17,0.518,0.518,0.518,0.518,000,0.518
2014-11-13,0.518,0.518,0.518,0.518,000,0.518
2014-11-12,0.518,0.518,0.518,0.518,000,0.518
2014-11-11,0.518,0.518,0.518,0.518,000,0.518
2014-11-10,0.518,0.518,0.518,0.518,000,0.518
2014-11-06,0.518,0.518,0.518,0.518,000,0.518
2014-11-05,0.518,0.518,0.518,0.518,000,0.518
2014-11-04,0.518,0.518,0.518,0.518,000,0.518
2014-10-30,0.518,0.518,0.518,0.518,000,0.518
2014-10-29,0.518,0.518,0.518,0.518,000,0.518
2014-10-28,0.518,0.518,0.518,0.518,000,0.518
2014-10-27,0.518,0.518,0.518,0.518,000,0.518
2014-10-23,0.518,0.518,0.518,0.518,000,0.518
2014-10-22,0.518,0.518,0.518,0.518,000,0.518
2014-10-21,0.518,0.518,0.518,0.518,000,0.518
2014-10-20,0.518,0.518,0.518,0.518,000,0.518
2014-10-16,0.518,0.518,0.518,0.518,000,0.518
2014-10-15,0.518,0.518,0.518,0.518,000,0.518
2014-10-14,0.518,0.518,0.518,0.518,000,0.518
2014-10-13,0.518,0.518,0.518,0.518,000,0.518
2014-10-09,0.518,0.518,0.518,0.518,000,0.518
2014-10-08,0.518,0.518,0.518,0.518,000,0.518
2014-10-07,0.518,0.518,0.518,0.518,000,0.518
2014-10-06,0.518,0.518,0.518,0.518,000,0.518
2014-10-02,0.518,0.518,0.518,0.518,000,0.518
2014-10-01,0.518,0.518,0.518,0.518,000,0.518
2014-09-30,0.518,0.518,0.518,0.518,000,0.518
2014-09-29,0.518,0.518,0.518,0.518,000,0.518
2014-09-25,0.518,0.518,0.518,0.518,000,0.518
2014-09-24,0.518,0.518,0.518,0.518,000,0.518
2014-09-23,0.518,0.518,0.518,0.518,000,0.518
2014-09-22,0.518,0.518,0.518,0.518,000,0.518
2014-09-18,0.518,0.518,0.518,0.518,000,0.518
2014-09-17,0.518,0.518,0.518,0.518,000,0.518
2014-09-16,0.518,0.518,0.518,0.518,000,0.518
2014-09-15,0.518,0.518,0.518,0.518,000,0.518
2014-09-11,0.518,0.518,0.518,0.518,000,0.518
2014-09-10,0.518,0.518,0.518,0.518,000,0.518
2014-09-09,0.518,0.518,0.518,0.518,000,0.518
2014-09-08,0.518,0.518,0.518,0.518,000,0.518
2014-09-04,0.518,0.518,0.518,0.518,000,0.518
2014-09-03,0.518,0.518,0.518,0.518,000,0.518
2014-09-02,0.518,0.518,0.518,0.518,000,0.518
2014-08-28,0.518,0.518,0.518,0.518,000,0.518
2014-08-27,0.518,0.518,0.518,0.518,000,0.518
2014-08-26,0.518,0.518,0.518,0.518,000,0.518
2014-08-25,0.518,0.518,0.518,0.518,000,0.518
2014-08-21,0.518,0.518,0.518,0.518,000,0.518
2014-08-20,0.518,0.518,0.518,0.518,000,0.518
2014-08-19,0.518,0.518,0.518,0.518,000,0.518
2014-08-18,0.518,0.518,0.518,0.518,000,0.518
2014-08-14,0.518,0.518,0.518,0.518,000,0.518
2014-08-13,0.518,0.518,0.518,0.518,000,0.518
2014-08-12,0.518,0.518,0.518,0.518,000,0.518
2014-08-11,0.518,0.518,0.518,0.518,000,0.518
2014-08-07,0.518,0.518,0.518,0.518,000,0.518
2014-08-06,0.518,0.518,0.518,0.518,000,0.518
2014-08-05,0.518,0.518,0.518,0.518,000,0.518
2014-08-04,0.518,0.518,0.518,0.518,000,0.518
2014-07-31,0.518,0.518,0.518,0.518,000,0.518
2014-07-30,0.518,0.518,0.518,0.518,000,0.518
2014-07-29,0.518,0.518,0.518,0.518,000,0.518
2014-07-28,0.518,0.518,0.518,0.518,000,0.518
2014-07-24,0.518,0.518,0.518,0.518,000,0.518
2014-07-23,0.518,0.518,0.518,0.518,100,0.518
2014-07-22,0.518,0.518,0.518,0.518,000,0.518
2014-07-21,0.518,0.518,0.518,0.518,000,0.518
2014-07-17,0.518,0.518,0.518,0.518,100,0.518
2014-07-16,0.518,0.518,0.518,0.518,000,0.518
2014-07-15,0.518,0.518,0.518,0.518,100,0.518
2014-07-14,0.518,0.518,0.518,0.518,100,0.518
2014-07-10,0.518,0.518,0.518,0.518,100,0.518
2014-07-09,0.518,0.518,0.518,0.518,100,0.518
2014-07-08,0.518,0.518,0.518,0.518,100,0.518
2014-07-07,0.518,0.518,0.518,0.518,100,0.518
2014-07-03,0.518,0.518,0.518,0.518,100,0.518
2014-07-02,0.518,0.518,0.518,0.518,100,0.518
2014-07-01,0.518,0.518,0.518,0.518,100,0.518
2014-06-30,0.518,0.518,0.518,0.518,000,0.518
2014-06-26,0.518,0.518,0.518,0.518,000,0.518
2014-06-25,0.518,0.518,0.518,0.518,000,0.518
2014-06-24,0.518,0.518,0.518,0.518,000,0.518
2014-06-23,0.518,0.518,0.518,0.518,000,0.518
2014-06-19,0.518,0.518,0.518,0.518,000,0.518
2014-06-18,0.518,0.518,0.518,0.518,000,0.518
2014-06-17,0.518,0.518,0.518,0.518,000,0.518
2014-06-16,0.518,0.518,0.518,0.518,000,0.518
2014-06-12,0.518,0.518,0.518,0.518,000,0.518
2014-06-11,0.518,0.518,0.518,0.518,000,0.518
2014-06-10,0.518,0.518,0.518,0.518,000,0.518
2014-06-09,0.518,0.518,0.518,0.518,000,0.518
2014-06-05,0.518,0.518,0.518,0.518,000,0.518
2014-06-04,0.518,0.518,0.518,0.518,000,0.518
2014-06-03,0.518,0.518,0.518,0.518,000,0.518
2014-06-02,0.518,0.518,0.518,0.518,000,0.518
2014-05-29,0.518,0.518,0.518,0.518,000,0.518
2014-05-28,0.518,0.518,0.518,0.518,000,0.518
2014-05-27,0.518,0.518,0.518,0.518,000,0.518
2014-05-26,0.518,0.518,0.518,0.518,000,0.518
2014-05-22,0.518,0.518,0.518,0.518,000,0.518
2014-05-21,0.518,0.518,0.518,0.518,000,0.518
2014-05-20,0.518,0.518,0.518,0.518,000,0.518
2014-05-19,0.518,0.518,0.518,0.518,000,0.518
2014-05-15,0.518,0.518,0.518,0.518,000,0.518
2014-05-14,0.518,0.518,0.518,0.518,000,0.518
2014-05-13,0.518,0.518,0.518,0.518,000,0.518
2014-05-12,0.518,0.518,0.518,0.518,000,0.518
2014-05-08,0.518,0.518,0.518,0.518,000,0.518
2014-05-07,0.518,0.518,0.518,0.518,000,0.518
2014-05-06,0.518,0.518,0.518,0.518,000,0.518
2014-05-05,0.518,0.518,0.518,0.518,000,0.518
2014-05-01,0.518,0.518,0.518,0.518,000,0.518
2014-04-30,0.518,0.518,0.518,0.518,000,0.518
2014-04-29,0.518,0.518,0.518,0.518,000,0.518
2014-04-28,0.518,0.518,0.518,0.518,000,0.518
2014-04-24,0.518,0.518,0.518,0.518,000,0.518
2014-04-23,0.518,0.518,0.518,0.518,000,0.518
2014-04-22,0.518,0.518,0.518,0.518,000,0.518
2014-04-21,0.518,0.518,0.518,0.518,000,0.518
2014-04-17,0.518,0.518,0.518,0.518,000,0.518
2014-04-16,0.518,0.518,0.518,0.518,000,0.518
2014-04-15,0.518,0.518,0.518,0.518,000,0.518
2014-04-14,0.518,0.518,0.518,0.518,000,0.518
2014-04-10,0.518,0.518,0.518,0.518,000,0.518
2014-04-09,0.518,0.518,0.518,0.518,000,0.518
2014-04-08,0.518,0.518,0.518,0.518,000,0.518
2014-04-07,0.518,0.518,0.518,0.518,000,0.518
2014-04-03,0.518,0.518,0.518,0.518,000,0.518
2014-04-02,0.518,0.518,0.518,0.518,000,0.518
2014-04-01,0.518,0.518,0.518,0.518,000,0.518
2014-03-31,0.518,0.518,0.518,0.518,000,0.518
2014-03-27,0.518,0.518,0.518,0.518,000,0.518
2014-03-26,0.518,0.518,0.518,0.518,000,0.518
2014-03-25,0.518,0.518,0.518,0.518,000,0.518
2014-03-24,0.518,0.518,0.518,0.518,000,0.518
2014-03-20,0.167,0.167,0.167,0.167,000,0.167
2014-03-19,0.167,0.167,0.167,0.167,000,0.167
2014-03-18,0.167,0.167,0.167,0.167,000,0.167
2014-03-17,0.167,0.167,0.167,0.167,000,0.167
2014-03-13,0.167,0.167,0.167,0.167,000,0.167
2014-03-12,0.167,0.167,0.167,0.167,000,0.167
2014-03-11,0.167,0.167,0.167,0.167,000,0.167
2014-03-10,0.167,0.167,0.167,0.167,000,0.167
2014-03-06,0.167,0.167,0.167,0.167,000,0.167
2014-03-05,0.167,0.167,0.167,0.167,000,0.167
2014-03-04,0.167,0.167,0.167,0.167,000,0.167
2014-03-03,0.167,0.167,0.167,0.167,000,0.167
2014-02-27,0.167,0.167,0.167,0.167,000,0.167
2014-02-26,0.167,0.167,0.167,0.167,000,0.167
2014-02-25,0.167,0.167,0.167,0.167,000,0.167
2014-02-24,0.167,0.167,0.167,0.167,000,0.167
2014-02-20,0.167,0.167,0.167,0.167,000,0.167
2014-02-19,0.167,0.167,0.167,0.167,000,0.167
2014-02-18,0.167,0.167,0.167,0.167,000,0.167
2014-02-17,0.167,0.167,0.167,0.167,000,0.167
2014-02-13,0.167,0.167,0.167,0.167,000,0.167
2014-02-12,0.167,0.167,0.167,0.167,000,0.167
2014-02-11,0.167,0.167,0.167,0.167,000,0.167
2014-02-10,0.167,0.167,0.167,0.167,000,0.167
2014-02-06,0.167,0.167,0.167,0.167,000,0.167
2014-02-05,0.167,0.167,0.167,0.167,000,0.167
2014-02-04,0.167,0.167,0.167,0.167,000,0.167
2014-02-03,0.167,0.167,0.167,0.167,000,0.167
2014-01-30,0.167,0.167,0.167,0.167,000,0.167
2014-01-28,0.167,0.167,0.167,0.167,000,0.167
2014-01-27,0.167,0.167,0.167,0.167,000,0.167
2014-01-23,0.167,0.167,0.167,0.167,000,0.167
2014-01-22,0.167,0.167,0.167,0.167,000,0.167
2014-01-21,0.167,0.167,0.167,0.167,000,0.167
2014-01-20,0.167,0.167,0.167,0.167,000,0.167
2014-01-16,0.167,0.167,0.167,0.167,000,0.167
2014-01-15,0.167,0.167,0.167,0.167,000,0.167
2014-01-14,0.167,0.167,0.167,0.167,000,0.167
2014-01-09,0.167,0.167,0.167,0.167,000,0.167
2014-01-08,0.167,0.167,0.167,0.167,000,0.167
2014-01-07,0.167,0.167,0.167,0.167,000,0.167
2014-01-06,0.167,0.167,0.167,0.167,000,0.167
2014-01-02,0.167,0.167,0.167,0.167,000,0.167
2013-12-31,0.167,0.167,0.167,0.167,000,0.167
2013-12-30,0.167,0.167,0.167,0.167,000,0.167
2013-12-26,0.167,0.167,0.167,0.167,000,0.167
2013-12-25,0.167,0.167,0.167,0.167,000,0.167
2013-12-24,0.167,0.167,0.167,0.167,000,0.167
2013-12-23,0.167,0.167,0.167,0.167,000,0.167
2013-12-19,0.167,0.167,0.167,0.167,000,0.167
2013-12-18,0.167,0.167,0.167,0.167,000,0.167
2013-12-17,0.167,0.167,0.167,0.167,000,0.167
2013-12-16,0.167,0.167,0.167,0.167,000,0.167
2013-12-12,0.167,0.167,0.167,0.167,000,0.167
2013-12-11,0.167,0.167,0.167,0.167,000,0.167
2013-12-10,0.167,0.167,0.167,0.167,000,0.167
2013-12-09,0.167,0.167,0.167,0.167,000,0.167
2013-12-05,0.167,0.167,0.167,0.167,000,0.167
2013-12-04,0.167,0.167,0.167,0.167,000,0.167
2013-12-03,0.167,0.167,0.167,0.167,000,0.167
2013-12-02,0.167,0.167,0.167,0.167,000,0.167
2013-11-28,0.167,0.167,0.167,0.167,000,0.167
2013-11-27,0.167,0.167,0.167,0.167,000,0.167
2013-11-26,0.167,0.167,0.167,0.167,000,0.167
2013-11-25,0.167,0.167,0.167,0.167,000,0.167
2013-11-21,0.167,0.167,0.167,0.167,000,0.167
2013-11-20,0.167,0.167,0.167,0.167,000,0.167
2013-11-19,0.167,0.167,0.167,0.167,000,0.167
2013-11-18,0.167,0.167,0.167,0.167,000,0.167
2013-11-14,0.167,0.167,0.167,0.167,000,0.167
2013-11-13,0.167,0.167,0.167,0.167,000,0.167
2013-11-12,0.167,0.167,0.167,0.167,000,0.167
2013-11-11,0.167,0.167,0.167,0.167,000,0.167
2013-11-07,0.167,0.167,0.167,0.167,000,0.167
2013-11-06,0.167,0.167,0.167,0.167,000,0.167
2013-11-05,0.167,0.167,0.167,0.167,000,0.167
2013-11-04,0.167,0.167,0.167,0.167,000,0.167
2013-10-31,0.167,0.167,0.167,0.167,000,0.167
2013-10-30,0.167,0.167,0.167,0.167,000,0.167
2013-10-29,0.167,0.167,0.167,0.167,000,0.167
2013-10-28,0.167,0.167,0.167,0.167,000,0.167
2013-10-24,0.167,0.167,0.167,0.167,000,0.167
2013-10-22,0.167,0.167,0.167,0.167,000,0.167
2013-10-21,0.167,0.167,0.167,0.167,000,0.167
2013-10-17,0.167,0.167,0.167,0.167,000,0.167
2013-10-16,0.167,0.167,0.167,0.167,000,0.167
2013-10-15,0.167,0.167,0.167,0.167,000,0.167
2013-10-10,0.167,0.167,0.167,0.167,000,0.167
2013-10-09,0.167,0.167,0.167,0.167,000,0.167
2013-10-08,0.167,0.167,0.167,0.167,000,0.167
2013-10-07,0.167,0.167,0.167,0.167,000,0.167
2013-10-03,0.167,0.167,0.167,0.167,000,0.167
2013-10-01,0.167,0.167,0.167,0.167,000,0.167
2013-09-30,0.167,0.167,0.167,0.167,000,0.167
2013-09-26,0.167,0.167,0.167,0.167,000,0.167
2013-09-25,0.167,0.167,0.167,0.167,000,0.167
2013-09-24,0.167,0.167,0.167,0.167,000,0.167
2013-09-23,0.167,0.167,0.167,0.167,000,0.167
2013-09-19,0.167,0.167,0.167,0.167,000,0.167
2013-09-18,0.167,0.167,0.167,0.167,000,0.167
2013-09-17,0.167,0.167,0.167,0.167,000,0.167
2013-09-16,0.167,0.167,0.167,0.167,000,0.167
2013-09-12,0.167,0.167,0.167,0.167,000,0.167
2013-09-11,0.167,0.167,0.167,0.167,000,0.167
2013-09-10,0.167,0.167,0.167,0.167,000,0.167
2013-09-09,0.167,0.167,0.167,0.167,000,0.167
2013-09-05,0.167,0.167,0.167,0.167,000,0.167
2013-09-04,0.167,0.167,0.167,0.167,000,0.167
2013-09-03,0.167,0.167,0.167,0.167,000,0.167
2013-09-02,0.167,0.167,0.167,0.167,000,0.167
2013-08-29,0.167,0.167,0.167,0.167,000,0.167
2013-08-28,0.167,0.167,0.167,0.167,000,0.167
2013-08-27,0.167,0.167,0.167,0.167,000,0.167
2013-08-26,0.167,0.167,0.167,0.167,000,0.167
2013-08-22,0.167,0.167,0.167,0.167,000,0.167
2013-08-20,0.167,0.167,0.167,0.167,000,0.167
2013-08-19,0.167,0.167,0.167,0.167,000,0.167
2013-08-15,0.167,0.167,0.167,0.167,000,0.167
2013-08-14,0.167,0.167,0.167,0.167,000,0.167
2013-08-13,0.167,0.167,0.167,0.167,000,0.167
2013-08-12,0.167,0.167,0.167,0.167,000,0.167
2013-08-08,0.167,0.167,0.167,0.167,000,0.167
2013-08-07,0.167,0.167,0.167,0.167,000,0.167
2013-08-06,0.167,0.167,0.167,0.167,000,0.167
2013-08-05,0.167,0.167,0.167,0.167,000,0.167
2013-08-01,0.167,0.167,0.167,0.167,000,0.167
2013-07-31,0.167,0.167,0.167,0.167,000,0.167
2013-07-30,0.167,0.167,0.167,0.167,000,0.167
2013-07-29,0.167,0.167,0.167,0.167,000,0.167
2013-07-25,0.167,0.167,0.167,0.167,000,0.167
2013-07-24,0.167,0.167,0.167,0.167,000,0.167
2013-07-23,0.167,0.167,0.167,0.167,000,0.167
2013-07-22,0.167,0.167,0.167,0.167,000,0.167
2013-07-18,0.167,0.167,0.167,0.167,000,0.167
2013-07-17,0.167,0.167,0.167,0.167,000,0.167
2013-07-16,0.167,0.167,0.167,0.167,000,0.167
2013-07-15,0.167,0.167,0.167,0.167,000,0.167
2013-07-11,0.167,0.167,0.167,0.167,000,0.167
2013-07-10,0.167,0.167,0.167,0.167,000,0.167
2013-07-09,0.167,0.167,0.167,0.167,000,0.167
2013-07-08,0.167,0.167,0.167,0.167,000,0.167
2013-07-04,0.167,0.167,0.167,0.167,000,0.167
2013-07-03,0.167,0.167,0.167,0.167,000,0.167
2013-07-02,0.167,0.167,0.167,0.167,000,0.167
2013-07-01,0.167,0.167,0.167,0.167,000,0.167
2013-06-27,0.167,0.167,0.167,0.167,000,0.167
2013-06-26,0.167,0.167,0.167,0.167,000,0.167
2013-06-25,0.167,0.167,0.167,0.167,000,0.167
2013-06-24,0.167,0.167,0.167,0.167,000,0.167
2013-06-20,0.167,0.167,0.167,0.167,000,0.167
2013-06-19,0.167,0.167,0.167,0.167,000,0.167
2013-06-18,0.167,0.167,0.167,0.167,000,0.167
2013-06-13,0.167,0.167,0.167,0.167,000,0.167
2013-06-12,0.167,0.167,0.167,0.167,000,0.167
2013-06-11,0.167,0.167,0.167,0.167,000,0.167
2013-06-06,0.167,0.167,0.167,0.167,000,0.167
2013-06-05,0.167,0.167,0.167,0.167,000,0.167
2013-06-04,0.167,0.167,0.167,0.167,000,0.167
2013-06-03,0.167,0.167,0.167,0.167,000,0.167
2013-05-30,0.167,0.167,0.167,0.167,000,0.167
2013-05-29,0.167,0.167,0.167,0.167,000,0.167
2013-05-28,0.167,0.167,0.167,0.167,000,0.167
2013-05-27,0.167,0.167,0.167,0.167,000,0.167
2013-05-23,0.167,0.167,0.167,0.167,000,0.167
2013-05-22,0.167,0.167,0.167,0.167,000,0.167
2013-05-21,0.167,0.167,0.167,0.167,000,0.167
2013-05-20,0.167,0.167,0.167,0.167,000,0.167
2013-05-16,0.167,0.167,0.167,0.167,000,0.167
2013-05-15,0.167,0.167,0.167,0.167,000,0.167
2013-05-14,0.167,0.167,0.167,0.167,000,0.167
2013-05-13,0.167,0.167,0.167,0.167,000,0.167
2013-05-09,0.167,0.167,0.167,0.167,000,0.167
2013-05-08,0.167,0.167,0.167,0.167,000,0.167
2013-05-07,0.167,0.167,0.167,0.167,000,0.167
2013-05-06,0.167,0.167,0.167,0.167,000,0.167
2013-05-01,0.167,0.167,0.167,0.167,000,0.167
2013-04-30,0.167,0.167,0.167,0.167,000,0.167
2013-04-29,0.167,0.167,0.167,0.167,000,0.167
2013-04-25,0.167,0.167,0.167,0.167,000,0.167
2013-04-24,0.167,0.167,0.167,0.167,000,0.167
2013-04-23,0.167,0.167,0.167,0.167,000,0.167
2013-04-22,0.167,0.167,0.167,0.167,000,0.167
2013-04-18,0.167,0.167,0.167,0.167,000,0.167
2013-04-17,0.17,0.17,0.17,0.167,900,0.167
2013-04-16,0.167,0.167,0.167,0.167,000,0.167
2013-04-15,0.167,0.167,0.167,0.167,000,0.167
2013-04-11,0.167,0.167,0.167,0.167,000,0.167
2013-04-10,0.167,0.167,0.167,0.167,000,0.167
2013-04-09,0.167,0.167,0.167,0.167,000,0.167
2013-04-08,0.167,0.167,0.167,0.167,000,0.167
2013-04-04,0.167,0.167,0.167,0.167,000,0.167
2013-04-03,0.167,0.167,0.167,0.167,000,0.167
2013-04-02,0.167,0.167,0.167,0.167,000,0.167
2013-04-01,0.167,0.167,0.167,0.167,300,0.167
2013-03-28,0.167,0.167,0.167,0.167,000,0.167
2013-03-27,0.167,0.167,0.167,0.167,000,0.167
2013-03-26,0.16,0.175,0.16,0.167,3600,0.167
2013-03-25,0.15,0.15,0.15,0.15,000,0.15
2013-03-21,0.15,0.15,0.15,0.15,000,0.15
2013-03-20,0.15,0.15,0.15,0.15,000,0.15
2013-03-19,0.15,0.15,0.15,0.15,000,0.15
2013-03-18,0.15,0.15,0.15,0.15,000,0.15
2013-03-14,0.15,0.15,0.15,0.15,000,0.15
2013-03-13,0.15,0.15,0.15,0.15,000,0.15
2013-03-12,0.15,0.15,0.15,0.15,000,0.15
2013-03-11,0.15,0.15,0.15,0.15,000,0.15
2013-03-07,0.15,0.15,0.15,0.15,000,0.15
2013-03-06,0.15,0.15,0.15,0.15,000,0.15
2013-03-05,0.15,0.15,0.15,0.15,000,0.15
2013-03-04,0.15,0.15,0.15,0.15,000,0.15
2013-02-28,0.15,0.15,0.15,0.15,000,0.15
2013-02-27,0.15,0.15,0.15,0.15,000,0.15
2013-02-26,0.15,0.15,0.15,0.15,000,0.15
2013-02-25,0.15,0.15,0.15,0.15,000,0.15
2013-02-21,0.15,0.15,0.15,0.15,000,0.15
2013-02-20,0.15,0.15,0.15,0.15,000,0.15
2013-02-19,0.15,0.15,0.15,0.15,000,0.15
2013-02-18,0.15,0.15,0.15,0.15,000,0.15
2013-02-14,0.15,0.15,0.15,0.15,000,0.15
2013-02-13,0.15,0.15,0.15,0.15,000,0.15
2013-02-12,0.15,0.15,0.15,0.15,000,0.15
2013-02-11,0.15,0.15,0.15,0.15,000,0.15
2013-02-07,0.15,0.15,0.15,0.15,000,0.15
2013-02-06,0.15,0.15,0.15,0.15,000,0.15
2013-02-05,0.15,0.15,0.15,0.15,000,0.15
2013-02-04,0.15,0.15,0.15,0.15,000,0.15
2013-01-31,0.15,0.15,0.15,0.15,000,0.15
2013-01-30,0.15,0.15,0.15,0.15,000,0.15
2013-01-29,0.15,0.15,0.15,0.15,000,0.15
2013-01-28,0.15,0.15,0.15,0.15,000,0.15
2013-01-24,0.15,0.15,0.15,0.15,000,0.15
2013-01-23,0.15,0.15,0.15,0.15,000,0.15
2013-01-22,0.15,0.15,0.15,0.15,000,0.15
2013-01-21,0.15,0.15,0.15,0.15,000,0.15
2013-01-17,0.15,0.15,0.15,0.15,000,0.15
2013-01-16,0.15,0.15,0.15,0.15,000,0.15
2013-01-15,0.15,0.15,0.15,0.15,000,0.15
2013-01-14,0.15,0.15,0.15,0.15,000,0.15
2013-01-10,0.15,0.15,0.15,0.15,000,0.15
2013-01-09,0.15,0.15,0.15,0.15,000,0.15
2013-01-08,0.15,0.15,0.15,0.15,000,0.15
2013-01-07,0.15,0.15,0.15,0.15,000,0.15
2013-01-03,0.15,0.15,0.15,0.15,000,0.15
2013-01-02,0.15,0.15,0.15,0.15,000,0.15
2013-01-01,0.15,0.15,0.15,0.15,000,0.15
2012-12-31,0.15,0.15,0.15,0.15,000,0.15
2012-12-27,0.15,0.15,0.15,0.15,000,0.15
2012-12-26,0.15,0.15,0.15,0.15,000,0.15
2012-12-25,0.15,0.15,0.15,0.15,000,0.15
2012-12-24,0.15,0.15,0.15,0.15,000,0.15
2012-12-20,0.15,0.15,0.15,0.15,000,0.15
2012-12-19,0.15,0.15,0.15,0.15,000,0.15
2012-12-18,0.15,0.15,0.15,0.15,000,0.15
2012-12-17,0.15,0.15,0.15,0.15,000,0.15
2012-12-13,0.15,0.15,0.15,0.15,000,0.15
2012-12-12,0.15,0.15,0.15,0.15,000,0.15
2012-12-11,0.15,0.15,0.15,0.15,000,0.15
2012-12-10,0.15,0.15,0.15,0.15,000,0.15
2012-12-06,0.15,0.15,0.15,0.15,000,0.15
2012-12-05,0.15,0.15,0.15,0.15,000,0.15
2012-12-04,0.15,0.15,0.15,0.15,000,0.15
2012-12-03,0.15,0.15,0.15,0.15,000,0.15
2012-11-27,0.15,0.15,0.15,0.15,000,0.15
2012-11-26,0.15,0.15,0.15,0.15,000,0.15
2012-11-22,0.15,0.15,0.15,0.15,000,0.15
2012-11-21,0.15,0.15,0.15,0.15,000,0.15
2012-11-20,0.15,0.15,0.15,0.15,000,0.15
2012-11-19,0.15,0.15,0.15,0.15,000,0.15
2012-11-15,0.15,0.15,0.15,0.15,000,0.15
2012-11-14,0.15,0.15,0.15,0.15,000,0.15
2012-11-13,0.15,0.15,0.15,0.15,000,0.15
2012-11-12,0.15,0.15,0.15,0.15,000,0.15
2012-11-08,0.15,0.15,0.15,0.15,000,0.15
2012-11-07,0.15,0.15,0.15,0.15,000,0.15
2012-11-06,0.15,0.15,0.15,0.15,000,0.15
2012-11-05,0.15,0.15,0.15,0.15,000,0.15
2012-11-01,0.15,0.15,0.15,0.15,000,0.15
2012-10-31,0.15,0.15,0.15,0.15,000,0.15
2012-10-30,0.15,0.15,0.15,0.15,000,0.15
2012-10-29,0.15,0.15,0.15,0.15,000,0.15
2012-10-25,0.15,0.15,0.15,0.15,000,0.15
2012-10-24,0.15,0.15,0.15,0.15,000,0.15
2012-10-23,0.15,0.15,0.15,0.15,000,0.15
2012-10-22,0.15,0.15,0.15,0.15,000,0.15
2012-10-18,0.15,0.15,0.15,0.15,000,0.15
2012-10-17,0.15,0.15,0.15,0.15,000,0.15
2012-10-16,0.15,0.15,0.15,0.15,000,0.15
2012-10-15,0.15,0.15,0.15,0.15,000,0.15
2012-10-11,0.15,0.15,0.15,0.15,000,0.15
2012-10-09,0.15,0.15,0.15,0.15,000,0.15
2012-10-08,0.15,0.15,0.15,0.15,000,0.15
2012-10-04,0.15,0.15,0.15,0.15,000,0.15
2012-10-03,0.15,0.15,0.15,0.15,000,0.15
2012-10-02,0.15,0.15,0.15,0.15,000,0.15
2012-10-01,0.15,0.15,0.15,0.15,000,0.15
2012-09-27,0.15,0.15,0.15,0.15,000,0.15
2012-09-26,0.15,0.15,0.15,0.15,000,0.15
2012-09-25,0.15,0.15,0.15,0.15,000,0.15
2012-09-24,0.15,0.15,0.15,0.15,000,0.15
2012-09-20,0.15,0.15,0.15,0.15,000,0.15
2012-09-19,0.15,0.15,0.15,0.15,000,0.15
2012-09-18,0.15,0.15,0.15,0.15,000,0.15
2012-09-17,0.15,0.15,0.15,0.15,000,0.15
2012-09-13,0.15,0.15,0.15,0.15,000,0.15
2012-09-12,0.15,0.15,0.15,0.15,000,0.15
2012-09-11,0.15,0.15,0.15,0.15,000,0.15
2012-09-10,0.15,0.15,0.15,0.15,000,0.15
2012-09-06,0.15,0.15,0.15,0.15,000,0.15
2012-09-05,0.15,0.15,0.15,0.15,000,0.15
2012-09-04,0.15,0.15,0.15,0.15,000,0.15
2012-09-03,0.15,0.15,0.15,0.15,000,0.15
2012-08-30,0.15,0.15,0.15,0.15,000,0.15
2012-08-29,0.15,0.15,0.15,0.15,000,0.15
2012-08-28,0.15,0.15,0.15,0.15,000,0.15
2012-08-27,0.15,0.15,0.15,0.15,000,0.15
2012-08-23,0.15,0.15,0.15,0.15,000,0.15
2012-08-22,0.15,0.15,0.15,0.15,000,0.15
2012-08-21,0.15,0.15,0.15,0.15,000,0.15
2012-08-20,0.15,0.15,0.15,0.15,000,0.15
2012-08-16,0.15,0.15,0.15,0.15,000,0.15
2012-08-15,0.15,0.15,0.15,0.15,000,0.15
2012-08-14,0.15,0.15,0.15,0.15,000,0.15
2012-08-13,0.15,0.15,0.15,0.15,000,0.15
2012-08-09,0.15,0.15,0.15,0.15,000,0.15
2012-08-08,0.15,0.15,0.15,0.15,000,0.15
2012-08-07,0.15,0.15,0.15,0.15,000,0.15
2012-08-06,0.15,0.15,0.15,0.15,000,0.15
2012-08-02,0.15,0.15,0.15,0.15,000,0.15
2012-08-01,0.15,0.15,0.15,0.15,000,0.15
2012-07-31,0.15,0.15,0.15,0.15,000,0.15
2012-07-30,0.15,0.15,0.15,0.15,000,0.15
2012-07-26,0.15,0.15,0.15,0.15,200000,0.15
2012-07-25,0.15,0.15,0.15,0.15,000,0.15
2012-07-24,0.15,0.15,0.15,0.15,75000,0.15
2012-07-23,0.141,0.141,0.141,0.141,000,0.141
2012-07-19,0.141,0.141,0.141,0.141,000,0.141
2012-07-18,0.141,0.141,0.141,0.141,000,0.141
2012-07-17,0.141,0.141,0.141,0.141,000,0.141
2012-07-16,0.141,0.141,0.141,0.141,000,0.141
2012-07-12,0.141,0.141,0.141,0.141,000,0.141
2012-07-11,0.141,0.141,0.141,0.141,000,0.141
2012-07-10,0.141,0.141,0.141,0.141,000,0.141
2012-07-09,0.141,0.141,0.141,0.141,000,0.141
2012-07-05,0.141,0.141,0.141,0.141,000,0.141
2012-07-04,0.141,0.141,0.141,0.141,000,0.141
2012-07-03,0.141,0.141,0.141,0.141,000,0.141
2012-07-02,0.141,0.141,0.141,0.141,000,0.141
2012-06-28,0.141,0.141,0.141,0.141,000,0.141
2012-06-27,0.141,0.141,0.141,0.141,000,0.141
2012-06-26,0.141,0.141,0.141,0.141,000,0.141
2012-06-25,0.141,0.141,0.141,0.141,000,0.141
2012-06-21,0.141,0.141,0.141,0.141,000,0.141
2012-06-20,0.141,0.141,0.141,0.141,000,0.141
2012-06-19,0.141,0.141,0.141,0.141,000,0.141
2012-06-18,0.141,0.141,0.141,0.141,000,0.141
2012-06-14,0.141,0.141,0.141,0.141,000,0.141
2012-06-13,0.141,0.141,0.141,0.141,000,0.141
2012-06-12,0.141,0.141,0.141,0.141,000,0.141
2012-06-11,0.141,0.141,0.141,0.141,000,0.141
2012-06-07,0.141,0.141,0.141,0.141,000,0.141
2012-06-06,0.141,0.141,0.141,0.141,000,0.141
2012-06-05,0.141,0.141,0.141,0.141,000,0.141
2012-06-04,0.141,0.141,0.141,0.141,000,0.141
2012-05-31,0.141,0.141,0.141,0.141,000,0.141
2012-05-30,0.141,0.141,0.141,0.141,000,0.141
2012-05-29,0.141,0.141,0.141,0.141,000,0.141
2012-05-28,0.141,0.141,0.141,0.141,000,0.141
2012-05-24,0.141,0.141,0.141,0.141,000,0.141
2012-05-23,0.141,0.141,0.141,0.141,000,0.141
2012-05-22,0.141,0.141,0.141,0.141,000,0.141
2012-05-21,0.141,0.141,0.141,0.141,000,0.141
2012-05-17,0.141,0.141,0.141,0.141,000,0.141
2012-05-16,0.141,0.141,0.141,0.141,000,0.141
2012-05-15,0.141,0.141,0.141,0.141,000,0.141
2012-05-14,0.141,0.141,0.141,0.141,000,0.141
2012-05-10,0.141,0.141,0.141,0.141,000,0.141
2012-05-09,0.141,0.141,0.141,0.141,000,0.141
2012-05-08,0.141,0.141,0.141,0.141,000,0.141
2012-05-07,0.141,0.141,0.141,0.141,000,0.141
2012-05-03,0.141,0.141,0.141,0.141,000,0.141
2012-05-02,0.141,0.141,0.141,0.141,000,0.141
2012-05-01,0.045,0.045,0.045,0.141,400,0.141
2012-04-30,0.141,0.141,0.141,0.141,000,0.141
2012-04-26,0.141,0.141,0.141,0.141,000,0.141
2012-04-25,0.141,0.141,0.141,0.141,000,0.141
2012-04-24,0.141,0.141,0.141,0.141,000,0.141
2012-04-23,0.141,0.141,0.141,0.141,000,0.141
2012-04-19,0.141,0.141,0.141,0.141,400,0.141
2012-04-18,0.141,0.141,0.141,0.141,000,0.141
2012-04-17,0.141,0.141,0.141,0.141,000,0.141
2012-04-16,0.14,0.141,0.14,0.141,2300,0.141
2012-04-12,0.14,0.14,0.14,0.14,000,0.14
2012-04-11,0.14,0.14,0.14,0.14,000,0.14
2012-04-10,0.14,0.14,0.14,0.14,613800,0.14
2012-04-09,0.146,0.146,0.146,0.146,000,0.146
2012-04-05,0.146,0.146,0.146,0.146,10000,0.146
2012-04-04,0.14,0.14,0.14,0.14,1200,0.14
2012-04-03,0.14,0.14,0.14,0.14,000,0.14
2012-04-02,0.14,0.14,0.14,0.14,12500,0.14
2012-03-29,0.131,0.131,0.131,0.131,000,0.131
2012-03-28,0.131,0.131,0.131,0.131,000,0.131
2012-03-27,0.131,0.131,0.131,0.131,000,0.131
2012-03-26,0.131,0.131,0.131,0.131,000,0.131
2012-03-22,0.133,0.133,0.133,0.133,000,0.133
2012-03-21,0.133,0.133,0.133,0.133,2000,0.133
2012-03-20,0.133,0.133,0.133,0.133,000,0.133
2012-03-19,0.133,0.133,0.133,0.133,10000,0.133
2012-03-15,0.123,0.123,0.123,0.123,000,0.123
2012-03-14,0.13,0.13,0.13,0.13,100,0.13
2012-03-13,0.123,0.123,0.123,0.123,000,0.123
2012-03-12,0.123,0.123,0.123,0.123,000,0.123
2012-03-08,0.123,0.123,0.123,0.123,000,0.123
2012-03-07,0.123,0.123,0.123,0.123,000,0.123
2012-03-06,0.123,0.123,0.123,0.123,000,0.123
2012-03-05,0.123,0.123,0.123,0.123,000,0.123
2012-03-01,0.123,0.123,0.123,0.123,000,0.123
2012-02-29,0.123,0.123,0.123,0.123,000,0.123
2012-02-28,0.123,0.123,0.123,0.123,000,0.123
2012-02-27,0.123,0.123,0.123,0.123,000,0.123
2012-02-23,0.123,0.123,0.123,0.123,000,0.123
2012-02-22,0.123,0.123,0.123,0.123,000,0.123
2012-02-21,0.123,0.123,0.123,0.123,000,0.123
2012-02-20,0.123,0.123,0.123,0.123,000,0.123
2012-02-16,0.123,0.123,0.123,0.123,000,0.123
2012-02-15,0.123,0.123,0.123,0.123,000,0.123
2012-02-14,0.123,0.123,0.123,0.123,000,0.123
2012-02-13,0.123,0.123,0.123,0.123,000,0.123
2012-02-09,0.123,0.123,0.123,0.123,000,0.123
2012-02-08,0.123,0.123,0.123,0.123,000,0.123
2012-02-07,0.123,0.123,0.123,0.123,000,0.123
2012-02-06,0.123,0.123,0.123,0.123,000,0.123
2012-02-02,0.123,0.123,0.123,0.123,000,0.123
2012-02-01,0.123,0.123,0.123,0.123,000,0.123
2012-01-31,0.123,0.123,0.123,0.123,100,0.123
2012-01-30,0.123,0.123,0.123,0.123,000,0.123
2012-01-26,0.123,0.123,0.123,0.123,000,0.123
2012-01-25,0.123,0.123,0.123,0.123,3500,0.123
2012-01-24,0.13,0.13,0.13,0.13,000,0.13
2012-01-23,0.13,0.13,0.13,0.13,000,0.13
2012-01-19,0.13,0.13,0.13,0.13,000,0.13
2012-01-18,0.13,0.13,0.13,0.13,000,0.13
2012-01-17,0.13,0.13,0.13,0.13,000,0.13
2012-01-16,0.13,0.13,0.13,0.13,000,0.13
2012-01-11,0.13,0.13,0.13,0.13,000,0.13
2012-01-10,0.13,0.13,0.13,0.13,000,0.13
2012-01-09,0.13,0.13,0.13,0.13,000,0.13
2012-01-05,0.13,0.13,0.13,0.13,000,0.13
2012-01-04,0.13,0.13,0.13,0.13,000,0.13
2012-01-03,0.13,0.13,0.13,0.13,000,0.13
2012-01-02,0.13,0.13,0.13,0.13,000,0.13
2011-12-29,0.13,0.13,0.13,0.13,000,0.13
2011-12-28,0.13,0.13,0.13,0.13,000,0.13
2011-12-27,0.13,0.13,0.13,0.13,000,0.13
2011-12-26,0.13,0.13,0.13,0.13,000,0.13
2011-12-22,0.13,0.13,0.13,0.13,000,0.13
2011-12-21,0.13,0.13,0.13,0.13,000,0.13
2011-12-20,0.13,0.13,0.13,0.13,000,0.13
2011-12-19,0.13,0.13,0.13,0.13,000,0.13
2011-12-15,0.13,0.13,0.13,0.13,000,0.13
2011-12-14,0.13,0.13,0.13,0.13,175900,0.13
2011-12-13,0.13,0.13,0.13,0.13,000,0.13
2011-12-12,0.13,0.13,0.13,0.13,10000,0.13
2011-12-08,0.126,0.126,0.126,0.126,000,0.126
2011-12-07,0.126,0.126,0.126,0.126,527600,0.126
2011-12-06,0.13,0.13,0.13,0.13,000,0.13
2011-12-05,0.13,0.13,0.13,0.13,000,0.13
2011-12-01,0.13,0.13,0.13,0.13,000,0.13
2011-11-30,0.13,0.13,0.13,0.13,000,0.13
2011-11-29,0.13,0.13,0.13,0.13,000,0.13
2011-11-28,0.13,0.13,0.13,0.13,1868600,0.13
2011-11-24,0.13,0.13,0.13,0.13,000,0.13
2011-11-23,0.13,0.13,0.13,0.13,000,0.13
2011-11-22,0.13,0.13,0.13,0.13,000,0.13
2011-11-21,0.13,0.13,0.13,0.13,000,0.13
2011-11-17,0.13,0.13,0.13,0.13,1868600,0.13
2011-11-16,0.122,0.122,0.122,0.122,500,0.122
2011-11-03,0.122,0.122,0.122,0.122,234200,0.122
2011-11-02,0.122,0.122,0.122,0.122,10000,0.122
2011-10-24,0.13,0.13,0.13,0.13,30600,0.13
2011-10-20,0.122,0.122,0.122,0.122,507100,0.122
2011-10-19,0.122,0.122,0.122,0.122,999900,0.122
2011-10-13,0.122,0.122,0.122,0.131,2000,0.131
2011-03-09,0.129,0.129,0.129,0.131,100,0.131
2011-02-14,0.131,0.131,0.131,0.131,7000,0.131
2010-12-23,0.10,0.10,0.10,0.10,000,0.10
2010-10-11,0.13,0.13,0.13,0.13,400,0.13
2010-10-07,0.133,0.133,0.13,0.13,300,0.13
2010-09-23,0.13,0.13,0.13,0.13,1700,0.13
2010-09-21,0.13,0.13,0.13,0.13,000,0.13
2010-09-16,0.13,0.13,0.13,0.13,000,0.13
2010-07-01,0.13,0.13,0.13,0.13,100,0.13
2010-05-11,0.13,0.15,0.13,0.13,1500,0.13
2010-05-03,0.131,0.14,0.14,0.14,000,0.14
2010-04-26,0.131,0.14,0.14,0.14,1100,0.14
2010-04-22,0.14,0.14,0.14,0.14,2000,0.14
2010-04-19,0.13,0.13,0.13,0.13,20000,0.13
2010-04-12,0.13,0.13,0.13,0.13,000,0.13
2010-04-08,0.13,0.13,0.13,0.13,100,0.13
2010-03-25,0.15,0.15,0.15,0.15,200,0.15
2010-03-23,0.15,0.15,0.15,0.15,700,0.15
2010-03-04,0.13,0.13,0.13,0.13,200,0.13
2010-02-10,0.131,0.131,0.13,0.131,5000,0.131
2010-01-28,0.13,0.13,0.13,0.13,2700,0.13
2010-01-13,0.13,0.13,0.13,0.13,700,0.13
2009-12-31,0.13,0.13,0.13,0.13,000,0.13
2009-12-30,0.12,0.12,0.12,0.12,300,0.12
2009-12-16,0.12,0.15,0.12,0.12,7000,0.12
2009-10-08,0.10,0.10,0.10,0.10,1700,0.10
2009-09-17,0.20,0.20,0.20,0.20,700,0.20
2009-09-16,0.20,0.20,0.20,0.20,1500,0.20
2009-09-03,0.20,0.20,0.20,0.20,3500,0.20
2009-09-02,0.15,0.15,0.15,0.15,000,0.15
2009-08-25,0.10,0.10,0.10,0.10,000,0.10
2009-07-29,0.17,0.17,0.17,0.17,000,0.17
2009-06-10,0.215,0.215,0.215,0.215,000,0.215
2009-05-19,0.17,0.17,0.17,0.17,000,0.17
2009-01-29,0.251,0.251,0.251,0.251,000,0.251
2008-11-24,0.20,0.20,0.20,0.20,400,0.20
2008-11-04,0.20,0.20,0.20,0.20,1200,0.20
2008-10-30,0.20,0.20,0.20,0.20,2000,0.20
2008-09-25,0.20,0.20,0.20,0.20,000,0.20
2008-07-22,0.21,0.21,0.21,0.21,000,0.21
2008-07-09,0.215,0.215,0.215,0.215,000,0.215
2008-07-08,0.22,0.22,0.22,0.22,700,0.22
2008-07-01,0.215,0.215,0.215,0.215,5000,0.215
2008-06-26,0.20,0.20,0.20,0.20,700,0.20
2008-06-23,0.201,0.201,0.201,0.201,000,0.201
2008-06-10,0.201,0.201,0.20,0.201,5000,0.201
2008-05-22,0.24,0.24,0.20,0.24,6300,0.24
2008-05-19,0.251,0.251,0.251,0.251,1500,0.251
2008-05-01,0.20,0.20,0.20,0.20,1500,0.20
2008-04-30,0.251,0.251,0.251,0.251,8900,0.251
2008-04-29,0.251,0.251,0.251,0.251,1000,0.251
2008-04-28,0.295,0.295,0.251,0.295,800,0.295
2008-04-17,0.26,0.26,0.255,0.26,100,0.26
2008-04-16,0.25,0.25,0.20,0.25,3600,0.25
2008-04-14,0.295,0.295,0.255,0.295,000,0.295
2008-04-10,0.255,0.255,0.255,0.255,000,0.255
2008-04-08,0.30,0.30,0.30,0.30,13200,0.30
2008-04-07,0.295,0.30,0.285,0.295,6900,0.295
2008-04-03,0.30,0.30,0.30,0.30,600,0.30
2008-04-02,0.299,0.299,0.299,0.299,000,0.299
2008-04-01,0.30,0.30,0.30,0.30,400,0.30
2008-03-27,0.30,0.35,0.30,0.30,7400,0.30
2008-03-26,0.20,0.20,0.20,0.20,000,0.20
2008-03-25,0.30,0.30,0.30,0.30,000,0.30
2008-03-20,0.30,0.30,0.30,0.30,000,0.30
2008-03-11,0.20,0.20,0.20,0.20,000,0.20
2008-03-06,0.35,0.35,0.35,0.35,1500,0.35
2008-03-05,0.40,0.40,0.40,0.40,7400,0.40
2008-03-04,0.209,0.23,0.209,0.209,1000,0.209
2006-11-27,0.12,0.12,0.12,0.12,1000,0.12
2006-11-20,0.12,0.12,0.12,0.12,000,0.12
2006-11-15,0.12,0.13,0.13,0.12,1000,0.12
2006-11-14,0.12,0.12,0.12,0.12,4200,0.12
2006-10-12,0.12,0.12,0.12,0.12,100,0.12
2006-10-11,0.12,0.10,0.10,0.12,000,0.12
2006-10-10,0.12,0.121,0.12,0.12,2100,0.12
2006-10-02,0.149,0.149,0.149,0.149,2000,0.149
2006-06-22,0.15,0.15,0.15,0.15,000,0.15
2006-05-25,0.15,0.15,0.15,0.15,000,0.15
2006-04-13,0.15,0.15,0.15,0.15,000,0.15
2006-03-20,0.20,0.20,0.20,0.20,000,0.20
2006-03-16,0.20,0.20,0.20,0.20,000,0.20
2006-03-15,0.18,0.18,0.18,0.18,1000,0.18
2006-03-13,0.20,0.20,0.20,0.20,000,0.20
2006-03-07,0.20,0.20,0.20,0.20,400,0.20
2006-02-02,0.20,0.20,0.20,0.20,100,0.20
2005-12-29,0.20,0.20,0.20,0.20,000,0.20
2005-12-07,0.20,0.20,0.20,0.20,400,0.20
2005-12-01,0.20,0.20,0.20,0.20,000,0.20
2005-11-07,0.20,0.20,0.20,0.20,000,0.20
2005-11-01,0.20,0.20,0.20,0.20,000,0.20
2005-10-10,0.20,0.25,0.25,0.20,4100,0.20
2005-10-04,0.20,0.24,0.24,0.20,2000,0.20
2005-09-28,0.20,0.25,0.25,0.20,1000,0.20
2005-09-22,0.20,0.30,0.20,0.20,700,0.20
2005-09-15,0.20,0.26,0.26,0.20,1300,0.20
2005-09-14,0.20,0.28,0.20,0.20,3000,0.20
2005-09-13,0.20,0.22,0.22,0.20,500,0.20
2005-07-13,0.79,0.79,0.79,0.79,900,0.79
2005-05-30,0.79,0.65,0.65,0.79,000,0.79
2005-05-26,0.79,0.79,0.79,0.79,1000,0.79
2005-05-25,0.79,0.79,0.79,0.79,000,0.79
2005-05-19,0.79,0.79,0.79,0.79,800,0.79
2005-05-18,0.79,0.70,0.65,0.79,3000,0.79
2005-05-02,0.79,0.72,0.72,0.79,100,0.79
2004-12-08,1.00,0.87,0.87,1.00,100,1.00
2004-11-24,1.00,0.90,0.90,1.00,200,1.00
2004-11-23,1.00,0.90,0.90,1.00,000,1.00
2004-10-19,1.00,1.00,1.00,1.00,500,1.00
2004-10-12,1.00,1.00,1.00,1.00,500,1.00
