Date,Open,High,Low,Close,Volume,Adj Close
2013-10-24,12.78,12.78,12.78,12.78,000,12.78
2013-10-23,12.89,13.00,12.56,12.78,10093800,12.78
2013-10-22,12.86,12.94,12.82,12.931,755100,12.931
2013-10-21,12.85,12.9025,12.79,12.86,834000,12.86
2013-10-18,12.89,12.89,12.76,12.85,825700,12.85
2013-10-17,12.73,12.81,12.71,12.79,772400,12.79
2013-10-16,12.72,12.76,12.70,12.75,568600,12.75
2013-10-15,12.63,12.725,12.63,12.69,1214600,12.69
2013-10-14,12.72,12.75,12.65,12.67,559500,12.67
2013-10-11,12.66,12.79,12.64,12.74,2652600,12.74
2013-10-10,12.61,12.67,12.605,12.67,801100,12.67
2013-10-09,12.58,12.59,12.50,12.54,1368100,12.54
2013-10-08,12.60,12.60,12.51,12.57,1454000,12.57
2013-10-07,12.51,12.60,12.51,12.56,880600,12.56
2013-10-04,12.60,12.63,12.545,12.59,4203900,12.59
2013-10-03,12.69,12.70,12.56,12.62,748000,12.62
2013-10-02,12.61,12.685,12.60,12.67,571300,12.67
2013-10-01,12.57,12.65,12.55,12.65,853700,12.65
2013-09-30,12.57,12.65,12.56,12.59,759300,12.59
2013-09-27,12.62,12.70,12.58,12.63,5806100,12.63
2013-09-26,12.63,12.79,12.63,12.67,326800,12.67
2013-09-25,12.66,12.75,12.64,12.65,447600,12.65
2013-09-24,12.75,12.78,12.62,12.67,453800,12.67
2013-09-23,12.68,12.80,12.654,12.72,475300,12.72
2013-09-20,12.89,12.91,12.5916,12.71,2493400,12.71
2013-09-19,12.93,12.96,12.83,12.88,713000,12.88
2013-09-18,12.71,12.98,12.71,12.92,1071000,12.92
2013-09-17,12.68,12.77,12.67,12.741,434700,12.741
2013-09-16,12.68,12.75,12.68,12.71,504200,12.71
2013-09-13,12.55,12.72,12.53,12.67,1107600,12.67
2013-09-12,12.55,12.55,12.45,12.51,591400,12.51
2013-09-11,12.63,12.63,12.53,12.569,139600,12.569
2013-09-10,12.58,12.63,12.52,12.63,427100,12.63
2013-09-09,12.55,12.64,12.52,12.58,379600,12.58
2013-09-06,12.61,12.65,12.48,12.61,244500,12.61
2013-09-05,12.61,12.64,12.57,12.58,226900,12.58
2013-09-04,12.54,12.62,12.54,12.61,305300,12.61
2013-09-03,12.59,12.63,12.491,12.54,651000,12.54
2013-09-02,12.51,12.51,12.51,12.51,000,12.51
2013-08-30,12.51,12.55,12.45,12.51,250100,12.51
2013-08-29,12.49,12.60,12.48,12.53,284900,12.53
2013-08-28,12.50,12.58,12.45,12.53,484000,12.53
2013-08-27,12.50,12.60,12.46,12.47,656500,12.47
2013-08-26,12.54,12.61,12.51,12.53,387500,12.53
2013-08-23,12.55,12.60,12.49,12.55,1152900,12.55
2013-08-22,12.60,12.61,12.54,12.56,511600,12.56
2013-08-21,12.53,12.63,12.53,12.55,817800,12.55
2013-08-20,12.53,12.57,12.53,12.54,622000,12.54
2013-08-19,12.53,12.62,12.51,12.53,1099800,12.53
2013-08-16,12.52,12.61,12.51,12.52,1231200,12.52
2013-08-15,12.57,12.70,12.52,12.531,1194900,12.531
2013-08-14,12.61,12.65,12.57,12.59,653900,12.59
2013-08-13,12.61,12.68,12.55,12.61,2051800,12.61
2013-08-12,12.50,12.65,12.48,12.63,1118600,12.63
2013-08-09,12.52,12.65,12.49,12.58,1090400,12.58
2013-08-08,12.50,12.595,12.49,12.51,1120700,12.51
2013-08-07,12.47,12.55,12.45,12.50,1626900,12.50
2013-08-06,12.50,12.545,12.455,12.48,2460600,12.48
2013-08-05,12.50,12.57,12.50,12.51,1780500,12.51
2013-08-02,12.47,12.60,12.47,12.51,2429300,12.51
2013-08-01,12.64,12.65,12.48,12.48,5054000,12.48
2013-07-31,12.43,12.665,12.38,12.51,13575100,12.51
2013-07-30,13.40,13.45,13.15,13.29,2141200,13.29
2013-07-29,14.04,14.08,13.38,13.44,983100,13.44
2013-07-26,13.56,14.11,13.56,13.97,721000,13.97
2013-07-25,13.57,13.78,13.08,13.75,1007000,13.75
2013-07-24,13.78,13.94,13.28,13.55,949100,13.55
2013-07-23,13.82,14.03,13.51,13.74,1398000,13.74
2013-07-22,13.99,14.45,13.76,13.84,1367200,13.84
2013-07-19,14.83,15.03,14.56,14.60,833200,14.60
2013-07-18,14.98,15.12,14.80,14.91,1061300,14.91
2013-07-17,15.00,15.2764,14.92,14.99,872600,14.99
2013-07-16,15.35,15.37,14.88,15.31,674800,15.31
2013-07-15,15.50,15.90,15.28,15.41,726100,15.41
2013-07-12,15.45,15.75,15.37,15.54,397600,15.54
2013-07-11,15.06,15.58,14.97,15.52,822500,15.52
2013-07-10,14.97,15.055,14.85,14.99,466800,14.99
2013-07-09,14.99,15.15,14.7575,14.95,633700,14.95
2013-07-08,15.55,15.5995,14.79,14.99,1032900,14.99
2013-07-05,15.38,15.66,15.23,15.59,1082300,15.59
2013-07-04,15.18,15.18,15.18,15.18,000,15.18
2013-07-03,14.53,15.66,14.45,15.18,1356300,15.18
2013-07-02,14.52,14.72,14.34,14.56,374700,14.56
2013-07-01,14.57,14.80,14.275,14.49,969300,14.49
2013-06-28,13.76,14.73,13.325,14.47,998900,14.47
2013-06-27,13.10,14.00,13.05,13.87,825300,13.87
2013-06-26,13.38,13.5625,12.86,13.03,1009700,13.03
2013-06-25,13.67,13.69,13.28,13.34,557500,13.34
2013-06-24,14.13,14.24,13.15,13.57,1109600,13.57
2013-06-21,13.82,14.29,13.66,14.27,1805600,14.27
2013-06-20,14.23,14.33,13.68,13.72,728100,13.72
2013-06-19,14.45,14.61,14.25,14.33,459000,14.33
2013-06-18,14.41,14.59,14.1504,14.44,392500,14.44
2013-06-17,14.71,14.71,14.37,14.43,455500,14.43
2013-06-14,14.67,14.72,14.39,14.55,362500,14.55
2013-06-13,14.36,14.79,14.28,14.64,508400,14.64
2013-06-12,14.78,14.83,14.365,14.38,404800,14.38
2013-06-11,14.88,15.04,14.584,14.71,526900,14.71
2013-06-10,14.89,15.24,14.87,14.98,700400,14.98
2013-06-07,14.64,14.97,14.6201,14.88,548300,14.88
2013-06-06,14.50,14.65,14.29,14.60,549400,14.60
2013-06-05,14.93,15.00,14.35,14.45,950800,14.45
2013-06-04,15.00,15.025,14.69,14.92,971800,14.92
2013-06-03,14.86,15.17,14.70,14.92,811400,14.92
2013-05-31,14.78,15.30,14.77,14.88,1064500,14.88
2013-05-30,14.73,14.90,14.7001,14.82,263500,14.82
2013-05-29,14.72,14.94,14.67,14.73,374500,14.73
2013-05-28,14.63,14.81,14.55,14.78,573200,14.78
2013-05-27,14.48,14.48,14.48,14.48,000,14.48
2013-05-24,14.58,14.61,14.30,14.48,422800,14.48
2013-05-23,14.32,14.68,14.05,14.67,558300,14.67
2013-05-22,14.40,14.72,14.28,14.38,718200,14.38
2013-05-21,14.75,14.93,14.41,14.43,491000,14.43
2013-05-20,14.94,14.95,14.61,14.70,983400,14.70
2013-05-17,15.11,15.48,14.735,14.97,1341100,14.97
2013-05-16,16.00,16.00,15.04,15.11,2542900,15.11
2013-05-15,14.22,16.80,13.95,16.18,5329200,16.18
2013-05-14,14.75,14.78,14.09,14.25,2262000,14.25
2013-05-13,12.56,15.00,12.56,14.66,3431700,14.66
2013-05-10,13.87,14.19,12.34,12.81,4432900,12.81
2013-05-09,14.82,15.09,14.64,14.92,1016800,14.92
2013-05-08,15.18,15.23,14.77,14.79,438100,14.79
2013-05-07,15.02,15.27,15.02,15.13,313200,15.13
2013-05-06,15.09,15.30,14.9201,15.03,334200,15.03
2013-05-03,15.43,15.50,15.06,15.10,467300,15.10
2013-05-02,15.07,15.40,15.07,15.27,446200,15.27
2013-05-01,15.49,15.5599,14.99,14.99,720700,14.99
2013-04-30,14.89,15.71,14.85,15.44,824800,15.44
2013-04-29,14.91,15.125,14.83,14.84,231000,14.84
2013-04-26,14.92,14.99,14.731,14.85,275400,14.85
2013-04-25,14.67,15.06,14.67,14.86,565600,14.86
2013-04-24,14.77,14.77,14.51,14.62,347900,14.62
2013-04-23,14.90,14.90,14.62,14.79,517100,14.79
2013-04-22,15.00,15.075,14.73,14.77,611700,14.77
2013-04-19,14.86,15.01,14.55,14.99,661400,14.99
2013-04-18,14.85,15.15,14.72,14.86,532900,14.86
2013-04-17,14.67,14.86,14.57,14.78,313200,14.78
2013-04-16,14.63,14.90,14.51,14.745,781500,14.745
2013-04-15,14.65,14.70,14.51,14.59,484800,14.59
2013-04-12,14.80,14.82,14.645,14.69,868200,14.69
2013-04-11,14.78,14.88,14.66,14.83,429700,14.83
2013-04-10,14.65,14.91,14.63,14.78,523400,14.78
2013-04-09,14.85,15.10,14.65,14.65,802900,14.65
2013-04-08,14.52,14.87,14.18,14.86,1308400,14.86
2013-04-05,14.25,14.64,14.18,14.55,470400,14.55
2013-04-04,13.95,14.51,13.83,14.42,1872400,14.42
2013-04-03,13.75,14.08,13.52,13.86,1663600,13.86
2013-04-02,11.80,14.48,11.80,13.91,3686400,13.91
2013-04-01,11.92,12.055,11.52,11.67,601800,11.67
2013-03-29,11.90,11.90,11.90,11.90,000,11.90
2013-03-28,11.80,12.21,11.80,11.90,825000,11.90
2013-03-27,11.78,12.02,11.70,11.76,491500,11.76
2013-03-26,11.84,12.02,11.72,11.80,363600,11.80
2013-03-25,11.93,11.955,11.71,11.83,325600,11.83
2013-03-22,12.20,12.20,11.88,11.93,354700,11.93
2013-03-21,12.26,12.48,12.17,12.20,472400,12.20
2013-03-20,12.25,12.365,12.12,12.35,443200,12.35
2013-03-19,12.28,12.40,12.12,12.18,385500,12.18
2013-03-18,11.86,12.32,11.55,12.25,526500,12.25
2013-03-15,12.28,12.36,11.91,11.98,1286800,11.98
2013-03-14,12.20,12.42,12.15,12.27,553600,12.27
2013-03-13,12.67,12.68,12.08,12.23,586100,12.23
2013-03-12,12.59,12.76,12.33,12.67,604400,12.67
2013-03-11,12.88,12.88,12.44,12.57,437000,12.57
2013-03-08,12.79,12.95,12.63,12.93,569600,12.93
2013-03-07,12.75,12.93,12.67,12.73,428100,12.73
2013-03-06,12.68,12.74,12.39,12.71,516100,12.71
2013-03-05,12.74,12.95,12.48,12.61,793500,12.61
2013-03-04,12.26,12.76,12.05,12.65,1157600,12.65
2013-03-01,11.97,12.29,11.73,12.26,1599800,12.26
2013-02-28,12.20,12.20,11.78,12.12,1672900,12.12
2013-02-27,11.65,12.74,11.51,12.13,4177000,12.13
2013-02-26,11.04,11.21,10.70,10.72,518800,10.72
2013-02-25,11.02,11.348,10.91,11.01,393700,11.01
2013-02-22,11.21,11.22,10.91,11.01,522200,11.01
2013-02-21,11.28,11.34,10.992,11.19,548400,11.19
2013-02-20,11.20,11.39,11.14,11.29,597700,11.29
2013-02-19,11.46,11.58,10.87,11.26,1058000,11.26
2013-02-18,11.47,11.47,11.47,11.47,000,11.47
2013-02-15,11.83,11.83,11.37,11.47,1257500,11.47
2013-02-14,11.81,11.9499,11.69,11.78,984900,11.78
2013-02-13,11.80,12.00,11.74,11.86,1228100,11.86
2013-02-12,11.31,11.76,11.25,11.755,1508000,11.755
2013-02-11,10.88,11.48,10.87,11.33,972500,11.33
2013-02-08,10.57,11.27,10.41,10.90,836400,10.90
2013-02-07,10.47,10.64,10.30,10.57,943300,10.57
2013-02-06,10.29,10.33,10.00,10.25,385000,10.25
2013-02-05,9.75,10.36,9.70,10.33,583900,10.33
2013-02-04,9.58,9.77,9.49,9.69,366600,9.69
2013-02-01,9.37,9.75,9.18,9.65,897300,9.65
2013-01-31,9.35,9.51,9.24,9.28,341900,9.28
2013-01-30,9.57,9.60,9.30,9.38,376700,9.38
2013-01-29,9.40,9.58,9.33,9.56,436800,9.56
2013-01-28,9.54,9.65,9.34,9.42,401800,9.42
2013-01-25,9.79,9.80,9.28,9.54,685700,9.54
2013-01-24,9.75,9.89,9.70,9.77,270000,9.77
2013-01-23,9.92,10.09,9.72,9.74,316200,9.74
2013-01-22,9.95,10.22,9.88,9.95,446500,9.95
2013-01-21,9.93,9.93,9.93,9.93,000,9.93
2013-01-18,10.12,10.14,9.84,9.93,229900,9.93
2013-01-17,9.92,10.33,9.82,10.12,306000,10.12
2013-01-16,9.99,10.10,9.79,9.87,310600,9.87
2013-01-15,10.12,10.21,9.84,9.99,466500,9.99
2013-01-14,10.25,10.37,10.07,10.13,527100,10.13
2013-01-11,10.73,10.73,10.21,10.25,419100,10.25
2013-01-10,10.52,10.79,10.43,10.70,359100,10.70
2013-01-09,10.46,10.56,10.265,10.46,333700,10.46
2013-01-08,10.55,10.65,10.26,10.36,457600,10.36
2013-01-07,9.24,10.55,9.24,10.43,629700,10.43
2013-01-04,9.17,9.48,9.15,9.25,359100,9.25
2013-01-03,8.87,9.195,8.84,9.11,413100,9.11
2013-01-02,9.22,9.30,8.85,8.99,672000,8.99
2013-01-01,9.05,9.05,9.05,9.05,000,9.05
2012-12-31,8.91,9.05,8.77,9.05,393200,9.05
2012-12-28,8.95,9.09,8.88,8.88,300000,8.88
2012-12-27,9.00,9.13,8.64,8.99,559100,8.99
2012-12-26,9.20,9.20,9.00,9.01,415700,9.01
2012-12-25,9.20,9.20,9.20,9.20,000,9.20
2012-12-24,9.26,9.30,9.11,9.20,221200,9.20
2012-12-21,9.33,9.77,9.18,9.32,1287200,9.32
2012-12-20,9.50,9.67,9.385,9.42,447900,9.42
2012-12-19,9.69,9.69,9.42,9.50,475600,9.50
2012-12-18,9.83,10.03,9.63,9.66,623500,9.66
2012-12-17,9.17,9.99,9.14,9.83,886800,9.83
2012-12-14,9.38,9.38,9.00,9.12,1239100,9.12
2012-12-13,9.72,10.00,9.39,9.39,643600,9.39
2012-12-12,10.40,10.42,9.48,9.73,879700,9.73
2012-12-11,10.85,10.93,10.20,10.40,1185100,10.40
2012-12-10,10.36,10.80,10.33,10.80,812700,10.80
2012-12-07,10.48,10.48,10.24,10.38,250100,10.38
2012-12-06,10.48,10.54,10.245,10.41,471800,10.41
2012-12-05,10.53,10.69,10.38,10.48,460700,10.48
2012-12-04,10.56,10.64,10.37,10.51,785800,10.51
2012-12-03,10.27,10.58,10.23,10.5102,563400,10.5102
2012-11-30,10.31,10.48,10.17,10.17,655300,10.17
2012-11-29,10.06,10.34,9.90,10.32,455800,10.32
2012-11-28,10.00,10.11,9.93,9.98,632800,9.98
2012-11-27,10.20,10.29,9.99,10.04,732900,10.04
2012-11-26,9.69,10.38,9.53,10.22,497800,10.22
2012-11-23,9.77,9.8391,9.50,9.68,166900,9.68
2012-11-22,9.78,9.78,9.78,9.78,000,9.78
2012-11-21,10.01,10.09,9.72,9.78,517200,9.78
2012-11-20,9.39,10.03,9.37,9.87,485200,9.87
2012-11-19,9.30,9.51,9.18,9.31,365800,9.31
2012-11-16,8.83,9.27,8.79,9.19,615100,9.19
2012-11-15,9.12,9.30,8.79,8.86,422900,8.86
2012-11-14,9.19,9.3063,9.0201,9.145,530600,9.145
2012-11-13,9.10,9.3674,8.97,9.2085,326100,9.2085
2012-11-12,9.10,9.30,9.10,9.17,242500,9.17
2012-11-09,9.00,9.40,8.97,9.05,373000,9.05
2012-11-08,9.25,9.25,8.99,9.04,413100,9.04
2012-11-07,9.46,9.6381,8.95,9.18,908200,9.18
2012-11-06,9.76,9.90,9.18,9.50,1181600,9.50
2012-11-05,9.71,10.02,9.50,9.77,648400,9.77
2012-11-02,9.56,10.15,9.53,9.7194,662800,9.7194
2012-11-01,9.56,10.02,9.5425,9.65,361500,9.65
2012-10-31,9.71,9.92,9.495,9.54,578800,9.54
2012-10-30,9.84,9.84,9.84,9.84,000,9.84
2012-10-29,9.84,9.84,9.84,9.84,000,9.84
2012-10-26,10.21,10.3399,9.66,9.84,540100,9.84
2012-10-25,10.34,10.40,10.04,10.23,389600,10.23
2012-10-24,10.32,10.36,10.10,10.25,336400,10.25
2012-10-23,10.14,10.47,10.01,10.25,285800,10.25
2012-10-22,10.57,10.65,10.14,10.23,576000,10.23
2012-10-19,10.91,10.95,10.50,10.5897,498500,10.5897
2012-10-18,11.02,11.10,10.89,10.91,361700,10.91
2012-10-17,10.97,11.20,10.90,11.00,573300,11.00
2012-10-16,11.02,11.1186,10.81,10.99,452400,10.99
2012-10-15,11.28,11.38,10.92,10.96,605000,10.96
2012-10-12,11.39,11.52,11.01,11.26,783400,11.26
2012-10-11,11.55,11.74,11.17,11.33,717200,11.33
2012-10-10,10.80,11.61,10.65,11.55,1591100,11.55
2012-10-09,11.02,11.11,10.67,10.83,2456400,10.83
2012-10-08,11.84,11.99,11.30,11.46,610800,11.46
2012-10-05,12.00,12.15,11.71,11.81,819200,11.81
2012-10-04,12.67,12.825,11.45,12.02,1648900,12.02
2012-10-03,13.38,13.38,12.78,12.82,914500,12.82
2012-10-02,13.78,13.78,13.12,13.32,1018300,13.32
2012-10-01,14.12,14.17,13.48,13.67,524300,13.67
2012-09-28,13.90,14.25,13.75,14.12,486700,14.12
2012-09-27,13.91,14.03,13.90,14.00,362500,14.00
2012-09-26,14.05,14.10,13.80,13.87,344700,13.87
2012-09-25,14.08,14.11,13.93,14.06,496500,14.06
2012-09-24,13.97,14.05,13.76,13.96,333900,13.96
2012-09-21,14.22,14.2588,13.99,14.07,818100,14.07
2012-09-20,14.24,14.36,13.92,14.01,406700,14.01
2012-09-19,14.74,14.785,14.12,14.31,628800,14.31
2012-09-18,14.90,15.00,14.14,14.49,1471800,14.49
2012-09-17,15.69,15.74,15.41,15.51,340100,15.51
2012-09-14,15.95,16.20,15.71,15.75,351000,15.75
2012-09-13,15.16,16.30,15.14,15.84,403000,15.84
2012-09-12,15.78,15.94,15.4739,15.77,175600,15.77
2012-09-11,15.52,15.99,15.23,15.77,254300,15.77
2012-09-10,15.91,16.07,15.28,15.54,301000,15.54
2012-09-07,16.45,16.49,15.90,15.97,314300,15.97
2012-09-06,15.77,16.47,15.66,16.43,461200,16.43
2012-09-05,15.88,16.00,15.541,15.65,661800,15.65
2012-09-04,15.15,15.98,15.11,15.88,893300,15.88
2012-09-03,15.03,15.03,15.03,15.03,000,15.03
2012-08-31,15.11,15.15,15.00,15.03,148200,15.03
2012-08-30,15.09,15.22,14.91,15.07,207900,15.07
2012-08-29,14.77,15.06,14.75,15.04,318100,15.04
2012-08-28,14.82,14.91,14.67,14.79,151700,14.79
2012-08-27,14.89,14.99,14.68,14.84,184700,14.84
2012-08-24,14.63,14.97,14.60,14.88,373900,14.88
2012-08-23,14.90,14.96,14.62,14.72,174900,14.72
2012-08-22,14.84,14.95,14.70,14.86,212600,14.86
2012-08-21,14.91,15.08,14.65,14.81,210200,14.81
2012-08-20,15.15,15.19,14.61,14.92,311800,14.92
2012-08-17,15.08,15.25,14.7805,15.17,358400,15.17
2012-08-16,15.03,15.22,14.785,15.15,169300,15.15
2012-08-15,14.82,15.08,14.79,15.02,182500,15.02
2012-08-14,14.90,15.11,14.61,14.84,348900,14.84
2012-08-13,15.13,15.13,14.75,14.88,332400,14.88
2012-08-10,14.73,15.22,14.63,15.16,266700,15.16
2012-08-09,15.03,15.22,14.70,14.72,338900,14.72
2012-08-08,15.30,15.75,14.99,15.00,595900,15.00
2012-08-07,15.43,15.87,15.23,15.35,627900,15.35
2012-08-06,14.50,15.43,14.39,15.37,469900,15.37
2012-08-03,14.78,14.89,14.08,14.49,651800,14.49
2012-08-02,13.00,14.78,12.90,14.29,1154700,14.29
2012-08-01,13.76,14.27,12.86,12.89,920600,12.89
2012-07-31,14.12,14.36,13.63,13.66,545300,13.66
2012-07-30,14.51,14.52,14.12,14.15,367600,14.15
2012-07-27,14.21,14.705,14.13,14.42,335700,14.42
2012-07-26,14.20,14.44,14.07,14.23,269200,14.23
2012-07-25,14.00,14.43,13.91,14.00,351000,14.00
2012-07-24,14.00,14.32,13.81,13.93,438800,13.93
2012-07-23,14.43,14.50,13.914,14.01,379000,14.01
2012-07-20,14.62,14.90,14.51,14.59,303900,14.59
2012-07-19,14.93,15.02,14.51,14.71,387000,14.71
2012-07-18,15.14,15.37,14.72,14.82,348700,14.82
2012-07-17,15.29,15.49,15.01,15.19,522600,15.19
2012-07-16,15.16,15.30,15.05,15.24,264400,15.24
2012-07-13,15.11,15.25,14.85,15.14,254000,15.14
2012-07-12,15.00,15.37,14.93,15.01,458100,15.01
2012-07-11,15.16,15.46,14.80,15.03,395600,15.03
2012-07-10,15.53,15.90,15.14,15.16,305700,15.16
2012-07-09,16.15,16.22,15.38,15.49,430600,15.49
2012-07-06,16.00,16.27,16.00,16.22,196200,16.22
2012-07-05,16.06,16.39,15.95,16.15,298200,16.15
2012-07-04,16.16,16.16,16.16,16.16,000,16.16
2012-07-03,15.97,16.30,15.77,16.16,154400,16.16
2012-07-02,15.49,16.00,15.415,16.00,337200,16.00
2012-06-29,15.43,15.80,15.255,15.46,435500,15.46
2012-06-28,15.28,15.42,14.85,15.16,276200,15.16
2012-06-27,14.91,15.45,14.91,15.38,275400,15.38
2012-06-26,14.93,15.05,14.81,14.91,559700,14.91
2012-06-25,14.94,15.05,14.80,14.93,338700,14.93
2012-06-22,15.02,15.35,14.99,15.05,501700,15.05
2012-06-21,15.06,15.35,14.94,15.00,412100,15.00
2012-06-20,15.58,15.77,14.97,15.07,524900,15.07
2012-06-19,15.86,15.92,15.51,15.60,462500,15.60
2012-06-18,15.53,16.00,15.45,15.85,849700,15.85
2012-06-15,15.40,15.915,15.20,15.69,1192200,15.69
2012-06-14,15.34,15.52,15.14,15.37,368700,15.37
2012-06-13,15.21,15.71,15.0409,15.37,396700,15.37
2012-06-12,15.17,15.45,14.87,15.24,397100,15.24
2012-06-11,15.30,15.49,15.00,15.15,557600,15.15
2012-06-08,15.15,15.445,14.90,15.20,382200,15.20
2012-06-07,15.49,15.63,15.07,15.19,322200,15.19
2012-06-06,15.06,15.508,14.93,15.39,372500,15.39
2012-06-05,15.11,15.20,14.72,15.00,521600,15.00
2012-06-04,14.94,15.278,14.80,15.16,526800,15.16
2012-06-01,14.69,15.03,14.32,14.96,448400,14.96
2012-05-31,15.20,15.309,14.78,14.94,440000,14.94
2012-05-30,15.06,15.30,14.98,15.13,760200,15.13
2012-05-29,15.29,15.39,14.87,15.19,571000,15.19
2012-05-28,15.32,15.32,15.32,15.32,000,15.32
2012-05-25,15.47,15.57,14.98,15.32,349700,15.32
2012-05-24,15.17,15.61,14.97,15.60,319100,15.60
2012-05-23,15.02,15.25,14.96,15.20,479700,15.20
2012-05-22,15.50,15.60,15.07,15.10,317200,15.10
2012-05-21,14.88,15.50,14.66,15.47,945600,15.47
2012-05-18,14.79,15.01,14.55,14.81,561800,14.81
2012-05-17,14.91,15.06,14.60,14.80,563400,14.80
2012-05-16,15.29,15.50,14.86,14.90,680200,14.90
2012-05-15,15.46,15.47,15.19,15.28,411400,15.28
2012-05-14,15.165,15.50,14.97,15.48,818700,15.48
2012-05-11,14.65,15.50,14.54,15.04,524100,15.04
2012-05-10,14.89,15.01,14.49,14.80,370200,14.80
2012-05-09,14.62,15.13,14.4612,14.82,573500,14.82
2012-05-08,14.75,14.949,14.50,14.77,485800,14.77
2012-05-07,14.64,14.95,14.42,14.92,516800,14.92
2012-05-04,14.70,14.82,14.39,14.70,1054900,14.70
2012-05-03,14.34,14.89,14.27,14.75,1092300,14.75
2012-05-02,14.57,14.95,14.50,14.67,638200,14.67
2012-05-01,14.78,14.98,14.55,14.65,454900,14.65
2012-04-30,14.99,15.04,14.77,14.80,540900,14.80
2012-04-27,14.78,15.04,14.755,14.93,727300,14.93
2012-04-26,14.50,14.71,14.4507,14.65,733600,14.65
2012-04-25,14.50,15.1199,14.355,14.49,1403300,14.49
2012-04-24,13.68,14.25,13.61,14.12,949200,14.12
2012-04-23,13.15,13.69,13.15,13.57,418100,13.57
2012-04-20,13.33,13.42,13.20,13.32,502000,13.32
2012-04-19,13.18,13.42,13.02,13.18,461900,13.18
2012-04-18,13.12,13.34,13.12,13.24,306200,13.24
2012-04-17,13.29,13.44,13.11,13.18,514800,13.18
2012-04-16,13.13,13.32,12.99,13.22,718900,13.22
2012-04-13,12.94,13.21,12.94,13.13,435500,13.13
2012-04-12,13.01,13.24,12.9101,13.00,781700,13.00
2012-04-11,12.50,13.00,12.50,13.00,1208900,13.00
2012-04-10,13.04,13.33,11.87,12.35,3027400,12.35
2012-04-09,13.46,13.81,13.21,13.72,1689600,13.72
2012-04-06,14.29,14.29,14.29,14.29,000,14.29
2012-04-05,14.28,14.455,14.08,14.29,634700,14.29
2012-04-04,14.27,14.36,14.045,14.34,637100,14.34
2012-04-03,14.48,14.71,14.25,14.46,658000,14.46
2012-04-02,14.07,14.58,13.90,14.57,571600,14.57
2012-03-30,14.15,14.23,13.85,13.90,370800,13.90
2012-03-29,13.84,14.08,13.78,14.00,320400,14.00
2012-03-28,13.79,14.09,13.79,13.88,355200,13.88
2012-03-27,13.85,13.92,13.71,13.80,323600,13.80
2012-03-26,13.69,14.05,13.69,13.84,503300,13.84
2012-03-23,13.40,13.75,13.40,13.51,546100,13.51
2012-03-22,13.24,13.60,13.24,13.43,372200,13.43
2012-03-21,13.10,13.55,13.10,13.32,428600,13.32
2012-03-20,13.02,13.23,12.89,13.06,331000,13.06
2012-03-19,13.01,13.26,12.67,13.08,500900,13.08
2012-03-16,13.06,13.19,12.65,13.00,2703800,13.00
2012-03-15,12.94,13.06,12.67,13.06,617600,13.06
2012-03-14,12.69,12.97,12.6025,12.94,704700,12.94
2012-03-13,12.37,12.81,12.34,12.78,693100,12.78
2012-03-12,12.96,12.96,12.245,12.31,898600,12.31
2012-03-09,13.09,13.20,12.84,12.94,689200,12.94
2012-03-08,12.79,13.49,12.68,13.00,1185800,13.00
2012-03-07,12.26,12.53,12.14,12.39,458700,12.39
2012-03-06,12.62,12.85,12.17,12.22,542700,12.22
2012-03-05,12.56,12.83,12.45,12.72,331200,12.72
2012-03-02,13.10,13.155,12.50,12.62,336100,12.62
2012-03-01,12.93,13.30,12.81,13.09,246900,13.09
2012-02-29,13.06,13.19,12.79,12.79,350600,12.79
2012-02-28,13.06,13.20,12.89,12.96,612600,12.96
2012-02-27,12.70,13.29,12.70,13.09,422400,13.09
2012-02-24,12.79,13.24,12.56,12.70,176800,12.70
2012-02-23,12.66,12.84,12.52,12.74,342500,12.74
2012-02-22,12.94,12.96,12.33,12.62,515300,12.62
2012-02-21,13.44,13.4793,12.79,12.95,540800,12.95
2012-02-20,13.39,13.39,13.39,13.39,000,13.39
2012-02-17,14.05,14.05,13.23,13.39,412600,13.39
2012-02-16,14.03,14.10,13.71,14.03,325000,14.03
2012-02-15,13.90,14.14,13.69,14.03,547500,14.03
2012-02-14,13.50,13.88,13.49,13.85,358600,13.85
2012-02-13,13.79,13.79,13.47,13.60,317500,13.60
2012-02-10,13.21,13.62,13.12,13.54,348500,13.54
2012-02-09,13.24,13.35,13.1713,13.29,290600,13.29
2012-02-08,13.51,13.51,13.09,13.18,321800,13.18
2012-02-07,13.79,13.98,13.36,13.51,450900,13.51
2012-02-06,13.22,13.985,13.22,13.79,670500,13.79
2012-02-03,13.40,13.40,13.11,13.21,337800,13.21
2012-02-02,13.43,13.50,13.175,13.25,395800,13.25
2012-02-01,13.02,13.50,12.94,13.41,425300,13.41
2012-01-31,12.78,13.31,12.72,12.97,736000,12.97
2012-01-30,12.49,12.775,12.36,12.68,399400,12.68
2012-01-27,12.26,12.77,12.24,12.55,444100,12.55
2012-01-26,12.52,12.52,12.11,12.29,531600,12.29
2012-01-25,12.16,12.51,12.09,12.44,445100,12.44
2012-01-24,12.25,12.41,12.03,12.12,663300,12.12
2012-01-23,12.20,12.47,12.15,12.29,361200,12.29
2012-01-20,12.82,12.90,12.17,12.24,693200,12.24
2012-01-19,12.75,12.99,12.74,12.90,316300,12.90
2012-01-18,12.65,12.75,12.39,12.70,273300,12.70
2012-01-17,12.50,12.76,12.436,12.65,403200,12.65
2012-01-16,12.42,12.42,12.42,12.42,000,12.42
2012-01-13,12.75,12.75,12.25,12.42,533100,12.42
2012-01-12,12.98,13.00,12.73,12.84,426600,12.84
2012-01-11,12.13,12.96,12.13,12.96,966100,12.96
2012-01-10,12.00,12.18,11.93,12.13,483400,12.13
2012-01-09,12.00,12.265,11.89,11.94,606300,11.94
2012-01-06,12.16,12.35,11.92,11.93,398900,11.93
2012-01-05,11.85,12.16,11.68,12.14,438000,12.14
2012-01-04,12.07,12.22,11.90,11.92,197500,11.92
2012-01-03,12.48,12.53,12.08,12.13,393700,12.13
2012-01-02,12.24,12.24,12.24,12.24,000,12.24
2011-12-30,12.14,12.31,11.97,12.24,189900,12.24
2011-12-29,11.82,12.23,11.70,12.19,394700,12.19
2011-12-28,11.69,12.12,11.68,11.82,327100,11.82
2011-12-27,11.72,12.00,11.61,11.66,611000,11.66
2011-12-26,11.80,11.80,11.80,11.80,000,11.80
2011-12-23,11.75,11.86,11.58,11.80,249900,11.80
2011-12-22,11.89,12.00,11.66,11.70,444100,11.70
2011-12-21,12.50,12.54,11.57,11.83,752600,11.83
2011-12-20,12.16,12.60,11.88,12.48,1053200,12.48
2011-12-19,12.20,12.71,11.935,11.99,792200,11.99
2011-12-16,11.83,12.30,11.4752,12.26,2191400,12.26
2011-12-15,12.10,12.24,11.34,11.71,844000,11.71
2011-12-14,11.58,12.00,10.79,11.96,1181100,11.96
2011-12-13,11.70,12.08,11.63,11.70,765200,11.70
2011-12-12,12.18,12.29,11.44,11.69,699400,11.69
2011-12-09,11.85,12.25,11.53,12.12,578600,12.12
2011-12-08,12.29,12.31,11.74,11.85,573900,11.85
2011-12-07,12.56,12.5771,12.15,12.40,999900,12.40
2011-12-06,12.08,12.67,11.90,12.65,1042500,12.65
2011-12-05,11.87,12.13,11.75,12.10,1013300,12.10
2011-12-02,11.59,11.73,11.46,11.71,544300,11.71
2011-12-01,11.50,11.80,11.35,11.43,553300,11.43
2011-11-30,11.23,11.60,10.991,11.52,684500,11.52
2011-11-29,11.12,11.19,10.48,10.74,708100,10.74
2011-11-28,10.82,11.25,10.57,11.12,1116100,11.12
2011-11-25,10.51,10.65,10.36,10.53,308000,10.53
2011-11-24,10.60,10.60,10.60,10.60,000,10.60
2011-11-23,10.17,10.90,10.07,10.60,821400,10.60
2011-11-22,10.40,10.61,10.00,10.21,687900,10.21
2011-11-21,10.39,10.59,10.04,10.41,1177100,10.41
2011-11-18,10.86,11.03,10.36,10.54,734700,10.54
2011-11-17,11.13,11.185,10.57,10.85,877100,10.85
2011-11-16,11.33,11.52,11.15,11.18,442700,11.18
2011-11-15,11.75,11.94,11.36,11.44,532000,11.44
2011-11-14,11.52,12.09,11.41,11.78,881800,11.78
2011-11-11,11.47,11.74,11.34,11.52,658400,11.52
2011-11-10,11.31,11.87,11.12,11.32,1487900,11.32
2011-11-09,10.65,11.26,10.56,11.20,1935600,11.20
2011-11-08,10.99,11.20,10.37,10.96,1977000,10.96
2011-11-07,12.58,12.69,10.745,10.78,3480900,10.78
2011-11-04,13.10,13.62,12.28,12.38,4702000,12.38
2011-11-03,14.40,14.95,14.19,14.64,1117000,14.64
2011-11-02,14.40,14.47,14.05,14.35,652100,14.35
2011-11-01,14.43,14.83,14.15,14.32,1252300,14.32
2011-10-31,14.17,14.7025,14.15,14.27,759500,14.27
2011-10-28,14.34,14.60,14.22,14.44,427700,14.44
2011-10-27,13.96,14.53,13.86,14.36,840300,14.36
2011-10-26,13.72,13.88,13.20,13.62,490500,13.62
2011-10-25,13.99,14.22,13.44,13.51,745200,13.51
2011-10-24,14.34,14.63,13.615,14.03,1309700,14.03
2011-10-21,14.79,14.79,14.02,14.25,658000,14.25
2011-10-20,13.50,14.74,13.30,14.48,1099500,14.48
2011-10-19,13.60,13.89,13.03,13.21,1616200,13.21
2011-10-18,13.90,14.08,13.50,13.80,580000,13.80
2011-10-17,14.84,15.0075,13.55,13.90,1576200,13.90
2011-10-14,15.15,15.40,14.80,15.02,422900,15.02
2011-10-13,14.40,15.28,14.35,15.00,896700,15.00
2011-10-12,14.51,15.00,14.36,14.56,500500,14.56
2011-10-11,14.13,14.62,14.07,14.37,400100,14.37
2011-10-10,14.34,14.55,13.88,14.30,849900,14.30
2011-10-07,14.44,14.50,14.03,14.12,697100,14.12
2011-10-06,13.54,14.44,13.37,14.43,698800,14.43
2011-10-05,13.38,14.09,13.055,13.61,1111000,13.61
2011-10-04,12.70,13.60,12.41,13.53,1265900,13.53
2011-10-03,13.80,14.10,12.63,12.71,1914300,12.71
2011-09-30,14.02,14.31,13.74,13.84,1154700,13.84
2011-09-29,14.79,15.10,13.90,14.65,1352200,14.65
2011-09-28,15.33,15.43,14.11,14.35,2412400,14.35
2011-09-27,16.21,16.34,15.315,15.45,1507800,15.45
2011-09-26,16.26,16.4461,14.53,16.10,2251400,16.10
2011-09-23,16.83,17.95,15.70,16.08,3589600,16.08
2011-09-22,16.45,17.17,15.56,16.87,2630800,16.87
2011-09-21,16.15,17.24,15.84,16.77,2901800,16.77
2011-09-20,15.82,16.50,15.82,16.12,2619700,16.12
2011-09-19,14.00,15.86,13.36,15.66,3622000,15.66
2011-09-16,13.95,14.42,13.82,14.04,2287600,14.04
2011-09-15,13.40,13.99,13.16,13.90,1544400,13.90
2011-09-14,13.46,13.50,12.83,13.29,1591700,13.29
2011-09-13,12.80,13.7199,12.78,13.41,2564300,13.41
2011-09-12,12.05,12.80,11.94,12.79,2047200,12.79
2011-09-09,11.82,12.04,11.51,11.93,1264200,11.93
2011-09-08,10.97,12.12,10.88,11.94,1990400,11.94
2011-09-07,10.71,11.12,10.69,11.06,1556300,11.06
2011-09-06,9.78,10.52,9.50,10.48,1658800,10.48
2011-09-02,9.43,10.07,9.16,9.89,1001200,9.89
2011-09-01,9.95,10.31,9.61,9.64,770300,9.64
2011-08-31,9.35,10.10,9.13,9.95,1276700,9.95
2011-08-30,8.63,9.46,8.54,9.21,1482800,9.21
2011-08-29,8.70,8.81,8.61,8.73,561400,8.73
2011-08-26,8.07,8.77,7.97,8.58,827200,8.58
2011-08-25,8.57,8.57,8.07,8.10,470700,8.10
2011-08-24,8.32,8.54,8.02,8.52,539600,8.52
2011-08-23,7.97,8.39,7.80,8.36,933200,8.36
2011-08-22,8.15,8.33,7.77,7.92,670500,7.92
2011-08-19,7.95,8.20,7.85,7.92,562600,7.92
2011-08-18,8.29,8.34,7.90,8.09,743800,8.09
2011-08-17,8.67,8.92,8.36,8.54,498800,8.54
2011-08-16,8.99,9.05,8.4989,8.65,898000,8.65
2011-08-15,8.15,9.08,8.11,9.07,1243000,9.07
2011-08-12,7.78,8.15,7.56,8.06,850300,8.06
2011-08-11,7.00,7.79,7.00,7.68,1047500,7.68
2011-08-10,7.42,7.5499,6.81,6.96,1172400,6.96
2011-08-09,7.81,7.81,7.00,7.52,1184600,7.52
2011-08-08,8.09,8.30,7.59,7.60,1325100,7.60
2011-08-05,9.14,9.70,8.4401,8.59,1274500,8.59
2011-08-04,8.99,9.45,8.37,8.83,1569500,8.83
2011-08-03,10.06,10.20,9.34,9.83,874000,9.83
2011-08-02,10.50,10.63,10.01,10.05,569200,10.05
2011-08-01,10.80,10.82,10.35,10.53,511800,10.53
2011-07-29,10.70,10.80,10.44,10.58,389100,10.58
2011-07-28,10.45,11.06,10.35,10.88,650700,10.88
2011-07-27,10.96,10.97,10.42,10.42,770300,10.42
2011-07-26,10.88,11.2902,10.73,11.03,435400,11.03
2011-07-25,11.05,11.25,10.7944,10.84,552400,10.84
2011-07-22,11.25,11.33,10.89,11.08,280700,11.08
2011-07-21,10.99,11.39,10.78,11.22,544700,11.22
2011-07-20,11.20,11.21,10.84,10.94,309300,10.94
2011-07-19,11.19,11.29,10.90,11.20,430000,11.20
2011-07-18,11.33,11.349,10.92,11.15,525500,11.15
2011-07-15,11.47,11.53,11.316,11.42,288400,11.42
2011-07-14,11.67,11.76,11.28,11.39,499700,11.39
2011-07-13,11.77,11.94,11.55,11.59,447100,11.59
2011-07-12,11.73,12.03,11.65,11.72,234700,11.72
2011-07-11,11.93,12.079,11.70,11.75,295400,11.75
2011-07-08,11.96,12.09,11.85,12.04,304300,12.04
2011-07-07,11.98,12.19,11.91,12.06,458500,12.06
2011-07-06,11.95,12.04,11.80,11.93,372900,11.93
2011-07-05,11.91,12.05,11.78,11.94,369400,11.94
2011-07-01,11.91,12.07,11.84,11.96,475700,11.96
2011-06-30,11.87,12.0099,11.75,11.89,567400,11.89
2011-06-29,12.00,12.07,11.78,11.82,874300,11.82
2011-06-28,12.18,12.20,11.93,12.00,665300,12.00
2011-06-27,12.08,12.19,11.98,12.10,387400,12.10
2011-06-24,12.33,12.36,11.95,12.02,1250700,12.02
2011-06-23,12.48,12.48,12.21,12.31,699800,12.31
2011-06-22,12.72,12.87,12.51,12.57,406600,12.57
2011-06-21,12.55,12.92,12.36,12.83,559300,12.83
2011-06-20,12.46,12.62,12.36,12.49,613400,12.49
2011-06-17,12.70,12.76,12.475,12.51,1447500,12.51
2011-06-16,12.65,12.77,12.43,12.68,443500,12.68
2011-06-15,12.55,12.79,12.51,12.60,324200,12.60
2011-06-14,12.75,12.94,12.60,12.69,426900,12.69
2011-06-13,12.55,12.83,12.42,12.66,601700,12.66
2011-06-10,12.92,12.99,12.395,12.44,779100,12.44
2011-06-09,13.18,13.245,12.90,12.93,545700,12.93
2011-06-08,13.20,13.25,12.94,13.14,668100,13.14
2011-06-07,13.26,13.57,13.21,13.30,362700,13.30
2011-06-06,13.68,13.74,13.12,13.262,974600,13.262
2011-06-03,13.77,13.985,13.66,13.74,742100,13.74
2011-06-02,14.40,14.60,13.881,14.00,1500800,14.00
2011-06-01,14.50,14.69,14.18,14.48,2852100,14.48
2011-05-31,13.70,14.74,13.60,14.51,7608200,14.51
2011-05-27,14.02,14.70,12.21,12.98,5970000,12.98
2011-05-26,13.98,14.05,13.71,13.99,1324300,13.99
2011-05-25,13.93,14.02,13.868,13.98,888600,13.98
2011-05-24,14.10,14.20,13.75,13.93,995000,13.93
2011-05-23,13.82,14.09,13.70,14.00,883800,14.00
2011-05-20,13.90,13.99,13.78,13.93,672300,13.93
2011-05-19,14.05,14.19,13.64,13.89,615700,13.89
2011-05-18,13.69,14.05,13.60,13.95,748600,13.95
2011-05-17,13.52,13.70,13.30,13.65,706000,13.65
2011-05-16,13.28,13.70,13.26,13.43,604300,13.43
2011-05-13,13.50,13.66,13.25,13.31,475800,13.31
2011-05-12,13.04,13.50,12.90,13.44,556400,13.44
2011-05-11,13.03,13.25,12.85,13.09,669500,13.09
2011-05-10,12.99,13.29,12.75,13.09,858400,13.09
2011-05-09,12.32,13.00,12.30,12.93,968900,12.93
2011-05-06,12.32,12.35,12.02,12.30,724300,12.30
2011-05-05,12.35,12.45,11.98,11.98,668400,11.98
2011-05-04,12.46,12.54,12.21,12.35,427400,12.35
2011-05-03,12.59,12.65,12.40,12.43,319900,12.43
2011-05-02,12.70,12.79,12.47,12.505,440000,12.505
2011-04-29,12.82,12.85,12.60,12.63,263200,12.63
2011-04-28,12.83,12.83,12.60,12.75,299400,12.75
2011-04-27,12.76,12.96,12.56,12.80,495600,12.80
2011-04-26,12.68,12.78,12.59,12.72,287500,12.72
2011-04-25,12.60,12.74,12.60,12.65,188300,12.65
2011-04-21,12.81,12.90,12.56,12.61,271500,12.61
2011-04-20,12.64,12.848,12.51,12.70,347700,12.70
2011-04-19,12.58,12.58,12.21,12.46,402900,12.46
2011-04-18,12.50,12.65,12.311,12.49,392600,12.49
2011-04-15,12.46,12.60,12.46,12.58,395900,12.58
2011-04-14,12.57,12.67,12.48,12.55,225000,12.55
2011-04-13,12.55,12.71,12.50,12.67,350700,12.67
2011-04-12,12.94,12.94,12.31,12.47,469900,12.47
2011-04-11,12.97,13.05,12.76,12.79,534000,12.79
2011-04-08,13.05,13.10,12.90,12.95,528400,12.95
2011-04-07,13.10,13.19,12.83,13.03,891000,13.03
2011-04-06,13.58,13.76,12.77,12.99,2968500,12.99
2011-04-04,13.91,13.99,13.31,13.80,2606000,13.80
2011-04-01,12.85,13.40,12.75,13.13,3031400,13.13
2011-03-31,11.96,11.96,11.42,11.83,2363300,11.83
2011-03-30,12.39,12.42,11.82,11.94,779400,11.94
2011-03-29,12.37,12.4499,12.20,12.31,673800,12.31
2011-03-28,12.60,12.68,12.32,12.35,465600,12.35
2011-03-25,12.80,13.00,12.47,12.54,700100,12.54
2011-03-24,12.19,12.769,12.18,12.60,928100,12.60
2011-03-23,11.83,12.105,11.82,12.00,453300,12.00
2011-03-22,12.04,12.04,11.55,11.81,438500,11.81
2011-03-21,12.16,12.24,11.86,12.00,369400,12.00
2011-03-18,11.99,12.21,11.84,11.99,1093500,11.99
2011-03-17,11.92,11.94,11.73,11.90,324200,11.90
2011-03-16,11.71,11.89,11.54,11.80,348400,11.80
2011-03-15,11.51,11.92,11.51,11.76,298600,11.76
2011-03-14,11.67,12.07,11.66,11.95,343200,11.95
2011-03-11,11.77,11.88,11.6703,11.80,315400,11.80
2011-03-10,11.73,11.81,11.60,11.67,272900,11.67
2011-03-09,11.67,11.90,11.551,11.87,204400,11.87
2011-03-08,11.51,11.72,11.33,11.71,321000,11.71
2011-03-07,11.44,11.56,11.34,11.48,370700,11.48
2011-03-04,11.50,11.60,11.3699,11.39,444500,11.39
2011-03-03,11.64,11.76,11.43,11.50,319300,11.50
2011-03-02,11.66,11.74,11.45,11.53,355200,11.53
2011-03-01,11.96,12.00,11.62,11.70,491800,11.70
2011-02-28,12.33,12.41,11.83,11.94,1112300,11.94
2011-02-25,12.06,12.33,12.06,12.19,219000,12.19
2011-02-24,11.60,12.03,11.50,11.94,396300,11.94
2011-02-23,11.90,12.05,11.70,11.73,366500,11.73
2011-02-22,12.07,12.21,11.85,11.9025,403000,11.9025
2011-02-18,12.08,12.18,11.91,12.10,310500,12.10
2011-02-17,11.96,12.05,11.85,12.00,425300,12.00
2011-02-16,11.84,12.05,11.75,11.97,596200,11.97
2011-02-15,11.57,11.79,11.52,11.76,447100,11.76
2011-02-14,11.39,11.74,11.30,11.58,1197400,11.58
2011-02-11,11.35,11.63,11.25,11.29,2887900,11.29
2011-02-10,12.14,12.73,12.10,12.57,237500,12.57
2011-02-09,12.50,12.50,12.12,12.21,240100,12.21
2011-02-08,12.49,12.54,12.26,12.39,246200,12.39
2011-02-07,12.57,12.76,12.30,12.38,385400,12.38
2011-02-04,12.02,12.02,11.68,11.84,221600,11.84
2011-02-03,11.64,12.14,11.35,11.87,506900,11.87
2011-02-02,11.02,11.60,10.90,11.24,574900,11.24
2011-02-01,11.05,11.06,10.87,11.01,128400,11.01
2011-01-31,10.74,11.07,10.65,11.00,213600,11.00
2011-01-28,11.29,11.2999,10.65,10.66,252200,10.66
2011-01-27,11.45,11.52,11.18,11.26,86200,11.26
2011-01-26,11.32,11.45,11.23,11.41,107200,11.41
2011-01-25,11.40,11.40,11.13,11.29,125200,11.29
2011-01-24,11.13,11.68,11.03,11.40,338100,11.40
2011-01-21,11.03,11.04,10.50,10.84,200500,10.84
2011-01-20,11.02,11.14,10.80,10.90,205000,10.90
2011-01-19,11.81,11.8799,11.06,11.13,298800,11.13
2011-01-18,11.96,12.01,11.691,11.86,166200,11.86
2011-01-14,11.78,11.9899,11.63,11.95,150200,11.95
2011-01-13,11.80,11.91,11.40,11.59,206600,11.59
2011-01-12,12.34,12.43,11.64,11.81,298000,11.81
2011-01-11,11.75,12.21,11.74,12.21,265400,12.21
2011-01-10,11.41,11.68,11.25,11.67,158200,11.67
2011-01-07,11.49,11.49,11.21,11.44,154900,11.44
2011-01-06,11.52,11.52,11.2801,11.41,134800,11.41
2011-01-05,11.36,11.52,11.25,11.48,114200,11.48
2011-01-04,11.74,11.85,11.11,11.39,252200,11.39
2011-01-03,11.46,11.51,11.35,11.42,188500,11.42
2010-12-31,11.50,11.54,11.31,11.31,101400,11.31
2010-12-30,11.62,11.73,11.50,11.50,142700,11.50
2010-12-29,11.68,11.73,11.54,11.64,67900,11.64
2010-12-28,11.66,11.70,11.49,11.61,102700,11.61
2010-12-27,11.48,11.67,11.45,11.59,85800,11.59
2010-12-23,11.52,11.606,11.42,11.46,98600,11.46
2010-12-22,11.63,11.76,11.40,11.54,158900,11.54
2010-12-21,11.64,11.87,11.6175,11.81,125200,11.81
2010-12-20,11.50,11.75,11.41,11.63,118500,11.63
2010-12-17,11.83,11.83,11.41,11.50,286200,11.50
2010-12-16,11.52,11.78,11.30,11.78,242200,11.78
2010-12-15,11.11,11.60,11.01,11.33,283900,11.33
2010-12-14,10.98,11.22,10.68,11.08,300100,11.08
2010-12-13,10.30,10.98,10.274,10.80,357100,10.80
2010-12-10,9.99,10.19,9.62,10.18,375100,10.18
2010-12-09,9.98,10.00,9.82,9.86,348500,9.86
2010-12-08,9.93,9.95,9.79,9.79,290400,9.79
2010-12-07,9.88,9.94,9.75,9.79,381200,9.79
2010-12-06,9.81,9.833,9.72,9.75,195800,9.75
2010-12-03,9.74,9.81,9.65,9.80,274900,9.80
2010-12-02,9.75,9.81,9.62,9.74,553700,9.74
2010-12-01,10.08,10.08,9.53,9.56,313900,9.56
2010-11-30,9.60,9.85,9.43,9.47,155800,9.47
2010-11-29,9.74,9.87,9.49,9.71,162200,9.71
2010-11-26,9.94,10.03,9.79,9.82,57100,9.82
2010-11-24,9.81,10.07,9.81,9.92,180600,9.92
2010-11-23,9.64,9.75,9.53,9.68,103400,9.68
2010-11-22,9.72,9.86,9.50,9.79,244700,9.79
2010-11-19,9.10,9.50,9.10,9.48,152800,9.48
2010-11-18,8.88,9.23,8.88,9.10,236700,9.10
2010-11-17,8.99,9.03,8.78,8.87,87400,8.87
2010-11-16,9.01,9.13,8.89,8.94,130800,8.94
2010-11-15,9.15,9.26,9.04,9.07,115100,9.07
2010-11-12,9.12,9.25,9.00,9.08,478200,9.08
2010-11-11,8.97,9.26,8.87,9.21,136200,9.21
2010-11-10,9.25,9.58,9.13,9.54,123500,9.54
2010-11-09,9.70,9.72,9.16,9.19,165700,9.19
2010-11-08,9.81,9.96,9.64,9.69,56400,9.69
2010-11-05,9.67,10.0381,9.49,9.86,130700,9.86
2010-11-04,9.37,9.72,9.345,9.62,214900,9.62
2010-11-03,9.40,9.54,9.08,9.22,142300,9.22
2010-11-02,9.38,9.57,9.27,9.40,126800,9.40
2010-11-01,9.44,9.51,9.23,9.27,116100,9.27
2010-10-29,9.41,9.45,9.24,9.39,120100,9.39
2010-10-28,9.77,9.77,9.40,9.46,131100,9.46
2010-10-27,9.82,9.88,9.51,9.67,255100,9.67
2010-10-26,9.98,10.05,9.81,9.86,72800,9.86
2010-10-25,10.19,10.40,10.03,10.06,87300,10.06
2010-10-22,10.04,10.11,9.98,10.10,67500,10.10
2010-10-21,10.20,10.35,9.95,10.02,195100,10.02
2010-10-20,9.89,10.18,9.65,10.13,147200,10.13
2010-10-19,9.87,9.99,9.68,9.82,220900,9.82
2010-10-18,9.89,10.04,9.81,9.99,215100,9.99
2010-10-15,9.86,10.19,9.82,9.85,304800,9.85
2010-10-14,9.55,9.84,9.50,9.73,209800,9.73
2010-10-13,9.44,9.64,9.44,9.58,116900,9.58
2010-10-12,9.28,9.45,9.22,9.38,149800,9.38
2010-10-11,9.70,9.70,9.28,9.33,166100,9.33
2010-10-08,9.70,9.91,9.58,9.87,431900,9.87
2010-10-07,9.43,9.55,9.34,9.51,163900,9.51
2010-10-06,9.55,9.55,9.30,9.42,206600,9.42
2010-10-05,9.09,9.63,9.06,9.57,175800,9.57
2010-10-04,9.15,9.15,9.00,9.04,133200,9.04
2010-10-01,9.24,9.24,9.05,9.18,100000,9.18
2010-09-30,9.40,9.485,9.08,9.17,191400,9.17
2010-09-29,9.44,9.50,9.35,9.37,193200,9.37
2010-09-28,9.70,9.70,9.36,9.47,148500,9.47
2010-09-27,9.70,9.70,9.55,9.69,173600,9.69
2010-09-24,9.53,9.70,9.47,9.70,126300,9.70
2010-09-23,9.44,9.59,9.32,9.41,134900,9.41
2010-09-22,9.48,9.69,9.46,9.49,186300,9.49
2010-09-21,9.68,9.83,9.44,9.48,308600,9.48
2010-09-20,9.20,9.68,9.13,9.68,286800,9.68
2010-09-17,9.16,9.26,9.0399,9.15,193700,9.15
2010-09-16,9.00,9.10,8.94,9.05,153600,9.05
2010-09-15,8.93,9.18,8.93,9.03,140100,9.03
2010-09-14,9.04,9.32,8.96,8.98,338400,8.98
2010-09-13,8.86,9.18,8.86,9.06,182000,9.06
2010-09-10,8.50,8.83,8.40,8.77,224800,8.77
2010-09-09,8.09,8.56,8.06,8.50,324500,8.50
2010-09-08,8.00,8.125,8.00,8.03,183400,8.03
2010-09-07,8.20,8.23,7.94,7.96,171700,7.96
2010-09-03,8.28,8.32,8.07,8.20,233400,8.20
2010-09-02,8.15,8.32,8.14,8.23,156800,8.23
2010-09-01,8.15,8.15,7.97,8.09,209100,8.09
2010-08-31,8.02,8.13,7.93,8.04,243600,8.04
2010-08-30,8.09,8.23,7.98,8.02,304900,8.02
2010-08-27,8.14,8.15,7.85,8.14,175400,8.14
2010-08-26,7.90,8.15,7.86,8.05,153500,8.05
2010-08-25,7.72,7.87,7.68,7.87,132000,7.87
2010-08-24,7.83,7.90,7.69,7.78,116000,7.78
2010-08-23,8.12,8.23,7.87,7.87,148000,7.87
2010-08-20,8.05,8.12,7.89,8.09,198500,8.09
2010-08-19,8.21,8.21,7.80,8.10,328500,8.10
2010-08-18,8.43,8.46,8.14,8.26,178800,8.26
2010-08-17,8.27,8.53,8.22,8.43,137300,8.43
2010-08-16,8.24,8.32,8.13,8.20,103200,8.20
2010-08-13,8.42,8.43,8.24,8.29,213700,8.29
2010-08-12,8.35,8.50,8.22,8.46,145200,8.46
2010-08-11,8.85,8.94,8.43,8.49,190100,8.49
2010-08-10,8.91,9.11,8.87,9.00,214700,9.00
2010-08-09,9.06,9.06,8.95,9.01,133500,9.01
2010-08-06,8.95,9.11,8.95,9.00,266900,9.00
2010-08-05,8.96,9.16,8.96,9.05,298000,9.05
2010-08-04,9.23,9.33,9.04,9.15,174300,9.15
2010-08-03,9.24,9.42,9.19,9.19,71700,9.19
2010-08-02,9.21,9.40,9.14,9.30,134100,9.30
2010-07-30,9.05,9.3075,9.01,9.08,130300,9.08
2010-07-29,9.41,9.65,9.09,9.19,94000,9.19
2010-07-28,9.62,9.71,9.33,9.35,78100,9.35
2010-07-27,9.93,9.94,9.63,9.66,75900,9.66
2010-07-26,9.62,10.00,9.62,9.86,100600,9.86
2010-07-23,9.20,9.64,9.07,9.57,192900,9.57
2010-07-22,9.03,9.30,9.00,9.26,115000,9.26
2010-07-21,9.29,9.33,8.92,8.92,129300,8.92
2010-07-20,8.92,9.29,8.92,9.22,107800,9.22
2010-07-19,8.89,9.02,8.81,9.02,151400,9.02
2010-07-16,9.15,9.21,8.82,8.88,181300,8.88
2010-07-15,9.18,9.23,8.93,9.16,131900,9.16
2010-07-14,9.25,9.30,9.10,9.17,122200,9.17
2010-07-13,9.03,9.35,8.92,9.30,107700,9.30
2010-07-12,9.08,9.08,8.85,8.92,117900,8.92
2010-07-09,9.20,9.20,8.97,9.13,75200,9.13
2010-07-08,9.06,9.29,9.01,9.19,100000,9.19
2010-07-07,8.75,9.00,8.69,8.97,160800,8.97
2010-07-06,9.07,9.44,8.68,8.74,161900,8.74
2010-07-02,9.06,9.23,8.96,8.98,92300,8.98
2010-07-01,9.25,9.28,8.96,8.99,123300,8.99
2010-06-30,9.07,9.44,9.07,9.27,142500,9.27
2010-06-29,9.25,9.35,9.01,9.10,148600,9.10
2010-06-28,9.21,9.47,9.18,9.39,90100,9.39
2010-06-25,8.94,9.31,8.85,9.30,331100,9.30
2010-06-24,8.98,9.23,8.88,8.89,101200,8.89
2010-06-23,9.24,9.41,9.00,9.05,140700,9.05
2010-06-22,9.33,9.52,9.23,9.25,74900,9.25
2010-06-21,9.83,9.88,9.22,9.28,176400,9.28
2010-06-18,9.78,9.83,9.60,9.71,238500,9.71
2010-06-17,9.62,9.77,9.53,9.71,124900,9.71
2010-06-16,9.53,9.69,9.51,9.58,72500,9.58
2010-06-15,9.56,9.63,9.36,9.62,135200,9.62
2010-06-14,9.59,9.81,9.42,9.48,154000,9.48
2010-06-11,9.41,9.56,9.39,9.49,252800,9.49
2010-06-10,9.62,9.83,9.39,9.50,154400,9.50
2010-06-09,9.73,9.73,9.39,9.48,210700,9.48
2010-06-08,9.38,9.64,9.17,9.61,255500,9.61
2010-06-07,9.83,9.90,9.38,9.38,314200,9.38
2010-06-04,9.86,9.92,9.70,9.80,185300,9.80
2010-06-03,10.22,10.33,10.00,10.02,206400,10.02
2010-06-02,10.10,10.20,9.92,10.17,302600,10.17
2010-06-01,10.59,10.65,10.07,10.07,216900,10.07
2010-05-28,10.80,11.05,10.57,10.67,150100,10.67
2010-05-27,10.39,10.92,10.21,10.80,176800,10.80
2010-05-26,10.89,11.10,10.11,10.17,230700,10.17
2010-05-25,10.50,10.89,10.21,10.83,228500,10.83
2010-05-24,10.97,11.09,10.56,10.57,152800,10.57
2010-05-21,10.84,11.15,10.62,10.94,289200,10.94
2010-05-20,11.30,11.31,10.86,10.93,261000,10.93
2010-05-19,11.31,11.58,11.18,11.51,122000,11.51
2010-05-18,11.40,11.48,11.28,11.32,102200,11.32
2010-05-17,11.27,11.39,11.07,11.26,275700,11.26
2010-05-14,11.39,11.39,11.00,11.19,218800,11.19
2010-05-13,11.70,11.79,11.43,11.47,217100,11.47
2010-05-12,11.84,12.09,11.52,11.76,217000,11.76
2010-05-11,11.57,12.06,11.47,11.80,264100,11.80
2010-05-10,11.74,12.41,11.52,11.64,270100,11.64
2010-05-07,11.70,11.90,11.15,11.31,354900,11.31
2010-05-06,12.26,12.35,11.15,11.79,261100,11.79
2010-05-05,12.30,12.53,12.11,12.34,214200,12.34
2010-05-04,12.45,12.63,12.30,12.40,175900,12.40
2010-05-03,12.32,12.62,12.13,12.59,177600,12.59
2010-04-30,12.16,12.42,12.01,12.31,154900,12.31
2010-04-29,12.35,12.39,11.98,12.19,230400,12.19
2010-04-28,12.67,12.685,11.97,12.26,174900,12.26
2010-04-27,12.77,12.98,12.53,12.61,100700,12.61
2010-04-26,12.70,12.93,12.63,12.80,103600,12.80
2010-04-23,12.79,12.82,12.46,12.69,65500,12.69
2010-04-22,12.65,12.75,12.43,12.75,65600,12.75
2010-04-21,12.61,12.83,12.51,12.76,93600,12.76
2010-04-20,12.51,12.63,12.45,12.63,92600,12.63
2010-04-19,12.51,12.86,12.42,12.51,131300,12.51
2010-04-16,12.46,12.88,12.41,12.49,217000,12.49
2010-04-15,12.43,12.49,12.33,12.42,172600,12.42
2010-04-14,12.05,12.49,12.03,12.40,184900,12.40
2010-04-13,11.82,11.98,11.71,11.94,118700,11.94
2010-04-12,11.77,11.93,11.63,11.85,307300,11.85
2010-04-09,11.63,11.63,11.32,11.45,284800,11.45
2010-04-08,11.61,11.74,11.51,11.60,118900,11.60
2010-04-07,12.01,12.03,11.64,11.67,266900,11.67
2010-04-06,11.92,12.17,11.865,12.08,102200,12.08
2010-04-05,11.71,12.13,11.67,11.99,242400,11.99
2010-04-01,12.34,12.40,11.609,11.70,294200,11.70
2010-03-31,12.36,12.48,12.19,12.28,715200,12.28
2010-03-30,12.50,12.50,12.36,12.39,190800,12.39
2010-03-29,12.65,12.66,12.44,12.53,222200,12.53
2010-03-26,12.87,12.94,12.55,12.58,98600,12.58
2010-03-25,13.05,13.25,12.78,12.80,185900,12.80
2010-03-24,13.18,13.27,13.01,13.04,93300,13.04
2010-03-23,13.21,13.28,13.03,13.23,106500,13.23
2010-03-22,13.10,13.25,12.82,13.24,121600,13.24
2010-03-19,13.49,13.50,13.10,13.19,215900,13.19
2010-03-18,13.33,13.47,13.26,13.42,115200,13.42
2010-03-17,13.48,13.49,13.30,13.38,160800,13.38
2010-03-16,13.40,13.57,13.34,13.46,234700,13.46
2010-03-15,13.72,13.72,13.30,13.33,187900,13.33
2010-03-12,13.64,13.67,13.43,13.57,142200,13.57
2010-03-11,13.66,13.66,13.51,13.57,152600,13.57
2010-03-10,13.60,13.66,13.52,13.65,112700,13.65
2010-03-09,13.40,13.795,13.28,13.56,286900,13.56
2010-03-08,13.42,13.48,13.29,13.47,238200,13.47
2010-03-05,13.17,13.46,13.05,13.46,278500,13.46
2010-03-04,13.06,13.21,13.06,13.21,234600,13.21
2010-03-03,12.65,13.15,12.55,13.00,261300,13.00
2010-03-02,12.52,12.63,12.44,12.63,233900,12.63
2010-03-01,12.02,12.62,11.97,12.54,330200,12.54
2010-02-26,11.63,12.08,11.58,11.95,319900,11.95
2010-02-25,11.31,11.60,11.31,11.59,188300,11.59
2010-02-24,11.19,11.68,11.10,11.42,973600,11.42
2010-02-23,11.57,11.68,11.30,11.51,143700,11.51
2010-02-22,11.40,11.59,11.16,11.56,132100,11.56
2010-02-19,11.50,11.62,11.22,11.41,186600,11.41
2010-02-18,11.50,11.75,11.45,11.51,225400,11.51
2010-02-17,11.59,11.76,11.46,11.56,158600,11.56
2010-02-16,11.96,11.96,11.50,11.60,208700,11.60
2010-02-12,11.84,12.21,11.72,11.93,261800,11.93
2010-02-11,11.85,12.01,11.58,11.88,266100,11.88
2010-02-10,12.05,12.18,11.70,11.89,266500,11.89
2010-02-09,12.35,12.40,12.04,12.12,170300,12.12
2010-02-08,12.385,12.72,12.08,12.09,234500,12.09
2010-02-05,13.51,13.70,11.87,12.54,1179900,12.54
2010-02-04,12.64,12.66,11.84,11.86,298200,11.86
2010-02-03,12.56,12.80,12.44,12.64,110000,12.64
2010-02-02,12.39,12.70,12.31,12.66,109700,12.66
2010-02-01,12.40,12.62,12.21,12.29,225100,12.29
2010-01-29,13.06,13.25,12.27,12.32,402100,12.32
2010-01-28,13.40,13.40,13.0122,13.06,616400,13.06
2010-01-27,13.08,13.39,13.05,13.33,236200,13.33
2010-01-26,13.32,13.39,13.13,13.19,251400,13.19
2010-01-25,13.30,13.50,13.01,13.38,260700,13.38
2010-01-22,13.38,13.84,13.21,13.43,358100,13.43
2010-01-21,12.99,13.13,12.78,13.05,148000,13.05
2010-01-20,13.41,13.52,12.80,12.94,471000,12.94
2010-01-19,13.20,13.54,13.10,13.42,159100,13.42
2010-01-15,13.43,13.86,13.17,13.23,555100,13.23
2010-01-14,12.16,13.27,12.15,13.13,467500,13.13
2010-01-13,11.81,12.22,11.70,12.08,323100,12.08
2010-01-12,11.82,11.87,11.58,11.63,79300,11.63
2010-01-11,11.88,11.8899,11.66,11.75,96500,11.75
2010-01-08,12.01,12.07,11.78,11.85,148200,11.85
2010-01-07,11.83,12.04,11.72,12.00,288300,12.00
2010-01-06,11.60,11.83,11.50,11.69,283200,11.69
2010-01-05,11.64,11.76,11.56,11.59,141600,11.59
2010-01-04,11.45,11.71,11.35,11.70,134100,11.70
2009-12-31,11.29,11.38,11.21,11.27,125100,11.27
2009-12-30,10.89,11.21,10.80,11.21,266800,11.21
2009-12-29,10.87,10.90,10.64,10.84,494700,10.84
2009-12-28,10.88,10.93,10.82,10.88,234800,10.88
2009-12-24,11.01,11.05,10.80,10.85,155600,10.85
2009-12-23,11.11,11.20,10.79,10.89,277500,10.89
2009-12-22,11.13,11.18,10.85,10.85,211800,10.85
2009-12-21,11.09,11.28,11.01,11.11,271200,11.11
2009-12-18,11.35,11.51,11.05,11.11,316600,11.11
2009-12-17,11.43,11.48,11.21,11.37,185300,11.37
2009-12-16,11.48,11.49,11.27,11.47,153800,11.47
2009-12-15,11.23,11.64,11.05,11.43,252300,11.43
2009-12-14,11.20,11.28,11.17,11.27,103500,11.27
2009-12-11,11.05,11.21,11.01,11.20,145600,11.20
2009-12-10,11.10,11.15,11.00,11.05,102400,11.05
2009-12-09,11.12,11.12,11.02,11.10,68700,11.10
2009-12-08,11.12,11.18,11.01,11.12,184400,11.12
2009-12-07,11.15,11.21,11.05,11.11,179400,11.11
2009-12-04,11.07,11.16,10.91,11.15,162000,11.15
2009-12-03,11.03,11.21,10.88,10.91,187200,10.91
2009-12-02,10.99,11.14,10.86,10.90,206100,10.90
2009-12-01,11.08,11.28,10.95,10.99,179900,10.99
2009-11-30,11.09,11.31,10.75,10.98,167300,10.98
2009-11-27,11.57,11.57,11.07,11.26,120100,11.26
2009-11-25,11.61,11.62,11.43,11.46,118200,11.46
2009-11-24,11.91,11.91,11.55,11.60,116000,11.60
2009-11-23,12.26,12.32,11.71,11.89,148700,11.89
2009-11-20,12.15,12.18,11.89,12.00,214200,12.00
2009-11-19,12.16,12.25,11.89,12.01,338700,12.01
2009-11-18,12.38,12.57,12.21,12.24,113300,12.24
2009-11-17,12.64,12.65,12.38,12.39,124000,12.39
2009-11-16,12.30,13.02,12.30,12.61,232700,12.61
2009-11-13,12.9799,12.9799,12.23,12.25,287900,12.25
2009-11-12,12.45,13.95,12.42,12.46,581000,12.46
2009-11-11,12.46,12.50,12.36,12.40,215700,12.40
2009-11-10,12.25,12.50,12.25,12.35,293500,12.35
2009-11-09,12.10,12.44,12.05,12.25,195400,12.25
2009-11-06,11.82,12.20,11.82,12.11,182200,12.11
2009-11-05,11.70,11.88,11.70,11.79,323300,11.79
2009-11-04,12.10,12.49,11.53,11.61,443200,11.61
2009-11-03,11.75,12.08,11.61,12.04,159200,12.04
2009-11-02,11.70,11.85,11.60,11.63,144600,11.63
2009-10-30,11.75,11.98,11.54,11.56,281300,11.56
2009-10-29,11.60,11.7425,11.56,11.70,132900,11.70
2009-10-28,11.86,11.97,11.48,11.48,169200,11.48
2009-10-27,12.20,12.27,11.68,11.70,203900,11.70
2009-10-26,12.25,12.40,11.75,11.95,226700,11.95
2009-10-23,12.67,12.89,12.17,12.28,252500,12.28
2009-10-22,13.50,13.59,12.51,12.61,302200,12.61
2009-10-21,13.05,13.95,13.05,13.34,135100,13.34
2009-10-20,13.90,13.97,13.06,13.11,117700,13.11
2009-10-19,13.94,14.00,13.87,13.89,64500,13.89
2009-10-16,13.95,14.03,13.87,13.87,70700,13.87
2009-10-15,13.92,14.03,13.87,13.97,91500,13.97
2009-10-14,13.90,14.02,13.79,13.99,114300,13.99
2009-10-13,13.60,13.85,13.60,13.85,115100,13.85
2009-10-12,13.71,13.75,13.49,13.54,26500,13.54
2009-10-09,13.70,13.95,13.65,13.68,69800,13.68
2009-10-08,13.67,13.85,13.50,13.64,135400,13.64
2009-10-07,13.32,13.63,13.31,13.58,44600,13.58
2009-10-06,13.24,13.40,13.09,13.40,66500,13.40
2009-10-05,13.34,13.56,13.12,13.18,94300,13.18
2009-10-02,13.16,13.44,13.13,13.34,98900,13.34
2009-10-01,13.49,13.68,13.13,13.18,91700,13.18
2009-09-30,13.74,13.90,13.44,13.53,153100,13.53
2009-09-29,14.35,14.35,13.65,13.69,98800,13.69
2009-09-28,14.03,14.43,13.84,14.33,136300,14.33
2009-09-25,14.31,14.50,13.83,13.94,158600,13.94
2009-09-24,14.10,14.52,14.10,14.38,300100,14.38
2009-09-23,13.89,14.30,13.61,14.10,210400,14.10
2009-09-22,13.84,14.10,13.72,13.83,204000,13.83
2009-09-21,13.77,13.89,13.20,13.78,96900,13.78
2009-09-18,13.75,13.85,13.54,13.82,134900,13.82
2009-09-17,13.28,13.805,13.28,13.66,89600,13.66
2009-09-16,13.43,13.54,13.03,13.25,81200,13.25
2009-09-15,13.37,13.96,13.05,13.44,211100,13.44
2009-09-14,12.95,13.76,12.95,13.40,266300,13.40
2009-09-11,13.04,13.18,12.90,13.04,101400,13.04
2009-09-10,13.32,13.33,12.98,13.06,117300,13.06
2009-09-09,13.50,13.95,13.33,13.37,123700,13.37
2009-09-08,13.23,13.51,12.96,13.51,91000,13.51
2009-09-04,12.76,13.20,12.55,13.12,69500,13.12
2009-09-03,12.86,12.87,12.54,12.82,94300,12.82
2009-09-02,12.73,13.16,12.69,12.86,133400,12.86
2009-09-01,13.01,13.19,12.49,12.66,193600,12.66
2009-08-31,13.00,13.22,12.95,13.03,122900,13.03
2009-08-28,13.31,13.31,13.04,13.11,45800,13.11
2009-08-27,13.46,13.49,13.07,13.23,73400,13.23
2009-08-26,13.42,13.69,13.20,13.38,129500,13.38
2009-08-25,13.75,13.80,13.20,13.39,166800,13.39
2009-08-24,14.16,14.42,13.81,13.99,127800,13.99
2009-08-21,13.59,14.37,13.57,14.18,298100,14.18
2009-08-20,13.04,13.44,13.00,13.43,90000,13.43
2009-08-19,13.08,13.22,12.64,13.03,147500,13.03
2009-08-18,12.90,13.19,12.52,13.18,212600,13.18
2009-08-17,13.07,13.40,12.71,12.85,157400,12.85
2009-08-14,13.66,13.66,13.01,13.19,94900,13.19
2009-08-13,13.58,13.84,13.24,13.65,75900,13.65
2009-08-12,13.11,13.77,12.925,13.49,155500,13.49
2009-08-11,13.38,13.68,12.93,13.06,162300,13.06
2009-08-10,13.33,13.80,13.33,13.47,96900,13.47
2009-08-07,13.88,14.07,13.26,13.41,176600,13.41
2009-08-06,14.15,14.525,13.31,13.78,368400,13.78
2009-08-05,14.73,14.74,14.31,14.56,181300,14.56
2009-08-04,14.10,14.90,14.10,14.68,161700,14.68
2009-08-03,14.22,14.43,14.12,14.29,150900,14.29
2009-07-31,14.15,14.59,14.05,14.09,131400,14.09
2009-07-30,14.28,14.65,13.94,14.15,398800,14.15
2009-07-29,14.78,15.17,14.73,15.02,419300,15.02
2009-07-28,14.49,14.88,14.21,14.86,150000,14.86
2009-07-27,14.81,14.84,14.41,14.52,165700,14.52
2009-07-24,14.77,14.85,14.59,14.78,153800,14.78
2009-07-23,14.41,14.99,14.41,14.82,242500,14.82
2009-07-22,14.62,14.80,14.32,14.46,94600,14.46
2009-07-21,14.70,14.76,14.21,14.71,81800,14.71
2009-07-20,14.86,14.86,14.16,14.80,128700,14.80
2009-07-17,14.56,15.00,14.17,14.90,255700,14.90
2009-07-16,14.41,14.50,14.14,14.50,73000,14.50
2009-07-15,13.99,14.58,13.99,14.51,210000,14.51
2009-07-14,14.01,14.01,13.79,13.81,76200,13.81
2009-07-13,13.90,14.09,13.41,14.08,63200,14.08
2009-07-10,14.38,14.39,13.76,13.90,78200,13.90
2009-07-09,14.35,14.50,14.17,14.40,110900,14.40
2009-07-08,14.41,14.45,13.86,14.27,163100,14.27
2009-07-07,14.50,14.73,14.295,14.32,215300,14.32
2009-07-06,14.40,14.66,14.38,14.59,120100,14.59
2009-07-02,14.70,14.87,14.28,14.40,93400,14.40
2009-07-01,14.99,15.03,14.60,14.86,278600,14.86
2009-06-30,14.42,15.00,14.01,14.97,267400,14.97
2009-06-29,14.48,14.50,14.03,14.46,81500,14.46
2009-06-26,13.74,14.58,13.65,14.58,313200,14.58
2009-06-25,13.32,13.77,13.25,13.75,103000,13.75
2009-06-24,12.99,13.60,12.94,13.41,96000,13.41
2009-06-23,13.03,13.28,12.85,12.85,65100,12.85
2009-06-22,13.42,13.51,12.85,13.03,154100,13.03
2009-06-19,13.66,13.80,13.32,13.52,259000,13.52
2009-06-18,13.44,13.58,13.24,13.51,126800,13.51
2009-06-17,13.02,13.57,12.75,13.46,209000,13.46
2009-06-16,13.54,13.59,12.95,13.02,168600,13.02
2009-06-15,13.55,13.86,13.44,13.47,276800,13.47
2009-06-12,13.60,13.88,13.40,13.81,157400,13.81
2009-06-11,13.71,13.77,13.55,13.71,224100,13.71
2009-06-10,14.06,14.10,13.53,13.73,220200,13.73
2009-06-09,14.09,14.20,13.90,13.95,177300,13.95
2009-06-08,14.02,14.23,13.77,14.10,325000,14.10
2009-06-05,13.81,14.01,13.53,13.93,185700,13.93
2009-06-04,13.41,13.87,13.40,13.84,240200,13.84
2009-06-03,13.10,13.50,13.00,13.36,324400,13.36
2009-06-02,12.92,13.20,12.83,13.13,382700,13.13
2009-06-01,12.41,12.82,12.41,12.82,213400,12.82
2009-05-29,12.25,12.42,12.00,12.41,163800,12.41
2009-05-28,12.53,12.59,11.84,12.26,223300,12.26
2009-05-27,12.40,12.62,12.40,12.50,169200,12.50
2009-05-26,11.95,12.55,11.95,12.47,172200,12.47
2009-05-22,12.02,12.485,11.80,11.80,195400,11.80
2009-05-21,12.28,12.53,11.79,12.01,302300,12.01
2009-05-20,10.81,12.85,10.72,12.28,866200,12.28
2009-05-19,11.03,11.03,10.60,10.72,418900,10.72
2009-05-18,10.21,11.28,9.54,10.93,1200400,10.93
2009-05-15,12.12,12.12,11.53,11.66,301800,11.66
2009-05-14,12.07,12.22,12.00,12.07,125900,12.07
2009-05-13,12.35,12.44,12.00,12.00,241500,12.00
2009-05-12,12.84,12.84,12.18,12.47,191400,12.47
2009-05-11,12.57,12.85,12.40,12.78,135600,12.78
2009-05-08,12.45,12.75,12.40,12.71,208100,12.71
2009-05-07,12.28,12.85,12.06,12.45,260900,12.45
2009-05-06,13.29,13.35,12.21,12.33,313800,12.33
2009-05-05,13.31,13.41,12.60,13.23,417800,13.23
2009-05-04,13.19,13.55,13.16,13.34,297100,13.34
2009-05-01,13.90,14.10,13.00,13.16,203800,13.16
2009-04-30,14.47,14.55,13.38,13.97,359000,13.97
2009-04-29,14.10,14.40,13.87,14.36,203500,14.36
2009-04-28,14.06,14.19,13.78,13.98,267400,13.98
2009-04-27,14.06,14.39,14.00,14.11,417500,14.11
2009-04-24,14.20,14.39,13.93,14.21,315900,14.21
2009-04-23,14.55,14.695,13.89,14.15,375500,14.15
2009-04-22,13.72,14.70,13.72,14.50,470500,14.50
2009-04-21,13.49,13.88,13.02,13.87,202700,13.87
2009-04-20,13.38,13.63,13.29,13.57,260900,13.57
2009-04-17,13.56,13.71,13.23,13.62,204800,13.62
2009-04-16,13.34,13.70,13.02,13.52,167100,13.52
2009-04-15,13.13,13.38,12.92,13.23,176800,13.23
2009-04-14,13.16,13.26,13.00,13.15,279100,13.15
2009-04-13,13.45,13.5299,12.90,13.34,147000,13.34
2009-04-09,13.56,13.73,13.34,13.52,272000,13.52
2009-04-08,13.08,13.54,12.91,13.29,122200,13.29
2009-04-07,13.55,13.60,12.71,13.13,333600,13.13
2009-04-06,13.97,13.97,13.41,13.68,145200,13.68
2009-04-03,14.03,14.06,13.26,14.05,237600,14.05
2009-04-02,13.85,14.09,13.61,14.09,276200,14.09
2009-04-01,13.20,13.69,13.13,13.60,269700,13.60
2009-03-31,13.66,14.00,13.16,13.20,446500,13.20
2009-03-30,12.71,13.70,12.60,13.62,286100,13.62
2009-03-27,12.87,13.00,12.48,12.90,269200,12.90
2009-03-26,11.99,13.00,11.61,13.00,606800,13.00
2009-03-25,11.80,11.99,11.57,11.98,336700,11.98
2009-03-24,11.66,11.91,11.41,11.77,231000,11.77
2009-03-23,11.46,11.81,11.26,11.81,300100,11.81
2009-03-20,11.56,11.69,11.19,11.29,202700,11.29
2009-03-19,11.96,11.96,11.29,11.47,237400,11.47
2009-03-18,11.51,12.00,11.41,11.94,255700,11.94
2009-03-17,10.86,11.52,10.84,11.52,177100,11.52
2009-03-16,11.00,11.15,10.84,10.86,276900,10.86
2009-03-13,10.97,11.30,10.89,10.96,221300,10.96
2009-03-12,10.96,11.09,9.75,10.95,558100,10.95
2009-03-11,12.10,12.44,10.76,10.95,566600,10.95
2009-03-10,11.37,12.20,11.32,12.05,475000,12.05
2009-03-09,10.71,11.24,10.67,11.20,229300,11.20
2009-03-06,10.93,10.97,10.53,10.84,189700,10.84
2009-03-05,10.72,11.00,10.63,10.74,310400,10.74
2009-03-04,11.10,11.25,10.23,10.93,630500,10.93
2009-03-03,11.07,11.28,10.89,11.00,141000,11.00
2009-03-02,10.72,11.24,10.72,11.00,237800,11.00
2009-02-27,11.00,11.20,10.60,10.71,312900,10.71
2009-02-26,11.07,11.25,10.99,10.99,398600,10.99
2009-02-25,10.84,11.1196,10.84,10.99,345700,10.99
2009-02-24,10.77,11.21,10.76,11.09,481200,11.09
2009-02-23,10.70,10.78,10.485,10.66,160900,10.66
2009-02-20,10.83,10.95,10.463,10.64,244300,10.64
2009-02-19,11.31,11.40,10.85,10.85,230100,10.85
2009-02-18,11.29,11.75,10.97,11.26,278200,11.26
2009-02-17,11.06,11.38,10.78,11.26,148000,11.26
2009-02-13,11.26,11.50,10.92,11.40,183800,11.40
2009-02-12,10.94,11.30,10.741,11.24,153400,11.24
2009-02-11,10.62,11.20,10.50,11.07,246800,11.07
2009-02-10,10.87,10.88,10.49,10.51,116000,10.51
2009-02-09,10.89,11.02,10.50,10.96,127100,10.96
2009-02-06,11.19,11.19,10.75,10.92,271400,10.92
2009-02-05,10.99,11.38,10.81,11.11,102100,11.11
2009-02-04,11.20,11.50,11.00,11.07,241500,11.07
2009-02-03,10.81,11.29,10.74,11.20,191800,11.20
2009-02-02,10.43,10.90,10.29,10.78,160900,10.78
2009-01-30,10.00,10.57,9.87,10.49,209400,10.49
2009-01-29,9.82,10.09,9.68,9.90,318500,9.90
2009-01-28,10.43,10.96,9.97,10.00,172800,10.00
2009-01-27,10.09,10.37,9.80,10.27,163000,10.27
2009-01-26,10.63,10.88,9.96,10.04,167900,10.04
2009-01-23,10.00,11.38,9.65,10.59,498500,10.59
2009-01-22,10.51,10.64,10.08,10.12,221800,10.12
2009-01-21,9.59,10.77,9.50,10.76,325600,10.76
2009-01-20,9.96,10.05,9.36,9.53,222500,9.53
2009-01-16,10.03,10.11,9.72,10.00,228500,10.00
2009-01-15,9.72,10.23,9.12,10.18,241400,10.18
2009-01-14,9.93,9.99,9.31,9.75,189400,9.75
2009-01-13,9.71,10.37,9.68,10.09,141600,10.09
2009-01-12,9.52,10.04,9.52,9.70,101200,9.70
2009-01-09,10.70,10.70,9.49,9.50,350000,9.50
2009-01-08,10.12,10.76,9.90,10.75,172200,10.75
2009-01-07,11.08,11.11,10.03,10.25,291600,10.25
2009-01-06,10.49,11.34,10.48,11.25,355100,11.25
2009-01-05,11.00,11.10,9.77,10.46,404500,10.46
2009-01-02,12.14,12.43,10.70,10.96,285300,10.96
2008-12-31,11.75,12.14,11.52,12.11,571900,12.11
2008-12-30,10.70,11.68,10.38,11.60,640700,11.60
2008-12-29,10.90,10.98,10.52,10.77,271300,10.77
2008-12-26,10.08,10.99,10.08,10.98,331900,10.98
2008-12-24,9.77,10.20,9.68,10.03,141500,10.03
2008-12-23,9.15,9.96,9.045,9.76,609300,9.76
2008-12-22,8.68,9.15,8.62,9.15,487200,9.15
2008-12-19,9.13,9.15,8.57,8.97,392900,8.97
2008-12-18,8.98,9.40,8.86,8.96,943300,8.96
2008-12-17,8.75,8.99,8.50,8.87,367200,8.87
2008-12-16,8.37,8.80,8.18,8.80,353900,8.80
2008-12-15,8.54,8.68,8.14,8.29,157600,8.29
2008-12-12,8.25,8.58,7.77,8.55,107100,8.55
2008-12-11,8.51,8.99,8.295,8.30,235400,8.30
2008-12-10,8.44,8.65,8.00,8.65,256400,8.65
2008-12-09,8.68,8.80,8.12,8.45,282500,8.45
2008-12-08,8.23,8.85,7.72,8.80,584800,8.80
2008-12-05,7.66,8.49,7.26,8.15,602500,8.15
2008-12-04,7.50,7.72,7.33,7.67,245100,7.67
2008-12-03,7.32,7.55,7.21,7.45,182800,7.45
2008-12-02,7.06,7.47,6.94,7.47,214000,7.47
2008-12-01,7.94,8.02,6.86,6.89,525700,6.89
2008-11-28,7.99,7.99,7.82,7.95,75200,7.95
2008-11-26,7.66,8.04,7.56,7.99,260700,7.99
2008-11-25,8.05,8.05,7.51,7.78,135000,7.78
2008-11-24,7.75,8.10,7.29,8.06,391300,8.06
2008-11-21,7.95,8.06,7.36,7.69,478800,7.69
2008-11-20,8.20,8.24,7.16,7.88,701200,7.88
2008-11-19,8.50,8.50,8.09,8.29,420100,8.29
2008-11-18,8.49,8.646,8.18,8.59,471700,8.59
2008-11-17,8.20,8.80,8.01,8.50,514900,8.50
2008-11-14,7.13,8.40,6.75,8.28,979800,8.28
2008-11-13,6.57,7.87,6.25,7.30,1639200,7.30
2008-11-12,8.82,8.88,5.86,5.98,1772200,5.98
2008-11-11,7.88,9.75,7.54,9.18,5062200,9.18
2008-11-10,4.74,5.04,4.56,4.60,173700,4.60
2008-11-07,4.62,5.15,4.62,5.15,192300,5.15
2008-11-06,4.30,4.79,4.24,4.60,364600,4.60
2008-11-05,4.25,4.54,4.19,4.27,247700,4.27
2008-11-04,4.43,4.44,4.13,4.31,84000,4.31
2008-11-03,4.16,4.41,4.00,4.35,84800,4.35
2008-10-31,3.77,4.28,3.77,4.15,250900,4.15
2008-10-30,4.00,4.002,3.80,4.002,287700,4.002
2008-10-29,4.01,4.01,3.75,3.95,406500,3.95
2008-10-28,4.11,4.11,3.72,3.96,477200,3.96
2008-10-27,4.10,4.32,3.99,4.05,166400,4.05
2008-10-24,4.04,4.15,3.98,4.10,110900,4.10
2008-10-23,4.77,4.77,4.26,4.31,132200,4.31
2008-10-22,4.87,4.99,4.70,4.78,58900,4.78
2008-10-21,5.01,5.10,4.83,4.86,117100,4.86
2008-10-20,5.11,5.50,5.00,5.04,65100,5.04
2008-10-17,5.21,5.59,5.00,5.00,191700,5.00
2008-10-16,5.00,5.46,4.85,5.43,236000,5.43
2008-10-15,4.83,5.21,4.65,4.85,177500,4.85
2008-10-14,5.25,5.25,4.85,4.90,190600,4.90
2008-10-13,4.49,5.44,4.275,5.21,244900,5.21
2008-10-10,4.68,4.85,4.25,4.85,538900,4.85
2008-10-09,5.84,6.03,5.00,5.00,226000,5.00
2008-10-08,6.50,6.57,5.67,5.70,198700,5.70
2008-10-07,7.09,7.29,6.50,6.50,222600,6.50
2008-10-06,7.51,7.55,6.82,7.03,142900,7.03
2008-10-03,7.65,8.09,7.50,7.50,262700,7.50
2008-10-02,7.90,8.04,7.61,7.61,105100,7.61
2008-10-01,7.95,7.99,7.71,7.92,55000,7.92
2008-09-30,7.77,8.26,7.73,7.95,137400,7.95
2008-09-29,8.29,8.30,7.60,7.73,92200,7.73
2008-09-26,8.10,8.39,8.00,8.34,73600,8.34
2008-09-25,8.16,8.20,8.05,8.16,80300,8.16
2008-09-24,8.49,8.52,8.01,8.12,125900,8.12
2008-09-23,8.70,8.78,8.27,8.47,111500,8.47
2008-09-22,8.37,8.75,8.20,8.74,110300,8.74
2008-09-19,8.87,8.87,8.13,8.40,603700,8.40
2008-09-18,8.18,8.51,8.13,8.20,303700,8.20
2008-09-17,8.26,8.28,7.79,7.95,114600,7.95
2008-09-16,8.25,8.42,8.25,8.35,240400,8.35
2008-09-15,8.64,8.64,8.28,8.35,166600,8.35
2008-09-12,8.28,8.75,8.26,8.62,82100,8.62
2008-09-11,8.16,8.46,7.97,8.42,120600,8.42
2008-09-10,8.16,8.42,8.02,8.19,132200,8.19
2008-09-09,8.14,8.31,7.95,8.07,120300,8.07
2008-09-08,8.20,8.20,7.83,8.10,48800,8.10
2008-09-05,7.98,8.17,7.88,8.11,83500,8.11
2008-09-04,8.15,8.15,7.82,7.98,127400,7.98
2008-09-03,8.09,8.24,7.96,8.18,52600,8.18
2008-09-02,8.18,8.19,8.00,8.09,87400,8.09
2008-08-29,8.10,8.18,7.96,7.96,162600,7.96
2008-08-28,8.04,8.30,8.04,8.30,68400,8.30
2008-08-27,8.06,8.12,7.98,8.05,44200,8.05
2008-08-26,8.10,8.18,8.00,8.04,48500,8.04
2008-08-25,8.36,8.39,8.12,8.39,71000,8.39
2008-08-22,8.20,8.42,8.20,8.42,131400,8.42
2008-08-21,8.13,8.27,8.12,8.18,87800,8.18
2008-08-20,8.17,8.17,7.93,8.15,149300,8.15
2008-08-19,8.20,8.26,8.10,8.17,205700,8.17
2008-08-18,8.50,8.54,8.20,8.24,88900,8.24
2008-08-15,9.15,9.15,8.49,8.52,162000,8.52
2008-08-14,9.20,9.52,8.92,9.10,607900,9.10
2008-08-13,9.20,9.70,9.02,9.26,737100,9.26
2008-08-12,8.69,9.59,8.60,9.35,346800,9.35
2008-08-11,8.75,8.75,8.55,8.74,121400,8.74
2008-08-08,8.50,8.75,8.485,8.75,152000,8.75
2008-08-07,8.53,8.55,8.37,8.51,116400,8.51
2008-08-06,8.40,8.60,8.16,8.59,139800,8.59
2008-08-05,8.35,8.49,8.30,8.42,206900,8.42
2008-08-04,8.35,8.42,8.03,8.36,134400,8.36
2008-08-01,8.39,8.40,8.12,8.39,56100,8.39
2008-07-31,8.25,8.44,8.15,8.42,103200,8.42
2008-07-30,8.13,8.30,7.98,8.30,134700,8.30
2008-07-29,8.00,8.20,8.00,8.15,121700,8.15
2008-07-28,8.19,8.20,8.02,8.04,48500,8.04
2008-07-25,8.48,8.48,8.195,8.23,155900,8.23
2008-07-24,8.40,8.50,8.20,8.28,128500,8.28
2008-07-23,8.50,8.60,8.39,8.44,161000,8.44
2008-07-22,8.25,8.50,8.24,8.47,164400,8.47
2008-07-21,8.48,8.55,8.25,8.28,66000,8.28
2008-07-18,8.75,8.76,8.46,8.52,120200,8.52
2008-07-17,8.36,8.83,8.36,8.71,166500,8.71
2008-07-16,8.02,8.60,7.91,8.40,229600,8.40
2008-07-15,8.01,8.18,7.87,7.88,178400,7.88
2008-07-14,7.94,8.00,7.90,7.90,84000,7.90
2008-07-11,7.78,7.90,7.77,7.90,79200,7.90
2008-07-10,7.75,7.80,7.73,7.78,52100,7.78
2008-07-09,7.89,8.04,7.66,7.68,72100,7.68
2008-07-08,7.48,7.93,7.48,7.90,121700,7.90
2008-07-07,7.55,7.90,7.41,7.42,94100,7.42
2008-07-03,7.48,7.79,7.39,7.48,121300,7.48
2008-07-02,7.45,7.79,7.40,7.40,343600,7.40
2008-07-01,8.02,8.20,7.24,7.36,186000,7.36
2008-06-30,8.35,8.35,8.11,8.11,119100,8.11
2008-06-27,8.24,8.50,8.04,8.35,1435300,8.35
2008-06-26,8.23,8.53,8.02,8.24,69800,8.24
2008-06-25,8.80,8.80,7.938,8.20,100900,8.20
2008-06-24,8.16,9.00,8.00,8.80,84700,8.80
2008-06-23,7.80,8.20,7.75,8.15,110200,8.15
2008-06-20,7.55,7.81,7.55,7.81,43900,7.81
2008-06-19,7.50,7.61,7.42,7.54,77600,7.54
2008-06-18,7.51,7.63,7.46,7.46,103100,7.46
2008-06-17,7.28,7.50,7.21,7.49,79500,7.49
2008-06-16,7.00,7.30,6.98,7.24,24600,7.24
2008-06-13,7.00,7.00,6.93,6.99,46100,6.99
2008-06-12,7.01,7.19,6.91,6.99,79100,6.99
2008-06-11,7.09,7.24,6.93,6.99,30300,6.99
2008-06-10,7.04,7.25,6.93,6.98,39200,6.98
2008-06-09,7.31,7.34,6.98,7.04,31700,7.04
2008-06-06,7.30,7.35,7.26,7.31,12800,7.31
2008-06-05,7.30,7.30,7.23,7.28,31200,7.28
2008-06-04,7.16,7.31,7.15,7.29,33100,7.29
2008-06-03,7.40,7.45,6.99,6.99,84600,6.99
2008-06-02,7.45,7.53,7.40,7.40,36100,7.40
2008-05-30,7.40,7.78,7.35,7.42,65100,7.42
2008-05-29,7.40,7.47,7.35,7.36,32100,7.36
2008-05-28,7.30,7.37,7.25,7.37,57300,7.37
2008-05-27,7.49,7.70,7.28,7.28,38000,7.28
2008-05-23,7.50,7.51,7.41,7.43,22900,7.43
2008-05-22,7.49,7.56,7.45,7.48,26900,7.48
2008-05-21,7.52,7.59,7.37,7.45,36700,7.45
2008-05-20,7.30,7.56,7.30,7.47,45400,7.47
2008-05-19,7.30,7.56,7.25,7.30,44600,7.30
2008-05-16,7.10,7.64,7.02,7.27,57600,7.27
2008-05-15,6.866,7.10,6.866,7.10,101800,7.10
2008-05-14,6.78,6.93,6.78,6.85,40500,6.85
2008-05-13,6.77,6.99,6.66,6.74,79800,6.74
2008-05-12,6.99,7.10,6.71,6.76,11500,6.76
2008-05-09,6.82,7.08,6.81,6.95,21800,6.95
2008-05-08,6.70,6.89,6.65,6.83,36500,6.83
2008-05-07,6.30,7.00,6.30,6.68,42000,6.68
2008-05-06,6.50,6.53,6.15,6.29,156500,6.29
2008-05-05,6.71,6.72,6.47,6.48,79700,6.48
2008-05-02,6.71,6.76,6.68,6.72,16900,6.72
2008-05-01,6.61,6.93,6.59,6.66,22700,6.66
2008-04-30,6.64,6.79,6.58,6.60,25700,6.60
2008-04-29,6.50,6.59,6.50,6.58,140800,6.58
2008-04-28,6.50,6.50,6.36,6.49,120900,6.49
2008-04-25,6.20,6.70,6.18,6.65,64800,6.65
2008-04-24,6.08,6.20,6.08,6.19,37100,6.19
2008-04-23,6.10,6.16,6.03,6.05,137800,6.05
2008-04-22,6.06,6.11,5.97,6.05,100900,6.05
2008-04-21,6.25,6.30,5.91,5.99,92500,5.99
2008-04-18,5.96,6.20,5.96,6.19,24000,6.19
2008-04-17,6.20,6.20,5.85,5.88,129300,5.88
2008-04-16,6.08,6.20,6.08,6.11,17200,6.11
2008-04-15,6.23,6.27,5.90,6.00,152700,6.00
2008-04-14,6.20,6.27,6.16,6.20,33600,6.20
2008-04-11,6.20,6.20,6.01,6.05,84200,6.05
2008-04-10,6.20,6.23,6.10,6.10,55400,6.10
2008-04-09,6.36,6.55,6.02,6.15,99400,6.15
2008-04-08,6.25,6.37,6.25,6.33,8000,6.33
2008-04-07,6.55,6.70,6.25,6.25,68900,6.25
2008-04-04,6.63,6.75,6.47,6.54,14100,6.54
2008-04-03,6.60,6.68,6.57,6.60,18500,6.60
2008-04-02,6.35,6.70,6.35,6.58,35500,6.58
2008-04-01,6.30,6.38,6.28,6.29,83900,6.29
2008-03-31,6.30,6.35,6.17,6.19,84300,6.19
2008-03-28,6.30,6.35,6.20,6.23,49400,6.23
2008-03-27,6.50,6.53,6.30,6.30,248800,6.30
2008-03-26,6.60,6.64,6.40,6.45,136700,6.45
2008-03-25,6.37,6.55,6.36,6.55,22100,6.55
2008-03-24,6.00,6.30,6.00,6.20,12700,6.20
2008-03-20,6.00,6.19,5.97,6.01,31900,6.01
2008-03-19,6.10,6.28,5.95,5.95,64000,5.95
2008-03-18,6.20,6.27,5.90,6.00,277000,6.00
2008-03-17,6.45,6.71,6.20,6.20,231600,6.20
2008-03-14,6.79,6.79,6.45,6.45,51900,6.45
2008-03-13,6.65,6.71,6.58,6.59,41100,6.59
2008-03-12,6.64,6.67,6.60,6.60,11300,6.60
2008-03-11,6.85,6.87,6.60,6.60,113000,6.60
2008-03-10,6.95,6.95,6.80,6.80,43200,6.80
2008-03-07,6.91,7.11,6.89,6.89,50100,6.89
2008-03-06,6.58,6.95,6.58,6.85,15200,6.85
2008-03-05,6.71,6.90,6.71,6.87,11500,6.87
2008-03-04,6.47,6.69,6.47,6.58,30100,6.58
2008-03-03,6.47,6.57,6.40,6.40,12900,6.40
2008-02-29,6.61,6.69,6.37,6.37,19800,6.37
2008-02-28,6.36,6.69,6.10,6.60,8000,6.60
2008-02-27,6.43,6.43,6.25,6.34,41700,6.34
2008-02-26,6.49,6.53,6.41,6.41,12800,6.41
2008-02-25,6.28,6.73,6.15,6.53,15400,6.53
2008-02-22,6.22,6.29,6.20,6.27,8600,6.27
2008-02-21,6.15,6.24,6.15,6.17,2900,6.17
2008-02-20,6.20,6.20,6.05,6.08,34700,6.08
2008-02-19,6.10,6.27,6.10,6.23,8300,6.23
2008-02-15,6.05,6.12,6.05,6.09,11100,6.09
2008-02-14,6.30,6.85,6.00,6.01,81700,6.01
2008-02-13,6.30,6.46,6.25,6.30,63100,6.30
2008-02-12,6.25,6.67,6.18,6.25,62900,6.25
2008-02-11,6.31,6.31,6.15,6.19,37900,6.19
2008-02-08,6.17,6.64,6.00,6.27,20100,6.27
2008-02-07,6.38,6.38,5.96,5.96,4100,5.96
2008-02-06,6.20,6.43,6.20,6.37,7800,6.37
2008-02-05,6.20,6.24,6.15,6.22,7500,6.22
2008-02-04,6.50,6.50,6.08,6.22,17500,6.22
2008-02-01,6.67,6.67,6.40,6.47,9400,6.47
2008-01-31,6.70,6.80,6.63,6.63,25500,6.63
2008-01-30,6.85,6.85,6.65,6.69,12800,6.69
2008-01-29,6.55,6.90,6.55,6.75,3300,6.75
2008-01-28,6.60,6.60,6.50,6.52,16700,6.52
2008-01-25,6.59,6.60,6.52,6.60,39600,6.60
2008-01-24,6.31,6.58,6.30,6.55,39100,6.55
2008-01-23,6.40,6.43,6.18,6.28,56200,6.28
2008-01-22,6.40,6.43,6.30,6.34,41300,6.34
2008-01-18,6.35,6.48,6.35,6.48,5500,6.48
2008-01-17,6.40,6.44,6.32,6.35,12100,6.35
2008-01-16,6.20,6.40,6.15,6.30,37800,6.30
2008-01-15,6.10,6.21,5.95,6.21,40600,6.21
2008-01-14,6.38,6.39,6.00,6.09,78100,6.09
2008-01-11,6.50,6.60,6.04,6.32,77200,6.32
2008-01-10,6.38,6.50,6.3101,6.445,64300,6.445
2008-01-09,6.74,6.76,6.29,6.29,112100,6.29
2008-01-08,6.88,6.90,6.63,6.75,89600,6.75
2008-01-07,7.01,7.0799,6.77,6.83,52500,6.83
2008-01-04,7.02,7.02,6.90,6.90,30200,6.90
2008-01-03,7.29,7.29,6.95,7.01,109700,7.01
2008-01-02,7.17,7.30,7.04,7.23,27100,7.23
2007-12-31,7.00,7.14,7.00,7.00,19900,7.00
2007-12-28,7.00,7.11,6.95,6.98,34600,6.98
2007-12-27,7.11,7.16,6.95,6.95,111700,6.95
2007-12-26,7.55,7.56,7.01,7.14,67400,7.14
2007-12-24,7.43,7.47,7.43,7.47,3500,7.47
2007-12-21,7.34,7.53,7.09,7.09,59600,7.09
2007-12-20,7.68,7.71,7.19,7.28,130200,7.28
2007-12-19,7.68,7.79,7.64,7.64,33700,7.64
2007-12-18,7.58,7.85,7.56,7.66,50500,7.66
2007-12-17,7.70,7.87,7.55,7.61,63500,7.61
2007-12-14,7.42,7.86,7.10,7.86,48200,7.86
2007-12-13,7.10,7.39,6.50,7.30,862700,7.30
2007-12-12,7.37,7.37,7.06,7.10,63900,7.10
2007-12-11,7.26,7.26,7.17,7.17,24700,7.17
2007-12-10,7.25,7.26,7.06,7.20,71400,7.20
2007-12-07,6.96,7.25,6.96,7.20,124600,7.20
2007-12-06,7.12,7.14,6.86,6.92,88800,6.92
2007-12-05,7.13,7.29,7.05,7.08,114300,7.08
2007-12-04,7.21,7.22,7.00,7.10,41000,7.10
2007-12-03,7.07,7.35,7.06,7.16,45300,7.16
2007-11-30,7.56,7.56,7.00,7.00,109800,7.00
2007-11-29,7.45,7.62,7.31,7.51,88100,7.51
2007-11-28,7.325,7.68,7.325,7.38,64300,7.38
2007-11-27,7.46,7.95,7.15,7.20,52200,7.20
2007-11-26,7.50,7.63,7.33,7.42,39000,7.42
2007-11-23,7.35,7.50,7.25,7.49,19100,7.49
2007-11-21,7.47,7.51,7.31,7.35,20300,7.35
2007-11-20,7.47,7.55,7.35,7.46,40500,7.46
2007-11-19,7.82,7.82,7.47,7.51,26000,7.51
2007-11-16,7.85,7.94,7.75,7.77,81400,7.77
2007-11-15,7.89,7.99,7.85,7.86,69100,7.86
2007-11-14,8.03,8.03,7.82,7.89,20200,7.89
2007-11-13,8.1436,8.30,8.02,8.06,34300,8.06
2007-11-12,8.23,8.25,8.10,8.17,12200,8.17
2007-11-09,8.00,8.27,8.00,8.20,47000,8.20
2007-11-08,8.00,8.40,7.89,8.03,28300,8.03
2007-11-07,8.10,8.22,8.02,8.07,254400,8.07
2007-11-06,8.09,8.10,8.06,8.10,10000,8.10
2007-11-05,8.36,8.38,8.03,8.04,15100,8.04
2007-11-02,8.35,8.45,8.30,8.36,5100,8.36
2007-11-01,8.293,8.42,8.293,8.42,25400,8.42
2007-10-31,8.40,8.40,8.28,8.28,7300,8.28
2007-10-30,8.43,8.44,8.12,8.40,17400,8.40
2007-10-29,8.80,8.80,8.46,8.48,9600,8.48
2007-10-26,8.49,8.60,8.04,8.19,66400,8.19
2007-10-25,8.60,8.60,8.37,8.48,10800,8.48
2007-10-24,8.35,8.57,8.30,8.57,43600,8.57
2007-10-23,8.75,8.80,8.33,8.37,23400,8.37
2007-10-22,8.60,8.86,8.50,8.75,38600,8.75
2007-10-19,8.12,8.50,8.12,8.30,36300,8.30
2007-10-18,8.00,8.10,8.00,8.10,4800,8.10
2007-10-17,7.50,8.21,7.50,8.11,35800,8.11
2007-10-16,7.50,7.54,7.48,7.48,12500,7.48
2007-10-15,7.50,7.54,7.36,7.48,40600,7.48
2007-10-12,7.63,7.63,7.36,7.50,68800,7.50
2007-10-11,7.80,7.96,7.44,7.59,127900,7.59
2007-10-10,8.10,8.10,7.78,7.79,56600,7.79
2007-10-09,8.13,8.18,8.05,8.09,109800,8.09
2007-10-08,8.16,8.21,8.07,8.15,371000,8.15
2007-10-05,8.29,8.30,8.10,8.12,34600,8.12
2007-10-04,8.49,8.50,8.14,8.21,108200,8.21
2007-10-03,8.44,8.55,8.44,8.55,112100,8.55
2007-10-02,8.70,8.73,8.40,8.43,53600,8.43
2007-10-01,8.25,8.74,8.21,8.74,53800,8.74
2007-09-28,8.14,8.31,8.08,8.31,86700,8.31
2007-09-27,8.15,8.23,8.09,8.15,135600,8.15
2007-09-26,8.12,8.18,8.12,8.15,20800,8.15
2007-09-25,8.15,8.18,8.11,8.15,8500,8.15
2007-09-24,8.15,8.20,8.11,8.16,8800,8.16
2007-09-21,8.25,8.25,8.10,8.15,24000,8.15
2007-09-20,8.18,8.25,8.15,8.25,35700,8.25
2007-09-19,8.17,8.25,8.08,8.20,10100,8.20
2007-09-18,8.06,8.30,8.06,8.19,36000,8.19
2007-09-17,8.00,8.13,8.00,8.06,23200,8.06
2007-09-14,8.36,8.37,8.07,8.37,26600,8.37
2007-09-13,8.422,8.45,8.28,8.33,14400,8.33
2007-09-12,8.80,8.89,8.46,8.47,29100,8.47
2007-09-11,8.43,8.90,8.42,8.90,45400,8.90
2007-09-10,8.25,8.28,7.85,8.24,50000,8.24
2007-09-07,8.50,8.52,8.30,8.34,42000,8.34
2007-09-06,8.93,8.93,8.42,8.46,38900,8.46
2007-09-05,9.10,9.10,8.89,8.95,75400,8.95
2007-09-04,9.05,9.10,8.91,9.10,172100,9.10
2007-08-31,8.95,9.06,8.80,9.05,153100,9.05
2007-08-30,8.80,8.95,8.48,8.94,19900,8.94
2007-08-29,8.91,8.95,8.74,8.86,31400,8.86
2007-08-28,9.10,9.10,8.89,8.90,121100,8.90
2007-08-27,8.86,9.10,8.85,9.10,56500,9.10
2007-08-24,9.02,9.07,8.75,8.97,79800,8.97
2007-08-23,8.43,9.25,8.27,9.25,99500,9.25
2007-08-22,8.00,8.70,8.00,8.40,165100,8.40
2007-08-21,7.82,8.06,7.75,7.79,165100,7.79
2007-08-20,8.23,8.23,7.89,7.96,25300,7.96
2007-08-17,8.05,8.44,7.92,8.10,38000,8.10
2007-08-16,8.10,8.13,8.01,8.13,82000,8.13
2007-08-15,8.44,8.44,8.10,8.15,44800,8.15
2007-08-14,8.83,8.93,8.47,8.93,53100,8.93
2007-08-13,8.15,9.60,8.15,9.60,52400,9.60
2007-08-10,8.40,8.73,8.05,8.06,117500,8.06
2007-08-09,9.00,9.00,8.13,8.31,177500,8.31
2007-08-08,9.07,9.07,8.85,9.07,125400,9.07
2007-08-07,9.05,9.21,9.03,9.07,32200,9.07
2007-08-06,9.50,9.50,9.05,9.50,36800,9.50
2007-08-03,9.45,9.53,9.38,9.53,90100,9.53
2007-08-02,9.44,9.50,9.44,9.50,72600,9.50
2007-08-01,9.50,9.54,9.25,9.32,38600,9.32
2007-07-31,9.39,9.60,9.25,9.45,16700,9.45
2007-07-30,9.53,9.53,9.22,9.53,22100,9.53
2007-07-27,9.54,9.60,9.40,9.50,10000,9.50
2007-07-26,9.81,9.81,9.43,9.81,13000,9.81
2007-07-25,9.58,9.76,9.41,9.70,27400,9.70
2007-07-24,9.585,9.94,9.53,9.94,12800,9.94
2007-07-23,9.50,10.01,9.31,9.51,19400,9.51
2007-07-20,10.07,10.15,9.05,9.15,41800,9.15
2007-07-19,9.86,10.10,9.75,9.80,38800,9.80
2007-07-18,9.19,9.94,8.95,9.75,18200,9.75
2007-07-17,9.80,9.80,9.30,9.80,17400,9.80
2007-07-16,10.08,10.14,9.74,10.14,33600,10.14
2007-07-13,10.33,10.33,10.06,10.10,11100,10.10
2007-07-12,10.34,10.41,10.34,10.41,73200,10.41
2007-07-11,10.35,10.42,10.26,10.40,295900,10.40
2007-07-10,10.31,10.35,10.25,10.30,66400,10.30
2007-07-09,10.25,10.40,10.23,10.40,209900,10.40
2007-07-06,10.20,10.30,10.15,10.20,217300,10.20
2007-07-05,9.88,10.16,9.88,10.16,4800,10.16
2007-07-03,9.60,9.75,9.60,9.75,1800,9.75
2007-07-02,9.23,9.75,9.23,9.75,81100,9.75
2007-06-29,8.86,8.99,8.85,8.99,1100,8.99
2007-06-28,8.55,8.92,8.55,8.90,27000,8.90
2007-06-27,8.60,8.85,8.58,8.70,11300,8.70
2007-06-26,8.70,8.79,8.58,8.79,93800,8.79
2007-06-25,8.93,9.60,8.69,8.80,9300,8.80
2007-06-22,8.80,8.80,8.70,8.80,12600,8.80
2007-06-21,9.21,9.25,8.96,8.99,23000,8.99
2007-06-20,9.26,9.43,9.20,9.20,16400,9.20
2007-06-19,9.77,9.81,9.15,9.27,44600,9.27
2007-06-18,9.80,10.14,9.80,9.81,4100,9.81
2007-06-15,9.80,9.95,9.78,9.80,50800,9.80
2007-06-14,10.05,10.05,9.95,9.95,8400,9.95
2007-06-13,10.07,10.08,10.07,10.07,2200,10.07
2007-06-12,10.10,10.29,10.10,10.29,5100,10.29
2007-06-11,10.10,10.30,10.10,10.30,6300,10.30
2007-06-08,10.11,10.22,10.06,10.17,15100,10.17
2007-06-07,10.07,10.10,10.06,10.10,1200,10.10
2007-06-06,10.20,10.20,10.16,10.20,5700,10.20
2007-06-05,10.30,10.30,10.19,10.30,46200,10.30
2007-06-04,9.85,10.25,9.85,10.25,198800,10.25
2007-06-01,10.08,10.08,9.85,9.91,51500,9.91
2007-05-31,10.07,10.35,10.07,10.13,12700,10.13
2007-05-30,10.26,10.30,10.01,10.17,5600,10.17
2007-05-29,10.126,10.30,10.126,10.30,1900,10.30
2007-05-25,10.05,10.31,10.05,10.20,9700,10.20
2007-05-24,10.17,10.20,9.92,10.12,27700,10.12
2007-05-23,10.05,10.40,10.05,10.40,18200,10.40
2007-05-22,10.24,10.33,10.07,10.10,2300,10.10
2007-05-21,10.27,10.38,10.27,10.38,9600,10.38
2007-05-18,10.09,10.37,10.09,10.20,10900,10.20
2007-05-17,10.16,10.35,10.06,10.25,20600,10.25
2007-05-16,9.81,10.36,9.81,10.16,40800,10.16
2007-05-15,9.60,10.09,9.58,9.81,4300,9.81
2007-05-14,10.00,10.03,9.50,9.52,4100,9.52
2007-05-11,10.23,10.23,10.00,10.23,19100,10.23
2007-05-10,10.16,10.29,10.14,10.14,4700,10.14
2007-05-09,10.35,10.35,10.20,10.20,3100,10.20
2007-05-08,10.10,10.35,10.10,10.35,6900,10.35
2007-05-07,10.32,10.35,10.16,10.35,5100,10.35
2007-05-04,10.05,10.05,10.05,10.05,200,10.05
2007-05-03,10.20,10.20,10.01,10.12,5200,10.12
2007-05-02,9.95,10.35,9.95,10.35,32100,10.35
2007-05-01,9.80,9.97,9.80,9.92,121300,9.92
2007-04-30,9.77,9.92,9.50,9.90,28900,9.90
2007-04-27,10.00,10.00,9.65,10.00,5700,10.00
2007-04-26,10.10,10.12,10.00,10.01,7500,10.01
2007-04-25,9.98,10.10,9.98,10.10,19400,10.10
2007-04-24,10.20,10.20,9.86,10.00,8400,10.00
2007-04-23,9.90,10.01,9.90,10.00,15700,10.00
2007-04-20,9.81,9.91,9.70,9.91,18300,9.91
2007-04-19,10.00,10.03,9.90,9.90,3600,9.90
2007-04-18,9.85,10.05,9.75,10.00,20200,10.00
2007-04-17,10.13,10.13,10.00,10.00,25300,10.00
2007-04-16,10.00,10.13,10.00,10.05,1100,10.05
2007-04-13,10.10,10.20,10.10,10.10,7200,10.10
2007-04-12,10.10,10.20,10.00,10.15,16300,10.15
2007-04-11,10.00,10.15,10.00,10.15,7700,10.15
2007-04-10,10.03,10.15,10.0101,10.10,11200,10.10
2007-04-09,9.96,10.20,9.96,10.05,10100,10.05
2007-04-05,10.00,10.00,9.84,9.99,9000,9.99
2007-04-04,9.86,10.01,9.86,10.01,14600,10.01
2007-04-03,9.82,9.82,9.80,9.80,5600,9.80
2007-04-02,9.60,9.83,9.60,9.80,42400,9.80
2007-03-30,9.78,9.92,9.60,9.71,57300,9.71
2007-03-29,9.61,10.09,9.43,9.70,58900,9.70
2007-03-28,9.95,9.95,9.95,9.95,100,9.95
2007-03-27,9.97,9.97,9.93,9.95,16200,9.95
2007-03-26,10.0501,10.0501,9.56,9.96,22500,9.96
2007-03-23,10.26,10.26,10.06,10.26,8800,10.26
2007-03-22,10.27,10.31,10.23,10.26,13000,10.26
2007-03-21,10.74,10.74,10.14,10.25,61100,10.25
2007-03-20,10.09,10.50,10.00,10.25,19800,10.25
2007-03-19,10.13,10.17,9.91,10.00,13700,10.00
2007-03-16,9.954,10.14,9.954,10.14,23400,10.14
2007-03-15,9.91,10.00,9.87,9.90,5000,9.90
2007-03-14,10.20,10.20,9.76,9.85,16800,9.85
2007-03-13,10.00,10.00,9.85,9.86,10300,9.86
2007-03-12,9.81,9.91,9.81,9.85,21200,9.85
2007-03-09,9.91,9.99,9.82,9.82,13800,9.82
2007-03-08,9.90,10.00,9.90,9.90,10400,9.90
2007-03-07,10.19,10.19,9.83,9.90,31300,9.90
2007-03-06,9.80,10.08,9.80,9.95,3000,9.95
2007-03-05,9.90,9.93,9.70,9.75,28700,9.75
2007-03-02,10.25,10.25,9.90,10.00,77600,10.00
2007-03-01,10.00,10.29,9.80,10.00,36400,10.00
2007-02-28,10.10,10.10,9.85,10.10,18500,10.10
2007-02-27,10.10,10.10,9.65,9.75,41900,9.75
2007-02-26,10.19,10.19,9.94,10.00,120500,10.00
2007-02-23,9.99,10.00,9.80,9.95,13700,9.95
2007-02-22,10.65,10.65,9.66,9.75,78100,9.75
2007-02-21,9.59,10.31,9.58,10.31,166900,10.31
2007-02-20,9.16,9.45,9.00,9.45,52800,9.45
2007-02-16,9.30,9.35,8.91,9.35,66600,9.35
2007-02-15,8.53,8.85,8.53,8.85,41100,8.85
2007-02-14,8.50,8.60,8.50,8.60,49400,8.60
2007-02-13,9.02,9.53,8.45,8.50,252200,8.50
2007-02-12,8.70,8.75,8.06,8.67,354500,8.67
2007-02-09,7.50,9.30,7.24,8.50,1926500,8.50
