Date,Open,High,Low,Close,Volume,Adj Close
2016-04-15,6.50,6.50,6.50,6.50,1100,6.50
2016-04-14,6.50,6.60,6.50,6.60,1600,6.60
2016-04-13,6.50,6.50,6.50,6.50,1000,6.50
2016-04-12,6.50,6.50,6.50,6.50,3000,6.50
2016-04-11,6.50,6.50,6.50,6.50,000,6.50
2016-04-08,6.50,6.50,6.50,6.50,000,6.50
2016-04-07,6.50,6.50,6.50,6.50,000,6.50
2016-04-06,6.50,6.50,6.50,6.50,800,6.50
2016-04-05,6.36,6.50,6.36,6.50,2000,6.50
2016-04-04,6.40,6.40,6.40,6.40,300,6.40
2016-04-01,6.50,6.50,6.50,6.50,700,6.50
2016-03-31,6.50,6.50,6.50,6.50,000,6.50
2016-03-30,6.40,6.50,6.40,6.50,2300,6.50
2016-03-29,6.36,6.36,6.36,6.36,500,6.36
2016-03-28,6.70,6.70,6.70,6.70,000,6.70
2016-03-24,6.70,6.70,6.70,6.70,000,6.70
2016-03-23,6.70,6.70,6.70,6.70,000,6.70
2016-03-22,6.70,6.70,6.70,6.70,000,6.70
2016-03-21,6.70,6.70,6.70,6.70,000,6.70
2016-03-18,6.70,6.70,6.70,6.70,500,6.70
2016-03-17,6.36,6.75,6.36,6.60,9200,6.60
2016-03-16,6.70,6.90,6.50,6.50,1500,6.50
2016-03-15,6.65,6.65,6.65,6.65,200,6.65
2016-03-14,6.60,6.60,6.60,6.60,000,6.60
2016-03-11,6.60,6.60,6.60,6.60,1500,6.60
2016-03-10,6.30,6.30,6.30,6.30,35000,6.30
2016-03-09,6.50,6.50,6.50,6.50,000,6.50
2016-03-08,6.70,6.70,6.50,6.50,500,6.50
2016-03-07,6.70,6.85,6.50,6.50,900,6.50
2016-03-04,6.50,6.50,6.50,6.50,2400,6.50
2016-03-03,6.50,6.50,6.50,6.50,200,6.50
2016-03-02,6.60,6.60,6.60,6.60,000,6.60
2016-03-01,6.60,6.60,6.60,6.60,200,6.60
2016-02-29,6.65,6.65,6.60,6.65,14500,6.65
2016-02-26,6.70,6.70,6.70,6.70,1100,6.70
2016-02-25,6.50,6.50,6.50,6.50,000,6.50
2016-02-24,6.50,6.50,6.50,6.50,000,6.50
2016-02-23,6.50,6.50,6.50,6.50,300,6.50
2016-02-22,6.40,6.75,6.40,6.75,5400,6.75
2016-02-19,6.50,6.50,6.50,6.50,500,6.50
2016-02-18,6.85,6.85,6.85,6.85,600,6.85
2016-02-17,6.75,6.75,6.75,6.75,100,6.75
2016-02-16,6.75,6.75,6.50,6.50,1000,6.50
2016-02-12,6.30,6.85,6.20,6.85,21600,6.85
2016-02-11,6.30,6.69,6.30,6.69,13200,6.69
2016-02-10,6.50,6.75,6.30,6.50,11200,6.50
2016-02-09,6.70,6.75,6.30,6.75,14000,6.75
2016-02-08,6.70,6.70,6.70,6.70,000,6.70
2016-02-05,6.70,6.70,6.70,6.70,4300,6.70
2016-02-04,6.75,6.75,6.70,6.70,2000,6.70
2016-02-03,6.70,6.70,6.70,6.70,200,6.70
2016-02-02,6.85,6.85,6.70,6.70,700,6.70
2016-02-01,6.40,6.90,6.30,6.90,1300,6.90
2016-01-29,6.75,6.75,6.75,6.75,1000,6.75
2016-01-28,6.50,6.55,6.40,6.55,8600,6.55
2016-01-27,6.45,6.59,6.40,6.40,5300,6.40
2016-01-26,6.30,6.45,6.30,6.45,5600,6.45
2016-01-25,6.36,6.36,6.25,6.28,2500,6.28
2016-01-22,6.36,6.59,6.36,6.36,3000,6.36
2016-01-21,6.30,6.59,6.25,6.36,6100,6.36
2016-01-20,6.31,6.59,6.30,6.30,7700,6.30
2016-01-19,6.48,6.59,6.40,6.59,10000,6.59
2016-01-15,6.60,6.60,6.60,6.60,000,6.60
2016-01-14,6.40,6.60,6.40,6.60,11900,6.60
2016-01-13,6.46,6.46,6.40,6.45,29400,6.45
2016-01-12,6.60,6.60,6.60,6.60,19000,6.60
2016-01-11,6.60,6.60,6.60,6.60,9300,6.60
2016-01-08,6.75,6.75,6.65,6.65,33300,6.65
2016-01-07,6.85,6.90,6.85,6.90,2000,6.90
2016-01-06,6.80,6.80,6.80,6.80,1000,6.80
2016-01-05,6.85,7.00,6.85,7.00,4200,7.00
2016-01-04,6.75,6.85,6.75,6.85,5100,6.85
2015-12-31,6.75,6.85,6.75,6.85,53000,6.85
2015-12-30,6.65,6.75,6.65,6.75,2200,6.75
2015-12-29,6.65,6.77,6.65,6.65,4200,6.65
2015-12-28,6.60,6.60,6.60,6.60,1000,6.60
2015-12-24,6.60,6.60,6.60,6.60,900,6.60
2015-12-23,6.60,6.65,6.60,6.65,12800,6.65
2015-12-22,6.75,6.75,6.40,6.60,167800,6.60
2015-12-21,6.40,6.70,6.40,6.70,6700,6.70
2015-12-18,6.50,6.55,6.50,6.55,4200,6.55
2015-12-17,6.50,6.55,6.50,6.55,7600,6.55
2015-12-16,6.40,6.45,6.40,6.45,5200,6.45
2015-12-15,6.35,6.35,6.35,6.35,000,6.35
2015-12-14,6.40,6.40,6.35,6.35,4200,6.35
2015-12-11,6.35,6.40,6.35,6.40,10100,6.40
2015-12-10,6.36,6.36,6.35,6.35,300,6.35
2015-12-09,6.40,6.40,6.40,6.40,000,6.40
2015-12-08,6.39,6.40,6.35,6.40,800,6.40
2015-12-07,6.35,6.40,6.35,6.40,6000,6.40
2015-12-04,6.35,6.35,6.35,6.35,000,6.35
2015-12-03,6.35,6.35,6.25,6.35,5700,6.35
2015-12-02,6.25,6.35,6.25,6.35,63800,6.35
2015-12-01,6.40,6.40,6.25,6.25,6800,6.25
2015-11-30,6.40,6.40,6.40,6.40,400,6.40
2015-11-27,6.35,6.35,6.35,6.35,000,6.35
2015-11-25,6.35,6.35,6.35,6.35,1500,6.35
2015-11-24,6.45,6.45,6.45,6.45,000,6.45
2015-11-23,6.35,6.45,6.35,6.45,200,6.45
2015-11-20,6.25,6.25,6.25,6.25,000,6.25
2015-11-19,6.25,6.25,6.25,6.25,000,6.25
2015-11-18,6.25,6.25,6.25,6.25,000,6.25
2015-11-17,6.25,6.25,6.25,6.25,000,6.25
2015-11-16,6.25,6.25,6.25,6.25,000,6.25
2015-11-13,6.25,6.25,6.25,6.25,200,6.25
2015-11-12,6.20,6.20,6.20,6.20,000,6.20
2015-11-11,6.20,6.20,6.20,6.20,000,6.20
2015-11-10,6.20,6.20,6.20,6.20,700,6.20
2015-11-09,6.12,6.12,6.12,6.12,1000,6.12
2015-11-06,6.20,6.20,6.00,6.05,70800,6.05
2015-11-05,6.50,6.50,6.20,6.20,500,6.20
2015-11-04,6.50,6.50,6.50,6.50,000,6.50
2015-11-03,6.50,6.50,6.50,6.50,000,6.50
2015-11-02,6.20,6.50,6.20,6.50,800,6.50
2015-10-30,6.05,6.05,6.05,6.05,000,6.05
2015-10-29,6.05,6.05,6.05,6.05,000,6.05
2015-10-28,6.05,6.05,6.05,6.05,000,6.05
2015-10-27,6.05,6.05,6.05,6.05,000,6.05
2015-10-26,6.05,6.05,6.05,6.05,000,6.05
2015-10-23,6.05,6.05,6.05,6.05,000,6.05
2015-10-22,6.05,6.05,6.05,6.05,000,6.05
2015-10-21,6.05,6.05,6.05,6.05,000,6.05
2015-10-20,6.05,6.05,6.05,6.05,000,6.05
2015-10-19,6.05,6.05,6.05,6.05,100,6.05
2015-10-16,6.00,6.00,6.00,6.00,000,6.00
2015-10-15,6.00,6.00,6.00,6.00,000,6.00
2015-10-14,6.00,6.00,6.00,6.00,000,6.00
2015-10-13,6.00,6.00,6.00,6.00,000,6.00
2015-10-12,6.00,6.00,6.00,6.00,000,6.00
2015-10-09,6.00,6.00,6.00,6.00,100,6.00
2015-10-08,6.00,6.00,6.00,6.00,000,6.00
2015-10-07,6.00,6.00,6.00,6.00,000,6.00
2015-10-06,6.00,6.00,6.00,6.00,000,6.00
2015-10-05,6.00,6.00,6.00,6.00,000,6.00
2015-10-02,6.00,6.00,6.00,6.00,4100,6.00
2015-10-01,6.00,6.00,6.00,6.00,000,6.00
2015-09-30,6.00,6.00,6.00,6.00,000,6.00
2015-09-29,6.00,6.00,6.00,6.00,000,6.00
2015-09-28,6.00,6.00,6.00,6.00,000,6.00
2015-09-25,6.00,6.00,6.00,6.00,000,6.00
2015-09-24,6.00,6.00,6.00,6.00,000,6.00
2015-09-23,6.00,6.00,6.00,6.00,000,6.00
2015-09-22,6.00,6.00,6.00,6.00,000,6.00
2015-09-21,6.00,6.00,6.00,6.00,2200,6.00
2015-09-18,6.00,6.00,5.90,6.00,55900,6.00
2015-09-17,6.00,6.00,6.00,6.00,25000,6.00
2015-09-16,6.00,6.05,6.00,6.00,138000,6.00
2015-09-15,6.26,6.26,6.25,6.25,37400,6.25
2015-09-14,6.39,6.39,6.39,6.39,000,6.39
2015-09-11,6.20,6.39,6.20,6.39,5200,6.39
2015-09-10,6.00,6.00,6.00,6.00,4800,6.00
2015-09-09,6.25,6.25,6.25,6.25,000,6.25
2015-09-08,6.25,6.25,6.25,6.25,9200,6.25
2015-09-04,6.25,6.25,6.25,6.25,000,6.25
2015-09-03,6.25,6.25,6.25,6.25,000,6.25
2015-09-02,6.25,6.25,6.25,6.25,000,6.25
2015-09-01,6.25,6.25,6.25,6.25,000,6.25
2015-08-31,6.25,6.25,6.25,6.25,900,6.25
2015-08-28,6.25,6.25,6.25,6.25,000,6.25
2015-08-27,6.25,6.25,6.25,6.25,000,6.25
2015-08-26,6.25,6.25,6.25,6.25,000,6.25
2015-08-25,6.25,6.25,6.25,6.25,000,6.25
2015-08-24,5.98,6.25,5.98,6.25,700,6.25
2015-08-21,5.98,6.00,5.98,6.00,10000,6.00
2015-08-20,6.00,6.00,6.00,6.00,000,6.00
2015-08-19,5.93,6.00,5.93,6.00,10700,6.00
2015-08-18,6.00,6.00,6.00,6.00,000,6.00
2015-08-17,6.00,6.00,6.00,6.00,100,6.00
2015-08-14,6.05,6.05,6.05,6.05,000,6.05
2015-08-13,6.05,6.05,6.05,6.05,000,6.05
2015-08-12,6.05,6.05,6.05,6.05,000,6.05
2015-08-11,6.05,6.05,6.05,6.05,000,6.05
2015-08-10,6.05,6.05,6.05,6.05,000,6.05
2015-08-07,6.05,6.05,6.05,6.05,000,6.05
2015-08-06,6.05,6.05,6.05,6.05,000,6.05
2015-08-05,6.05,6.05,6.05,6.05,100,6.05
2015-08-04,5.93,5.93,5.93,5.93,600,5.93
2015-08-03,5.93,5.93,5.93,5.93,000,5.93
2015-07-31,5.93,5.93,5.93,5.93,000,5.93
2015-07-30,5.93,5.93,5.93,5.93,7900,5.93
2015-07-29,6.25,6.25,6.25,6.25,000,6.25
2015-07-28,6.25,6.25,6.25,6.25,000,6.25
2015-07-27,5.95,6.25,5.95,6.25,41200,6.25
2015-07-24,6.22,6.22,6.22,6.22,200,6.22
2015-07-23,6.22,6.22,6.22,6.22,000,6.22
2015-07-22,6.22,6.22,6.22,6.22,000,6.22
2015-07-21,6.22,6.22,6.22,6.22,000,6.22
2015-07-20,6.22,6.22,6.22,6.22,800,6.22
2015-07-17,5.93,5.93,5.93,5.93,300,5.93
2015-07-16,6.25,6.25,6.25,6.25,700,6.25
2015-07-15,6.05,6.05,6.05,6.05,000,6.05
2015-07-14,6.05,6.05,6.05,6.05,000,6.05
2015-07-13,6.00,6.05,6.00,6.05,10800,6.05
2015-07-10,6.02,6.02,6.02,6.02,000,6.02
2015-07-09,5.97,6.02,5.97,6.02,24500,6.02
2015-07-08,5.92,5.92,5.92,5.92,000,5.92
2015-07-07,5.92,5.92,5.92,5.92,000,5.92
2015-07-06,5.92,5.92,5.92,5.92,000,5.92
2015-07-02,5.92,5.92,5.92,5.92,400,5.92
2015-07-01,6.00,6.00,6.00,6.00,000,6.00
2015-06-30,6.00,6.00,6.00,6.00,1000,6.00
2015-06-29,6.10,6.10,6.10,6.10,000,6.10
2015-06-26,6.10,6.10,6.10,6.10,000,6.10
2015-06-25,6.15,6.15,6.10,6.10,8500,6.10
2015-06-24,6.10,6.10,6.10,6.10,000,6.10
2015-06-23,6.10,6.10,6.10,6.10,000,6.10
2015-06-22,6.10,6.10,6.10,6.10,000,6.10
2015-06-19,6.30,6.30,6.10,6.10,1000,6.10
2015-06-18,6.30,6.30,6.30,6.30,000,6.30
2015-06-17,6.30,6.30,6.30,6.30,000,6.30
2015-06-16,6.30,6.30,6.30,6.30,000,6.30
2015-06-15,6.30,6.30,6.30,6.30,000,6.30
2015-06-12,6.30,6.30,6.30,6.30,000,6.30
2015-06-11,6.30,6.30,6.30,6.30,000,6.30
2015-06-10,6.30,6.30,6.30,6.30,000,6.30
2015-06-09,6.30,6.30,6.30,6.30,000,6.30
2015-06-08,6.20,6.30,6.20,6.30,500,6.30
2015-06-05,5.91,5.96,5.91,5.96,2200,5.96
2015-06-04,5.97,5.97,5.97,5.97,2600,5.97
2015-06-03,5.94,5.94,5.91,5.94,5400,5.94
2015-06-02,5.94,5.94,5.94,5.94,000,5.94
2015-06-01,5.98,5.98,5.94,5.94,400,5.94
2015-05-29,6.10,6.10,6.10,6.10,2000,6.10
2015-05-28,6.06,6.10,6.00,6.10,1500,6.10
2015-05-27,6.10,6.10,6.10,6.10,200,6.10
2015-05-26,6.41,6.41,6.41,6.41,000,6.41
2015-05-22,6.41,6.41,6.41,6.41,000,6.41
2015-05-21,6.05,6.50,6.05,6.41,2000,6.41
2015-05-20,6.75,6.75,6.75,6.75,000,6.75
2015-05-19,6.75,6.75,6.75,6.75,300,6.75
2015-05-18,7.00,7.00,7.00,7.00,000,7.00
2015-05-15,7.00,7.00,7.00,7.00,000,7.00
2015-05-14,7.00,7.00,7.00,7.00,000,7.00
2015-05-13,7.00,7.00,7.00,7.00,000,7.00
2015-05-12,7.00,7.00,7.00,7.00,000,7.00
2015-05-11,5.86,7.00,5.86,7.00,11300,7.00
2015-05-08,5.80,5.80,5.80,5.80,000,5.80
2015-05-07,5.80,6.00,5.80,5.80,11700,5.80
2015-05-06,5.85,5.85,5.85,5.85,000,5.85
2015-05-05,5.85,5.85,5.85,5.85,2700,5.85
2015-05-04,5.81,5.81,5.80,5.80,6000,5.80
2015-05-01,5.85,5.85,5.81,5.81,1100,5.81
2015-04-30,5.81,5.81,5.81,5.81,000,5.81
2015-04-29,5.81,5.81,5.81,5.81,000,5.81
2015-04-28,5.81,5.81,5.81,5.81,26000,5.81
2015-04-27,5.75,5.79,5.75,5.75,3000,5.75
2015-04-24,5.75,5.75,5.75,5.75,45000,5.75
2015-04-23,5.77,5.79,5.75,5.79,28500,5.79
2015-04-22,5.71,5.71,5.71,5.71,000,5.71
2015-04-21,5.75,5.75,5.71,5.71,2400,5.71
2015-04-20,5.75,5.75,5.75,5.75,000,5.75
2015-04-17,5.75,5.79,5.75,5.75,15000,5.75
2015-04-16,5.79,5.79,5.79,5.79,000,5.79
2015-04-15,5.79,5.79,5.79,5.79,000,5.79
2015-04-14,5.79,5.79,5.79,5.79,000,5.79
2015-04-13,5.79,5.79,5.79,5.79,000,5.79
2015-04-10,5.79,5.79,5.79,5.79,000,5.79
2015-04-09,5.79,5.79,5.79,5.79,000,5.79
2015-04-08,5.79,5.79,5.79,5.79,000,5.79
2015-04-07,5.79,5.79,5.79,5.79,000,5.79
2015-04-06,5.79,5.79,5.79,5.79,000,5.79
2015-04-02,5.79,5.79,5.79,5.79,000,5.79
2015-04-01,5.79,5.79,5.79,5.79,000,5.79
2015-03-31,5.75,5.79,5.75,5.79,6000,5.79
2015-03-30,5.71,5.71,5.71,5.71,000,5.71
2015-03-27,5.71,5.71,5.71,5.71,000,5.71
2015-03-26,5.71,5.71,5.71,5.71,3200,5.71
2015-03-25,5.75,5.75,5.71,5.71,2600,5.71
2015-03-24,5.75,5.75,5.75,5.75,000,5.75
2015-03-23,5.75,5.75,5.75,5.75,000,5.75
2015-03-20,5.75,5.75,5.75,5.75,000,5.75
2015-03-19,5.75,5.75,5.75,5.75,000,5.75
2015-03-18,5.75,5.75,5.75,5.75,000,5.75
2015-03-17,5.75,5.75,5.75,5.75,1000,5.75
2015-03-16,5.71,5.71,5.71,5.71,000,5.71
2015-03-13,5.71,5.71,5.71,5.71,000,5.71
2015-03-12,5.71,5.71,5.71,5.71,000,5.71
2015-03-11,5.71,5.71,5.71,5.71,000,5.71
2015-03-10,5.71,5.71,5.71,5.71,000,5.71
2015-03-09,5.71,5.71,5.71,5.71,000,5.71
2015-03-06,5.71,5.71,5.71,5.71,000,5.71
2015-03-05,5.71,5.71,5.71,5.71,000,5.71
2015-03-04,5.71,5.71,5.71,5.71,000,5.71
2015-03-03,5.71,5.71,5.71,5.71,000,5.71
2015-03-02,5.71,5.71,5.71,5.71,700,5.71
2015-02-27,5.71,5.71,5.71,5.71,000,5.71
2015-02-26,5.71,5.71,5.71,5.71,2100,5.71
2015-02-25,5.79,5.79,5.71,5.71,2000,5.71
2015-02-24,5.70,5.70,5.70,5.70,000,5.70
2015-02-23,5.70,5.70,5.70,5.70,000,5.70
2015-02-20,5.70,5.70,5.70,5.70,000,5.70
2015-02-19,5.70,5.70,5.70,5.70,000,5.70
2015-02-18,5.70,5.70,5.70,5.70,200,5.70
2015-02-17,5.70,5.70,5.70,5.70,1800,5.70
2015-02-13,5.85,5.85,5.70,5.70,1400,5.70
2015-02-12,5.70,5.70,5.70,5.70,000,5.70
2015-02-11,5.70,5.70,5.70,5.70,2900,5.70
2015-02-10,5.70,5.70,5.70,5.70,000,5.70
2015-02-09,5.70,5.70,5.70,5.70,000,5.70
2015-02-06,5.70,5.70,5.70,5.70,000,5.70
2015-02-05,5.70,5.70,5.70,5.70,000,5.70
2015-02-04,5.70,5.70,5.70,5.70,000,5.70
2015-02-03,5.70,5.70,5.70,5.70,000,5.70
2015-02-02,5.70,5.70,5.70,5.70,000,5.70
2015-01-30,5.70,5.70,5.70,5.70,300,5.70
2015-01-29,5.85,5.85,5.85,5.85,000,5.85
2015-01-28,5.85,5.85,5.85,5.85,000,5.85
2015-01-27,5.85,5.85,5.85,5.85,000,5.85
2015-01-26,5.85,5.85,5.85,5.85,000,5.85
2015-01-23,5.70,5.85,5.70,5.85,2500,5.85
2015-01-22,5.70,5.70,5.70,5.70,000,5.70
2015-01-21,5.70,5.70,5.70,5.70,000,5.70
2015-01-20,5.70,5.70,5.70,5.70,000,5.70
2015-01-16,5.70,5.70,5.70,5.70,000,5.70
2015-01-15,5.70,5.70,5.70,5.70,000,5.70
2015-01-14,5.70,5.70,5.70,5.70,000,5.70
2015-01-13,5.75,5.75,5.70,5.70,1200,5.70
2015-01-12,5.70,5.70,5.70,5.70,400,5.70
2015-01-09,5.60,5.60,5.60,5.60,000,5.60
2015-01-08,5.60,5.60,5.60,5.60,900,5.60
2015-01-07,5.60,5.60,5.60,5.60,000,5.60
2015-01-06,5.60,5.60,5.60,5.60,500,5.60
2015-01-05,5.60,5.60,5.60,5.60,000,5.60
2015-01-02,5.60,5.60,5.60,5.60,000,5.60
2014-12-31,5.60,5.60,5.60,5.60,000,5.60
2014-12-30,5.60,5.60,5.60,5.60,3100,5.60
2014-12-29,5.60,5.60,5.60,5.60,1200,5.60
2014-12-26,5.50,5.50,5.50,5.50,000,5.50
2014-12-24,5.50,5.50,5.50,5.50,000,5.50
2014-12-23,5.42,5.50,5.42,5.50,2000,5.50
2014-12-22,5.40,5.40,5.40,5.40,4900,5.40
2014-12-19,5.25,5.40,5.25,5.40,700,5.40
2014-12-18,5.07,5.07,5.07,5.07,000,5.07
2014-12-17,5.02,5.07,5.02,5.07,4000,5.07
2014-12-16,5.07,5.07,5.07,5.07,2100,5.07
2014-12-15,5.02,5.02,5.02,5.02,000,5.02
2014-12-12,5.02,5.02,5.02,5.02,2000,5.02
2014-12-11,5.05,5.05,5.05,5.05,000,5.05
2014-12-10,5.05,5.05,5.05,5.05,000,5.05
2014-12-09,5.05,5.05,5.05,5.05,000,5.05
2014-12-08,5.05,5.05,5.05,5.05,000,5.05
2014-12-05,5.05,5.05,5.05,5.05,000,5.05
2014-12-04,5.05,5.05,5.05,5.05,000,5.05
2014-12-03,5.05,5.05,5.05,5.05,000,5.05
2014-12-02,5.05,5.05,5.05,5.05,000,5.05
2014-12-01,5.05,5.05,5.05,5.05,000,5.05
2014-11-28,5.07,5.25,5.05,5.05,1000,5.05
2014-11-26,5.00,5.00,5.00,5.00,1800,5.00
2014-11-25,5.00,5.00,5.00,5.00,000,5.00
2014-11-24,5.00,5.00,5.00,5.00,2000,5.00
2014-11-21,4.93,4.93,4.93,4.93,100,4.93
2014-11-20,4.83,4.83,4.83,4.83,000,4.83
2014-11-19,4.83,4.83,4.83,4.83,000,4.83
2014-11-18,4.83,4.83,4.83,4.83,000,4.83
2014-11-17,4.83,4.83,4.83,4.83,000,4.83
2014-11-14,4.83,4.83,4.83,4.83,000,4.83
2014-11-13,4.83,4.83,4.83,4.83,000,4.83
2014-11-12,4.83,4.83,4.83,4.83,000,4.83
2014-11-11,4.83,4.83,4.83,4.83,000,4.83
2014-11-10,4.83,4.83,4.83,4.83,000,4.83
2014-11-07,4.83,4.83,4.83,4.83,000,4.83
2014-11-06,4.83,4.83,4.83,4.83,000,4.83
2014-11-05,4.83,4.83,4.83,4.83,42400,4.83
2014-11-04,4.75,4.93,4.67,4.93,42500,4.93
2014-11-03,4.93,4.93,4.93,4.93,000,4.93
2014-10-31,4.82,4.93,4.82,4.93,500,4.93
2014-10-30,4.86,4.86,4.86,4.86,000,4.86
2014-10-29,4.86,4.86,4.86,4.86,000,4.86
2014-10-28,4.86,4.86,4.86,4.86,000,4.86
2014-10-27,4.86,4.86,4.86,4.86,000,4.86
2014-10-24,4.86,4.86,4.86,4.86,000,4.86
2014-10-23,4.86,4.86,4.86,4.86,000,4.86
2014-10-22,4.86,4.86,4.86,4.86,000,4.86
2014-10-21,4.90,4.90,4.86,4.86,1100,4.86
2014-10-20,5.10,5.10,5.10,5.10,000,5.10
2014-10-17,5.10,5.10,5.10,5.10,000,5.10
2014-10-16,5.10,5.10,5.10,5.10,000,5.10
2014-10-15,5.10,5.10,5.10,5.10,000,5.10
2014-10-14,5.10,5.10,5.10,5.10,000,5.10
2014-10-13,5.10,5.10,5.10,5.10,000,5.10
2014-10-10,5.10,5.10,5.10,5.10,000,5.10
2014-10-09,5.10,5.10,5.10,5.10,000,5.10
2014-10-08,5.10,5.10,5.10,5.10,000,5.10
2014-10-07,4.90,5.25,4.90,5.10,13500,5.10
2014-10-06,4.90,4.90,4.90,4.90,800,4.90
2014-10-03,4.60,4.60,4.60,4.60,000,4.60
2014-10-02,4.60,4.60,4.60,4.60,000,4.60
2014-10-01,4.60,4.60,4.60,4.60,000,4.60
2014-09-30,4.60,4.60,4.60,4.60,000,4.60
2014-09-29,4.60,4.60,4.60,4.60,000,4.60
2014-09-26,4.60,4.60,4.60,4.60,000,4.60
2014-09-25,4.60,4.60,4.60,4.60,000,4.60
2014-09-24,4.60,4.60,4.60,4.60,4600,4.60
2014-09-23,4.80,4.80,4.80,4.80,2200,4.80
2014-09-22,4.83,4.83,4.83,4.83,200,4.83
2014-09-19,4.92,4.92,4.92,4.92,000,4.92
2014-09-18,4.92,4.92,4.92,4.92,000,4.92
2014-09-17,4.92,4.92,4.92,4.92,000,4.92
2014-09-16,4.92,4.92,4.92,4.92,000,4.92
2014-09-15,4.92,4.92,4.92,4.92,000,4.92
2014-09-12,4.92,4.92,4.92,4.92,000,4.92
2014-09-11,4.92,4.92,4.92,4.92,000,4.92
2014-09-10,4.92,4.92,4.92,4.92,000,4.92
2014-09-09,4.92,4.92,4.92,4.92,000,4.92
2014-09-08,4.92,4.92,4.92,4.92,000,4.92
2014-09-05,4.92,4.92,4.92,4.92,000,4.92
2014-09-04,4.92,4.92,4.92,4.92,000,4.92
2014-09-03,4.92,4.92,4.92,4.92,000,4.92
2014-09-02,4.92,4.92,4.92,4.92,2000,4.92
2014-08-29,5.00,5.00,5.00,5.00,000,5.00
2014-08-28,5.00,5.00,5.00,5.00,000,5.00
2014-08-27,5.00,5.00,5.00,5.00,300,5.00
2014-08-26,4.95,4.95,4.95,4.95,000,4.95
2014-08-25,4.95,4.95,4.95,4.95,000,4.95
2014-08-22,4.95,4.95,4.95,4.95,100,4.95
2014-08-21,4.93,4.93,4.93,4.93,000,4.93
2014-08-20,4.93,4.93,4.93,4.93,000,4.93
2014-08-19,4.93,4.93,4.93,4.93,000,4.93
2014-08-18,4.93,4.93,4.93,4.93,300,4.93
2014-08-15,4.95,4.95,4.95,4.95,000,4.95
2014-08-14,4.95,4.95,4.95,4.95,000,4.95
2014-08-13,4.95,4.95,4.95,4.95,000,4.95
2014-08-12,4.95,4.95,4.95,4.95,000,4.95
2014-08-11,4.95,4.95,4.95,4.95,000,4.95
2014-08-08,4.95,4.95,4.95,4.95,000,4.95
2014-08-07,4.95,4.95,4.95,4.95,000,4.95
2014-08-06,4.95,4.95,4.92,4.95,15300,4.95
2014-08-05,5.10,5.10,5.10,5.10,000,5.10
2014-08-04,5.10,5.10,5.10,5.10,000,5.10
2014-08-01,5.10,5.10,5.10,5.10,000,5.10
2014-07-31,5.10,5.10,5.10,5.10,000,5.10
2014-07-30,5.10,5.10,5.10,5.10,000,5.10
2014-07-29,5.10,5.10,5.10,5.10,000,5.10
2014-07-28,5.10,5.10,5.10,5.10,000,5.10
2014-07-25,5.10,5.10,5.10,5.10,000,5.10
2014-07-24,5.10,5.10,5.10,5.10,000,5.10
2014-07-23,5.10,5.10,5.10,5.10,000,5.10
2014-07-22,5.10,5.10,5.10,5.10,000,5.10
2014-07-21,5.10,5.10,5.10,5.10,000,5.10
2014-07-18,5.10,5.10,5.10,5.10,000,5.10
2014-07-17,5.10,5.10,5.10,5.10,000,5.10
2014-07-16,5.10,5.10,5.10,5.10,000,5.10
2014-07-15,5.10,5.10,5.10,5.10,000,5.10
2014-07-14,5.10,5.10,5.10,5.10,000,5.10
2014-07-11,5.10,5.10,5.10,5.10,000,5.10
2014-07-10,5.10,5.10,5.10,5.10,000,5.10
2014-07-09,5.10,5.10,5.10,5.10,000,5.10
2014-07-08,5.10,5.10,5.10,5.10,000,5.10
2014-07-07,5.10,5.10,5.10,5.10,000,5.10
2014-07-03,5.10,5.10,5.10,5.10,000,5.10
2014-07-02,5.10,5.10,5.10,5.10,000,5.10
2014-07-01,5.10,5.10,5.10,5.10,000,5.10
2014-06-30,5.10,5.10,5.10,5.10,000,5.10
2014-06-27,5.10,5.10,5.10,5.10,000,5.10
2014-06-26,5.10,5.10,5.10,5.10,000,5.10
2014-06-25,5.10,5.10,5.10,5.10,000,5.10
2014-06-24,5.10,5.10,5.10,5.10,000,5.10
2014-06-23,5.10,5.10,5.10,5.10,5000,5.10
2014-06-20,5.15,5.15,5.15,5.15,000,5.15
2014-06-19,5.15,5.15,5.15,5.15,000,5.15
2014-06-18,5.15,5.15,5.15,5.15,000,5.15
2014-06-17,5.15,5.15,5.15,5.15,000,5.15
2014-06-16,5.15,5.15,5.15,5.15,400,5.15
2014-06-13,5.20,5.20,5.20,5.20,000,5.20
2014-06-12,5.25,5.25,5.20,5.20,2900,5.20
2014-06-11,5.12,5.12,5.12,5.12,000,5.12
2014-06-10,5.12,5.12,5.12,5.12,000,5.12
2014-06-09,5.12,5.12,5.00,5.12,1300,5.12
2014-06-06,5.13,5.13,5.13,5.13,000,5.13
2014-06-05,5.13,5.13,5.13,5.13,000,5.13
2014-06-04,5.13,5.13,5.13,5.13,000,5.13
2014-06-03,5.13,5.13,5.13,5.13,400,5.13
2014-06-02,5.39,5.39,5.39,5.39,000,5.39
2014-05-30,5.39,5.39,5.39,5.39,000,5.39
2014-05-29,5.39,5.39,5.39,5.39,000,5.39
2014-05-28,5.40,5.40,5.39,5.39,900,5.39
2014-05-27,5.49,5.49,5.45,5.45,1300,5.45
2014-05-23,5.27,5.27,5.11,5.20,1700,5.20
2014-05-22,5.50,5.50,5.50,5.50,000,5.50
2014-05-21,5.50,5.50,5.50,5.50,000,5.50
2014-05-20,5.50,5.50,5.50,5.50,200,5.50
2014-05-19,5.61,5.61,5.41,5.41,1000,5.41
2014-05-16,5.75,6.65,5.75,5.96,1600,5.96
2014-05-15,5.60,5.65,5.60,5.60,10900,5.60
2014-05-14,5.70,5.70,5.70,5.70,000,5.70
2014-05-13,5.70,5.70,5.70,5.70,000,5.70
2014-05-12,5.99,5.99,5.70,5.70,4900,5.70
2014-05-09,5.99,5.99,5.40,5.40,1000,5.40
2014-05-08,6.00,6.00,6.00,6.00,000,6.00
2014-05-07,5.60,6.00,5.00,6.00,7800,6.00
2014-05-06,6.00,6.00,6.00,6.00,600,6.00
2014-05-05,4.60,5.25,4.60,5.25,12800,5.25
2014-05-02,5.00,5.00,5.00,5.00,000,5.00
2014-05-01,4.95,5.10,4.95,5.00,3200,5.00
2014-04-30,4.50,5.00,4.50,5.00,2000,5.00
2014-04-29,4.53,4.53,4.53,4.53,000,4.53
2014-04-28,4.53,4.53,4.53,4.53,000,4.53
2014-04-25,4.53,4.53,4.53,4.53,000,4.53
2014-04-24,4.53,4.53,4.53,4.53,000,4.53
2014-04-23,4.53,4.53,4.53,4.53,000,4.53
2014-04-22,4.53,4.53,4.53,4.53,000,4.53
2014-04-21,4.53,4.53,4.53,4.53,000,4.53
2014-04-17,4.53,4.53,4.53,4.53,000,4.53
2014-04-16,4.53,4.53,4.53,4.53,000,4.53
2014-04-15,4.53,4.53,4.53,4.53,000,4.53
2014-04-14,4.53,4.53,4.53,4.53,000,4.53
2014-04-11,4.53,4.53,4.53,4.53,000,4.53
2014-04-10,4.53,4.53,4.53,4.53,900,4.53
2014-04-09,4.53,4.53,4.53,4.53,000,4.53
2014-04-08,4.53,4.53,4.53,4.53,000,4.53
2014-04-07,4.53,4.53,4.53,4.53,000,4.53
2014-04-04,4.53,4.53,4.53,4.53,000,4.53
2014-04-03,4.53,4.53,4.53,4.53,000,4.53
2014-04-02,4.53,4.53,4.53,4.53,000,4.53
2014-04-01,4.53,4.53,4.53,4.53,000,4.53
2014-03-31,4.53,4.53,4.53,4.53,000,4.53
2014-03-28,4.53,4.53,4.53,4.53,000,4.53
2014-03-27,4.53,4.53,4.53,4.53,000,4.53
2014-03-26,4.53,4.53,4.53,4.53,300,4.53
2014-03-25,4.35,4.35,4.35,4.35,000,4.35
2014-03-24,4.35,4.35,4.35,4.35,000,4.35
2014-03-21,4.35,4.35,4.35,4.35,1100,4.35
2014-03-20,4.35,4.35,4.35,4.35,000,4.35
2014-03-19,4.35,4.35,4.35,4.35,000,4.35
2014-03-18,4.35,4.35,4.35,4.35,000,4.35
2014-03-17,4.35,4.35,4.35,4.35,000,4.35
2014-03-14,4.35,4.35,4.35,4.35,000,4.35
2014-03-13,4.35,4.35,4.35,4.35,000,4.35
2014-03-12,4.35,4.35,4.35,4.35,000,4.35
2014-03-11,4.35,4.35,4.35,4.35,000,4.35
2014-03-10,4.35,4.35,4.35,4.35,300,4.35
2014-03-07,4.25,4.25,4.25,4.25,000,4.25
2014-03-06,4.25,4.25,4.25,4.25,5000,4.25
2014-03-05,4.25,4.25,4.25,4.25,000,4.25
2014-03-04,4.25,4.25,4.25,4.25,000,4.25
2014-03-03,4.25,4.25,4.25,4.25,000,4.25
2014-02-28,4.25,4.25,4.25,4.25,000,4.25
2014-02-27,4.25,4.25,4.25,4.25,000,4.25
2014-02-26,4.25,4.25,4.25,4.25,000,4.25
2014-02-25,4.25,4.25,4.25,4.25,1800,4.25
2014-02-24,4.35,4.35,4.35,4.35,000,4.35
2014-02-21,4.35,4.35,4.35,4.35,000,4.35
2014-02-20,4.35,4.35,4.35,4.35,000,4.35
2014-02-19,4.35,4.35,4.35,4.35,000,4.35
2014-02-18,4.35,4.35,4.35,4.35,000,4.35
2014-02-14,4.35,4.35,4.35,4.35,000,4.35
2014-02-13,4.35,4.35,4.35,4.35,000,4.35
2014-02-12,4.35,4.35,4.35,4.35,000,4.35
2014-02-11,4.35,4.35,4.35,4.35,000,4.35
2014-02-10,4.35,4.35,4.35,4.35,000,4.35
2014-02-07,4.35,4.35,4.35,4.35,1200,4.35
2014-02-06,4.26,4.26,4.26,4.26,000,4.26
2014-02-05,4.26,4.26,4.26,4.26,000,4.26
2014-02-04,4.26,4.26,4.26,4.26,000,4.26
2014-02-03,4.26,4.26,4.26,4.26,000,4.26
2014-01-31,4.26,4.26,4.26,4.26,000,4.26
2014-01-30,4.26,4.26,4.26,4.26,000,4.26
2014-01-29,4.26,4.26,4.26,4.26,000,4.26
2014-01-28,4.26,4.26,4.26,4.26,000,4.26
2014-01-27,4.26,4.26,4.26,4.26,000,4.26
2014-01-24,4.26,4.26,4.26,4.26,000,4.26
2014-01-23,4.26,4.26,4.26,4.26,000,4.26
2014-01-22,4.26,4.26,4.26,4.26,000,4.26
2014-01-21,4.26,4.26,4.26,4.26,000,4.26
2014-01-17,4.26,4.26,4.26,4.26,000,4.26
2014-01-16,4.26,4.26,4.26,4.26,000,4.26
2014-01-15,4.26,4.26,4.26,4.26,1500,4.26
2014-01-14,4.26,4.26,4.26,4.26,000,4.26
2014-01-13,4.50,4.50,4.26,4.26,4000,4.26
2014-01-10,4.50,4.50,4.50,4.50,000,4.50
2014-01-09,4.50,4.50,4.50,4.50,000,4.50
2014-01-08,4.50,4.50,4.50,4.50,000,4.50
2014-01-07,4.50,4.50,4.50,4.50,000,4.50
2014-01-06,4.50,4.50,4.50,4.50,600,4.50
2014-01-03,4.25,4.25,4.25,4.25,000,4.25
2014-01-02,4.25,4.25,4.25,4.25,000,4.25
2013-12-31,4.25,4.25,4.25,4.25,000,4.25
2013-12-30,4.25,4.25,4.25,4.25,000,4.25
2013-12-27,4.25,4.25,4.25,4.25,800,4.25
2013-12-26,4.25,4.25,4.25,4.25,000,4.25
2013-12-24,4.25,4.25,4.25,4.25,000,4.25
2013-12-23,4.75,4.75,4.25,4.25,2900,4.25
2013-12-20,4.25,4.25,4.25,4.25,000,4.25
2013-12-19,4.25,4.25,4.25,4.25,000,4.25
2013-12-18,4.25,4.25,4.25,4.25,6100,4.25
2013-12-17,4.75,4.75,4.75,4.75,000,4.75
2013-12-16,4.75,4.75,4.75,4.75,000,4.75
2013-12-13,4.75,4.75,4.75,4.75,000,4.75
2013-12-12,4.75,4.75,4.75,4.75,100,4.75
2013-12-11,5.20,5.20,5.20,5.20,000,5.20
2013-12-10,5.20,5.20,5.20,5.20,000,5.20
2013-12-09,5.20,5.20,5.20,5.20,000,5.20
2013-12-06,5.20,5.20,5.20,5.20,000,5.20
2013-12-05,5.20,5.20,5.20,5.20,000,5.20
2013-12-04,5.20,5.20,5.20,5.20,000,5.20
2013-12-03,5.20,5.20,5.20,5.20,000,5.20
2013-12-02,5.20,5.20,5.20,5.20,000,5.20
2013-11-29,5.20,5.20,5.20,5.20,000,5.20
2013-11-27,5.20,5.20,5.20,5.20,000,5.20
2013-11-26,5.20,5.20,5.20,5.20,000,5.20
2013-11-25,5.20,5.20,5.20,5.20,000,5.20
2013-11-22,5.20,5.20,5.20,5.20,000,5.20
2013-11-21,5.20,5.20,5.20,5.20,000,5.20
2013-11-20,5.20,5.20,5.20,5.20,000,5.20
2013-11-19,5.20,5.20,5.20,5.20,000,5.20
2013-11-18,5.20,5.20,5.20,5.20,000,5.20
2013-11-15,5.20,5.20,5.20,5.20,000,5.20
2013-11-14,5.20,5.20,5.20,5.20,000,5.20
2013-11-13,5.20,5.20,5.20,5.20,000,5.20
2013-11-12,5.20,5.20,5.20,5.20,000,5.20
2013-11-11,5.20,5.20,5.20,5.20,000,5.20
2013-11-08,5.20,5.20,5.20,5.20,000,5.20
2013-11-07,5.20,5.20,5.20,5.20,000,5.20
2013-11-06,5.20,5.20,5.20,5.20,000,5.20
2013-11-05,5.20,5.20,5.20,5.20,000,5.20
2013-11-04,5.20,5.20,5.20,5.20,000,5.20
2013-11-01,5.20,5.20,5.20,5.20,000,5.20
2013-10-31,5.20,5.20,5.20,5.20,000,5.20
2013-10-30,5.20,5.20,5.20,5.20,000,5.20
2013-10-29,5.20,5.20,5.20,5.20,000,5.20
2013-10-28,5.20,5.20,5.20,5.20,000,5.20
2013-10-25,5.20,5.20,5.20,5.20,000,5.20
2013-10-24,5.20,5.20,5.20,5.20,000,5.20
2013-10-23,5.20,5.20,5.20,5.20,000,5.20
2013-10-22,5.20,5.20,5.20,5.20,000,5.20
2013-10-21,5.20,5.20,5.20,5.20,000,5.20
2013-10-18,5.20,5.20,5.20,5.20,000,5.20
2013-10-17,5.20,5.20,5.20,5.20,000,5.20
2013-10-16,5.20,5.20,5.20,5.20,000,5.20
2013-10-15,5.00,5.20,5.00,5.20,4000,5.20
2013-10-14,5.00,5.00,5.00,5.00,000,5.00
2013-10-11,5.00,5.00,5.00,5.00,000,5.00
2013-10-10,5.00,5.00,5.00,5.00,000,5.00
2013-10-09,5.00,5.00,5.00,5.00,000,5.00
2013-10-08,5.00,5.00,5.00,5.00,000,5.00
2013-10-07,5.00,5.00,5.00,5.00,000,5.00
2013-10-04,5.00,5.00,5.00,5.00,000,5.00
2013-10-03,5.00,5.00,5.00,5.00,000,5.00
2013-10-02,5.00,5.00,5.00,5.00,000,5.00
2013-10-01,5.00,5.00,5.00,5.00,49400,5.00
2013-09-30,5.00,5.00,5.00,5.00,000,5.00
2013-09-27,5.00,5.00,5.00,5.00,000,5.00
2013-09-26,5.00,5.00,5.00,5.00,000,5.00
2013-09-25,5.00,5.00,5.00,5.00,000,5.00
2013-09-24,5.00,5.00,5.00,5.00,1000,5.00
2013-09-23,4.50,4.50,4.50,4.50,000,4.50
2013-09-20,4.50,4.50,4.50,4.50,7800,4.50
2013-09-19,5.00,5.00,5.00,5.00,000,5.00
2013-09-18,5.00,5.00,5.00,5.00,000,5.00
2013-09-17,5.00,5.00,5.00,5.00,000,5.00
2013-09-16,5.00,5.00,5.00,5.00,000,5.00
2013-09-13,5.00,5.00,5.00,5.00,000,5.00
2013-09-12,5.00,5.00,5.00,5.00,000,5.00
2013-09-11,5.00,5.00,5.00,5.00,000,5.00
2013-09-10,5.00,5.00,5.00,5.00,000,5.00
2013-09-09,5.00,5.00,5.00,5.00,000,5.00
2013-09-06,5.00,5.00,5.00,5.00,2000,5.00
2013-09-05,5.00,5.00,5.00,5.00,000,5.00
2013-09-04,5.00,5.00,5.00,5.00,000,5.00
2013-09-03,5.00,5.00,5.00,5.00,000,5.00
2013-08-30,5.00,5.00,5.00,5.00,200,5.00
2013-08-29,5.00,5.00,5.00,5.00,000,5.00
2013-08-28,5.00,5.00,5.00,5.00,000,5.00
2013-08-27,5.00,5.00,5.00,5.00,000,5.00
2013-08-26,5.00,5.00,5.00,5.00,200,5.00
2013-08-23,4.02,4.02,4.02,4.02,000,4.02
2013-08-22,4.02,4.02,4.02,4.02,000,4.02
2013-08-21,4.02,4.02,4.02,4.02,000,4.02
2013-08-20,4.02,4.02,4.02,4.02,000,4.02
2013-08-19,4.02,4.02,4.02,4.02,000,4.02
2013-08-16,4.02,4.02,4.02,4.02,000,4.02
2013-08-15,4.02,4.02,4.02,4.02,000,4.02
2013-08-14,4.02,4.02,4.02,4.02,000,4.02
2013-08-13,4.02,4.02,4.02,4.02,000,4.02
2013-08-12,4.02,4.02,4.02,4.02,000,4.02
2013-08-09,4.02,4.02,4.02,4.02,000,4.02
2013-08-08,4.02,4.02,4.02,4.02,000,4.02
2013-08-07,4.02,4.02,4.02,4.02,000,4.02
2013-08-06,4.02,4.02,4.02,4.02,000,4.02
2013-08-05,4.02,4.02,4.02,4.02,000,4.02
2013-08-02,4.02,4.02,4.02,4.02,000,4.02
2013-08-01,4.02,4.02,4.02,4.02,40000,4.02
2013-07-31,4.20,4.20,4.20,4.20,000,4.20
2013-07-30,4.20,4.20,4.20,4.20,000,4.20
2013-07-29,4.20,4.20,4.20,4.20,000,4.20
2013-07-26,4.20,4.20,4.20,4.20,000,4.20
2013-07-25,4.20,4.20,4.20,4.20,000,4.20
2013-07-24,4.20,4.20,4.20,4.20,000,4.20
2013-07-23,4.20,4.20,4.20,4.20,000,4.20
2013-07-22,4.20,4.20,4.20,4.20,000,4.20
2013-07-19,4.20,4.20,4.20,4.20,000,4.20
2013-07-18,4.20,4.20,4.20,4.20,000,4.20
2013-07-17,4.20,4.20,4.20,4.20,000,4.20
2013-07-16,4.02,4.20,4.02,4.20,12200,4.20
2013-07-15,4.02,4.02,4.02,4.02,1500,4.02
2013-07-12,4.00,4.00,4.00,4.00,000,4.00
2013-07-11,4.00,4.00,4.00,4.00,000,4.00
2013-07-10,4.00,4.00,4.00,4.00,000,4.00
2013-07-09,4.00,4.00,4.00,4.00,000,4.00
2013-07-08,4.00,4.00,4.00,4.00,000,4.00
2013-07-05,4.00,4.00,4.00,4.00,000,4.00
2013-07-03,4.00,4.00,4.00,4.00,000,4.00
2013-07-02,4.00,4.00,4.00,4.00,000,4.00
2013-07-01,4.00,4.00,4.00,4.00,000,4.00
2013-06-28,4.00,4.00,4.00,4.00,000,4.00
2013-06-27,4.00,4.00,4.00,4.00,000,4.00
2013-06-26,4.00,4.00,4.00,4.00,000,4.00
2013-06-25,4.00,4.00,4.00,4.00,000,4.00
2013-06-24,4.00,4.00,4.00,4.00,000,4.00
2013-06-21,4.00,4.00,4.00,4.00,000,4.00
2013-06-20,4.00,4.00,4.00,4.00,000,4.00
2013-06-19,4.00,4.00,4.00,4.00,000,4.00
2013-06-18,4.00,4.00,4.00,4.00,000,4.00
2013-06-17,4.00,4.00,4.00,4.00,000,4.00
2013-06-14,4.00,4.00,4.00,4.00,000,4.00
2013-06-13,4.00,4.00,4.00,4.00,000,4.00
2013-06-12,4.00,4.00,4.00,4.00,000,4.00
2013-06-11,4.00,4.00,4.00,4.00,000,4.00
2013-06-10,4.00,4.00,4.00,4.00,000,4.00
2013-06-07,4.00,4.00,4.00,4.00,000,4.00
2013-06-06,4.00,4.00,4.00,4.00,000,4.00
2013-06-05,4.00,4.00,4.00,4.00,000,4.00
2013-06-04,4.00,4.00,4.00,4.00,000,4.00
2013-06-03,4.00,4.00,4.00,4.00,000,4.00
2013-05-31,4.00,4.00,4.00,4.00,000,4.00
2013-05-30,4.00,4.00,4.00,4.00,000,4.00
2013-05-29,4.00,4.00,4.00,4.00,500,4.00
2013-05-28,5.00,5.00,5.00,5.00,000,5.00
2013-05-24,5.00,5.00,5.00,5.00,000,5.00
2013-05-23,5.00,5.00,5.00,5.00,000,5.00
2013-05-22,5.00,5.00,5.00,5.00,000,5.00
2013-05-21,5.00,5.00,5.00,5.00,000,5.00
2013-05-20,5.00,5.00,5.00,5.00,000,5.00
2013-05-17,5.00,5.00,5.00,5.00,000,5.00
2013-05-16,5.00,5.00,5.00,5.00,400,5.00
2013-05-15,4.30,4.30,4.30,4.30,000,4.30
2013-05-14,4.30,4.30,4.30,4.30,000,4.30
2013-05-13,4.30,4.30,4.30,4.30,000,4.30
2013-05-10,4.30,4.30,4.30,4.30,000,4.30
2013-05-09,3.56,4.50,3.56,4.30,6000,4.30
2013-05-08,4.00,4.00,4.00,4.00,000,4.00
2013-05-07,4.00,4.00,4.00,4.00,000,4.00
2013-05-06,4.00,4.00,4.00,4.00,000,4.00
2013-05-03,4.00,4.00,4.00,4.00,000,4.00
2013-05-02,4.00,4.00,4.00,4.00,000,4.00
2013-05-01,4.00,4.00,4.00,4.00,800,4.00
2013-04-30,4.50,4.50,4.50,4.50,000,4.50
2013-04-29,4.50,4.50,4.50,4.50,000,4.50
2013-04-26,4.50,4.50,4.50,4.50,000,4.50
2013-04-25,4.50,4.50,4.50,4.50,000,4.50
2013-04-24,4.50,4.50,4.50,4.50,000,4.50
2013-04-23,4.50,4.50,4.50,4.50,000,4.50
2013-04-22,3.55,4.50,3.55,4.50,700,4.50
2013-04-19,3.55,3.55,3.55,3.55,500,3.55
2013-04-18,4.50,4.50,3.51,3.66,2600,3.66
2013-04-17,4.99,4.99,4.99,4.99,2000,4.99
2013-04-16,4.00,5.00,4.00,5.00,1500,5.00
2013-04-15,5.00,5.00,5.00,5.00,000,5.00
2013-04-12,5.00,5.00,5.00,5.00,000,5.00
2013-04-11,5.00,5.00,5.00,5.00,000,5.00
2013-04-10,5.00,5.00,5.00,5.00,000,5.00
2013-04-09,5.00,5.00,5.00,5.00,000,5.00
2013-04-08,5.00,5.00,5.00,5.00,000,5.00
2013-04-05,5.00,5.00,5.00,5.00,000,5.00
2013-04-04,5.00,5.00,5.00,5.00,1000,5.00
2013-04-03,5.00,5.00,5.00,5.00,000,5.00
2013-04-02,5.00,5.00,5.00,5.00,000,5.00
2013-04-01,5.00,5.00,5.00,5.00,000,5.00
2013-03-28,5.00,5.00,5.00,5.00,000,5.00
2013-03-27,5.00,5.00,5.00,5.00,100,5.00
2013-03-26,5.00,5.00,5.00,5.00,000,5.00
2013-03-25,5.00,5.00,5.00,5.00,000,5.00
2013-03-22,5.00,5.00,5.00,5.00,000,5.00
2013-03-21,5.00,5.00,5.00,5.00,000,5.00
2013-03-20,5.00,5.00,5.00,5.00,200,5.00
2013-03-19,3.80,3.80,3.80,3.80,000,3.80
2013-03-18,3.80,3.80,3.80,3.80,000,3.80
2013-03-15,3.80,3.80,3.80,3.80,10000,3.80
2013-03-14,3.89,3.89,3.89,3.89,000,3.89
2013-03-13,3.50,4.00,3.50,3.89,80400,3.89
2013-03-12,3.50,3.50,3.50,3.50,000,3.50
2013-03-11,3.50,3.50,3.50,3.50,000,3.50
2013-03-08,3.50,3.50,3.50,3.50,000,3.50
2013-03-07,3.50,3.50,3.50,3.50,000,3.50
2013-03-06,3.50,3.50,3.50,3.50,000,3.50
2013-03-05,3.50,3.50,3.50,3.50,000,3.50
2013-03-04,3.50,3.50,3.50,3.50,000,3.50
2013-03-01,3.50,3.50,3.50,3.50,000,3.50
2013-02-28,3.50,3.50,3.50,3.50,200,3.50
2013-02-27,3.15,3.15,3.15,3.15,000,3.15
2013-02-26,3.15,3.15,3.15,3.15,000,3.15
2013-02-25,3.15,3.15,3.15,3.15,000,3.15
2013-02-22,3.15,3.15,3.15,3.15,000,3.15
2013-02-21,3.15,3.15,3.15,3.15,000,3.15
2013-02-20,3.15,3.15,3.15,3.15,000,3.15
2013-02-19,3.15,3.15,3.15,3.15,100,3.15
2013-02-15,3.00,3.00,3.00,3.00,000,3.00
2013-02-14,3.00,3.00,3.00,3.00,000,3.00
2013-02-13,3.00,3.00,3.00,3.00,000,3.00
2013-02-12,2.90,3.00,2.90,3.00,1600,3.00
2013-02-11,2.62,2.62,2.62,2.62,000,2.62
2013-02-08,2.62,2.62,2.62,2.62,000,2.62
2013-02-07,2.62,2.62,2.62,2.62,000,2.62
2013-02-06,2.62,2.62,2.62,2.62,000,2.62
2013-02-05,2.62,2.62,2.62,2.62,000,2.62
2013-02-04,2.62,2.62,2.62,2.62,000,2.62
2013-02-01,2.62,2.62,2.62,2.62,000,2.62
2013-01-31,2.62,2.62,2.62,2.62,000,2.62
2013-01-30,2.62,2.62,2.59,2.62,6700,2.62
2013-01-29,2.50,2.50,2.50,2.50,000,2.50
2013-01-28,2.30,2.50,2.30,2.50,11400,2.50
2013-01-25,2.40,2.40,2.40,2.40,000,2.40
2013-01-24,2.40,2.40,2.40,2.40,000,2.40
2013-01-23,2.40,2.40,2.40,2.40,000,2.40
2013-01-22,2.40,2.40,2.40,2.40,000,2.40
2013-01-18,2.40,2.40,2.40,2.40,000,2.40
2013-01-17,2.40,2.40,2.40,2.40,000,2.40
2013-01-16,2.40,2.40,2.40,2.40,000,2.40
2013-01-15,2.40,2.40,2.40,2.40,000,2.40
2013-01-14,2.40,2.40,2.40,2.40,000,2.40
2013-01-11,2.40,2.40,2.40,2.40,000,2.40
2013-01-10,2.40,2.40,2.40,2.40,000,2.40
2013-01-09,2.40,2.40,2.40,2.40,1400,2.40
2013-01-08,2.40,2.40,2.40,2.40,000,2.40
2013-01-07,2.40,2.40,2.40,2.40,000,2.40
2013-01-04,2.40,2.40,2.40,2.40,000,2.40
2013-01-03,2.40,2.40,2.40,2.40,500,2.40
2013-01-02,2.40,2.40,2.40,2.40,100,2.40
2012-12-31,2.40,2.40,2.40,2.40,1100,2.40
2012-12-28,2.05,2.05,2.05,2.05,000,2.05
2012-12-27,2.05,2.05,2.05,2.05,000,2.05
2012-12-26,2.05,2.05,2.05,2.05,000,2.05
2012-12-24,2.05,2.05,2.05,2.05,10500,2.05
2012-12-21,2.07,2.10,2.02,2.05,10800,2.05
2012-12-20,2.07,2.07,2.07,2.07,000,2.07
2012-12-19,2.07,2.07,2.07,2.07,000,2.07
2012-12-18,2.07,2.07,2.07,2.07,100,2.07
2012-12-17,2.07,2.07,2.07,2.07,1000,2.07
2012-12-14,2.90,2.90,2.90,2.90,000,2.90
2012-12-13,2.90,2.90,2.90,2.90,000,2.90
2012-12-12,2.90,2.90,2.90,2.90,000,2.90
2012-12-11,2.90,2.90,2.90,2.90,000,2.90
2012-12-10,2.90,2.90,2.90,2.90,000,2.90
2012-12-07,2.90,2.90,2.90,2.90,000,2.90
2012-12-06,2.90,2.90,2.90,2.90,000,2.90
2012-12-05,2.90,2.90,2.90,2.90,000,2.90
2012-12-04,2.90,2.90,2.90,2.90,000,2.90
2012-12-03,2.90,2.90,2.90,2.90,000,2.90
2012-11-30,2.90,2.90,2.90,2.90,000,2.90
2012-11-29,2.90,2.90,2.90,2.90,000,2.90
2012-11-28,2.90,2.90,2.90,2.90,000,2.90
2012-11-27,2.90,2.90,2.90,2.90,000,2.90
2012-11-26,2.90,2.90,2.90,2.90,000,2.90
2012-11-23,2.90,2.90,2.90,2.90,000,2.90
2012-11-21,2.90,2.90,2.90,2.90,000,2.90
2012-11-20,2.25,2.90,2.25,2.90,20100,2.90
2012-11-19,2.99,2.99,2.99,2.99,000,2.99
2012-11-16,2.99,2.99,2.99,2.99,000,2.99
2012-11-15,2.99,2.99,2.99,2.99,000,2.99
2012-11-14,2.99,2.99,2.99,2.99,000,2.99
2012-11-13,2.99,2.99,2.99,2.99,000,2.99
2012-11-12,2.99,2.99,2.99,2.99,000,2.99
2012-11-09,2.99,2.99,2.99,2.99,000,2.99
2012-11-08,2.99,2.99,2.99,2.99,000,2.99
2012-11-07,2.99,2.99,2.99,2.99,000,2.99
2012-11-06,2.99,2.99,2.99,2.99,000,2.99
2012-11-05,2.99,2.99,2.99,2.99,000,2.99
2012-11-02,2.99,2.99,2.99,2.99,000,2.99
2012-11-01,2.99,2.99,2.99,2.99,1000,2.99
2012-10-31,2.05,2.05,2.05,2.05,26500,2.05
2012-10-26,2.05,2.05,2.05,2.05,000,2.05
2012-10-25,2.05,2.05,2.05,2.05,000,2.05
2012-10-24,2.05,2.05,2.05,2.05,000,2.05
2012-10-23,2.05,2.05,2.05,2.05,000,2.05
2012-10-22,2.05,2.05,2.05,2.05,000,2.05
2012-10-19,2.05,2.05,2.05,2.05,000,2.05
2012-10-18,2.05,2.05,2.05,2.05,000,2.05
2012-10-17,2.05,2.05,2.05,2.05,000,2.05
2012-10-16,2.05,2.05,2.05,2.05,000,2.05
2012-10-15,2.05,2.05,2.05,2.05,1800,2.05
2012-10-12,2.25,2.25,2.25,2.25,000,2.25
2012-10-11,2.25,2.25,2.25,2.25,000,2.25
2012-10-10,2.25,2.25,2.25,2.25,000,2.25
2012-10-09,2.25,2.25,2.25,2.25,000,2.25
2012-10-08,2.25,2.25,2.25,2.25,200,2.25
2012-10-05,2.25,2.25,2.25,2.25,5000,2.25
2012-10-04,3.00,3.00,3.00,3.00,000,3.00
2012-10-03,3.00,3.00,3.00,3.00,000,3.00
2012-10-02,3.00,3.00,3.00,3.00,000,3.00
2012-10-01,3.00,3.00,3.00,3.00,000,3.00
2012-09-28,3.00,3.00,3.00,3.00,000,3.00
2012-09-27,3.00,3.00,3.00,3.00,000,3.00
2012-09-26,3.00,3.00,3.00,3.00,000,3.00
2012-09-25,3.00,3.00,3.00,3.00,000,3.00
2012-09-24,3.00,3.00,3.00,3.00,000,3.00
2012-09-21,3.00,3.00,3.00,3.00,000,3.00
2012-09-20,3.00,3.00,3.00,3.00,000,3.00
2012-09-19,3.00,3.00,3.00,3.00,000,3.00
2012-09-18,3.00,3.00,3.00,3.00,000,3.00
2012-09-17,3.00,3.00,3.00,3.00,1000,3.00
2012-09-14,2.85,2.85,2.85,2.85,000,2.85
2012-09-13,2.50,2.85,2.50,2.85,5200,2.85
2012-09-12,2.50,2.50,2.50,2.50,000,2.50
2012-09-11,2.50,2.50,2.50,2.50,000,2.50
2012-09-10,2.50,2.50,2.50,2.50,000,2.50
2012-09-07,2.50,2.50,2.50,2.50,000,2.50
2012-09-06,2.50,2.50,2.50,2.50,000,2.50
2012-09-05,2.50,2.50,2.50,2.50,000,2.50
2012-09-04,2.50,2.50,2.50,2.50,000,2.50
2012-08-31,2.50,2.50,2.50,2.50,000,2.50
2012-08-30,2.50,2.50,2.50,2.50,000,2.50
2012-08-29,2.50,2.50,2.50,2.50,000,2.50
2012-08-28,2.50,2.50,2.50,2.50,000,2.50
2012-08-27,2.50,2.50,2.50,2.50,7000,2.50
2012-08-24,2.50,2.50,2.50,2.50,000,2.50
2012-08-23,2.50,2.50,2.50,2.50,000,2.50
2012-08-22,2.50,2.50,2.50,2.50,000,2.50
2012-08-21,2.50,2.50,2.50,2.50,5000,2.50
2012-08-20,2.50,2.50,2.50,2.50,10000,2.50
2012-08-17,2.50,2.50,2.50,2.50,700,2.50
2012-08-16,2.40,3.00,1.80,2.04,122800,2.04
2012-08-15,2.40,2.40,2.40,2.40,000,2.40
2012-08-14,2.40,2.40,2.40,2.40,000,2.40
2012-08-13,2.40,2.40,2.40,2.40,000,2.40
2012-08-10,2.40,2.40,2.40,2.40,000,2.40
2012-08-09,2.40,2.40,2.40,2.40,000,2.40
2012-08-08,2.40,2.40,2.40,2.40,000,2.40
2012-08-07,2.40,2.40,2.40,2.40,000,2.40
2012-08-06,2.40,2.40,2.40,2.40,000,2.40
2012-08-03,2.40,2.40,2.40,2.40,000,2.40
2012-08-02,2.40,2.40,2.40,2.40,000,2.40
2012-08-01,2.40,2.40,2.40,2.40,000,2.40
2012-07-31,2.40,2.40,2.40,2.40,000,2.40
2012-07-30,2.40,2.40,2.40,2.40,000,2.40
2012-07-27,2.40,2.40,2.40,2.40,000,2.40
2012-07-26,2.40,2.40,2.40,2.40,000,2.40
2012-07-25,2.40,2.40,2.40,2.40,000,2.40
2012-07-24,2.40,2.40,2.40,2.40,000,2.40
2012-07-23,2.50,2.50,2.40,2.40,2000,2.40
2012-07-20,3.49,3.49,3.49,3.49,000,3.49
2012-07-19,3.49,3.49,3.49,3.49,000,3.49
2012-07-18,3.49,3.49,3.49,3.49,000,3.49
2012-07-17,3.49,3.49,3.49,3.49,000,3.49
2012-07-16,3.49,3.49,3.49,3.49,000,3.49
2012-07-13,3.49,3.49,3.49,3.49,000,3.49
2012-07-12,3.49,3.49,3.49,3.49,000,3.49
2012-07-11,3.49,3.49,3.49,3.49,000,3.49
2012-07-10,3.49,3.49,3.49,3.49,000,3.49
2012-07-09,3.49,3.49,3.49,3.49,000,3.49
2012-07-06,3.49,3.49,3.49,3.49,000,3.49
2012-07-05,3.49,3.49,3.49,3.49,000,3.49
2012-07-03,3.49,3.49,3.49,3.49,000,3.49
2012-07-02,3.49,3.49,3.49,3.49,000,3.49
2012-06-29,3.49,3.49,3.49,3.49,100,3.49
2012-06-28,2.50,2.50,2.50,2.50,000,2.50
2012-06-27,2.50,2.50,2.50,2.50,000,2.50
2012-06-26,2.50,2.50,2.50,2.50,000,2.50
2012-06-25,2.50,2.50,2.50,2.50,000,2.50
2012-06-22,2.50,2.50,2.50,2.50,000,2.50
2012-06-21,2.50,2.50,2.50,2.50,000,2.50
2012-06-20,2.50,2.50,2.50,2.50,000,2.50
2012-06-19,2.50,2.50,2.50,2.50,000,2.50
2012-06-18,2.50,2.50,2.50,2.50,000,2.50
2012-06-15,2.50,2.50,2.50,2.50,000,2.50
2012-06-14,2.50,2.50,2.50,2.50,000,2.50
2012-06-13,2.50,2.50,2.50,2.50,000,2.50
2012-06-12,2.50,2.50,2.50,2.50,000,2.50
2012-06-11,2.50,2.50,2.50,2.50,000,2.50
2012-06-08,2.50,2.50,2.50,2.50,000,2.50
2012-06-07,2.50,2.50,2.50,2.50,000,2.50
2012-06-06,2.50,2.50,2.50,2.50,000,2.50
2012-06-05,2.50,2.50,2.50,2.50,000,2.50
2012-06-04,2.50,2.50,2.50,2.50,000,2.50
2012-06-01,2.50,2.50,2.50,2.50,000,2.50
2012-05-31,2.50,2.50,2.50,2.50,000,2.50
2012-05-30,2.50,2.50,2.50,2.50,000,2.50
2012-05-29,2.50,2.50,2.50,2.50,000,2.50
2012-05-25,2.50,2.50,2.50,2.50,000,2.50
2012-05-24,2.50,2.50,2.50,2.50,000,2.50
2012-05-23,2.50,2.50,2.50,2.50,000,2.50
2012-05-22,2.50,2.50,2.50,2.50,000,2.50
2012-05-21,2.50,2.50,2.50,2.50,000,2.50
2012-05-18,2.50,2.50,2.50,2.50,000,2.50
2012-05-17,2.50,2.50,2.50,2.50,000,2.50
2012-05-16,2.50,2.50,2.50,2.50,000,2.50
2012-05-15,2.50,2.50,2.50,2.50,000,2.50
2012-05-14,2.50,2.50,2.50,2.50,000,2.50
2012-05-11,2.60,2.60,2.50,2.50,3000,2.50
2012-05-10,3.25,3.25,3.25,3.25,000,3.25
2012-05-09,3.25,3.25,3.25,3.25,000,3.25
2012-05-08,3.25,3.25,3.25,3.25,000,3.25
2012-05-07,3.25,3.25,3.25,3.25,000,3.25
2012-05-04,3.25,3.25,3.25,3.25,000,3.25
2012-05-03,3.25,3.25,3.25,3.25,000,3.25
2012-05-02,3.25,3.25,3.25,3.25,5000,3.25
2012-05-01,3.50,3.50,3.50,3.50,000,3.50
2012-04-30,3.50,3.50,3.50,3.50,000,3.50
2012-04-27,3.50,3.50,3.50,3.50,000,3.50
2012-04-26,3.50,3.50,3.50,3.50,000,3.50
2012-04-25,3.50,3.50,3.50,3.50,000,3.50
2012-04-24,3.50,3.50,3.50,3.50,000,3.50
2012-04-23,3.50,3.50,3.50,3.50,000,3.50
2012-04-20,3.50,3.50,3.50,3.50,000,3.50
2012-04-19,3.50,3.50,3.50,3.50,1000,3.50
2012-04-18,3.00,3.00,3.00,3.00,000,3.00
2012-04-17,3.00,3.00,3.00,3.00,000,3.00
2012-04-16,3.00,3.00,3.00,3.00,000,3.00
2012-04-13,3.00,3.00,3.00,3.00,000,3.00
2012-04-12,3.00,3.00,3.00,3.00,000,3.00
2012-04-11,3.00,3.00,3.00,3.00,5000,3.00
2012-04-10,3.00,3.00,2.99,3.00,21800,3.00
2012-04-09,2.75,2.75,2.75,2.75,000,2.75
2012-04-05,2.75,2.75,2.75,2.75,000,2.75
2012-04-04,2.75,2.75,2.75,2.75,000,2.75
2012-04-03,2.75,2.75,2.75,2.75,000,2.75
2012-04-02,2.75,2.75,2.75,2.75,000,2.75
2012-03-30,2.75,2.75,2.75,2.75,000,2.75
2012-03-29,2.75,2.75,2.75,2.75,000,2.75
2012-03-28,2.75,2.75,2.75,2.75,000,2.75
2012-03-27,2.75,2.75,2.75,2.75,000,2.75
2012-03-26,2.75,2.75,2.75,2.75,000,2.75
2012-03-23,2.75,2.75,2.75,2.75,000,2.75
2012-03-22,2.75,2.75,2.75,2.75,000,2.75
2012-03-21,2.75,2.75,2.75,2.75,13600,2.75
2012-03-20,3.00,3.00,3.00,3.00,000,3.00
2012-03-19,3.00,3.00,3.00,3.00,000,3.00
2012-03-16,3.00,3.00,3.00,3.00,000,3.00
2012-03-15,3.00,3.00,3.00,3.00,000,3.00
2012-03-14,3.00,3.00,3.00,3.00,000,3.00
2012-03-13,3.00,3.00,3.00,3.00,000,3.00
2012-03-12,3.00,3.00,3.00,3.00,000,3.00
2012-03-09,3.00,3.00,3.00,3.00,000,3.00
2012-03-08,3.00,3.00,3.00,3.00,000,3.00
2012-03-07,3.00,3.00,3.00,3.00,000,3.00
2012-03-06,3.00,3.00,3.00,3.00,000,3.00
2012-03-05,3.00,3.00,3.00,3.00,000,3.00
2012-03-02,3.00,3.00,3.00,3.00,000,3.00
2012-03-01,3.00,3.00,3.00,3.00,000,3.00
2012-02-29,3.00,3.00,3.00,3.00,000,3.00
2012-02-28,3.00,3.00,3.00,3.00,000,3.00
2012-02-27,3.00,3.00,3.00,3.00,000,3.00
2012-02-24,3.00,3.00,3.00,3.00,000,3.00
2012-02-23,3.00,3.00,3.00,3.00,100,3.00
2012-02-22,2.55,2.55,2.55,2.55,000,2.55
2012-02-21,2.55,2.55,2.55,2.55,000,2.55
2012-02-17,2.55,2.55,2.55,2.55,000,2.55
2012-02-16,2.55,2.55,2.55,2.55,000,2.55
2012-02-15,2.55,2.55,2.55,2.55,000,2.55
2012-02-14,2.55,2.55,2.55,2.55,000,2.55
2012-02-13,2.55,2.55,2.55,2.55,000,2.55
2012-02-10,2.55,2.55,2.55,2.55,000,2.55
2012-02-09,2.55,2.55,2.55,2.55,000,2.55
2012-02-08,2.55,2.55,2.55,2.55,000,2.55
2012-02-07,2.55,2.55,2.55,2.55,000,2.55
2012-02-06,2.55,2.55,2.55,2.55,000,2.55
2012-02-03,2.55,2.55,2.55,2.55,000,2.55
2012-02-02,2.55,2.55,2.55,2.55,000,2.55
2012-02-01,2.55,2.55,2.55,2.55,000,2.55
2012-01-31,2.55,2.55,2.55,2.55,000,2.55
2012-01-30,2.55,2.55,2.55,2.55,000,2.55
2012-01-27,2.55,2.55,2.55,2.55,000,2.55
2012-01-26,2.55,2.55,2.55,2.55,000,2.55
2012-01-25,2.55,2.55,2.55,2.55,000,2.55
2012-01-24,2.55,2.55,2.55,2.55,000,2.55
2012-01-23,2.55,2.55,2.55,2.55,000,2.55
2012-01-20,2.55,2.55,2.55,2.55,000,2.55
2012-01-19,2.55,2.55,2.55,2.55,000,2.55
2012-01-18,2.55,2.55,2.55,2.55,000,2.55
2012-01-17,2.55,2.55,2.55,2.55,1500,2.55
2012-01-13,2.60,2.60,2.60,2.60,000,2.60
2012-01-12,2.60,2.60,2.60,2.60,500,2.60
2012-01-11,2.90,2.90,2.90,2.90,000,2.90
2012-01-10,2.90,2.90,2.90,2.90,000,2.90
2012-01-09,2.90,2.90,2.90,2.90,000,2.90
2012-01-06,2.90,2.90,2.90,2.90,000,2.90
2012-01-05,2.90,2.90,2.90,2.90,000,2.90
2012-01-04,2.90,2.90,2.90,2.90,000,2.90
2012-01-03,2.90,2.90,2.90,2.90,000,2.90
2011-12-30,2.90,2.90,2.90,2.90,300,2.90
2011-12-29,2.40,2.40,2.40,2.40,000,2.40
2011-12-28,2.40,2.40,2.40,2.40,000,2.40
2011-12-27,2.40,2.40,2.40,2.40,000,2.40
2011-12-23,2.40,2.40,2.40,2.40,000,2.40
2011-12-22,2.40,2.40,2.40,2.40,100,2.40
2011-12-21,2.65,2.65,2.65,2.65,13600,2.65
2011-12-20,2.45,2.45,2.45,2.45,000,2.45
2011-12-19,2.45,2.45,2.45,2.45,000,2.45
2011-12-16,2.45,2.45,2.45,2.45,2500,2.45
2011-12-15,2.51,2.51,2.51,2.51,000,2.51
2011-12-14,2.51,2.51,2.51,2.51,000,2.51
2011-12-13,2.51,2.51,2.51,2.51,000,2.51
2011-12-12,2.51,2.51,2.51,2.51,000,2.51
2011-12-09,2.51,2.51,2.51,2.51,000,2.51
2011-12-08,2.51,2.51,2.51,2.51,000,2.51
2011-12-07,2.51,2.51,2.51,2.51,000,2.51
2011-12-06,2.51,2.51,2.51,2.51,000,2.51
2011-12-05,2.51,2.51,2.51,2.51,000,2.51
2011-12-02,2.51,2.51,2.50,2.51,8000,2.51
2011-12-01,2.65,2.65,2.51,2.51,3000,2.51
2011-11-30,2.65,2.65,2.65,2.65,000,2.65
2011-11-29,2.65,2.65,2.65,2.65,000,2.65
2011-11-28,2.65,2.65,2.65,2.65,000,2.65
2011-11-25,2.65,2.65,2.65,2.65,000,2.65
2011-11-23,2.65,2.65,2.65,2.65,000,2.65
2011-11-22,2.65,2.65,2.65,2.65,000,2.65
2011-11-21,2.75,2.76,2.65,2.65,4100,2.65
2011-11-18,2.76,2.76,2.76,2.76,000,2.76
2011-11-17,2.76,2.76,2.76,2.76,000,2.76
2011-11-16,2.76,2.76,2.76,2.76,500,2.76
2011-11-15,2.76,2.76,2.76,2.76,000,2.76
2011-11-14,2.76,2.76,2.76,2.76,000,2.76
2011-11-11,2.76,2.76,2.76,2.76,000,2.76
2011-11-10,2.76,2.76,2.76,2.76,000,2.76
2011-11-09,3.00,3.00,2.76,2.76,1000,2.76
2011-11-08,3.00,3.00,3.00,3.00,000,3.00
2011-11-07,3.00,3.00,3.00,3.00,000,3.00
2011-11-04,3.00,3.00,3.00,3.00,000,3.00
2011-11-03,3.00,3.00,3.00,3.00,000,3.00
2011-11-02,3.00,3.00,3.00,3.00,000,3.00
2011-11-01,3.00,3.00,3.00,3.00,000,3.00
2011-10-31,3.00,3.00,3.00,3.00,1500,3.00
2011-10-28,3.10,3.10,3.10,3.10,200,3.10
2011-10-27,3.00,3.00,3.00,3.00,000,3.00
2011-10-26,3.00,3.00,3.00,3.00,000,3.00
2011-10-25,3.00,3.00,3.00,3.00,000,3.00
2011-10-24,3.02,3.02,3.00,3.00,2000,3.00
2011-10-21,3.10,3.10,3.10,3.10,000,3.10
2011-10-20,3.10,3.10,3.10,3.10,000,3.10
2011-10-19,3.10,3.10,3.10,3.10,000,3.10
2011-10-18,3.10,3.10,3.10,3.10,000,3.10
2011-10-17,3.10,3.10,3.10,3.10,000,3.10
2011-10-14,3.10,3.10,3.10,3.10,000,3.10
2011-10-13,3.10,3.10,3.10,3.10,000,3.10
2011-10-12,3.10,3.10,3.10,3.10,000,3.10
2011-10-11,3.10,3.10,3.10,3.10,000,3.10
2011-10-10,3.10,3.10,3.10,3.10,000,3.10
2011-10-07,3.10,3.10,3.10,3.10,000,3.10
2011-10-06,3.10,3.10,3.10,3.10,000,3.10
2011-10-05,3.10,3.10,3.10,3.10,000,3.10
2011-10-04,3.10,3.10,3.10,3.10,000,3.10
2011-10-03,3.10,3.10,3.10,3.10,000,3.10
2011-09-30,3.10,3.10,3.10,3.10,000,3.10
2011-09-29,3.10,3.10,3.10,3.10,000,3.10
2011-09-28,3.10,3.10,3.10,3.10,000,3.10
2011-09-27,3.10,3.10,3.10,3.10,000,3.10
2011-09-26,3.10,3.10,3.10,3.10,3400,3.10
2011-09-23,3.25,3.25,3.25,3.25,000,3.25
2011-09-22,3.25,3.25,3.25,3.25,000,3.25
2011-09-21,3.25,3.25,3.25,3.25,000,3.25
2011-09-20,3.25,3.25,3.25,3.25,000,3.25
2011-09-19,3.25,3.25,3.25,3.25,000,3.25
2011-09-16,3.25,3.25,3.25,3.25,000,3.25
2011-09-15,3.25,3.25,3.25,3.25,000,3.25
2011-09-14,3.25,3.25,3.25,3.25,000,3.25
2011-09-13,3.25,3.25,3.25,3.25,000,3.25
2011-09-12,3.25,3.25,3.25,3.25,000,3.25
2011-09-09,3.25,3.25,3.25,3.25,000,3.25
2011-09-08,3.25,3.25,3.25,3.25,000,3.25
2011-09-07,3.25,3.25,3.25,3.25,000,3.25
2011-09-06,3.25,3.25,3.25,3.25,000,3.25
2011-09-02,3.25,3.25,3.25,3.25,000,3.25
2011-09-01,3.25,3.25,3.25,3.25,000,3.25
2011-08-31,3.25,3.25,3.25,3.25,000,3.25
2011-08-30,3.25,3.25,3.25,3.25,000,3.25
2011-08-29,3.25,3.25,3.25,3.25,000,3.25
2011-08-26,3.25,3.25,3.25,3.25,000,3.25
2011-08-25,3.25,3.25,3.25,3.25,000,3.25
2011-08-24,3.25,3.25,3.25,3.25,000,3.25
2011-08-23,3.25,3.25,3.25,3.25,000,3.25
2011-08-22,3.25,3.25,3.25,3.25,000,3.25
2011-08-19,3.25,3.25,3.25,3.25,000,3.25
2011-08-18,3.25,3.25,3.25,3.25,000,3.25
2011-08-17,3.25,3.25,3.25,3.25,000,3.25
2011-08-16,3.25,3.25,3.25,3.25,000,3.25
2011-08-15,3.25,3.25,3.25,3.25,000,3.25
2011-08-12,3.25,3.25,3.25,3.25,000,3.25
2011-08-11,3.25,3.25,3.25,3.25,000,3.25
2011-08-10,3.25,3.25,3.25,3.25,000,3.25
2011-08-09,3.25,3.25,3.25,3.25,000,3.25
2011-08-08,3.25,3.25,3.25,3.25,000,3.25
2011-08-05,3.25,3.25,3.25,3.25,000,3.25
2011-08-04,3.25,3.25,3.25,3.25,000,3.25
2011-08-03,3.25,3.25,3.25,3.25,000,3.25
2011-08-02,3.25,3.25,3.25,3.25,000,3.25
2011-08-01,3.25,3.25,3.25,3.25,000,3.25
2011-07-29,3.25,3.25,3.25,3.25,000,3.25
2011-07-28,3.25,3.25,3.25,3.25,000,3.25
2011-07-27,3.25,3.25,3.25,3.25,000,3.25
2011-07-26,3.25,3.25,3.25,3.25,000,3.25
2011-07-25,3.25,3.25,3.25,3.25,000,3.25
2011-07-22,3.25,3.25,3.25,3.25,000,3.25
2011-07-21,3.25,3.25,3.25,3.25,000,3.25
2011-07-20,3.25,3.25,3.25,3.25,000,3.25
2011-07-19,3.25,3.25,3.25,3.25,000,3.25
2011-07-18,3.25,3.25,3.25,3.25,000,3.25
2011-07-15,3.25,3.25,3.25,3.25,000,3.25
2011-07-14,3.25,3.25,3.25,3.25,000,3.25
2011-07-13,3.25,3.25,3.25,3.25,000,3.25
2011-07-12,3.25,3.25,3.25,3.25,000,3.25
2011-07-11,3.25,3.25,3.25,3.25,000,3.25
2011-07-08,3.25,3.25,3.25,3.25,000,3.25
2011-07-07,3.25,3.25,3.25,3.25,000,3.25
2011-07-06,3.24,3.25,3.24,3.25,5200,3.25
2011-07-05,3.25,3.25,3.25,3.25,000,3.25
2011-07-01,3.25,3.25,3.25,3.25,000,3.25
2011-06-30,3.25,3.25,3.25,3.25,000,3.25
2011-06-29,3.25,3.25,3.25,3.25,000,3.25
2011-06-28,3.25,3.25,3.25,3.25,000,3.25
2011-06-27,3.25,3.25,3.25,3.25,000,3.25
2011-06-24,3.25,3.25,3.25,3.25,000,3.25
2011-06-23,3.25,3.25,3.25,3.25,000,3.25
2011-06-22,3.25,3.25,3.25,3.25,000,3.25
2011-06-21,3.25,3.25,3.25,3.25,900,3.25
2011-06-20,3.25,3.25,3.25,3.25,000,3.25
2011-06-17,3.26,3.26,3.25,3.25,3100,3.25
2011-06-16,3.25,3.25,3.25,3.25,000,3.25
2011-06-15,3.25,3.25,3.25,3.25,000,3.25
2011-06-14,3.25,3.25,3.25,3.25,000,3.25
2011-06-13,3.25,3.25,3.25,3.25,000,3.25
2011-06-10,3.25,3.25,3.25,3.25,000,3.25
2011-06-09,3.25,3.25,3.25,3.25,000,3.25
2011-06-08,3.25,3.25,3.25,3.25,000,3.25
2011-06-07,3.25,3.25,3.25,3.25,000,3.25
2011-06-06,3.25,3.25,3.25,3.25,000,3.25
2011-06-03,3.25,3.25,3.25,3.25,000,3.25
2011-06-02,3.25,3.25,3.25,3.25,000,3.25
2011-06-01,3.25,3.25,3.25,3.25,000,3.25
2011-05-31,3.75,3.75,3.25,3.25,900,3.25
2011-05-27,3.75,3.75,3.75,3.75,000,3.75
2011-05-26,3.75,3.75,3.75,3.75,000,3.75
2011-05-25,3.75,3.75,3.75,3.75,000,3.75
2011-05-24,3.75,3.75,3.75,3.75,1000,3.75
2011-05-23,4.25,4.25,4.25,4.25,400,4.25
2011-05-20,3.75,3.75,3.75,3.75,000,3.75
2011-05-19,3.75,3.75,3.75,3.75,000,3.75
2011-05-18,3.75,3.75,3.75,3.75,000,3.75
2011-05-17,3.75,3.75,3.75,3.75,000,3.75
2011-05-16,3.75,3.75,3.75,3.75,000,3.75
2011-05-13,3.75,3.75,3.75,3.75,000,3.75
2011-05-12,3.75,3.75,3.75,3.75,000,3.75
2011-05-11,3.75,3.75,3.75,3.75,000,3.75
2011-05-10,3.75,3.75,3.75,3.75,000,3.75
2011-05-09,3.75,3.75,3.75,3.75,000,3.75
2011-05-06,3.75,3.75,3.75,3.75,000,3.75
2011-05-05,3.75,3.75,3.75,3.75,000,3.75
2011-05-04,3.75,3.75,3.75,3.75,000,3.75
2011-05-03,3.75,3.75,3.75,3.75,000,3.75
2011-05-02,3.75,3.75,3.75,3.75,000,3.75
2011-04-29,3.75,3.75,3.75,3.75,000,3.75
2011-04-28,3.75,3.75,3.75,3.75,000,3.75
2011-04-27,3.75,3.75,3.75,3.75,000,3.75
2011-04-26,3.75,3.75,3.75,3.75,000,3.75
2011-04-25,3.75,3.75,3.75,3.75,000,3.75
2011-04-21,3.75,3.75,3.75,3.75,000,3.75
2011-04-20,3.75,3.75,3.75,3.75,000,3.75
2011-04-19,3.75,3.75,3.75,3.75,000,3.75
2011-04-18,3.75,3.75,3.75,3.75,000,3.75
2011-04-15,3.75,3.75,3.75,3.75,000,3.75
2011-04-14,3.75,3.75,3.75,3.75,1000,3.75
2011-04-13,3.25,3.75,3.25,3.75,4800,3.75
2011-04-12,3.75,3.75,3.75,3.75,000,3.75
2011-04-11,3.75,3.75,3.75,3.75,100,3.75
2011-04-08,3.80,3.80,3.80,3.80,000,3.80
2011-04-07,3.80,3.80,3.80,3.80,1000,3.80
2011-04-06,3.30,3.30,3.30,3.30,000,3.30
2011-04-05,3.30,3.30,3.30,3.30,700,3.30
2011-04-04,3.25,3.25,3.25,3.25,000,3.25
2011-04-01,3.25,3.25,3.25,3.25,000,3.25
2011-03-31,3.25,3.25,3.25,3.25,000,3.25
2011-03-30,3.25,3.25,3.25,3.25,000,3.25
2011-03-29,3.25,3.25,3.25,3.25,000,3.25
2011-03-28,3.25,3.25,3.25,3.25,000,3.25
2011-03-25,3.25,3.25,3.25,3.25,000,3.25
2011-03-24,3.25,3.25,3.25,3.25,000,3.25
2011-03-23,3.25,3.25,3.25,3.25,000,3.25
2011-03-22,3.25,3.25,3.25,3.25,000,3.25
2011-03-21,3.25,3.25,3.25,3.25,000,3.25
2011-03-18,3.25,3.25,3.25,3.25,000,3.25
2011-03-17,3.25,3.25,3.25,3.25,4500,3.25
2011-03-16,3.75,3.75,3.75,3.75,000,3.75
2011-03-15,3.75,3.75,3.75,3.75,500,3.75
2011-03-14,3.75,3.75,3.75,3.75,000,3.75
2011-03-11,3.75,3.75,3.75,3.75,000,3.75
2011-03-10,3.75,3.75,3.75,3.75,300,3.75
2011-03-09,3.75,3.75,3.75,3.75,000,3.75
2011-03-08,3.75,3.75,3.75,3.75,000,3.75
2011-03-07,3.75,3.75,3.75,3.75,000,3.75
2011-03-04,3.75,3.75,3.75,3.75,000,3.75
2011-03-03,3.75,3.75,3.75,3.75,000,3.75
2011-03-02,3.75,3.75,3.75,3.75,1000,3.75
2011-03-01,3.75,3.75,3.75,3.75,000,3.75
2011-02-28,3.75,3.75,3.75,3.75,000,3.75
2011-02-25,3.75,3.75,3.75,3.75,000,3.75
2011-02-24,3.75,3.75,3.75,3.75,000,3.75
2011-02-23,3.75,3.75,3.75,3.75,000,3.75
2011-02-22,3.75,3.75,3.75,3.75,000,3.75
2011-02-18,3.75,3.75,3.75,3.75,000,3.75
2011-02-17,3.75,3.75,3.75,3.75,5000,3.75
2011-02-16,4.00,4.00,4.00,4.00,000,4.00
2011-02-15,4.00,4.00,4.00,4.00,1000,4.00
2011-02-14,4.00,4.00,4.00,4.00,000,4.00
2011-02-11,4.00,4.00,3.75,4.00,7700,4.00
2011-02-10,3.75,3.75,3.75,3.75,000,3.75
2011-02-09,3.75,3.75,3.75,3.75,000,3.75
2011-02-08,3.75,3.75,3.75,3.75,000,3.75
2011-02-07,3.75,3.75,3.75,3.75,3600,3.75
2011-02-04,3.75,3.75,3.75,3.75,000,3.75
2011-02-03,3.75,3.75,3.75,3.75,000,3.75
2011-02-02,3.75,3.75,3.75,3.75,000,3.75
2011-02-01,3.75,3.75,3.75,3.75,5000,3.75
2011-01-31,3.75,3.75,3.75,3.75,000,3.75
2011-01-28,3.75,3.75,3.75,3.75,1000,3.75
2011-01-27,3.75,3.75,3.75,3.75,000,3.75
2011-01-26,3.75,3.75,3.75,3.75,000,3.75
2011-01-25,3.75,3.75,3.75,3.75,000,3.75
2011-01-24,3.75,4.00,3.75,3.75,4800,3.75
2011-01-21,3.75,3.75,3.75,3.75,000,3.75
2011-01-20,3.75,3.75,3.75,3.75,000,3.75
2011-01-19,3.75,3.75,3.75,3.75,000,3.75
2011-01-18,3.75,3.75,3.75,3.75,000,3.75
2011-01-14,3.75,3.75,3.75,3.75,000,3.75
2011-01-13,3.75,3.75,3.75,3.75,2000,3.75
2011-01-12,3.75,3.75,3.75,3.75,000,3.75
2011-01-11,3.75,3.75,3.75,3.75,000,3.75
2011-01-10,3.75,3.75,3.75,3.75,000,3.75
2011-01-07,3.75,3.75,3.75,3.75,000,3.75
2011-01-06,3.75,3.75,3.75,3.75,000,3.75
2011-01-05,3.75,3.75,3.75,3.75,000,3.75
2011-01-04,3.75,3.75,3.75,3.75,500,3.75
2011-01-03,3.00,3.00,3.00,3.00,000,3.00
2010-12-31,3.00,3.00,3.00,3.00,000,3.00
2010-12-30,3.00,3.00,3.00,3.00,000,3.00
2010-12-29,3.00,3.00,3.00,3.00,000,3.00
2010-12-28,3.00,3.00,3.00,3.00,000,3.00
2010-12-27,3.00,3.00,3.00,3.00,000,3.00
2010-12-23,3.00,3.00,3.00,3.00,000,3.00
2010-12-22,3.00,3.00,3.00,3.00,400,3.00
2010-12-21,3.00,3.00,3.00,3.00,000,3.00
2010-12-20,3.00,3.00,3.00,3.00,000,3.00
2010-12-17,3.00,3.00,3.00,3.00,000,3.00
2010-12-16,3.00,3.00,3.00,3.00,000,3.00
2010-12-15,3.00,3.00,3.00,3.00,000,3.00
2010-12-14,3.00,3.00,3.00,3.00,000,3.00
2010-12-13,3.00,3.00,3.00,3.00,000,3.00
2010-12-10,3.00,3.00,3.00,3.00,000,3.00
2010-12-09,3.00,3.00,3.00,3.00,000,3.00
2010-12-08,3.00,3.00,3.00,3.00,500,3.00
2010-12-07,3.00,3.00,3.00,3.00,000,3.00
2010-12-06,3.00,3.00,3.00,3.00,000,3.00
2010-12-03,3.00,3.00,3.00,3.00,000,3.00
2010-12-02,3.00,3.00,3.00,3.00,000,3.00
2010-12-01,3.00,3.00,3.00,3.00,000,3.00
2010-11-30,3.00,3.00,3.00,3.00,000,3.00
2010-11-29,3.00,3.00,3.00,3.00,000,3.00
2010-11-26,3.00,3.00,3.00,3.00,000,3.00
2010-11-24,3.00,3.00,3.00,3.00,000,3.00
2010-11-23,3.00,3.00,3.00,3.00,000,3.00
2010-11-22,3.00,3.00,3.00,3.00,000,3.00
2010-11-19,3.00,3.00,3.00,3.00,000,3.00
2010-11-18,3.00,3.00,3.00,3.00,000,3.00
2010-11-17,3.00,3.00,3.00,3.00,000,3.00
2010-11-16,3.00,3.00,3.00,3.00,000,3.00
2010-11-15,3.00,3.00,3.00,3.00,000,3.00
2010-11-12,3.00,3.00,3.00,3.00,000,3.00
2010-11-11,3.00,3.00,3.00,3.00,500,3.00
2010-11-10,2.80,2.80,2.80,2.80,000,2.80
2010-11-09,2.80,2.80,2.80,2.80,1000,2.80
2010-11-08,3.00,3.00,3.00,3.00,000,3.00
2010-11-05,3.00,3.00,3.00,3.00,000,3.00
2010-11-04,3.00,3.00,3.00,3.00,000,3.00
2010-11-03,3.00,3.00,3.00,3.00,000,3.00
2010-11-02,3.00,3.00,3.00,3.00,000,3.00
2010-11-01,3.00,3.00,3.00,3.00,000,3.00
2010-10-29,3.00,3.00,3.00,3.00,400,3.00
2010-10-28,3.00,3.00,3.00,3.00,800,3.00
2010-10-27,3.00,3.00,3.00,3.00,000,3.00
2010-10-26,3.00,3.00,3.00,3.00,000,3.00
2010-10-25,3.00,3.00,3.00,3.00,000,3.00
2010-10-22,3.00,3.00,3.00,3.00,000,3.00
2010-10-21,3.00,3.00,3.00,3.00,000,3.00
2010-10-20,3.00,3.00,3.00,3.00,300,3.00
2010-10-19,3.50,3.50,3.50,3.50,000,3.50
2010-10-18,3.50,3.50,3.50,3.50,000,3.50
2010-10-15,3.50,3.50,3.50,3.50,1500,3.50
2010-10-14,3.50,3.50,3.50,3.50,000,3.50
2010-10-13,3.50,3.50,3.50,3.50,000,3.50
2010-10-12,3.50,3.50,3.50,3.50,000,3.50
2010-10-11,3.50,3.50,3.50,3.50,000,3.50
2010-10-08,3.50,3.50,3.50,3.50,000,3.50
2010-10-07,3.50,3.50,3.50,3.50,000,3.50
2010-10-06,3.50,3.50,3.50,3.50,000,3.50
2010-10-05,3.50,3.50,3.50,3.50,1500,3.50
2010-10-04,3.50,3.50,3.50,3.50,000,3.50
2010-10-01,3.50,3.50,3.50,3.50,000,3.50
2010-09-30,3.50,3.50,3.50,3.50,000,3.50
2010-09-29,3.49,3.50,3.49,3.50,1700,3.50
2010-09-28,3.50,3.50,3.50,3.50,000,3.50
2010-09-27,3.50,3.50,3.50,3.50,000,3.50
2010-09-24,3.50,3.50,3.50,3.50,000,3.50
2010-09-23,3.50,3.50,3.50,3.50,000,3.50
2010-09-22,3.50,3.50,3.50,3.50,000,3.50
2010-09-21,3.50,3.50,3.50,3.50,000,3.50
2010-09-20,3.50,6.90,3.50,3.50,1500,3.50
2010-09-17,3.50,3.50,3.50,3.50,000,3.50
2010-09-16,3.50,3.50,3.50,3.50,000,3.50
2010-09-15,3.50,3.50,3.50,3.50,000,3.50
2010-09-14,3.50,3.50,3.50,3.50,000,3.50
2010-09-13,3.50,3.50,3.50,3.50,000,3.50
2010-09-10,3.50,3.50,3.50,3.50,000,3.50
2010-09-09,3.50,3.50,3.50,3.50,000,3.50
2010-09-08,3.50,3.50,3.50,3.50,000,3.50
2010-09-07,3.50,3.50,3.50,3.50,000,3.50
2010-09-03,3.50,3.50,3.50,3.50,000,3.50
2010-09-02,3.50,3.50,3.50,3.50,000,3.50
2010-09-01,3.50,3.50,3.50,3.50,000,3.50
2010-08-31,3.50,3.50,3.50,3.50,000,3.50
2010-08-30,3.50,3.50,3.50,3.50,000,3.50
2010-08-27,3.50,3.50,3.50,3.50,000,3.50
2010-08-26,3.50,3.50,3.50,3.50,000,3.50
2010-08-25,3.50,3.50,3.50,3.50,000,3.50
2010-08-24,3.50,3.50,3.50,3.50,000,3.50
2010-08-23,3.50,3.50,3.50,3.50,000,3.50
2010-08-20,3.50,3.50,3.50,3.50,000,3.50
2010-08-19,3.50,3.50,3.50,3.50,000,3.50
2010-08-18,3.50,3.50,3.50,3.50,000,3.50
2010-08-17,3.50,3.50,3.50,3.50,000,3.50
2010-08-16,3.50,3.50,3.50,3.50,000,3.50
2010-08-13,3.50,3.50,3.50,3.50,000,3.50
2010-08-12,3.50,3.50,3.50,3.50,000,3.50
2010-08-11,3.50,3.50,3.50,3.50,000,3.50
2010-08-10,3.50,3.50,3.50,3.50,000,3.50
2010-08-09,3.50,3.50,3.50,3.50,000,3.50
2010-08-06,3.50,3.50,3.50,3.50,000,3.50
2010-08-05,3.50,3.50,3.50,3.50,000,3.50
2010-08-04,3.50,3.50,3.50,3.50,000,3.50
2010-08-03,3.50,3.50,3.50,3.50,000,3.50
2010-08-02,3.50,3.50,3.50,3.50,000,3.50
2010-07-30,3.50,3.50,3.50,3.50,000,3.50
2010-07-29,3.50,3.50,3.50,3.50,000,3.50
2010-07-28,3.50,3.50,3.50,3.50,000,3.50
2010-07-27,3.50,3.50,3.50,3.50,000,3.50
2010-07-26,3.50,3.50,3.50,3.50,000,3.50
2010-07-23,3.50,3.50,3.50,3.50,000,3.50
2010-07-22,3.50,3.50,3.50,3.50,000,3.50
2010-07-21,3.50,3.50,3.50,3.50,000,3.50
2010-07-20,3.50,3.50,3.50,3.50,000,3.50
2010-07-19,3.50,3.50,3.50,3.50,000,3.50
2010-07-16,3.50,3.50,3.50,3.50,000,3.50
2010-07-15,3.50,3.50,3.50,3.50,000,3.50
2010-07-14,3.25,3.50,3.25,3.50,42300,3.50
2010-07-13,3.65,3.65,3.65,3.65,000,3.65
2010-07-12,3.65,3.65,3.65,3.65,000,3.65
2010-07-09,3.65,3.65,3.65,3.65,000,3.65
2010-07-08,3.65,3.65,3.65,3.65,000,3.65
2010-07-07,3.65,3.65,3.65,3.65,000,3.65
2010-07-06,3.65,3.65,3.65,3.65,000,3.65
2010-07-02,3.65,3.65,3.65,3.65,000,3.65
2010-07-01,3.65,3.65,3.65,3.65,000,3.65
2010-06-30,3.65,3.65,3.65,3.65,200,3.65
2010-06-29,3.10,3.10,3.10,3.10,000,3.10
2010-06-28,3.10,3.10,3.10,3.10,000,3.10
2010-06-25,3.10,3.10,3.10,3.10,000,3.10
2010-06-24,3.10,3.10,3.10,3.10,000,3.10
2010-06-23,3.10,3.10,3.10,3.10,500,3.10
2010-06-22,3.75,3.75,3.75,3.75,000,3.75
2010-06-21,3.75,3.75,3.75,3.75,000,3.75
2010-06-18,3.75,3.75,3.75,3.75,000,3.75
2010-06-17,3.75,3.75,3.75,3.75,000,3.75
2010-06-16,3.75,3.75,3.75,3.75,000,3.75
2010-06-15,3.75,3.75,3.75,3.75,400,3.75
2010-06-14,3.00,3.00,3.00,3.00,000,3.00
2010-06-11,3.00,3.00,3.00,3.00,000,3.00
2010-06-10,3.00,3.00,3.00,3.00,000,3.00
2010-06-09,3.00,3.00,3.00,3.00,000,3.00
2010-06-08,3.00,3.00,3.00,3.00,000,3.00
2010-06-07,3.00,3.00,3.00,3.00,000,3.00
2010-06-04,3.00,3.00,3.00,3.00,000,3.00
2010-06-03,2.50,3.75,2.50,3.00,1700,3.00
2010-06-02,3.50,3.90,2.50,3.90,3800,3.90
2010-06-01,4.00,4.25,4.00,4.25,5400,4.25
2010-05-28,4.00,4.00,4.00,4.00,000,4.00
2010-05-27,4.00,4.00,4.00,4.00,000,4.00
2010-05-26,4.00,4.00,4.00,4.00,000,4.00
2010-05-25,4.00,4.00,4.00,4.00,000,4.00
2010-05-24,4.00,4.00,4.00,4.00,000,4.00
2010-05-21,4.00,4.00,4.00,4.00,000,4.00
2010-05-20,4.00,4.00,4.00,4.00,1000,4.00
2010-05-19,4.00,4.00,4.00,4.00,000,4.00
2010-05-18,4.00,4.00,4.00,4.00,000,4.00
2010-05-17,4.00,4.00,4.00,4.00,000,4.00
2010-05-14,4.00,4.00,4.00,4.00,000,4.00
2010-05-13,4.00,4.00,4.00,4.00,000,4.00
2010-05-12,4.00,4.00,4.00,4.00,000,4.00
2010-05-11,4.00,4.00,4.00,4.00,1700,4.00
2010-05-10,4.00,4.00,4.00,4.00,000,4.00
2010-05-07,4.00,4.00,4.00,4.00,000,4.00
2010-05-06,4.00,4.00,4.00,4.00,000,4.00
2010-05-05,4.00,4.00,4.00,4.00,000,4.00
2010-05-04,4.00,4.00,4.00,4.00,000,4.00
2010-05-03,4.00,4.00,4.00,4.00,000,4.00
2010-04-30,4.00,4.00,4.00,4.00,1000,4.00
2010-04-29,5.00,5.00,5.00,5.00,1000,5.00
2010-04-28,5.00,5.00,5.00,5.00,000,5.00
2010-04-27,5.00,5.00,5.00,5.00,1000,5.00
2010-04-26,5.10,5.10,5.10,5.10,000,5.10
2010-04-23,5.10,5.10,5.10,5.10,000,5.10
2010-04-22,5.10,5.10,5.10,5.10,000,5.10
2010-04-21,5.10,5.10,5.10,5.10,000,5.10
2010-04-20,5.10,5.10,5.10,5.10,000,5.10
2010-04-19,5.10,5.10,5.10,5.10,000,5.10
2010-04-16,5.10,5.10,5.10,5.10,000,5.10
2010-04-15,5.10,5.10,5.10,5.10,000,5.10
2010-04-14,5.10,5.10,5.10,5.10,000,5.10
2010-04-13,5.10,5.10,5.10,5.10,000,5.10
2010-04-12,5.10,5.10,5.10,5.10,000,5.10
2010-04-09,5.10,5.10,5.10,5.10,900,5.10
2010-04-08,4.00,4.00,4.00,4.00,000,4.00
2010-04-07,4.00,4.00,4.00,4.00,000,4.00
2010-04-06,4.00,4.00,4.00,4.00,000,4.00
2010-04-05,4.00,4.00,4.00,4.00,000,4.00
2010-04-01,4.00,4.00,4.00,4.00,000,4.00
2010-03-31,4.00,4.00,4.00,4.00,000,4.00
2010-03-30,4.00,4.00,4.00,4.00,000,4.00
2010-03-29,4.00,4.00,4.00,4.00,000,4.00
2010-03-26,4.00,4.00,4.00,4.00,000,4.00
2010-03-25,4.00,4.00,4.00,4.00,000,4.00
2010-03-24,4.00,4.00,4.00,4.00,000,4.00
2010-03-23,4.00,4.00,4.00,4.00,000,4.00
2010-03-22,4.00,4.00,4.00,4.00,000,4.00
2010-03-19,4.00,4.00,4.00,4.00,000,4.00
2010-03-18,4.00,4.00,4.00,4.00,000,4.00
2010-03-17,4.00,4.00,4.00,4.00,000,4.00
2010-03-16,4.00,4.00,4.00,4.00,000,4.00
2010-03-15,4.00,4.00,4.00,4.00,3800,4.00
2010-03-12,5.50,5.50,5.50,5.50,000,5.50
2010-03-11,5.50,5.50,5.50,5.50,000,5.50
2010-03-10,5.50,5.50,5.50,5.50,000,5.50
2010-03-09,5.50,5.50,5.50,5.50,000,5.50
2010-03-08,5.50,5.50,5.50,5.50,000,5.50
2010-03-05,5.50,5.50,5.50,5.50,000,5.50
2010-03-04,5.50,5.50,5.50,5.50,000,5.50
2010-03-03,5.50,5.50,5.50,5.50,000,5.50
2010-03-02,5.50,5.50,5.50,5.50,000,5.50
2010-03-01,5.50,5.50,5.50,5.50,000,5.50
2010-02-26,4.10,5.50,4.10,5.50,3100,5.50
2010-02-25,4.10,4.10,4.10,4.10,4000,4.10
2010-02-24,4.10,4.10,4.10,4.10,000,4.10
2010-02-23,4.10,4.10,4.10,4.10,000,4.10
2010-02-22,4.00,4.10,4.00,4.10,1100,4.10
2010-02-19,4.10,4.10,4.10,4.10,2000,4.10
2010-02-18,4.10,4.10,4.10,4.10,000,4.10
2010-02-17,4.10,4.10,4.10,4.10,000,4.10
2010-02-16,4.10,4.10,4.10,4.10,000,4.10
2010-02-12,4.10,4.10,4.10,4.10,000,4.10
2010-02-11,4.10,4.10,4.10,4.10,000,4.10
2010-02-10,4.10,4.10,4.10,4.10,000,4.10
2010-02-09,4.10,4.10,4.10,4.10,000,4.10
2010-02-08,4.10,4.10,4.10,4.10,000,4.10
2010-02-05,4.10,4.10,4.10,4.10,000,4.10
2010-02-04,4.10,4.10,4.10,4.10,11000,4.10
2010-02-03,4.10,4.10,4.10,4.10,000,4.10
2010-02-02,4.10,4.10,4.10,4.10,000,4.10
2010-02-01,4.10,4.10,4.10,4.10,000,4.10
2010-01-29,4.10,4.10,4.10,4.10,000,4.10
2010-01-28,4.00,4.10,4.00,4.10,2900,4.10
2010-01-27,4.10,4.10,4.10,4.10,000,4.10
2010-01-26,4.10,4.10,4.10,4.10,000,4.10
2010-01-25,4.10,4.10,4.10,4.10,000,4.10
2010-01-22,4.10,4.10,4.10,4.10,000,4.10
2010-01-21,4.10,4.10,4.10,4.10,000,4.10
2010-01-20,4.10,4.10,4.10,4.10,000,4.10
2010-01-19,4.10,4.10,4.10,4.10,000,4.10
2010-01-15,4.00,4.10,4.00,4.10,3400,4.10
2010-01-14,4.00,4.00,4.00,4.00,2000,4.00
2010-01-13,4.10,4.10,4.10,4.10,000,4.10
2010-01-12,4.10,4.10,4.10,4.10,000,4.10
2010-01-11,4.10,4.10,4.10,4.10,000,4.10
2010-01-08,4.10,4.10,4.10,4.10,000,4.10
2010-01-07,4.10,4.10,4.10,4.10,000,4.10
2010-01-06,4.10,4.10,4.10,4.10,000,4.10
2010-01-05,4.25,4.25,4.10,4.10,11500,4.10
2010-01-04,5.00,5.00,5.00,5.00,000,5.00
2009-12-31,5.00,5.00,5.00,5.00,200,5.00
2009-12-30,4.00,4.00,4.00,4.00,1500,4.00
2009-12-29,4.00,4.25,4.00,4.25,1600,4.25
2009-12-28,4.50,4.50,4.50,4.50,000,4.50
2009-12-24,4.50,4.50,4.50,4.50,000,4.50
2009-12-23,4.50,4.50,4.50,4.50,000,4.50
2009-12-22,4.50,4.50,4.50,4.50,200,4.50
2009-12-21,4.10,4.10,4.10,4.10,000,4.10
2009-12-18,4.10,4.10,4.10,4.10,3900,4.10
2009-12-17,4.00,4.00,4.00,4.00,000,4.00
2009-12-16,4.00,4.00,4.00,4.00,1000,4.00
2009-12-15,4.05,4.05,4.05,4.05,000,4.05
2009-12-14,4.05,4.05,4.00,4.05,1700,4.05
2009-12-11,4.05,4.05,4.05,4.05,000,4.05
2009-12-10,4.05,4.05,4.05,4.05,000,4.05
2009-12-09,4.05,4.05,4.05,4.05,000,4.05
2009-12-08,4.05,4.05,4.05,4.05,000,4.05
2009-12-07,4.05,4.05,4.05,4.05,000,4.05
2009-12-04,4.05,4.05,4.05,4.05,000,4.05
2009-12-03,4.05,4.05,4.05,4.05,000,4.05
2009-12-02,4.05,4.05,4.05,4.05,000,4.05
2009-12-01,4.05,4.05,4.05,4.05,300,4.05
2009-11-30,4.50,4.50,4.50,4.50,000,4.50
2009-11-27,4.50,4.50,4.50,4.50,000,4.50
2009-11-25,4.50,4.50,4.50,4.50,000,4.50
2009-11-24,4.50,4.50,4.50,4.50,000,4.50
2009-11-23,4.50,4.50,4.50,4.50,000,4.50
2009-11-20,4.50,4.50,4.50,4.50,800,4.50
2009-11-19,4.10,4.10,4.10,4.10,000,4.10
2009-11-18,4.10,4.10,4.10,4.10,000,4.10
2009-11-17,4.10,4.10,4.10,4.10,000,4.10
2009-11-16,4.10,4.10,4.10,4.10,000,4.10
2009-11-13,4.10,4.10,4.10,4.10,000,4.10
2009-11-12,4.10,4.10,4.10,4.10,000,4.10
2009-11-11,4.10,4.10,4.10,4.10,000,4.10
2009-11-10,4.10,4.10,4.10,4.10,000,4.10
2009-11-09,4.10,4.10,4.10,4.10,000,4.10
2009-11-06,4.10,4.10,4.10,4.10,000,4.10
2009-11-05,4.10,4.10,4.10,4.10,000,4.10
2009-11-04,4.10,4.10,4.10,4.10,000,4.10
2009-11-03,4.10,4.10,4.10,4.10,000,4.10
2009-11-02,4.05,4.10,4.05,4.10,12200,4.10
2009-10-30,4.00,4.00,4.00,4.00,000,4.00
2009-10-29,4.00,4.00,4.00,4.00,900,4.00
2009-10-28,4.00,4.00,4.00,4.00,000,4.00
2009-10-27,4.00,4.00,4.00,4.00,000,4.00
2009-10-26,4.00,4.00,4.00,4.00,000,4.00
2009-10-23,4.00,4.00,4.00,4.00,000,4.00
2009-10-22,4.00,4.00,4.00,4.00,000,4.00
2009-10-21,4.00,4.00,4.00,4.00,1000,4.00
2009-10-20,5.15,5.15,5.15,5.15,000,5.15
2009-10-19,4.00,5.15,4.00,5.15,8800,5.15
2009-10-16,5.00,5.00,5.00,5.00,500,5.00
2009-10-15,5.00,5.00,5.00,5.00,500,5.00
2009-10-14,5.00,5.25,5.00,5.25,1000,5.25
2009-10-13,3.75,3.75,3.75,3.75,700,3.75
2009-10-12,5.00,5.00,5.00,5.00,000,5.00
2009-10-09,5.00,5.00,5.00,5.00,000,5.00
2009-10-08,5.00,5.00,5.00,5.00,000,5.00
2009-10-07,5.00,5.00,5.00,5.00,1500,5.00
2009-10-06,5.50,5.50,5.50,5.50,000,5.50
2009-10-05,5.50,5.50,5.50,5.50,000,5.50
2009-10-02,5.50,5.50,5.50,5.50,000,5.50
2009-10-01,5.50,5.50,5.50,5.50,000,5.50
2009-09-30,5.50,5.50,5.50,5.50,000,5.50
2009-09-29,5.50,5.50,5.50,5.50,000,5.50
2009-09-28,5.50,5.50,5.50,5.50,000,5.50
2009-09-25,5.50,5.50,5.50,5.50,000,5.50
2009-09-24,5.50,5.50,5.50,5.50,000,5.50
2009-09-23,5.50,5.50,5.50,5.50,000,5.50
2009-09-22,5.50,5.50,5.50,5.50,000,5.50
2009-09-21,5.50,5.50,5.50,5.50,000,5.50
2009-09-18,5.50,5.50,5.50,5.50,000,5.50
2009-09-17,5.50,5.50,5.50,5.50,000,5.50
2009-09-16,5.50,5.50,5.50,5.50,000,5.50
2009-09-15,5.50,5.50,5.50,5.50,000,5.50
2009-09-14,5.50,5.50,5.50,5.50,000,5.50
2009-09-11,5.50,5.50,5.50,5.50,000,5.50
2009-09-10,5.50,5.50,5.50,5.50,000,5.50
2009-09-09,5.50,5.50,5.50,5.50,000,5.50
2009-09-08,5.50,5.50,5.50,5.50,000,5.50
2009-09-04,5.50,5.50,5.50,5.50,000,5.50
2009-09-03,5.50,5.50,5.50,5.50,000,5.50
2009-09-02,5.50,5.50,5.50,5.50,000,5.50
2009-09-01,5.50,5.50,5.50,5.50,000,5.50
2009-08-31,5.50,5.50,5.50,5.50,000,5.50
2009-08-28,5.50,5.50,5.50,5.50,000,5.50
2009-08-27,5.50,5.50,5.50,5.50,000,5.50
2009-08-26,5.50,5.50,5.50,5.50,000,5.50
2009-08-25,5.50,5.50,5.50,5.50,6000,5.50
2009-08-24,5.00,5.00,5.00,5.00,10000,5.00
2009-08-21,5.25,5.25,5.25,5.25,000,5.25
2009-08-20,5.25,5.25,5.25,5.25,2000,5.25
2009-08-19,5.25,5.25,5.25,5.25,000,5.25
2009-08-18,5.25,5.25,5.25,5.25,2000,5.25
2009-08-17,5.25,5.25,5.25,5.25,000,5.25
2009-08-14,5.25,5.25,5.25,5.25,1900,5.25
2009-08-13,5.25,5.25,5.25,5.25,000,5.25
2009-08-12,5.25,5.25,5.25,5.25,000,5.25
2009-08-11,5.25,5.25,5.25,5.25,000,5.25
2009-08-10,5.25,5.25,5.25,5.25,000,5.25
2009-08-07,5.25,5.25,5.25,5.25,000,5.25
2009-08-06,5.25,5.25,5.25,5.25,000,5.25
2009-08-05,5.25,5.25,5.25,5.25,000,5.25
2009-08-04,5.25,5.25,5.25,5.25,1500,5.25
2009-08-03,5.25,5.25,5.25,5.25,000,5.25
2009-07-31,5.25,5.25,5.25,5.25,000,5.25
2009-07-30,5.25,5.25,5.25,5.25,900,5.25
2009-07-29,5.00,5.00,4.00,4.00,900,4.00
2009-07-28,5.75,5.75,5.75,5.75,500,5.75
2009-07-27,6.00,6.00,6.00,6.00,000,6.00
2009-07-24,6.00,6.00,6.00,6.00,000,6.00
2009-07-23,6.00,6.00,6.00,6.00,000,6.00
2009-07-22,6.00,6.00,6.00,6.00,000,6.00
2009-07-21,6.00,6.00,6.00,6.00,000,6.00
2009-07-20,6.00,6.00,6.00,6.00,2000,6.00
2009-07-17,7.00,7.00,7.00,7.00,000,7.00
2009-07-16,7.00,7.00,7.00,7.00,000,7.00
2009-07-15,7.00,7.00,7.00,7.00,000,7.00
2009-07-14,7.00,7.00,7.00,7.00,000,7.00
2009-07-13,7.00,7.00,7.00,7.00,000,7.00
2009-07-10,7.00,7.00,7.00,7.00,000,7.00
2009-07-09,7.00,7.00,7.00,7.00,000,7.00
2009-07-08,7.00,7.00,7.00,7.00,000,7.00
2009-07-07,7.00,7.00,7.00,7.00,000,7.00
2009-07-06,7.00,7.00,7.00,7.00,000,7.00
2009-07-02,7.00,7.00,7.00,7.00,000,7.00
2009-07-01,7.00,7.00,7.00,7.00,000,7.00
2009-06-30,7.00,7.00,7.00,7.00,000,7.00
2009-06-29,7.00,7.00,7.00,7.00,000,7.00
2009-06-26,7.00,7.00,7.00,7.00,000,7.00
2009-06-25,7.00,7.00,7.00,7.00,000,7.00
2009-06-24,7.00,7.00,7.00,7.00,000,7.00
2009-06-23,7.00,7.00,7.00,7.00,000,7.00
2009-06-22,7.00,7.00,7.00,7.00,000,7.00
2009-06-19,7.00,7.00,7.00,7.00,000,7.00
2009-06-18,7.00,7.00,7.00,7.00,000,7.00
2009-06-17,7.00,7.00,7.00,7.00,000,7.00
2009-06-16,7.00,7.00,7.00,7.00,000,7.00
2009-06-15,7.00,7.00,7.00,7.00,000,7.00
2009-06-12,7.00,7.00,7.00,7.00,000,7.00
2009-06-11,6.50,7.00,6.50,7.00,2000,7.00
2009-06-10,7.00,7.00,7.00,7.00,000,7.00
2009-06-09,7.00,7.00,7.00,7.00,000,7.00
2009-06-08,7.00,7.00,7.00,7.00,100,7.00
2009-06-05,5.50,5.50,5.50,5.50,1200,5.50
2009-06-04,5.50,5.50,5.50,5.50,000,5.50
2009-06-03,5.50,5.50,5.50,5.50,000,5.50
2009-06-02,5.50,5.50,5.50,5.50,000,5.50
2009-06-01,5.50,5.50,5.50,5.50,000,5.50
2009-05-29,5.50,5.50,5.50,5.50,000,5.50
2009-05-28,5.50,5.50,5.50,5.50,000,5.50
2009-05-27,5.50,5.50,5.50,5.50,000,5.50
2009-05-26,5.50,5.50,5.50,5.50,000,5.50
2009-05-22,5.50,5.50,5.50,5.50,2000,5.50
2009-05-21,5.50,5.50,5.50,5.50,000,5.50
2009-05-20,5.50,5.50,5.50,5.50,000,5.50
2009-05-19,5.50,5.50,5.50,5.50,000,5.50
2009-05-18,5.50,5.50,5.50,5.50,000,5.50
2009-05-15,5.50,5.50,5.50,5.50,000,5.50
2009-05-14,5.50,5.50,5.50,5.50,000,5.50
2009-05-13,5.50,5.50,5.50,5.50,000,5.50
2009-05-12,5.50,5.50,5.50,5.50,000,5.50
2009-05-11,5.50,5.50,5.50,5.50,000,5.50
2009-05-08,5.50,5.50,5.50,5.50,500,5.50
2009-05-07,5.00,5.00,5.00,5.00,000,5.00
2009-05-06,5.00,5.00,5.00,5.00,000,5.00
2009-05-05,5.00,5.00,5.00,5.00,000,5.00
2009-05-04,5.00,5.00,5.00,5.00,000,5.00
2009-05-01,5.00,5.00,5.00,5.00,000,5.00
2009-04-30,5.00,5.00,5.00,5.00,000,5.00
2009-04-29,5.00,5.00,5.00,5.00,000,5.00
2009-04-28,5.00,5.00,5.00,5.00,000,5.00
2009-04-27,5.00,5.00,5.00,5.00,000,5.00
2009-04-24,5.00,5.00,5.00,5.00,000,5.00
2009-04-23,5.00,5.00,5.00,5.00,000,5.00
2009-04-22,5.00,5.00,5.00,5.00,000,5.00
2009-04-21,5.00,5.00,5.00,5.00,000,5.00
2009-04-20,5.00,5.00,5.00,5.00,000,5.00
2009-04-17,5.00,5.00,5.00,5.00,000,5.00
2009-04-16,5.00,5.00,5.00,5.00,000,5.00
2009-04-15,5.00,5.00,5.00,5.00,000,5.00
2009-04-14,5.00,5.00,5.00,5.00,000,5.00
2009-04-13,5.00,5.00,5.00,5.00,000,5.00
2009-04-09,5.00,5.00,5.00,5.00,000,5.00
2009-04-08,5.00,5.00,5.00,5.00,000,5.00
2009-04-07,5.00,5.00,5.00,5.00,000,5.00
2009-04-06,5.00,5.00,5.00,5.00,000,5.00
2009-04-03,5.00,5.00,5.00,5.00,2900,5.00
2009-04-02,5.00,5.00,5.00,5.00,1000,5.00
2009-04-01,4.50,4.50,4.50,4.50,000,4.50
2009-03-31,4.50,4.50,4.50,4.50,000,4.50
2009-03-30,4.50,4.50,4.50,4.50,000,4.50
2009-03-27,4.50,4.50,4.50,4.50,000,4.50
2009-03-26,4.50,4.50,4.50,4.50,000,4.50
2009-03-25,4.50,4.50,4.50,4.50,000,4.50
2009-03-24,4.50,4.50,4.50,4.50,000,4.50
2009-03-23,4.50,4.50,4.50,4.50,000,4.50
2009-03-20,4.50,4.50,4.50,4.50,000,4.50
2009-03-19,4.50,4.50,4.50,4.50,000,4.50
2009-03-18,4.50,4.50,4.50,4.50,000,4.50
2009-03-17,4.50,4.50,4.50,4.50,000,4.50
2009-03-16,4.50,4.50,4.50,4.50,000,4.50
2009-03-13,4.50,4.50,4.50,4.50,4000,4.50
2009-03-12,3.25,3.25,3.25,3.25,000,3.25
2009-03-11,3.25,3.25,3.25,3.25,000,3.25
2009-03-10,3.25,3.25,3.25,3.25,000,3.25
2009-03-09,4.25,4.25,3.25,3.25,1200,3.25
2009-03-06,5.00,5.00,5.00,5.00,000,5.00
2009-03-05,5.00,5.00,5.00,5.00,000,5.00
2009-03-04,5.00,5.00,5.00,5.00,1000,5.00
2009-03-03,5.00,5.00,5.00,5.00,000,5.00
2009-03-02,5.00,5.00,5.00,5.00,000,5.00
2009-02-27,5.00,5.00,5.00,5.00,3600,5.00
2009-02-26,5.00,5.00,5.00,5.00,000,5.00
2009-02-25,5.00,5.00,5.00,5.00,000,5.00
2009-02-24,5.00,5.00,5.00,5.00,000,5.00
2009-02-23,5.00,5.00,5.00,5.00,000,5.00
2009-02-20,5.00,5.00,5.00,5.00,000,5.00
2009-02-19,5.00,5.00,5.00,5.00,000,5.00
2009-02-18,5.35,5.35,5.00,5.00,3500,5.00
2009-02-17,5.00,5.00,5.00,5.00,000,5.00
2009-02-13,5.00,5.00,5.00,5.00,000,5.00
2009-02-12,5.00,5.00,5.00,5.00,000,5.00
2009-02-11,5.00,5.00,5.00,5.00,000,5.00
2009-02-10,5.00,5.00,5.00,5.00,000,5.00
2009-02-09,5.00,5.00,5.00,5.00,000,5.00
2009-02-06,5.00,5.00,5.00,5.00,3300,5.00
2009-02-05,5.00,5.00,5.00,5.00,000,5.00
2009-02-04,5.00,5.00,5.00,5.00,000,5.00
2009-02-03,5.00,5.00,5.00,5.00,000,5.00
2009-02-02,5.00,5.00,5.00,5.00,000,5.00
2009-01-30,5.00,5.00,5.00,5.00,000,5.00
2009-01-29,5.00,5.00,5.00,5.00,000,5.00
2009-01-28,5.00,5.00,5.00,5.00,000,5.00
2009-01-27,5.00,5.00,5.00,5.00,000,5.00
2009-01-26,5.00,5.00,5.00,5.00,000,5.00
2009-01-23,5.00,5.00,5.00,5.00,000,5.00
2009-01-22,5.00,5.00,5.00,5.00,000,5.00
2009-01-21,5.00,5.00,5.00,5.00,000,5.00
2009-01-20,5.00,5.00,5.00,5.00,500,5.00
2009-01-16,5.50,5.50,5.50,5.50,000,5.50
2009-01-15,6.00,6.00,5.50,5.50,1700,5.50
2009-01-14,7.15,7.15,7.15,7.15,000,7.15
2009-01-13,7.15,7.15,7.15,7.15,000,7.15
2009-01-12,7.15,7.15,7.15,7.15,000,7.15
2009-01-09,7.15,7.15,7.15,7.15,000,7.15
2009-01-08,7.15,7.15,7.15,7.15,000,7.15
2009-01-07,7.15,7.15,7.15,7.15,000,7.15
2009-01-06,7.15,7.15,7.15,7.15,000,7.15
2009-01-05,7.15,7.15,7.15,7.15,000,7.15
2009-01-02,7.15,7.15,7.15,7.15,000,7.15
2008-12-31,7.15,7.15,7.15,7.15,200,7.15
2008-12-30,6.25,6.25,6.25,6.25,000,6.25
2008-12-29,6.25,6.25,6.25,6.25,000,6.25
2008-12-26,6.25,6.25,6.25,6.25,000,6.25
2008-12-24,6.25,6.25,6.25,6.25,000,6.25
2008-12-23,6.25,6.25,6.25,6.25,000,6.25
2008-12-22,6.25,6.25,6.25,6.25,000,6.25
2008-12-19,6.25,6.25,6.25,6.25,000,6.25
2008-12-18,6.25,6.25,6.25,6.25,700,6.25
2008-12-17,6.25,6.25,6.25,6.25,000,6.25
2008-12-16,6.25,6.25,6.25,6.25,000,6.25
2008-12-15,6.25,6.25,6.25,6.25,000,6.25
2008-12-12,6.25,6.25,6.25,6.25,000,6.25
2008-12-11,6.25,6.25,6.25,6.25,400,6.25
2008-12-10,7.00,7.00,7.00,7.00,000,7.00
2008-12-09,7.00,7.00,7.00,7.00,000,7.00
2008-12-08,7.00,7.00,7.00,7.00,000,7.00
2008-12-05,7.00,7.00,7.00,7.00,000,7.00
2008-12-04,7.00,7.00,7.00,7.00,000,7.00
2008-12-03,7.00,7.00,7.00,7.00,000,7.00
2008-12-02,7.00,7.00,7.00,7.00,000,7.00
2008-12-01,7.00,7.00,7.00,7.00,1300,7.00
2008-11-28,7.00,7.00,7.00,7.00,000,7.00
2008-11-26,6.99,7.00,6.99,7.00,1000,7.00
2008-11-25,7.00,7.00,7.00,7.00,100,7.00
2008-11-24,8.50,8.50,8.50,8.50,000,8.50
2008-11-21,8.50,8.50,8.50,8.50,000,8.50
2008-11-20,8.50,8.50,8.50,8.50,000,8.50
2008-11-19,8.50,8.50,8.50,8.50,000,8.50
2008-11-18,8.50,8.50,8.50,8.50,000,8.50
2008-11-17,8.50,8.50,8.50,8.50,000,8.50
2008-11-14,8.50,8.50,8.50,8.50,000,8.50
2008-11-13,8.50,8.50,8.50,8.50,000,8.50
2008-11-12,8.50,8.50,8.50,8.50,000,8.50
2008-11-11,8.50,8.50,8.50,8.50,000,8.50
2008-11-10,8.50,8.50,8.50,8.50,000,8.50
2008-11-07,8.50,8.50,8.50,8.50,000,8.50
2008-11-06,8.50,8.50,8.50,8.50,000,8.50
2008-11-05,8.50,8.50,8.50,8.50,000,8.50
2008-11-04,8.50,8.50,8.50,8.50,000,8.50
2008-11-03,8.50,8.50,8.50,8.50,000,8.50
2008-10-31,8.50,8.50,8.50,8.50,000,8.50
2008-10-30,8.50,8.50,8.50,8.50,000,8.50
2008-10-29,8.50,8.50,8.50,8.50,000,8.50
2008-10-28,8.50,8.50,8.50,8.50,000,8.50
2008-10-27,8.50,8.50,8.50,8.50,000,8.50
2008-10-24,8.50,8.50,8.50,8.50,000,8.50
2008-10-23,6.00,8.50,6.00,8.50,1600,8.50
2008-10-22,7.75,7.75,7.75,7.75,000,7.75
2008-10-21,8.00,8.00,7.75,7.75,200,7.75
2008-10-20,8.50,8.50,8.50,8.50,000,8.50
2008-10-17,8.50,8.50,8.50,8.50,000,8.50
2008-10-16,8.50,8.50,8.50,8.50,000,8.50
2008-10-15,8.50,8.50,8.50,8.50,000,8.50
2008-10-14,8.50,8.50,8.50,8.50,000,8.50
2008-10-13,8.50,8.50,8.50,8.50,000,8.50
2008-10-10,8.50,8.50,8.50,8.50,000,8.50
2008-10-09,8.50,8.50,8.50,8.50,000,8.50
2008-10-08,8.50,8.50,8.50,8.50,000,8.50
2008-10-07,8.50,8.50,8.50,8.50,000,8.50
2008-10-06,8.50,8.50,8.50,8.50,000,8.50
2008-10-03,8.50,8.50,8.50,8.50,000,8.50
2008-10-02,8.50,8.50,8.50,8.50,000,8.50
2008-10-01,8.50,8.50,8.50,8.50,000,8.50
2008-09-30,8.50,8.50,8.50,8.50,000,8.50
2008-09-29,8.50,8.50,8.50,8.50,000,8.50
2008-09-26,8.50,8.50,8.50,8.50,000,8.50
2008-09-25,8.50,8.50,8.50,8.50,000,8.50
2008-09-24,8.50,8.50,8.50,8.50,000,8.50
2008-09-23,8.50,8.50,8.50,8.50,000,8.50
2008-09-22,8.50,8.50,8.50,8.50,000,8.50
2008-09-19,8.50,8.50,8.50,8.50,000,8.50
2008-09-18,8.50,8.50,8.50,8.50,000,8.50
2008-09-17,8.50,8.50,8.50,8.50,000,8.50
2008-09-16,8.50,8.50,8.50,8.50,000,8.50
2008-09-15,8.50,8.50,8.50,8.50,000,8.50
2008-09-12,8.50,8.50,8.50,8.50,000,8.50
2008-09-11,8.50,8.50,8.50,8.50,000,8.50
2008-09-10,8.50,8.50,8.50,8.50,000,8.50
2008-09-09,8.50,8.50,8.50,8.50,000,8.50
2008-09-08,8.50,8.50,8.50,8.50,000,8.50
2008-09-05,8.50,8.50,8.50,8.50,000,8.50
2008-09-04,8.50,8.50,8.50,8.50,000,8.50
2008-09-03,8.50,8.50,8.50,8.50,000,8.50
2008-09-02,8.50,8.50,8.50,8.50,000,8.50
2008-08-29,8.00,8.50,7.50,8.50,3800,8.50
2008-08-28,8.70,8.70,8.70,8.70,000,8.70
2008-08-27,8.70,8.70,8.70,8.70,000,8.70
2008-08-26,8.70,8.70,8.70,8.70,000,8.70
2008-08-25,8.70,8.70,8.70,8.70,000,8.70
2008-08-22,8.70,8.70,8.70,8.70,000,8.70
2008-08-21,8.70,8.70,8.70,8.70,000,8.70
2008-08-20,8.70,8.70,8.70,8.70,000,8.70
2008-08-19,8.70,8.70,8.70,8.70,000,8.70
2008-08-18,8.70,8.70,8.70,8.70,000,8.70
2008-08-15,8.70,8.70,8.70,8.70,000,8.70
2008-08-14,8.70,8.70,8.70,8.70,000,8.70
2008-08-13,8.70,8.70,8.70,8.70,000,8.70
2008-08-12,8.70,8.70,8.70,8.70,000,8.70
2008-08-11,8.70,8.70,8.70,8.70,000,8.70
2008-08-08,8.70,8.70,8.70,8.70,000,8.70
2008-08-07,8.70,8.70,8.70,8.70,000,8.70
2008-08-06,8.70,8.70,8.70,8.70,000,8.70
2008-08-05,8.70,8.70,8.70,8.70,000,8.70
2008-08-04,8.00,8.70,8.00,8.70,800,8.70
2008-08-01,8.00,8.00,8.00,8.00,000,8.00
2008-07-31,8.00,8.00,8.00,8.00,000,8.00
2008-07-30,8.00,8.00,8.00,8.00,000,8.00
2008-07-29,8.00,8.00,8.00,8.00,000,8.00
2008-07-28,8.00,8.00,8.00,8.00,000,8.00
2008-07-25,8.00,8.00,8.00,8.00,700,8.00
2008-07-24,8.55,8.55,8.55,8.55,000,8.55
2008-07-23,8.55,8.55,8.55,8.55,900,8.55
2008-07-22,8.50,8.50,8.50,8.50,2700,8.50
2008-07-21,8.50,8.50,8.50,8.50,000,8.50
2008-07-18,8.50,8.50,8.50,8.50,000,8.50
2008-07-17,8.50,8.50,8.50,8.50,000,8.50
2008-07-16,8.50,8.50,8.50,8.50,000,8.50
2008-07-15,8.50,8.50,8.50,8.50,000,8.50
2008-07-14,8.50,8.50,8.50,8.50,000,8.50
2008-07-11,8.50,8.50,8.50,8.50,000,8.50
2008-07-10,8.50,8.50,8.50,8.50,17900,8.50
2008-07-09,8.50,8.50,8.50,8.50,000,8.50
2008-07-08,8.50,8.50,8.50,8.50,2000,8.50
2008-07-07,8.25,8.25,8.25,8.25,1000,8.25
2008-07-03,8.50,8.50,8.50,8.50,000,8.50
2008-07-02,8.50,8.50,8.50,8.50,5200,8.50
2008-07-01,8.45,8.45,8.45,8.45,000,8.45
2008-06-30,8.45,8.45,8.45,8.45,000,8.45
2008-06-27,8.45,8.45,8.45,8.45,000,8.45
2008-06-26,8.45,8.50,8.45,8.45,3200,8.45
2008-06-25,8.50,8.50,8.50,8.50,000,8.50
2008-06-24,8.50,8.50,8.50,8.50,000,8.50
2008-06-23,8.50,8.50,8.50,8.50,000,8.50
2008-06-20,8.50,8.50,8.50,8.50,2400,8.50
2008-06-19,8.50,8.50,8.50,8.50,1400,8.50
2008-06-18,8.35,8.35,8.35,8.35,000,8.35
2008-06-17,8.50,8.50,8.35,8.35,2100,8.35
2008-06-16,8.25,8.35,8.25,8.35,11500,8.35
2008-06-13,8.25,8.50,8.25,8.25,3500,8.25
2008-06-12,8.25,8.25,8.25,8.25,000,8.25
2008-06-11,8.25,8.25,8.25,8.25,000,8.25
2008-06-10,8.25,8.25,8.25,8.25,000,8.25
2008-06-09,8.25,8.25,8.25,8.25,000,8.25
2008-06-06,8.50,8.50,8.25,8.25,1500,8.25
2008-06-05,8.50,8.50,8.50,8.50,000,8.50
2008-06-04,8.50,8.50,8.50,8.50,000,8.50
2008-06-03,8.50,8.50,8.50,8.50,000,8.50
2008-06-02,8.50,8.50,8.50,8.50,10000,8.50
2008-05-30,8.75,8.75,8.75,8.75,000,8.75
2008-05-29,8.75,8.75,8.75,8.75,000,8.75
2008-05-28,8.75,8.75,8.75,8.75,000,8.75
2008-05-27,8.75,8.75,8.75,8.75,000,8.75
2008-05-23,8.75,8.75,8.75,8.75,000,8.75
2008-05-22,8.75,8.75,8.75,8.75,000,8.75
2008-05-21,8.75,8.75,8.75,8.75,000,8.75
2008-05-20,9.00,9.00,8.75,8.75,1000,8.75
2008-05-19,9.80,9.80,9.80,9.80,000,9.80
2008-05-16,9.80,9.80,9.80,9.80,000,9.80
2008-05-15,9.80,9.80,9.80,9.80,000,9.80
2008-05-14,9.80,9.80,9.80,9.80,000,9.80
2008-05-13,9.80,9.80,9.80,9.80,1300,9.80
2008-05-12,9.50,9.50,9.50,9.50,000,9.50
2008-05-09,9.50,9.50,9.50,9.50,000,9.50
2008-05-08,9.50,9.50,9.50,9.50,3500,9.50
2008-05-07,9.00,9.00,9.00,9.00,400,9.00
2008-05-06,9.50,9.50,9.50,9.50,000,9.50
2008-05-05,9.50,9.50,9.50,9.50,200,9.50
2008-05-02,10.00,10.00,10.00,10.00,000,10.00
2008-05-01,10.00,10.00,10.00,10.00,000,10.00
2008-04-30,10.00,10.00,10.00,10.00,000,10.00
2008-04-29,10.00,10.00,10.00,10.00,1000,10.00
2008-04-28,9.50,9.50,9.50,9.50,1000,9.50
2008-04-25,10.00,10.00,10.00,10.00,000,10.00
2008-04-24,10.00,10.00,10.00,10.00,000,10.00
2008-04-23,10.00,10.00,10.00,10.00,000,10.00
2008-04-22,10.00,10.00,10.00,10.00,000,10.00
2008-04-21,10.00,10.00,10.00,10.00,000,10.00
2008-04-18,9.25,10.05,8.10,10.00,78800,10.00
2008-04-17,10.00,10.00,10.00,10.00,000,10.00
2008-04-16,10.00,10.00,10.00,10.00,000,10.00
2008-04-15,10.00,10.00,10.00,10.00,5300,10.00
2008-04-14,9.25,9.25,9.25,9.25,000,9.25
2008-04-11,9.25,9.25,9.25,9.25,200,9.25
2008-04-10,10.50,10.50,10.50,10.50,000,10.50
2008-04-09,10.50,10.50,10.50,10.50,000,10.50
2008-04-08,10.50,10.50,10.50,10.50,000,10.50
2008-04-07,10.50,10.50,10.50,10.50,000,10.50
2008-04-04,10.50,10.50,10.50,10.50,400,10.50
2008-04-03,10.50,10.50,10.50,10.50,000,10.50
2008-04-02,10.50,10.50,10.50,10.50,000,10.50
2008-04-01,10.50,10.50,10.50,10.50,000,10.50
2008-03-31,10.50,10.50,10.50,10.50,000,10.50
2008-03-28,8.10,10.50,8.10,10.50,12200,10.50
2008-03-27,10.00,10.25,10.00,10.25,3800,10.25
2008-03-26,10.25,10.25,10.25,10.25,000,10.25
2008-03-25,10.25,10.25,10.25,10.25,000,10.25
2008-03-24,10.25,10.25,10.25,10.25,000,10.25
2008-03-20,10.25,10.25,10.25,10.25,000,10.25
2008-03-19,10.25,10.25,10.25,10.25,000,10.25
2008-03-18,10.25,10.25,10.25,10.25,000,10.25
2008-03-17,10.25,10.25,10.25,10.25,000,10.25
2008-03-14,10.00,10.25,10.00,10.25,4000,10.25
2008-03-13,10.15,10.15,10.15,10.15,000,10.15
2008-03-12,10.15,10.15,10.15,10.15,000,10.15
2008-03-11,10.15,10.15,10.15,10.15,000,10.15
2008-03-10,10.15,10.15,10.15,10.15,000,10.15
2008-03-07,10.15,10.15,10.15,10.15,000,10.15
2008-03-06,10.15,10.15,10.15,10.15,000,10.15
2008-03-05,10.15,10.15,10.15,10.15,000,10.15
2008-03-04,10.15,10.15,10.15,10.15,000,10.15
2008-03-03,10.15,10.15,10.15,10.15,000,10.15
2008-02-29,10.15,10.15,10.15,10.15,000,10.15
2008-02-28,10.15,10.15,10.15,10.15,900,10.15
2008-02-27,10.25,10.25,10.25,10.25,1000,10.25
2008-02-26,10.00,10.50,10.00,10.00,31400,10.00
2008-02-25,10.00,10.00,10.00,10.00,100,10.00
2008-02-22,11.00,11.00,11.00,11.00,000,11.00
2008-02-21,11.00,11.00,11.00,11.00,000,11.00
2008-02-20,11.00,11.00,11.00,11.00,000,11.00
2008-02-19,11.00,11.00,11.00,11.00,000,11.00
2008-02-15,11.00,11.00,11.00,11.00,000,11.00
2008-02-14,11.00,11.00,11.00,11.00,000,11.00
2008-02-13,11.00,11.00,11.00,11.00,000,11.00
2008-02-12,11.00,11.00,11.00,11.00,100,11.00
2008-02-11,12.00,12.00,12.00,12.00,000,12.00
2008-02-08,12.00,12.00,12.00,12.00,000,12.00
2008-02-07,12.00,12.00,12.00,12.00,000,12.00
2008-02-06,12.00,12.00,12.00,12.00,000,12.00
2008-02-05,12.00,12.00,12.00,12.00,000,12.00
2008-02-04,12.00,12.00,12.00,12.00,000,12.00
2008-02-01,12.00,12.00,12.00,12.00,000,12.00
2008-01-31,12.00,12.00,12.00,12.00,000,12.00
2008-01-30,10.00,12.00,10.00,12.00,20100,12.00
2008-01-29,12.00,12.00,12.00,12.00,000,12.00
2008-01-28,12.00,12.00,12.00,12.00,000,12.00
2008-01-25,12.00,12.00,12.00,12.00,000,12.00
2008-01-24,12.00,12.00,12.00,12.00,100,12.00
2008-01-23,10.05,10.05,10.05,10.05,000,10.05
2008-01-22,10.05,10.05,10.05,10.05,000,10.05
2008-01-18,10.05,10.05,10.05,10.05,500,10.05
2008-01-17,11.00,11.00,10.00,10.00,20000,10.00
2008-01-16,12.50,12.50,12.50,12.50,000,12.50
2008-01-15,12.50,12.50,12.50,12.50,000,12.50
2008-01-14,12.50,12.50,12.50,12.50,000,12.50
2008-01-11,12.50,12.50,12.50,12.50,000,12.50
2008-01-10,12.50,12.50,12.50,12.50,500,12.50
2008-01-09,13.00,13.00,13.00,13.00,000,13.00
2008-01-08,13.00,13.00,13.00,13.00,000,13.00
2008-01-07,13.00,13.00,13.00,13.00,000,13.00
2008-01-04,13.00,13.00,13.00,13.00,000,13.00
2008-01-03,13.00,13.00,13.00,13.00,000,13.00
2008-01-02,13.00,13.00,13.00,13.00,000,13.00
2007-12-31,13.00,13.00,13.00,13.00,000,13.00
2007-12-28,13.00,13.00,13.00,13.00,000,13.00
2007-12-27,13.00,13.00,13.00,13.00,000,13.00
2007-12-26,13.00,13.00,13.00,13.00,000,13.00
2007-12-24,13.00,13.00,13.00,13.00,000,13.00
2007-12-21,13.00,13.00,13.00,13.00,000,13.00
2007-12-20,13.00,13.00,13.00,13.00,000,13.00
2007-12-19,13.00,13.00,13.00,13.00,000,13.00
2007-12-18,12.50,13.00,12.50,13.00,1100,13.00
2007-12-17,12.50,13.00,12.50,12.50,1300,12.50
2007-12-14,13.00,13.00,13.00,13.00,1200,13.00
2007-12-13,12.50,13.00,12.00,13.00,500,13.00
2007-12-12,10.50,10.50,10.50,10.50,000,10.50
2007-12-11,10.50,10.50,10.50,10.50,000,10.50
2007-12-10,10.50,10.50,10.50,10.50,000,10.50
2007-12-07,10.50,10.50,10.50,10.50,000,10.50
2007-12-06,10.50,10.50,10.50,10.50,1500,10.50
2007-12-05,10.50,10.50,10.50,10.50,000,10.50
2007-12-04,10.50,10.50,10.50,10.50,000,10.50
2007-12-03,10.50,10.50,10.50,10.50,000,10.50
2007-11-30,10.50,10.50,10.50,10.50,200,10.50
2007-11-29,10.50,10.50,10.25,10.50,19200,10.50
2007-11-28,11.00,11.00,11.00,11.00,000,11.00
2007-11-27,11.00,11.00,11.00,11.00,000,11.00
2007-11-26,11.00,11.00,11.00,11.00,000,11.00
2007-11-23,11.00,11.00,11.00,11.00,000,11.00
2007-11-21,10.50,11.00,10.50,11.00,7200,11.00
2007-11-20,10.50,11.00,10.50,10.95,1500,10.95
2007-11-19,11.00,11.00,11.00,11.00,000,11.00
2007-11-16,11.00,11.00,11.00,11.00,000,11.00
2007-11-15,11.00,11.00,11.00,11.00,000,11.00
2007-11-14,11.00,11.00,11.00,11.00,000,11.00
2007-11-13,11.00,11.00,11.00,11.00,000,11.00
2007-11-12,11.00,11.00,11.00,11.00,000,11.00
2007-11-09,11.15,11.15,11.00,11.00,800,11.00
2007-11-08,12.25,12.25,12.25,12.25,000,12.25
2007-11-07,12.25,12.25,12.25,12.25,000,12.25
2007-11-06,12.25,12.25,12.25,12.25,000,12.25
2007-11-05,12.25,12.25,12.25,12.25,1000,12.25
2007-11-02,13.00,13.00,13.00,13.00,000,13.00
2007-11-01,13.00,13.00,13.00,13.00,000,13.00
2007-10-31,13.00,13.00,13.00,13.00,000,13.00
2007-10-30,13.00,13.00,13.00,13.00,500,13.00
2007-10-29,12.25,12.25,12.25,12.25,000,12.25
2007-10-26,13.25,13.25,12.25,12.25,3100,12.25
2007-10-25,12.25,12.25,12.25,12.25,000,12.25
2007-10-24,12.25,12.25,12.25,12.25,000,12.25
2007-10-23,12.25,12.25,12.25,12.25,000,12.25
2007-10-22,12.25,12.25,12.25,12.25,000,12.25
2007-10-19,12.25,12.25,12.25,12.25,000,12.25
2007-10-18,12.25,12.25,12.25,12.25,2000,12.25
2007-10-17,12.25,12.25,12.25,12.25,000,12.25
2007-10-16,12.25,12.25,12.25,12.25,4200,12.25
2007-10-15,13.00,13.00,13.00,13.00,000,13.00
2007-10-12,13.00,13.00,13.00,13.00,000,13.00
2007-10-11,13.00,13.00,13.00,13.00,000,13.00
2007-10-10,13.00,13.00,13.00,13.00,000,13.00
2007-10-09,13.00,13.00,13.00,13.00,000,13.00
2007-10-08,13.00,13.00,13.00,13.00,000,13.00
2007-10-05,13.00,13.00,13.00,13.00,000,13.00
2007-10-04,13.00,13.00,13.00,13.00,1000,13.00
2007-10-03,12.00,12.00,12.00,12.00,000,12.00
2007-10-02,12.00,12.00,12.00,12.00,000,12.00
2007-10-01,12.05,12.05,12.00,12.00,600,12.00
2007-09-28,13.25,13.25,13.25,13.25,000,13.25
2007-09-27,13.25,13.25,13.25,13.25,000,13.25
2007-09-26,13.25,13.25,13.25,13.25,000,13.25
2007-09-25,13.25,13.25,13.25,13.25,000,13.25
2007-09-24,13.25,13.25,13.25,13.25,000,13.25
2007-09-21,13.25,13.25,13.25,13.25,000,13.25
2007-09-20,13.25,13.25,13.25,13.25,000,13.25
2007-09-19,13.25,13.25,13.25,13.25,000,13.25
2007-09-18,13.24,13.25,13.24,13.25,1000,13.25
2007-09-17,12.75,12.75,12.75,12.75,000,12.75
2007-09-14,12.75,12.75,12.75,12.75,000,12.75
2007-09-13,12.75,12.75,12.75,12.75,000,12.75
2007-09-12,12.75,12.75,12.75,12.75,000,12.75
2007-09-11,12.75,12.75,12.75,12.75,000,12.75
2007-09-10,12.75,12.75,12.75,12.75,000,12.75
2007-09-07,12.75,12.75,12.75,12.75,000,12.75
2007-09-06,12.75,12.75,12.75,12.75,000,12.75
2007-09-05,12.75,12.75,12.75,12.75,000,12.75
2007-09-04,12.75,12.75,12.75,12.75,000,12.75
2007-08-31,12.75,12.75,12.75,12.75,000,12.75
2007-08-30,12.75,12.75,12.75,12.75,000,12.75
2007-08-29,12.75,12.75,12.75,12.75,000,12.75
2007-08-28,12.75,12.75,12.75,12.75,000,12.75
2007-08-27,12.75,12.75,12.75,12.75,000,12.75
2007-08-24,12.75,12.75,12.75,12.75,3200,12.75
2007-08-23,12.97,12.97,12.97,12.97,200,12.97
2007-08-22,12.97,12.97,12.97,12.97,000,12.97
2007-08-21,11.25,12.97,11.00,12.97,1000,12.97
2007-08-20,12.85,12.85,12.00,12.00,1000,12.00
2007-08-17,14.00,14.00,13.25,13.25,800,13.25
2007-08-16,14.50,14.50,14.00,14.00,1000,14.00
2007-08-15,15.00,15.00,15.00,15.00,000,15.00
2007-08-14,15.25,15.25,15.00,15.00,900,15.00
2007-08-13,15.00,15.00,15.00,15.00,000,15.00
2007-08-10,15.00,15.00,15.00,15.00,000,15.00
2007-08-09,15.00,15.00,15.00,15.00,000,15.00
2007-08-08,15.00,15.00,15.00,15.00,2500,15.00
2007-08-07,15.00,15.00,15.00,15.00,000,15.00
2007-08-06,15.00,15.00,15.00,15.00,000,15.00
2007-08-03,15.00,15.00,15.00,15.00,000,15.00
2007-08-02,15.00,15.00,15.00,15.00,000,15.00
2007-08-01,15.00,15.00,15.00,15.00,000,15.00
2007-07-31,15.00,15.00,15.00,15.00,000,15.00
2007-07-30,15.00,15.00,15.00,15.00,000,15.00
2007-07-27,15.00,15.00,15.00,15.00,000,15.00
2007-07-26,15.00,15.00,15.00,15.00,000,15.00
2007-07-25,15.00,15.00,15.00,15.00,000,15.00
2007-07-24,15.00,15.00,15.00,15.00,000,15.00
2007-07-23,15.00,15.00,15.00,15.00,000,15.00
2007-07-20,15.00,15.00,15.00,15.00,000,15.00
2007-07-19,15.00,15.00,15.00,15.00,000,15.00
2007-07-18,15.00,15.00,15.00,15.00,000,15.00
2007-07-17,15.00,15.00,15.00,15.00,000,15.00
2007-07-16,15.00,15.00,15.00,15.00,000,15.00
2007-07-13,15.00,15.00,15.00,15.00,000,15.00
2007-07-12,15.00,15.00,15.00,15.00,000,15.00
2007-07-11,15.00,15.00,15.00,15.00,000,15.00
2007-07-10,15.00,15.00,15.00,15.00,000,15.00
2007-07-09,15.00,15.00,15.00,15.00,500,15.00
2007-07-06,15.00,15.00,15.00,15.00,000,15.00
2007-07-05,15.00,15.00,15.00,15.00,000,15.00
2007-07-03,15.00,15.00,15.00,15.00,000,15.00
2007-07-02,15.00,15.00,15.00,15.00,000,15.00
2007-06-29,14.75,15.00,14.75,15.00,700,15.00
2007-06-28,14.70,14.70,14.70,14.70,000,14.70
2007-06-27,14.70,14.70,14.70,14.70,000,14.70
2007-06-26,14.70,14.70,14.70,14.70,000,14.70
2007-06-25,14.70,14.70,14.70,14.70,000,14.70
2007-06-22,14.70,14.70,14.70,14.70,000,14.70
2007-06-21,14.70,14.70,14.70,14.70,000,14.70
2007-06-20,14.70,14.70,14.70,14.70,000,14.70
2007-06-19,14.70,14.70,14.70,14.70,100,14.70
2007-06-18,14.50,14.50,14.50,14.50,1200,14.50
2007-06-15,15.00,15.00,15.00,15.00,000,15.00
2007-06-14,15.00,15.00,15.00,15.00,200,15.00
2007-06-13,15.00,15.00,15.00,15.00,000,15.00
2007-06-12,15.00,15.00,15.00,15.00,000,15.00
2007-06-11,15.00,15.00,15.00,15.00,000,15.00
2007-06-08,15.00,15.00,15.00,15.00,000,15.00
2007-06-07,15.00,15.00,15.00,15.00,200,15.00
2007-06-06,14.75,14.75,14.75,14.75,000,14.75
2007-06-05,14.75,14.75,14.75,14.75,000,14.75
2007-06-04,14.75,14.75,14.75,14.75,000,14.75
2007-06-01,14.75,14.75,14.75,14.75,000,14.75
2007-05-31,14.10,14.75,14.10,14.75,4500,14.75
2007-05-30,14.10,14.10,14.10,14.10,000,14.10
2007-05-29,14.10,14.10,14.10,14.10,000,14.10
2007-05-25,14.10,14.10,14.10,14.10,000,14.10
2007-05-24,14.10,14.10,14.10,14.10,000,14.10
2007-05-23,14.10,14.10,14.10,14.10,000,14.10
2007-05-22,14.10,14.10,14.10,14.10,000,14.10
2007-05-21,14.25,14.25,14.10,14.10,500,14.10
2007-05-18,14.75,14.75,14.75,14.75,000,14.75
2007-05-17,14.75,14.75,14.75,14.75,000,14.75
2007-05-16,14.75,14.75,14.75,14.75,000,14.75
2007-05-15,14.75,14.75,14.75,14.75,000,14.75
2007-05-14,14.75,14.75,14.75,14.75,000,14.75
2007-05-11,14.75,14.75,14.75,14.75,000,14.75
2007-05-10,14.75,14.75,14.75,14.75,000,14.75
2007-05-09,14.75,14.75,14.75,14.75,000,14.75
