Date,Open,High,Low,Close,Volume,Adj Close
2016-04-15,58.130001,58.529999,58.130001,58.509998,5300,58.509998
2016-04-14,58.330002,58.330002,57.950001,58.00,2700,58.00
2016-04-13,58.389999,58.720001,58.389999,58.689999,3500,58.689999
2016-04-12,57.990002,58.57,57.990002,58.57,2300,58.57
2016-04-11,58.380001,58.52,57.950001,57.950001,9400,57.950001
2016-04-08,58.380001,59.080002,57.830002,58.119999,3100,58.119999
2016-04-07,58.529999,58.529999,58.09,58.130001,5400,58.130001
2016-04-06,58.689999,58.959999,58.580002,58.959999,4500,58.959999
2016-04-05,59.59,59.59,58.77,58.77,3500,58.77
2016-04-04,60.169998,60.169998,59.540001,59.669998,1800,59.669998
2016-04-01,59.310001,59.880001,59.299999,59.880001,1100,59.880001
2016-03-31,59.279999,59.720001,59.27,59.720001,11000,59.720001
2016-03-30,59.59,59.59,59.09,59.139999,2300,59.139999
2016-03-29,58.68,59.310001,58.68,59.310001,7300,59.310001
2016-03-28,57.799999,58.189999,57.799999,58.139999,4000,58.139999
2016-03-24,56.75,57.299999,56.75,57.299999,36600,57.299999
2016-03-23,57.50,57.50,57.130001,57.34,2600,57.34
2016-03-22,57.709999,57.75,57.48,57.540001,3900,57.540001
2016-03-21,58.380001,58.509998,58.27,58.380001,10000,58.380001
2016-03-18,58.490002,58.59,58.490002,58.540001,2600,58.540001
2016-03-17,57.360001,58.09,57.360001,58.09,1600,58.044002
2016-03-16,56.02,57.279999,56.02,57.27,36000,57.224651
2016-03-15,57.18,57.18,56.09,56.240002,72600,56.195468
2016-03-14,57.970001,58.049999,56.919998,56.919998,170300,56.874926
2016-03-11,57.700001,57.959999,57.610001,57.950001,10900,57.904113
2016-03-10,57.599998,57.599998,56.990002,57.25,8200,57.204667
2016-03-09,57.580002,57.950001,57.57,57.950001,2200,57.904113
2016-03-08,57.450001,57.720001,57.139999,57.23,50700,57.184682
2016-03-07,56.959999,57.369999,56.959999,57.369999,1300,57.324571
2016-03-04,57.00,57.290001,56.630001,56.73,13900,56.685078
2016-03-03,56.990002,57.139999,56.630001,57.099998,5600,57.054784
2016-03-02,55.830002,56.830002,55.830002,56.779999,5600,56.735038
2016-03-01,55.799999,55.799999,54.959999,55.259998,4500,55.216241
2016-02-29,55.880001,55.880001,55.200001,55.529999,11300,55.486027
2016-02-26,55.369999,55.369999,54.830002,54.830002,800,54.786585
2016-02-25,54.849998,55.549999,54.849998,55.369999,4100,55.326154
2016-02-24,53.740002,54.720001,53.740002,54.669998,25600,54.626708
2016-02-23,53.639999,54.040001,53.610001,54.040001,1300,53.997209
2016-02-22,53.630001,53.779999,53.349998,53.459999,17000,53.417667
2016-02-19,53.349998,53.720001,53.349998,53.720001,1900,53.677463
2016-02-18,53.349998,53.349998,53.02,53.220001,7700,53.177859
2016-02-17,53.25,53.369999,53.080002,53.220001,18400,53.177859
2016-02-16,51.98,52.73,51.98,52.689999,31300,52.648276
2016-02-12,51.41,51.849998,51.200001,51.849998,10700,51.808941
2016-02-11,51.130001,51.259998,50.25,51.119999,18400,51.07952
2016-02-10,52.509998,52.509998,51.509998,51.509998,56500,51.46921
2016-02-09,51.48,51.869999,51.240002,51.709999,30900,51.669053
2016-02-08,51.279999,51.549999,50.900002,51.549999,5600,51.509179
2016-02-05,51.990002,52.049999,51.59,51.66,3500,51.619093
2016-02-04,52.75,52.75,51.849998,51.849998,3700,51.808941
2016-02-03,52.560001,52.560001,51.880001,52.50,6500,52.458428
2016-02-02,52.869999,52.869999,52.16,52.16,6100,52.118697
2016-02-01,52.889999,53.599998,52.889999,53.43,14200,53.387692
2016-01-29,52.57,53.48,52.560001,53.43,6700,53.387692
2016-01-28,52.830002,52.830002,51.669998,51.669998,18700,51.629083
2016-01-27,52.91,53.669998,52.330002,52.459999,3300,52.418459
2016-01-26,52.619999,53.189999,52.540001,52.799999,7800,52.75819
2016-01-25,52.130001,52.189999,51.869999,51.869999,1400,51.828926
2016-01-22,53.529999,53.540001,52.470001,52.68,9900,52.638286
2016-01-21,52.560001,52.560001,51.610001,51.919998,5500,51.878885
2016-01-20,51.099998,53.27,50.23,52.169998,35400,52.128687
2016-01-19,52.240002,54.009998,51.41,51.889999,32700,51.84891
2016-01-15,52.189999,52.50,51.23,52.16,32200,52.118697
2016-01-14,52.25,53.490002,52.25,53.049999,116600,53.007992
2016-01-13,55.119999,55.119999,52.439999,52.450001,28900,52.408468
2016-01-12,53.619999,53.889999,53.23,53.880001,112400,53.837336
2016-01-11,52.799999,53.470001,52.57,53.32,164600,53.277778
2016-01-08,53.27,53.27,52.259998,52.610001,6700,52.568342
2016-01-07,53.259998,53.349998,52.700001,52.700001,3900,52.65827
2016-01-06,53.279999,53.73,53.279999,53.540001,1500,53.497605
2016-01-05,54.490002,54.490002,53.439999,53.68,4100,53.637494
2016-01-04,54.41,54.459999,52.790001,53.259998,16300,53.217825
2015-12-31,54.93,55.150002,54.900002,54.900002,2100,54.856529
2015-12-30,55.419998,55.639999,55.419998,55.459999,3500,55.416083
2015-12-29,56.25,56.25,55.34,55.34,3000,55.296179
2015-12-28,55.52,55.560001,55.189999,55.200001,1500,55.156291
2015-12-24,56.150002,56.200001,55.689999,55.689999,900,55.645901
2015-12-23,56.119999,56.119999,56.119999,56.119999,300,56.07556
2015-12-22,54.66,55.119999,54.470001,55.119999,1500,55.076352
2015-12-21,55.099998,55.099998,54.349998,54.599998,4400,54.556764
2015-12-18,54.900002,54.900002,54.27,54.360001,1500,54.316956
2015-12-17,55.560001,55.560001,55.560001,55.560001,500,54.911484
2015-12-16,55.650002,55.66,55.650002,55.650002,1600,55.000434
2015-12-15,54.98,54.98,54.240002,54.52,2500,53.883622
2015-12-14,54.400002,55.00,53.900002,54.369999,12800,53.735372
2015-12-11,55.66,55.66,54.34,54.509998,3400,53.873737
2015-12-10,55.939999,55.939999,55.490002,55.490002,1600,54.842301
2015-12-09,56.490002,56.860001,56.07,56.07,2100,55.415529
2015-12-08,56.259998,56.59,56.18,56.59,4000,55.92946
2015-12-07,56.889999,56.900002,56.50,56.610001,3000,55.949227
2015-12-04,56.91,57.200001,56.91,56.919998,2100,56.255606
2015-12-03,57.18,57.18,56.59,56.59,2600,55.92946
2015-12-02,57.849998,58.110001,56.990002,57.369999,10800,56.700355
2015-12-01,59.84,59.84,57.77,57.880001,4100,57.204404
2015-11-30,58.849998,59.060001,58.43,58.43,3100,57.747983
2015-11-27,59.860001,59.860001,58.50,59.00,4000,58.31133
2015-11-25,58.419998,58.860001,58.419998,58.84,1900,58.153197
2015-11-24,58.060001,58.07,57.580002,57.66,1300,56.986971
2015-11-23,57.16,58.139999,57.16,58.139999,6900,57.461367
2015-11-20,57.580002,57.73,57.380001,57.419998,2300,56.74977
2015-11-19,57.799999,57.799999,56.779999,57.00,36800,56.334674
2015-11-18,56.470001,57.389999,56.470001,57.389999,5800,56.720122
2015-11-17,57.529999,57.529999,56.360001,56.43,2100,55.771328
2015-11-16,56.740002,57.59,56.330002,56.869999,5300,56.206191
2015-11-13,57.48,57.48,56.799999,56.799999,3100,56.137008
2015-11-12,58.209999,58.209999,56.540001,56.540001,4600,55.880045
2015-11-11,58.759998,58.759998,58.040001,58.040001,2800,57.362536
2015-11-10,57.84,58.139999,57.84,58.139999,4500,57.461367
2015-11-09,59.200001,59.200001,57.759998,58.02,4200,57.342769
2015-11-06,58.990002,59.50,57.75,58.25,5300,57.570084
2015-11-05,58.709999,59.990002,58.02,58.290001,5000,57.609618
2015-11-04,58.34,58.369999,57.759998,57.759998,3500,57.085802
2015-11-03,57.939999,58.41,57.939999,58.330002,4600,57.649152
2015-11-02,57.82,58.380001,57.400002,58.099998,6200,57.421833
2015-10-30,57.580002,57.799999,57.419998,57.740002,7500,57.066039
2015-10-29,57.049999,62.759998,57.049999,57.59,5400,56.917788
2015-10-28,56.84,56.84,56.549999,56.57,8200,55.909693
2015-10-27,57.66,57.66,56.700001,56.759998,7100,56.097474
2015-10-26,57.919998,57.919998,57.509998,57.599998,4400,56.92767
2015-10-23,58.360001,58.360001,57.849998,58.080002,1900,57.40207
2015-10-22,57.900002,58.040001,57.709999,58.040001,1500,57.362536
2015-10-21,56.889999,56.889999,56.759998,56.849998,3900,56.186424
2015-10-20,57.209999,57.209999,56.830002,57.009998,1600,56.344556
2015-10-19,57.830002,57.830002,57.09,57.139999,4000,56.47304
2015-10-16,56.740002,57.240002,56.73,57.09,2500,56.423624
2015-10-15,57.040001,57.040001,55.900002,55.900002,2200,55.247516
2015-10-14,56.91,56.91,56.290001,56.34,4100,55.682378
2015-10-13,58.060001,58.060001,57.299999,57.299999,2700,56.631172
2015-10-12,57.48,57.630001,57.459999,57.630001,8400,56.957322
2015-10-09,56.880001,57.470001,56.880001,57.18,3300,56.512574
2015-10-08,56.830002,56.84,56.50,56.77,5600,56.10736
2015-10-07,56.439999,56.549999,56.060001,56.389999,9600,55.731794
2015-10-06,56.75,56.759998,56.57,56.57,1200,55.909693
2015-10-05,56.299999,56.900002,56.299999,56.900002,4300,56.235843
2015-10-02,54.330002,55.27,54.220001,55.27,4100,54.624868
2015-10-01,55.880001,55.880001,54.200001,54.48,2200,53.844088
2015-09-30,54.439999,54.52,54.369999,54.41,1600,53.774906
2015-09-29,55.380001,55.380001,54.040001,54.040001,4400,53.409226
2015-09-28,56.830002,56.830002,54.470001,54.57,4300,53.933038
2015-09-25,56.700001,56.709999,56.580002,56.580002,3800,55.919579
2015-09-24,56.110001,56.16,55.630001,56.119999,3800,55.464945
2015-09-23,55.650002,55.669998,55.419998,55.669998,1100,55.020197
2015-09-22,55.529999,55.529999,55.200001,55.34,37000,54.694051
2015-09-21,56.810001,56.810001,55.720001,56.060001,6100,55.405648
2015-09-18,56.52,56.52,55.259998,55.259998,1000,54.614983
2015-09-17,56.490002,56.66,56.490002,56.610001,600,55.892891
2015-09-16,56.419998,56.419998,56.27,56.32,900,55.606564
2015-09-15,55.25,55.43,55.25,55.41,5800,54.708092
2015-09-14,55.549999,55.549999,54.759998,54.91,6000,54.214425
2015-09-11,55.16,55.240002,55.029999,55.220001,4300,54.5205
2015-09-10,55.41,55.41,55.41,55.41,600,54.708092
2015-09-09,56.369999,56.369999,55.720001,56.080002,22600,55.369606
2015-09-08,55.580002,55.889999,55.580002,55.82,6700,55.112898
2015-09-04,54.860001,55.200001,54.860001,55.200001,2900,54.500753
2015-09-03,55.360001,55.400002,55.150002,55.150002,2200,54.451387
2015-09-02,53.970001,54.189999,53.970001,54.189999,700,53.503545
2015-09-01,53.799999,53.799999,53.150002,53.150002,4400,52.476722
2015-08-31,54.25,54.470001,54.240002,54.330002,5100,53.641775
2015-08-28,54.029999,54.25,53.860001,54.25,600,53.562786
2015-08-27,53.529999,54.099998,53.529999,53.790001,1500,53.108614
2015-08-26,52.540001,53.139999,52.240002,53.139999,1100,52.466846
2015-08-25,53.00,53.049999,52.189999,52.189999,7700,51.52888
2015-08-24,51.200001,52.419998,43.610001,52.419998,14500,51.755966
2015-08-21,51.50,54.77,51.50,54.150002,12200,53.464054
2015-08-20,55.599998,55.599998,55.139999,55.139999,1100,54.441511
2015-08-19,56.00,56.009998,55.57,55.57,1400,54.866065
2015-08-18,56.360001,56.360001,56.290001,56.290001,500,55.576945
2015-08-17,56.330002,56.52,55.709999,56.52,2600,55.804031
2015-08-14,56.119999,56.299999,56.119999,56.290001,700,55.576945
2015-08-13,54.990002,55.27,54.869999,54.869999,4200,54.174931
2015-08-12,54.900002,55.119999,54.900002,55.060001,2600,54.362527
2015-08-11,55.459999,55.459999,55.389999,55.389999,300,54.688345
2015-08-10,55.48,55.560001,55.48,55.560001,700,54.856193
2015-08-07,56.080002,56.080002,56.080002,56.080002,000,55.369606
2015-08-06,56.349998,56.349998,55.860001,56.080002,2100,55.369606
2015-08-05,56.299999,56.310001,56.209999,56.209999,700,55.497957
2015-08-04,55.830002,55.830002,55.830002,55.830002,1400,55.122773
2015-08-03,55.68,55.68,55.610001,55.610001,700,54.905559
2015-07-31,55.959999,56.099998,55.849998,55.849998,500,55.142517
2015-07-30,55.099998,55.68,55.099998,55.68,1600,54.974672
2015-07-29,55.049999,55.049999,55.049999,55.049999,000,54.352651
2015-07-28,54.200001,55.049999,54.200001,55.049999,600,54.352651
2015-07-27,54.290001,54.720001,53.59,54.349998,7400,53.661518
2015-07-24,54.220001,54.220001,54.220001,54.220001,700,53.533167
2015-07-23,55.700001,55.700001,55.02,55.02,1200,54.323033
2015-07-22,55.59,55.759998,55.560001,55.759998,18800,55.053656
2015-07-21,56.209999,56.209999,55.43,55.43,800,54.727839
2015-07-20,55.57,55.889999,55.57,55.889999,1700,55.182011
2015-07-17,56.380001,56.380001,56.060001,56.060001,1000,55.349859
2015-07-16,56.580002,56.580002,56.400002,56.400002,3800,55.685552
2015-07-15,56.23,56.23,56.00,56.110001,1100,55.399225
2015-07-14,56.529999,56.529999,56.529999,56.529999,200,55.813903
2015-07-13,56.279999,56.720001,56.279999,56.48,2400,55.764537
2015-07-10,55.810001,56.27,55.810001,56.259998,1600,55.547323
2015-07-09,60.32,60.32,55.41,55.560001,4000,54.856193
2015-07-08,55.93,55.93,55.400002,55.689999,2100,54.984544
2015-07-07,56.48,56.48,55.790001,56.07,4200,55.359731
2015-07-06,56.540001,56.630001,56.09,56.27,2400,55.557198
2015-07-02,57.16,57.16,56.529999,56.639999,3100,55.92251
2015-07-01,57.049999,57.169998,56.799999,57.150002,4300,56.426052
2015-06-30,56.950001,56.950001,56.709999,56.77,900,56.050864
2015-06-29,57.189999,57.189999,56.779999,56.93,1200,56.208837
2015-06-26,58.290001,58.290001,57.73,57.73,1500,56.998703
2015-06-25,57.990002,58.209999,57.939999,57.939999,1100,57.206042
2015-06-24,58.27,58.27,57.98,58.080002,1000,57.344271
2015-06-23,57.860001,57.860001,57.740002,57.77,800,57.038197
2015-06-22,58.00,58.00,57.91,57.91,3100,57.176423
2015-06-19,57.73,57.73,57.73,57.73,400,56.998703
2015-06-18,57.279999,57.82,57.259998,57.799999,1300,56.993766
2015-06-17,57.220001,57.220001,57.00,57.00,800,56.204925
2015-06-16,57.09,57.09,56.970001,57.040001,1300,56.244368
2015-06-15,56.669998,56.720001,56.669998,56.689999,800,55.899248
2015-06-12,56.880001,56.880001,56.880001,56.880001,500,56.0866
2015-06-11,56.970001,56.970001,56.970001,56.970001,300,56.175345
2015-06-10,57.259998,57.259998,57.080002,57.189999,2600,56.392274
2015-06-09,56.110001,56.48,56.110001,56.48,900,55.692178
2015-06-08,55.950001,56.099998,55.869999,55.970001,3400,55.189294
2015-06-05,55.900002,56.150002,55.900002,56.040001,4800,55.258317
2015-06-04,56.310001,56.52,56.209999,56.209999,3800,55.425944
2015-06-03,56.509998,56.68,56.349998,56.549999,1500,55.761201
2015-06-02,55.990002,56.619999,55.990002,56.34,1600,55.554132
2015-06-01,55.810001,56.27,55.799999,56.209999,2800,55.425944
2015-05-29,56.34,56.400002,55.98,55.98,3800,55.199152
2015-05-28,56.299999,56.439999,56.299999,56.43,6100,55.642876
2015-05-27,55.869999,56.470001,55.84,56.380001,15500,55.593575
2015-05-26,56.48,56.48,55.82,55.82,800,55.041384
2015-05-22,56.889999,56.959999,56.82,56.82,500,56.027436
2015-05-21,56.869999,57.080002,56.830002,56.849998,1100,56.057016
2015-05-20,56.950001,57.310001,56.73,57.080002,2900,56.283811
2015-05-19,56.75,56.75,56.599998,56.639999,2500,55.849946
2015-05-18,57.18,57.25,57.139999,57.139999,3000,56.342972
2015-05-15,56.00,56.360001,56.00,56.23,9500,55.445665
2015-05-14,54.619999,55.18,54.619999,55.18,7600,54.410312
2015-05-13,53.619999,54.139999,53.619999,54.139999,800,53.384818
2015-05-12,53.919998,53.919998,53.919998,53.919998,400,53.167885
2015-05-11,53.259998,54.27,53.259998,54.27,800,53.513006
2015-05-08,53.540001,53.66,53.540001,53.66,1100,52.911514
2015-05-07,53.07,53.27,53.07,53.27,900,52.526954
2015-05-06,52.82,52.82,52.709999,52.709999,4000,51.974764
2015-05-05,53.43,53.43,52.779999,52.830002,2100,52.093093
2015-05-04,53.00,53.369999,53.00,53.299999,700,52.556535
2015-05-01,52.580002,52.580002,52.23,52.23,1000,51.50146
2015-04-30,52.400002,52.400002,52.400002,52.400002,400,51.669091
2015-04-29,53.75,53.75,53.459999,53.459999,1400,52.714303
2015-04-28,54.369999,54.400002,53.950001,53.98,3000,53.22705
2015-04-27,53.900002,53.900002,53.419998,53.599998,1500,52.852349
2015-04-24,53.43,53.880001,53.43,53.73,2300,52.980537
2015-04-23,53.73,53.73,53.619999,53.650002,2500,52.901655
2015-04-22,53.849998,53.849998,53.549999,53.779999,1900,53.029839
2015-04-21,54.009998,54.040001,54.009998,54.009998,13600,53.25663
2015-04-20,53.740002,54.00,53.740002,53.98,32200,53.22705
2015-04-17,53.869999,53.869999,53.48,53.48,900,52.734024
2015-04-16,54.220001,54.41,54.220001,54.41,2300,53.651052
2015-04-15,54.389999,54.389999,54.380001,54.380001,400,53.621472
2015-04-14,54.189999,54.439999,54.110001,54.439999,900,53.680633
2015-04-13,54.259998,54.32,54.259998,54.32,300,53.562307
2015-04-10,54.459999,54.560001,54.209999,54.389999,6700,53.631331
2015-04-09,54.279999,54.299999,54.18,54.18,8300,53.424261
2015-04-08,54.32,54.540001,54.32,54.540001,2000,53.77924
2015-04-07,54.82,55.130001,54.630001,54.630001,2300,53.867985
2015-04-06,54.560001,55.27,54.560001,55.169998,1700,54.40045
2015-04-02,55.209999,55.209999,54.959999,54.959999,5200,54.19338
2015-04-01,54.439999,54.439999,54.32,54.32,600,53.562307
2015-03-31,54.07,54.07,54.07,54.07,400,53.315795
2015-03-30,53.98,54.549999,53.950001,54.450001,5400,53.690495
2015-03-27,53.349998,53.349998,53.349998,53.349998,000,52.605836
2015-03-26,53.27,53.400002,53.27,53.349998,800,52.605836
2015-03-25,54.369999,54.369999,53.580002,53.580002,4300,52.832632
2015-03-24,53.93,54.00,53.889999,53.939999,1800,53.187607
2015-03-23,54.240002,54.400002,54.240002,54.279999,2500,53.522865
2015-03-20,53.650002,53.939999,53.650002,53.939999,3500,53.187607
2015-03-19,52.830002,53.150002,52.790001,53.150002,2400,52.408629
2015-03-18,51.919998,52.950001,51.91,52.84,1300,52.102952
2015-03-17,52.02,52.50,52.02,52.50,9700,51.767694
2015-03-16,52.48,52.48,52.139999,52.32,5900,51.590205
2015-03-13,52.139999,52.279999,52.00,52.279999,1600,51.550762
2015-03-12,52.400002,52.419998,52.330002,52.419998,2500,51.688808
2015-03-11,51.41,51.470001,51.110001,51.43,7200,50.71262
2015-03-10,51.349998,52.00,51.349998,51.93,2000,51.205645
2015-03-09,52.130001,52.599998,52.130001,52.57,2200,51.836718
2015-03-06,52.169998,52.169998,52.169998,52.169998,300,51.442296
2015-03-05,52.599998,52.939999,52.599998,52.939999,600,52.201556
2015-03-04,53.119999,53.41,53.060001,53.330002,4200,52.586119
2015-03-03,53.32,53.560001,53.220001,53.560001,1700,52.81291
2015-03-02,53.50,53.599998,53.330002,53.599998,1800,52.852349
2015-02-27,53.57,53.66,53.41,53.41,8400,52.665001
2015-02-26,53.529999,53.68,53.419998,53.52,23600,52.773467
2015-02-25,53.52,53.610001,53.41,53.459999,4400,52.714303
2015-02-24,53.599998,53.939999,53.439999,53.939999,2400,53.187607
2015-02-23,53.360001,53.509998,53.360001,53.509998,44300,52.763605
2015-02-20,52.919998,53.389999,52.810001,53.389999,16000,52.645279
2015-02-19,53.439999,53.650002,53.330002,53.43,20500,52.684722
2015-02-18,53.00,53.810001,52.509998,53.700001,126000,52.950957
2015-02-17,52.75,53.380001,52.59,53.009998,70200,52.270579
2015-02-13,52.970001,52.970001,52.709999,52.790001,3100,52.05365
2015-02-12,52.900002,52.98,52.830002,52.98,9300,52.240999
2015-02-11,53.09,53.09,52.25,52.639999,5700,51.905741
2015-02-10,53.23,53.23,52.50,52.919998,12800,52.181834
2015-02-09,53.130001,53.310001,52.66,52.66,7000,51.925462
2015-02-06,53.59,53.59,53.029999,53.029999,4600,52.2903
2015-02-05,53.290001,53.290001,53.110001,53.220001,1000,52.477653
2015-02-04,53.279999,53.349998,53.23,53.279999,700,52.536813
2015-02-03,52.93,53.029999,52.889999,53.029999,1600,52.2903
2015-02-02,52.040001,52.09,51.599998,52.080002,4000,51.353555
2015-01-30,52.610001,52.610001,51.98,51.990002,2000,51.26481
2015-01-29,52.880001,52.919998,52.470001,52.849998,8500,52.112811
2015-01-28,53.509998,53.509998,52.599998,52.610001,19900,51.876161
2015-01-27,53.52,53.549999,53.330002,53.400002,5700,52.655142
2015-01-26,54.299999,54.299999,53.830002,54.200001,3800,53.443982
2015-01-23,55.349998,55.349998,54.009998,54.040001,1400,53.286214
2015-01-22,53.75,54.07,53.75,54.07,2100,53.315795
2015-01-21,53.59,53.599998,53.119999,53.209999,3400,52.46779
2015-01-20,54.049999,54.50,53.16,53.549999,30500,52.803047
2015-01-16,53.27,53.27,53.07,53.150002,6000,52.408629
2015-01-15,53.310001,53.310001,53.040001,53.040001,3700,52.300163
2015-01-14,52.869999,53.240002,52.75,53.240002,24400,52.497374
2015-01-13,53.16,53.950001,53.16,53.68,8500,52.931235
2015-01-12,52.939999,52.959999,52.799999,52.82,6200,52.08323
2015-01-09,53.669998,53.689999,53.16,53.16,2000,52.418488
2015-01-08,53.779999,53.880001,53.639999,53.740002,7800,52.9904
2015-01-07,53.349998,53.349998,53.07,53.07,3400,52.329743
2015-01-06,53.189999,53.400002,52.759998,53.040001,7400,52.300163
2015-01-05,53.509998,53.509998,52.970001,53.360001,31200,52.615699
2015-01-02,55.439999,55.439999,53.509998,53.849998,4900,53.098862
2014-12-31,54.959999,55.18,54.470001,54.470001,2500,53.710217
2014-12-30,55.150002,55.18,55.09,55.09,3000,54.321567
2014-12-29,55.459999,55.459999,54.919998,55.00,4300,54.232823
2014-12-26,54.900002,55.16,54.900002,55.029999,12900,54.262403
2014-12-24,55.27,55.27,54.540001,54.849998,2500,54.084913
2014-12-23,55.880001,56.099998,55.52,55.75,33600,54.433979
2014-12-22,55.009998,55.509998,55.009998,55.509998,3000,54.199642
2014-12-19,54.950001,54.950001,54.950001,54.950001,1400,53.652864
2014-12-18,54.830002,55.200001,54.830002,55.200001,17400,53.674346
2014-12-17,53.259998,54.02,53.259998,54.00,3400,52.507512
2014-12-16,52.75,53.700001,52.75,53.02,18900,51.554598
2014-12-15,53.580002,53.580002,52.799999,52.959999,6800,51.496255
2014-12-12,53.549999,53.970001,53.48,53.48,3500,52.001883
2014-12-11,53.189999,54.560001,53.189999,54.450001,3300,52.945075
2014-12-10,53.880001,53.880001,53.880001,53.880001,700,52.390829
2014-12-09,53.259998,54.25,53.259998,54.200001,7000,52.701985
2014-12-08,54.139999,54.360001,53.689999,53.689999,2800,52.206078
2014-12-05,53.919998,53.990002,53.73,53.950001,3300,52.458894
2014-12-04,53.580002,53.669998,53.580002,53.610001,1500,52.128291
2014-12-03,53.889999,54.110001,53.889999,53.900002,2200,52.410277
2014-12-02,53.349998,53.599998,53.200001,53.599998,3000,52.118566
2014-12-01,53.049999,53.209999,52.939999,53.110001,3100,51.642111
2014-11-28,53.900002,53.900002,53.669998,53.669998,9900,52.186631
2014-11-26,53.360001,53.59,53.34,53.419998,14200,51.94354
2014-11-25,53.66,53.66,52.900002,53.029999,2100,51.56432
2014-11-24,53.50,53.599998,53.50,53.50,2800,52.021331
2014-11-21,53.41,53.650002,53.32,53.32,9600,51.846306
2014-11-20,52.720001,53.16,52.720001,53.099998,7000,51.632385
2014-11-19,53.369999,53.369999,52.759998,52.880001,13500,51.418468
2014-11-18,53.209999,53.209999,53.130001,53.169998,2000,51.70045
2014-11-17,53.310001,53.369999,53.029999,53.029999,9900,51.56432
2014-11-14,53.509998,53.52,53.240002,53.240002,19300,51.768519
2014-11-13,54.049999,54.060001,53.639999,53.75,3200,52.264421
2014-11-12,53.919998,54.009998,53.810001,54.009998,1600,52.517234
2014-11-11,55.029999,55.029999,53.560001,53.830002,54400,52.342212
2014-11-10,53.560001,53.799999,53.549999,53.740002,10500,52.254699
2014-11-07,54.27,54.27,53.27,53.669998,8600,52.186631
2014-11-06,53.950001,54.25,53.900002,53.98,6500,52.488064
2014-11-05,54.34,54.34,53.939999,54.02,5200,52.526959
2014-11-04,53.77,53.98,53.720001,53.779999,5000,52.293591
2014-11-03,53.73,53.950001,53.57,53.779999,13100,52.293591
2014-10-31,53.32,53.900002,53.279999,53.77,5600,52.283869
2014-10-30,52.25,52.82,52.209999,52.740002,6800,51.282338
2014-10-29,52.290001,52.68,52.139999,52.400002,48100,50.951735
2014-10-28,50.869999,52.200001,50.869999,52.200001,9900,50.757262
2014-10-27,50.779999,50.900002,50.459999,50.900002,15000,49.493193
2014-10-24,50.970001,50.970001,50.650002,50.959999,3400,49.551532
2014-10-23,51.150002,51.259998,50.900002,50.950001,33600,49.54181
2014-10-22,51.419998,51.619999,50.900002,50.900002,7000,49.493193
2014-10-21,51.00,51.560001,51.00,51.439999,24400,50.018265
2014-10-20,50.07,50.959999,50.07,50.959999,66200,49.551532
2014-10-17,50.529999,50.599998,50.009998,50.599998,33900,49.201482
2014-10-16,50.970001,50.970001,48.810001,50.290001,44300,48.900052
2014-10-15,50.50,50.599998,49.52,50.470001,40600,49.075077
2014-10-14,52.040001,52.040001,50.779999,50.779999,62400,49.376507
2014-10-13,50.540001,51.299999,50.25,50.75,72800,49.347337
2014-10-10,50.959999,51.279999,50.959999,51.099998,1200,49.687662
2014-10-09,51.75,51.75,50.77,50.84,5300,49.43485
2014-10-08,50.939999,50.939999,50.540001,50.540001,1300,49.143142
2014-10-07,51.32,51.32,51.00,51.00,1600,49.590428
2014-10-06,51.240002,51.240002,51.240002,51.240002,000,49.823796
2014-10-03,51.02,51.34,51.02,51.240002,1100,49.823796
2014-10-02,50.619999,50.73,50.529999,50.73,1100,49.32789
2014-10-01,50.470001,50.470001,50.18,50.310001,9000,48.9195
2014-09-30,51.169998,51.169998,50.880001,50.889999,2200,49.483467
2014-09-29,50.66,50.91,50.66,50.91,10700,49.502915
2014-09-26,50.41,50.75,50.41,50.75,500,49.347337
2014-09-25,50.119999,50.360001,50.119999,50.290001,13400,48.900052
2014-09-24,50.619999,50.970001,50.610001,50.970001,13500,49.561258
2014-09-23,50.77,50.77,50.369999,50.369999,1300,48.977839
2014-09-22,51.040001,51.040001,50.889999,51.009998,2200,49.60015
2014-09-19,51.52,51.52,51.470001,51.470001,500,50.047439
2014-09-18,51.380001,51.509998,51.299999,51.509998,1400,50.010483
2014-09-17,51.130001,51.43,51.130001,51.220001,3200,49.728928
2014-09-16,50.98,51.220001,50.98,51.220001,1100,49.728928
2014-09-15,51.290001,51.290001,50.799999,50.919998,9200,49.437659
2014-09-12,51.68,51.68,51.360001,51.360001,5200,49.864852
2014-09-11,51.459999,51.759998,51.459999,51.66,1900,50.156118
2014-09-10,51.169998,51.529999,51.169998,51.529999,2300,50.029901
2014-09-09,51.689999,51.689999,51.200001,51.200001,500,49.70951
2014-09-08,51.009998,51.09,51.009998,51.09,2000,49.602712
2014-09-05,50.93,51.080002,50.93,51.040001,1900,49.554168
2014-09-04,51.330002,51.43,50.919998,50.919998,1700,49.437659
2014-09-03,51.400002,51.400002,51.259998,51.259998,1200,49.767761
2014-09-02,51.150002,51.50,51.049999,51.450001,1400,49.952232
2014-08-29,50.810001,51.07,50.810001,51.07,1200,49.583293
2014-08-28,50.82,50.93,50.709999,50.880001,7100,49.398826
2014-08-27,51.07,51.07,50.970001,50.970001,300,49.486206
2014-08-26,50.77,50.77,50.77,50.77,300,49.292028
2014-08-25,50.91,50.91,50.91,50.91,400,49.427951
2014-08-22,50.279999,50.610001,50.279999,50.509998,3800,49.039594
2014-08-21,50.439999,50.439999,50.369999,50.369999,600,48.90367
2014-08-20,50.16,50.349998,50.150002,50.330002,2800,48.864838
2014-08-19,50.439999,50.549999,50.439999,50.50,2900,49.029887
2014-08-18,49.860001,50.43,49.860001,50.360001,3600,48.893963
2014-08-15,49.810001,49.810001,49.810001,49.810001,700,48.359975
2014-08-14,50.02,50.110001,49.959999,49.959999,500,48.505606
2014-08-13,49.799999,49.799999,49.799999,49.799999,300,48.350264
2014-08-12,49.880001,49.880001,49.610001,49.610001,800,48.165797
2014-08-11,49.98,50.330002,49.98,50.099998,12800,48.64153
2014-08-08,48.849998,49.189999,48.849998,49.189999,600,47.758021
2014-08-07,48.50,48.650002,48.50,48.650002,800,47.233744
2014-08-06,47.73,48.419998,47.73,48.34,4500,46.932767
2014-08-05,47.75,48.080002,47.720001,47.880001,6900,46.486159
2014-08-04,47.82,48.009998,45.619999,48.009998,7000,46.612372
2014-08-01,47.610001,47.700001,47.549999,47.700001,4000,46.311399
2014-07-31,47.880001,47.939999,47.509998,47.529999,3400,46.146346
2014-07-30,48.889999,48.889999,48.290001,48.32,5500,46.913349
2014-07-29,49.060001,49.060001,48.68,48.68,1300,47.26287
2014-07-28,49.00,49.00,48.66,48.93,4800,47.505592
2014-07-25,49.119999,49.119999,49.029999,49.099998,1500,47.670641
2014-07-24,49.419998,49.549999,49.330002,49.419998,8300,47.981325
2014-07-23,49.459999,49.459999,49.259998,49.299999,3800,47.86482
2014-07-22,49.50,49.529999,49.450001,49.470001,2000,48.029873
2014-07-21,49.099998,49.18,49.080002,49.080002,1400,47.651227
2014-07-18,49.560001,49.720001,49.560001,49.720001,800,48.272595
2014-07-17,49.240002,49.240002,49.130001,49.130001,1100,47.69977
2014-07-16,49.470001,49.830002,49.470001,49.830002,1800,48.379393
2014-07-15,49.98,49.98,49.889999,49.98,1400,48.525024
2014-07-14,50.68,50.740002,50.650002,50.740002,9100,49.262902
2014-07-11,50.34,50.389999,50.040001,50.389999,1000,48.923089
2014-07-10,50.119999,50.209999,49.740002,50.209999,1000,48.748328
2014-07-09,50.810001,50.810001,50.810001,50.810001,300,49.330864
2014-07-08,50.84,50.84,50.560001,50.560001,500,49.088142
2014-07-07,51.139999,51.139999,50.990002,51.07,900,49.583293
2014-07-03,51.490002,51.509998,51.490002,51.509998,400,50.010483
2014-07-02,51.07,51.200001,51.07,51.130001,8500,49.641548
2014-07-01,50.900002,51.25,50.889999,51.189999,6300,49.699799
2014-06-30,50.41,50.57,50.02,50.529999,2800,49.059013
2014-06-27,49.959999,50.220001,49.959999,50.16,2500,48.699785
2014-06-26,50.07,50.07,49.880001,50.029999,14900,48.573568
2014-06-25,49.970001,50.369999,49.66,50.18,16500,48.719203
2014-06-24,49.970001,50.43,49.959999,50.009998,4200,48.55415
2014-06-23,50.580002,50.630001,50.299999,50.299999,3800,48.835709
2014-06-20,50.48,50.48,50.48,50.48,300,49.010469
2014-06-19,50.759998,50.889999,50.759998,50.889999,1300,49.390088
2014-06-18,50.41,50.540001,50.279999,50.540001,1000,49.050405
2014-06-17,50.529999,50.639999,50.50,50.639999,1100,49.147456
2014-06-16,49.799999,50.240002,49.799999,50.240002,6200,48.759248
2014-06-13,50.099998,50.099998,49.709999,49.830002,2000,48.361332
2014-06-12,49.75,49.75,49.650002,49.720001,2000,48.254574
2014-06-11,50.139999,50.139999,49.759998,49.790001,1100,48.32251
2014-06-10,50.27,50.27,49.84,50.150002,170700,48.6719
2014-06-09,50.09,50.349998,50.00,50.349998,6900,48.866003
2014-06-06,49.91,50.25,49.91,50.200001,5300,48.720426
2014-06-05,49.299999,50.139999,49.18,50.040001,11100,48.565142
2014-06-04,49.369999,49.509998,49.369999,49.419998,1500,47.963413
2014-06-03,49.57,49.57,49.189999,49.369999,3400,47.914887
2014-06-02,48.439999,49.700001,48.439999,49.68,2600,48.215752
2014-05-30,49.75,49.900002,49.720001,49.720001,1800,48.254574
2014-05-29,49.310001,49.919998,49.310001,49.919998,32000,48.448676
2014-05-28,49.610001,49.610001,49.119999,49.400002,34000,47.944006
2014-05-27,48.900002,49.50,48.900002,49.48,1400,48.021646
2014-05-23,48.639999,48.889999,48.639999,48.889999,2400,47.449035
2014-05-22,48.529999,48.860001,48.529999,48.860001,1400,47.41992
2014-05-21,47.950001,48.060001,47.830002,48.060001,2800,46.6435
2014-05-20,48.099998,48.099998,47.73,48.00,4000,46.585267
2014-05-19,48.290001,48.43,48.240002,48.419998,3300,46.992886
2014-05-16,47.860001,47.990002,47.720001,47.990002,1300,46.575563
2014-05-15,48.040001,48.040001,47.400002,47.52,3600,46.119415
2014-05-14,48.43,48.470001,48.150002,48.169998,4200,46.750255
2014-05-13,49.189999,49.189999,49.099998,49.099998,700,47.652845
2014-05-12,49.060001,49.490002,49.060001,49.450001,2700,47.992531
2014-05-09,48.02,48.50,48.02,48.34,3200,46.915246
2014-05-08,48.720001,48.720001,48.299999,48.32,1800,46.895835
2014-05-07,49.099998,49.119999,48.939999,49.07,1100,47.62373
2014-05-06,49.34,49.34,49.00,49.130001,1600,47.681963
2014-05-05,49.610001,49.610001,49.380001,49.450001,1700,47.992531
2014-05-02,49.610001,49.889999,49.610001,49.720001,2700,48.254574
2014-05-01,49.889999,49.889999,48.560001,49.00,3300,47.555793
2014-04-30,49.130001,49.66,49.130001,49.66,11600,48.196341
2014-04-29,49.990002,49.990002,49.75,49.869999,4800,48.40015
2014-04-28,49.799999,49.900002,49.400002,49.900002,2900,48.429269
2014-04-25,50.02,50.02,49.439999,49.470001,7800,48.011942
2014-04-24,50.080002,50.080002,50.080002,50.080002,300,48.603964
2014-04-23,50.529999,50.529999,50.23,50.389999,1200,48.904825
2014-04-22,50.25,50.779999,50.25,50.529999,1900,49.040698
2014-04-21,50.110001,50.220001,49.889999,50.009998,10300,48.536023
2014-04-17,49.990002,49.990002,49.990002,49.990002,000,48.516616
2014-04-16,49.849998,50.110001,49.849998,49.990002,1500,48.516616
2014-04-15,49.990002,49.990002,49.189999,49.709999,3600,48.244866
2014-04-14,49.830002,50.07,49.57,49.59,2700,48.128404
2014-04-11,49.669998,49.740002,49.34,49.349998,3900,47.895476
2014-04-10,50.279999,50.400002,49.439999,49.900002,2500,48.429269
2014-04-09,50.669998,50.669998,50.290001,50.380001,2500,48.895121
2014-04-08,50.310001,50.43,49.919998,50.41,1500,48.924236
2014-04-07,49.84,50.18,49.810001,50.009998,7700,48.536023
2014-04-04,50.700001,51.18,49.91,50.080002,2900,48.603964
2014-04-03,51.18,51.18,50.68,50.689999,4200,49.195982
2014-04-02,50.779999,51.139999,50.779999,51.060001,1300,49.555079
2014-04-01,50.389999,50.689999,50.389999,50.689999,2000,49.195982
2014-03-31,49.75,50.57,49.75,50.57,7500,49.07952
2014-03-28,49.509998,49.889999,49.509998,49.689999,2000,48.225455
2014-03-27,49.419998,49.43,49.419998,49.43,900,47.97312
2014-03-26,49.900002,49.900002,49.549999,49.549999,1600,48.089582
2014-03-25,49.98,50.07,49.889999,50.029999,8000,48.555434
2014-03-24,49.950001,50.049999,49.740002,49.849998,3300,48.380739
2014-03-21,50.00,50.439999,50.00,50.139999,2700,48.662193
2014-03-20,50.009998,50.150002,49.889999,49.959999,4000,48.487498
2014-03-19,50.330002,50.419998,49.900002,49.919998,13900,48.448676
2014-03-18,50.130001,50.34,50.00,50.27,5500,48.788362
2014-03-17,50.02,50.02,50.02,50.02,1000,48.545731
2014-03-14,49.200001,49.599998,49.200001,49.52,2600,48.060468
2014-03-13,49.290001,49.360001,49.07,49.07,2000,47.62373
2014-03-12,48.619999,49.209999,48.450001,49.119999,6500,47.672256
2014-03-11,49.299999,49.299999,48.52,48.630001,4200,47.1967
2014-03-10,49.18,49.290001,49.080002,49.290001,3200,47.837247
2014-03-07,49.66,49.66,49.009998,49.349998,4000,47.895476
2014-03-06,49.549999,49.549999,48.889999,49.299999,18400,47.846951
2014-03-05,49.610001,49.610001,49.220001,49.290001,4700,47.837247
2014-03-04,48.450001,49.630001,48.450001,49.630001,5800,48.167226
2014-03-03,48.18,48.27,47.630001,48.110001,14900,46.692026
2014-02-28,48.43,48.669998,48.389999,48.389999,9400,46.963772
2014-02-27,48.009998,48.200001,48.00,48.169998,28400,46.750255
2014-02-26,48.080002,48.389999,47.860001,48.220001,6700,46.798784
2014-02-25,47.799999,48.18,47.75,47.799999,17800,46.391161
2014-02-24,47.459999,47.959999,47.419998,47.740002,38100,46.332932
2014-02-21,47.75,47.75,47.419998,47.450001,74400,46.051478
2014-02-20,47.209999,47.75,47.119999,47.68,94900,46.274699
2014-02-19,47.580002,47.689999,47.02,47.029999,116600,45.643855
2014-02-18,47.50,47.73,47.23,47.400002,194300,46.002953
2014-02-14,47.009998,47.57,47.009998,47.560001,27300,46.158237
2014-02-13,46.060001,47.060001,45.779999,46.98,14200,45.59533
2014-02-12,46.709999,46.709999,46.099998,46.18,6100,44.818909
2014-02-11,46.130001,46.57,46.040001,46.57,18800,45.197414
2014-02-10,46.110001,46.400002,45.900002,46.279999,33000,44.91596
2014-02-07,46.23,46.259998,45.970001,46.18,5900,44.818909
2014-02-06,45.919998,46.23,45.919998,46.110001,7000,44.750973
2014-02-05,45.689999,45.939999,45.639999,45.720001,10400,44.372468
2014-02-04,45.880001,46.080002,45.419998,46.080002,4400,44.721858
2014-02-03,46.880001,46.880001,45.630001,45.799999,35400,44.450108
2014-01-31,46.59,47.279999,46.59,46.889999,12900,45.507982
2014-01-30,46.919998,47.580002,46.91,47.419998,4100,46.02236
2014-01-29,47.049999,47.09,46.549999,46.740002,10000,45.362405
2014-01-28,46.93,47.389999,46.93,47.389999,6300,45.993245
2014-01-27,47.439999,47.439999,46.669998,46.91,18900,45.527393
2014-01-24,47.669998,47.740002,47.200001,47.25,12600,45.857372
2014-01-23,48.259998,48.259998,47.98,48.209999,2100,46.789077
2014-01-22,48.139999,48.549999,48.099998,48.32,28900,46.895835
2014-01-21,47.880001,48.290001,47.880001,48.240002,7700,46.818195
2014-01-17,48.110001,48.259998,47.919998,47.970001,7300,46.556152
2014-01-16,48.029999,48.299999,47.98,48.080002,6000,46.662911
2014-01-15,48.07,48.310001,47.869999,48.119999,14300,46.701729
2014-01-14,47.889999,47.990002,47.759998,47.869999,14700,46.459098
2014-01-13,48.34,48.52,47.470001,47.509998,13400,46.109708
2014-01-10,48.299999,48.48,48.150002,48.41,26900,46.983183
2014-01-09,48.790001,48.790001,48.150002,48.540001,4400,47.109352
2014-01-08,48.77,48.900002,48.41,48.610001,25500,47.177289
2014-01-07,48.860001,49.310001,48.860001,49.220001,15300,47.76931
2014-01-06,49.200001,49.290001,48.59,48.59,23500,47.157878
2014-01-03,48.98,49.209999,48.759998,49.00,12600,47.555793
2014-01-02,49.610001,49.610001,48.849998,49.00,9500,47.555793
2013-12-31,49.900002,50.040001,49.790001,49.830002,14800,48.361332
2013-12-30,49.900002,49.93,49.389999,49.869999,3300,48.40015
2013-12-27,49.799999,49.799999,49.59,49.599998,1700,48.138108
2013-12-26,49.919998,49.970001,49.720001,49.970001,7900,48.497205
2013-12-24,49.709999,49.889999,49.709999,49.73,1400,48.264277
2013-12-23,48.950001,49.639999,48.950001,49.639999,12900,48.17693
2013-12-20,48.34,48.939999,48.34,48.639999,15600,47.206403
2013-12-19,48.709999,48.75,48.540001,48.75,4800,47.176317
2013-12-18,48.450001,48.849998,48.099998,48.849998,3200,47.273087
2013-12-17,48.080002,48.240002,48.009998,48.23,86100,46.673102
2013-12-16,48.439999,48.439999,48.169998,48.34,6600,46.779552
2013-12-13,47.950001,48.080002,47.740002,48.07,3800,46.518267
2013-12-12,48.02,48.099998,47.73,48.029999,6100,46.479558
2013-12-11,48.860001,49.209999,48.049999,48.310001,6000,46.750522
2013-12-10,49.580002,49.580002,48.779999,48.860001,160000,47.282766
2013-12-09,49.84,50.00,49.75,49.919998,6000,48.308547
2013-12-06,49.75,49.790001,49.34,49.790001,6000,48.182746
2013-12-05,48.709999,49.119999,48.700001,49.119999,11800,47.534372
2013-12-04,48.52,49.049999,48.52,48.720001,4500,47.147286
2013-12-03,48.880001,49.02,48.619999,48.73,6000,47.156962
2013-12-02,49.32,49.32,48.77,48.959999,3900,47.379537
2013-11-29,49.470001,49.610001,49.400002,49.400002,6500,47.805336
2013-11-27,49.16,49.369999,48.98,49.310001,14600,47.718241
2013-11-26,48.490002,49.299999,48.490002,49.150002,15800,47.563406
2013-11-25,48.900002,48.93,48.27,48.27,29200,46.711812
2013-11-22,48.639999,48.98,48.580002,48.919998,5400,47.340827
2013-11-21,48.060001,48.700001,48.060001,48.68,6000,47.108577
2013-11-20,48.709999,48.709999,46.50,48.009998,6300,46.460203
2013-11-19,48.240002,48.630001,48.169998,48.259998,3600,46.702133
2013-11-18,48.959999,48.959999,48.50,48.669998,6400,47.098897
2013-11-15,49.130001,49.25,48.889999,48.970001,15900,47.389216
2013-11-14,49.220001,49.290001,49.02,49.200001,22800,47.611791
2013-11-13,48.849998,49.209999,48.580002,49.209999,3600,47.621467
2013-11-12,48.799999,48.799999,48.459999,48.799999,6600,47.224702
2013-11-11,49.169998,49.169998,48.619999,48.75,4800,47.176317
2013-11-08,48.849998,49.130001,46.50,48.849998,12500,47.273087
2013-11-07,49.799999,49.799999,48.459999,48.459999,7100,46.895677
2013-11-06,49.529999,49.75,49.34,49.360001,8800,47.766626
2013-11-05,49.360001,49.360001,48.849998,49.349998,7900,47.756947
2013-11-04,49.00,49.080002,48.77,49.00,8400,47.418247
2013-11-01,48.91,48.91,48.32,48.759998,8700,47.185992
2013-10-31,49.419998,49.419998,48.650002,48.650002,12700,47.079546
2013-10-30,49.959999,49.959999,49.400002,49.400002,22600,47.805336
2013-10-29,49.990002,49.990002,49.52,49.810001,18400,48.2021
2013-10-28,49.459999,49.459999,49.09,49.34,12200,47.747271
2013-10-25,49.09,49.09,48.68,48.98,10000,47.398892
2013-10-24,48.50,48.830002,48.290001,48.799999,8100,47.224702
2013-10-23,48.310001,48.310001,48.09,48.240002,10600,46.682781
2013-10-22,48.450001,48.689999,48.209999,48.23,21400,46.673102
2013-10-21,48.43,48.43,48.139999,48.299999,24900,46.740842
2013-10-18,48.259998,48.310001,47.919998,48.259998,10400,46.702133
2013-10-17,47.459999,47.880001,47.32,47.830002,9100,46.286017
2013-10-16,47.830002,47.830002,46.560001,47.48,7500,45.947313
2013-10-15,47.16,47.18,46.84,46.98,5000,45.463453
2013-10-14,46.900002,47.290001,46.66,47.290001,2600,45.763447
2013-10-11,46.610001,47.09,46.41,47.09,33700,45.569903
2013-10-10,46.07,46.790001,45.990002,46.57,10800,45.066688
2013-10-09,45.68,45.860001,45.43,45.779999,1400,44.302189
2013-10-08,46.18,46.279999,45.68,45.709999,7600,44.234449
2013-10-07,46.00,46.369999,46.00,46.310001,11100,44.815083
2013-10-04,45.84,46.459999,45.84,46.459999,3400,44.960239
2013-10-03,47.650002,47.650002,45.720001,45.990002,66100,44.505413
2013-10-02,46.290001,46.540001,46.27,46.400002,4300,44.902178
2013-10-01,46.580002,46.720001,46.560001,46.709999,14300,45.202168
2013-09-30,46.18,46.580002,46.18,46.580002,12100,45.076368
2013-09-27,46.799999,46.799999,46.73,46.799999,4000,45.289263
2013-09-26,47.099998,47.110001,46.639999,46.73,3400,45.221523
2013-09-25,46.900002,47.119999,46.689999,46.709999,4900,45.202168
2013-09-24,46.82,47.279999,46.66,46.860001,3400,45.347328
2013-09-23,47.34,47.650002,46.470001,47.18,23900,45.656998
2013-09-20,47.540001,47.540001,46.919998,47.09,1700,45.569903
2013-09-19,47.400002,47.439999,47.09,47.240002,16600,45.690869
2013-09-18,46.889999,47.470001,46.50,47.34,7600,45.787589
2013-09-17,46.23,46.889999,46.23,46.799999,7700,45.265296
2013-09-16,46.439999,46.59,46.349998,46.389999,10900,44.868741
2013-09-13,45.91,46.310001,45.91,46.209999,7500,44.694644
2013-09-12,46.060001,46.200001,45.919998,46.060001,8000,44.549565
2013-09-11,45.619999,46.080002,45.619999,46.009998,3900,44.501201
2013-09-10,45.709999,45.709999,45.580002,45.66,2600,44.16268
2013-09-09,44.84,45.50,44.84,45.450001,13400,43.959568
2013-09-06,44.389999,44.720001,44.389999,44.630001,600,43.166458
2013-09-05,44.790001,44.849998,44.650002,44.790001,8700,43.321211
2013-09-04,44.389999,44.610001,44.009998,44.549999,27100,43.08908
2013-09-03,45.00,45.099998,44.32,44.540001,49000,43.079409
2013-08-30,44.849998,44.849998,44.310001,44.310001,4400,42.856952
2013-08-29,45.009998,45.009998,44.82,44.900002,6800,43.427604
2013-08-28,44.779999,44.779999,44.330002,44.360001,6400,42.905312
2013-08-27,45.509998,45.509998,44.720001,44.720001,4800,43.253507
2013-08-26,45.93,45.939999,45.450001,45.630001,3900,44.133665
2013-08-23,45.700001,45.869999,45.639999,45.830002,12600,44.327107
2013-08-22,44.689999,46.23,44.689999,45.509998,3400,44.017598
2013-08-21,44.869999,44.869999,44.50,44.50,2300,43.04072
2013-08-20,44.23,44.759998,44.23,44.759998,2500,43.292192
2013-08-19,44.330002,44.400002,43.00,44.009998,7300,42.566787
2013-08-16,44.310001,44.450001,44.110001,44.110001,2500,42.66351
2013-08-15,44.75,44.75,44.189999,44.189999,3400,42.740885
2013-08-14,45.860001,45.860001,45.509998,45.509998,3300,44.017598
2013-08-13,47.450001,47.450001,45.52,45.790001,7400,44.288418
2013-08-12,45.57,45.810001,45.529999,45.68,5400,44.182025
2013-08-09,45.830002,45.830002,45.419998,45.560001,6700,44.065961
2013-08-08,45.799999,45.869999,45.59,45.709999,8400,44.21104
2013-08-07,46.139999,46.50,45.549999,45.580002,7100,44.085306
2013-08-06,46.900002,46.900002,46.040001,46.16,5300,44.646284
2013-08-05,46.16,46.529999,46.110001,46.529999,4800,45.00415
2013-08-02,46.349998,46.349998,45.599998,45.98,12600,44.472186
2013-08-01,45.810001,45.810001,45.549999,45.790001,6000,44.288418
2013-07-31,46.75,46.75,45.16,45.16,11100,43.679077
2013-07-30,45.880001,46.150002,45.25,45.459999,33000,43.969238
2013-07-29,46.080002,46.080002,45.639999,45.709999,25000,44.21104
2013-07-26,46.220001,46.220001,45.41,45.82,3800,44.317433
2013-07-25,45.540001,45.950001,45.439999,45.950001,10600,44.443171
2013-07-24,45.669998,45.669998,45.16,45.27,15200,43.78547
2013-07-23,46.450001,46.450001,45.400002,45.400002,4600,43.911208
2013-07-22,46.290001,46.290001,45.790001,45.93,23800,44.423827
2013-07-19,45.639999,45.73,45.57,45.689999,5100,44.191695
2013-07-18,45.880001,46.009998,45.669998,45.779999,9600,44.278744
2013-07-17,46.00,46.119999,45.580002,45.619999,88300,44.123991
2013-07-16,45.75,45.75,45.169998,45.689999,59800,44.191695
2013-07-15,45.25,45.50,45.07,45.34,23100,43.853174
2013-07-12,45.369999,45.369999,44.779999,44.970001,3400,43.495309
2013-07-11,45.18,45.18,44.669998,44.889999,5400,43.41793
2013-07-10,44.130001,44.330002,44.130001,44.209999,13200,42.760229
2013-07-09,43.810001,44.220001,43.810001,44.139999,11900,42.692525
2013-07-08,43.439999,43.450001,43.080002,43.34,4100,41.91876
2013-07-05,43.799999,43.799999,42.700001,42.869999,4500,41.464171
2013-07-03,42.450001,42.740002,42.400002,42.740002,2700,41.338437
2013-07-02,42.889999,42.889999,42.110001,42.549999,7300,41.154665
2013-07-01,42.099998,42.360001,42.099998,42.360001,800,40.970897
2013-06-28,41.790001,41.889999,41.619999,41.689999,4000,40.322867
2013-06-27,42.299999,42.299999,41.830002,41.919998,1300,40.545324
2013-06-26,41.549999,41.549999,41.310001,41.52,6700,40.158443
2013-06-25,41.240002,41.34,41.02,41.290001,9300,39.935986
2013-06-24,40.869999,41.240002,40.759998,41.07,29700,39.723199
2013-06-21,41.18,41.23,40.869999,41.23,1600,39.877952
2013-06-20,41.709999,41.790001,40.830002,41.130001,15800,39.781233
2013-06-19,42.66,42.75,42.290001,42.290001,2000,40.903193
2013-06-18,42.439999,42.779999,42.41,42.779999,1100,41.377123
2013-06-17,42.380001,42.439999,42.16,42.16,500,40.777455
2013-06-14,42.50,42.529999,41.91,42.16,10800,40.777455
2013-06-13,41.98,42.360001,41.98,42.32,2800,40.932208
2013-06-12,42.380001,42.389999,42.099998,42.150002,8300,40.767785
2013-06-11,41.959999,42.459999,41.959999,42.349998,27700,40.961223
2013-06-10,41.860001,42.369999,41.860001,42.240002,2300,40.854833
2013-06-07,41.419998,41.720001,41.419998,41.700001,2100,40.332541
2013-06-06,41.18,41.27,40.939999,40.959999,4000,39.616806
2013-06-05,41.439999,41.490002,41.150002,41.220001,8600,39.868282
2013-06-04,42.060001,42.060001,41.380001,41.380001,1300,40.023035
2013-06-03,41.529999,41.830002,41.380001,41.830002,2000,40.458279
2013-05-31,41.470001,41.470001,41.330002,41.380001,900,40.023035
2013-05-30,41.57,41.599998,41.52,41.599998,1000,40.235818
2013-05-29,41.959999,41.959999,41.41,41.41,900,40.05205
2013-05-28,41.880001,42.279999,41.75,41.970001,28200,40.593687
2013-05-24,41.16,41.470001,41.16,41.41,1700,40.05205
2013-05-23,41.34,41.400002,41.220001,41.400002,7900,40.042379
2013-05-22,42.009998,42.040001,41.060001,41.130001,6200,39.781233
2013-05-21,41.639999,41.77,41.52,41.59,3600,40.226147
2013-05-20,41.59,41.59,41.50,41.580002,1900,40.216477
2013-05-17,41.529999,41.700001,41.369999,41.700001,2600,40.332541
2013-05-16,41.419998,41.610001,41.419998,41.50,1200,40.139099
2013-05-15,41.00,41.310001,41.00,41.310001,700,39.95533
2013-05-14,40.459999,40.919998,40.459999,40.889999,1800,39.549102
2013-05-13,40.27,40.290001,40.18,40.240002,1300,38.920419
2013-05-10,40.25,40.27,40.23,40.23,400,38.910745
2013-05-09,40.130001,40.130001,40.130001,40.130001,200,38.814026
2013-05-08,40.299999,40.34,40.080002,40.27,8500,38.949434
2013-05-07,40.09,40.189999,39.98,40.189999,600,38.872056
2013-05-06,40.130001,40.130001,40.02,40.02,4700,38.707632
2013-05-03,39.68,40.139999,39.68,40.09,2400,38.775337
2013-05-02,39.580002,39.720001,39.41,39.709999,1800,38.407797
2013-05-01,40.029999,40.029999,39.540001,39.599998,1800,38.301403
2013-04-30,40.240002,40.259998,40.099998,40.220001,800,38.901074
2013-04-29,39.990002,40.41,39.990002,40.299999,2700,38.978449
2013-04-26,40.049999,40.110001,40.029999,40.029999,800,38.717303
2013-04-25,39.959999,39.959999,39.93,39.93,600,38.620584
2013-04-24,39.310001,39.900002,39.310001,39.619999,3400,38.320748
2013-04-23,39.25,39.759998,39.25,39.700001,9100,38.398126
2013-04-22,39.349998,39.349998,38.419998,38.689999,900,37.421245
2013-04-19,38.549999,38.599998,38.549999,38.599998,1400,37.334196
2013-04-18,38.09,38.41,38.09,38.169998,2800,36.918297
2013-04-17,38.580002,38.580002,38.099998,38.099998,3300,36.850593
2013-04-16,38.290001,38.619999,38.259998,38.619999,1700,37.353541
2013-04-15,38.98,38.98,38.349998,38.450001,1400,37.189117
2013-04-12,38.900002,38.900002,38.830002,38.900002,700,37.624361
2013-04-11,39.220001,39.32,38.990002,38.990002,1500,37.71141
2013-04-10,38.66,39.189999,38.66,39.189999,900,37.904849
2013-04-09,38.470001,38.549999,38.389999,38.549999,130900,37.285837
2013-04-08,38.459999,38.459999,38.400002,38.400002,500,37.140758
2013-04-05,38.52,38.57,38.200001,38.419998,8000,37.160099
2013-04-04,38.490002,38.560001,38.450001,38.470001,1200,37.208462
2013-04-03,39.009998,39.009998,38.290001,38.419998,2200,37.160099
2013-04-02,39.349998,39.349998,39.009998,39.130001,800,37.846819
2013-04-01,39.299999,39.299999,38.84,38.889999,7900,37.614687
2013-03-28,39.200001,39.27,39.18,39.27,4100,37.982227
2013-03-27,38.970001,39.220001,38.970001,39.189999,1500,37.904849
2013-03-26,39.25,39.290001,39.150002,39.290001,1500,38.001572
2013-03-25,39.09,39.220001,39.02,39.119999,1800,37.837144
2013-03-22,39.02,39.150002,38.990002,39.110001,7200,37.827474
2013-03-21,38.950001,38.959999,38.77,38.959999,1600,37.682391
2013-03-20,39.029999,39.099998,38.959999,39.029999,1600,37.750096
2013-03-19,37.610001,39.009998,37.610001,39.009998,2200,37.730751
2013-03-18,38.439999,38.529999,38.349998,38.529999,1300,37.266492
2013-03-15,38.389999,38.630001,38.279999,38.630001,1600,37.363215
2013-03-14,38.060001,38.060001,38.060001,38.060001,300,36.771284
2013-03-13,37.91,37.970001,37.91,37.970001,1000,36.684331
2013-03-12,37.630001,37.689999,37.630001,37.689999,1500,36.41381
2013-03-11,37.880001,38.00,37.880001,38.00,1000,36.713314
2013-03-08,37.790001,37.900002,37.790001,37.900002,4000,36.616702
2013-03-07,37.529999,37.619999,37.52,37.610001,1900,36.33652
2013-03-06,37.459999,37.57,37.459999,37.57,300,36.297874
2013-03-05,37.369999,37.59,37.349998,37.59,1900,36.317197
2013-03-04,36.91,37.27,36.91,37.27,17500,36.008033
2013-03-01,36.619999,37.209999,36.540001,37.209999,2300,35.950063
2013-02-28,36.939999,37.07,36.91,37.040001,1800,35.785821
2013-02-27,36.900002,37.139999,36.82,36.82,16900,35.573269
2013-02-26,36.450001,36.450001,36.310001,36.369999,2000,35.138505
2013-02-25,37.209999,37.209999,36.32,36.32,6700,35.090199
2013-02-22,37.290001,37.310001,37.009998,37.029999,1700,35.776158
2013-02-21,37.049999,37.23,36.98,37.02,9100,35.766498
2013-02-20,37.639999,37.720001,37.099998,37.099998,1700,35.843787
2013-02-19,37.400002,37.529999,37.400002,37.529999,2100,36.259228
2013-02-15,37.290001,37.349998,37.16,37.220001,2100,35.959727
2013-02-14,37.419998,37.529999,37.419998,37.490002,2100,36.220585
2013-02-13,37.25,37.27,37.119999,37.220001,1900,35.959727
2013-02-12,37.150002,37.150002,37.009998,37.099998,7700,35.843787
2013-02-11,37.110001,37.110001,36.950001,37.049999,1800,35.795481
2013-02-08,37.00,37.099998,37.00,37.049999,2600,35.795481
2013-02-07,36.73,36.889999,36.419998,36.889999,4700,35.640899
2013-02-06,36.389999,36.57,36.349998,36.509998,2100,35.273764
2013-02-05,36.130001,36.68,36.130001,36.669998,2900,35.428347
2013-02-04,36.34,36.349998,36.209999,36.209999,1800,34.983923
2013-02-01,36.470001,36.560001,36.470001,36.560001,8300,35.322074
2013-01-31,36.27,36.50,36.27,36.330002,2400,35.099863
2013-01-30,36.279999,36.279999,35.880001,35.880001,9400,34.665099
2013-01-29,36.049999,36.439999,36.049999,36.299999,2900,35.070876
2013-01-28,36.18,36.380001,36.060001,36.27,5400,35.041893
2013-01-25,36.119999,36.299999,36.09,36.290001,4800,35.061216
2013-01-24,36.009998,36.150002,35.939999,36.009998,4800,34.790694
2013-01-23,36.009998,36.029999,35.779999,35.900002,4000,34.684422
2013-01-22,35.84,36.029999,35.82,35.900002,8700,34.684422
2013-01-18,35.900002,35.950001,35.849998,35.93,3000,34.713405
2013-01-17,35.48,35.880001,35.48,35.860001,8700,34.645776
2013-01-16,35.259998,35.360001,35.209999,35.310001,102800,34.1144
2013-01-15,35.09,35.41,35.09,35.41,1500,34.211012
2013-01-14,35.290001,35.299999,35.09,35.09,2600,33.901848
2013-01-11,35.27,35.299999,35.060001,35.290001,1600,34.095076
2013-01-10,35.419998,35.48,35.169998,35.48,21000,34.278642
2013-01-09,35.279999,35.48,35.279999,35.380001,4000,34.182029
2013-01-08,34.98,35.029999,34.810001,35.029999,8200,33.843878
2013-01-07,35.630001,35.630001,35.099998,35.119999,3100,33.930831
2013-01-04,35.77,35.82,35.709999,35.790001,5300,34.578146
2013-01-03,35.580002,35.650002,35.400002,35.650002,5600,34.442887
2013-01-02,35.00,35.700001,35.00,35.549999,6200,34.346271
2012-12-31,34.169998,34.529999,33.75,34.439999,9000,33.273855
2012-12-28,34.360001,34.439999,34.279999,34.279999,1700,33.119273
2012-12-27,34.200001,34.32,34.029999,34.32,2400,33.157919
2012-12-26,34.799999,34.799999,34.330002,34.330002,2600,33.167583
2012-12-24,34.959999,34.970001,34.75,34.849998,5000,33.669972
2012-12-21,34.93,35.18,34.84,35.18,2200,33.9888
2012-12-20,35.669998,35.830002,35.610001,35.630001,15600,34.260287
2012-12-19,35.75,35.759998,35.639999,35.759998,800,34.385286
2012-12-18,35.209999,35.580002,35.209999,35.580002,6300,34.212209
2012-12-17,35.040001,35.07,35.009998,35.009998,800,33.664118
2012-12-14,34.880001,34.880001,34.700001,34.790001,2600,33.452578
2012-12-13,35.27,35.27,34.93,34.93,1200,33.587196
2012-12-12,35.150002,35.16,34.91,34.91,2900,33.567964
2012-12-11,35.220001,35.27,35.060001,35.169998,2100,33.817967
2012-12-10,34.860001,34.880001,34.720001,34.77,2600,33.433347
2012-12-07,34.880001,34.959999,34.880001,34.950001,2600,33.606427
2012-12-06,34.869999,34.970001,34.810001,34.810001,1200,33.47181
2012-12-05,35.330002,35.330002,35.16,35.209999,600,33.856431
2012-12-04,34.98,35.080002,34.98,35.080002,200,33.731431
2012-12-03,34.950001,35.189999,34.950001,35.040001,2900,33.692968
2012-11-30,35.07,35.110001,35.029999,35.029999,1200,33.68335
2012-11-29,35.130001,35.139999,35.130001,35.139999,500,33.789122
2012-11-28,33.669998,34.82,33.669998,34.779999,7100,33.442961
2012-11-27,34.720001,35.049999,34.720001,34.869999,2100,33.529501
2012-11-26,34.599998,34.619999,34.32,34.619999,3500,33.289112
2012-11-23,34.689999,34.689999,34.57,34.650002,1100,33.317961
2012-11-21,34.360001,34.389999,34.259998,34.259998,2400,32.94295
2012-11-20,34.25,34.27,34.23,34.23,1600,32.914105
2012-11-19,34.00,34.099998,34.00,34.099998,1200,32.789101
2012-11-16,33.360001,33.689999,33.220001,33.689999,15000,32.394863
2012-11-15,33.41,33.43,32.50,33.400002,6700,32.116014
2012-11-14,33.830002,33.84,33.59,33.59,1500,32.298709
2012-11-13,33.990002,34.290001,33.990002,34.119999,10400,32.808333
2012-11-12,34.18,34.18,33.970001,34.049999,1900,32.741024
2012-11-09,33.889999,34.330002,33.889999,34.02,5700,32.712179
2012-11-08,34.240002,34.27,33.849998,33.860001,12300,32.55833
2012-11-07,34.450001,34.459999,34.220001,34.310001,33000,32.991031
2012-11-06,35.009998,35.040001,34.880001,34.880001,1500,33.539119
2012-11-05,34.509998,34.540001,34.509998,34.52,2700,33.192957
2012-11-02,34.970001,34.970001,34.68,34.68,700,33.346806
2012-11-01,34.25,34.919998,34.25,34.919998,1800,33.577578
2012-10-31,34.470001,34.470001,32.799999,34.09,17900,32.779487
2012-10-26,34.419998,34.419998,34.110001,34.25,24800,32.933336
2012-10-25,34.07,34.27,34.07,34.25,4700,32.933336
2012-10-24,34.09,34.119999,33.970001,33.98,3000,32.673716
2012-10-23,33.860001,34.040001,33.810001,34.040001,2900,32.73141
2012-10-22,34.240002,34.240002,34.200001,34.240002,2900,32.923723
2012-10-19,34.259998,34.259998,34.16,34.23,1900,32.914105
2012-10-18,34.98,35.130001,34.959999,35.049999,2300,33.702582
2012-10-17,35.040001,35.119999,34.900002,35.09,1500,33.741045
2012-10-16,34.75,34.75,34.700001,34.75,1000,33.414115
2012-10-15,34.279999,34.84,34.279999,34.84,3600,33.500655
2012-10-12,35.080002,35.080002,34.639999,34.639999,1400,33.308343
2012-10-11,35.400002,35.400002,34.91,35.060001,5900,33.712199
2012-10-10,35.150002,35.16,35.099998,35.130001,5200,33.779508
2012-10-09,35.580002,35.580002,35.34,35.34,1800,33.981434
2012-10-08,35.599998,36.029999,35.599998,35.93,4700,34.548753
2012-10-05,36.450001,36.450001,35.990002,35.990002,11300,34.606448
2012-10-04,36.009998,36.119999,35.970001,36.119999,4100,34.731448
2012-10-03,36.130001,36.240002,35.959999,36.110001,9300,34.721834
2012-10-02,36.48,36.52,36.240002,36.330002,4100,34.933377
2012-10-01,35.950001,36.32,35.950001,36.32,9900,34.92376
2012-09-28,36.009998,36.09,35.939999,35.939999,1800,34.558367
2012-09-27,36.02,36.330002,35.98,36.27,4500,34.875683
2012-09-26,35.68,35.959999,35.68,35.919998,5500,34.539135
2012-09-25,36.619999,36.619999,36.509998,36.529999,2000,35.125686
2012-09-24,35.98,36.32,35.98,36.32,3800,34.92376
2012-09-21,36.290001,36.330002,36.200001,36.23,2000,34.837219
2012-09-20,36.290001,36.52,36.290001,36.400002,6000,34.942994
2012-09-19,36.650002,36.709999,36.459999,36.50,4800,35.03899
2012-09-18,36.360001,36.439999,36.330002,36.439999,4700,34.98139
2012-09-17,36.529999,36.529999,36.189999,36.299999,2600,34.846995
2012-09-14,36.470001,36.470001,36.27,36.299999,11000,34.846995
2012-09-13,35.919998,36.400002,35.919998,36.32,3500,34.866194
2012-09-12,35.860001,35.939999,35.759998,35.889999,7000,34.453406
2012-09-11,35.82,36.080002,35.779999,35.810001,8000,34.37661
2012-09-10,36.299999,36.439999,36.139999,36.290001,16500,34.837396
2012-09-07,36.330002,36.439999,36.25,36.310001,38300,34.856596
2012-09-06,36.169998,36.380001,36.169998,36.32,5400,34.866194
2012-09-05,35.689999,35.82,35.68,35.73,55000,34.299811
2012-09-04,35.41,35.900002,35.369999,35.849998,6200,34.415006
2012-08-31,35.380001,35.389999,35.200001,35.389999,800,33.97342
2012-08-30,35.400002,35.400002,35.32,35.34,3300,33.925422
2012-08-29,35.57,35.740002,35.57,35.599998,600,34.175013
2012-08-28,35.310001,35.43,35.310001,35.43,5900,34.01182
2012-08-27,34.93,35.25,34.93,35.09,9000,33.685429
2012-08-24,34.549999,35.029999,34.549999,34.98,1100,33.579831
2012-08-23,34.18,34.919998,34.18,34.790001,11100,33.397438
2012-08-22,34.369999,34.369999,33.950001,33.970001,5300,32.610261
2012-08-21,33.98,34.689999,33.98,34.299999,7200,32.92705
2012-08-20,33.849998,34.25,33.830002,34.189999,11100,32.821452
2012-08-17,33.810001,34.09,33.700001,34.09,3300,32.725457
2012-08-16,33.540001,33.849998,33.540001,33.84,2400,32.485464
2012-08-15,33.119999,33.790001,33.119999,33.779999,12600,32.427864
2012-08-14,33.41,33.50,33.369999,33.41,7000,32.072675
2012-08-13,33.540001,33.540001,33.18,33.32,12900,31.986277
2012-08-10,33.689999,33.700001,33.610001,33.68,9300,32.331868
2012-08-09,33.700001,33.830002,33.689999,33.830002,6200,32.475865
2012-08-08,34.200001,34.200001,34.09,34.16,3800,32.792654
2012-08-07,34.360001,34.48,34.23,34.279999,12400,32.90785
2012-08-06,34.110001,34.299999,34.09,34.09,2600,32.725457
2012-08-03,33.919998,34.209999,33.919998,34.060001,7900,32.696659
2012-08-02,33.360001,33.720001,33.349998,33.490002,5200,32.149475
2012-08-01,34.23,34.279999,33.810001,33.810001,3300,32.456666
2012-07-31,34.330002,34.50,34.259998,34.299999,8000,32.92705
2012-07-30,34.330002,34.619999,34.330002,34.610001,18400,33.224643
2012-07-27,32.799999,34.41,31.68,34.41,7700,33.032647
2012-07-26,33.540001,33.599998,33.529999,33.599998,3900,32.255069
2012-07-25,33.07,33.130001,32.950001,32.98,2800,31.659887
2012-07-24,33.00,33.00,32.919998,32.98,3400,31.659887
2012-07-23,33.200001,33.220001,33.07,33.200001,5000,31.871082
2012-07-20,34.00,34.00,33.490002,33.549999,1300,32.207071
2012-07-19,34.369999,34.369999,34.119999,34.130001,2000,32.763856
2012-07-18,34.490002,34.610001,34.32,34.32,3100,32.94625
2012-07-17,34.419998,34.709999,34.389999,34.389999,5000,33.013448
2012-07-16,35.23,35.23,34.639999,34.700001,9500,33.31104
2012-07-13,35.060001,35.18,34.91,34.970001,8500,33.570233
2012-07-12,34.580002,34.880001,34.459999,34.880001,1300,33.483836
2012-07-11,35.209999,35.209999,34.790001,34.810001,7000,33.416638
2012-07-10,35.349998,35.349998,35.02,35.02,5100,33.618231
2012-07-09,35.32,35.34,35.25,35.32,1500,33.906222
2012-07-06,35.610001,35.610001,35.490002,35.599998,3400,34.175013
2012-07-05,35.790001,35.799999,35.689999,35.75,8300,34.319011
2012-07-03,35.389999,35.790001,35.389999,35.720001,66400,34.290213
2012-07-02,35.240002,35.880001,33.639999,35.07,3700,33.666229
2012-06-29,34.889999,35.110001,34.889999,35.080002,2600,33.675831
2012-06-28,33.889999,34.259998,33.889999,34.259998,2700,32.88865
2012-06-27,34.029999,34.130001,34.029999,34.130001,2400,32.763856
2012-06-26,33.700001,33.700001,33.529999,33.630001,1500,32.28387
2012-06-25,33.299999,33.57,33.259998,33.57,5600,32.226271
2012-06-22,33.529999,33.77,33.529999,33.77,1400,32.418266
2012-06-21,33.990002,33.990002,33.209999,33.23,3100,31.89988
2012-06-20,34.130001,34.139999,33.939999,33.939999,1100,32.581459
2012-06-19,33.91,34.32,33.91,34.259998,2600,32.88865
2012-06-18,33.259998,33.740002,33.259998,33.740002,1400,32.389468
2012-06-15,33.57,33.57,33.57,33.57,500,32.226271
2012-06-14,33.16,33.41,33.16,33.34,1300,31.943079
2012-06-13,33.040001,33.060001,33.00,33.060001,800,31.674812
2012-06-12,33.389999,33.459999,33.389999,33.459999,2600,32.05805
2012-06-11,33.66,33.66,33.310001,33.360001,2900,31.962241
2012-06-08,33.330002,33.779999,33.330002,33.700001,1000,32.287996
2012-06-07,33.959999,33.959999,33.389999,33.450001,11600,32.04847
2012-06-06,33.34,33.669998,33.34,33.669998,4500,32.25925
2012-06-05,32.68,33.18,32.68,33.110001,41200,31.722716
2012-06-04,32.59,32.880001,32.400002,32.82,298500,31.444866
2012-06-01,32.740002,32.790001,32.610001,32.669998,7700,31.301149
2012-05-31,33.259998,33.360001,33.209999,33.360001,1000,31.962241
2012-05-30,33.369999,33.389999,33.299999,33.360001,1100,31.962241
2012-05-29,33.549999,33.57,33.290001,33.529999,1900,32.125117
2012-05-25,33.290001,33.290001,33.279999,33.279999,700,31.885591
2012-05-24,32.950001,33.049999,32.75,33.040001,25600,31.655649
2012-05-23,33.080002,33.080002,32.740002,33.009998,1200,31.626904
2012-05-22,33.439999,33.509998,33.009998,33.02,4600,31.636487
2012-05-21,33.029999,33.279999,32.75,33.279999,11000,31.885591
2012-05-18,33.25,33.50,32.939999,32.939999,16000,31.559837
2012-05-17,33.830002,33.830002,33.330002,33.330002,10100,31.933499
2012-05-16,34.00,34.209999,33.970001,33.970001,16000,32.546683
2012-05-15,34.029999,34.049999,33.82,33.93,5700,32.508358
2012-05-14,33.950001,34.060001,33.950001,34.060001,300,32.632912
2012-05-11,34.119999,34.209999,34.080002,34.139999,3200,32.709559
2012-05-10,33.889999,34.07,33.889999,34.07,1100,32.642492
2012-05-09,31.01,33.939999,30.75,33.919998,8700,32.498775
2012-05-08,33.16,33.77,33.16,33.73,18100,32.316737
2012-05-07,33.060001,33.59,33.060001,33.470001,3300,32.067633
2012-05-04,33.32,33.360001,33.32,33.360001,400,31.962241
2012-05-03,34.799999,34.799999,33.34,33.540001,11700,32.1347
2012-05-02,33.529999,34.049999,33.529999,34.040001,1300,32.61375
2012-05-01,34.439999,34.439999,33.869999,33.93,8200,32.508358
2012-04-30,34.16,34.169998,34.029999,34.060001,2400,32.632912
2012-04-27,34.169998,34.450001,34.169998,34.450001,1000,33.006571
2012-04-26,33.849998,34.169998,33.709999,34.09,3600,32.661654
2012-04-25,33.869999,34.00,33.799999,33.849998,3400,32.431708
2012-04-24,33.299999,33.599998,33.299999,33.459999,1200,32.05805
2012-04-23,32.82,33.110001,32.82,33.099998,17500,31.713133
2012-04-20,33.650002,33.75,33.650002,33.75,300,32.3359
2012-04-19,33.389999,33.529999,33.34,33.389999,3200,31.990983
2012-04-18,33.43,33.610001,33.43,33.560001,14900,32.153862
2012-04-17,33.57,33.950001,33.57,33.91,1400,32.489196
2012-04-16,33.040001,33.220001,33.040001,33.220001,53100,31.828108
2012-04-13,33.119999,33.189999,33.09,33.099998,1200,31.713133
2012-04-12,33.380001,33.380001,33.380001,33.380001,400,31.981404
2012-04-11,32.990002,33.09,32.919998,33.09,2900,31.703554
2012-04-10,33.080002,33.080002,32.650002,32.779999,4200,31.406541
2012-04-09,33.00,33.25,32.990002,33.25,3000,31.856849
2012-04-05,33.580002,33.700001,33.580002,33.68,1800,32.268833
2012-04-04,34.00,34.00,33.759998,33.790001,21300,32.374225
2012-04-03,34.32,34.450001,34.110001,34.16,2200,32.728721
2012-04-02,34.02,34.18,34.009998,34.099998,3000,32.671234
2012-03-30,34.099998,34.189999,33.939999,34.09,7000,32.661654
2012-03-29,33.98,34.139999,33.98,34.139999,32700,32.709559
2012-03-28,34.27,34.27,34.110001,34.169998,7600,32.7383
2012-03-27,34.330002,34.400002,34.189999,34.240002,8000,32.805371
2012-03-26,34.18,34.25,34.150002,34.16,2900,32.728721
2012-03-23,33.57,33.84,33.57,33.799999,2700,32.383804
2012-03-22,33.419998,33.419998,33.290001,33.310001,1600,31.914337
2012-03-21,33.700001,33.700001,33.529999,33.580002,3300,32.173024
2012-03-20,33.59,33.599998,33.470001,33.57,2600,32.163441
2012-03-19,33.459999,33.740002,33.459999,33.740002,1700,32.32632
2012-03-16,33.689999,33.689999,33.459999,33.459999,4200,32.05805
2012-03-15,33.720001,33.720001,33.720001,33.720001,200,32.282248
2012-03-14,33.759998,33.759998,33.540001,33.610001,1800,32.176937
2012-03-13,33.310001,33.709999,33.310001,33.709999,1800,32.272672
2012-03-12,32.950001,33.09,32.919998,33.080002,3000,31.669537
2012-03-09,32.130001,32.919998,32.130001,32.84,8500,31.439768
2012-03-08,32.41,32.41,32.360001,32.360001,600,30.980235
2012-03-07,31.98,32.139999,31.98,32.139999,4000,30.769614
2012-03-06,32.299999,32.299999,31.540001,31.860001,56600,30.501554
2012-03-05,32.470001,32.509998,32.169998,32.470001,8200,31.085545
2012-03-02,32.310001,32.349998,32.27,32.27,3500,30.894072
2012-03-01,32.77,33.130001,32.77,32.779999,4100,31.382325
2012-02-29,32.630001,32.630001,32.310001,32.310001,1400,30.932367
2012-02-28,32.610001,32.689999,32.470001,32.470001,1300,31.085545
2012-02-27,32.32,32.32,32.32,32.32,100,30.941939
2012-02-24,32.650002,32.689999,32.619999,32.619999,400,31.229147
2012-02-23,32.77,32.77,32.77,32.77,800,31.372753
2012-02-22,32.41,32.529999,32.41,32.459999,2900,31.07597
2012-02-21,32.189999,32.529999,32.189999,32.360001,10800,30.980235
2012-02-17,32.25,32.25,32.200001,32.23,6300,30.855777
2012-02-16,31.66,32.200001,31.66,32.200001,1300,30.827057
2012-02-15,32.049999,32.209999,31.83,31.83,2500,30.472832
2012-02-14,31.799999,32.07,31.799999,32.07,2400,30.702599
2012-02-13,32.119999,32.259998,31.950001,32.029999,4600,30.664304
2012-02-10,31.940001,32.099998,31.940001,31.959999,2200,30.597289
2012-02-09,32.450001,32.459999,32.240002,32.240002,1400,30.865352
2012-02-08,32.93,32.93,32.639999,32.799999,1900,31.401473
2012-02-07,32.959999,32.959999,32.84,32.84,1500,31.439768
2012-02-06,33.200001,33.200001,32.900002,33.00,31500,31.592946
2012-02-03,33.150002,33.169998,32.98,32.98,5700,31.573798
2012-02-02,32.790001,32.830002,32.73,32.75,2300,31.353605
2012-02-01,32.130001,32.450001,32.130001,32.450001,2000,31.066398
2012-01-31,32.060001,32.060001,31.870001,31.98,1700,30.616436
2012-01-30,31.98,32.029999,31.879999,32.029999,600,30.664304
2012-01-27,32.23,32.23,32.02,32.139999,5700,30.769614
2012-01-26,32.00,32.080002,31.99,32.040001,9200,30.673879
2012-01-25,31.549999,32.00,31.549999,31.940001,7600,30.578143
2012-01-24,31.459999,31.620001,31.440001,31.620001,2200,30.271787
2012-01-23,31.469999,31.610001,31.190001,31.469999,10200,30.128181
2012-01-20,31.57,31.57,31.34,31.43,4100,30.089888
2012-01-19,31.74,31.74,31.74,31.74,100,30.38667
2012-01-18,31.59,31.860001,31.35,31.799999,18200,30.444111
2012-01-17,31.35,31.559999,31.35,31.370001,6200,30.032447
2012-01-13,31.34,31.34,31.10,31.129999,1400,29.802678
2012-01-12,31.379999,31.530001,31.27,31.52,11200,30.176051
2012-01-11,31.200001,31.26,31.139999,31.26,21800,29.927136
2012-01-10,31.389999,31.389999,31.190001,31.309999,6000,29.975004
2012-01-09,31.00,31.129999,30.790001,31.120001,19100,29.793106
2012-01-06,30.799999,31.059999,30.799999,31.059999,400,29.735663
2012-01-05,30.67,30.969999,30.52,30.93,2700,29.611207
2012-01-04,31.049999,31.049999,30.870001,30.959999,14800,29.639927
2012-01-03,31.450001,31.450001,31.24,31.25,11300,29.917562
2011-12-30,31.50,31.50,31.450001,31.450001,1000,30.109036
2011-12-29,31.18,31.309999,31.18,31.309999,5100,29.975004
2011-12-28,31.299999,31.32,31.129999,31.129999,2400,29.802678
2011-12-27,31.440001,31.450001,31.440001,31.450001,1200,30.109036
2011-12-23,31.17,31.32,31.17,31.26,600,29.927136
2011-12-22,31.219999,31.219999,31.15,31.15,1800,29.821826
2011-12-21,30.889999,31.209999,30.700001,31.209999,2600,29.879267
2011-12-20,30.690001,30.82,30.65,30.790001,2000,29.477177
2011-12-19,30.33,30.33,29.889999,29.889999,1000,28.615549
2011-12-16,30.52,30.540001,30.110001,30.15,2300,28.864464
2011-12-15,30.120001,30.209999,30.00,30.139999,4800,28.784044
2011-12-14,29.51,29.90,29.51,29.75,4200,28.41159
2011-12-13,30.00,30.10,30.00,30.10,700,28.745844
2011-12-12,31.00,31.00,30.290001,30.309999,28700,28.946396
2011-12-09,30.110001,31.309999,30.110001,31.309999,4200,29.901407
2011-12-08,30.27,30.27,30.030001,30.030001,9100,28.678994
2011-12-07,30.379999,30.440001,30.040001,30.379999,1900,29.013246
2011-12-06,30.67,30.73,30.67,30.73,2800,29.347501
2011-12-05,31.01,31.059999,30.700001,30.700001,1000,29.318852
2011-12-02,30.940001,30.940001,30.65,30.67,16500,29.290201
2011-12-01,30.59,30.93,30.57,30.57,19500,29.194699
2011-11-30,30.24,30.74,30.16,30.74,6900,29.357051
2011-11-29,29.33,29.33,29.219999,29.219999,1000,27.905433
2011-11-28,28.879999,29.059999,28.610001,29.040001,5300,27.733533
2011-11-25,28.290001,28.290001,28.25,28.25,400,26.979073
2011-11-23,28.76,28.76,28.27,28.33,4300,27.055474
2011-11-22,29.27,29.48,29.24,29.35,3700,28.029586
2011-11-21,29.50,29.50,29.26,29.41,9500,28.086886
2011-11-18,29.870001,29.889999,29.84,29.84,1400,28.497541
2011-11-17,30.129999,30.23,29.83,29.83,1400,28.487991
2011-11-16,30.280001,30.65,30.139999,30.139999,2500,28.784044
2011-11-15,29.870001,30.59,29.870001,30.59,1200,29.2138
2011-11-14,30.24,30.26,29.879999,29.879999,3500,28.535741
2011-11-11,29.92,30.15,29.92,30.15,1100,28.793594
2011-11-10,29.700001,29.77,29.370001,29.77,1000,28.430691
2011-11-09,29.52,29.85,29.219999,29.50,43400,28.172837
2011-11-08,29.98,30.200001,29.65,30.129999,15400,28.774494
2011-11-07,30.00,30.059999,29.50,29.790001,10400,28.449791
2011-11-04,30.190001,30.190001,30.02,30.07,3000,28.717193
2011-11-03,30.610001,30.66,29.99,30.60,7900,29.22335
2011-11-02,30.32,30.32,29.719999,30.120001,8000,28.764945
2011-11-01,29.98,30.280001,29.85,29.85,21600,28.507091
2011-10-31,30.98,31.25,30.93,30.93,8600,29.538504
2011-10-28,31.450001,31.74,31.379999,31.389999,51000,29.977808
2011-10-27,31.469999,31.719999,30.959999,31.67,97100,30.245212
2011-10-26,30.299999,30.35,29.75,30.35,10100,28.984597
2011-10-25,30.50,30.50,29.799999,29.83,21000,28.487991
2011-10-24,30.370001,30.700001,30.34,30.700001,5300,29.318852
2011-10-21,30.200001,30.280001,30.030001,30.190001,5900,28.831796
2011-10-20,29.620001,29.879999,29.51,29.870001,6300,28.526192
2011-10-19,29.950001,30.26,29.66,29.700001,4900,28.36384
2011-10-18,29.60,30.16,29.450001,30.049999,8600,28.698093
2011-10-17,29.83,29.91,29.49,29.52,126100,28.191938
2011-10-14,29.92,30.25,29.83,30.219999,30500,28.860445
2011-10-13,29.540001,29.68,29.379999,29.68,31300,28.344739
2011-10-12,29.92,29.92,29.67,29.67,5300,28.335189
2011-10-11,29.440001,29.709999,29.299999,29.629999,27400,28.296988
2011-10-10,29.35,29.559999,29.280001,29.469999,15300,28.144186
2011-10-07,29.440001,29.440001,28.92,29.049999,800,27.743081
2011-10-06,28.940001,29.440001,28.709999,29.440001,9800,28.115537
2011-10-05,28.889999,29.059999,28.67,28.67,4300,27.380178
2011-10-04,27.26,28.360001,27.24,28.35,23400,27.074574
2011-10-03,28.969999,29.25,27.76,27.76,13800,26.511117
2011-09-30,29.40,29.74,29.139999,29.139999,43000,27.829032
2011-09-29,29.59,29.59,29.07,29.42,34400,28.096436
2011-09-28,30.02,30.049999,29.18,29.18,8000,27.867234
2011-09-27,29.799999,30.17,29.799999,29.870001,6900,28.526192
2011-09-26,29.120001,29.40,28.889999,29.40,55500,28.077336
2011-09-23,28.889999,28.959999,28.77,28.940001,1600,27.638031
2011-09-22,28.799999,29.00,28.799999,28.879999,800,27.580729
2011-09-21,30.030001,30.049999,29.620001,29.620001,2100,28.287439
2011-09-20,30.299999,30.629999,30.059999,30.059999,2200,28.707643
2011-09-19,30.139999,30.360001,30.07,30.360001,1300,28.994148
2011-09-16,30.73,30.76,30.66,30.709999,25400,29.3284
2011-09-15,30.200001,30.32,30.200001,30.32,700,28.907242
2011-09-14,29.690001,29.690001,29.690001,29.690001,000,28.306597
2011-09-13,29.33,29.700001,29.33,29.690001,1700,28.306597
2011-09-12,28.690001,28.690001,28.60,28.60,1100,27.267386
2011-09-09,29.43,29.43,28.92,28.969999,2400,27.620145
2011-09-08,29.66,29.66,29.66,29.66,600,28.277995
2011-09-07,30.09,30.110001,30.059999,30.110001,3400,28.707028
2011-09-06,28.379999,29.27,28.379999,29.27,400,27.906167
2011-09-02,29.67,29.799999,29.459999,29.459999,700,28.087313
2011-09-01,30.76,30.83,30.17,30.209999,5400,28.802367
2011-08-31,31.209999,31.209999,30.58,30.90,28400,29.460217
2011-08-30,30.440001,31.02,30.43,31.02,7300,29.574626
2011-08-29,29.82,30.51,29.82,30.51,52100,29.088389
2011-08-26,29.299999,29.299999,29.299999,29.299999,100,27.934768
2011-08-25,29.290001,29.40,29.27,29.27,53400,27.906167
2011-08-24,29.32,29.32,29.32,29.32,000,27.953837
2011-08-23,29.02,29.389999,28.959999,29.32,2300,27.953837
2011-08-22,28.35,28.35,28.10,28.25,1200,26.933694
2011-08-19,28.610001,28.709999,28.32,28.33,3000,27.009966
2011-08-18,29.75,29.75,29.75,29.75,000,28.363801
2011-08-17,29.75,29.75,29.75,29.75,200,28.363801
2011-08-16,29.68,29.709999,29.58,29.700001,3700,28.316132
2011-08-15,29.52,30.030001,29.52,30.01,1500,28.611687
2011-08-12,29.639999,29.639999,29.09,29.26,6900,27.896633
2011-08-11,28.290001,29.639999,28.09,29.559999,12700,28.182654
2011-08-10,28.74,28.75,28.27,28.379999,5300,27.057635
2011-08-09,28.98,29.32,27.540001,29.32,4600,27.953837
2011-08-08,29.379999,30.09,28.33,28.33,8800,27.009966
2011-08-05,29.559999,30.440001,29.40,30.25,32100,28.840504
2011-08-04,30.889999,30.889999,29.92,29.92,3700,28.52588
2011-08-03,30.799999,31.09,30.34,31.08,30500,29.63183
2011-08-02,31.450001,31.559999,31.049999,31.049999,5200,29.603227
2011-08-01,31.879999,31.879999,31.379999,31.559999,2000,30.089464
2011-07-29,31.16,31.73,30.99,31.629999,131500,30.156202
2011-07-28,31.889999,31.889999,31.639999,31.639999,800,30.165736
2011-07-27,32.509998,32.509998,31.719999,31.790001,18400,30.308748
2011-07-26,33.040001,33.040001,32.700001,32.700001,2600,31.176347
2011-07-25,33.049999,33.400002,33.049999,33.139999,4800,31.595844
2011-07-22,33.459999,33.57,33.349998,33.540001,4200,31.977207
2011-07-21,33.630001,33.630001,33.549999,33.619999,4400,32.053478
2011-07-20,33.200001,33.200001,32.970001,33.200001,5200,31.653049
2011-07-19,32.75,33.400002,32.75,33.299999,5300,31.748389
2011-07-18,32.400002,32.52,32.400002,32.509998,1900,30.995198
2011-07-15,32.82,32.82,32.720001,32.720001,1600,31.195415
2011-07-14,32.950001,32.98,32.799999,32.799999,2300,31.271686
2011-07-13,33.049999,33.049999,33.049999,33.049999,000,31.510037
2011-07-12,33.169998,33.169998,33.040001,33.049999,1000,31.510037
2011-07-11,32.77,32.970001,32.669998,32.669998,2000,31.147742
2011-07-08,32.630001,33.130001,32.630001,33.130001,1900,31.586311
2011-07-07,33.200001,33.299999,33.099998,33.150002,1600,31.60538
2011-07-06,32.830002,32.830002,32.709999,32.799999,2600,31.271686
2011-07-05,32.869999,32.889999,32.860001,32.860001,700,31.328892
2011-07-01,32.459999,32.740002,32.459999,32.73,2800,31.204948
2011-06-30,32.700001,32.700001,32.580002,32.599998,3900,31.081004
2011-06-29,32.450001,32.59,32.450001,32.59,3200,31.071472
2011-06-28,32.119999,32.330002,32.119999,32.310001,11100,30.80452
2011-06-27,32.18,32.18,31.91,32.080002,20200,30.585237
2011-06-24,31.950001,31.950001,31.90,31.90,900,30.413622
2011-06-23,31.85,31.940001,31.26,31.940001,2900,30.451759
2011-06-22,32.34,32.34,32.299999,32.299999,2200,30.794983
2011-06-21,32.09,32.529999,32.029999,32.509998,168300,30.995198
2011-06-20,31.66,31.809999,31.559999,31.809999,1900,30.327815
2011-06-17,31.77,31.860001,31.68,31.74,2200,30.261077
2011-06-16,31.58,31.58,31.360001,31.370001,2600,29.89497
2011-06-15,31.42,31.60,31.370001,31.370001,2500,29.89497
2011-06-14,31.26,31.700001,31.25,31.700001,7800,30.209453
2011-06-13,30.969999,31.00,30.889999,30.889999,900,29.437538
2011-06-10,30.90,31.129999,30.860001,30.870001,9100,29.41848
2011-06-09,31.35,31.43,31.35,31.43,1700,29.952148
2011-06-08,31.42,31.42,31.15,31.15,1200,29.685313
2011-06-07,31.73,31.73,31.58,31.58,300,30.095095
2011-06-06,31.82,31.82,31.530001,31.530001,1900,30.047446
2011-06-03,31.92,31.92,31.74,31.77,7300,30.276161
2011-06-02,32.66,32.66,32.290001,32.299999,1300,30.781239
2011-06-01,33.200001,33.200001,32.580002,32.580002,2400,31.048076
2011-05-31,33.240002,33.25,32.98,33.130001,6100,31.572214
2011-05-27,32.619999,32.970001,32.610001,32.880001,6300,31.333969
2011-05-26,32.259998,32.419998,32.259998,32.41,1800,30.886068
2011-05-25,31.459999,31.93,31.459999,31.93,2200,30.428638
2011-05-24,31.76,31.76,31.52,31.629999,1500,30.142743
2011-05-23,31.379999,31.84,31.370001,31.82,11200,30.323809
2011-05-20,31.90,31.90,31.90,31.90,000,30.400048
2011-05-19,32.209999,32.209999,31.77,31.90,1400,30.400048
2011-05-18,31.950001,32.049999,31.93,32.00,33700,30.495346
2011-05-17,31.52,31.84,31.52,31.84,5000,30.342869
2011-05-16,31.74,32.00,31.74,31.85,2900,30.352399
2011-05-13,32.23,32.23,31.82,31.92,26400,30.419108
2011-05-12,31.17,31.99,31.17,31.950001,3500,30.447698
2011-05-11,31.530001,31.549999,31.299999,31.43,2700,29.952148
2011-05-10,31.23,31.66,31.23,31.66,11200,30.171333
2011-05-09,30.82,31.08,30.82,31.08,8500,29.618605
2011-05-06,30.889999,30.950001,30.719999,30.85,3600,29.39942
2011-05-05,30.74,30.91,30.33,30.60,59600,29.161175
2011-05-04,31.030001,31.360001,30.92,30.92,169000,29.466128
2011-05-03,31.200001,31.200001,30.879999,31.02,178800,29.561427
2011-05-02,32.27,32.27,31.309999,31.33,139200,29.85685
2011-04-29,31.870001,32.040001,31.790001,31.98,3400,30.476286
2011-04-28,31.709999,31.780001,31.559999,31.66,3800,30.171333
2011-04-27,31.50,31.719999,31.50,31.719999,2200,30.228511
2011-04-26,31.09,31.68,31.09,31.549999,36700,30.066505
2011-04-25,31.200001,31.200001,30.99,31.10,5000,29.637665
2011-04-21,31.360001,31.379999,31.200001,31.35,6100,29.87591
2011-04-20,31.360001,31.360001,31.219999,31.290001,5400,29.818731
2011-04-19,30.969999,30.969999,30.76,30.940001,4000,29.485188
2011-04-18,30.76,30.90,30.73,30.85,4500,29.39942
2011-04-15,31.00,31.190001,30.950001,31.17,4600,29.704373
2011-04-14,30.51,31.049999,30.51,31.030001,12400,29.570957
2011-04-13,30.75,30.790001,30.52,30.60,15100,29.161175
2011-04-12,30.879999,30.879999,30.639999,30.73,6800,29.285062
2011-04-11,31.200001,31.200001,30.84,30.93,9300,29.475658
2011-04-08,31.52,31.52,31.040001,31.129999,21400,29.666253
2011-04-07,31.790001,31.799999,31.41,31.469999,9600,29.990266
2011-04-06,31.77,31.85,31.639999,31.75,14100,30.257101
2011-04-05,31.67,31.860001,31.65,31.66,24800,30.171333
2011-04-04,31.469999,31.51,31.370001,31.48,33200,29.999796
2011-04-01,31.25,31.59,31.25,31.370001,41600,29.89497
2011-03-31,31.049999,31.16,31.049999,31.16,33700,29.694843
2011-03-30,31.059999,31.059999,30.93,31.00,10800,29.542367
2011-03-29,30.870001,30.99,30.84,30.99,13300,29.532836
2011-03-28,30.74,30.809999,30.690001,30.73,16500,29.285062
2011-03-25,30.52,30.860001,30.52,30.74,9800,29.294592
2011-03-24,30.32,30.450001,30.27,30.41,3500,28.980108
2011-03-23,30.00,30.35,29.959999,30.309999,3400,28.88481
2011-03-22,30.059999,30.10,30.02,30.10,2800,28.684685
2011-03-21,29.610001,29.950001,29.48,29.85,2000,28.44644
2011-03-18,29.129999,29.33,29.129999,29.32,1700,27.941361
2011-03-17,28.99,29.00,28.84,28.860001,2600,27.502991
2011-03-16,28.76,28.879999,28.59,28.790001,5200,27.436283
2011-03-15,28.35,28.790001,28.35,28.690001,3200,27.340984
2011-03-14,28.75,29.07,28.75,29.049999,4700,27.684056
2011-03-11,29.200001,29.309999,29.00,29.200001,8200,27.827004
2011-03-10,29.32,29.52,29.23,29.43,7700,28.046189
2011-03-09,29.74,29.85,29.719999,29.83,700,28.42738
2011-03-08,29.370001,29.85,29.370001,29.85,1300,28.44644
2011-03-07,30.299999,30.299999,29.709999,29.84,1900,28.43691
2011-03-04,29.969999,30.049999,29.92,30.02,2800,28.608447
2011-03-03,29.780001,30.299999,29.780001,30.030001,5900,28.617977
2011-03-02,29.25,29.48,29.25,29.43,8000,28.046189
2011-03-01,29.74,29.74,29.24,29.32,3600,27.941361
2011-02-28,29.67,29.870001,29.620001,29.76,5100,28.360672
2011-02-25,29.379999,29.700001,29.379999,29.68,3800,28.284434
2011-02-24,29.51,29.51,29.26,29.360001,35000,27.979481
2011-02-23,29.709999,29.709999,29.389999,29.50,2800,28.112897
2011-02-22,30.24,30.24,29.799999,29.799999,4500,28.39879
2011-02-18,30.629999,30.629999,30.26,30.26,3200,28.837162
2011-02-17,30.700001,30.700001,30.280001,30.469999,5700,29.037287
2011-02-16,30.23,30.35,30.23,30.33,9600,28.90387
2011-02-15,30.15,30.219999,30.10,30.10,6700,28.684685
2011-02-14,29.98,30.16,29.98,30.15,4700,28.732334
2011-02-11,29.469999,29.98,29.469999,29.98,4800,28.570327
2011-02-10,29.379999,29.559999,29.379999,29.48,31900,28.093837
2011-02-09,29.33,29.360001,29.219999,29.299999,2800,27.922301
2011-02-08,29.129999,29.18,28.99,29.18,4100,27.807944
2011-02-07,29.139999,29.25,29.02,29.02,1900,27.655467
2011-02-04,28.92,28.99,28.75,28.92,10300,27.560169
2011-02-03,28.629999,28.809999,28.610001,28.809999,2000,27.455341
2011-02-02,28.83,28.83,28.67,28.709999,5000,27.360042
2011-02-01,28.67,28.83,28.67,28.690001,22500,27.340984
2011-01-31,28.41,28.52,28.34,28.35,1500,27.016971
2011-01-28,28.99,28.99,28.40,28.41,10100,27.074149
2011-01-27,28.690001,28.879999,28.67,28.879999,1800,27.522049
2011-01-26,28.35,28.809999,28.35,28.77,3500,27.417223
2011-01-25,28.23,28.43,28.23,28.43,18200,27.093209
2011-01-24,28.25,28.50,28.25,28.41,13300,27.074149
2011-01-21,28.67,28.67,28.459999,28.459999,700,27.121798
2011-01-20,28.40,28.67,28.40,28.66,3600,27.312394
2011-01-19,29.16,29.16,28.59,28.59,3800,27.245686
2011-01-18,29.07,29.07,29.01,29.01,1100,27.645937
2011-01-14,28.969999,29.190001,28.90,29.129999,3800,27.760294
2011-01-13,29.09,29.120001,28.98,29.08,3500,27.712646
2011-01-12,29.00,29.129999,29.00,29.059999,1400,27.693586
2011-01-11,28.84,28.84,28.620001,28.73,7100,27.379102
2011-01-10,28.620001,28.76,28.440001,28.76,4700,27.407692
2011-01-07,28.969999,28.969999,28.48,28.629999,4100,27.283804
2011-01-06,29.07,29.200001,28.870001,28.91,11100,27.550639
2011-01-05,29.00,29.32,29.00,29.309999,3400,27.931831
2011-01-04,29.540001,29.540001,29.110001,29.120001,58300,27.750766
2011-01-03,29.780001,29.92,29.700001,29.799999,25400,28.39879
2010-12-31,29.860001,29.860001,29.51,29.51,1600,28.122427
2010-12-30,29.889999,30.07,29.889999,30.049999,6200,28.637035
2010-12-29,30.01,30.01,30.01,30.01,300,28.598917
2010-12-28,30.049999,30.049999,29.959999,30.049999,3300,28.637035
2010-12-27,29.93,30.10,29.93,30.049999,2000,28.637035
2010-12-23,30.15,30.17,30.030001,30.120001,2900,28.703745
2010-12-22,30.129999,30.209999,30.129999,30.209999,2900,28.789512
2010-12-21,30.219999,30.27,30.200001,30.219999,3600,28.799042
2010-12-20,30.23,30.23,29.85,30.10,4300,28.684685
2010-12-17,29.48,29.700001,29.450001,29.700001,2900,28.303494
2010-12-16,30.110001,30.110001,29.700001,29.780001,2600,28.148159
2010-12-15,29.43,29.860001,29.43,29.65,8500,28.025281
2010-12-14,29.52,29.52,29.33,29.33,2400,27.722816
2010-12-13,29.59,29.59,29.450001,29.49,3000,27.874049
2010-12-10,29.24,29.51,29.200001,29.48,10900,27.864596
2010-12-09,29.16,29.27,29.110001,29.27,3700,27.666105
2010-12-08,29.190001,29.190001,29.07,29.07,8500,27.477063
2010-12-07,29.459999,29.459999,29.049999,29.07,38000,27.477063
2010-12-06,28.700001,28.83,28.700001,28.83,4700,27.250215
2010-12-03,28.389999,28.76,28.389999,28.700001,4100,27.127339
2010-12-02,28.440001,28.57,28.43,28.50,7200,26.938298
2010-12-01,28.530001,28.530001,28.360001,28.469999,1900,26.909941
2010-11-30,27.959999,28.18,27.950001,28.09,7800,26.550764
2010-11-29,28.110001,28.18,27.90,28.139999,2200,26.598024
2010-11-26,28.32,28.34,28.32,28.34,300,26.787065
2010-11-24,28.07,28.389999,28.07,28.379999,3100,26.824872
2010-11-23,27.76,27.879999,27.66,27.83,122900,26.305011
2010-11-22,27.77,28.01,27.709999,28.01,2100,26.475148
2010-11-19,27.799999,27.940001,27.75,27.90,8100,26.371175
2010-11-18,27.780001,27.98,27.780001,27.959999,4100,26.427887
2010-11-17,27.549999,27.549999,27.469999,27.50,37200,25.993094
2010-11-16,27.93,27.99,27.559999,27.57,7600,26.059258
2010-11-15,28.15,28.209999,28.15,28.15,800,26.607476
2010-11-12,28.17,28.24,28.059999,28.059999,500,26.522408
2010-11-11,28.16,28.389999,28.16,28.389999,800,26.834325
2010-11-10,28.00,28.389999,28.00,28.389999,800,26.834325
2010-11-09,28.280001,28.280001,28.09,28.09,36700,26.550764
2010-11-08,28.139999,28.190001,28.139999,28.190001,600,26.645285
2010-11-05,28.030001,28.08,28.02,28.07,1800,26.53186
2010-11-04,28.110001,28.110001,27.940001,27.940001,2800,26.408984
2010-11-03,27.719999,27.719999,27.60,27.709999,3400,26.191586
2010-11-02,27.60,27.700001,27.469999,27.700001,6600,26.182136
2010-11-01,27.52,27.59,27.26,27.26,300,25.766246
2010-10-29,27.33,27.49,27.33,27.49,2800,25.983642
2010-10-28,27.379999,27.379999,27.379999,27.379999,000,25.879669
2010-10-27,27.32,27.379999,27.32,27.379999,300,25.879669
2010-10-26,27.59,27.68,27.59,27.59,1000,26.078163
2010-10-25,27.700001,27.74,27.67,27.74,3200,26.219943
2010-10-22,27.48,27.629999,27.48,27.629999,1700,26.11597
2010-10-21,27.709999,27.709999,27.33,27.43,10000,25.92693
2010-10-20,27.620001,27.620001,27.620001,27.620001,000,26.106519
2010-10-19,27.860001,27.92,27.620001,27.620001,1100,26.106519
2010-10-18,28.059999,28.059999,28.059999,28.059999,600,26.522408
2010-10-15,27.99,27.99,27.90,27.91,3600,26.380627
2010-10-14,27.98,27.98,27.85,27.889999,1400,26.361723
2010-10-13,27.690001,27.700001,27.65,27.700001,900,26.182136
2010-10-12,27.34,27.34,27.34,27.34,300,25.841862
2010-10-11,27.41,27.41,27.41,27.41,200,25.908026
2010-10-08,27.389999,27.50,27.35,27.49,8000,25.983642
2010-10-07,27.42,27.42,27.10,27.10,51400,25.615013
2010-10-06,27.110001,27.17,27.10,27.17,3600,25.681177
2010-10-05,26.65,27.24,26.65,27.23,8900,25.737889
2010-10-04,26.57,26.57,26.57,26.57,400,25.114055
2010-10-01,26.940001,27.00,26.76,27.00,1500,25.520492
2010-09-30,26.98,26.98,26.67,26.790001,2000,25.322001
2010-09-29,26.799999,26.950001,26.719999,26.82,1400,25.350356
2010-09-28,26.75,26.75,26.59,26.68,4200,25.218028
2010-09-27,27.02,27.02,26.870001,26.870001,4700,25.397617
2010-09-24,26.780001,27.00,26.709999,26.969999,2000,25.492136
2010-09-23,26.469999,26.75,26.450001,26.450001,3900,25.000631
2010-09-22,26.790001,26.790001,26.67,26.74,4800,25.274739
2010-09-21,27.08,27.08,26.92,26.950001,7300,25.473233
2010-09-20,26.82,27.01,26.82,27.01,1600,25.529945
2010-09-17,26.33,26.66,26.33,26.559999,7500,25.104602
2010-09-16,26.50,26.530001,26.50,26.52,600,25.028988
2010-09-15,26.58,26.58,26.549999,26.549999,500,25.0573
2010-09-14,26.620001,26.620001,26.50,26.52,4200,25.028988
2010-09-13,26.379999,26.57,26.280001,26.57,1100,25.076176
2010-09-10,26.129999,26.129999,26.129999,26.129999,000,24.660913
2010-09-09,26.280001,26.290001,26.129999,26.129999,1700,24.660913
2010-09-08,26.10,26.17,26.030001,26.030001,2800,24.566537
2010-09-07,26.15,26.15,26.030001,26.030001,1000,24.566537
2010-09-03,26.00,26.059999,26.00,26.059999,200,24.594849
2010-09-02,25.799999,25.799999,25.799999,25.799999,1000,24.349467
2010-09-01,25.719999,25.719999,25.65,25.65,300,24.2079
2010-08-31,25.389999,25.389999,25.309999,25.309999,1300,23.887016
2010-08-30,25.27,25.27,25.27,25.27,300,23.849265
2010-08-27,25.35,25.35,25.35,25.35,000,23.924768
2010-08-26,25.34,25.35,25.33,25.35,500,23.924768
2010-08-25,25.139999,25.35,25.110001,25.35,2000,23.924768
2010-08-24,25.200001,25.50,25.200001,25.50,1100,24.066334
2010-08-23,25.67,25.67,25.67,25.67,1000,24.226776
2010-08-20,25.360001,25.48,25.32,25.48,2000,24.047458
2010-08-19,25.379999,25.639999,25.379999,25.639999,200,24.198462
2010-08-18,25.690001,25.93,25.58,25.93,5900,24.472159
2010-08-17,25.68,25.799999,25.68,25.799999,500,24.349467
2010-08-16,25.370001,25.42,25.370001,25.42,500,23.990832
2010-08-13,25.32,25.41,25.32,25.389999,1600,23.962518
2010-08-12,25.540001,25.59,25.40,25.59,3400,24.151274
2010-08-11,25.57,25.76,25.549999,25.59,12300,24.151274
2010-08-10,26.25,26.25,26.25,26.25,000,24.774167
2010-08-09,26.139999,26.25,26.049999,26.25,1200,24.774167
2010-08-06,25.959999,25.959999,25.959999,25.959999,200,24.500471
2010-08-05,26.01,26.01,25.959999,25.98,1400,24.519347
2010-08-04,26.82,26.82,26.48,26.59,4300,25.095052
2010-08-03,26.50,26.66,26.48,26.48,900,24.991236
2010-08-02,26.84,26.84,26.530001,26.530001,400,25.038426
2010-07-30,26.24,26.700001,26.24,26.52,1700,25.028988
2010-07-29,26.799999,26.809999,26.540001,26.540001,3800,25.047864
2010-07-28,26.709999,26.709999,26.65,26.68,900,25.179992
2010-07-27,27.049999,27.049999,26.93,26.93,4000,25.415936
2010-07-26,26.85,26.940001,26.85,26.940001,2100,25.425374
2010-07-23,26.190001,26.530001,26.190001,26.530001,1000,25.038426
2010-07-22,25.969999,26.030001,25.969999,26.02,400,24.557099
2010-07-21,25.24,25.24,25.24,25.24,4700,23.820951
2010-07-20,25.139999,25.51,25.139999,25.51,1700,24.075772
2010-07-19,25.549999,25.549999,25.549999,25.549999,100,24.113522
2010-07-16,25.440001,25.440001,25.360001,25.389999,3400,23.962518
2010-07-15,25.98,25.98,25.77,25.77,2600,24.321154
2010-07-14,26.08,26.08,25.889999,25.889999,2600,24.434407
2010-07-13,25.889999,26.110001,25.84,26.110001,139600,24.642039
2010-07-12,25.52,25.60,25.52,25.60,1100,24.160712
2010-07-09,25.50,25.629999,25.50,25.629999,1700,24.189024
2010-07-08,25.280001,25.469999,25.280001,25.459999,11700,24.028582
2010-07-07,24.780001,25.129999,24.780001,25.129999,5800,23.717135
2010-07-06,25.10,25.10,24.73,24.75,3000,23.358501
2010-07-02,24.940001,24.940001,24.58,24.67,14800,23.282998
2010-07-01,24.82,24.82,24.26,24.67,5500,23.282998
2010-06-30,24.959999,25.00,24.620001,24.620001,6700,23.23581
2010-06-29,25.040001,25.040001,24.76,24.76,1200,23.367939
2010-06-28,25.59,25.68,25.440001,25.57,6200,24.132398
2010-06-25,25.48,25.48,25.48,25.48,1000,24.047458
2010-06-24,25.440001,25.440001,25.34,25.34,12800,23.91533
2010-06-23,25.43,25.65,25.43,25.549999,6600,24.113522
2010-06-22,25.950001,26.08,25.620001,25.68,7600,24.236214
2010-06-21,26.459999,26.459999,25.790001,25.790001,9500,24.34003
2010-06-18,26.25,26.299999,26.129999,26.129999,131500,24.660913
2010-06-17,26.09,26.25,26.09,26.219999,11800,24.737359
2010-06-16,26.23,26.370001,26.17,26.17,5200,24.690187
2010-06-15,26.549999,26.549999,26.120001,26.290001,3200,24.803403
2010-06-14,26.09,26.110001,26.049999,26.08,1000,24.605276
2010-06-11,25.75,25.780001,25.549999,25.77,2800,24.312806
2010-06-10,25.389999,25.60,25.389999,25.48,12000,24.039204
2010-06-09,25.32,25.33,25.18,25.18,400,23.756168
2010-06-08,25.209999,25.219999,24.959999,24.959999,9900,23.548607
2010-06-07,25.65,25.65,25.34,25.34,7800,23.907121
2010-06-04,26.01,26.02,25.57,25.57,4600,24.124115
2010-06-03,26.290001,26.440001,26.209999,26.440001,30400,24.94492
2010-06-02,25.690001,26.18,25.68,26.18,5400,24.699622
2010-06-01,25.59,25.75,25.59,25.75,2600,24.293937
2010-05-28,25.940001,26.00,25.82,25.82,3400,24.359978
2010-05-27,25.67,25.950001,25.67,25.950001,400,24.482628
2010-05-26,25.719999,25.719999,25.32,25.32,600,23.888251
2010-05-25,24.99,25.18,24.99,25.18,300,23.756168
2010-05-24,25.60,25.709999,25.42,25.42,4300,23.982597
2010-05-21,25.68,25.68,25.68,25.68,000,24.227895
2010-05-20,25.33,26.08,25.33,25.68,13600,24.227895
2010-05-19,26.51,26.67,26.33,26.379999,11300,24.888312
2010-05-18,27.00,27.00,26.629999,26.629999,6500,25.124175
2010-05-17,26.92,26.92,26.540001,26.690001,2400,25.180784
2010-05-14,26.77,26.77,26.77,26.77,600,25.25626
2010-05-13,27.049999,27.129999,26.99,26.99,4200,25.463819
2010-05-12,26.610001,26.690001,26.50,26.690001,3100,25.180784
2010-05-11,26.360001,26.59,26.360001,26.40,1000,24.907181
2010-05-10,25.870001,25.90,25.870001,25.90,300,24.435454
2010-05-07,25.65,25.65,25.65,25.65,000,24.199591
2010-05-06,26.280001,26.33,11.00,25.65,26000,24.199591
2010-05-05,26.57,26.57,26.57,26.57,100,25.067568
2010-05-04,26.889999,26.99,26.809999,26.809999,3200,25.293997
2010-05-03,26.719999,27.25,26.709999,27.25,15500,25.709117
2010-04-30,27.219999,27.219999,26.68,26.700001,3300,25.190218
2010-04-29,27.02,27.02,27.02,27.02,300,25.492123
2010-04-28,26.709999,26.790001,26.709999,26.75,3700,25.23739
2010-04-27,27.02,27.02,26.790001,26.790001,10200,25.275129
2010-04-26,27.309999,27.309999,27.139999,27.209999,400,25.671378
2010-04-23,27.059999,27.26,27.059999,27.26,1300,25.718552
2010-04-22,26.799999,26.91,26.799999,26.879999,7400,25.360039
2010-04-21,26.92,26.98,26.92,26.98,800,25.454384
2010-04-20,26.780001,26.860001,26.719999,26.84,9400,25.322301
2010-04-19,26.91,26.91,26.530001,26.629999,5400,25.124175
2010-04-16,27.049999,27.120001,26.85,26.93,3400,25.407212
2010-04-15,26.700001,26.83,26.700001,26.83,1300,25.312867
2010-04-14,26.40,26.620001,26.40,26.620001,32000,25.114742
2010-04-13,26.129999,26.25,26.129999,26.25,12000,24.765664
2010-04-12,26.120001,26.120001,26.040001,26.040001,16000,24.567539
2010-04-09,25.940001,26.00,25.870001,26.00,17000,24.5298
2010-04-08,25.219999,25.32,25.219999,25.32,5100,23.888251
2010-04-07,25.42,25.42,25.379999,25.40,2300,23.963727
