Date,Open,High,Low,Close,Volume,Adj Close
2016-04-15,45.509998,45.77,45.509998,45.630001,3200,45.630001
2016-04-14,45.43,45.560001,45.43,45.560001,1600,45.560001
2016-04-13,44.59,45.540001,44.580002,45.540001,11700,45.540001
2016-04-12,44.130001,44.619999,44.060001,44.369999,5600,44.369999
2016-04-11,44.25,44.25,44.119999,44.119999,1400,44.119999
2016-04-08,44.400002,44.400002,44.009998,44.029999,2100,44.029999
2016-04-07,43.759998,43.93,43.700001,43.700001,7900,43.700001
2016-04-06,43.740002,44.110001,43.599998,44.110001,1600,44.110001
2016-04-05,44.049999,44.299999,44.049999,44.139999,1800,44.139999
2016-04-04,44.650002,44.650002,44.380001,44.380001,2800,44.380001
2016-04-01,44.439999,45.029999,44.439999,45.029999,2000,45.029999
2016-03-31,44.849998,45.009998,44.849998,44.98,2700,44.98
2016-03-30,44.950001,45.029999,44.790001,45.02,3800,45.02
2016-03-29,43.880001,44.889999,43.880001,44.889999,2100,44.889999
2016-03-28,43.419998,43.849998,43.400002,43.77,9800,43.77
2016-03-24,43.41,43.75,43.389999,43.75,2400,43.75
2016-03-23,44.27,44.27,43.73,43.73,3900,43.73
2016-03-22,44.32,44.509998,44.23,44.299999,6600,44.299999
2016-03-21,44.369999,44.490002,44.279999,44.459999,13100,44.459999
2016-03-18,44.220001,44.549999,44.220001,44.549999,4500,44.549999
2016-03-17,43.48,43.790001,43.48,43.790001,1800,43.737
2016-03-16,42.639999,42.880001,42.619999,42.860001,2600,42.808126
2016-03-15,42.310001,42.490002,42.310001,42.380001,3100,42.328707
2016-03-14,42.630001,42.93,42.630001,42.919998,3800,42.868051
2016-03-11,42.66,42.93,42.639999,42.93,2400,42.878041
2016-03-10,42.619999,42.619999,41.98,42.119999,3000,42.06902
2016-03-09,42.630001,42.759998,42.380001,42.650002,3800,42.598381
2016-03-08,42.950001,42.950001,42.549999,42.82,22400,42.768173
2016-03-07,43.040001,43.41,43.040001,43.41,3100,43.357459
2016-03-04,42.860001,43.209999,42.860001,42.950001,2500,42.898017
2016-03-03,42.299999,42.59,42.299999,42.59,2600,42.538452
2016-03-02,41.82,42.049999,41.82,42.049999,20400,41.999105
2016-03-01,41.580002,42.02,41.509998,42.02,6300,41.969142
2016-02-29,41.32,41.52,41.209999,41.27,4100,41.22005
2016-02-26,41.060001,41.259998,41.040001,41.220001,2100,41.170111
2016-02-25,40.939999,40.950001,40.669998,40.900002,2400,40.850499
2016-02-24,39.849998,40.740002,39.799999,40.740002,7800,40.690693
2016-02-23,40.330002,40.540001,40.330002,40.349998,3000,40.301162
2016-02-22,40.849998,40.849998,40.560001,40.639999,2700,40.590812
2016-02-19,39.639999,39.98,39.639999,39.959999,3300,39.911634
2016-02-18,39.990002,40.060001,39.84,39.84,4100,39.791781
2016-02-17,40.080002,40.080002,39.740002,39.740002,1400,39.691903
2016-02-16,38.98,39.400002,38.900002,39.349998,11200,39.302372
2016-02-12,38.41,38.790001,38.41,38.790001,6700,38.743052
2016-02-11,37.549999,38.18,37.540001,37.970001,4600,37.924045
2016-02-10,38.459999,39.02,38.240002,38.240002,201600,38.193719
2016-02-09,38.639999,38.740002,38.470001,38.470001,2600,38.42344
2016-02-08,38.119999,38.549999,37.939999,38.549999,7800,38.503341
2016-02-05,38.889999,39.00,38.68,38.68,2100,38.633185
2016-02-04,39.25,39.700001,39.25,39.380001,2300,39.332338
2016-02-03,39.139999,39.139999,38.240002,38.84,1600,38.792991
2016-02-02,39.110001,39.25,38.889999,38.950001,1800,38.902858
2016-02-01,39.919998,40.09,39.900002,40.02,6800,39.971563
2016-01-29,39.599998,40.369999,39.599998,40.369999,3900,40.321138
2016-01-28,39.25,39.290001,38.919998,39.080002,27400,39.032702
2016-01-27,39.34,39.48,39.009998,39.029999,3100,38.98276
2016-01-26,38.68,39.509998,38.68,39.330002,8000,39.282399
2016-01-25,38.619999,38.689999,38.52,38.599998,93000,38.55328
2016-01-22,39.049999,39.060001,38.849998,39.029999,5600,38.98276
2016-01-21,38.389999,38.880001,38.389999,38.700001,1700,38.653161
2016-01-20,37.849998,38.689999,37.130001,38.619999,5100,38.573256
2016-01-19,38.77,38.970001,38.02,38.32,8600,38.27362
2016-01-15,38.290001,38.580002,38.009998,38.580002,6100,38.533307
2016-01-14,38.439999,39.25,38.439999,38.779999,2300,38.733062
2016-01-13,39.549999,39.75,38.490002,38.73,33500,38.683123
2016-01-12,39.830002,39.919998,39.34,39.790001,5100,39.741842
2016-01-11,39.630001,39.779999,39.43,39.779999,4300,39.731852
2016-01-08,40.529999,40.529999,39.900002,39.91,14600,39.861696
2016-01-07,40.900002,41.049999,40.419998,40.470001,4600,40.421019
2016-01-06,41.900002,42.02,41.77,41.77,2700,41.719445
2016-01-05,41.970001,42.110001,41.880001,42.110001,1500,42.059034
2016-01-04,42.09,42.119999,41.889999,41.950001,29600,41.899227
2015-12-31,43.630001,43.630001,43.23,43.23,1100,43.177677
2015-12-30,44.060001,44.060001,43.740002,43.790001,4100,43.737
2015-12-29,43.880001,45.23,43.700001,44.07,34300,44.01666
2015-12-28,43.689999,43.77,43.669998,43.77,3900,43.717024
2015-12-24,44.060001,44.099998,44.009998,44.099998,600,44.046623
2015-12-23,43.759998,44.00,43.759998,43.939999,1200,43.886817
2015-12-22,43.029999,43.439999,42.810001,43.439999,6800,43.387422
2015-12-21,42.919998,43.16,42.75,42.869999,2800,42.818112
2015-12-18,43.509998,43.509998,42.66,42.66,6400,42.608367
2015-12-17,44.330002,44.330002,43.959999,43.98,12200,43.775951
2015-12-16,44.240002,44.360001,43.759998,44.139999,1400,43.935209
2015-12-15,43.919998,43.919998,43.490002,43.73,3300,43.527111
2015-12-14,43.720001,43.720001,43.200001,43.369999,9200,43.168781
2015-12-11,44.060001,44.18,43.59,43.59,4600,43.387761
2015-12-10,44.549999,44.759998,44.540001,44.540001,3600,44.333355
2015-12-09,44.50,44.50,44.50,44.50,500,44.293539
2015-12-08,44.919998,45.040001,44.889999,45.02,2100,44.811127
2015-12-07,46.009998,46.009998,45.610001,45.68,5100,45.468065
2015-12-04,45.98,46.50,45.98,46.50,6300,46.28426
2015-12-03,46.610001,46.970001,46.07,46.07,2400,45.856255
2015-12-02,47.209999,47.299999,46.77,46.860001,2300,46.642591
2015-12-01,46.779999,47.27,46.759998,47.27,2400,47.050688
2015-11-30,47.09,47.09,46.860001,46.889999,1700,46.67245
2015-11-27,47.130001,47.130001,47.130001,47.130001,700,46.911338
2015-11-25,46.939999,46.939999,46.84,46.93,1700,46.712265
2015-11-24,46.23,46.580002,46.150002,46.560001,1700,46.343983
2015-11-23,46.209999,46.48,46.209999,46.310001,10800,46.095143
2015-11-20,46.060001,46.41,46.060001,46.310001,2600,46.095143
2015-11-19,45.990002,45.990002,45.810001,45.84,1400,45.627322
2015-11-18,45.380001,45.810001,45.380001,45.799999,1500,45.587507
2015-11-17,45.16,45.610001,45.16,45.259998,5800,45.050012
2015-11-16,44.98,45.240002,44.98,45.240002,5700,45.030108
2015-11-13,44.619999,45.200001,44.57,44.810001,13800,44.602102
2015-11-12,45.240002,45.240002,45.240002,45.240002,700,45.030108
2015-11-11,46.00,46.00,45.959999,45.990002,900,45.776628
2015-11-10,45.810001,46.139999,45.810001,46.139999,1400,45.92593
2015-11-09,46.759998,46.759998,45.880001,45.990002,3100,45.776628
2015-11-06,46.32,46.84,46.07,46.84,19000,46.622683
2015-11-05,46.360001,46.360001,46.360001,46.360001,000,46.14491
2015-11-04,46.27,46.50,46.259998,46.360001,7300,46.14491
2015-11-03,46.639999,46.73,46.57,46.57,3700,46.353935
2015-11-02,45.939999,46.700001,45.939999,46.529999,6700,46.31412
2015-10-30,45.75,45.75,45.610001,45.610001,1300,45.39839
2015-10-29,45.720001,45.720001,45.450001,45.490002,1900,45.278948
2015-10-28,44.689999,45.630001,44.689999,45.439999,3000,45.229177
2015-10-27,45.27,45.27,44.549999,44.549999,700,44.343307
2015-10-26,45.830002,45.880001,45.459999,45.52,7200,45.308807
2015-10-23,45.860001,45.880001,45.57,45.869999,5800,45.657182
2015-10-22,45.139999,45.509998,45.139999,45.279999,1500,45.069919
2015-10-21,45.529999,45.529999,44.790001,44.790001,1200,44.582195
2015-10-20,45.00,45.169998,45.00,45.16,6400,44.950477
2015-10-19,44.68,45.07,44.68,44.98,4400,44.771312
2015-10-16,45.099998,45.099998,44.560001,44.93,10700,44.721545
2015-10-15,44.50,44.700001,44.27,44.700001,1400,44.492612
2015-10-14,44.939999,44.939999,44.509998,44.59,3900,44.383122
2015-10-13,45.279999,45.400002,44.599998,44.599998,2200,44.393074
2015-10-12,45.279999,45.459999,45.279999,45.360001,42900,45.14955
2015-10-09,45.240002,45.529999,45.240002,45.360001,3000,45.14955
2015-10-08,44.490002,45.099998,44.490002,45.099998,4600,44.890754
2015-10-07,44.080002,44.080002,44.080002,44.080002,700,43.87549
2015-10-06,43.279999,43.279999,43.279999,43.279999,800,43.079198
2015-10-05,42.240002,43.50,42.240002,43.50,5600,43.298179
2015-10-02,40.970001,41.68,40.860001,41.68,2400,41.486623
2015-10-01,41.700001,41.700001,41.439999,41.439999,8200,41.247735
2015-09-30,41.50,41.540001,41.290001,41.540001,4800,41.347273
2015-09-29,41.040001,41.139999,41.040001,41.07,2000,40.879453
2015-09-28,41.59,41.599998,41.400002,41.490002,13600,41.297506
2015-09-25,42.27,42.27,42.09,42.09,1300,41.894721
2015-09-24,41.799999,42.130001,41.720001,42.130001,3100,41.934536
2015-09-23,42.75,42.75,42.290001,42.419998,7400,42.223188
2015-09-22,42.84,42.84,42.470001,42.599998,24100,42.402353
2015-09-21,43.509998,43.799999,43.27,43.34,18100,43.138921
2015-09-18,43.73,43.73,43.27,43.27,3600,43.069246
2015-09-17,44.400002,45.029999,44.32,44.419998,1700,44.133285
2015-09-16,44.23,44.48,44.23,44.470001,2900,44.182966
2015-09-15,43.599998,44.119999,43.580002,44.119999,12900,43.835223
2015-09-14,43.470001,43.549999,43.32,43.32,9000,43.040387
2015-09-11,43.619999,43.619999,43.599998,43.599998,6200,43.318578
2015-09-10,43.619999,43.639999,43.619999,43.639999,800,43.358321
2015-09-09,43.990002,44.040001,43.68,43.68,5800,43.398064
2015-09-08,43.529999,43.900002,43.529999,43.900002,5900,43.616645
2015-09-04,43.099998,43.27,42.959999,42.990002,3400,42.712519
2015-09-03,43.57,43.630001,43.50,43.50,2000,43.219225
2015-09-02,42.849998,43.169998,42.830002,43.169998,2100,42.891354
2015-09-01,43.389999,43.389999,42.650002,42.650002,12000,42.374713
2015-08-31,43.650002,44.060001,43.650002,44.029999,15500,43.745803
2015-08-28,43.400002,43.919998,43.389999,43.889999,2800,43.606708
2015-08-27,42.77,43.59,42.77,43.360001,5000,43.08013
2015-08-26,42.919998,42.919998,42.200001,42.540001,2700,42.265423
2015-08-25,43.77,43.77,42.290001,42.470001,7200,42.195875
2015-08-24,44.43,44.43,42.779999,42.779999,10000,42.503872
2015-08-21,44.43,44.66,44.09,44.299999,30200,44.014061
2015-08-20,45.639999,45.639999,44.860001,44.860001,5800,44.570448
2015-08-19,45.959999,45.990002,45.580002,45.880001,1700,45.583865
2015-08-18,46.50,46.50,46.189999,46.220001,2200,45.92167
2015-08-17,45.950001,46.459999,45.889999,46.450001,3500,46.150185
2015-08-14,45.830002,45.830002,45.830002,45.830002,000,45.534188
2015-08-13,45.98,46.040001,45.830002,45.830002,1100,45.534188
2015-08-12,45.18,45.709999,45.18,45.709999,2200,45.41496
2015-08-11,46.029999,46.029999,45.93,45.93,800,45.633541
2015-08-10,45.84,46.189999,45.84,46.189999,2200,45.891861
2015-08-07,45.599998,45.720001,45.310001,45.310001,3300,45.017544
2015-08-06,46.09,46.09,46.049999,46.049999,600,45.752766
2015-08-05,46.110001,46.43,46.040001,46.099998,3000,45.802442
2015-08-04,46.209999,46.209999,45.860001,45.990002,1800,45.693155
2015-08-03,46.189999,46.189999,46.099998,46.099998,700,45.802442
2015-07-31,46.34,46.459999,46.299999,46.400002,6300,46.100509
2015-07-30,45.889999,45.889999,45.810001,45.810001,2000,45.514317
2015-07-29,45.349998,45.630001,45.349998,45.630001,900,45.335478
2015-07-28,44.389999,45.16,44.389999,45.110001,7500,44.818834
2015-07-27,44.540001,44.990002,44.330002,44.68,11900,44.391609
2015-07-24,45.450001,45.450001,45.18,45.18,1100,44.888382
2015-07-23,46.75,46.810001,46.240002,46.240002,2100,45.941542
2015-07-22,46.540001,46.720001,46.52,46.720001,3100,46.418443
2015-07-21,47.09,47.09,46.720001,46.810001,800,46.507862
2015-07-20,47.060001,47.099998,46.950001,46.959999,3700,46.656892
2015-07-17,47.509998,47.509998,47.139999,47.279999,1100,46.974826
2015-07-16,47.630001,47.630001,47.560001,47.560001,1500,47.253021
2015-07-15,47.169998,47.32,47.060001,47.060001,1600,46.756249
2015-07-14,47.450001,47.650002,47.439999,47.639999,2500,47.332503
2015-07-13,47.400002,47.689999,47.400002,47.540001,1900,47.23315
2015-07-10,46.990002,47.16,46.91,47.049999,3800,46.746311
2015-07-09,46.669998,46.810001,46.50,46.52,4100,46.219733
2015-07-08,46.419998,46.43,46.259998,46.279999,1400,45.981281
2015-07-07,46.57,46.98,46.349998,46.98,10600,46.676763
2015-07-06,47.369999,47.369999,47.130001,47.130001,800,46.825796
2015-07-02,47.57,47.59,47.07,47.07,5100,46.766182
2015-07-01,46.889999,47.810001,46.889999,47.50,2000,47.193407
2015-06-30,47.27,47.48,47.119999,47.330002,43500,47.024506
2015-06-29,47.939999,47.939999,46.950001,46.950001,3400,46.646958
2015-06-26,48.25,48.25,48.040001,48.18,1300,47.869018
2015-06-25,48.290001,48.330002,48.139999,48.32,1700,48.008114
2015-06-24,48.369999,48.369999,48.150002,48.25,1500,47.938566
2015-06-23,48.529999,48.560001,48.369999,48.41,1900,48.097533
2015-06-22,48.50,48.639999,48.50,48.52,4200,48.206824
2015-06-19,48.25,48.349998,48.25,48.349998,2900,48.037919
2015-06-18,47.580002,48.310001,47.580002,48.310001,4400,47.926645
2015-06-17,47.610001,47.84,47.50,47.540001,2900,47.162755
2015-06-16,47.529999,47.720001,47.529999,47.59,2200,47.212357
2015-06-15,47.43,47.59,47.349998,47.529999,1500,47.152832
2015-06-12,47.700001,47.75,47.700001,47.75,33500,47.371087
2015-06-11,47.91,47.990002,47.880001,47.990002,3400,47.609184
2015-06-10,47.810001,48.16,47.790001,47.990002,6500,47.609184
2015-06-09,47.110001,47.110001,46.939999,46.939999,1400,46.567514
2015-06-08,47.279999,47.279999,47.220001,47.25,1400,46.875055
2015-06-05,47.23,47.580002,47.189999,47.57,7100,47.192515
2015-06-04,47.59,47.59,47.18,47.23,3500,46.855213
2015-06-03,47.009998,47.810001,47.009998,47.630001,10500,47.252041
2015-06-02,47.189999,47.389999,47.00,47.009998,3000,46.636958
2015-06-01,46.560001,46.950001,46.470001,46.93,3400,46.557595
2015-05-29,46.73,46.869999,46.57,46.84,1700,46.468309
2015-05-28,47.400002,47.400002,47.009998,47.16,2100,46.785769
2015-05-27,47.00,47.369999,46.709999,47.349998,3400,46.97426
2015-05-26,47.400002,47.400002,46.34,46.66,1900,46.289737
2015-05-22,47.77,47.959999,47.400002,47.400002,1800,47.023866
2015-05-21,47.919998,48.09,47.790001,47.950001,1800,47.569501
2015-05-20,47.689999,47.77,47.529999,47.77,2000,47.390929
2015-05-19,47.650002,47.73,47.470001,47.73,12400,47.351246
2015-05-18,47.330002,47.830002,46.900002,47.77,10700,47.390929
2015-05-15,47.459999,47.540001,47.419998,47.419998,1900,47.043704
2015-05-14,47.369999,47.720001,47.369999,47.630001,3600,47.252041
2015-05-13,46.790001,46.990002,46.790001,46.990002,3800,46.61712
2015-05-12,46.669998,47.060001,46.41,46.869999,2600,46.498069
2015-05-11,47.07,47.330002,47.00,47.00,1600,46.627039
2015-05-08,47.00,47.02,46.959999,46.970001,1500,46.597278
2015-05-07,46.43,46.880001,46.43,46.700001,2800,46.32942
2015-05-06,46.040001,46.360001,46.009998,46.139999,17400,45.773863
2015-05-05,46.860001,46.860001,46.209999,46.209999,1400,45.843307
2015-05-04,46.720001,47.040001,46.720001,46.919998,2500,46.547672
2015-05-01,46.66,46.740002,46.389999,46.73,18200,46.359181
2015-04-30,46.779999,46.779999,46.279999,46.279999,2300,45.912751
2015-04-29,47.18,47.18,47.040001,47.099998,2900,46.726244
2015-04-28,47.380001,47.790001,47.380001,47.650002,7700,47.271882
2015-04-27,47.779999,48.07,47.169998,47.380001,22900,47.004024
2015-04-24,47.639999,47.689999,47.610001,47.610001,5400,47.232199
2015-04-23,47.389999,47.689999,47.389999,47.68,2700,47.301643
2015-04-22,47.259998,47.57,47.259998,47.509998,22100,47.13299
2015-04-21,47.59,47.59,47.43,47.459999,900,47.083388
2015-04-20,47.080002,47.709999,47.080002,47.580002,5000,47.202438
2015-04-17,47.099998,47.099998,46.799999,46.849998,8700,46.478228
2015-04-16,47.689999,47.91,47.689999,47.709999,2800,47.331404
2015-04-15,47.43,48.060001,47.43,48.060001,4500,47.678629
2015-04-14,47.240002,47.57,47.240002,47.470001,2400,47.09331
2015-04-13,47.689999,47.740002,47.450001,47.450001,2700,47.073469
2015-04-10,47.330002,47.419998,47.169998,47.419998,9000,47.043704
2015-04-09,47.25,47.32,47.099998,47.099998,1700,46.726244
2015-04-08,47.290001,47.43,47.07,47.23,7000,46.855213
2015-04-07,47.279999,47.419998,47.189999,47.189999,2600,46.81553
2015-04-06,47.119999,47.560001,47.119999,47.459999,5500,47.083388
2015-04-02,47.73,47.77,47.23,47.290001,8100,46.914738
2015-04-01,47.580002,47.580002,47.23,47.330002,4200,46.954422
2015-03-31,47.869999,47.869999,47.610001,47.619999,4700,47.242118
2015-03-30,47.389999,48.009998,47.389999,48.00,7900,47.619103
2015-03-27,47.169998,47.41,47.130001,47.299999,5400,46.924657
2015-03-26,47.200001,47.34,47.02,47.299999,4100,46.924657
2015-03-25,48.349998,48.349998,47.610001,47.610001,1900,47.232199
2015-03-24,48.150002,48.360001,48.150002,48.310001,8900,47.926645
2015-03-23,48.439999,48.52,48.279999,48.310001,4100,47.926645
2015-03-20,47.900002,48.279999,47.900002,48.279999,2700,47.89688
2015-03-19,47.77,47.900002,47.68,47.830002,3700,47.314541
2015-03-18,47.41,48.009998,47.32,47.93,3500,47.413462
2015-03-17,47.330002,47.549999,47.16,47.549999,17100,47.037556
2015-03-16,47.299999,47.400002,47.189999,47.279999,9000,46.770465
2015-03-13,47.459999,47.459999,46.700001,47.009998,6700,46.503375
2015-03-12,46.57,47.419998,46.57,47.419998,4100,46.908956
2015-03-11,46.34,46.369999,46.209999,46.23,5100,45.731782
2015-03-10,46.150002,46.290001,46.139999,46.139999,19100,45.642752
2015-03-09,46.450001,46.970001,46.450001,46.939999,1800,46.434129
2015-03-06,46.650002,46.75,46.490002,46.50,13000,45.998872
2015-03-05,46.869999,47.049999,46.860001,46.91,2000,46.404454
2015-03-04,47.130001,47.130001,46.810001,46.830002,2300,46.325318
2015-03-03,47.720001,47.720001,47.290001,47.41,17900,46.899065
2015-03-02,47.68,47.810001,47.369999,47.709999,25900,47.195831
2015-02-27,47.369999,47.509998,47.25,47.279999,5600,46.770465
2015-02-26,47.169998,47.48,47.169998,47.43,17700,46.91885
2015-02-25,47.279999,47.50,47.119999,47.119999,48700,46.61219
2015-02-24,46.82,47.240002,46.82,47.209999,7100,46.70122
2015-02-23,46.91,46.91,46.700001,46.700001,5500,46.196718
2015-02-20,46.830002,46.849998,46.470001,46.849998,19900,46.345099
2015-02-19,46.610001,46.82,46.549999,46.799999,5700,46.295639
2015-02-18,46.560001,46.68,46.32,46.68,3600,46.176933
2015-02-17,46.439999,46.669998,46.34,46.389999,2700,45.890057
2015-02-13,46.349998,46.610001,46.299999,46.580002,11400,46.078012
2015-02-12,45.880001,46.139999,45.880001,46.139999,8400,45.642752
2015-02-11,45.50,45.779999,45.50,45.599998,1800,45.10857
2015-02-10,45.490002,45.490002,45.169998,45.48,1300,44.989864
2015-02-09,45.790001,45.790001,45.470001,45.470001,3500,44.979974
2015-02-06,45.41,45.799999,45.41,45.599998,14800,45.10857
2015-02-05,45.110001,45.43,45.09,45.43,1400,44.940404
2015-02-04,45.049999,45.16,44.900002,44.900002,4200,44.416117
2015-02-03,44.290001,45.060001,44.290001,45.02,16400,44.534823
2015-02-02,43.57,43.919998,43.48,43.66,2900,43.189479
2015-01-30,44.290001,44.290001,43.459999,43.459999,5800,42.991633
2015-01-29,43.75,44.509998,43.75,44.509998,107000,44.030317
2015-01-28,44.73,44.77,43.939999,43.939999,2400,43.46646
2015-01-27,44.360001,44.740002,44.25,44.68,5700,44.198487
2015-01-26,44.779999,44.939999,44.779999,44.869999,6000,44.386438
2015-01-23,44.650002,44.880001,44.34,44.689999,20900,44.208377
2015-01-22,43.610001,44.549999,43.610001,44.549999,28300,44.069887
2015-01-21,43.759998,43.790001,43.310001,43.529999,3500,43.060879
2015-01-20,43.419998,43.799999,43.360001,43.799999,2000,43.327969
2015-01-16,43.349998,43.580002,43.34,43.549999,3500,43.080664
2015-01-15,43.73,43.939999,43.299999,43.549999,2400,43.080664
2015-01-14,44.169998,44.169998,43.630001,44.009998,4000,43.535705
2015-01-13,44.419998,44.91,43.799999,44.139999,3700,43.664305
2015-01-12,43.52,44.119999,43.52,43.779999,10200,43.308184
2015-01-09,44.57,44.57,44.299999,44.360001,39500,43.881936
2015-01-08,44.470001,44.689999,44.439999,44.650002,39000,44.168811
2015-01-07,44.810001,44.810001,43.599998,43.669998,9000,43.199369
2015-01-06,44.689999,44.689999,43.459999,43.810001,24800,43.337864
2015-01-05,45.549999,45.549999,44.470001,44.470001,20700,43.990751
2015-01-02,46.549999,46.549999,45.110001,45.169998,6600,44.683204
2014-12-31,46.389999,46.799999,46.389999,46.689999,1900,46.186823
2014-12-30,46.700001,46.700001,46.509998,46.59,1900,46.087903
2014-12-29,46.639999,46.75,46.599998,46.639999,6200,46.137363
2014-12-26,46.380001,46.599998,46.380001,46.599998,3000,46.097793
2014-12-24,46.200001,46.200001,46.02,46.130001,1900,45.632861
2014-12-23,45.549999,46.040001,45.540001,45.98,12100,45.484476
2014-12-22,45.02,45.450001,45.009998,45.450001,8200,44.960189
2014-12-19,44.57,44.990002,44.57,44.880001,2500,44.396332
2014-12-18,45.139999,45.139999,44.52,45.029999,3300,44.36962
2014-12-17,43.610001,44.32,43.279999,44.32,15100,43.670033
2014-12-16,43.450001,43.84,43.439999,43.439999,2700,42.802938
2014-12-15,43.849998,43.849998,43.380001,43.470001,7400,42.8325
2014-12-12,43.93,43.990002,43.59,43.59,16600,42.950739
2014-12-11,44.98,45.099998,44.790001,45.040001,3400,44.379476
2014-12-10,45.02,45.060001,44.490002,44.630001,1700,43.975488
2014-12-09,44.389999,45.450001,44.02,45.450001,113600,44.783463
2014-12-08,45.419998,45.509998,44.720001,44.830002,4000,44.172556
2014-12-05,45.189999,45.639999,45.189999,45.639999,6000,44.970675
2014-12-04,45.400002,45.400002,44.970001,45.200001,78800,44.537129
2014-12-03,44.720001,45.52,44.720001,45.52,3200,44.852436
2014-12-02,44.50,45.080002,44.50,44.779999,3300,44.123286
2014-12-01,44.82,44.82,44.43,44.529999,2800,43.876953
2014-11-28,45.450001,45.52,45.25,45.25,3000,44.586395
2014-11-26,45.389999,45.77,45.389999,45.52,5000,44.852436
2014-11-25,45.560001,45.91,45.439999,45.529999,8900,44.862287
2014-11-24,45.09,45.43,45.09,45.43,1900,44.763755
2014-11-21,45.529999,45.529999,45.040001,45.09,5500,44.428742
2014-11-20,44.439999,45.02,44.439999,45.02,2000,44.359768
2014-11-19,44.68,44.68,44.330002,44.619999,1300,43.965633
2014-11-18,45.09,45.25,45.060001,45.060001,2300,44.399183
2014-11-17,45.139999,45.139999,44.759998,44.759998,5900,44.103579
2014-11-14,45.200001,45.470001,45.119999,45.240002,5500,44.576543
2014-11-13,45.75,45.75,45.32,45.32,4100,44.655368
2014-11-12,45.560001,45.669998,45.560001,45.669998,1000,45.000234
2014-11-11,45.57,45.57,45.220001,45.330002,5100,44.665224
2014-11-10,45.23,45.32,45.09,45.279999,10500,44.615954
2014-11-07,45.110001,45.110001,45.060001,45.060001,2100,44.399183
2014-11-06,44.950001,45.130001,44.82,45.07,4600,44.409034
2014-11-05,44.919998,44.919998,44.700001,44.790001,3300,44.133142
2014-11-04,45.049999,45.049999,44.66,44.740002,3200,44.083876
2014-11-03,45.040001,45.049999,44.73,44.75,5800,44.093728
2014-10-31,44.68,44.860001,44.599998,44.860001,4800,44.202115
2014-10-30,43.66,44.16,43.599998,44.060001,4400,43.413848
2014-10-29,44.310001,44.310001,43.630001,43.68,4500,43.03942
2014-10-28,42.880001,44.099998,42.880001,44.099998,11000,43.453259
2014-10-27,42.32,42.509998,42.310001,42.470001,1900,41.847166
2014-10-24,42.75,42.990002,42.540001,42.759998,5500,42.13291
2014-10-23,40.990002,43.049999,40.959999,42.740002,5200,42.113206
2014-10-22,42.669998,42.82,42.02,42.02,4700,41.403764
2014-10-21,41.77,42.509998,41.77,42.43,9100,41.807751
2014-10-20,41.330002,41.540001,41.240002,41.52,13400,40.911097
2014-10-17,41.360001,41.700001,41.169998,41.400002,12600,40.792858
2014-10-16,40.509998,41.439999,40.509998,41.349998,14400,40.743588
2014-10-15,39.950001,40.889999,39.09,40.889999,31200,40.290335
2014-10-14,39.91,40.900002,39.91,40.48,7800,39.886348
2014-10-13,39.93,40.389999,39.799999,39.830002,12800,39.245883
2014-10-10,40.07,40.540001,39.959999,40.00,5300,39.413388
2014-10-09,41.189999,41.189999,40.25,40.27,63000,39.679429
2014-10-08,40.450001,40.849998,40.110001,40.84,27200,40.241069
2014-10-07,40.720001,40.959999,40.650002,40.68,3400,40.083416
2014-10-06,41.439999,41.490002,41.290001,41.290001,3000,40.68447
2014-10-03,41.50,41.630001,41.450001,41.59,8700,40.98007
2014-10-02,41.00,41.330002,40.650002,41.240002,33900,40.635204
2014-10-01,41.52,41.52,40.740002,40.82,111200,40.221362
2014-09-30,42.139999,42.169998,41.75,41.830002,31300,41.216552
2014-09-29,42.150002,42.330002,42.080002,42.18,12500,41.561418
2014-09-26,42.27,42.43,42.200001,42.43,4200,41.807751
2014-09-25,42.799999,42.799999,42.169998,42.330002,8000,41.709219
2014-09-24,42.759998,43.119999,42.540001,42.919998,3900,42.290563
2014-09-23,43.099998,43.099998,42.68,42.689999,6900,42.063937
2014-09-22,43.419998,43.419998,43.080002,43.099998,1800,42.467924
2014-09-19,44.490002,44.490002,43.52,43.68,5400,43.03942
2014-09-18,44.150002,44.23,44.09,44.169998,5800,43.480848
2014-09-17,43.759998,44.16,43.759998,43.950001,9200,43.264283
2014-09-16,43.759998,43.860001,43.540001,43.810001,7400,43.126468
2014-09-15,43.740002,43.919998,43.619999,43.810001,66400,43.126468
2014-09-12,44.330002,44.330002,43.990002,44.119999,21600,43.431629
2014-09-11,43.939999,44.560001,43.939999,44.43,6400,43.736793
2014-09-10,44.099998,44.150002,43.939999,44.150002,7500,43.461163
2014-09-09,44.330002,44.389999,44.09,44.09,6600,43.402098
2014-09-08,44.650002,44.650002,44.490002,44.580002,3900,43.884454
2014-09-05,44.419998,44.52,44.209999,44.52,7400,43.825389
2014-09-04,44.709999,44.810001,44.43,44.43,3900,43.736793
2014-09-03,44.52,44.52,44.240002,44.360001,2700,43.667886
2014-09-02,44.07,44.439999,44.049999,44.439999,3800,43.746636
2014-08-29,43.669998,44.009998,43.669998,44.009998,5900,43.323344
2014-08-28,43.810001,43.950001,43.790001,43.790001,17900,43.106779
2014-08-27,44.25,44.25,44.119999,44.150002,3900,43.461163
2014-08-26,44.25,44.299999,44.16,44.259998,3900,43.569444
2014-08-25,44.150002,44.310001,44.099998,44.110001,1500,43.421786
2014-08-22,44.02,44.139999,43.790001,44.139999,2300,43.451317
2014-08-21,43.900002,44.139999,43.610001,44.110001,10400,43.421786
2014-08-20,43.950001,43.990002,43.790001,43.889999,5000,43.205217
2014-08-19,44.220001,44.290001,44.189999,44.290001,2800,43.598978
2014-08-18,43.580002,44.00,43.580002,43.950001,2900,43.264283
2014-08-15,43.540001,43.540001,42.849998,43.18,4900,42.506296
2014-08-14,42.98,43.279999,42.98,43.259998,2400,42.585046
2014-08-13,43.049999,43.23,42.990002,43.040001,11300,42.368481
2014-08-12,43.110001,43.220001,42.759998,42.860001,2300,42.191289
2014-08-11,43.119999,43.459999,43.119999,43.220001,6400,42.545673
2014-08-08,42.279999,42.689999,42.27,42.689999,7800,42.023939
2014-08-07,42.189999,42.299999,42.099998,42.16,6000,41.50221
2014-08-06,42.209999,42.549999,42.209999,42.509998,4100,41.846748
2014-08-05,42.040001,42.48,41.98,42.259998,12600,41.600648
2014-08-04,42.110001,42.16,41.700001,42.16,33000,41.50221
2014-08-01,42.150002,42.150002,41.860001,42.040001,7900,41.384083
2014-07-31,42.939999,42.939999,42.209999,42.209999,12600,41.551429
2014-07-30,43.299999,43.50,43.150002,43.50,4100,42.821303
2014-07-29,43.549999,43.549999,43.32,43.330002,3200,42.653957
2014-07-28,43.549999,43.549999,43.099998,43.369999,3800,42.69333
2014-07-25,44.130001,44.130001,43.630001,43.669998,3700,42.988649
2014-07-24,44.830002,44.830002,44.200001,44.32,6200,43.628509
2014-07-23,44.549999,44.869999,44.549999,44.669998,1700,43.973047
2014-07-22,44.75,44.919998,44.73,44.810001,4100,44.110865
2014-07-21,44.009998,44.310001,43.970001,44.259998,46000,43.569444
2014-07-18,44.119999,44.50,44.119999,44.450001,5100,43.756482
2014-07-17,44.209999,44.32,43.82,43.830002,15100,43.146156
2014-07-16,44.48,44.799999,44.34,44.599998,8500,43.904139
2014-07-15,44.82,44.82,44.580002,44.580002,1100,43.884454
2014-07-14,44.790001,44.82,44.73,44.740002,3500,44.041958
2014-07-11,44.50,44.509998,44.279999,44.439999,4700,43.746636
2014-07-10,44.48,44.790001,43.869999,44.599998,4800,43.904139
2014-07-09,45.189999,45.32,45.099998,45.119999,4100,44.416026
2014-07-08,45.310001,45.310001,45.00,45.110001,6800,44.406184
2014-07-07,46.23,46.23,45.720001,45.720001,1200,45.006667
2014-07-03,46.23,46.34,46.110001,46.34,1500,45.616993
2014-07-02,46.060001,46.060001,45.790001,45.810001,10800,45.095263
2014-07-01,45.630001,46.439999,45.630001,46.27,5100,45.548085
2014-06-30,45.310001,45.639999,45.209999,45.610001,3600,44.898383
2014-06-27,44.610001,45.380001,44.610001,45.150002,2200,44.445561
2014-06-26,44.91,45.18,44.91,45.09,3300,44.386496
2014-06-25,44.889999,45.23,44.799999,45.23,11400,44.524311
2014-06-24,45.220001,45.68,45.220001,45.25,2800,44.543999
2014-06-23,45.380001,45.380001,45.110001,45.290001,6700,44.583376
2014-06-20,45.34,45.549999,45.34,45.450001,7200,44.740879
2014-06-19,45.360001,45.52,45.259998,45.52,3600,44.697566
2014-06-18,45.130001,45.419998,44.939999,45.41,10300,44.589553
2014-06-17,45.349998,45.400002,45.240002,45.27,21900,44.452083
2014-06-16,45.18,45.18,44.959999,45.080002,6300,44.265517
2014-06-13,45.099998,45.529999,45.099998,45.34,5200,44.520818
2014-06-12,45.450001,45.560001,45.25,45.25,5400,44.432444
2014-06-11,46.099998,46.099998,45.759998,45.759998,10400,44.933228
2014-06-10,46.41,46.41,46.040001,46.27,3600,45.434015
2014-06-09,46.00,46.50,46.00,46.400002,6300,45.561668
2014-06-06,45.32,45.889999,45.32,45.889999,8500,45.06088
2014-06-05,44.279999,45.220001,44.279999,45.16,4500,44.34407
2014-06-04,43.98,44.240002,43.98,44.169998,8300,43.371955
2014-06-03,44.110001,44.150002,43.75,44.080002,6600,43.283585
2014-06-02,44.43,44.43,43.950001,44.290001,4400,43.48979
2014-05-30,44.700001,44.700001,44.349998,44.450001,9500,43.646899
2014-05-29,44.720001,44.75,44.540001,44.580002,3700,43.774551
2014-05-28,44.77,44.779999,44.619999,44.75,8100,43.941478
2014-05-27,44.450001,45.130001,44.450001,44.950001,83800,44.137865
2014-05-23,44.02,44.290001,43.990002,44.290001,3500,43.48979
2014-05-22,43.380001,43.700001,43.369999,43.700001,12900,42.910449
2014-05-21,43.299999,43.310001,43.00,43.220001,3000,42.439122
2014-05-20,43.32,43.32,42.82,43.150002,5800,42.370387
2014-05-19,43.119999,43.98,43.119999,43.830002,2800,43.038102
2014-05-16,43.09,43.419998,42.98,43.419998,1900,42.635506
2014-05-15,43.27,43.389999,42.73,43.279999,18000,42.498036
2014-05-14,44.66,44.66,43.779999,43.790001,15400,42.998823
2014-05-13,45.419998,45.419998,44.790001,44.82,3700,44.010213
2014-05-12,45.119999,45.50,45.119999,45.439999,16500,44.61901
2014-05-09,43.529999,44.049999,43.529999,44.00,19100,43.205028
2014-05-08,43.860001,44.48,43.82,43.93,3400,43.136293
2014-05-07,43.610001,43.93,43.560001,43.900002,2100,43.106837
2014-05-06,44.310001,44.349998,43.84,44.00,7500,43.205028
2014-05-05,44.439999,44.619999,44.049999,44.48,25300,43.676355
2014-05-02,44.580002,44.970001,44.509998,44.540001,9800,43.735273
2014-05-01,44.029999,44.82,44.02,44.23,15300,43.430872
2014-04-30,44.060001,44.48,43.84,44.41,9900,43.60762
2014-04-29,44.450001,44.779999,44.310001,44.330002,20000,43.529068
2014-04-28,44.389999,44.650002,43.59,44.150002,16700,43.35232
2014-04-25,44.950001,44.950001,44.220001,44.450001,13000,43.646899
2014-04-24,44.939999,45.150002,44.779999,44.849998,6700,44.039669
2014-04-23,45.650002,45.650002,45.209999,45.32,14500,44.501179
2014-04-22,45.169998,45.720001,45.169998,45.650002,19000,44.825218
2014-04-21,45.18,45.25,44.860001,45.18,18600,44.363709
2014-04-17,44.779999,45.209999,44.560001,45.099998,48300,44.285153
2014-04-16,44.27,44.52,44.240002,44.490002,3900,43.686177
2014-04-15,44.130001,44.130001,43.200001,43.77,29600,42.979184
2014-04-14,44.560001,44.580002,43.790001,43.799999,12400,43.008641
2014-04-11,43.950001,44.099998,42.669998,43.720001,31700,42.930088
2014-04-10,45.380001,45.380001,44.110001,44.200001,4000,43.401416
2014-04-09,44.57,45.299999,44.57,45.279999,3700,44.461901
2014-04-08,44.18,44.720001,44.18,44.400002,5500,43.597803
2014-04-07,44.610001,44.799999,44.209999,44.360001,6200,43.558525
2014-04-04,46.50,46.50,44.98,45.259998,9300,44.442262
2014-04-03,46.68,46.68,45.98,46.330002,15300,45.492933
2014-04-02,46.50,46.59,46.459999,46.48,29200,45.64022
2014-04-01,45.900002,46.48,45.900002,46.48,6100,45.64022
2014-03-31,44.73,45.950001,44.73,45.91,9900,45.080519
2014-03-28,45.18,45.400002,44.650002,44.650002,2900,43.843286
2014-03-27,44.880001,44.880001,44.419998,44.50,3800,43.695995
2014-03-26,45.919998,45.919998,44.77,44.77,7300,43.961117
2014-03-25,45.82,46.279999,45.75,45.860001,6100,45.031423
2014-03-24,46.099998,46.419998,45.439999,45.869999,3200,45.041241
2014-03-21,46.43,46.599998,46.07,46.07,4600,45.237628
2014-03-20,46.099998,46.27,45.990002,46.119999,5600,45.240574
2014-03-19,46.200001,46.25,45.91,45.91,8800,45.03458
2014-03-18,45.759998,46.23,45.759998,45.98,22200,45.103245
2014-03-17,46.130001,46.130001,45.540001,45.77,5700,44.89725
2014-03-14,45.060001,45.650002,45.040001,45.380001,3700,44.514687
2014-03-13,46.07,46.07,45.150002,45.360001,6300,44.495068
2014-03-12,45.860001,45.98,45.75,45.939999,6800,45.064006
2014-03-11,46.389999,46.720001,45.950001,45.950001,5600,45.073818
2014-03-10,46.669998,46.740002,46.380001,46.650002,13700,45.760471
2014-03-07,46.869999,47.049999,46.57,46.619999,19000,45.73104
2014-03-06,46.41,46.650002,46.299999,46.650002,13800,45.760471
2014-03-05,46.18,46.299999,46.029999,46.139999,7700,45.260194
2014-03-04,45.389999,46.599998,45.389999,46.439999,11800,45.554472
2014-03-03,45.400002,45.400002,44.549999,45.040001,11000,44.18117
2014-02-28,45.419998,45.630001,45.369999,45.48,9900,44.612779
2014-02-27,44.650002,45.240002,44.650002,45.150002,8100,44.289073
2014-02-26,44.41,45.200001,44.400002,44.689999,44100,43.837842
2014-02-25,44.450001,44.650002,44.23,44.450001,13900,43.60242
2014-02-24,44.389999,44.950001,44.389999,44.540001,18300,43.690704
2014-02-21,44.549999,44.619999,44.32,44.41,9300,43.563182
2014-02-20,43.759998,44.509998,43.759998,44.50,9100,43.651466
2014-02-19,44.459999,44.549999,43.849998,43.939999,7500,43.102143
2014-02-18,44.450001,44.650002,44.099998,44.50,13600,43.651466
2014-02-14,44.310001,44.32,43.860001,44.189999,20800,43.347376
2014-02-13,42.98,44.02,42.98,44.00,6400,43.161
2014-02-12,42.919998,43.400002,42.790001,43.27,13300,42.44492
2014-02-11,42.779999,43.049999,42.639999,43.040001,5600,42.219306
2014-02-10,43.09,43.09,42.459999,42.779999,11700,41.964262
2014-02-07,42.860001,43.240002,42.639999,43.119999,11200,42.297779
2014-02-06,42.169998,42.709999,42.169998,42.650002,9800,41.836744
2014-02-05,42.389999,42.389999,41.689999,42.16,7400,41.356085
2014-02-04,42.439999,42.779999,42.009998,42.610001,12600,41.797505
2014-02-03,43.52,43.790001,42.049999,42.369999,21400,41.56208
2014-01-31,44.049999,44.049999,43.279999,43.759998,16100,42.925575
2014-01-30,43.830002,44.279999,43.77,44.200001,7300,43.357187
2014-01-29,44.529999,44.529999,43.450001,43.450001,51000,42.621488
2014-01-28,43.900002,44.290001,43.900002,44.240002,12800,43.396425
2014-01-27,44.619999,44.709999,43.689999,44.200001,21600,43.357187
2014-01-24,45.790001,46.27,44.439999,44.599998,30900,43.749558
2014-01-23,46.439999,46.77,45.779999,46.110001,31600,45.230767
2014-01-22,46.369999,46.529999,46.200001,46.509998,69000,45.623137
2014-01-21,46.32,46.34,45.919998,46.34,17000,45.456381
2014-01-17,45.91,46.049999,45.830002,45.860001,30700,44.985534
2014-01-16,46.189999,46.52,45.959999,46.209999,111500,45.328858
2014-01-15,45.759998,46.16,45.759998,46.16,34000,45.279813
2014-01-14,45.470001,45.740002,45.00,45.610001,24000,44.740301
2014-01-13,45.41,45.529999,44.77,44.77,13800,43.916318
2014-01-10,45.099998,45.380001,45.02,45.380001,5800,44.514687
2014-01-09,44.950001,45.09,44.720001,45.02,15500,44.161551
2014-01-08,45.189999,45.209999,44.759998,44.959999,26700,44.102694
2014-01-07,44.93,45.720001,44.93,45.18,20900,44.3185
2014-01-06,45.279999,45.279999,44.740002,44.740002,20800,43.886891
2014-01-03,45.23,45.259998,45.060001,45.18,38500,44.3185
2014-01-02,45.389999,45.389999,44.830002,45.02,19400,44.161551
2013-12-31,46.00,46.130001,45.540001,45.720001,15900,44.848204
2013-12-30,45.810001,45.810001,45.509998,45.650002,15500,44.779539
2013-12-27,46.09,46.09,45.50,45.50,8600,44.632398
2013-12-26,45.950001,45.950001,45.68,45.91,10300,45.03458
2013-12-24,45.419998,45.82,45.419998,45.73,8900,44.858012
2013-12-23,47.52,47.52,45.00,45.419998,29800,44.553921
2013-12-20,44.740002,45.259998,44.049999,45.259998,25200,44.396972
2013-12-19,44.43,44.439999,44.049999,44.310001,16200,43.352282
2013-12-18,44.110001,44.529999,43.57,44.529999,26500,43.567524
2013-12-17,44.209999,44.209999,43.799999,44.060001,6900,43.107685
2013-12-16,43.810001,44.200001,43.779999,44.110001,14100,43.156604
2013-12-13,43.439999,43.93,43.130001,43.59,18700,42.647843
2013-12-12,43.110001,43.470001,42.900002,43.470001,18400,42.530437
2013-12-11,43.529999,43.529999,43.040001,43.040001,15800,42.109731
2013-12-10,43.73,44.02,43.529999,43.580002,3400,42.63806
2013-12-09,44.34,44.34,43.869999,44.119999,6700,43.166386
2013-12-06,46.50,46.50,43.84,44.16,14800,43.205522
2013-12-05,43.77,43.869999,43.419998,43.639999,11400,42.696761
2013-12-04,43.919998,44.130001,43.32,43.709999,3400,42.765248
2013-12-03,44.130001,44.18,43.650002,43.889999,10100,42.941358
2013-12-02,45.119999,45.119999,43.959999,44.200001,14700,43.244659
2013-11-29,44.779999,44.970001,44.689999,44.810001,9700,43.841475
2013-11-27,44.599998,44.799999,44.459999,44.50,13700,43.538174
2013-11-26,43.84,44.360001,43.84,44.25,9700,43.293577
2013-11-25,44.400002,44.400002,43.799999,43.82,7500,42.872871
2013-11-22,43.450001,43.799999,43.450001,43.799999,10100,42.853303
2013-11-21,43.169998,43.57,43.169998,43.57,11100,42.628274
2013-11-20,43.189999,43.189999,42.59,42.66,6000,41.737943
2013-11-19,43.32,43.389999,42.919998,42.98,37900,42.051027
2013-11-18,43.43,43.619999,43.060001,43.209999,30000,42.276055
2013-11-15,42.91,43.310001,42.91,43.290001,26100,42.354328
2013-11-14,42.93,43.080002,42.93,43.080002,16100,42.148867
2013-11-13,42.380001,42.939999,42.380001,42.939999,7800,42.01189
2013-11-12,42.48,42.73,42.470001,42.689999,6600,41.767294
2013-11-11,42.52,42.599998,42.349998,42.599998,1400,41.679239
2013-11-08,41.799999,42.57,41.790001,42.57,4800,41.649889
2013-11-07,42.810001,42.880001,41.810001,41.810001,14600,40.906317
2013-11-06,42.73,42.849998,42.529999,42.68,10900,41.757512
2013-11-05,42.799999,42.799999,42.400002,42.630001,13100,41.708593
2013-11-04,42.720001,42.759998,42.380001,42.75,12100,41.825998
2013-11-01,42.220001,42.299999,41.950001,42.299999,4000,41.385724
2013-10-31,42.400002,42.700001,42.220001,42.43,8700,41.512915
2013-10-30,43.130001,43.130001,42.439999,42.560001,20600,41.640106
2013-10-29,43.389999,43.389999,42.77,42.919998,12600,41.992322
2013-10-28,42.68,42.93,42.68,42.759998,6700,41.835781
2013-10-25,42.799999,42.799999,42.560001,42.639999,5700,41.718375
2013-10-24,42.599998,42.84,42.490002,42.810001,58500,41.884703
2013-10-23,42.830002,42.830002,42.48,42.610001,21900,41.689025
2013-10-22,43.080002,43.09,42.73,42.869999,26500,41.943404
2013-10-21,46.889999,46.889999,42.52,42.669998,16600,41.747726
2013-10-18,42.400002,42.470001,42.18,42.419998,19800,41.503129
2013-10-17,41.439999,43.16,41.299999,41.869999,35000,40.965018
2013-10-16,41.349998,41.470001,41.349998,41.470001,9500,40.573666
2013-10-15,42.060001,42.060001,41.029999,41.18,10900,40.289933
2013-10-14,41.00,41.57,41.00,41.470001,32000,40.573666
2013-10-11,40.529999,41.23,40.529999,41.139999,7600,40.250796
2013-10-10,40.470001,40.540001,40.209999,40.540001,9300,39.663766
2013-10-09,39.540001,39.939999,39.52,39.759998,3900,38.900623
2013-10-08,40.139999,40.23,39.759998,39.77,8300,38.910409
2013-10-07,40.400002,40.470001,40.299999,40.299999,6400,39.428952
2013-10-04,40.889999,40.91,40.560001,40.880001,8700,39.996418
2013-10-03,45.459999,45.459999,40.299999,40.549999,10800,39.673549
2013-10-02,41.23,41.25,41.060001,41.060001,10600,40.172527
2013-10-01,41.00,41.52,41.00,41.48,8200,40.583448
2013-09-30,41.00,41.150002,40.639999,41.150002,11000,40.260582
2013-09-27,40.759998,41.110001,40.759998,41.049999,11800,40.162741
2013-09-26,41.150002,41.32,41.029999,41.049999,13700,40.162741
2013-09-25,41.00,41.209999,40.939999,41.009998,78900,40.123605
2013-09-24,40.869999,41.360001,40.790001,41.060001,8300,40.172527
2013-09-23,41.27,41.27,40.73,40.919998,4200,40.03555
2013-09-20,41.09,41.16,41.029999,41.029999,5400,40.143173
2013-09-19,40.970001,41.189999,40.970001,41.060001,4700,40.151982
2013-09-18,40.84,41.040001,40.16,41.029999,12700,40.122643
2013-09-17,40.389999,40.470001,40.099998,40.470001,8100,39.575029
2013-09-16,40.939999,40.939999,40.060001,40.099998,17300,39.213209
2013-09-13,40.189999,40.189999,39.709999,39.93,24500,39.04697
2013-09-12,40.490002,40.490002,39.790001,39.790001,12400,38.910067
2013-09-11,40.119999,40.189999,39.93,40.110001,12700,39.22299
2013-09-10,39.830002,40.080002,39.73,40.080002,8500,39.193654
2013-09-09,39.080002,39.459999,39.080002,39.459999,9700,38.587363
2013-09-06,38.919998,38.970001,38.310001,38.849998,4100,37.990852
2013-09-05,38.580002,38.720001,38.57,38.720001,3800,37.863729
2013-09-04,38.18,38.34,38.18,38.330002,5500,37.482355
2013-09-03,38.450001,38.450001,37.880001,37.880001,2000,37.042305
2013-08-30,38.57,38.57,37.860001,37.889999,3500,37.052083
2013-08-29,38.34,38.509998,38.09,38.349998,3600,37.501909
2013-08-28,38.110001,38.23,38.040001,38.040001,4300,37.198767
2013-08-27,38.830002,38.830002,38.139999,38.200001,10700,37.355229
2013-08-26,39.099998,39.349998,39.099998,39.34,8200,38.470017
2013-08-23,39.029999,39.049999,38.959999,39.040001,14300,38.176653
2013-08-22,38.900002,39.150002,38.900002,39.07,1200,38.205988
2013-08-21,38.529999,38.529999,38.41,38.509998,2400,37.658371
2013-08-20,38.560001,38.709999,38.560001,38.709999,8300,37.853949
2013-08-19,38.32,38.389999,38.130001,38.130001,2100,37.286777
2013-08-16,38.43,38.580002,38.310001,38.439999,6500,37.589919
2013-08-15,38.75,38.75,38.310001,38.41,6000,37.560584
2013-08-14,40.900002,40.900002,39.029999,39.029999,20400,38.166872
2013-08-13,39.25,39.369999,39.07,39.290001,3600,38.421124
2013-08-12,38.860001,39.349998,38.860001,39.34,6200,38.470017
2013-08-09,39.139999,39.200001,38.91,39.16,2800,38.293998
2013-08-08,39.799999,39.799999,38.959999,39.18,3000,38.313556
2013-08-07,39.540001,39.540001,38.82,38.900002,40500,38.039749
2013-08-06,39.369999,39.380001,39.110001,39.110001,37500,38.245104
2013-08-05,39.450001,39.610001,39.450001,39.529999,9500,38.655814
2013-08-02,39.459999,39.549999,39.27,39.549999,9100,38.675373
2013-08-01,39.43,39.50,38.93,39.50,9900,38.626479
2013-07-31,38.849998,39.049999,38.779999,39.009998,18600,38.147313
2013-07-30,38.700001,38.77,38.549999,38.599998,20800,37.746381
2013-07-29,38.740002,38.75,38.529999,38.59,32700,37.736603
2013-07-26,39.00,39.049999,38.759998,38.919998,27800,38.059304
2013-07-25,38.919998,39.169998,38.860001,39.169998,9600,38.303775
2013-07-24,39.240002,39.240002,38.740002,38.82,5400,37.961517
2013-07-23,39.099998,39.119999,39.029999,39.029999,7100,38.166872
2013-07-22,39.23,39.259998,39.110001,39.150002,15100,38.284221
2013-07-19,38.93,39.139999,38.900002,39.080002,12900,38.215769
2013-07-18,38.73,39.029999,38.709999,39.00,9100,38.137536
2013-07-17,38.540001,38.759998,38.52,38.57,7000,37.717045
2013-07-16,38.919998,38.919998,38.470001,38.470001,4600,37.619258
2013-07-15,38.810001,38.810001,38.650002,38.73,3300,37.873507
2013-07-12,38.549999,38.740002,38.52,38.59,12000,37.736603
2013-07-11,38.689999,38.689999,38.459999,38.549999,15700,37.697487
2013-07-10,38.189999,38.189999,37.919998,38.07,8800,37.228102
2013-07-09,38.200001,38.200001,37.880001,38.07,7400,37.228102
2013-07-08,37.700001,37.700001,37.490002,37.57,1600,36.73916
2013-07-05,37.099998,37.279999,37.049999,37.279999,2100,36.455572
2013-07-03,37.02,37.02,36.619999,36.869999,2400,36.054639
2013-07-02,36.869999,36.869999,36.639999,36.639999,1500,35.829726
2013-07-01,36.740002,36.919998,36.720001,36.84,4000,36.025304
2013-06-28,36.18,36.389999,36.18,36.25,2800,35.448351
2013-06-27,35.77,36.349998,35.77,36.349998,2600,35.546138
2013-06-26,35.759998,36.009998,35.50,35.73,34400,34.93985
2013-06-25,35.68,35.720001,35.450001,35.450001,9200,34.666043
2013-06-24,35.470001,35.560001,35.169998,35.380001,7600,34.597592
2013-06-21,36.619999,36.619999,35.459999,35.970001,6300,35.174544
2013-06-20,36.049999,36.060001,35.720001,35.75,7900,34.911491
2013-06-19,37.130001,37.130001,36.77,36.880001,17200,36.014989
2013-06-18,36.799999,37.27,36.740002,37.220001,8700,36.347014
2013-06-17,36.529999,36.540001,36.380001,36.419998,1500,35.565775
2013-06-14,36.82,36.82,36.23,36.330002,24100,35.477889
2013-06-13,36.27,36.720001,36.27,36.720001,6000,35.858741
2013-06-12,36.599998,36.599998,36.110001,36.18,3700,35.331406
2013-06-11,36.490002,36.880001,36.34,36.529999,9200,35.673195
2013-06-10,37.389999,37.389999,36.610001,36.779999,8500,35.917332
2013-06-07,36.490002,36.799999,36.490002,36.540001,2500,35.682963
2013-06-06,36.439999,36.439999,36.009998,36.380001,3100,35.526716
2013-06-05,36.330002,36.43,36.139999,36.150002,3200,35.302111
2013-06-04,36.799999,36.799999,36.439999,36.599998,4300,35.741553
2013-06-03,36.849998,36.950001,36.43,36.950001,8600,36.083346
2013-05-31,36.900002,37.09,36.880001,36.889999,3700,36.024752
2013-05-30,36.959999,36.98,36.880001,36.98,6100,36.112642
2013-05-29,37.00,37.00,36.720001,36.810001,5100,35.946631
2013-05-28,37.43,37.43,36.98,37.189999,2300,36.317715
2013-05-24,36.349998,36.669998,36.240002,36.669998,3800,35.809911
2013-05-23,38.59,38.59,36.459999,36.630001,64800,35.770852
2013-05-22,37.330002,37.34,36.450001,36.639999,5200,35.780616
2013-05-21,37.110001,37.18,37.099998,37.169998,3600,36.298184
2013-05-20,37.02,37.189999,36.939999,37.189999,2300,36.317715
2013-05-17,36.82,37.02,36.75,37.02,4600,36.151704
2013-05-16,36.720001,36.77,36.580002,36.580002,4700,35.722026
2013-05-15,36.369999,36.830002,36.369999,36.75,5400,35.888037
2013-05-14,36.139999,36.419998,36.139999,36.380001,8600,35.526716
2013-05-13,35.889999,36.00,35.810001,35.84,7200,34.999381
2013-05-10,35.93,36.060001,35.900002,36.060001,4000,35.214222
2013-05-09,35.849998,35.849998,35.75,35.75,700,34.911491
2013-05-08,35.52,35.700001,35.52,35.700001,1900,34.862665
2013-05-07,35.169998,35.560001,35.169998,35.560001,1600,34.725949
2013-05-06,35.139999,35.279999,35.139999,35.169998,23800,34.345093
2013-05-03,34.580002,35.169998,34.580002,35.029999,8400,34.208378
2013-05-02,34.380001,34.380001,33.810001,34.139999,2000,33.339253
2013-05-01,33.950001,33.970001,33.599998,33.720001,2400,32.929106
2013-04-30,34.52,34.630001,34.380001,34.580002,2600,33.768935
2013-04-29,34.41,34.57,34.41,34.52,2200,33.710341
2013-04-26,34.529999,34.529999,34.189999,34.200001,5500,33.397847
2013-04-25,34.720001,34.790001,34.599998,34.599998,4400,33.788463
2013-04-24,34.049999,34.400002,34.049999,34.380001,3500,33.573626
2013-04-23,34.00,34.09,33.939999,34.02,6000,33.222069
2013-04-22,33.16,33.720001,33.110001,33.720001,4900,32.929106
2013-04-19,33.139999,33.650002,33.139999,33.470001,2300,32.68497
2013-04-18,33.75,33.75,33.18,33.310001,13000,32.528722
2013-04-17,33.849998,33.849998,33.369999,33.599998,7200,32.811918
2013-04-16,34.23,34.360001,34.040001,34.360001,7900,33.554094
2013-04-15,34.849998,34.849998,33.610001,33.610001,7900,32.821685
2013-04-12,35.91,35.91,34.98,35.07,3700,34.24744
2013-04-11,35.27,35.380001,35.23,35.279999,8800,34.452514
2013-04-10,34.75,35.349998,34.75,35.349998,7600,34.520872
2013-04-09,34.849998,34.849998,34.66,34.68,5200,33.866588
2013-04-08,34.650002,34.830002,34.48,34.830002,3500,34.013072
2013-04-05,34.439999,34.560001,34.119999,34.529999,14900,33.720105
2013-04-04,34.599998,34.720001,34.599998,34.650002,1000,33.837293
2013-04-03,35.18,35.18,34.560001,34.580002,3300,33.768935
2013-04-02,35.68,35.68,35.150002,35.169998,12300,34.345093
2013-04-01,36.09,36.150002,35.419998,35.490002,41500,34.657591
2013-03-28,36.099998,36.150002,36.02,36.099998,6100,35.253281
2013-03-27,36.220001,36.279999,35.869999,36.189999,6300,35.34117
2013-03-26,36.259998,36.32,36.130001,36.209999,55900,35.360701
2013-03-25,36.490002,36.490002,36.040001,36.07,3300,35.223986
2013-03-22,36.459999,36.459999,36.169998,36.209999,7600,35.360701
2013-03-21,36.419998,36.419998,35.950001,35.950001,12800,35.106801
2013-03-20,36.279999,36.48,36.279999,36.48,3800,35.624369
2013-03-19,36.459999,36.459999,35.860001,36.130001,4300,35.28258
2013-03-18,36.09,36.34,36.09,36.23,3600,35.380233
2013-03-15,36.25,36.450001,36.220001,36.400002,8000,35.546247
2013-03-14,36.189999,36.290001,36.139999,36.27,4300,35.390977
2013-03-13,35.77,36.049999,35.759998,36.049999,6100,35.176308
2013-03-12,35.849998,35.849998,35.66,35.68,5100,34.815276
2013-03-11,35.73,35.830002,35.73,35.799999,1100,34.932367
2013-03-08,36.080002,36.080002,35.599998,35.75,9600,34.883579
2013-03-07,35.900002,35.900002,35.330002,35.439999,13400,34.581091
2013-03-06,35.900002,35.900002,35.310001,35.459999,6500,34.600607
2013-03-05,35.400002,35.43,35.23,35.330002,7100,34.47376
2013-03-04,35.439999,35.439999,34.639999,34.720001,9000,33.878543
2013-03-01,34.700001,34.950001,34.619999,34.880001,7900,34.034665
2013-02-28,34.93,35.009998,34.77,34.900002,27900,34.054181
2013-02-27,34.439999,34.91,34.439999,34.91,7500,34.063937
2013-02-26,34.16,34.400002,34.080002,34.299999,19800,33.46872
2013-02-25,34.860001,34.860001,34.599998,34.599998,700,33.761449
2013-02-22,34.82,34.990002,34.82,34.970001,14700,34.122484
2013-02-21,34.82,34.82,34.400002,34.41,12300,33.576055
2013-02-20,35.779999,35.779999,34.880001,34.880001,11700,34.034665
2013-02-19,35.439999,35.57,35.400002,35.57,39900,34.707941
2013-02-15,35.150002,35.310001,35.130001,35.209999,26500,34.356666
2013-02-14,35.009998,35.150002,35.009998,35.150002,14100,34.298122
2013-02-13,35.060001,35.07,34.889999,35.07,4300,34.220059
2013-02-12,35.07,35.07,34.73,34.810001,13100,33.966362
2013-02-11,34.52,34.630001,34.439999,34.630001,9200,33.790724
2013-02-08,36.240002,36.240002,34.549999,34.669998,17800,33.829752
2013-02-07,34.34,34.470001,34.259998,34.439999,26200,33.605326
2013-02-06,34.419998,34.59,34.389999,34.540001,16000,33.702905
2013-02-05,34.57,34.619999,34.439999,34.540001,36800,33.702905
2013-02-04,34.669998,34.669998,34.139999,34.139999,9700,33.312598
2013-02-01,34.880001,34.880001,34.650002,34.77,9900,33.92733
2013-01-31,34.459999,34.50,34.299999,34.389999,15600,33.556539
2013-01-30,34.75,34.75,34.25,34.25,2900,33.419933
2013-01-29,34.650002,34.799999,34.540001,34.799999,10000,33.956602
2013-01-28,34.639999,34.73,34.509998,34.689999,6700,33.849268
2013-01-25,34.82,34.82,34.470001,34.599998,9800,33.761449
2013-01-24,34.279999,34.580002,34.279999,34.509998,3800,33.67363
2013-01-23,34.540001,34.540001,34.00,34.00,12600,33.175991
2013-01-22,33.869999,34.189999,33.869999,34.189999,93400,33.361385
2013-01-18,33.77,33.939999,33.75,33.93,10400,33.107688
2013-01-17,33.59,33.869999,33.59,33.869999,7700,33.049141
2013-01-16,33.459999,33.459999,33.27,33.400002,23800,32.590534
2013-01-15,33.459999,33.48,33.450001,33.450001,2100,32.639322
2013-01-14,33.509998,33.509998,33.25,33.369999,4900,32.561259
2013-01-11,33.459999,33.509998,33.400002,33.509998,6300,32.697865
2013-01-10,30.00,33.549999,30.00,33.549999,5200,32.736897
2013-01-09,33.389999,33.540001,33.389999,33.540001,7900,32.727141
2013-01-08,33.150002,33.150002,33.150002,33.150002,600,32.346593
2013-01-07,33.32,33.349998,33.240002,33.349998,10800,32.541743
2013-01-04,33.470001,33.549999,33.41,33.52,27800,32.707625
2013-01-03,33.139999,33.50,33.080002,33.110001,4600,32.307562
2013-01-02,33.060001,33.290001,33.040001,33.18,2400,32.375865
2012-12-31,31.93,32.049999,31.93,32.029999,2900,31.253734
2012-12-28,31.77,31.90,31.77,31.799999,2900,31.029309
2012-12-27,31.52,31.799999,31.51,31.77,4500,31.000037
2012-12-26,31.99,32.09,31.809999,31.889999,6100,31.117128
2012-12-24,31.83,32.00,31.83,31.940001,2200,31.165917
2012-12-21,32.029999,32.040001,31.82,32.00,7000,31.224463
2012-12-20,32.830002,32.830002,32.57,32.68,3200,31.399123
2012-12-19,32.509998,32.740002,32.509998,32.59,2200,31.312651
2012-12-18,32.110001,32.52,32.099998,32.52,3400,31.245395
2012-12-17,31.629999,31.92,31.629999,31.83,4600,30.582438
2012-12-14,31.549999,31.549999,31.530001,31.530001,1000,30.294197
2012-12-13,31.66,31.690001,31.41,31.59,1300,30.351845
2012-12-12,32.00,32.099998,31.67,31.709999,2600,30.467141
2012-12-11,32.009998,32.02,31.83,31.959999,6300,30.707342
2012-12-10,31.50,31.639999,31.50,31.639999,300,30.399885
2012-12-07,31.549999,31.549999,31.23,31.32,2600,30.092427
2012-12-06,31.309999,31.309999,31.16,31.25,1800,30.025171
2012-12-05,31.35,31.42,31.16,31.309999,900,30.082819
2012-12-04,31.370001,31.370001,31.110001,31.110001,3700,29.890659
2012-12-03,31.23,31.23,31.059999,31.190001,1200,29.967523
2012-11-30,31.209999,31.27,31.15,31.16,900,29.938698
2012-11-29,31.139999,31.200001,31.030001,31.129999,1400,29.909874
2012-11-28,30.440001,30.77,30.41,30.77,3100,29.563985
2012-11-27,30.809999,30.809999,30.809999,30.809999,200,29.602416
2012-11-26,30.48,30.52,30.41,30.52,500,29.323784
2012-11-23,30.41,30.41,30.41,30.41,200,29.218094
2012-11-21,30.01,30.190001,30.01,30.110001,1000,28.929853
2012-11-20,29.799999,29.959999,29.799999,29.959999,500,28.785731
2012-11-19,29.780001,29.780001,29.68,29.73,500,28.564746
2012-11-16,29.049999,29.35,28.93,29.280001,7500,28.132385
2012-11-15,29.16,29.219999,29.059999,29.219999,3600,28.074735
2012-11-14,29.700001,29.719999,29.389999,29.389999,3900,28.238072
2012-11-13,29.82,30.120001,29.82,29.860001,5000,28.689652
2012-11-12,29.98,30.18,29.98,30.07,9000,28.89142
2012-11-09,30.200001,30.309999,30.200001,30.309999,91200,29.122013
2012-11-08,30.26,30.26,30.200001,30.200001,500,29.016326
2012-11-07,30.549999,30.58,30.360001,30.51,1700,29.314175
2012-11-06,30.860001,31.24,30.860001,31.219999,1600,29.996346
2012-11-05,30.58,30.809999,30.58,30.809999,300,29.602416
2012-11-02,30.780001,30.790001,30.780001,30.790001,400,29.583201
2012-11-01,30.940001,30.940001,30.940001,30.940001,300,29.727322
2012-10-31,30.42,30.42,30.280001,30.299999,1600,29.112405
2012-10-26,30.280001,30.280001,30.00,30.059999,4000,28.881812
2012-10-25,30.049999,30.190001,30.040001,30.139999,3200,28.958676
2012-10-24,30.07,30.07,30.00,30.040001,800,28.862597
2012-10-23,29.809999,30.08,29.809999,30.049999,900,28.872204
2012-10-22,30.049999,30.110001,30.040001,30.110001,600,28.929853
2012-10-19,30.129999,30.129999,30.129999,30.129999,200,28.949068
2012-10-18,30.690001,30.780001,30.690001,30.719999,1100,29.515944
2012-10-17,30.67,30.690001,30.620001,30.620001,700,29.419864
2012-10-16,30.48,30.51,30.48,30.48,1000,29.28535
2012-10-15,30.07,30.23,30.059999,30.190001,2300,29.006718
2012-10-12,30.040001,30.040001,29.99,29.99,400,28.814556
2012-10-11,30.27,30.42,30.27,30.40,800,29.208486
2012-10-10,30.02,30.02,30.02,30.02,200,28.843381
2012-10-09,30.209999,30.26,30.190001,30.190001,1400,29.006718
2012-10-08,30.99,30.99,30.99,30.99,000,29.775361
2012-10-05,30.969999,31.09,30.969999,30.99,1200,29.775361
2012-10-04,30.52,30.719999,30.52,30.719999,900,29.515944
2012-10-03,30.66,30.73,30.66,30.73,300,29.525552
2012-10-02,30.50,30.50,30.50,30.50,300,29.304567
2012-10-01,30.41,30.629999,30.41,30.629999,1200,29.429471
2012-09-28,30.41,30.440001,30.27,30.27,1300,29.083582
2012-09-27,30.24,30.35,30.24,30.35,400,29.160447
2012-09-26,30.41,30.41,30.16,30.16,1900,28.977893
2012-09-25,30.809999,30.809999,30.40,30.40,1400,29.208486
2012-09-24,30.77,31.02,30.77,30.799999,17900,29.592808
2012-09-21,31.049999,31.049999,30.93,30.93,1500,29.717714
2012-09-20,31.10,31.10,31.10,31.10,000,29.840697
2012-09-19,31.00,31.15,31.00,31.10,700,29.840697
2012-09-18,30.950001,30.98,30.889999,30.950001,8500,29.696772
2012-09-17,30.870001,30.91,30.82,30.82,1500,29.572034
2012-09-14,31.120001,31.209999,31.110001,31.110001,1200,29.850293
2012-09-13,30.440001,31.040001,30.440001,31.040001,600,29.783127
2012-09-12,30.51,30.52,30.51,30.52,300,29.284183
2012-09-11,30.50,30.52,30.459999,30.459999,1500,29.226611
2012-09-10,30.34,30.34,30.32,30.32,2200,29.092281
2012-09-07,30.25,30.309999,30.24,30.309999,1800,29.082685
2012-09-06,29.629999,30.139999,29.629999,30.10,1900,28.881189
2012-09-05,29.620001,29.620001,29.49,29.49,900,28.295889
2012-09-04,29.00,29.219999,29.00,29.219999,300,28.036821
2012-08-31,28.93,29.26,28.93,29.129999,900,27.950466
2012-08-30,29.129999,29.129999,29.10,29.10,400,27.921681
2012-08-29,29.360001,29.42,29.35,29.35,1500,28.161558
2012-08-28,29.34,29.34,29.290001,29.299999,700,28.113582
2012-08-27,29.24,29.379999,29.200001,29.200001,400,28.017633
2012-08-24,29.35,29.35,29.35,29.35,200,28.161558
2012-08-23,29.25,29.280001,29.24,29.24,900,28.056012
2012-08-22,29.60,29.60,29.540001,29.559999,700,28.363054
2012-08-21,30.18,30.18,29.709999,29.709999,800,28.50698
2012-08-20,29.77,29.77,29.77,29.77,200,28.564552
2012-08-17,29.709999,29.91,29.709999,29.91,1600,28.698882
2012-08-16,29.129999,29.68,29.129999,29.68,2600,28.478196
2012-08-15,29.200001,29.280001,29.139999,29.280001,900,28.094393
2012-08-14,29.209999,29.209999,29.190001,29.190001,900,28.008037
2012-08-13,28.98,28.99,28.85,28.99,500,27.816135
2012-08-10,29.51,29.51,29.10,29.24,1500,28.056012
2012-08-09,29.00,29.290001,28.98,29.24,4800,28.056012
2012-08-08,28.790001,28.98,28.76,28.98,1400,27.80654
2012-08-07,28.690001,28.690001,28.690001,28.690001,000,27.528283
2012-08-06,28.73,28.74,28.690001,28.690001,700,27.528283
2012-08-03,28.57,28.65,28.540001,28.540001,1700,27.384358
2012-08-02,27.379999,27.629999,27.34,27.629999,17500,26.511204
2012-08-01,27.790001,27.82,27.42,27.42,8900,26.309708
2012-07-31,28.139999,28.139999,28.10,28.10,500,26.962174
2012-07-30,28.190001,28.209999,28.09,28.09,900,26.952578
2012-07-27,27.77,28.370001,27.77,28.280001,3200,27.134885
2012-07-26,27.42,27.530001,27.42,27.530001,5300,26.415254
2012-07-25,27.34,27.389999,27.34,27.370001,500,26.261733
2012-07-24,27.57,27.57,27.41,27.41,600,26.300113
2012-07-23,27.700001,27.99,27.700001,27.99,600,26.856627
2012-07-20,28.41,28.41,28.41,28.41,300,27.25962
2012-07-19,28.950001,28.950001,28.93,28.93,600,27.758565
2012-07-18,28.969999,28.969999,28.85,28.85,500,27.681804
2012-07-17,28.299999,28.48,28.299999,28.48,300,27.326786
2012-07-16,28.540001,28.540001,28.459999,28.459999,1500,27.307595
2012-07-13,28.59,28.690001,28.59,28.690001,900,27.528283
2012-07-12,27.870001,28.23,27.809999,28.23,700,27.086909
2012-07-11,28.440001,28.440001,28.440001,28.440001,000,27.288406
2012-07-10,28.73,28.73,28.440001,28.440001,700,27.288406
2012-07-09,28.629999,28.629999,28.629999,28.629999,200,27.470712
2012-07-06,28.73,28.85,28.719999,28.719999,800,27.557067
2012-07-05,29.15,29.24,29.15,29.18,700,27.998442
2012-07-03,28.66,29.02,28.66,29.01,3100,27.835326
2012-07-02,28.33,28.389999,28.280001,28.389999,4400,27.24043
2012-06-29,28.18,28.52,28.18,28.52,1100,27.365167
2012-06-28,27.209999,27.440001,27.139999,27.440001,1000,26.328898
2012-06-27,27.32,27.459999,27.32,27.42,23300,26.309708
2012-06-26,27.049999,27.059999,26.75,26.950001,557600,25.85874
2012-06-25,27.08,27.09,27.049999,27.049999,1300,25.954689
2012-06-22,27.459999,27.459999,27.459999,27.459999,600,26.348087
2012-06-21,28.01,28.01,27.440001,27.469999,2100,26.357683
2012-06-20,28.120001,28.440001,28.02,28.030001,6600,26.895008
2012-06-19,28.18,28.389999,28.17,28.389999,21800,27.24043
2012-06-18,27.43,27.639999,27.43,27.58,9100,26.463229
2012-06-15,27.450001,27.60,27.450001,27.60,2700,26.48242
2012-06-14,27.52,27.530001,27.32,27.530001,800,26.32602
2012-06-13,27.280001,27.620001,27.120001,27.139999,1100,25.953074
2012-06-12,27.370001,27.530001,27.139999,27.530001,3400,26.32602
2012-06-11,27.68,27.68,27.459999,27.459999,1100,26.259079
2012-06-08,27.860001,27.870001,27.860001,27.870001,300,26.65115
2012-06-07,27.879999,27.879999,27.58,27.58,3100,26.373832
2012-06-06,26.950001,27.49,26.950001,27.49,3000,26.287768
2012-06-05,26.709999,26.709999,26.629999,26.629999,500,25.465378
2012-06-04,26.65,26.65,26.459999,26.65,2200,25.484504
2012-06-01,26.98,26.98,26.799999,26.860001,2400,25.685321
2012-05-31,27.620001,27.67,27.24,27.67,3000,26.459896
2012-05-30,27.73,27.77,27.65,27.709999,2700,26.498146
2012-05-29,27.940001,28.07,27.91,28.07,1600,26.842403
2012-05-25,27.780001,27.84,27.74,27.76,1300,26.545961
2012-05-24,27.77,27.77,27.49,27.75,2100,26.536398
2012-05-23,27.10,27.58,27.07,27.58,1500,26.373832
2012-05-22,27.780001,27.780001,27.360001,27.360001,1900,26.163454
2012-05-21,27.52,27.76,27.52,27.68,1000,26.469459
2012-05-18,27.620001,27.620001,27.23,27.23,3100,26.039139
2012-05-17,28.00,28.00,27.67,27.74,1800,26.526835
2012-05-16,28.469999,28.49,28.32,28.32,2700,27.081469
2012-05-15,28.200001,28.559999,28.200001,28.559999,1900,27.310973
2012-05-14,28.09,28.48,28.09,28.48,1800,27.234472
2012-05-11,28.639999,28.74,28.639999,28.65,800,27.397037
2012-05-10,28.59,28.76,28.59,28.67,1300,27.416163
2012-05-09,28.51,28.75,28.51,28.65,1200,27.397037
2012-05-08,28.549999,28.690001,28.549999,28.620001,2100,27.36835
2012-05-07,28.18,28.91,28.18,28.799999,7200,27.540477
2012-05-04,28.74,28.83,28.66,28.83,1500,27.569165
2012-05-03,29.48,29.540001,29.440001,29.440001,900,28.152489
2012-05-02,29.57,29.67,29.57,29.67,2900,28.37243
2012-05-01,30.059999,30.110001,29.99,30.030001,1500,28.716686
2012-04-30,29.790001,29.82,29.67,29.67,4600,28.37243
2012-04-27,29.870001,30.16,29.870001,30.139999,1800,28.821874
2012-04-26,29.690001,29.84,29.690001,29.77,1800,28.468057
2012-04-25,29.629999,29.709999,29.629999,29.690001,1800,28.391555
2012-04-24,29.309999,29.459999,29.23,29.23,1000,27.951672
2012-04-23,28.959999,29.040001,28.959999,29.040001,1600,27.769982
2012-04-20,29.690001,30.01,29.690001,29.860001,1700,28.554121
2012-04-19,30.290001,30.290001,29.58,29.58,9400,28.286365
2012-04-18,29.709999,29.860001,29.700001,29.860001,1500,28.554121
2012-04-17,30.24,30.26,30.18,30.18,500,28.860126
2012-04-16,29.559999,29.780001,29.50,29.60,1900,28.305491
2012-04-13,29.540001,29.66,29.50,29.50,7600,28.209864
2012-04-12,29.959999,30.02,29.950001,29.969999,1300,28.659309
2012-04-11,29.290001,29.299999,29.23,29.24,1100,27.961235
2012-04-10,29.26,29.26,28.959999,28.959999,1100,27.693479
2012-04-09,29.379999,29.620001,29.379999,29.620001,1700,28.324617
2012-04-05,30.209999,30.209999,30.209999,30.209999,200,28.888813
2012-04-04,30.309999,30.309999,30.120001,30.25,3100,28.927064
2012-04-03,30.74,30.77,30.559999,30.66,2100,29.319133
2012-04-02,30.559999,30.84,30.559999,30.83,1300,29.481699
2012-03-30,30.530001,30.700001,30.469999,30.65,1400,29.30957
2012-03-29,30.35,30.709999,30.299999,30.709999,1800,29.366946
2012-03-28,30.60,30.60,30.42,30.59,2100,29.252195
2012-03-27,30.889999,30.91,30.889999,30.91,300,29.5582
2012-03-26,30.66,30.90,30.65,30.860001,1400,29.510387
2012-03-23,29.700001,30.129999,29.700001,30.129999,2500,28.812311
2012-03-22,29.67,29.83,29.639999,29.700001,2200,28.401118
2012-03-21,30.24,30.33,30.24,30.27,1800,28.94619
2012-03-20,30.25,30.280001,30.16,30.16,2100,28.841
2012-03-19,30.440001,30.879999,30.440001,30.879999,1500,29.529511
2012-03-16,30.389999,30.52,30.309999,30.35,1200,29.022691
2012-03-15,30.219999,30.530001,30.129999,30.530001,2600,29.155613
2012-03-14,30.23,30.33,30.049999,30.049999,2600,28.69722
2012-03-13,29.959999,30.030001,29.889999,29.98,2300,28.630372
2012-03-12,29.73,29.790001,29.629999,29.74,4300,28.401176
2012-03-09,29.950001,30.02,29.75,29.75,1900,28.410726
2012-03-08,29.07,29.41,28.92,29.370001,3500,28.047834
2012-03-07,28.84,28.940001,28.83,28.90,2100,27.598991
2012-03-06,29.059999,29.059999,28.690001,28.690001,3100,27.398446
2012-03-05,29.49,29.49,29.110001,29.360001,3700,28.038284
2012-03-02,29.76,29.76,29.280001,29.299999,2200,27.980984
2012-03-01,29.940001,30.16,29.83,29.83,1800,28.487125
2012-02-29,30.389999,30.389999,29.75,29.75,2000,28.410726
2012-02-28,30.190001,30.25,30.00,30.040001,1500,28.687672
2012-02-27,29.98,30.379999,29.98,30.35,1300,28.983716
2012-02-24,30.51,30.51,30.309999,30.309999,1600,28.945516
2012-02-23,30.48,30.57,30.42,30.559999,3600,29.184262
2012-02-22,30.469999,30.469999,30.299999,30.42,1500,29.050565
2012-02-21,30.549999,30.790001,30.41,30.41,2100,29.041015
2012-02-17,30.68,30.68,30.620001,30.639999,3000,29.26066
2012-02-16,30.530001,30.58,30.440001,30.540001,5900,29.165163
2012-02-15,30.25,30.440001,30.08,30.08,2300,28.725871
2012-02-14,30.309999,30.43,30.309999,30.43,1200,29.060115
2012-02-13,30.68,30.68,30.43,30.639999,2100,29.26066
2012-02-10,30.48,30.48,30.32,30.33,3400,28.964616
2012-02-09,30.66,30.76,30.66,30.76,600,29.375259
2012-02-08,30.74,30.76,30.60,30.76,1100,29.375259
2012-02-07,30.60,30.84,30.60,30.74,3300,29.356159
2012-02-06,30.92,30.92,30.709999,30.709999,10400,29.327509
2012-02-03,30.59,31.040001,30.52,30.940001,4200,29.547156
2012-02-02,30.139999,30.18,30.09,30.110001,2100,28.754521
2012-02-01,29.379999,29.91,29.379999,29.889999,1200,28.544423
2012-01-31,29.440001,29.440001,28.950001,29.27,4900,27.952335
2012-01-30,29.190001,29.280001,28.98,29.219999,33400,27.904585
2012-01-27,29.129999,29.41,29.129999,29.41,321100,28.086032
2012-01-26,29.299999,29.299999,29.10,29.139999,1800,27.828187
2012-01-25,29.040001,29.27,29.040001,29.18,1900,27.866387
2012-01-24,28.940001,29.129999,28.940001,29.129999,3800,27.818637
2012-01-23,28.73,28.91,28.73,28.879999,900,27.579891
2012-01-20,29.09,29.09,28.98,28.98,2000,27.67539
2012-01-19,29.129999,29.139999,29.09,29.09,1400,27.780438
2012-01-18,28.690001,28.82,28.690001,28.82,200,27.522592
2012-01-17,28.65,28.75,28.50,28.50,2000,27.216998
2012-01-13,28.459999,28.58,28.450001,28.450001,2300,27.16925
2012-01-12,28.450001,28.790001,28.450001,28.790001,1100,27.493944
2012-01-11,28.379999,28.540001,28.379999,28.540001,3200,27.255199
2012-01-10,28.34,28.459999,28.299999,28.40,2900,27.1215
2012-01-09,27.92,27.92,27.84,27.92,3800,26.663109
2012-01-06,27.83,27.959999,27.76,27.82,7300,26.56761
2012-01-05,27.940001,27.940001,27.49,27.83,5200,26.57716
2012-01-04,27.77,27.77,27.67,27.77,2500,26.519862
2012-01-03,27.959999,28.07,27.870001,28.00,4700,26.739507
2011-12-30,27.58,27.639999,27.379999,27.379999,1300,26.147417
2011-12-29,27.43,27.58,27.43,27.58,5700,26.338415
2011-12-28,27.68,27.68,27.129999,27.129999,1800,25.908672
2011-12-27,27.50,27.85,27.50,27.85,98700,26.59626
2011-12-23,27.639999,27.66,27.639999,27.65,1300,26.405263
2011-12-22,27.639999,27.780001,27.610001,27.610001,1200,26.367065
2011-12-21,27.00,27.52,26.809999,27.52,3300,26.281116
2011-12-20,26.65,27.219999,26.65,27.209999,2400,25.98507
2011-12-19,26.790001,26.790001,26.07,26.07,2900,24.896391
2011-12-16,26.93,26.93,26.389999,26.389999,1900,25.201985
2011-12-15,26.209999,26.34,26.209999,26.299999,800,25.047277
2011-12-14,26.15,26.24,26.059999,26.110001,1800,24.866328
2011-12-13,27.190001,27.379999,26.469999,26.469999,4500,25.209179
2011-12-12,27.01,27.01,26.799999,26.82,1000,25.542508
2011-12-09,26.780001,27.50,26.780001,27.48,1300,26.171071
2011-12-08,27.450001,27.450001,26.91,26.91,2000,25.628222
2011-12-07,27.059999,27.559999,27.059999,27.559999,800,26.247261
2011-12-06,27.48,27.48,27.450001,27.450001,1200,26.142501
2011-12-05,27.610001,27.65,27.34,27.370001,2000,26.066312
2011-12-02,27.530001,27.530001,27.110001,27.129999,3600,25.837742
2011-12-01,27.209999,27.290001,27.049999,27.049999,4800,25.761553
2011-11-30,27.110001,27.110001,26.91,26.91,1200,25.628222
2011-11-29,26.00,26.00,25.50,25.629999,4300,24.40919
2011-11-28,25.299999,25.59,25.299999,25.360001,1100,24.152052
2011-11-25,24.959999,24.959999,24.77,24.77,500,23.590155
2011-11-23,25.059999,25.10,24.719999,24.82,5500,23.637773
2011-11-22,25.860001,25.860001,25.40,25.49,2100,24.275859
2011-11-21,25.99,25.99,25.719999,25.809999,2600,24.580617
2011-11-18,26.48,26.639999,26.379999,26.629999,1100,25.361558
2011-11-17,26.82,26.84,26.549999,26.549999,1000,25.285369
2011-11-16,27.08,27.42,26.92,26.92,2800,25.637746
2011-11-15,26.85,27.49,26.85,27.450001,800,26.142501
2011-11-14,27.190001,27.190001,26.92,26.92,600,25.637746
2011-11-11,27.43,27.459999,27.35,27.379999,1700,26.075834
2011-11-10,26.76,26.76,26.49,26.49,1800,25.228227
2011-11-09,26.870001,26.959999,26.52,26.52,3800,25.256799
2011-11-08,27.52,27.67,27.02,27.67,1900,26.352022
2011-11-07,26.870001,26.870001,26.82,26.83,2300,25.552032
2011-11-04,27.26,27.280001,27.00,27.280001,1100,25.980599
2011-11-03,26.950001,27.559999,26.950001,27.559999,1900,26.247261
2011-11-02,26.530001,26.530001,26.530001,26.530001,200,25.266323
2011-11-01,26.219999,26.389999,25.83,26.16,5500,24.913946
2011-10-31,27.43,27.469999,27.280001,27.280001,1600,25.980599
2011-10-28,28.139999,28.17,27.799999,27.92,5000,26.590114
2011-10-27,27.43,28.299999,27.389999,28.08,3100,26.742492
2011-10-26,26.41,26.41,25.959999,26.379999,2600,25.123466
2011-10-25,26.08,26.309999,26.08,26.23,2700,24.980611
2011-10-24,26.469999,26.73,26.469999,26.73,1400,25.456795
2011-10-21,25.85,25.85,25.629999,25.629999,2100,24.40919
2011-10-20,25.42,25.42,24.74,25.299999,1400,24.094909
2011-10-19,25.809999,25.93,25.40,25.40,1000,24.190146
2011-10-18,24.93,26.07,24.92,26.07,800,24.828232
2011-10-17,25.870001,25.870001,25.17,25.280001,1600,24.075863
2011-10-14,26.00,26.030001,25.67,26.030001,3500,24.790139
2011-10-13,25.74,25.74,25.129999,25.280001,6300,24.075863
2011-10-12,25.52,25.60,25.52,25.60,1600,24.38062
2011-10-11,25.08,25.200001,24.959999,25.200001,2100,23.999673
2011-10-10,24.49,24.83,24.49,24.610001,1800,23.437776
2011-10-07,24.68,24.68,23.77,24.17,700,23.018734
2011-10-06,24.690001,24.690001,23.90,24.440001,2400,23.275873
2011-10-05,23.629999,24.059999,23.629999,24.049999,3300,22.904449
2011-10-04,21.780001,23.35,21.780001,23.35,4000,22.237792
2011-10-03,23.040001,23.09,22.059999,22.059999,1900,21.009237
2011-09-30,23.73,23.73,23.17,23.17,2200,22.066366
2011-09-29,23.48,24.040001,23.25,23.84,5300,22.704452
2011-09-28,23.75,23.870001,23.360001,23.360001,5500,22.247316
2011-09-27,24.67,24.870001,24.32,24.32,2700,23.161589
2011-09-26,23.219999,23.559999,22.870001,23.559999,3800,22.437789
2011-09-23,22.690001,23.049999,22.690001,23.01,1600,21.913987
2011-09-22,22.290001,22.91,22.290001,22.540001,3500,21.466375
2011-09-21,24.23,24.299999,23.48,23.51,1600,22.390171
2011-09-20,25.200001,25.280001,24.620001,24.620001,3300,23.4473
2011-09-19,24.84,25.110001,24.84,24.92,1400,23.73301
2011-09-16,25.82,25.950001,25.49,25.49,3200,24.275859
2011-09-15,25.620001,25.690001,25.52,25.66,700,24.399668
2011-09-14,24.879999,25.74,24.879999,25.48,1200,24.228508
2011-09-13,24.950001,24.98,24.52,24.98,6400,23.753067
2011-09-12,23.879999,24.469999,23.77,24.40,8600,23.201554
2011-09-09,24.700001,24.77,24.16,24.25,1400,23.058922
2011-09-08,25.379999,25.48,25.110001,25.110001,500,23.876682
2011-09-07,25.01,25.59,25.01,25.59,2700,24.333106
2011-09-06,23.91,24.67,23.91,24.67,1200,23.458293
2011-09-02,25.450001,25.450001,24.84,24.84,3500,23.619944
2011-09-01,26.780001,26.780001,25.83,25.83,1700,24.561318
2011-08-31,26.700001,27.02,26.610001,26.610001,1200,25.303008
2011-08-30,26.41,26.790001,26.25,26.790001,1700,25.474167
2011-08-29,25.940001,26.370001,25.709999,26.370001,1800,25.074796
2011-08-26,24.059999,25.16,24.059999,25.16,2900,23.924226
2011-08-25,25.02,25.02,24.459999,24.48,1500,23.277625
2011-08-24,24.41,25.059999,24.41,25.049999,3400,23.819628
2011-08-23,23.610001,24.51,23.610001,24.51,2800,23.306152
2011-08-22,23.90,23.90,23.379999,23.43,1500,22.279198
2011-08-19,23.209999,23.83,23.209999,23.35,4400,22.203127
2011-08-18,24.23,24.23,23.57,23.639999,1600,22.478883
2011-08-17,25.610001,25.610001,25.129999,25.219999,2000,23.981278
2011-08-16,25.50,25.530001,25.25,25.530001,1100,24.276054
2011-08-15,25.43,25.68,25.370001,25.68,1700,24.418686
2011-08-12,25.17,25.209999,24.67,25.08,3600,23.848155
2011-08-11,24.41,25.23,23.709999,24.969999,8500,23.743558
2011-08-10,24.59,24.629999,24.190001,24.190001,3100,23.00187
2011-08-09,24.440001,25.040001,23.65,25.040001,8300,23.810121
2011-08-08,24.719999,25.66,24.65,24.91,7300,23.686505
2011-08-05,26.610001,26.610001,25.85,26.209999,2500,24.922653
2011-08-04,27.10,27.219999,26.32,26.34,11300,25.046269
2011-08-03,27.00,27.629999,26.879999,27.610001,1500,26.253891
2011-08-02,28.41,28.41,27.559999,27.59,1700,26.234873
2011-08-01,28.959999,28.959999,28.379999,28.57,1700,27.166738
2011-07-29,28.200001,28.85,28.18,28.780001,3600,27.366425
2011-07-28,28.959999,29.040001,28.629999,28.629999,2500,27.223791
2011-07-27,29.42,29.42,28.74,28.809999,6400,27.39495
2011-07-26,29.799999,29.799999,29.559999,29.68,9100,28.222219
2011-07-25,30.040001,30.389999,30.040001,30.15,4800,28.669134
2011-07-22,30.34,30.530001,30.34,30.530001,2200,29.030471
2011-07-21,30.15,30.530001,30.15,30.49,2400,28.992434
2011-07-20,30.040001,30.040001,29.879999,29.940001,2100,28.469449
2011-07-19,29.66,29.92,29.66,29.92,1700,28.450431
2011-07-18,29.709999,29.709999,29.379999,29.459999,3900,28.013024
2011-07-15,29.92,29.98,29.91,29.91,1800,28.440922
2011-07-14,30.559999,30.559999,29.870001,29.870001,2500,28.402888
2011-07-13,30.41,30.50,30.41,30.48,1700,28.982925
2011-07-12,30.27,30.41,30.26,30.41,500,28.916364
2011-07-11,30.450001,30.58,30.17,30.24,4500,28.754713
2011-07-08,30.75,30.83,30.60,30.83,2600,29.315735
2011-07-07,30.940001,31.190001,30.940001,31.190001,3600,29.658053
2011-07-06,30.440001,30.66,30.33,30.629999,3800,29.125557
2011-07-05,30.379999,30.43,30.25,30.40,5700,28.906855
2011-07-01,29.73,30.370001,29.73,30.370001,6300,28.878329
2011-06-30,29.639999,29.76,29.620001,29.76,11000,28.29829
2011-06-29,29.08,29.27,29.01,29.27,20500,27.832357
2011-06-28,28.959999,29.08,28.959999,29.07,229800,27.64218
2011-06-27,28.620001,28.82,28.620001,28.82,1900,27.404459
2011-06-24,28.639999,28.639999,28.49,28.52,1500,27.119195
2011-06-23,28.49,28.66,28.219999,28.66,12700,27.252318
2011-06-22,28.860001,28.889999,28.860001,28.889999,800,27.471021
2011-06-21,28.889999,28.889999,28.68,28.84,2100,27.423477
2011-06-20,27.98,28.42,27.98,28.190001,1100,26.805403
2011-06-17,28.290001,28.440001,28.030001,28.030001,3700,26.653262
2011-06-16,28.09,28.290001,28.09,28.200001,4900,26.789239
2011-06-15,28.09,28.280001,27.93,28.040001,1500,26.637243
2011-06-14,28.309999,28.40,28.290001,28.379999,1500,26.960233
2011-06-13,27.85,27.85,27.73,27.73,600,26.34275
2011-06-10,27.65,27.879999,27.65,27.83,3300,26.437748
2011-06-09,28.200001,28.219999,28.129999,28.129999,1800,26.722739
2011-06-08,28.00,28.290001,28.00,28.07,2700,26.665741
2011-06-07,28.370001,28.49,28.370001,28.49,1700,27.06473
2011-06-06,28.469999,28.540001,28.27,28.32,6200,26.903235
2011-06-03,28.59,28.799999,28.440001,28.60,2400,27.169228
2011-06-02,29.24,29.299999,29.08,29.190001,2000,27.729712
2011-06-01,29.790001,29.790001,29.32,29.32,1600,27.853208
2011-05-31,29.77,30.17,29.77,30.17,1300,28.660685
2011-05-27,29.719999,29.719999,29.629999,29.629999,1400,28.147699
2011-05-26,29.110001,29.50,29.030001,29.50,4800,28.024203
2011-05-25,29.07,29.27,29.049999,29.27,2600,27.80571
2011-05-24,29.18,29.18,28.92,29.049999,2000,27.596715
2011-05-23,29.120001,29.24,28.90,29.209999,8500,27.74871
2011-05-20,29.65,29.799999,29.540001,29.799999,2800,28.309194
2011-05-19,30.190001,30.190001,29.77,29.91,1500,28.413692
2011-05-18,29.549999,29.790001,29.549999,29.790001,2800,28.299696
2011-05-17,29.49,29.610001,29.40,29.450001,4200,27.976705
2011-05-16,29.870001,30.049999,29.77,29.84,5700,28.347194
2011-05-13,30.379999,30.40,30.00,30.110001,1400,28.603687
2011-05-12,30.219999,30.65,30.129999,30.559999,2900,29.031174
2011-05-11,30.790001,30.85,30.33,30.360001,5100,28.84118
2011-05-10,30.82,30.93,30.82,30.84,2900,29.297167
2011-05-09,30.059999,30.370001,30.059999,30.360001,2000,28.84118
2011-05-06,30.32,30.40,30.110001,30.110001,1800,28.603687
2011-05-05,29.780001,29.959999,29.780001,29.959999,900,28.46119
2011-05-04,30.15,30.190001,29.940001,30.07,2000,28.565687
2011-05-03,30.59,30.620001,30.27,30.360001,6800,28.84118
2011-05-02,30.870001,31.00,30.77,30.77,2100,29.230669
2011-04-29,30.940001,30.969999,30.879999,30.93,1800,29.382665
2011-04-28,30.60,30.700001,30.60,30.700001,2100,29.164171
2011-04-27,30.540001,30.59,30.50,30.59,1200,29.059674
2011-04-26,30.32,30.66,30.32,30.66,1600,29.126172
2011-04-25,30.09,30.09,29.959999,29.959999,1000,28.46119
2011-04-21,30.120001,30.190001,30.120001,30.139999,1800,28.632185
2011-04-20,30.00,30.07,29.83,30.07,1700,28.565687
2011-04-19,29.799999,29.799999,29.370001,29.48,6100,28.005203
2011-04-18,29.809999,29.809999,29.450001,29.459999,3600,27.986203
2011-04-15,29.76,30.10,29.700001,30.040001,5400,28.537189
2011-04-14,29.559999,29.719999,29.52,29.639999,1300,28.157199
2011-04-13,30.00,30.00,29.559999,29.68,4300,28.195199
2011-04-12,30.049999,30.17,29.969999,29.99,3100,28.48969
2011-04-11,30.51,30.57,30.309999,30.440001,3800,28.917178
2011-04-08,31.120001,31.120001,30.41,30.52,12600,28.993176
2011-04-07,31.219999,31.360001,31.10,31.10,4100,29.54416
2011-04-06,31.540001,31.540001,31.25,31.33,3000,29.762654
2011-04-05,31.059999,31.440001,31.059999,31.290001,2100,29.724656
2011-04-04,31.18,31.219999,31.15,31.18,3000,29.620158
2011-04-01,31.16,31.32,30.940001,30.99,5100,29.439663
2011-03-31,30.860001,30.969999,30.82,30.969999,1300,29.420663
2011-03-30,30.459999,30.709999,30.459999,30.66,16500,29.126172
2011-03-29,30.09,30.299999,30.09,30.27,3000,28.755683
2011-03-28,30.25,30.25,30.219999,30.24,1300,28.727183
2011-03-25,30.49,30.620001,30.41,30.41,113900,28.888678
2011-03-24,30.52,30.52,29.950001,30.02,3900,28.51819
2011-03-23,29.75,30.030001,29.540001,30.00,3000,28.49919
2011-03-22,29.950001,29.969999,29.879999,29.879999,3400,28.385192
2011-03-21,29.969999,29.969999,29.83,29.93,2500,28.432692
2011-03-18,29.27,29.35,29.18,29.209999,4300,27.74871
2011-03-17,29.15,29.15,28.98,28.98,1200,27.495067
2011-03-16,28.780001,28.92,28.780001,28.889999,900,27.409678
2011-03-15,28.139999,29.07,28.02,29.07,6600,27.580456
2011-03-14,29.17,29.200001,28.959999,29.200001,6800,27.703795
2011-03-11,29.450001,29.559999,29.209999,29.559999,3200,28.045348
2011-03-10,29.690001,29.690001,29.459999,29.459999,2000,27.950471
2011-03-09,30.35,30.540001,30.309999,30.40,1900,28.842306
2011-03-08,29.940001,30.360001,29.940001,30.360001,400,28.804357
2011-03-07,29.48,29.709999,29.450001,29.709999,1500,28.187661
2011-03-04,29.92,30.02,29.83,30.02,1900,28.481778
2011-03-03,30.299999,30.459999,30.27,30.370001,2900,28.813845
2011-03-02,29.41,29.530001,29.24,29.290001,4600,27.789184
2011-03-01,29.940001,30.00,29.309999,29.309999,3100,27.808158
2011-02-28,30.040001,30.129999,29.799999,29.83,2600,28.301513
2011-02-25,29.530001,29.77,29.530001,29.68,1800,28.1592
2011-02-24,29.17,29.309999,28.879999,29.24,8600,27.741745
2011-02-23,29.76,29.76,28.879999,29.17,6400,27.675332
2011-02-22,30.18,30.18,29.76,29.76,2000,28.235101
2011-02-18,30.65,30.809999,30.629999,30.629999,1900,29.060521
2011-02-17,30.440001,30.65,30.370001,30.65,2100,29.079496
2011-02-16,30.280001,30.379999,30.190001,30.379999,1300,28.823331
2011-02-15,30.32,30.450001,30.26,30.309999,6100,28.756918
2011-02-14,30.49,30.49,30.290001,30.42,10300,28.861282
2011-02-11,29.950001,30.370001,29.950001,30.34,4800,28.785381
2011-02-10,30.02,30.059999,29.889999,29.940001,7200,28.405878
2011-02-09,30.00,30.120001,29.91,29.91,4100,28.377414
2011-02-08,30.200001,30.200001,29.92,30.059999,6600,28.519728
2011-02-07,29.809999,30.200001,29.809999,30.040001,3800,28.500754
2011-02-04,29.68,29.73,29.540001,29.67,8800,28.149712
2011-02-03,29.41,29.65,29.200001,29.50,21300,27.988423
2011-02-02,29.91,29.91,29.639999,29.65,4400,28.130736
2011-02-01,29.17,29.83,29.110001,29.700001,27300,28.178175
2011-01-31,29.48,29.48,28.83,29.16,6400,27.665844
2011-01-28,29.860001,29.860001,28.93,28.959999,3900,27.476091
2011-01-27,29.610001,29.92,29.60,29.870001,4800,28.339465
2011-01-26,29.67,29.92,29.66,29.83,7600,28.301513
2011-01-25,28.76,29.190001,28.76,29.190001,3300,27.694308
2011-01-24,28.870001,29.059999,28.870001,28.91,2300,27.428654
2011-01-21,28.85,28.85,28.84,28.84,500,27.362241
2011-01-20,29.08,29.209999,28.940001,29.040001,4300,27.551994
2011-01-19,29.99,29.99,29.200001,29.219999,6200,27.722769
2011-01-18,29.57,29.879999,29.57,29.879999,8600,28.348951
2011-01-14,29.889999,29.889999,29.549999,29.82,4000,28.292026
2011-01-13,29.559999,29.709999,29.559999,29.60,10200,28.083299
2011-01-12,29.58,29.74,29.58,29.639999,3000,28.121249
2011-01-11,29.42,29.42,29.35,29.35,500,27.846109
2011-01-10,29.00,29.209999,28.92,29.209999,1500,27.713281
2011-01-07,29.440001,29.440001,28.93,29.02,1100,27.533018
2011-01-06,29.440001,29.440001,29.27,29.370001,4000,27.865085
2011-01-05,29.389999,29.440001,29.190001,29.440001,10000,27.931498
2011-01-04,29.639999,29.639999,28.940001,29.190001,2200,27.694308
2011-01-03,29.73,29.85,29.719999,29.75,5800,28.225613
2010-12-31,29.51,29.51,29.309999,29.309999,1400,27.808158
2010-12-30,29.51,29.540001,29.49,29.51,5100,27.997911
2010-12-29,29.93,29.93,29.450001,29.540001,14600,28.026374
2010-12-28,29.42,29.530001,29.389999,29.49,7000,27.978935
2010-12-27,29.32,29.620001,29.280001,29.60,4500,28.083299
2010-12-23,29.450001,29.57,29.440001,29.49,13800,27.978935
2010-12-22,29.51,29.59,29.43,29.52,8600,28.007398
2010-12-21,29.469999,29.60,29.469999,29.540001,6000,28.026374
2010-12-20,29.32,29.49,29.32,29.35,9800,27.846109
2010-12-17,29.16,29.34,29.09,29.299999,2400,27.79867
2010-12-16,29.17,29.52,29.17,29.450001,8600,27.829032
2010-12-15,29.360001,29.530001,29.219999,29.280001,3700,27.668389
2010-12-14,29.309999,29.379999,29.280001,29.280001,11500,27.668389
2010-12-13,29.360001,29.43,29.25,29.26,3100,27.64949
2010-12-10,28.99,29.33,28.99,29.299999,9900,27.687287
2010-12-09,28.969999,28.969999,28.85,28.860001,1500,27.271507
2010-12-08,28.90,28.950001,28.90,28.940001,1400,27.347103
2010-12-07,29.08,29.08,28.799999,28.799999,14600,27.214808
2010-12-06,28.290001,28.629999,28.280001,28.58,27800,27.006917
2010-12-03,27.969999,28.33,27.969999,28.33,205500,26.770678
2010-12-02,28.120001,28.139999,27.700001,28.120001,7600,26.572237
2010-12-01,27.639999,27.74,27.639999,27.74,400,26.213152
2010-11-30,26.639999,26.92,26.629999,26.83,6500,25.35324
2010-11-29,26.65,27.030001,26.610001,26.969999,9100,25.485534
2010-11-26,27.190001,27.190001,27.07,27.09,2100,25.598929
2010-11-24,27.030001,27.129999,26.99,27.129999,1700,25.636727
2010-11-23,26.389999,26.440001,26.209999,26.440001,102000,24.984707
2010-11-22,26.540001,26.59,26.290001,26.559999,3100,25.098101
2010-11-19,26.40,26.540001,26.40,26.52,800,25.060303
2010-11-18,26.67,26.67,26.530001,26.530001,1300,25.069753
2010-11-17,26.059999,26.110001,26.00,26.030001,1600,24.597274
2010-11-16,26.209999,26.209999,26.209999,26.209999,300,24.767365
2010-11-15,26.690001,26.790001,26.49,26.719999,1000,25.249294
2010-11-12,26.700001,26.82,26.57,26.57,5700,25.10755
2010-11-11,26.959999,27.049999,26.91,27.02,1200,25.532783
2010-11-10,26.73,27.129999,26.73,27.129999,900,25.636727
2010-11-09,27.16,27.16,26.90,26.90,10000,25.419387
2010-11-08,27.16,27.219999,27.16,27.200001,600,25.702875
2010-11-05,27.209999,27.219999,27.190001,27.190001,4000,25.693426
2010-11-04,27.040001,27.110001,27.040001,27.110001,700,25.617829
2010-11-03,26.360001,26.51,26.15,26.389999,9700,24.937458
2010-11-02,26.18,26.18,26.18,26.18,000,24.739017
2010-11-01,26.18,26.18,26.18,26.18,400,24.739017
2010-10-29,25.92,25.92,25.879999,25.879999,1200,24.455528
2010-10-28,26.09,26.09,25.77,25.77,1300,24.351584
2010-10-27,25.780001,25.799999,25.549999,25.799999,1500,24.379932
2010-10-26,26.059999,26.059999,26.059999,26.059999,200,24.625621
2010-10-25,26.219999,26.440001,26.219999,26.299999,1500,24.852411
2010-10-22,25.959999,26.030001,25.91,26.030001,7100,24.597274
2010-10-21,25.92,25.92,25.629999,25.879999,4500,24.455528
2010-10-20,25.50,25.83,25.50,25.83,2900,24.408281
2010-10-19,25.52,25.65,25.24,25.24,1200,23.850756
2010-10-18,25.83,25.83,25.709999,25.709999,1300,24.294885
2010-10-15,26.00,26.00,25.620001,25.67,2900,24.257088
2010-10-14,25.75,25.860001,25.73,25.73,700,24.313785
2010-10-13,25.459999,25.93,25.459999,25.85,1600,24.427181
2010-10-12,25.030001,25.32,25.030001,25.32,300,23.926352
2010-10-11,25.469999,25.469999,25.290001,25.290001,1700,23.898005
2010-10-08,25.040001,25.389999,25.01,25.389999,2900,23.992499
2010-10-07,25.07,25.09,24.98,25.09,1000,23.709012
2010-10-06,25.110001,25.110001,24.92,24.92,600,23.548369
2010-10-05,24.57,24.950001,24.57,24.950001,1000,23.576718
2010-10-04,24.18,24.18,24.18,24.18,100,22.8491
2010-10-01,24.799999,24.799999,24.66,24.709999,1400,23.349927
2010-09-30,25.120001,25.120001,24.389999,24.75,5100,23.387726
2010-09-29,24.66,24.790001,24.57,24.790001,1400,23.425525
2010-09-28,24.43,24.690001,24.110001,24.690001,5600,23.331029
2010-09-27,24.35,24.370001,24.35,24.370001,600,23.028643
2010-09-24,24.049999,24.52,24.049999,24.52,2100,23.170386
2010-09-23,23.950001,24.120001,23.93,24.120001,1000,22.792403
2010-09-22,23.98,23.98,23.98,23.98,100,22.660107
2010-09-21,24.469999,24.59,24.440001,24.59,5200,23.236533
2010-09-20,24.24,24.559999,24.219999,24.540001,1500,23.189286
2010-09-17,23.780001,23.90,23.780001,23.90,700,22.584511
2010-09-16,23.940001,23.940001,23.530001,23.73,500,22.423868
2010-09-15,23.68,23.98,23.68,23.969999,800,22.650658
2010-09-14,23.809999,24.02,23.809999,23.969999,4700,22.650658
2010-09-13,24.00,24.00,24.00,24.00,200,22.679007
2010-09-10,23.469999,23.639999,23.40,23.469999,5400,22.178178
2010-09-09,23.52,23.559999,23.26,23.41,4300,22.121481
2010-09-08,23.51,23.51,23.360001,23.360001,2300,22.074234
2010-09-07,23.35,23.35,23.15,23.15,900,21.875792
2010-09-03,24.25,24.25,23.440001,23.709999,7800,22.404968
2010-09-02,23.059999,23.26,22.969999,23.26,9000,21.979738
2010-09-01,22.41,22.98,22.41,22.98,1900,21.715149
2010-08-31,22.139999,22.139999,21.91,21.91,900,20.704043
2010-08-30,22.290001,22.290001,22.059999,22.059999,700,20.845787
2010-08-27,22.08,22.620001,21.940001,22.620001,2900,21.374965
2010-08-26,22.23,22.27,21.99,22.059999,5400,20.845787
2010-08-25,21.68,22.129999,21.639999,22.129999,2300,20.911934
2010-08-24,22.01,22.02,21.879999,21.879999,1300,20.675694
2010-08-23,22.26,22.33,22.10,22.120001,5700,20.902486
2010-08-20,22.33,22.469999,22.190001,22.469999,21500,21.23322
2010-08-19,23.02,23.02,22.639999,22.639999,5300,21.393863
2010-08-18,23.110001,23.40,23.059999,23.35,2800,22.064784
2010-08-17,23.059999,23.50,23.049999,23.35,22300,22.064784
2010-08-16,22.610001,22.889999,22.50,22.799999,20300,21.545056
2010-08-13,22.809999,22.85,22.66,22.790001,21100,21.535608
2010-08-12,22.66,22.98,22.66,22.85,16600,21.592305
2010-08-11,23.879999,23.879999,23.030001,23.030001,786800,21.762398
2010-08-10,23.959999,24.26,23.959999,24.08,3100,22.754604
2010-08-09,24.440001,24.440001,24.440001,24.440001,300,23.094789
2010-08-06,24.50,24.50,24.50,24.50,000,23.151486
2010-08-05,24.52,24.52,24.50,24.50,2000,23.151486
2010-08-04,24.92,24.92,24.92,24.92,000,23.548369
2010-08-03,24.92,24.92,24.92,24.92,000,23.548369
2010-08-02,24.92,24.92,24.92,24.92,100,23.548369
2010-07-30,24.65,24.65,24.65,24.65,000,23.29323
2010-07-29,24.709999,24.709999,24.65,24.65,1500,23.29323
2010-07-28,24.92,24.92,24.92,24.92,000,23.548369
2010-07-27,25.219999,25.219999,24.92,24.92,1300,23.548369
2010-07-26,24.83,24.83,24.809999,24.809999,1000,23.444423
2010-07-23,23.75,23.75,23.75,23.75,000,22.442767
2010-07-22,23.809999,23.809999,23.75,23.75,1400,22.442767
2010-07-21,23.280001,23.280001,23.280001,23.280001,000,21.998637
2010-07-20,22.66,23.280001,22.66,23.280001,27500,21.998637
2010-07-19,22.76,22.76,22.76,22.76,3000,21.507259
2010-07-16,22.790001,22.790001,22.629999,22.629999,16800,21.384413
2010-07-15,22.950001,22.950001,22.950001,22.950001,000,21.686801
2010-07-14,22.950001,22.950001,22.950001,22.950001,000,21.686801
2010-07-13,22.950001,22.950001,22.950001,22.950001,000,21.686801
2010-07-12,22.950001,22.950001,22.950001,22.950001,300,21.686801
2010-07-09,23.110001,23.120001,23.110001,23.120001,5000,21.847444
2010-07-08,22.85,22.85,22.85,22.85,200,21.592305
2010-07-07,23.01,23.01,23.01,23.01,000,21.743498
2010-07-06,23.01,23.01,23.01,23.01,000,21.743498
2010-07-02,23.01,23.01,23.01,23.01,000,21.743498
2010-07-01,23.01,23.01,23.01,23.01,000,21.743498
2010-06-30,23.01,23.01,23.01,23.01,000,21.743498
2010-06-29,23.35,23.35,23.01,23.01,2000,21.743498
2010-06-28,23.870001,23.870001,23.870001,23.870001,000,22.556163
2010-06-25,23.870001,23.870001,23.870001,23.870001,000,22.556163
2010-06-24,23.870001,23.870001,23.870001,23.870001,1000,22.556163
2010-06-23,24.35,24.35,24.35,24.35,000,23.009743
2010-06-22,24.35,24.35,24.35,24.35,400,23.009743
2010-06-21,24.290001,24.290001,24.290001,24.290001,100,22.953046
2010-06-18,24.360001,24.450001,24.360001,24.450001,1200,23.104239
2010-06-17,24.40,24.40,24.40,24.40,000,23.033366
2010-06-16,24.40,24.40,24.40,24.40,200,23.033366
2010-06-15,24.049999,24.549999,24.049999,24.549999,3400,23.174964
2010-06-14,23.98,23.98,23.98,23.98,1000,22.63689
2010-06-11,23.67,23.700001,23.549999,23.700001,600,22.372573
2010-06-10,23.15,23.48,23.139999,23.48,800,22.164894
2010-06-09,22.83,22.83,22.83,22.83,200,21.551301
2010-06-08,22.639999,22.639999,22.639999,22.639999,000,21.371942
2010-06-07,23.74,23.74,22.639999,22.639999,2000,21.371942
2010-06-04,24.469999,24.469999,24.469999,24.469999,000,23.099445
2010-06-03,24.469999,24.469999,24.469999,24.469999,200,23.099445
2010-06-02,23.83,24.15,23.83,24.120001,800,22.769049
2010-06-01,23.700001,24.120001,23.50,23.58,3600,22.259294
2010-05-28,24.190001,24.440001,24.190001,24.35,2600,22.986167
2010-05-27,23.66,23.66,23.66,23.66,000,22.334813
2010-05-26,24.10,24.10,23.66,23.66,600,22.334813
2010-05-25,23.00,23.440001,23.00,23.440001,1800,22.127136
2010-05-24,23.92,23.959999,23.73,23.73,1900,22.400892
2010-05-21,23.02,24.059999,23.02,24.059999,400,22.712409
2010-05-20,24.030001,24.629999,23.85,23.85,30800,22.514172
2010-05-19,25.700001,25.700001,24.950001,25.129999,3400,23.722478
2010-05-18,26.52,26.52,25.75,25.75,9200,24.307753
2010-05-17,26.15,26.209999,25.67,26.209999,4900,24.741988
2010-05-14,25.940001,25.940001,25.940001,25.940001,200,24.487112
2010-05-13,26.68,26.76,26.620001,26.620001,1400,25.129025
2010-05-12,26.27,26.629999,26.200001,26.610001,1800,25.119585
2010-05-11,25.219999,25.870001,25.219999,25.870001,1000,24.421033
2010-05-10,25.40,25.530001,25.27,25.530001,6000,24.100076
2010-05-07,24.91,24.959999,24.26,24.33,4400,22.967287
2010-05-06,25.90,26.129999,11.00,24.92,23000,23.524241
2010-05-05,25.969999,26.049999,25.860001,25.860001,600,24.411593
2010-05-04,26.76,26.76,26.309999,26.309999,600,24.836387
2010-05-03,26.73,27.15,26.68,27.15,19400,25.629339
2010-04-30,27.190001,27.190001,26.52,26.52,7700,25.034626
2010-04-29,26.700001,27.10,26.66,27.08,21200,25.56326
2010-04-28,26.629999,26.719999,26.629999,26.67,3300,25.176224
2010-04-27,26.959999,27.200001,26.50,26.50,37900,25.015746
2010-04-26,27.309999,27.309999,27.200001,27.24,3600,25.714299
2010-04-23,26.90,27.059999,26.90,27.059999,1300,25.54438
2010-04-22,26.030001,26.790001,26.030001,26.790001,4200,25.289504
2010-04-21,26.110001,26.34,26.110001,26.34,6300,24.864708
2010-04-20,26.059999,26.059999,25.99,26.049999,4100,24.590949
2010-04-19,25.92,25.92,25.92,25.92,000,24.468231
2010-04-16,26.110001,26.110001,25.92,25.92,1200,24.468231
2010-04-15,25.93,26.049999,25.93,26.049999,1100,24.590949
2010-04-14,25.870001,25.870001,25.870001,25.870001,100,24.421033
2010-04-13,25.49,25.49,25.49,25.49,000,24.062315
2010-04-12,25.41,25.49,25.379999,25.49,2200,24.062315
2010-04-09,25.27,25.27,25.209999,25.25,2300,23.835758
2010-04-08,25.16,25.34,25.16,25.33,1800,23.911277
2010-04-07,25.33,25.389999,25.32,25.379999,2800,23.958476
