Date,Open,High,Low,Close,Volume,Adj Close
2016-04-15,33.040001,33.040001,33.040001,33.040001,000,33.040001
2016-04-14,33.360001,33.360001,33.040001,33.040001,700,33.040001
2016-04-13,33.34,33.34,33.34,33.34,300,33.34
2016-04-12,32.599998,32.599998,32.57,32.57,1500,32.57
2016-04-11,32.189999,32.189999,32.189999,32.189999,100,32.189999
2016-04-08,31.870001,31.90,31.629999,31.629999,2100,31.629999
2016-04-07,31.790001,31.790001,31.790001,31.790001,000,31.790001
2016-04-06,31.790001,31.790001,31.790001,31.790001,100,31.790001
2016-04-05,32.029999,32.029999,32.029999,32.029999,000,32.029999
2016-04-04,32.540001,32.540001,32.029999,32.029999,3800,32.029999
2016-04-01,32.169998,32.169998,32.169998,32.169998,000,32.169998
2016-03-31,32.169998,32.169998,32.169998,32.169998,200,32.169998
2016-03-30,31.32,31.32,31.32,31.32,000,31.32
2016-03-29,31.32,31.32,31.32,31.32,000,31.32
2016-03-28,30.84,31.32,30.84,31.32,4000,31.32
2016-03-24,31.200001,31.200001,31.200001,31.200001,300,31.200001
2016-03-23,31.629999,31.629999,31.629999,31.629999,000,31.629999
2016-03-22,31.60,31.629999,31.60,31.629999,300,31.629999
2016-03-21,31.76,31.76,31.629999,31.73,3900,31.73
2016-03-18,31.50,31.85,31.50,31.83,2500,31.83
2016-03-17,30.790001,30.790001,30.790001,30.790001,500,30.728001
2016-03-16,30.34,30.389999,30.34,30.389999,300,30.328805
2016-03-15,30.469999,30.469999,30.469999,30.469999,000,30.408644
2016-03-14,30.940001,30.940001,30.469999,30.469999,2200,30.408644
2016-03-11,30.27,30.559999,30.27,30.559999,1200,30.498463
2016-03-10,29.93,29.93,29.93,29.93,100,29.869733
2016-03-09,30.540001,30.540001,30.540001,30.540001,000,30.478505
2016-03-08,30.540001,30.540001,30.540001,30.540001,300,30.478505
2016-03-07,30.370001,30.370001,30.370001,30.370001,300,30.308847
2016-03-04,30.290001,30.780001,30.280001,30.780001,1500,30.718021
2016-03-03,29.93,29.93,29.93,29.93,200,29.869733
2016-03-02,28.459999,29.42,28.459999,29.42,2100,29.360759
2016-03-01,27.98,27.98,27.98,27.98,000,27.923658
2016-02-29,27.98,27.98,27.98,27.98,100,27.923658
2016-02-26,28.00,28.00,27.98,27.98,500,27.923658
2016-02-25,27.51,27.51,27.51,27.51,000,27.454605
2016-02-24,26.76,27.51,26.76,27.51,800,27.454605
2016-02-23,27.02,27.25,27.02,27.25,1200,27.195129
2016-02-22,27.709999,27.709999,27.709999,27.709999,700,27.654202
2016-02-19,27.790001,27.790001,27.790001,27.790001,000,27.734042
2016-02-18,27.790001,27.790001,27.790001,27.790001,000,27.734042
2016-02-17,27.790001,27.790001,27.790001,27.790001,400,27.734042
2016-02-16,27.10,27.10,27.10,27.10,000,27.045431
2016-02-12,26.85,27.10,26.85,27.10,300,27.045431
2016-02-11,26.50,26.50,26.190001,26.190001,2100,26.137264
2016-02-10,27.219999,27.35,27.219999,27.35,400,27.294928
2016-02-09,27.00,27.25,27.00,27.25,200,27.195129
2016-02-08,27.389999,27.389999,27.120001,27.120001,300,27.065391
2016-02-05,27.67,27.67,27.639999,27.639999,200,27.584343
2016-02-04,27.52,28.219999,27.52,27.799999,13300,27.74402
2016-02-03,26.76,26.76,26.76,26.76,300,26.706116
2016-02-02,27.219999,27.219999,27.219999,27.219999,100,27.165188
2016-02-01,27.469999,27.51,27.41,27.51,800,27.454605
2016-01-29,27.07,27.60,27.07,27.60,500,27.544424
2016-01-28,26.120001,26.41,26.120001,26.41,4200,26.35682
2016-01-27,26.120001,26.17,26.120001,26.17,500,26.117304
2016-01-26,26.25,26.25,26.08,26.15,700,26.097343
2016-01-25,26.49,26.49,25.42,25.42,1600,25.368814
2016-01-22,26.860001,26.860001,26.43,26.459999,900,26.406719
2016-01-21,26.33,26.40,26.129999,26.35,1700,26.296941
2016-01-20,25.459999,26.27,25.459999,26.26,1100,26.207122
2016-01-19,26.60,26.60,26.040001,26.040001,1200,25.987566
2016-01-15,26.40,26.77,26.34,26.77,700,26.716096
2016-01-14,26.540001,27.440001,26.540001,27.32,4100,27.264987
2016-01-13,26.629999,27.40,26.58,26.60,1200,26.546438
2016-01-12,27.290001,27.290001,27.290001,27.290001,000,27.235049
2016-01-11,27.799999,27.799999,27.290001,27.290001,700,27.235049
2016-01-08,28.67,28.67,28.50,28.50,600,28.442612
2016-01-07,29.75,29.75,29.75,29.75,000,29.690095
2016-01-06,30.040001,30.040001,29.75,29.75,500,29.690095
2016-01-05,30.530001,30.530001,30.530001,30.530001,200,30.468525
2016-01-04,30.950001,30.950001,30.10,30.58,12900,30.518423
2015-12-31,31.42,31.450001,31.299999,31.32,1700,31.256933
2015-12-30,32.029999,32.029999,31.690001,31.73,1200,31.666107
2015-12-29,32.040001,32.040001,32.040001,32.040001,1100,31.975484
2015-12-28,30.75,31.84,30.75,31.84,3900,31.775886
2015-12-24,32.299999,32.470001,32.299999,32.470001,500,32.404619
2015-12-23,31.68,32.07,31.68,32.07,700,32.005423
2015-12-22,31.190001,31.34,31.190001,31.34,600,31.276893
2015-12-21,30.93,31.00,30.690001,30.83,1700,30.76792
2015-12-18,30.879999,30.940001,30.860001,30.940001,1700,30.877699
2015-12-17,31.85,31.85,31.85,31.85,000,31.617206
2015-12-16,31.32,31.93,31.32,31.85,3100,31.617206
2015-12-15,30.76,30.76,30.76,30.76,000,30.535173
2015-12-14,30.84,30.84,30.75,30.76,14600,30.535173
2015-12-11,31.139999,31.25,31.139999,31.25,800,31.021591
2015-12-10,31.73,31.73,31.73,31.73,600,31.498082
2015-12-09,32.07,32.07,32.07,32.07,000,31.835598
2015-12-08,32.07,32.07,32.07,32.07,1000,31.835598
2015-12-07,32.450001,32.59,32.450001,32.59,900,32.351797
2015-12-04,33.200001,33.23,33.200001,33.23,300,32.987119
2015-12-03,33.529999,33.529999,33.529999,33.529999,000,33.284925
2015-12-02,33.939999,34.00,33.529999,33.529999,500,33.284925
2015-12-01,34.07,34.07,33.830002,33.889999,1900,33.642295
2015-11-30,33.990002,34.00,33.990002,34.00,500,33.751491
2015-11-27,33.75,33.75,33.75,33.75,400,33.503319
2015-11-25,33.549999,33.830002,33.549999,33.830002,500,33.582736
2015-11-24,33.049999,33.490002,33.049999,33.490002,700,33.245221
2015-11-23,33.02,33.09,33.02,33.09,500,32.848143
2015-11-20,33.209999,33.209999,33.009998,33.009998,500,32.768726
2015-11-19,33.130001,33.130001,33.09,33.099998,1100,32.858068
2015-11-18,32.970001,32.970001,32.970001,32.970001,100,32.729021
2015-11-17,32.43,32.43,32.240002,32.259998,400,32.024207
2015-11-16,32.41,32.41,32.16,32.380001,1100,32.143333
2015-11-13,31.950001,32.610001,31.950001,32.18,600,31.944794
2015-11-12,33.060001,33.060001,33.060001,33.060001,000,32.818363
2015-11-11,33.060001,33.060001,33.060001,33.060001,200,32.818363
2015-11-10,33.25,33.25,33.060001,33.060001,800,32.818363
2015-11-09,33.470001,33.529999,33.450001,33.529999,1000,33.284925
2015-11-06,34.139999,34.139999,34.139999,34.139999,100,33.890467
2015-11-05,34.040001,34.380001,33.889999,34.380001,800,34.128715
2015-11-04,34.959999,34.959999,34.959999,34.959999,000,34.704474
2015-11-03,34.959999,34.959999,34.959999,34.959999,2900,34.704474
2015-11-02,34.310001,35.200001,34.310001,35.09,6200,34.833525
2015-10-30,34.299999,34.599998,34.299999,34.490002,7300,34.237912
2015-10-29,34.380001,34.380001,34.330002,34.330002,1000,34.079081
2015-10-28,34.279999,34.560001,33.880001,33.880001,1300,33.632369
2015-10-27,33.740002,33.740002,33.330002,33.360001,800,33.11617
2015-10-26,34.560001,34.57,34.27,34.279999,5300,34.029444
2015-10-23,34.450001,34.450001,34.450001,34.450001,600,34.198203
2015-10-22,34.369999,34.369999,34.369999,34.369999,000,34.118786
2015-10-21,34.369999,34.369999,34.369999,34.369999,000,34.118786
2015-10-20,34.369999,34.369999,34.369999,34.369999,300,34.118786
2015-10-19,34.59,34.599998,34.349998,34.349998,5200,34.098932
2015-10-16,34.880001,34.880001,34.549999,34.549999,600,34.297471
2015-10-15,34.849998,34.849998,34.849998,34.849998,000,34.595277
2015-10-14,34.849998,34.849998,34.849998,34.849998,000,34.595277
2015-10-13,34.849998,34.849998,34.849998,34.849998,000,34.595277
2015-10-12,35.540001,35.540001,34.720001,34.849998,5200,34.595277
2015-10-09,35.34,35.75,35.34,35.689999,1200,35.429138
2015-10-08,34.799999,34.990002,34.799999,34.990002,400,34.734257
2015-10-07,34.299999,34.299999,34.200001,34.200001,200,33.95003
2015-10-06,33.169998,34.00,33.169998,33.720001,3500,33.473539
2015-10-05,32.669998,33.23,32.669998,33.23,1700,32.987119
2015-10-02,31.23,31.860001,31.23,31.85,2600,31.617206
2015-10-01,31.450001,31.450001,31.450001,31.450001,300,31.22013
2015-09-30,31.07,31.07,31.07,31.07,300,30.842907
2015-09-29,31.07,31.08,31.07,31.08,500,30.852834
2015-09-28,31.040001,31.040001,31.040001,31.040001,300,30.813127
2015-09-25,31.959999,31.959999,31.959999,31.959999,300,31.726401
2015-09-24,31.33,31.93,31.33,31.93,1500,31.696621
2015-09-23,32.110001,32.110001,32.110001,32.110001,300,31.875306
2015-09-22,32.73,32.73,32.130001,32.130001,16000,31.89516
2015-09-21,33.00,33.00,33.00,33.00,600,32.7588
2015-09-18,33.18,33.18,33.18,33.18,100,32.937485
2015-09-17,33.619999,33.619999,33.619999,33.619999,300,33.28294
2015-09-16,33.48,33.48,33.48,33.48,200,33.144344
2015-09-15,32.689999,32.689999,32.689999,32.689999,000,32.362263
2015-09-14,32.919998,32.919998,32.689999,32.689999,2300,32.362263
2015-09-11,32.91,32.91,32.91,32.91,200,32.580059
2015-09-10,33.57,33.57,33.57,33.57,200,33.233442
2015-09-09,33.950001,33.950001,33.57,33.580002,1800,33.243343
2015-09-08,34.049999,34.110001,34.049999,34.110001,600,33.768029
2015-09-04,33.779999,33.869999,33.779999,33.869999,500,33.530433
2015-09-03,34.27,34.27,34.27,34.27,500,33.926424
2015-09-02,33.66,33.66,33.66,33.66,100,33.322539
2015-09-01,33.990002,34.029999,33.509998,33.68,10900,33.342339
2015-08-31,34.16,34.790001,34.080002,34.790001,1400,34.441212
2015-08-28,34.09,34.380001,34.09,34.380001,3200,34.035322
2015-08-27,33.209999,34.00,33.209999,34.00,1800,33.659131
2015-08-26,32.549999,32.619999,32.43,32.599998,1000,32.273165
2015-08-25,33.220001,33.220001,32.580002,32.610001,2300,32.283067
2015-08-24,34.389999,34.389999,33.330002,33.330002,1700,32.99585
2015-08-21,34.389999,34.66,34.16,34.360001,4400,34.015522
2015-08-20,35.119999,35.119999,34.860001,34.860001,200,34.51051
2015-08-19,35.450001,35.459999,35.450001,35.459999,500,35.104493
2015-08-18,36.080002,36.080002,35.869999,35.98,1600,35.61928
2015-08-17,35.939999,36.330002,35.939999,36.330002,400,35.965773
2015-08-14,36.139999,36.169998,36.080002,36.169998,700,35.807374
2015-08-13,36.029999,36.029999,35.849998,35.849998,900,35.490582
2015-08-12,36.029999,36.32,36.029999,36.130001,9200,35.767778
2015-08-11,36.23,36.23,36.23,36.23,200,35.866773
2015-08-10,36.560001,36.73,36.560001,36.73,1900,36.361761
2015-08-07,36.200001,36.200001,35.869999,35.869999,600,35.510382
2015-08-06,36.720001,36.720001,36.720001,36.720001,000,36.351863
2015-08-05,36.84,36.900002,36.720001,36.720001,1200,36.351863
2015-08-04,37.00,37.00,37.00,37.00,200,36.629054
2015-08-03,36.889999,36.889999,36.439999,36.59,1900,36.223165
2015-07-31,36.580002,36.939999,36.580002,36.939999,300,36.569654
2015-07-30,36.549999,36.59,36.549999,36.59,700,36.223165
2015-07-29,36.580002,36.580002,36.580002,36.580002,000,36.213267
2015-07-28,36.580002,36.580002,36.580002,36.580002,500,36.213267
2015-07-27,36.299999,36.299999,36.099998,36.099998,1600,35.738076
2015-07-24,36.380001,36.380001,36.380001,36.380001,100,36.015271
2015-07-23,37.00,37.00,36.98,36.98,400,36.609254
2015-07-22,37.459999,37.459999,37.459999,37.459999,600,37.084442
2015-07-21,37.869999,37.98,37.509998,37.509998,2800,37.13394
2015-07-20,37.919998,37.919998,37.540001,37.650002,2200,37.272539
2015-07-17,37.709999,37.709999,37.709999,37.709999,100,37.331935
2015-07-16,38.41,38.41,38.41,38.41,200,38.024918
2015-07-15,38.25,38.25,38.25,38.25,1300,37.866522
2015-07-14,38.66,38.720001,38.66,38.720001,600,38.331811
2015-07-13,38.330002,38.470001,38.330002,38.43,600,38.044718
2015-07-10,37.869999,37.869999,37.869999,37.869999,300,37.490331
2015-07-09,37.619999,37.619999,37.439999,37.450001,500,37.074544
2015-07-08,38.02,38.02,37.380001,37.380001,500,37.005246
2015-07-07,37.84,38.32,37.84,38.32,600,37.93582
2015-07-06,38.540001,38.540001,38.540001,38.540001,500,38.153616
2015-07-02,39.450001,39.450001,39.450001,39.450001,000,39.054492
2015-07-01,39.57,39.57,39.450001,39.450001,600,39.054492
2015-06-30,39.610001,39.610001,39.419998,39.52,3400,39.12379
2015-06-29,40.59,40.59,39.639999,39.639999,1500,39.242586
2015-06-26,40.91,40.91,40.91,40.91,400,40.499854
2015-06-25,40.84,40.84,40.84,40.84,000,40.430556
2015-06-24,40.84,40.84,40.84,40.84,000,40.430556
2015-06-23,40.990002,40.990002,40.84,40.84,1300,40.430556
2015-06-22,40.939999,41.040001,40.939999,41.040001,600,40.628552
2015-06-19,41.450001,41.450001,41.450001,41.450001,400,41.034441
2015-06-18,41.349998,41.349998,41.290001,41.290001,800,40.78695
2015-06-17,40.939999,41.049999,40.939999,41.049999,1100,40.549872
2015-06-16,41.049999,41.119999,41.049999,41.09,900,40.589386
2015-06-15,40.50,40.560001,40.50,40.549999,1600,40.055964
2015-06-12,41.27,41.27,41.27,41.27,200,40.767193
2015-06-11,41.279999,41.32,41.279999,41.32,800,40.816583
2015-06-10,40.560001,41.529999,40.560001,41.389999,1800,40.88573
2015-06-09,40.990002,40.990002,40.990002,40.990002,000,40.490605
2015-06-08,41.189999,41.189999,40.990002,40.990002,300,40.490605
2015-06-05,40.880001,40.950001,40.880001,40.950001,300,40.451092
2015-06-04,41.490002,41.52,41.18,41.189999,700,40.688166
2015-06-03,41.709999,41.709999,41.709999,41.709999,000,41.201831
2015-06-02,40.59,41.709999,40.59,41.709999,800,41.201831
2015-06-01,40.720001,41.130001,40.720001,41.130001,700,40.628899
2015-05-29,40.98,40.98,40.779999,40.779999,300,40.283161
2015-05-28,40.939999,40.939999,40.939999,40.939999,400,40.441212
2015-05-27,40.779999,40.779999,40.709999,40.720001,900,40.223894
2015-05-26,41.009998,41.009998,40.630001,40.740002,1800,40.243651
2015-05-22,41.75,41.75,41.75,41.75,000,41.241344
2015-05-21,41.740002,41.75,41.740002,41.75,500,41.241344
2015-05-20,41.720001,41.720001,41.720001,41.720001,000,41.211711
2015-05-19,41.759998,41.759998,41.720001,41.720001,900,41.211711
2015-05-18,42.130001,42.16,42.119999,42.119999,600,41.606835
2015-05-15,41.900002,41.900002,41.900002,41.900002,400,41.389518
2015-05-14,41.650002,41.650002,41.650002,41.650002,000,41.142564
2015-05-13,41.650002,41.650002,41.650002,41.650002,300,41.142564
2015-05-12,42.00,42.00,42.00,42.00,000,41.488299
2015-05-11,42.00,42.00,42.00,42.00,200,41.488299
2015-05-08,41.990002,42.00,41.77,41.77,1900,41.261101
2015-05-07,41.389999,41.650002,41.380001,41.650002,800,41.142564
2015-05-06,41.48,41.50,41.450001,41.50,1600,40.99439
2015-05-05,41.470001,41.470001,41.310001,41.310001,900,40.806706
2015-05-04,41.709999,41.709999,41.709999,41.709999,500,41.201831
2015-05-01,41.43,41.59,41.43,41.59,5500,41.083294
2015-04-30,41.34,41.439999,41.209999,41.209999,1100,40.707922
2015-04-29,41.900002,41.900002,41.900002,41.900002,200,41.389518
2015-04-28,41.77,42.040001,41.77,41.939999,1500,41.429028
2015-04-27,41.59,42.150002,41.580002,41.689999,2100,41.182074
2015-04-24,41.349998,41.709999,41.349998,41.610001,2500,41.103051
2015-04-23,41.130001,41.59,41.00,41.509998,3400,41.004267
2015-04-22,41.360001,41.41,41.360001,41.41,1100,40.905487
2015-04-21,42.110001,42.110001,41.389999,41.389999,900,40.88573
2015-04-20,41.900002,41.959999,41.900002,41.959999,700,41.448785
2015-04-17,41.709999,41.709999,41.59,41.669998,1600,41.162317
2015-04-16,42.470001,42.470001,42.240002,42.240002,1600,41.725376
2015-04-15,41.75,42.450001,41.75,42.450001,1500,41.932817
2015-04-14,41.669998,41.669998,41.669998,41.669998,000,41.162317
2015-04-13,41.669998,41.669998,41.669998,41.669998,300,41.162317
2015-04-10,41.75,41.880001,41.75,41.880001,2600,41.369762
2015-04-09,41.77,41.77,41.77,41.77,000,41.261101
2015-04-08,41.66,41.77,41.66,41.77,2500,41.261101
2015-04-07,41.709999,41.720001,41.59,41.59,2000,41.083294
2015-04-06,41.09,41.799999,41.09,41.689999,1300,41.182074
2015-04-02,41.540001,41.599998,41.529999,41.529999,700,41.024024
2015-04-01,41.110001,41.110001,41.110001,41.110001,300,40.609142
2015-03-31,41.060001,41.060001,41.060001,41.060001,400,40.559752
2015-03-30,41.25,41.52,41.25,41.52,9900,41.014147
2015-03-27,41.00,41.00,40.720001,40.720001,700,40.223894
2015-03-26,40.919998,40.919998,40.84,40.849998,1200,40.352308
2015-03-25,41.23,41.23,40.950001,41.049999,1300,40.549872
2015-03-24,41.189999,41.330002,41.040001,41.330002,1400,40.826463
2015-03-23,41.369999,41.540001,41.32,41.32,1700,40.816583
2015-03-20,40.939999,41.25,40.939999,41.18,2300,40.678289
2015-03-19,40.84,41.080002,40.84,41.080002,400,40.516287
2015-03-18,40.299999,40.93,40.299999,40.880001,3100,40.319031
2015-03-17,40.400002,40.529999,40.290001,40.529999,900,39.973832
2015-03-16,40.779999,40.779999,40.380001,40.52,1100,39.96397
2015-03-13,40.52,40.709999,40.52,40.709999,700,40.151362
2015-03-12,40.470001,40.75,40.470001,40.75,4600,40.190814
2015-03-11,39.860001,40.07,39.860001,40.009998,2600,39.460967
2015-03-10,39.98,39.98,39.869999,39.869999,400,39.322888
2015-03-09,40.630001,40.73,40.549999,40.639999,1700,40.082323
2015-03-06,40.619999,40.619999,40.18,40.299999,5500,39.746988
2015-03-05,41.119999,41.119999,40.869999,40.93,900,40.368344
2015-03-04,41.130001,41.209999,41.130001,41.209999,2100,40.644501
2015-03-03,41.490002,41.59,41.490002,41.50,800,40.930522
2015-03-02,41.310001,41.860001,41.240002,41.860001,3500,41.285583
2015-02-27,41.689999,41.689999,41.48,41.48,1000,40.910796
2015-02-26,41.799999,41.919998,41.66,41.919998,1700,41.344757
2015-02-25,41.709999,41.709999,41.560001,41.57,4900,40.999561
2015-02-24,41.66,41.700001,41.66,41.700001,700,41.127778
2015-02-23,41.540001,41.540001,41.389999,41.48,1000,40.910796
2015-02-20,41.27,41.610001,41.27,41.610001,1100,41.039013
2015-02-19,41.200001,41.84,41.200001,41.66,6200,41.088326
2015-02-18,41.57,41.709999,41.509998,41.669998,2300,41.098187
2015-02-17,41.310001,41.869999,41.310001,41.869999,2300,41.295444
2015-02-13,41.23,41.950001,41.23,41.880001,3300,41.305309
2015-02-12,41.220001,41.400002,41.220001,41.400002,1600,40.831896
2015-02-11,40.189999,40.41,40.189999,40.41,1000,39.855479
2015-02-10,40.849998,40.849998,40.049999,40.139999,6000,39.589184
2015-02-09,40.740002,40.740002,40.740002,40.740002,300,40.180953
2015-02-06,40.889999,41.060001,40.84,40.98,3000,40.417657
2015-02-05,40.689999,40.82,40.689999,40.82,700,40.259853
2015-02-04,40.220001,40.220001,40.220001,40.220001,300,39.668088
2015-02-03,40.57,40.57,40.57,40.57,200,40.013284
2015-02-02,39.130001,39.330002,38.93,39.330002,1600,38.790301
2015-01-30,39.279999,39.369999,38.82,38.82,6300,38.287298
2015-01-29,39.119999,39.509998,38.700001,39.509998,5400,38.967828
2015-01-28,40.220001,40.220001,39.310001,39.310001,1100,38.770575
2015-01-27,39.790001,40.189999,39.77,39.990002,5600,39.441244
2015-01-26,39.459999,40.09,39.439999,40.09,4400,39.539871
2015-01-23,39.849998,39.849998,39.650002,39.650002,800,39.10591
2015-01-22,39.700001,40.189999,39.700001,40.189999,2600,39.638497
2015-01-21,39.57,39.779999,39.57,39.779999,1200,39.234123
2015-01-20,39.720001,39.720001,39.419998,39.529999,3700,38.987554
2015-01-16,39.529999,39.740002,39.529999,39.740002,8300,39.194675
2015-01-15,40.48,40.48,39.459999,39.459999,1900,38.918515
2015-01-14,40.09,40.09,39.689999,39.689999,2000,39.145358
2015-01-13,41.349998,41.349998,40.43,40.43,400,39.875205
2015-01-12,40.490002,40.759998,40.369999,40.75,5900,40.190814
2015-01-09,41.119999,41.130001,40.860001,41.07,33800,40.506422
2015-01-08,40.860001,41.43,40.860001,41.419998,5500,40.851618
2015-01-07,40.970001,40.970001,40.459999,40.560001,6500,40.003422
2015-01-06,41.599998,41.599998,40.59,40.77,3100,40.21054
2015-01-05,41.740002,41.799999,41.32,41.52,9900,40.950248
2015-01-02,42.689999,42.73,42.00,42.580002,3800,41.995704
2014-12-31,42.779999,43.110001,42.720001,42.720001,4000,42.133782
2014-12-30,43.060001,43.189999,42.919998,42.919998,2400,42.331034
2014-12-29,42.380001,43.060001,42.380001,42.939999,27600,42.350761
2014-12-26,41.91,42.849998,41.91,42.799999,7400,42.212682
2014-12-24,42.490002,42.599998,42.490002,42.540001,800,41.956252
2014-12-23,41.880001,42.610001,41.880001,42.580002,5900,41.995704
2014-12-22,42.349998,42.349998,41.84,41.93,3100,41.354622
2014-12-19,41.889999,42.27,41.630001,42.240002,4300,41.660369
2014-12-18,41.549999,41.860001,41.369999,41.860001,2800,41.07156
2014-12-17,40.23,41.34,40.23,41.150002,11400,40.374934
2014-12-16,39.57,40.419998,39.27,40.02,6800,39.266216
2014-12-15,40.259998,40.259998,39.740002,39.77,5900,39.020925
2014-12-12,40.380001,40.52,40.009998,40.360001,10100,39.599812
2014-12-11,41.509998,41.77,40.939999,40.939999,2700,40.168886
2014-12-10,42.330002,42.330002,41.240002,41.240002,2900,40.463239
2014-12-09,41.00,42.349998,40.790001,42.32,13900,41.522895
2014-12-08,42.02,42.200001,41.48,41.48,4700,40.698716
2014-12-05,42.400002,42.52,42.169998,42.189999,4400,41.395342
2014-12-04,41.790001,42.259998,41.68,42.259998,4300,41.464023
2014-12-03,42.25,42.27,41.93,42.27,3300,41.473837
2014-12-02,41.049999,41.779999,41.049999,41.290001,8600,40.512296
2014-12-01,41.650002,41.650002,41.009998,41.009998,8100,40.237567
2014-11-28,43.150002,43.150002,42.099998,42.099998,1900,41.307037
2014-11-26,43.18,43.279999,42.950001,43.279999,21300,42.464812
2014-11-25,43.50,43.669998,43.349998,43.41,4300,42.592364
2014-11-24,43.119999,43.50,43.119999,43.400002,6300,42.582554
2014-11-21,43.98,44.18,43.139999,43.34,7100,42.523683
2014-11-20,42.549999,43.369999,42.549999,43.369999,10700,42.553117
2014-11-19,42.91,42.959999,42.349998,42.630001,5600,41.827057
2014-11-18,42.73,43.66,42.73,43.389999,9100,42.572741
2014-11-17,43.150002,43.540001,43.130001,43.169998,7900,42.356883
2014-11-14,42.860001,43.619999,42.860001,43.470001,20000,42.651236
2014-11-13,43.93,43.93,43.220001,43.34,15600,42.523683
2014-11-12,43.009998,44.00,43.009998,43.98,34400,43.151628
2014-11-11,42.110001,43.709999,42.110001,43.66,342300,42.837656
2014-11-10,43.48,43.869999,43.18,43.540001,155700,42.719917
2014-11-07,43.32,43.830002,42.169998,43.779999,1200,42.955394
2014-11-06,43.369999,43.52,43.330002,43.369999,1800,42.553117
2014-11-05,43.450001,43.450001,43.040001,43.130001,2800,42.317639
2014-11-04,43.290001,43.290001,42.990002,43.240002,4600,42.425568
2014-11-03,43.900002,44.189999,43.580002,43.720001,5200,42.896527
2014-10-31,43.580002,43.990002,43.290001,43.900002,5200,43.073137
2014-10-30,43.080002,43.209999,42.689999,43.169998,3200,42.356883
2014-10-29,43.57,43.57,42.599998,43.07,53000,42.258768
2014-10-28,42.23,43.279999,42.23,43.259998,13900,42.445188
2014-10-27,42.389999,42.700001,41.689999,41.93,11700,41.140241
2014-10-24,42.50,42.77,42.290001,42.709999,7500,41.905548
2014-10-23,42.009998,42.77,42.009998,42.580002,17600,41.778
2014-10-22,42.32,42.509998,41.540001,41.57,8700,40.787021
2014-10-21,41.630001,42.200001,41.630001,42.200001,11800,41.405156
2014-10-20,40.779999,41.18,40.650002,41.18,14100,40.404367
2014-10-17,40.759998,41.130001,40.299999,40.43,13700,39.668494
2014-10-16,38.799999,40.419998,38.799999,40.32,15200,39.560565
2014-10-15,37.990002,40.02,37.799999,39.73,20700,38.981678
2014-10-14,38.779999,39.84,38.709999,39.029999,86600,38.294861
2014-10-13,38.75,39.630001,38.66,38.669998,40400,37.941642
2014-10-10,40.00,40.00,39.080002,39.09,79900,38.353733
2014-10-09,41.060001,41.27,39.919998,40.00,41500,39.246593
2014-10-08,40.68,41.43,39.900002,41.349998,34000,40.571164
2014-10-07,41.43,41.529999,40.84,40.959999,11800,40.18851
2014-10-06,41.869999,42.099998,41.470001,41.610001,5100,40.826268
2014-10-03,42.509998,42.509998,41.939999,42.040001,11400,41.24817
2014-10-02,42.299999,42.299999,41.360001,42.200001,12200,41.405156
2014-10-01,42.889999,42.889999,42.130001,42.169998,58000,41.375718
2014-09-30,43.84,44.099998,43.360001,43.380001,29600,42.562931
2014-09-29,43.50,44.099998,43.50,44.02,19800,43.190876
2014-09-26,43.459999,44.259998,43.41,44.049999,6800,43.220309
2014-09-25,44.209999,44.279999,43.73,43.91,16300,43.082947
2014-09-24,44.790001,45.259998,44.77,45.18,6300,44.329027
2014-09-23,45.099998,45.450001,44.700001,44.950001,8100,44.103359
2014-09-22,45.720001,45.720001,45.310001,45.349998,4800,44.495823
2014-09-19,46.889999,46.889999,45.889999,46.00,2100,45.133581
2014-09-18,47.189999,47.189999,46.639999,46.639999,4100,45.718356
2014-09-17,46.720001,46.939999,46.599998,46.68,3400,45.757567
2014-09-16,46.16,46.720001,46.16,46.650002,2500,45.728161
2014-09-15,46.689999,46.689999,46.00,46.279999,5300,45.36547
2014-09-12,46.93,46.93,46.389999,46.599998,1400,45.679146
2014-09-11,46.43,47.040001,46.43,47.040001,3500,46.110453
2014-09-10,46.59,46.650002,46.389999,46.650002,6000,45.728161
2014-09-09,47.299999,47.299999,46.439999,46.580002,3400,45.659544
2014-09-08,47.360001,47.360001,46.959999,47.110001,5200,46.17907
2014-09-05,47.380001,47.459999,47.150002,47.450001,4500,46.512351
2014-09-04,48.029999,48.16,47.490002,47.490002,2800,46.551562
2014-09-03,48.00,48.080002,47.66,47.66,6400,46.718201
2014-09-02,47.939999,47.939999,47.549999,47.900002,3400,46.95346
2014-08-29,47.529999,47.540001,47.240002,47.380001,6900,46.443735
2014-08-28,47.290001,47.470001,47.060001,47.400002,5000,46.46334
2014-08-27,47.259998,47.50,47.259998,47.470001,5400,46.531957
2014-08-26,47.060001,47.41,47.060001,47.310001,8500,46.375118
2014-08-25,46.889999,46.889999,46.549999,46.650002,2500,45.728161
2014-08-22,46.400002,46.639999,46.169998,46.639999,3400,45.718356
2014-08-21,46.130001,46.490002,46.049999,46.400002,3200,45.483101
2014-08-20,46.549999,46.549999,46.080002,46.450001,3600,45.532112
2014-08-19,46.490002,46.98,46.490002,46.59,9500,45.669345
2014-08-18,46.490002,46.599998,46.34,46.509998,6600,45.590924
2014-08-15,46.27,46.380001,45.700001,45.919998,14800,45.012583
2014-08-14,46.049999,46.25,45.950001,46.099998,3900,45.189026
2014-08-13,45.630001,46.189999,45.630001,46.110001,18400,45.198831
2014-08-12,45.860001,45.93,45.52,45.57,3300,44.669501
2014-08-11,45.959999,46.369999,45.869999,46.080002,4100,45.169425
2014-08-08,45.34,45.799999,45.279999,45.700001,9000,44.796933
2014-08-07,46.09,46.09,45.189999,45.290001,10100,44.395035
2014-08-06,45.759998,45.970001,45.619999,45.799999,4200,44.894955
2014-08-05,45.59,45.790001,45.060001,45.299999,32200,44.404836
2014-08-04,44.990002,45.68,44.630001,45.59,19700,44.689106
2014-08-01,44.009998,44.689999,44.009998,44.689999,22400,43.806889
2014-07-31,45.00,45.00,44.560001,44.669998,6100,43.787284
2014-07-30,45.849998,46.040001,45.77,45.77,3800,44.865549
2014-07-29,45.91,46.150002,45.91,46.099998,2500,45.189026
2014-07-28,46.00,46.009998,45.50,45.84,3100,44.934166
2014-07-25,46.02,46.130001,45.950001,45.970001,2600,45.061598
2014-07-24,46.09,46.41,46.02,46.139999,9000,45.228237
2014-07-23,45.619999,46.169998,45.619999,45.830002,5900,44.924365
2014-07-22,45.630001,45.900002,45.470001,45.560001,7600,44.6597
2014-07-21,45.459999,45.459999,44.82,45.209999,4800,44.316614
2014-07-18,44.939999,45.529999,44.939999,45.529999,4900,44.63029
2014-07-17,45.18,45.419998,44.959999,45.099998,5800,44.208787
2014-07-16,45.66,45.669998,45.34,45.41,8300,44.512662
2014-07-15,45.73,45.73,45.080002,45.380001,4700,44.483257
2014-07-14,45.540001,45.580002,45.439999,45.509998,3400,44.610685
2014-07-11,45.349998,45.419998,45.16,45.419998,3200,44.522463
2014-07-10,44.919998,45.759998,44.799999,45.580002,6400,44.679305
2014-07-09,46.380001,46.380001,46.07,46.27,2700,45.355669
2014-07-08,46.209999,46.259998,45.880001,46.040001,8300,45.130214
2014-07-07,46.549999,46.669998,46.400002,46.400002,2000,45.483101
2014-07-03,47.189999,47.459999,47.189999,47.360001,2000,46.42413
2014-07-02,47.18,47.18,46.860001,46.880001,4300,45.953615
2014-07-01,46.790001,47.389999,46.790001,47.09,6400,46.159465
2014-06-30,46.450001,46.59,46.130001,46.540001,8800,45.620334
2014-06-27,45.759998,46.34,45.759998,46.34,3800,45.424285
2014-06-26,45.700001,45.84,45.599998,45.799999,2600,44.894955
2014-06-25,45.610001,46.16,45.310001,46.150002,6700,45.238041
2014-06-24,46.209999,46.349998,45.689999,45.689999,2400,44.787128
2014-06-23,46.490002,46.490002,46.259998,46.34,3600,45.424285
2014-06-20,46.310001,46.380001,46.080002,46.27,3300,45.355669
2014-06-19,46.27,46.34,46.139999,46.240002,4300,45.261566
2014-06-18,45.939999,46.150002,45.529999,46.110001,33000,45.134315
2014-06-17,45.23,45.939999,45.23,45.939999,8600,44.967911
2014-06-16,45.900002,45.900002,45.310001,45.310001,7200,44.351244
2014-06-13,45.07,45.450001,44.91,45.450001,8600,44.488281
2014-06-12,46.00,46.00,44.84,44.990002,9300,44.038016
2014-06-11,45.82,45.939999,45.77,45.900002,3100,44.92876
2014-06-10,46.18,46.18,45.669998,46.060001,9600,45.085374
2014-06-09,46.43,46.43,46.00,46.200001,8700,45.222411
2014-06-06,45.50,45.990002,45.50,45.959999,22000,44.987488
2014-06-05,44.279999,45.400002,44.200001,45.400002,8200,44.43934
2014-06-04,43.91,44.32,43.860001,44.310001,68900,43.372404
2014-06-03,44.150002,44.16,43.830002,44.130001,4200,43.196213
2014-06-02,44.299999,44.310001,43.77,44.150002,5700,43.21579
2014-05-30,44.07,44.330002,43.889999,44.130001,19000,43.196213
2014-05-29,44.279999,44.380001,44.009998,44.349998,18000,43.411555
2014-05-28,44.400002,44.400002,44.029999,44.029999,16800,43.098326
2014-05-27,44.099998,44.630001,44.099998,44.400002,2500,43.4605
2014-05-23,43.32,43.970001,43.32,43.970001,5300,43.039598
2014-05-22,43.41,43.580002,43.400002,43.529999,17000,42.608906
2014-05-21,43.490002,43.490002,43.02,43.16,3300,42.246737
2014-05-20,43.91,43.91,42.720001,42.950001,8400,42.041181
2014-05-19,42.990002,43.919998,42.990002,43.720001,7200,42.794888
2014-05-16,42.799999,43.220001,42.75,43.220001,10500,42.305468
2014-05-15,43.32,43.32,42.360001,42.799999,84400,41.894354
2014-05-14,43.919998,43.970001,43.540001,43.540001,4200,42.618697
2014-05-13,44.610001,44.610001,44.07,44.099998,6800,43.166845
2014-05-12,43.700001,44.779999,43.700001,44.560001,11200,43.617114
2014-05-09,43.200001,43.389999,42.720001,43.290001,11600,42.373987
2014-05-08,43.509998,43.959999,43.07,43.139999,17700,42.227159
2014-05-07,43.310001,43.439999,42.830002,43.400002,9900,42.48166
2014-05-06,44.259998,44.259998,43.380001,43.529999,7000,42.608906
2014-05-05,43.889999,44.150002,43.799999,44.119999,5200,43.186422
2014-05-02,44.41,44.450001,43.869999,44.259998,13600,43.323459
2014-05-01,44.099998,44.450001,43.779999,43.860001,7700,42.931925
2014-04-30,43.869999,44.27,43.77,44.150002,2500,43.21579
2014-04-29,43.650002,44.139999,43.650002,43.799999,10100,42.873194
2014-04-28,44.27,44.27,43.049999,43.52,67400,42.59912
2014-04-25,44.759998,44.759998,43.93,44.09,5800,43.157058
2014-04-24,45.259998,45.259998,44.209999,44.610001,7800,43.666055
2014-04-23,45.290001,45.290001,44.82,44.82,11300,43.871611
2014-04-22,45.049999,45.23,44.84,45.119999,5100,44.165262
2014-04-21,45.470001,46.09,44.740002,44.830002,22200,43.881401
2014-04-17,44.43,45.110001,44.43,45.00,25800,44.047802
2014-04-16,44.66,44.73,44.560001,44.650002,8700,43.70521
2014-04-15,44.220001,44.450001,43.459999,44.380001,55200,43.440923
2014-04-14,44.200001,44.59,43.560001,44.009998,7500,43.078749
2014-04-11,44.049999,44.220001,43.66,43.810001,36100,42.882984
2014-04-10,45.029999,45.040001,44.299999,44.310001,29200,43.372404
2014-04-09,44.50,45.380001,44.50,45.32,37300,44.361031
2014-04-08,44.630001,44.790001,44.57,44.57,5700,43.626901
2014-04-07,45.080002,45.080002,43.830002,44.189999,20600,43.254941
2014-04-04,45.900002,46.400002,44.790001,44.990002,12200,44.038016
2014-04-03,46.169998,46.169998,45.610001,45.900002,8800,44.92876
2014-04-02,45.75,46.07,45.459999,46.009998,41900,45.036429
2014-04-01,45.470001,45.830002,45.23,45.810001,17000,44.840664
2014-03-31,44.360001,45.009998,44.360001,45.009998,12700,44.057589
2014-03-28,43.919998,44.459999,43.830002,44.029999,6700,43.098326
2014-03-27,43.689999,44.009998,43.400002,43.849998,31400,42.922135
2014-03-26,44.779999,45.169998,43.830002,43.98,31900,43.049385
2014-03-25,44.880001,45.16,44.529999,44.82,8000,43.871611
2014-03-24,45.400002,45.400002,44.209999,44.529999,11500,43.587746
2014-03-21,45.040001,45.540001,45.00,45.16,7700,44.204417
2014-03-20,44.73,45.009998,44.73,44.84,7700,43.855952
2014-03-19,45.029999,45.060001,44.619999,44.77,22800,43.787488
2014-03-18,44.470001,45.049999,44.470001,45.029999,32400,44.041781
2014-03-17,44.32,44.709999,44.110001,44.16,6100,43.190874
2014-03-14,43.860001,44.200001,43.860001,44.130001,4300,43.161534
2014-03-13,44.549999,44.639999,43.630001,44.080002,6700,43.112632
2014-03-12,44.509998,44.509998,44.02,44.509998,11000,43.533192
2014-03-11,44.919998,45.040001,44.25,44.540001,34700,43.562536
2014-03-10,45.189999,45.189999,44.700001,44.779999,10500,43.797267
2014-03-07,45.16,45.439999,44.959999,45.16,11100,44.168929
2014-03-06,44.939999,45.459999,44.939999,45.34,10800,44.344979
2014-03-05,44.889999,44.889999,44.630001,44.77,18800,43.787488
2014-03-04,44.009998,45.00,44.009998,44.880001,23200,43.895075
2014-03-03,44.349998,44.349998,43.439999,43.919998,29600,42.95614
2014-02-28,44.240002,44.98,43.990002,44.150002,18900,43.181096
2014-02-27,43.549999,44.080002,43.549999,44.07,28100,43.102849
2014-02-26,43.400002,44.00,43.259998,43.709999,13800,42.750749
2014-02-25,43.59,43.599998,42.939999,43.169998,39400,42.222599
2014-02-24,43.48,43.610001,43.259998,43.330002,61900,42.379091
2014-02-21,43.400002,43.599998,43.150002,43.599998,41400,42.643163
2014-02-20,42.610001,43.279999,42.439999,43.279999,89100,42.330186
2014-02-19,43.619999,43.619999,42.740002,42.950001,163600,42.00743
2014-02-18,43.509998,43.560001,43.150002,43.360001,194900,42.408432
2014-02-14,43.009998,43.200001,42.970001,43.200001,4200,42.251943
2014-02-13,42.360001,43.119999,42.18,42.82,9600,41.880282
2014-02-12,42.18,42.330002,42.18,42.330002,900,41.401037
2014-02-11,41.889999,42.32,41.75,42.189999,6800,41.264106
2014-02-10,41.650002,41.900002,41.529999,41.889999,3000,40.970691
2014-02-07,41.689999,41.689999,41.32,41.650002,4200,40.73596
2014-02-06,40.98,41.50,40.98,41.040001,700,40.139346
2014-02-05,40.759998,40.880001,40.25,40.849998,7600,39.953514
2014-02-04,41.00,41.09,40.82,41.00,2900,40.100223
2014-02-03,42.080002,42.080002,40.639999,40.650002,10600,39.757906
2014-01-31,41.91,42.139999,41.490002,41.849998,23500,40.931568
2014-01-30,41.610001,42.049999,41.50,42.049999,3700,41.127179
2014-01-29,41.560001,41.77,41.240002,41.240002,5900,40.334958
2014-01-28,40.77,41.439999,40.77,41.439999,3800,40.530566
2014-01-27,41.23,41.25,40.610001,40.880001,9500,39.982858
2014-01-24,42.330002,42.330002,41.00,41.169998,9100,40.266491
2014-01-23,42.619999,42.630001,41.990002,42.220001,7700,41.293451
2014-01-22,42.599998,42.759998,42.380001,42.610001,7200,41.674891
2014-01-21,42.50,42.50,42.34,42.34,1100,41.410816
2014-01-17,42.48,42.48,41.950001,41.959999,20900,41.039154
2014-01-16,42.099998,42.419998,42.099998,42.419998,11000,41.489058
2014-01-15,42.330002,42.400002,42.32,42.32,1800,41.391255
2014-01-14,41.900002,42.099998,41.84,42.099998,1100,41.176081
2014-01-13,42.139999,42.139999,41.50,41.50,3100,40.58925
2014-01-10,41.970001,41.970001,41.84,41.959999,4400,41.039154
2014-01-09,41.91,41.970001,41.619999,41.970001,9600,41.048937
2014-01-08,42.150002,42.220001,41.799999,42.00,6400,41.078277
2014-01-07,42.59,42.59,42.419998,42.439999,4200,41.50862
2014-01-06,43.02,43.02,42.200001,42.32,8400,41.391255
2014-01-03,42.639999,42.790001,42.610001,42.790001,4900,41.850941
2014-01-02,43.130001,43.130001,42.369999,42.619999,4500,41.68467
2013-12-31,43.310001,43.310001,43.00,43.150002,7600,42.203041
2013-12-30,43.75,43.75,42.900002,42.990002,5600,42.046553
2013-12-27,42.98,43.25,42.860001,43.25,4500,42.300845
2013-12-26,43.27,43.27,42.919998,43.060001,16700,42.115016
2013-12-24,42.639999,43.040001,42.52,42.959999,7000,42.017209
2013-12-23,42.639999,42.639999,42.439999,42.52,3900,41.586866
2013-12-20,41.419998,42.25,41.419998,42.25,3300,41.322791
2013-12-19,41.669998,41.75,41.59,41.700001,2300,40.701726
2013-12-18,42.50,42.50,41.009998,41.669998,7000,40.672442
2013-12-17,41.310001,41.310001,40.970001,41.25,2200,40.262498
2013-12-16,40.73,41.369999,40.73,41.299999,3500,40.311301
2013-12-13,40.75,40.98,40.560001,40.98,6400,39.998962
2013-12-12,40.110001,40.50,40.110001,40.450001,8900,39.481651
2013-12-11,40.799999,40.799999,40.110001,40.209999,6400,39.247395
2013-12-10,41.200001,41.200001,40.810001,40.919998,2400,39.940397
2013-12-09,41.41,41.41,41.119999,41.240002,3900,40.25274
2013-12-06,40.91,41.439999,40.91,41.240002,8600,40.25274
2013-12-05,40.869999,40.889999,40.470001,40.880001,5000,39.901357
2013-12-04,40.849998,41.049999,40.360001,40.77,2600,39.79399
2013-12-03,40.599998,40.75,40.509998,40.68,2000,39.706144
2013-12-02,41.580002,41.580002,40.790001,40.790001,8600,39.813512
2013-11-29,41.669998,41.75,41.580002,41.580002,2500,40.5846
2013-11-27,41.330002,41.400002,41.080002,41.400002,5100,40.408909
2013-11-26,40.75,41.080002,40.75,41.00,3500,40.018483
2013-11-25,40.990002,40.990002,40.709999,40.720001,9700,39.745188
2013-11-22,40.380001,40.869999,40.380001,40.75,1700,39.774468
2013-11-21,40.049999,40.599998,40.049999,40.599998,1800,39.628058
2013-11-20,40.310001,40.310001,39.990002,40.029999,29000,39.071703
2013-11-19,40.419998,40.419998,40.00,40.040001,5500,39.081466
2013-11-18,40.869999,40.869999,40.119999,40.209999,4000,39.247395
2013-11-15,40.57,40.57,40.080002,40.27,4000,39.30596
2013-11-14,39.580002,40.27,39.580002,40.27,4200,39.30596
2013-11-13,39.48,40.00,39.48,40.00,3200,39.042423
2013-11-12,40.119999,40.119999,39.720001,39.880001,6500,38.925297
2013-11-11,40.48,40.48,39.91,40.080002,5500,39.120509
2013-11-08,39.68,40.139999,39.459999,40.119999,7700,39.159549
2013-11-07,40.09,42.02,39.259998,39.400002,5800,38.456788
2013-11-06,40.389999,40.389999,40.060001,40.369999,2200,39.403564
2013-11-05,40.380001,40.610001,40.25,40.439999,4400,39.471888
2013-11-04,40.630001,40.900002,40.259998,40.869999,10300,39.891594
2013-11-01,40.68,40.68,39.93,40.299999,10900,39.33524
2013-10-31,41.110001,41.110001,40.43,40.450001,7300,39.481651
2013-10-30,41.200001,41.200001,40.330002,40.330002,5700,39.364525
2013-10-29,41.150002,41.150002,40.50,40.91,41700,39.930638
2013-10-28,41.34,41.34,41.040001,41.150002,5300,40.164894
2013-10-25,41.450001,41.450001,40.75,41.099998,6000,40.116088
2013-10-24,41.18,41.57,40.91,41.27,13600,40.28202
2013-10-23,41.130001,41.130001,40.50,40.700001,6500,39.725666
2013-10-22,41.00,41.00,40.709999,40.900002,4600,39.920879
2013-10-21,41.360001,41.360001,40.48,40.549999,14500,39.579255
2013-10-18,41.900002,41.900002,40.59,40.66,14700,39.686623
2013-10-17,39.709999,40.25,39.709999,40.240002,8600,39.276679
2013-10-16,39.630001,39.869999,39.630001,39.650002,2900,38.700803
2013-10-15,41.439999,41.439999,39.529999,39.630001,4200,38.681281
2013-10-14,41.439999,41.439999,39.00,39.639999,5100,38.69104
2013-10-11,39.41,39.57,38.91,39.450001,2600,38.50559
2013-10-10,38.540001,39.00,38.540001,38.990002,3200,38.056603
2013-10-09,37.830002,38.299999,37.799999,38.290001,3800,37.37336
2013-10-08,39.290001,39.290001,38.02,38.18,2700,37.265993
2013-10-07,42.00,42.00,38.610001,38.650002,1400,37.724742
2013-10-04,39.00,39.259998,38.919998,39.139999,2000,38.20301
2013-10-03,39.389999,39.41,38.759998,38.830002,5400,37.900434
2013-10-02,39.529999,39.529999,39.360001,39.389999,1800,38.447025
2013-10-01,39.779999,39.779999,39.299999,39.52,4600,38.573914
2013-09-30,38.959999,39.389999,37.970001,39.150002,4900,38.212773
2013-09-27,38.869999,39.049999,38.869999,38.990002,1200,38.056603
2013-09-26,39.049999,39.119999,38.939999,39.119999,600,38.183488
2013-09-25,38.77,38.970001,38.709999,38.73,82000,37.802825
2013-09-24,38.459999,38.459999,38.330002,38.330002,900,37.412403
2013-09-23,38.560001,38.610001,38.459999,38.540001,4200,37.617375
2013-09-20,38.459999,38.759998,38.459999,38.560001,3000,37.636897
2013-09-19,38.77,38.77,38.599998,38.75,1700,37.78721
2013-09-18,38.049999,38.599998,38.00,38.599998,4100,37.640935
2013-09-17,38.599998,38.599998,38.049999,38.049999,1500,37.104601
2013-09-16,38.790001,38.790001,38.130001,38.25,1500,37.299633
2013-09-13,37.799999,37.799999,37.799999,37.799999,100,36.860813
2013-09-12,39.529999,39.529999,37.490002,37.490002,8300,36.558518
2013-09-11,38.02,38.02,38.009998,38.009998,300,37.065594
2013-09-10,37.889999,37.950001,37.810001,37.810001,4000,36.870567
2013-09-09,37.299999,37.459999,37.299999,37.459999,4900,36.529261
2013-09-06,36.799999,37.040001,36.799999,36.98,3800,36.061187
2013-09-05,37.18,37.18,36.009998,36.799999,3000,35.885659
2013-09-04,36.509998,36.68,36.509998,36.669998,2300,35.758888
2013-09-03,37.720001,37.720001,36.16,36.16,4200,35.261561
2013-08-30,36.630001,36.630001,36.139999,36.139999,1300,35.242058
2013-08-29,36.400002,36.82,36.400002,36.669998,900,35.758888
2013-08-28,36.25,36.27,36.25,36.27,200,35.368829
2013-08-27,37.130001,37.189999,36.349998,36.349998,3900,35.446839
2013-08-26,37.950001,37.950001,37.419998,37.669998,2200,36.734042
2013-08-23,37.299999,37.400002,37.220001,37.400002,3100,36.470754
2013-08-22,37.049999,39.00,37.049999,37.299999,3000,36.373236
2013-08-21,37.389999,37.389999,36.68,36.740002,1900,35.827152
2013-08-20,36.630001,36.860001,36.049999,36.860001,900,35.94417
2013-08-19,37.849998,37.849998,36.75,36.790001,2200,35.875909
2013-08-16,37.00,37.009998,36.82,36.919998,3900,36.002677
2013-08-15,39.389999,39.389999,37.080002,37.220001,3700,36.295226
2013-08-14,38.169998,38.169998,37.68,37.799999,4700,36.860813
2013-08-13,37.950001,37.950001,37.669998,37.75,1300,36.812056
2013-08-12,37.880001,37.880001,37.50,37.84,5600,36.89982
2013-08-09,37.639999,37.98,37.57,37.599998,4000,36.665782
2013-08-08,37.549999,37.77,37.549999,37.689999,10600,36.753546
2013-08-07,37.18,37.290001,37.18,37.25,1400,36.324479
2013-08-06,37.959999,37.959999,37.450001,37.50,2500,36.568268
2013-08-05,38.09,38.09,37.650002,37.82,5200,36.880317
2013-08-02,38.349998,38.349998,37.419998,37.75,2700,36.812056
2013-08-01,37.889999,37.889999,37.700001,37.860001,2700,36.919324
2013-07-31,37.279999,37.779999,37.279999,37.720001,1600,36.782803
2013-07-30,37.700001,37.700001,37.099998,37.32,700,36.39274
2013-07-29,38.200001,38.200001,37.00,37.18,2300,36.256219
2013-07-26,37.779999,37.779999,37.060001,37.450001,4800,36.519511
2013-07-25,38.200001,38.200001,37.509998,37.740002,2300,36.802306
2013-07-24,38.790001,38.790001,37.380001,37.50,7700,36.568268
2013-07-23,38.200001,38.200001,37.790001,37.869999,3700,36.929074
2013-07-22,37.950001,37.950001,37.66,37.709999,10400,36.773049
2013-07-19,37.98,37.98,37.380001,37.529999,3400,36.597521
2013-07-18,37.25,37.610001,37.25,37.549999,2800,36.617025
2013-07-17,36.990002,37.450001,36.990002,37.259998,2600,36.334229
2013-07-16,37.68,37.68,37.029999,37.080002,4700,36.158705
2013-07-15,37.619999,37.720001,37.220001,37.220001,8300,36.295226
2013-07-12,37.720001,37.720001,36.91,37.139999,1400,36.217212
2013-07-11,37.990002,37.990002,37.200001,37.23,3000,36.304976
2013-07-10,36.91,37.02,36.860001,37.02,700,36.100194
2013-07-09,36.259998,36.759998,36.259998,36.759998,1600,35.846652
2013-07-08,36.169998,36.279999,36.169998,36.259998,900,35.359075
2013-07-05,37.849998,37.849998,35.599998,35.790001,1200,34.900756
2013-07-03,35.540001,35.540001,35.540001,35.540001,200,34.656967
2013-07-02,35.540001,35.540001,35.32,35.32,700,34.442432
2013-07-01,35.900002,35.900002,35.470001,35.689999,700,34.803238
2013-06-28,35.200001,35.200001,35.099998,35.099998,2500,34.227897
2013-06-27,34.939999,34.939999,34.939999,34.939999,000,34.071873
2013-06-26,34.759998,34.939999,34.650002,34.939999,1900,34.071873
2013-06-25,34.330002,34.799999,34.330002,34.799999,500,33.935352
2013-06-24,35.189999,35.189999,34.380001,34.77,3100,33.906098
2013-06-21,35.209999,35.360001,35.209999,35.310001,1400,34.432682
2013-06-20,35.549999,35.549999,35.080002,35.200001,1400,34.274706
2013-06-19,36.52,36.52,36.52,36.52,600,35.560007
2013-06-18,36.849998,36.849998,36.849998,36.849998,600,35.881331
2013-06-17,37.560001,37.560001,36.360001,36.389999,2600,35.433423
2013-06-14,37.650002,37.650002,36.00,36.310001,13900,35.355528
2013-06-13,36.09,36.18,36.09,36.119999,1400,35.17052
2013-06-12,36.099998,36.099998,36.099998,36.099998,700,35.151046
2013-06-11,37.00,37.00,36.040001,36.040001,1200,35.092625
2013-06-10,37.470001,37.470001,36.119999,36.68,4500,35.715801
2013-06-07,36.299999,36.310001,36.16,36.169998,900,35.219205
2013-06-06,36.029999,36.029999,36.029999,36.029999,100,35.082886
2013-06-05,36.009998,36.07,35.740002,35.740002,2100,34.800512
2013-06-04,37.130001,37.130001,36.049999,36.049999,1400,35.102361
2013-06-03,36.57,36.57,36.150002,36.459999,2000,35.501583
2013-05-31,36.740002,36.740002,36.310001,36.310001,1400,35.355528
2013-05-30,36.740002,36.740002,36.740002,36.740002,200,35.774225
2013-05-29,36.66,36.66,36.369999,36.369999,500,35.413949
2013-05-28,36.889999,36.900002,36.759998,36.759998,900,35.793696
2013-05-24,36.099998,36.099998,36.099998,36.099998,300,35.151046
2013-05-23,35.32,36.080002,35.32,36.080002,2000,35.131575
2013-05-22,36.52,37.009998,35.939999,36.07,1900,35.121836
2013-05-21,36.610001,36.619999,36.610001,36.619999,800,35.657377
2013-05-20,41.75,41.75,36.080002,36.080002,2000,35.131575
2013-05-17,39.240002,39.240002,36.299999,36.299999,400,35.345789
2013-05-16,36.00,36.00,36.00,36.00,200,35.053676
2013-05-15,35.869999,35.869999,35.599998,35.599998,500,34.664189
2013-05-14,35.00,35.709999,35.00,35.52,2900,34.586294
2013-05-13,35.549999,35.549999,35.360001,35.360001,600,34.4305
2013-05-10,35.779999,35.790001,35.41,35.650002,6000,34.712878
2013-05-09,35.50,35.599998,35.380001,35.599998,1300,34.664189
2013-05-08,35.470001,35.470001,35.470001,35.470001,200,34.537609
2013-05-07,34.77,34.77,34.77,34.77,000,33.856009
2013-05-06,34.869999,34.869999,34.77,34.77,300,33.856009
2013-05-03,35.169998,35.169998,35.169998,35.169998,300,34.245492
2013-05-02,34.240002,34.240002,34.240002,34.240002,400,33.339942
2013-05-01,34.189999,34.189999,34.189999,34.189999,000,33.291254
2013-04-30,34.189999,34.189999,34.189999,34.189999,000,33.291254
2013-04-29,34.189999,34.189999,34.189999,34.189999,300,33.291254
2013-04-26,34.169998,34.169998,34.169998,34.169998,400,33.271779
2013-04-25,34.57,34.57,34.57,34.57,000,33.661266
2013-04-24,34.50,34.57,34.50,34.57,200,33.661266
2013-04-23,33.150002,33.150002,33.150002,33.150002,000,32.278595
2013-04-22,32.75,33.150002,32.75,33.150002,200,32.278595
2013-04-19,33.200001,33.200001,33.200001,33.200001,000,32.32728
2013-04-18,33.200001,33.200001,33.200001,33.200001,000,32.32728
2013-04-17,33.200001,33.200001,33.200001,33.200001,000,32.32728
2013-04-16,33.189999,33.200001,33.189999,33.200001,500,32.32728
2013-04-15,33.18,33.18,32.50,32.50,1100,31.64568
2013-04-12,33.990002,34.029999,33.990002,34.029999,1000,33.13546
2013-04-11,34.560001,34.669998,34.560001,34.669998,1000,33.758636
2013-04-10,34.419998,34.419998,34.419998,34.419998,000,33.515207
2013-04-09,34.169998,34.419998,34.169998,34.419998,1100,33.515207
2013-04-08,34.169998,34.169998,34.169998,34.169998,200,33.271779
2013-04-05,34.00,34.00,33.98,33.98,300,33.086775
2013-04-04,33.77,33.919998,33.77,33.919998,800,33.028351
2013-04-03,33.799999,33.880001,33.669998,33.740002,1700,32.853086
2013-04-02,34.82,34.82,34.82,34.82,200,33.904694
2013-04-01,34.639999,36.599998,34.639999,34.900002,2400,33.982593
2013-03-28,32.889999,35.549999,32.889999,35.549999,600,34.615504
2013-03-27,35.34,35.369999,35.34,35.369999,1000,34.440236
2013-03-26,35.630001,35.82,35.630001,35.82,600,34.878407
2013-03-25,35.73,35.73,35.73,35.73,000,34.790773
2013-03-22,36.119999,36.130001,35.73,35.73,12300,34.790773
2013-03-21,36.049999,36.119999,36.00,36.00,16700,35.053676
2013-03-20,36.200001,36.200001,36.189999,36.189999,400,35.23868
2013-03-19,36.490002,36.490002,35.66,36.009998,13000,35.063411
2013-03-18,36.209999,36.209999,36.060001,36.099998,2300,35.151046
2013-03-15,36.330002,36.349998,36.099998,36.349998,1600,35.394474
2013-03-14,35.919998,36.049999,35.919998,36.049999,1000,35.051728
2013-03-13,35.810001,35.810001,35.810001,35.810001,700,34.818376
2013-03-12,35.77,35.830002,35.560001,35.630001,2100,34.64336
2013-03-11,35.830002,35.830002,35.389999,35.580002,151500,34.594745
2013-03-08,35.16,35.16,35.16,35.16,000,34.186374
2013-03-07,35.580002,35.580002,35.16,35.16,2100,34.186374
2013-03-06,35.029999,35.029999,35.029999,35.029999,200,34.059972
2013-03-05,34.220001,34.220001,34.220001,34.220001,000,33.272405
2013-03-04,34.220001,34.220001,34.220001,34.220001,000,33.272405
2013-03-01,34.220001,34.220001,34.220001,34.220001,200,33.272405
2013-02-28,34.139999,34.150002,34.139999,34.150002,3300,33.204343
2013-02-27,34.099998,34.099998,34.060001,34.060001,2700,33.116835
2013-02-26,34.119999,34.119999,34.119999,34.119999,000,33.175172
2013-02-25,34.740002,34.740002,34.119999,34.119999,200,33.175172
2013-02-22,34.220001,34.220001,34.209999,34.209999,1700,33.26268
2013-02-21,33.84,33.84,33.84,33.84,300,32.902926
2013-02-20,34.580002,34.580002,33.849998,33.849998,2400,32.912648
2013-02-19,35.509998,35.509998,35.27,35.27,500,34.293328
2013-02-15,35.23,35.23,35.23,35.23,200,34.254435
2013-02-14,34.950001,34.950001,34.950001,34.950001,000,33.98219
2013-02-13,34.950001,34.950001,34.950001,34.950001,700,33.98219
2013-02-12,34.91,34.91,34.91,34.91,400,33.943296
2013-02-11,34.549999,34.619999,34.549999,34.619999,200,33.661326
2013-02-08,34.57,34.57,34.57,34.57,000,33.612711
2013-02-07,34.57,34.57,34.57,34.57,000,33.612711
2013-02-06,34.57,34.57,34.57,34.57,000,33.612711
2013-02-05,34.57,34.57,34.57,34.57,1500,33.612711
2013-02-04,34.400002,34.400002,34.349998,34.349998,200,33.398802
2013-02-01,34.599998,34.830002,34.43,34.779999,900,33.816895
2013-01-31,34.349998,34.349998,34.349998,34.349998,000,33.398802
2013-01-30,34.349998,34.349998,34.349998,34.349998,200,33.398802
2013-01-29,34.619999,34.619999,34.619999,34.619999,000,33.661326
2013-01-28,34.75,34.75,34.59,34.619999,1000,33.661326
2013-01-25,34.740002,34.869999,34.57,34.869999,1900,33.904403
2013-01-24,34.790001,34.790001,34.790001,34.790001,400,33.82662
2013-01-23,34.810001,34.810001,34.630001,34.630001,400,33.671051
2013-01-22,34.700001,34.82,34.700001,34.82,300,33.855788
2013-01-18,33.549999,33.549999,33.549999,33.549999,000,32.620956
2013-01-17,33.549999,33.549999,33.549999,33.549999,000,32.620956
2013-01-16,33.939999,33.939999,33.549999,33.549999,400,32.620956
2013-01-15,33.84,33.889999,33.84,33.889999,1200,32.951541
2013-01-14,33.720001,33.759998,33.720001,33.740002,3800,32.805697
2013-01-11,33.560001,33.610001,33.540001,33.610001,800,32.679296
2013-01-10,33.490002,33.490002,33.490002,33.490002,000,32.56262
2013-01-09,33.490002,33.490002,33.490002,33.490002,000,32.56262
2013-01-08,33.490002,33.490002,33.490002,33.490002,000,32.56262
2013-01-07,33.790001,33.790001,33.490002,33.490002,700,32.56262
2013-01-04,33.490002,33.630001,33.490002,33.619999,1400,32.689017
2013-01-03,33.169998,33.169998,33.169998,33.169998,400,32.251478
2013-01-02,33.169998,33.169998,33.169998,33.169998,200,32.251478
2012-12-31,31.49,31.49,31.49,31.49,000,30.618001
2012-12-28,31.49,31.49,31.49,31.49,300,30.618001
2012-12-27,31.57,31.57,31.57,31.57,000,30.695785
2012-12-26,31.610001,31.610001,31.57,31.57,10600,30.695785
2012-12-24,31.290001,31.559999,31.290001,31.559999,400,30.686062
2012-12-21,31.41,31.41,31.41,31.41,300,30.540216
2012-12-20,31.040001,31.040001,31.040001,31.040001,000,29.941275
2012-12-19,31.040001,31.040001,31.040001,31.040001,000,29.941275
2012-12-18,31.040001,31.040001,31.040001,31.040001,000,29.941275
2012-12-17,31.040001,31.040001,31.040001,31.040001,400,29.941275
2012-12-14,30.459999,30.459999,30.459999,30.459999,000,29.381803
2012-12-13,30.459999,30.459999,30.459999,30.459999,000,29.381803
2012-12-12,30.459999,30.459999,30.459999,30.459999,000,29.381803
2012-12-11,30.459999,30.459999,30.459999,30.459999,000,29.381803
2012-12-10,30.459999,30.459999,30.459999,30.459999,000,29.381803
2012-12-07,30.459999,30.459999,30.459999,30.459999,000,29.381803
2012-12-06,30.48,30.48,30.459999,30.459999,200,29.381803
2012-12-05,30.43,30.43,30.43,30.43,000,29.352866
2012-12-04,30.43,30.43,30.43,30.43,100,29.352866
2012-12-03,30.40,30.40,30.40,30.40,100,29.323927
2012-11-30,30.559999,30.559999,30.559999,30.559999,000,29.478264
2012-11-29,30.559999,30.559999,30.559999,30.559999,300,29.478264
2012-11-28,30.049999,30.059999,30.049999,30.059999,400,28.995962
2012-11-27,30.40,30.40,30.40,30.40,400,29.323927
2012-11-26,27.48,27.48,27.48,27.48,300,26.507287
2012-11-23,28.309999,28.309999,28.309999,28.309999,000,27.307907
2012-11-21,28.309999,28.309999,28.309999,28.309999,000,27.307907
2012-11-20,28.309999,28.309999,28.309999,28.309999,000,27.307907
2012-11-19,28.309999,28.309999,28.309999,28.309999,000,27.307907
2012-11-16,28.07,28.309999,28.030001,28.309999,400,27.307907
2012-11-15,28.59,28.59,28.59,28.59,000,27.577997
2012-11-14,28.65,28.65,28.59,28.59,300,27.577997
2012-11-13,29.43,29.52,29.43,29.52,500,28.475078
2012-11-12,29.84,29.84,29.84,29.84,000,28.78375
2012-11-09,29.84,29.84,29.84,29.84,000,28.78375
2012-11-08,29.84,29.84,29.84,29.84,300,28.78375
2012-11-07,29.969999,29.969999,29.969999,29.969999,300,28.909148
2012-11-06,30.620001,30.620001,30.620001,30.620001,000,29.536141
2012-11-05,30.620001,30.620001,30.620001,30.620001,000,29.536141
2012-11-02,30.620001,30.620001,30.620001,30.620001,300,29.536141
2012-11-01,29.83,29.83,29.83,29.83,000,28.774104
2012-10-31,29.83,29.83,29.83,29.83,000,28.774104
2012-10-26,29.83,29.83,29.83,29.83,200,28.774104
2012-10-25,30.379999,30.379999,30.379999,30.379999,200,29.304635
2012-10-24,29.790001,30.09,29.68,30.059999,1600,28.995962
2012-10-23,29.790001,29.790001,29.790001,29.790001,400,28.735521
2012-10-22,30.799999,30.799999,30.799999,30.799999,000,29.709768
2012-10-19,30.799999,30.799999,30.799999,30.799999,000,29.709768
2012-10-18,30.799999,30.799999,30.799999,30.799999,000,29.709768
2012-10-17,30.799999,30.799999,30.799999,30.799999,100,29.709768
2012-10-16,30.370001,30.370001,30.370001,30.370001,100,29.294991
2012-10-15,29.65,29.65,29.65,29.65,000,28.600475
2012-10-12,29.73,29.809999,29.65,29.65,50200,28.600475
2012-10-11,29.82,29.82,29.82,29.82,000,28.764458
2012-10-10,28.41,30.00,28.41,29.82,25900,28.764458
2012-10-09,30.370001,30.370001,30.370001,30.370001,000,29.294991
2012-10-08,30.370001,30.370001,30.370001,30.370001,000,29.294991
2012-10-05,30.370001,30.370001,30.370001,30.370001,000,29.294991
2012-10-04,30.18,30.42,29.959999,30.370001,25200,29.294991
2012-10-03,30.030001,30.120001,30.030001,30.120001,400,29.05384
2012-10-02,30.58,30.58,30.58,30.58,400,29.497556
2012-10-01,30.700001,30.73,30.700001,30.73,900,29.642246
2012-09-28,30.549999,30.549999,30.549999,30.549999,000,29.468617
2012-09-27,30.389999,30.549999,30.16,30.549999,1700,29.468617
2012-09-26,30.370001,30.42,30.370001,30.42,2200,29.34322
2012-09-25,31.27,31.280001,30.49,30.559999,38400,29.478264
2012-09-24,30.99,30.99,30.99,30.99,000,29.893043
2012-09-21,31.059999,31.059999,30.99,30.99,300,29.893043
2012-09-20,30.629999,30.799999,30.629999,30.799999,800,29.709768
2012-09-19,31.059999,31.129999,31.040001,31.129999,25000,30.028087
2012-09-18,30.940001,31.10,30.940001,31.10,800,29.99915
2012-09-17,30.83,30.98,30.719999,30.90,53800,29.806229
2012-09-14,32.02,32.02,31.52,31.610001,4300,30.491098
2012-09-13,30.59,30.59,30.59,30.59,2600,29.507202
2012-09-12,30.48,30.48,30.450001,30.48,10300,29.401096
2012-09-11,30.34,30.34,30.34,30.34,000,29.266052
2012-09-10,30.309999,30.40,30.309999,30.34,4700,29.266052
2012-09-07,30.16,30.200001,30.10,30.120001,6000,29.05384
2012-09-06,29.10,29.85,29.030001,29.719999,45300,28.667997
2012-09-05,28.43,28.43,28.43,28.43,000,27.42366
2012-09-04,28.43,28.43,28.43,28.43,2100,27.42366
2012-08-31,28.280001,28.389999,28.280001,28.389999,400,27.385075
2012-08-30,28.73,28.73,28.73,28.73,000,27.713041
2012-08-29,28.92,28.92,28.73,28.73,3000,27.713041
2012-08-28,28.90,28.90,28.66,28.66,1300,27.645519
2012-08-27,28.719999,28.719999,28.719999,28.719999,000,27.703394
2012-08-24,28.709999,28.719999,28.709999,28.719999,500,27.703394
2012-08-23,29.07,29.07,28.860001,28.98,14800,27.954191
2012-08-22,29.16,29.23,28.889999,29.17,45000,28.137466
2012-08-21,28.92,28.92,28.92,28.92,000,27.896316
2012-08-20,28.92,28.92,28.92,28.92,000,27.896316
2012-08-17,28.77,28.92,28.77,28.92,600,27.896316
2012-08-16,28.18,28.18,28.18,28.18,000,27.18251
2012-08-15,28.18,28.18,28.18,28.18,000,27.18251
2012-08-14,28.18,28.18,28.18,28.18,000,27.18251
2012-08-13,28.18,28.18,28.18,28.18,000,27.18251
2012-08-10,28.18,28.18,28.18,28.18,500,27.18251
2012-08-09,28.450001,28.450001,28.450001,28.450001,000,27.442953
2012-08-08,28.450001,28.450001,28.450001,28.450001,000,27.442953
2012-08-07,28.450001,28.450001,28.450001,28.450001,000,27.442953
2012-08-06,28.34,28.450001,28.34,28.450001,600,27.442953
2012-08-03,27.15,27.15,27.15,27.15,000,26.188968
2012-08-02,27.24,27.24,27.15,27.15,22700,26.188968
2012-08-01,27.440001,27.440001,27.440001,27.440001,000,26.468704
2012-07-31,27.440001,27.440001,27.440001,27.440001,000,26.468704
2012-07-30,27.440001,27.440001,27.440001,27.440001,000,26.468704
2012-07-27,27.440001,27.440001,27.440001,27.440001,200,26.468704
2012-07-26,28.18,28.18,28.18,28.18,000,27.18251
2012-07-25,28.18,28.18,28.18,28.18,000,27.18251
2012-07-24,28.18,28.18,28.18,28.18,000,27.18251
2012-07-23,28.18,28.18,28.18,28.18,000,27.18251
2012-07-20,28.18,28.18,28.18,28.18,000,27.18251
2012-07-19,28.18,28.18,28.18,28.18,000,27.18251
2012-07-18,28.18,28.18,28.18,28.18,000,27.18251
2012-07-17,28.18,28.18,28.18,28.18,000,27.18251
2012-07-16,28.18,28.18,28.18,28.18,000,27.18251
2012-07-13,28.18,28.18,28.18,28.18,000,27.18251
2012-07-12,28.18,28.18,28.18,28.18,000,27.18251
2012-07-11,28.18,28.18,28.18,28.18,000,27.18251
2012-07-10,28.18,28.18,28.18,28.18,000,27.18251
2012-07-09,28.18,28.18,28.18,28.18,000,27.18251
2012-07-06,28.18,28.18,28.18,28.18,000,27.18251
2012-07-05,28.18,28.18,28.18,28.18,000,27.18251
2012-07-03,28.18,28.18,28.18,28.18,200,27.18251
2012-07-02,27.50,27.50,27.50,27.50,200,26.526579
2012-06-29,26.43,26.43,26.43,26.43,000,25.494455
2012-06-28,26.360001,26.43,26.360001,26.43,200,25.494455
2012-06-27,26.360001,26.360001,26.360001,26.360001,300,25.426933
2012-06-26,26.07,26.07,26.07,26.07,000,25.147197
2012-06-25,26.07,26.07,26.07,26.07,000,25.147197
2012-06-22,25.98,26.07,25.98,26.07,800,25.147197
2012-06-21,26.360001,26.360001,26.360001,26.360001,200,25.426933
2012-06-20,26.66,26.66,26.66,26.66,000,25.716313
2012-06-19,26.530001,26.66,26.530001,26.66,300,25.716313
2012-06-18,25.860001,25.860001,25.860001,25.860001,000,24.944631
2012-06-15,25.860001,25.860001,25.860001,25.860001,200,24.944631
2012-06-14,25.98,25.98,25.98,25.98,000,25.060383
2012-06-13,25.98,25.98,25.98,25.98,000,25.060383
2012-06-12,25.959999,25.98,25.879999,25.98,400,25.060383
2012-06-11,27.059999,27.059999,26.200001,26.200001,1600,25.272596
2012-06-08,26.01,26.51,26.01,26.48,1300,25.542684
2012-06-07,25.530001,25.530001,25.530001,25.530001,000,24.626312
2012-06-06,25.530001,25.530001,25.530001,25.530001,000,24.626312
2012-06-05,25.469999,25.530001,25.459999,25.530001,1200,24.626312
2012-06-04,24.940001,24.969999,24.940001,24.969999,1600,24.086133
2012-06-01,25.459999,25.459999,25.459999,25.459999,300,24.558789
2012-05-31,25.92,25.92,25.889999,25.90,2200,24.983214
2012-05-30,26.360001,26.360001,26.360001,26.360001,000,25.426933
2012-05-29,26.360001,26.360001,26.360001,26.360001,000,25.426933
2012-05-25,26.360001,26.360001,26.360001,26.360001,200,25.426933
2012-05-24,26.01,26.370001,26.01,26.370001,300,25.436579
2012-05-23,25.50,25.82,25.50,25.629999,50900,24.722771
2012-05-22,26.02,26.02,25.91,25.950001,800,25.031446
2012-05-21,26.33,26.360001,26.33,26.360001,500,25.426933
2012-05-18,27.35,27.35,27.35,27.35,000,26.381889
2012-05-17,27.35,27.35,27.35,27.35,000,26.381889
2012-05-16,27.35,27.35,27.35,27.35,900,26.381889
2012-05-15,27.379999,27.43,27.379999,27.43,2000,26.459058
2012-05-14,27.25,27.25,27.25,27.25,2900,26.285429
2012-05-11,27.99,27.99,27.99,27.99,200,26.999235
2012-05-10,27.84,27.84,27.84,27.84,9200,26.854545
2012-05-09,27.940001,27.940001,27.940001,27.940001,000,26.951005
2012-05-08,27.940001,27.940001,27.940001,27.940001,000,26.951005
2012-05-07,27.92,27.940001,27.809999,27.940001,7600,26.951005
2012-05-04,28.799999,28.799999,28.799999,28.799999,000,27.780562
2012-05-03,28.799999,28.799999,28.799999,28.799999,000,27.780562
2012-05-02,28.799999,28.799999,28.799999,28.799999,100,27.780562
2012-05-01,28.99,28.99,28.99,28.99,200,27.963837
2012-04-30,28.68,28.85,28.68,28.719999,13000,27.703394
2012-04-27,28.77,28.77,28.77,28.77,200,27.751626
2012-04-26,28.950001,28.950001,28.450001,28.450001,300,27.442953
2012-04-25,28.610001,28.610001,28.610001,28.610001,200,27.597289
2012-04-24,28.049999,28.049999,28.049999,28.049999,200,27.05711
2012-04-23,28.16,28.16,28.16,28.16,900,27.163217
2012-04-20,28.75,28.75,28.75,28.75,000,27.732333
2012-04-19,28.75,28.75,28.75,28.75,000,27.732333
2012-04-18,28.75,28.75,28.75,28.75,200,27.732333
2012-04-17,28.049999,28.049999,28.049999,28.049999,000,27.05711
2012-04-16,28.200001,28.200001,28.049999,28.049999,900,27.05711
2012-04-13,28.200001,28.23,28.200001,28.23,300,27.230739
2012-04-12,28.139999,28.139999,28.139999,28.139999,000,27.143925
2012-04-11,28.139999,28.139999,28.139999,28.139999,000,27.143925
2012-04-10,28.139999,28.139999,28.139999,28.139999,000,27.143925
2012-04-09,28.17,28.17,28.139999,28.139999,600,27.143925
2012-04-05,28.459999,28.780001,28.35,28.43,17500,27.42366
2012-04-04,28.67,28.67,28.67,28.67,200,27.655165
2012-04-03,29.110001,29.110001,29.110001,29.110001,000,28.079591
2012-04-02,29.110001,29.110001,29.110001,29.110001,000,28.079591
2012-03-30,29.110001,29.110001,29.110001,29.110001,000,28.079591
2012-03-29,29.110001,29.110001,29.110001,29.110001,000,28.079591
2012-03-28,29.120001,29.120001,29.07,29.110001,800,28.079591
2012-03-27,29.559999,29.559999,29.559999,29.559999,000,28.513661
2012-03-26,29.559999,29.559999,29.559999,29.559999,100,28.513661
2012-03-23,29.00,29.09,29.00,29.059999,1400,28.031359
2012-03-22,29.27,29.27,29.27,29.27,000,28.233927
2012-03-21,29.209999,29.40,29.120001,29.27,11600,28.233927
2012-03-20,29.200001,29.26,29.030001,29.25,1200,28.214634
2012-03-19,29.35,29.98,29.290001,29.67,24500,28.619768
2012-03-16,29.280001,29.280001,29.280001,29.280001,200,28.243573
2012-03-15,28.84,28.84,28.84,28.84,000,27.778634
2012-03-14,28.790001,28.84,28.790001,28.84,400,27.778634
2012-03-13,28.459999,28.459999,28.459999,28.459999,000,27.412618
2012-03-12,28.459999,28.459999,28.459999,28.459999,100,27.412618
2012-03-09,28.15,28.68,28.15,28.68,27700,27.624523
2012-03-08,27.709999,28.139999,27.639999,28.08,7900,27.046603
2012-03-07,27.24,27.24,27.24,27.24,000,26.237517
2012-03-06,27.34,27.440001,27.23,27.24,1200,26.237517
2012-03-05,28.299999,28.299999,27.60,27.860001,37100,26.8347
2012-03-02,28.120001,28.120001,28.110001,28.110001,8500,27.0755
2012-03-01,28.50,28.50,28.50,28.50,000,27.451147
2012-02-29,28.73,28.92,28.50,28.50,20100,27.451147
2012-02-28,29.440001,29.59,29.209999,29.209999,900,28.135016
2012-02-27,29.50,29.50,29.50,29.50,000,28.414345
2012-02-24,29.629999,29.629999,29.50,29.50,1000,28.414345
2012-02-23,29.65,29.790001,29.01,29.76,7800,28.664776
2012-02-22,29.67,29.67,29.51,29.51,500,28.423977
2012-02-21,29.940001,30.08,29.50,29.690001,11600,28.597353
2012-02-17,29.809999,29.809999,29.809999,29.809999,1600,28.712936
2012-02-16,29.700001,29.83,29.700001,29.77,1000,28.674409
2012-02-15,29.26,29.26,29.26,29.26,000,28.183177
2012-02-14,29.90,29.90,29.26,29.26,8800,28.183177
2012-02-13,29.610001,29.67,29.610001,29.629999,2600,28.53956
2012-02-10,29.290001,29.290001,29.24,29.24,500,28.163913
2012-02-09,30.049999,30.049999,30.049999,30.049999,400,28.944103
2012-02-08,30.34,30.34,30.00,30.00,1000,28.895944
2012-02-07,30.00,30.129999,30.00,30.129999,2400,29.021159
2012-02-06,30.209999,30.219999,30.15,30.15,1600,29.040423
2012-02-03,30.35,30.41,30.35,30.41,300,29.290855
2012-02-02,30.030001,30.030001,29.75,29.75,300,28.655144
2012-02-01,29.34,29.34,29.34,29.34,500,28.260233
2012-01-31,29.10,29.129999,28.83,28.83,10100,27.769002
2012-01-30,29.049999,29.049999,28.51,28.73,6000,27.672682
2012-01-27,28.690001,28.93,28.690001,28.93,1800,27.865322
2012-01-26,29.10,29.219999,28.82,28.879999,35400,27.817161
2012-01-25,28.809999,29.049999,28.809999,29.049999,500,27.980905
2012-01-24,28.549999,28.59,28.549999,28.59,900,27.537835
2012-01-23,28.450001,28.450001,28.450001,28.450001,000,27.402987
2012-01-20,28.450001,28.450001,28.450001,28.450001,300,27.402987
2012-01-19,27.309999,27.309999,27.309999,27.309999,000,26.30494
2012-01-18,27.309999,27.309999,27.309999,27.309999,000,26.30494
2012-01-17,27.309999,27.309999,27.309999,27.309999,000,26.30494
2012-01-13,27.309999,27.309999,27.309999,27.309999,000,26.30494
2012-01-12,27.309999,27.309999,27.309999,27.309999,000,26.30494
2012-01-11,27.309999,27.309999,27.309999,27.309999,000,26.30494
2012-01-10,27.309999,27.309999,27.309999,27.309999,600,26.30494
2012-01-09,26.639999,26.639999,26.639999,26.639999,400,25.659597
2012-01-06,26.219999,26.219999,26.219999,26.219999,000,25.255054
2012-01-05,26.700001,26.700001,26.219999,26.219999,200,25.255054
2012-01-04,26.50,26.50,26.50,26.50,500,25.52475
2012-01-03,26.48,26.610001,26.48,26.610001,600,25.630703
2011-12-30,25.84,25.84,25.84,25.84,200,24.88904
2011-12-29,25.889999,25.889999,25.889999,25.889999,200,24.937199
2011-12-28,25.99,25.99,25.99,25.99,100,25.033519
2011-12-27,26.34,26.360001,26.34,26.360001,200,25.389903
2011-12-23,25.66,25.66,25.66,25.66,000,24.715664
2011-12-22,25.66,25.66,25.66,25.66,000,24.715664
2011-12-21,25.66,25.66,25.66,25.66,000,24.715664
2011-12-20,25.059999,25.799999,25.059999,25.66,1400,24.715664
2011-12-19,24.85,24.870001,24.559999,24.559999,500,23.656145
2011-12-16,24.790001,24.90,24.790001,24.90,500,23.983633
2011-12-15,24.700001,24.700001,24.700001,24.700001,000,23.700453
2011-12-14,24.549999,24.700001,24.549999,24.700001,900,23.700453
2011-12-13,25.74,25.74,25.74,25.74,000,24.698366
2011-12-12,25.74,25.74,25.74,25.74,000,24.698366
2011-12-09,25.74,25.74,25.74,25.74,200,24.698366
2011-12-08,25.469999,25.52,25.469999,25.52,500,24.48727
2011-12-07,26.139999,26.139999,26.139999,26.139999,000,25.082179
2011-12-06,26.030001,26.139999,26.030001,26.139999,200,25.082179
2011-12-05,26.280001,26.459999,26.09,26.15,500,25.091774
2011-12-02,25.959999,25.959999,25.84,25.84,200,24.79432
2011-12-01,25.790001,25.99,25.790001,25.790001,600,24.746344
2011-11-30,25.610001,25.610001,25.610001,25.610001,200,24.573628
2011-11-29,24.02,24.02,23.870001,24.00,1900,23.02878
2011-11-28,23.719999,24.10,23.719999,24.10,900,23.124734
2011-11-25,23.200001,23.200001,22.969999,23.030001,1600,22.098034
2011-11-23,23.92,23.92,23.92,23.92,300,22.952017
2011-11-22,24.67,24.67,24.67,24.67,000,23.671667
2011-11-21,24.83,24.83,24.34,24.67,3400,23.671667
2011-11-18,25.18,25.18,25.18,25.18,100,24.161029
2011-11-17,25.639999,25.639999,25.09,25.09,400,24.074671
2011-11-16,26.309999,26.360001,25.620001,25.620001,500,24.583223
2011-11-15,25.75,26.26,25.700001,26.26,1600,25.197324
2011-11-14,25.950001,25.950001,25.950001,25.950001,500,24.899869
2011-11-11,26.540001,26.540001,26.540001,26.540001,100,25.465993
2011-11-10,25.51,25.51,25.51,25.51,500,24.477674
2011-11-09,25.98,26.00,25.57,25.57,800,24.535246
2011-11-08,26.75,26.75,26.75,26.75,100,25.667494
2011-11-07,26.559999,26.620001,26.110001,26.60,9100,25.523565
2011-11-04,26.42,26.59,26.33,26.59,2500,25.513969
2011-11-03,25.99,26.809999,25.60,26.809999,2400,25.725066
2011-11-02,25.50,25.52,25.280001,25.280001,4700,24.256982
2011-11-01,25.25,25.25,24.959999,25.110001,6600,24.093862
2011-10-31,26.620001,26.620001,26.26,26.26,3200,25.197324
2011-10-28,27.08,27.280001,27.08,27.17,800,26.070498
2011-10-27,26.209999,27.18,26.040001,27.18,1900,26.080094
2011-10-26,25.27,25.27,24.309999,24.73,27800,23.729238
2011-10-25,25.58,25.58,25.15,25.25,1200,24.228196
2011-10-24,25.219999,25.26,25.219999,25.26,700,24.237791
2011-10-21,24.450001,24.49,24.450001,24.49,600,23.498951
2011-10-20,23.870001,23.870001,23.870001,23.870001,000,22.904042
2011-10-19,24.01,24.01,23.870001,23.870001,1000,22.904042
2011-10-18,23.700001,24.33,23.700001,24.33,2000,23.345426
2011-10-17,24.370001,24.370001,24.10,24.17,3100,23.191901
2011-10-14,24.82,24.93,24.450001,24.93,20100,23.921146
2011-10-13,24.51,24.60,24.110001,24.41,6100,23.422188
2011-10-12,24.200001,24.200001,24.200001,24.200001,000,23.220687
2011-10-11,24.200001,24.200001,24.200001,24.200001,300,23.220687
2011-10-10,23.610001,23.950001,23.60,23.950001,1400,22.980804
2011-10-07,23.549999,23.610001,23.40,23.40,1000,22.45306
2011-10-06,22.99,22.99,22.99,22.99,000,22.059652
2011-10-05,22.99,22.99,22.99,22.99,000,22.059652
2011-10-04,22.99,22.99,22.99,22.99,500,22.059652
2011-10-03,22.23,22.23,21.50,21.52,700,20.64914
2011-09-30,23.280001,23.280001,23.280001,23.280001,000,22.337917
2011-09-29,22.98,23.280001,22.85,23.280001,59600,22.337917
2011-09-28,23.860001,23.98,22.950001,22.950001,2700,22.021272
2011-09-27,23.200001,23.200001,23.200001,23.200001,000,22.261155
2011-09-26,22.58,23.200001,22.549999,23.200001,1500,22.261155
2011-09-23,22.42,22.42,22.42,22.42,400,21.512719
2011-09-22,22.74,22.74,22.01,22.309999,22900,21.40717
2011-09-21,24.049999,24.110001,23.290001,23.360001,2200,22.41468
2011-09-20,24.99,25.040001,24.32,24.32,400,23.33583
2011-09-19,24.85,24.85,24.85,24.85,200,23.844383
2011-09-16,25.309999,25.379999,25.309999,25.35,600,24.324149
2011-09-15,25.190001,25.190001,25.190001,25.190001,200,24.125527
2011-09-14,24.459999,24.48,24.440001,24.48,700,23.445529
2011-09-13,24.540001,24.540001,24.469999,24.469999,300,23.435951
2011-09-12,24.00,24.00,24.00,24.00,000,22.985813
2011-09-09,24.299999,24.299999,24.00,24.00,1700,22.985813
2011-09-08,25.59,25.59,25.00,25.00,1000,23.943555
2011-09-07,24.57,25.379999,24.57,25.35,1200,24.278765
2011-09-06,23.76,23.76,23.74,23.76,700,22.755955
2011-09-02,24.84,24.84,24.84,24.84,1500,23.790317
2011-09-01,26.27,26.27,25.700001,25.700001,2900,24.613976
2011-08-31,26.58,26.65,26.18,26.18,7200,25.073691
2011-08-30,26.33,26.33,26.26,26.26,700,25.150311
2011-08-29,25.35,26.07,25.309999,26.07,1000,24.968339
2011-08-26,24.35,24.879999,23.75,24.83,10600,23.780739
2011-08-25,24.26,24.540001,24.26,24.360001,5900,23.330601
2011-08-24,24.09,24.799999,24.09,24.799999,700,23.752006
2011-08-23,23.41,23.41,23.41,23.41,000,22.420745
2011-08-22,23.68,23.68,23.41,23.41,600,22.420745
2011-08-19,23.360001,24.02,23.290001,23.57,21500,22.573984
2011-08-18,25.440001,25.440001,24.040001,24.290001,83300,23.263559
2011-08-17,25.93,25.93,25.33,25.450001,67500,24.37454
2011-08-16,25.58,25.58,25.40,25.40,900,24.326652
2011-08-15,25.059999,25.059999,25.059999,25.059999,000,24.001019
2011-08-12,25.059999,25.059999,25.059999,25.059999,000,24.001019
2011-08-11,23.799999,25.43,23.799999,25.059999,3800,24.001019
2011-08-10,24.549999,24.60,24.15,24.57,3700,23.531726
2011-08-09,23.90,24.860001,23.610001,24.860001,1700,23.809472
2011-08-08,25.190001,25.34,23.879999,23.879999,8800,22.870883
2011-08-05,25.709999,26.24,25.23,26.190001,3800,25.083269
2011-08-04,27.01,27.01,26.139999,26.17,1800,25.064114
2011-08-03,27.059999,27.50,27.00,27.50,2000,26.337911
2011-08-02,29.15,29.15,28.00,28.00,3700,26.816782
2011-08-01,29.23,29.23,28.860001,28.860001,1400,27.640441
2011-07-29,28.389999,28.65,28.389999,28.59,900,27.38185
2011-07-28,29.040001,29.040001,29.040001,29.040001,000,27.812835
2011-07-27,28.98,29.040001,28.98,29.040001,400,27.812835
2011-07-26,29.68,29.77,29.68,29.77,400,28.511986
2011-07-25,30.08,30.08,29.969999,29.969999,500,28.703534
2011-07-22,30.34,30.34,30.34,30.34,100,29.057899
2011-07-21,30.02,30.02,30.02,30.02,000,28.751422
2011-07-20,30.02,30.02,30.02,30.02,100,28.751422
2011-07-19,29.530001,29.530001,29.530001,29.530001,000,28.282128
2011-07-18,29.530001,29.530001,29.530001,29.530001,400,28.282128
2011-07-15,30.190001,30.190001,30.190001,30.190001,200,28.914238
2011-07-14,30.25,30.25,30.25,30.25,000,28.971702
2011-07-13,30.25,30.25,30.25,30.25,2500,28.971702
2011-07-12,30.129999,30.129999,30.129999,30.129999,000,28.856772
2011-07-11,30.200001,30.200001,30.129999,30.129999,200,28.856772
2011-07-08,30.49,30.49,30.49,30.49,200,29.20156
2011-07-07,31.059999,31.059999,31.030001,31.049999,2100,29.737895
2011-07-06,30.32,30.50,30.299999,30.50,700,29.211138
2011-07-05,30.639999,30.639999,30.639999,30.639999,500,29.345221
2011-07-01,30.23,30.43,30.23,30.42,3800,29.134518
2011-06-30,29.60,29.60,29.60,29.60,000,28.34917
2011-06-29,29.610001,29.610001,29.60,29.60,600,28.34917
2011-06-28,29.110001,29.110001,29.110001,29.110001,400,27.879876
2011-06-27,28.700001,28.700001,28.700001,28.700001,000,27.487202
2011-06-24,28.700001,28.700001,28.700001,28.700001,100,27.487202
2011-06-23,28.120001,28.120001,28.120001,28.120001,100,26.931712
2011-06-22,28.719999,28.719999,28.719999,28.719999,000,27.506356
2011-06-21,28.709999,28.719999,28.690001,28.719999,900,27.506356
2011-06-20,27.959999,27.959999,27.959999,27.959999,300,26.778471
2011-06-17,28.049999,28.049999,27.870001,27.870001,400,26.692276
2011-06-16,27.790001,27.790001,27.790001,27.790001,000,26.575431
2011-06-15,27.99,28.110001,27.790001,27.790001,2000,26.575431
2011-06-14,27.99,27.99,27.99,27.99,200,26.766689
2011-06-13,27.60,27.60,27.60,27.60,500,26.393735
2011-06-10,28.120001,28.120001,27.940001,27.940001,1100,26.718875
2011-06-09,28.370001,28.370001,28.370001,28.370001,500,27.130082
2011-06-08,27.959999,27.959999,27.959999,27.959999,400,26.737999
2011-06-07,28.15,28.15,28.15,28.15,000,26.919696
2011-06-06,28.15,28.15,28.15,28.15,400,26.919696
2011-06-03,28.870001,28.870001,28.440001,28.52,600,27.273526
2011-06-02,29.15,29.15,29.129999,29.129999,300,27.856864
2011-06-01,29.41,29.41,29.18,29.18,1400,27.90468
2011-05-31,29.879999,29.940001,29.67,29.940001,1900,28.631464
2011-05-27,29.27,29.27,29.26,29.26,600,27.981184
2011-05-26,28.85,28.85,28.85,28.85,000,27.589103
2011-05-25,28.43,28.85,28.43,28.85,400,27.589103
2011-05-24,28.370001,28.43,28.370001,28.43,2300,27.187459
2011-05-23,28.57,28.65,28.57,28.65,1100,27.397843
2011-05-20,29.50,29.50,29.50,29.50,000,28.210694
2011-05-19,29.50,29.50,29.50,29.50,100,28.210694
2011-05-18,29.09,29.09,29.09,29.09,000,27.818613
2011-05-17,28.92,29.09,28.92,29.09,900,27.818613
2011-05-16,29.07,29.26,29.07,29.26,1300,27.981184
2011-05-13,30.07,30.07,30.07,30.07,000,28.755782
2011-05-12,30.07,30.07,30.07,30.07,000,28.755782
2011-05-11,30.07,30.07,30.07,30.07,000,28.755782
2011-05-10,30.030001,30.129999,30.00,30.07,1800,28.755782
2011-05-09,29.43,29.709999,29.43,29.709999,1700,28.411515
2011-05-06,29.73,29.73,29.709999,29.709999,700,28.411515
2011-05-05,29.09,29.139999,29.09,29.139999,500,27.866427
2011-05-04,29.389999,29.530001,29.370001,29.379999,2400,28.095938
2011-05-03,30.00,30.00,29.709999,29.92,500,28.612338
2011-05-02,30.66,30.66,30.27,30.27,3700,28.947041
2011-04-29,30.459999,30.459999,30.459999,30.459999,000,29.128736
2011-04-28,30.440001,30.459999,30.440001,30.459999,4800,29.128736
2011-04-27,30.23,30.42,29.90,30.42,2800,29.090485
2011-04-26,29.57,29.57,29.57,29.57,000,28.277634
2011-04-25,29.57,29.57,29.57,29.57,000,28.277634
2011-04-21,29.57,29.57,29.57,29.57,000,28.277634
2011-04-20,29.76,29.76,29.57,29.57,500,28.277634
2011-04-19,28.799999,29.049999,28.799999,29.01,1100,27.74211
2011-04-18,28.719999,28.950001,28.719999,28.950001,2000,27.684733
2011-04-15,29.17,29.360001,29.17,29.360001,1200,28.076813
2011-04-14,28.84,28.860001,28.84,28.860001,400,27.598666
2011-04-13,29.08,29.08,29.08,29.08,1000,27.80905
2011-04-12,29.540001,29.540001,29.219999,29.26,2600,27.981184
2011-04-11,30.18,30.18,29.66,29.66,1200,28.363701
2011-04-08,30.68,30.709999,30.209999,30.25,4000,28.927915
2011-04-07,31.120001,31.120001,30.90,30.90,1300,29.549506
2011-04-06,31.16,31.16,31.10,31.10,1000,29.740766
2011-04-05,31.23,31.23,31.02,31.02,600,29.664263
2011-04-04,30.76,30.77,30.73,30.77,1000,29.425189
2011-04-01,30.52,30.84,30.43,30.84,2300,29.492129
2011-03-31,30.35,30.35,30.34,30.34,500,29.013982
2011-03-30,30.09,30.09,30.00,30.00,1500,28.688841
2011-03-29,29.620001,29.85,29.620001,29.85,200,28.545398
2011-03-28,29.639999,29.639999,29.43,29.43,300,28.143754
2011-03-25,29.610001,29.84,29.58,29.709999,2900,28.411515
2011-03-24,29.799999,29.799999,28.959999,29.299999,3500,28.019434
2011-03-23,28.77,29.120001,28.65,29.120001,2700,27.847303
2011-03-22,28.860001,28.860001,28.82,28.82,700,27.560413
2011-03-21,28.40,28.40,28.40,28.40,000,27.15877
2011-03-18,28.450001,28.450001,28.389999,28.40,2300,27.15877
2011-03-17,28.25,28.25,28.25,28.25,500,26.887183
2011-03-16,28.10,28.10,28.10,28.10,000,26.744419
2011-03-15,27.299999,28.10,27.299999,28.10,1600,26.744419
2011-03-14,28.18,28.18,28.18,28.18,000,26.82056
2011-03-11,28.18,28.18,28.18,28.18,000,26.82056
2011-03-10,28.469999,28.469999,28.18,28.18,200,26.82056
2011-03-09,28.879999,28.879999,28.879999,28.879999,200,27.48679
2011-03-08,29.139999,29.139999,29.139999,29.139999,400,27.734247
2011-03-07,28.73,28.73,28.469999,28.469999,500,27.096569
2011-03-04,29.129999,29.129999,29.129999,29.129999,000,27.72473
2011-03-03,29.09,29.16,29.09,29.129999,1400,27.72473
2011-03-02,28.27,28.450001,28.27,28.389999,8700,27.020428
2011-03-01,28.709999,28.709999,28.379999,28.379999,900,27.010911
2011-02-28,28.93,29.18,28.73,28.950001,2700,27.553415
2011-02-25,28.219999,28.219999,28.219999,28.219999,000,26.858629
2011-02-24,27.98,28.24,27.98,28.219999,2900,26.858629
2011-02-23,28.49,28.49,28.49,28.49,000,27.115605
2011-02-22,29.10,29.10,28.49,28.49,2000,27.115605
2011-02-18,29.84,29.84,29.52,29.52,1500,28.095917
2011-02-17,29.709999,29.73,29.709999,29.73,700,28.295785
2011-02-16,29.25,29.25,29.25,29.25,2900,27.838941
2011-02-15,29.01,29.01,29.01,29.01,100,27.61052
2011-02-14,29.129999,29.389999,29.129999,29.219999,8600,27.810388
2011-02-11,29.02,29.120001,29.02,29.120001,1200,27.715214
2011-02-10,28.82,28.82,28.82,28.82,700,27.429685
2011-02-09,28.68,28.780001,28.68,28.780001,400,27.391616
2011-02-08,28.90,29.08,28.870001,29.08,1900,27.677142
2011-02-07,28.92,28.99,28.92,28.99,1300,27.591484
2011-02-04,28.41,28.41,28.41,28.41,300,27.039464
2011-02-03,28.57,28.57,28.57,28.57,100,27.191745
2011-02-02,28.91,28.91,28.77,28.77,111000,27.382098
2011-02-01,28.700001,28.940001,28.700001,28.940001,500,27.543897
2011-01-31,28.360001,28.43,28.360001,28.43,1200,27.0585
2011-01-28,29.10,29.10,28.15,28.15,800,26.792007
2011-01-27,29.01,29.10,29.01,29.10,400,27.696178
2011-01-26,28.85,29.059999,28.85,29.059999,1700,27.658107
2011-01-25,28.059999,28.10,28.059999,28.10,500,26.744419
2011-01-24,28.139999,28.18,28.139999,28.15,2100,26.792007
2011-01-21,28.049999,28.049999,27.75,27.75,500,26.411303
2011-01-20,28.01,28.059999,27.84,27.98,2100,26.630208
2011-01-19,28.969999,28.969999,28.23,28.290001,1300,26.925254
2011-01-18,29.08,29.08,28.879999,28.959999,4100,27.562931
2011-01-14,28.82,29.01,28.82,29.01,8900,27.61052
2011-01-13,28.84,28.870001,28.719999,28.719999,1300,27.334509
2011-01-12,28.799999,28.799999,28.799999,28.799999,300,27.410649
2011-01-11,28.35,28.360001,28.34,28.34,1200,26.972841
2011-01-10,28.360001,28.610001,28.18,28.49,4200,27.115605
2011-01-07,28.290001,28.290001,28.290001,28.290001,200,26.925254
2011-01-06,28.799999,28.84,28.66,28.68,2900,27.296439
2011-01-05,29.040001,29.040001,29.040001,29.040001,200,27.639073
2011-01-04,29.469999,29.469999,28.68,28.68,1100,27.296439
2011-01-03,29.51,29.51,29.450001,29.450001,2100,28.029294
2010-12-31,28.809999,28.809999,28.76,28.76,16500,27.37258
2010-12-30,28.780001,28.780001,28.780001,28.780001,000,27.391616
2010-12-29,28.780001,28.780001,28.780001,28.780001,000,27.391616
2010-12-28,28.92,28.92,28.74,28.780001,1000,27.391616
2010-12-27,28.77,28.99,28.77,28.889999,2100,27.496308
2010-12-23,28.85,28.98,28.85,28.98,1400,27.581966
2010-12-22,29.08,29.120001,29.02,29.07,3100,27.667625
2010-12-21,29.16,29.16,29.139999,29.139999,800,27.734247
2010-12-20,28.969999,28.969999,28.610001,28.889999,1700,27.496308
2010-12-17,28.610001,28.610001,28.610001,28.610001,600,27.229816
2010-12-16,27.950001,28.41,27.950001,28.379999,700,26.974745
2010-12-15,28.42,28.42,28.42,28.42,000,27.012765
2010-12-14,28.530001,28.530001,28.42,28.42,700,27.012765
2010-12-13,28.51,28.51,28.51,28.51,200,27.098309
2010-12-10,28.389999,28.40,28.32,28.32,8500,26.917716
2010-12-09,28.10,28.10,28.10,28.10,700,26.70861
2010-12-08,28.18,28.18,28.18,28.18,000,26.784649
2010-12-07,28.32,28.43,28.16,28.18,2900,26.784649
2010-12-06,27.73,27.879999,27.73,27.879999,200,26.499502
2010-12-03,27.92,27.92,27.92,27.92,000,26.537523
2010-12-02,27.860001,27.93,27.860001,27.92,14100,26.537523
2010-12-01,27.469999,27.469999,27.469999,27.469999,300,26.109804
2010-11-30,27.02,27.02,26.90,26.90,1500,25.568028
2010-11-29,26.709999,27.00,26.709999,27.00,2100,25.663077
2010-11-26,27.33,27.33,27.33,27.33,000,25.976737
2010-11-24,27.35,27.35,27.33,27.33,1000,25.976737
2010-11-23,26.559999,26.59,26.559999,26.57,104800,25.254369
2010-11-22,26.959999,26.98,26.959999,26.969999,4100,25.634562
2010-11-19,26.799999,26.799999,26.799999,26.799999,000,25.472979
2010-11-18,26.799999,26.799999,26.799999,26.799999,200,25.472979
2010-11-17,26.23,26.23,26.23,26.23,100,24.931204
2010-11-16,26.17,26.219999,26.02,26.219999,1200,24.921699
2010-11-15,27.120001,27.25,27.120001,27.139999,1600,25.796144
2010-11-12,27.790001,27.790001,27.790001,27.790001,000,26.413961
2010-11-11,27.790001,27.790001,27.790001,27.790001,000,26.413961
2010-11-10,27.790001,27.790001,27.790001,27.790001,000,26.413961
2010-11-09,27.790001,27.790001,27.790001,27.790001,000,26.413961
2010-11-08,27.790001,27.790001,27.790001,27.790001,000,26.413961
2010-11-05,27.99,27.99,27.790001,27.790001,1000,26.413961
2010-11-04,27.450001,27.450001,27.450001,27.450001,100,26.090796
2010-11-03,26.42,26.559999,26.42,26.559999,2000,25.244863
2010-11-02,26.219999,26.219999,26.219999,26.219999,000,24.921699
2010-11-01,26.219999,26.219999,26.219999,26.219999,000,24.921699
2010-10-29,26.219999,26.219999,26.219999,26.219999,000,24.921699
2010-10-28,26.219999,26.219999,26.219999,26.219999,000,24.921699
2010-10-27,26.219999,26.219999,26.219999,26.219999,000,24.921699
2010-10-26,25.870001,26.219999,25.870001,26.219999,300,24.921699
2010-10-25,25.860001,25.860001,25.860001,25.860001,000,24.579525
2010-10-22,25.860001,25.860001,25.860001,25.860001,000,24.579525
2010-10-21,25.860001,25.860001,25.860001,25.860001,1500,24.579525
2010-10-20,26.190001,26.190001,26.190001,26.190001,000,24.893185
2010-10-19,26.190001,26.190001,26.190001,26.190001,000,24.893185
2010-10-18,26.190001,26.190001,26.190001,26.190001,000,24.893185
2010-10-15,26.190001,26.190001,26.190001,26.190001,200,24.893185
2010-10-14,26.35,26.35,26.35,26.35,000,25.045263
2010-10-13,26.360001,26.360001,26.35,26.35,500,25.045263
2010-10-12,25.709999,25.709999,25.709999,25.709999,200,24.436951
2010-10-11,25.66,25.68,25.50,25.68,400,24.408438
2010-10-08,25.26,25.26,25.26,25.26,000,24.009235
2010-10-07,25.26,25.26,25.26,25.26,000,24.009235
2010-10-06,25.32,25.34,25.26,25.26,800,24.009235
2010-10-05,25.00,25.00,25.00,25.00,100,23.762108
2010-10-04,24.280001,24.280001,24.209999,24.24,7700,23.03974
2010-10-01,24.780001,24.780001,24.780001,24.780001,000,23.553002
2010-09-30,24.780001,24.780001,24.780001,24.780001,000,23.553002
2010-09-29,24.780001,24.780001,24.780001,24.780001,300,23.553002
2010-09-28,24.00,24.75,24.00,24.73,900,23.505477
2010-09-27,24.139999,24.549999,24.139999,24.549999,1700,23.33439
2010-09-24,23.50,23.50,23.50,23.50,000,22.336382
2010-09-23,23.950001,23.950001,23.49,23.50,500,22.336382
2010-09-22,23.90,23.90,23.90,23.90,100,22.716575
2010-09-21,24.15,24.15,24.049999,24.049999,400,22.859148
2010-09-20,24.10,24.10,24.10,24.10,100,22.906673
2010-09-17,23.60,23.74,23.59,23.74,26800,22.564498
2010-09-16,23.91,23.91,23.91,23.91,000,22.673803
2010-09-15,23.91,23.91,23.91,23.91,000,22.673803
2010-09-14,23.91,23.91,23.91,23.91,000,22.673803
2010-09-13,23.91,23.91,23.91,23.91,100,22.673803
2010-09-10,23.540001,23.540001,23.41,23.41,18600,22.199654
2010-09-09,23.129999,23.139999,23.129999,23.139999,7000,21.943613
2010-09-08,23.540001,23.540001,23.540001,23.540001,000,22.322934
2010-09-07,23.540001,23.540001,23.540001,23.540001,000,22.322934
2010-09-03,23.67,23.67,23.540001,23.540001,900,22.322934
2010-09-02,22.219999,22.219999,22.219999,22.219999,000,21.071179
2010-09-01,22.219999,22.219999,22.219999,22.219999,000,21.071179
2010-08-31,22.219999,22.219999,22.219999,22.219999,000,21.071179
2010-08-30,22.219999,22.219999,22.219999,22.219999,000,21.071179
2010-08-27,21.700001,22.219999,21.559999,22.219999,1500,21.071179
2010-08-26,21.77,21.77,21.540001,21.540001,2100,20.426338
2010-08-25,20.860001,21.190001,20.860001,21.190001,5000,20.094433
2010-08-24,21.09,21.43,21.09,21.43,1600,20.322025
2010-08-23,22.110001,22.110001,22.110001,22.110001,200,20.966868
2010-08-20,22.01,22.01,21.700001,21.700001,2100,20.578066
2010-08-19,22.92,22.92,22.92,22.92,000,21.734988
2010-08-18,23.10,23.10,22.92,22.92,500,21.734988
2010-08-17,22.67,22.950001,22.67,22.950001,700,21.763438
2010-08-16,22.049999,22.25,21.65,22.25,500,21.099629
2010-08-13,22.389999,22.389999,22.389999,22.389999,000,21.23239
2010-08-12,22.17,22.42,22.09,22.389999,500,21.23239
2010-08-11,23.200001,23.200001,22.379999,22.43,1700,21.270323
2010-08-10,23.68,23.700001,23.26,23.26,500,22.05741
2010-08-09,23.23,23.23,23.23,23.23,000,22.02896
2010-08-06,23.23,23.23,23.23,23.23,200,22.02896
2010-08-05,23.92,23.92,23.620001,23.620001,3100,22.398798
2010-08-04,24.030001,24.030001,24.030001,24.030001,000,22.7876
2010-08-03,24.030001,24.030001,24.030001,24.030001,000,22.7876
2010-08-02,23.84,24.030001,23.84,24.030001,1500,22.7876
2010-07-30,23.450001,23.450001,23.450001,23.450001,000,22.237587
2010-07-29,23.41,23.48,23.41,23.450001,600,22.237587
2010-07-28,23.23,23.290001,23.16,23.18,800,21.981546
2010-07-27,23.690001,23.690001,23.690001,23.690001,000,22.465178
2010-07-26,23.74,23.74,23.690001,23.690001,900,22.465178
2010-07-23,22.799999,22.799999,22.799999,22.799999,000,21.621192
2010-07-22,22.780001,22.799999,22.65,22.799999,1600,21.621192
2010-07-21,21.84,22.10,21.84,21.98,28400,20.843588
2010-07-20,21.559999,22.139999,21.559999,22.139999,6100,20.995315
2010-07-19,21.23,21.23,21.23,21.23,000,20.132364
2010-07-16,21.360001,21.360001,21.23,21.23,3400,20.132364
2010-07-15,21.879999,22.23,21.879999,22.139999,1300,20.995315
2010-07-14,22.65,22.65,22.65,22.65,000,21.478947
2010-07-13,22.07,22.65,22.07,22.65,1100,21.478947
2010-07-12,22.030001,22.030001,22.030001,22.030001,000,20.891004
2010-07-09,22.030001,22.030001,22.030001,22.030001,200,20.891004
2010-07-08,21.200001,21.200001,21.200001,21.200001,000,20.103917
2010-07-07,21.200001,21.200001,21.200001,21.200001,000,20.103917
2010-07-06,21.200001,21.200001,21.200001,21.200001,000,20.103917
2010-07-02,21.200001,21.200001,21.200001,21.200001,000,20.103917
2010-07-01,21.25,21.25,21.200001,21.200001,1300,20.103917
2010-06-30,21.34,21.35,21.34,21.35,3000,20.246161
2010-06-29,21.959999,21.959999,21.959999,21.959999,1000,20.824621
2010-06-28,22.629999,22.629999,22.629999,22.629999,200,21.459981
2010-06-25,22.639999,22.700001,22.51,22.700001,21000,21.526363
2010-06-24,23.299999,23.299999,23.299999,23.299999,000,22.095341
2010-06-23,23.299999,23.299999,23.299999,23.299999,000,22.095341
2010-06-22,23.790001,23.950001,23.299999,23.299999,1800,22.095341
2010-06-21,24.16,24.290001,23.73,23.73,1300,22.503109
2010-06-18,24.00,24.00,24.00,24.00,000,22.75915
2010-06-17,24.00,24.00,24.00,24.00,000,22.73165
2010-06-16,24.00,24.00,24.00,24.00,200,22.73165
2010-06-15,23.690001,24.18,23.690001,24.17,800,22.892666
2010-06-14,23.98,24.120001,23.639999,23.65,4800,22.400146
2010-06-11,21.889999,21.889999,21.889999,21.889999,000,20.733158
2010-06-10,21.889999,21.889999,21.889999,21.889999,000,20.733158
2010-06-09,21.889999,21.889999,21.889999,21.889999,000,20.733158
2010-06-08,21.889999,21.889999,21.889999,21.889999,200,20.733158
2010-06-07,22.74,22.74,22.620001,22.620001,2000,21.424581
2010-06-04,23.370001,23.370001,23.08,23.08,200,21.86027
2010-06-03,24.07,24.07,23.950001,23.950001,200,22.684293
2010-06-02,23.83,23.950001,23.379999,23.950001,2000,22.684293
2010-06-01,24.77,24.77,24.77,24.77,000,23.460957
2010-05-28,24.77,24.77,24.77,24.77,000,23.460957
2010-05-27,23.93,24.77,23.93,24.77,800,23.460957
2010-05-26,24.059999,24.059999,24.059999,24.059999,200,22.788478
2010-05-25,22.870001,23.379999,22.83,23.379999,7400,22.144415
2010-05-24,24.02,24.02,24.02,24.02,000,22.750593
2010-05-21,24.02,24.02,24.02,24.02,000,22.750593
2010-05-20,23.700001,24.280001,23.700001,24.02,11400,22.750593
2010-05-19,25.10,25.10,24.34,24.790001,1300,23.479901
2010-05-18,25.91,25.91,25.26,25.26,900,23.925062
2010-05-17,25.99,25.99,25.74,25.74,500,24.379694
2010-05-14,26.280001,26.280001,25.59,25.59,800,24.237622
2010-05-13,26.83,26.83,26.559999,26.559999,2700,25.156359
2010-05-12,26.110001,26.360001,26.07,26.360001,3100,24.966929
2010-05-11,25.73,26.049999,25.610001,25.610001,1400,24.256565
2010-05-10,25.190001,25.59,25.18,25.59,9900,24.237622
2010-05-07,24.93,24.93,24.07,24.07,2500,22.79795
2010-05-06,25.280001,25.280001,24.01,24.639999,24000,23.337827
2010-05-05,25.450001,25.879999,25.440001,25.48,3000,24.133435
2010-05-04,26.799999,26.799999,26.209999,26.209999,1000,24.824855
2010-05-03,26.950001,27.120001,26.91,27.120001,18100,25.686765
2010-04-30,27.42,27.42,26.690001,26.690001,9100,25.279489
2010-04-29,26.98,27.02,26.98,27.02,300,25.59205
2010-04-28,26.530001,26.780001,26.530001,26.620001,2400,25.213189
2010-04-27,27.15,27.15,26.35,26.35,11200,24.957458
2010-04-26,27.549999,27.60,27.450001,27.450001,2300,25.999325
2010-04-23,27.35,27.370001,27.35,27.35,500,25.90461
2010-04-22,26.360001,26.90,26.290001,26.90,2400,25.478391
2010-04-21,26.35,26.530001,26.290001,26.530001,4100,25.127945
2010-04-20,26.07,26.280001,26.030001,26.27,7300,24.881686
2010-04-19,25.90,25.90,25.450001,25.73,800,24.370223
2010-04-16,26.469999,26.469999,25.92,25.92,1400,24.550182
2010-04-15,25.719999,25.719999,25.719999,25.719999,000,24.360751
2010-04-14,25.719999,25.719999,25.719999,25.719999,000,24.360751
2010-04-13,25.73,25.73,25.719999,25.719999,400,24.360751
2010-04-12,25.809999,25.85,25.809999,25.82,1800,24.455466
2010-04-09,25.65,25.65,25.65,25.65,300,24.29445
2010-04-08,25.50,25.59,25.50,25.59,1500,24.237622
2010-04-07,25.700001,26.01,25.700001,25.709999,3600,24.351279
