Date,Open,High,Low,Close,Volume,Adj Close
2016-04-15,54.860001,54.990002,54.599998,54.720001,16100,54.720001
2016-04-14,55.310001,55.310001,54.830002,54.939999,27200,54.939999
2016-04-13,54.080002,55.279999,54.080002,55.169998,20300,55.169998
2016-04-12,53.810001,54.040001,53.50,53.790001,19400,53.790001
2016-04-11,54.220001,54.689999,53.860001,53.880001,20900,53.880001
2016-04-08,54.119999,54.50,53.75,53.990002,17000,53.990002
2016-04-07,54.200001,54.330002,53.560001,53.77,15000,53.77
2016-04-06,54.150002,54.610001,53.950001,54.610001,23100,54.610001
2016-04-05,54.360001,54.630001,54.09,54.09,46300,54.09
2016-04-04,55.220001,55.220001,54.639999,54.639999,17800,54.639999
2016-04-01,54.669998,55.139999,54.32,55.139999,20700,55.139999
2016-03-31,54.919998,55.310001,54.900002,55.049999,28600,55.049999
2016-03-30,55.110001,55.189999,54.799999,54.93,32300,54.93
2016-03-29,52.830002,54.84,52.830002,54.82,27900,54.82
2016-03-28,53.330002,53.41,52.869999,53.139999,19100,53.139999
2016-03-24,52.619999,53.119999,52.470001,53.119999,14600,53.119999
2016-03-23,53.639999,53.639999,52.919998,52.93,43400,52.93
2016-03-22,53.759998,54.119999,53.639999,53.759998,89100,53.759998
2016-03-21,54.009998,54.060001,53.709999,53.91,156300,53.91
2016-03-18,53.720001,54.130001,53.68,54.130001,16300,54.130001
2016-03-17,52.639999,53.740002,52.639999,53.59,19900,53.56
2016-03-16,51.959999,52.669998,51.959999,52.610001,22400,52.580549
2016-03-15,52.650002,52.650002,52.220001,52.259998,42400,52.230743
2016-03-14,52.75,53.07,52.75,52.919998,27100,52.890373
2016-03-11,52.57,53.029999,52.52,52.990002,33700,52.960338
2016-03-10,52.830002,52.860001,51.75,52.060001,55000,52.030858
2016-03-09,52.040001,52.669998,52.02,52.529999,136800,52.500592
2016-03-08,52.970001,53.060001,52.169998,52.169998,89900,52.140793
2016-03-07,52.84,53.48,52.84,53.330002,18000,53.300147
2016-03-04,53.029999,53.50,53.009998,53.150002,20900,53.120248
2016-03-03,52.82,53.099998,52.669998,53.049999,30100,53.020301
2016-03-02,52.720001,52.900002,52.470001,52.82,20000,52.790431
2016-03-01,52.119999,52.82,51.93,52.790001,43200,52.760449
2016-02-29,51.299999,52.189999,51.299999,51.700001,15500,51.671059
2016-02-26,51.529999,51.599998,51.349998,51.439999,15000,51.411202
2016-02-25,50.860001,51.209999,50.669998,51.130001,20100,51.101378
2016-02-24,49.439999,50.93,49.439999,50.900002,31600,50.871507
2016-02-23,50.049999,50.580002,50.049999,50.299999,70500,50.271841
2016-02-22,50.189999,50.610001,50.189999,50.310001,17600,50.281837
2016-02-19,49.52,50.119999,49.380001,50.02,55200,49.991999
2016-02-18,49.610001,49.98,49.330002,49.330002,37100,49.302387
2016-02-17,49.439999,49.779999,49.439999,49.610001,27500,49.582229
2016-02-16,48.150002,49.049999,48.150002,49.029999,35800,49.002551
2016-02-12,47.16,47.580002,46.799999,47.470001,31400,47.443427
2016-02-11,46.540001,47.110001,46.279999,46.720001,97500,46.693847
2016-02-10,47.380001,48.009998,47.130001,47.130001,88200,47.103617
2016-02-09,46.830002,47.790001,46.459999,46.459999,64600,46.43399
2016-02-08,47.389999,47.52,46.66,47.099998,49200,47.073632
2016-02-05,49.27,49.27,47.830002,47.830002,13500,47.803226
2016-02-04,49.400002,49.689999,49.02,49.450001,14300,49.422318
2016-02-03,48.889999,49.139999,48.25,49.040001,45100,49.012548
2016-02-02,49.349998,49.580002,48.610001,48.75,32800,48.722709
2016-02-01,49.639999,49.93,49.150002,49.799999,147700,49.772121
2016-01-29,48.09,49.880001,48.09,49.77,16900,49.742139
2016-01-28,48.189999,48.52,47.91,47.990002,27300,47.963137
2016-01-27,48.59,48.830002,47.759998,47.900002,27600,47.873187
2016-01-26,48.040001,48.900002,47.970001,48.799999,16100,48.772681
2016-01-25,48.220001,48.279999,47.689999,47.73,17200,47.70328
2016-01-22,48.049999,48.470001,47.990002,48.450001,23400,48.422878
2016-01-21,47.490002,47.970001,47.150002,47.400002,29100,47.373467
2016-01-20,46.369999,47.669998,45.610001,47.360001,139000,47.333488
2016-01-19,47.720001,47.970001,46.509998,46.970001,52300,46.943707
2016-01-15,47.470001,47.52,46.470001,47.360001,40700,47.333488
2016-01-14,47.220001,48.619999,46.990002,48.220001,36600,48.193007
2016-01-13,48.599998,49.060001,47.040001,47.330002,101600,47.303506
2016-01-12,48.389999,48.889999,47.799999,48.509998,31400,48.482842
2016-01-11,47.970001,48.25,47.560001,48.240002,41800,48.212997
2016-01-08,48.889999,49.16,47.77,47.810001,34800,47.783237
2016-01-07,49.349998,49.599998,48.580002,48.709999,52900,48.682731
2016-01-06,50.060001,50.439999,49.880001,50.099998,31700,50.071952
2016-01-05,50.939999,51.169998,50.549999,50.869999,27600,50.841522
2016-01-04,51.48,51.48,50.529999,51.02,48900,50.991439
2015-12-31,52.849998,53.049999,52.240002,52.32,67500,52.290711
2015-12-30,53.509998,53.75,53.119999,53.139999,18800,53.110251
2015-12-29,53.709999,53.75,53.240002,53.75,12200,53.71991
2015-12-28,53.389999,53.389999,52.849998,53.200001,27200,53.170219
2015-12-24,53.23,53.759998,53.23,53.529999,25500,53.500032
2015-12-23,52.919998,53.310001,52.919998,53.16,33400,53.130241
2015-12-22,52.240002,52.619999,51.91,52.549999,11500,52.520581
2015-12-21,51.939999,52.240002,51.82,52.119999,70300,52.090822
2015-12-18,52.389999,52.389999,51.599998,51.93,31500,51.90093
2015-12-17,53.330002,53.34,52.580002,52.580002,21100,52.474611
2015-12-16,52.849998,52.970001,52.34,52.880001,18900,52.774009
2015-12-15,51.939999,52.32,51.75,52.150002,21800,52.045473
2015-12-14,52.009998,52.009998,51.349998,51.639999,32600,51.536493
2015-12-11,52.23,52.599998,51.939999,51.939999,22200,51.835891
2015-12-10,52.650002,53.290001,52.490002,52.959999,23500,52.853847
2015-12-09,53.459999,53.630001,52.529999,52.68,17400,52.574409
2015-12-08,53.369999,53.810001,53.09,53.580002,17900,53.472607
2015-12-07,54.509998,54.549999,53.700001,53.880001,25900,53.772005
2015-12-04,54.299999,54.630001,54.16,54.540001,34600,54.430682
2015-12-03,54.759998,54.860001,53.84,53.959999,17100,53.851842
2015-12-02,54.599998,54.950001,54.490002,54.580002,18700,54.470602
2015-12-01,54.599998,54.720001,54.290001,54.610001,22400,54.500541
2015-11-30,54.360001,54.540001,54.23,54.23,13000,54.121302
2015-11-27,53.93,54.330002,53.889999,54.18,7500,54.071403
2015-11-25,53.529999,53.950001,53.529999,53.919998,13300,53.811922
2015-11-24,53.119999,53.470001,52.740002,53.470001,17700,53.362827
2015-11-23,53.439999,53.580002,53.169998,53.400002,16900,53.292967
2015-11-20,53.459999,53.84,53.299999,53.599998,32100,53.492563
2015-11-19,53.310001,53.450001,53.00,53.259998,34400,53.153245
2015-11-18,52.389999,53.360001,52.25,53.25,49000,53.143266
2015-11-17,52.48,52.889999,52.349998,52.369999,18200,52.265029
2015-11-16,51.610001,52.41,51.610001,52.349998,14700,52.245069
2015-11-13,52.279999,52.310001,51.73,51.73,21700,51.626313
2015-11-12,52.790001,53.009998,52.279999,52.279999,16900,52.17521
2015-11-11,53.610001,53.639999,53.169998,53.27,11000,53.163227
2015-11-10,53.439999,53.439999,52.849998,53.32,54200,53.213126
2015-11-09,54.02,54.119999,53.349998,53.509998,22400,53.402744
2015-11-06,53.419998,54.189999,53.099998,54.110001,23800,54.001543
2015-11-05,53.299999,53.459999,52.93,53.110001,25400,53.003548
2015-11-04,53.48,53.48,52.880001,53.119999,29600,53.013526
2015-11-03,52.470001,53.48,52.470001,53.220001,24900,53.113328
2015-11-02,51.77,52.68,51.77,52.459999,13200,52.354849
2015-10-30,51.560001,51.91,51.560001,51.810001,20100,51.706154
2015-10-29,51.990002,52.139999,51.41,51.75,20500,51.646273
2015-10-28,51.150002,52.25,51.00,52.25,26100,52.145271
2015-10-27,51.48,51.48,50.740002,50.869999,16300,50.768036
2015-10-26,51.810001,51.810001,51.290001,51.439999,20800,51.336893
2015-10-23,51.709999,52.00,51.349998,51.919998,21300,51.815931
2015-10-22,50.549999,51.18,50.549999,51.049999,15200,50.947675
2015-10-21,51.240002,51.240002,50.25,50.25,28300,50.14928
2015-10-20,51.16,51.279999,50.919998,51.16,17200,51.057456
2015-10-19,51.25,51.459999,50.970001,51.369999,17100,51.267034
2015-10-16,51.330002,51.43,51.00,51.310001,27900,51.207156
2015-10-15,50.77,51.580002,50.610001,51.580002,21200,51.476616
2015-10-14,50.860001,51.189999,50.59,50.669998,27100,50.568436
2015-10-13,51.279999,51.580002,50.860001,50.93,35100,50.827917
2015-10-12,51.290001,51.509998,51.09,51.470001,15600,51.366836
2015-10-09,51.470001,51.580002,51.23,51.23,203100,51.127315
2015-10-08,51.060001,51.450001,50.880001,51.279999,11100,51.177214
2015-10-07,50.52,51.00,50.299999,50.990002,21500,50.887798
2015-10-06,50.099998,50.279999,49.799999,50.060001,16300,49.959662
2015-10-05,48.93,50.080002,48.93,50.080002,18300,49.979622
2015-10-02,47.299999,48.59,47.240002,48.59,19700,48.492607
2015-10-01,48.380001,48.380001,47.400002,47.810001,12900,47.714172
2015-09-30,48.32,48.540001,48.009998,48.529999,19900,48.432726
2015-09-29,47.599998,47.790001,47.290001,47.509998,64200,47.41477
2015-09-28,48.369999,48.48,47.759998,47.880001,21400,47.784031
2015-09-25,48.610001,48.950001,48.389999,48.59,8800,48.492607
2015-09-24,48.189999,48.279999,47.689999,48.25,20100,48.153288
2015-09-23,48.43,48.650002,48.099998,48.240002,21300,48.14331
2015-09-22,48.880001,48.880001,48.380001,48.490002,20000,48.392809
2015-09-21,49.43,49.799999,49.139999,49.16,19600,49.061464
2015-09-18,49.360001,49.650002,48.98,49.009998,23100,48.911763
2015-09-17,49.950001,50.389999,49.700001,49.880001,24900,49.780022
2015-09-16,49.810001,49.860001,49.490002,49.77,14600,49.670242
2015-09-15,49.099998,49.580002,49.099998,49.529999,16200,49.430722
2015-09-14,49.389999,49.389999,48.849998,48.849998,11600,48.752084
2015-09-11,48.73,49.18,48.59,49.139999,20500,49.041504
2015-09-10,49.169998,49.330002,48.869999,49.07,8300,48.971645
2015-09-09,49.740002,49.740002,48.939999,48.939999,25900,48.841904
2015-09-08,48.810001,49.299999,48.75,49.25,26600,49.151284
2015-09-04,48.709999,48.709999,48.00,48.130001,45500,48.03353
2015-09-03,48.540001,49.080002,48.540001,48.799999,41300,48.702185
2015-09-02,48.029999,48.119999,47.779999,47.990002,53000,47.893811
2015-09-01,48.060001,48.639999,47.59,47.77,89700,47.674251
2015-08-31,48.970001,49.25,48.75,48.990002,138600,48.891807
2015-08-28,48.66,49.099998,48.560001,48.98,33600,48.881825
2015-08-27,48.25,48.869999,47.759998,48.599998,33000,48.502585
2015-08-26,47.110001,47.919998,46.849998,47.84,30100,47.74411
2015-08-25,48.16,48.16,46.490002,46.490002,34100,46.396818
2015-08-24,46.34,48.720001,39.41,47.220001,87400,47.125354
2015-08-21,49.029999,49.639999,48.709999,48.919998,57500,48.821944
2015-08-20,50.240002,50.360001,49.639999,49.650002,1937200,49.550484
2015-08-19,50.68,50.869999,50.18,50.549999,14700,50.448678
2015-08-18,51.52,51.52,50.830002,50.860001,8900,50.758058
2015-08-17,51.09,51.490002,50.740002,51.48,12100,51.376814
2015-08-14,50.52,51.02,50.459999,51.009998,8100,50.907755
2015-08-13,51.040001,51.040001,50.560001,50.68,13900,50.578418
2015-08-12,50.650002,50.91,50.049999,50.73,12800,50.628317
2015-08-11,51.220001,51.380001,50.740002,50.790001,15400,50.688198
2015-08-10,51.00,51.77,51.00,51.509998,33200,51.406752
2015-08-07,50.439999,51.060001,50.439999,50.939999,9300,50.837895
2015-08-06,51.470001,51.470001,50.459999,50.599998,7600,50.498577
2015-08-05,50.939999,51.549999,50.939999,51.240002,8300,51.137297
2015-08-04,50.990002,50.990002,50.349998,50.48,25200,50.378818
2015-08-03,50.959999,51.060001,50.400002,50.580002,15200,50.47862
2015-07-31,51.220001,51.450001,50.98,51.07,11900,50.967636
2015-07-30,50.419998,51.110001,50.419998,51.00,10700,50.897776
2015-07-29,50.369999,50.540001,50.189999,50.50,11600,50.398779
2015-07-28,50.360001,50.400002,49.400002,50.32,22400,50.219139
2015-07-27,50.099998,50.25,49.740002,49.830002,39200,49.730123
2015-07-24,50.98,51.049999,50.16,50.240002,13500,50.139301
2015-07-23,51.080002,51.610001,50.779999,50.790001,16800,50.688198
2015-07-22,51.25,51.25,50.580002,50.740002,31000,50.638299
2015-07-21,51.470001,51.540001,50.959999,51.080002,13000,50.977618
2015-07-20,51.779999,51.779999,51.110001,51.130001,22300,51.027517
2015-07-17,51.959999,51.959999,51.310001,51.529999,34400,51.426713
2015-07-16,51.700001,51.919998,51.509998,51.73,20200,51.626313
2015-07-15,51.889999,51.889999,51.299999,51.360001,10100,51.257055
2015-07-14,51.349998,51.779999,51.349998,51.740002,10900,51.636295
2015-07-13,51.549999,51.549999,51.189999,51.349998,9800,51.247073
2015-07-10,50.610001,51.060001,50.610001,51.060001,17900,50.957657
2015-07-09,51.220001,51.220001,50.389999,50.439999,61200,50.338897
2015-07-08,51.209999,51.209999,50.43,50.650002,13700,50.548479
2015-07-07,51.259998,51.470001,50.50,51.450001,18800,51.346875
2015-07-06,51.57,52.130001,51.419998,51.669998,12400,51.566432
2015-07-02,52.200001,52.310001,51.91,52.130001,5900,52.025512
2015-07-01,52.779999,52.779999,51.990002,52.34,18000,52.235091
2015-06-30,52.41,52.830002,52.16,52.27,38800,52.165231
2015-06-29,53.549999,53.549999,52.07,52.150002,25700,52.045473
2015-06-26,54.080002,54.080002,53.310001,53.470001,13000,53.362827
2015-06-25,54.580002,54.59,53.91,54.09,16300,53.981583
2015-06-24,55.169998,55.169998,54.32,54.369999,11900,54.261021
2015-06-23,54.860001,54.959999,54.59,54.91,18300,54.799939
2015-06-22,54.73,54.779999,54.439999,54.689999,7700,54.580379
2015-06-19,54.84,54.869999,54.450001,54.669998,13700,54.560418
2015-06-18,54.189999,54.810001,54.189999,54.73,15400,54.6203
2015-06-17,54.580002,54.610001,54.099998,54.119999,16500,54.011522
2015-06-16,53.799999,54.389999,53.799999,54.209999,63400,54.101341
2015-06-15,53.849998,54.119999,53.279999,53.970001,9400,53.861825
2015-06-12,53.310001,53.709999,53.310001,53.630001,8000,53.522506
2015-06-11,54.119999,54.119999,53.599998,53.639999,14400,53.532484
2015-06-10,53.189999,54.040001,53.18,53.98,11800,53.871803
2015-06-09,53.09,53.18,52.639999,53.009998,11000,52.903746
2015-06-08,53.639999,53.700001,53.139999,53.18,8400,53.073407
2015-06-05,53.279999,53.790001,52.990002,53.790001,15100,53.682185
2015-06-04,53.93,53.939999,53.220001,53.389999,17900,53.282985
2015-06-03,53.630001,54.09,53.599998,54.040001,20400,53.931684
2015-06-02,53.240002,53.580002,53.07,53.259998,9500,53.153245
2015-06-01,53.23,53.509998,52.73,53.400002,9700,53.292967
2015-05-29,53.189999,53.349998,52.77,53.259998,6900,53.153245
2015-05-28,53.27,53.470001,53.27,53.450001,12300,53.342866
2015-05-27,52.869999,53.419998,52.549999,53.419998,11900,53.312924
2015-05-26,53.049999,53.049999,52.439999,52.630001,10300,52.52451
2015-05-22,53.419998,53.509998,53.169998,53.279999,7500,53.173205
2015-05-21,53.209999,53.540001,53.209999,53.459999,16700,53.352845
2015-05-20,53.50,53.50,53.18,53.360001,10300,53.253047
2015-05-19,53.599998,53.599998,53.299999,53.509998,11000,53.402744
2015-05-18,52.84,53.41,52.810001,53.41,7200,53.302946
2015-05-15,53.07,53.07,52.66,52.77,14000,52.664229
2015-05-14,52.48,52.93,52.459999,52.91,17000,52.803948
2015-05-13,52.41,52.580002,52.150002,52.349998,9300,52.245069
2015-05-12,52.110001,52.32,51.50,52.130001,20400,52.025512
2015-05-11,52.200001,52.630001,52.169998,52.279999,13300,52.17521
2015-05-08,52.439999,52.439999,52.009998,52.169998,11600,52.065429
2015-05-07,51.150002,51.880001,51.150002,51.779999,11900,51.676212
2015-05-06,51.43,51.43,50.91,51.00,9200,50.897776
2015-05-05,52.099998,52.099998,50.900002,51.07,46100,50.967636
2015-05-04,52.16,52.43,51.970001,52.099998,16500,51.99557
2015-05-01,51.700001,52.150002,51.509998,52.150002,19900,52.045473
2015-04-30,52.310001,52.310001,51.330002,51.439999,22500,51.336893
2015-04-29,52.810001,53.080002,52.459999,52.580002,14400,52.474611
2015-04-28,52.66,52.939999,52.16,52.91,7600,52.803948
2015-04-27,52.889999,53.220001,52.299999,52.490002,14400,52.384792
2015-04-24,53.43,53.43,52.549999,52.619999,23400,52.514528
2015-04-23,53.240002,53.470001,52.849998,53.349998,10800,53.243065
2015-04-22,53.119999,53.189999,52.549999,53.119999,10800,53.013526
2015-04-21,53.189999,53.189999,52.880001,53.09,9000,52.983587
2015-04-20,52.57,53.150002,52.57,53.00,8100,52.893768
2015-04-17,53.23,53.23,52.09,52.32,30100,52.21513
2015-04-16,53.259998,53.560001,53.259998,53.310001,24000,53.203148
2015-04-15,53.029999,53.52,52.919998,53.41,13100,53.302946
2015-04-14,53.240002,53.240002,52.610001,52.869999,13800,52.764027
2015-04-13,53.389999,53.389999,52.869999,52.869999,8300,52.764027
2015-04-10,53.060001,53.139999,52.900002,53.139999,11100,53.033486
2015-04-09,53.049999,53.049999,52.50,52.799999,26300,52.694168
2015-04-08,52.209999,52.939999,52.209999,52.75,11300,52.644269
2015-04-07,52.82,52.82,52.439999,52.439999,18800,52.334889
2015-04-06,52.50,52.720001,52.490002,52.610001,14700,52.50455
2015-04-02,52.639999,52.880001,52.330002,52.470001,12500,52.364831
2015-04-01,52.150002,52.630001,51.740002,52.389999,17000,52.28499
2015-03-31,53.02,53.02,52.349998,52.720001,14800,52.61433
2015-03-30,52.73,52.970001,52.57,52.91,10900,52.803948
2015-03-27,52.040001,52.389999,51.639999,52.380001,12700,52.275011
2015-03-26,51.919998,52.049999,51.439999,51.82,21400,51.716132
2015-03-25,54.009998,54.009998,52.049999,52.049999,22500,51.945671
2015-03-24,54.029999,54.029999,53.650002,53.669998,18600,53.562423
2015-03-23,54.049999,54.07,53.779999,53.889999,15600,53.781983
2015-03-20,53.200001,53.900002,53.200001,53.77,12700,53.662225
2015-03-19,53.400002,53.400002,52.939999,53.360001,20600,53.253047
2015-03-18,52.369999,53.200001,52.299999,53.049999,93800,52.943667
2015-03-17,52.279999,52.549999,52.279999,52.540001,34700,52.434691
2015-03-16,52.299999,52.639999,52.169998,52.599998,29100,52.494568
2015-03-13,52.450001,52.450001,51.459999,52.130001,25900,52.025512
2015-03-12,51.700001,52.110001,51.41,52.110001,20200,52.005552
2015-03-11,51.41,51.41,50.91,51.369999,18900,51.267034
2015-03-10,51.830002,51.830002,51.060001,51.060001,16700,50.957657
2015-03-09,51.66,52.00,51.59,51.91,32100,51.805952
2015-03-06,52.07,52.25,51.639999,51.650002,27100,51.546475
2015-03-05,52.310001,52.310001,51.990002,52.27,9000,52.165231
2015-03-04,52.18,52.27,51.84,52.200001,34800,52.095372
2015-03-03,52.59,52.59,52.130001,52.27,12500,52.165231
2015-03-02,52.290001,52.669998,52.25,52.66,26000,52.554449
2015-02-27,52.279999,52.529999,52.169998,52.169998,10500,52.065429
2015-02-26,52.400002,52.639999,52.400002,52.52,8400,52.41473
2015-02-25,52.43,52.43,51.950001,52.220001,33200,52.115332
2015-02-24,52.130001,52.240002,51.759998,52.240002,12500,52.135293
2015-02-23,51.91,51.919998,51.490002,51.869999,11200,51.766031
2015-02-20,52.150002,52.18,51.599998,52.02,15600,51.915732
2015-02-19,51.93,52.09,51.73,51.950001,20000,51.845873
2015-02-18,52.009998,52.009998,51.50,51.869999,34400,51.766031
2015-02-17,52.040001,52.040001,51.639999,51.639999,27500,51.536493
2015-02-13,51.380001,51.830002,51.34,51.779999,16700,51.676212
2015-02-12,50.759998,51.380001,50.759998,51.380001,10800,51.277016
2015-02-11,50.560001,50.68,50.400002,50.59,24100,50.488598
2015-02-10,50.490002,50.540001,49.889999,50.540001,16800,50.438699
2015-02-09,50.240002,50.380001,50.00,50.049999,14200,49.94968
2015-02-06,50.580002,50.73,50.099998,50.240002,26300,50.139301
2015-02-05,50.299999,50.470001,50.139999,50.470001,8700,50.36884
2015-02-04,49.68,50.25,49.68,49.900002,10000,49.799983
2015-02-03,49.200001,49.970001,49.200001,49.889999,11900,49.790001
2015-02-02,48.209999,48.650002,47.790001,48.650002,18100,48.552488
2015-01-30,49.200001,49.439999,48.57,48.57,23700,48.472647
2015-01-29,48.82,49.220001,48.439999,49.139999,34600,49.041504
2015-01-28,49.450001,49.450001,48.709999,48.849998,10800,48.752084
2015-01-27,49.09,49.25,48.580002,48.970001,14000,48.871846
2015-01-26,49.099998,49.540001,48.900002,49.490002,17300,49.390805
2015-01-23,49.23,49.41,49.009998,49.240002,17600,49.141306
2015-01-22,48.75,48.98,48.00,48.900002,13100,48.801987
2015-01-21,48.669998,48.669998,47.860001,48.150002,13900,48.05349
2015-01-20,48.939999,48.939999,47.970001,48.490002,43600,48.392809
2015-01-16,47.50,48.310001,47.50,48.310001,29300,48.21317
2015-01-15,48.34,48.369999,47.32,47.450001,108600,47.354893
2015-01-14,48.009998,48.599998,47.849998,48.310001,19700,48.21317
2015-01-13,48.939999,49.66,48.119999,48.509998,17000,48.412766
2015-01-12,48.68,48.68,47.950001,48.41,30200,48.312968
2015-01-09,49.139999,49.139999,48.529999,48.740002,16000,48.642308
2015-01-08,48.369999,49.200001,48.369999,49.099998,18000,49.001583
2015-01-07,48.119999,48.200001,47.759998,48.200001,25500,48.103389
2015-01-06,48.66,48.669998,47.330002,47.740002,24500,47.644312
2015-01-05,49.099998,49.43,48.490002,48.630001,26400,48.532528
2015-01-02,50.240002,50.470001,49.00,49.549999,27900,49.450682
2014-12-31,50.50,50.970001,50.220001,50.220001,9200,50.119341
2014-12-30,50.720001,50.77,50.369999,50.459999,18300,50.358858
2014-12-29,51.169998,51.169998,50.630001,50.709999,35700,50.608357
2014-12-26,50.619999,51.080002,50.619999,50.91,10100,50.807957
2014-12-24,50.619999,50.75,50.259998,50.57,11600,50.468638
2014-12-23,50.490002,50.689999,50.209999,50.380001,12600,50.27902
2014-12-22,50.040001,50.23,49.880001,50.189999,24500,50.089399
2014-12-19,49.599998,49.790001,49.50,49.700001,14000,49.600383
2014-12-18,49.32,49.759998,49.200001,49.619999,19400,49.478624
2014-12-17,47.490002,48.709999,47.32,48.669998,10900,48.531329
2014-12-16,47.970001,48.040001,47.529999,47.529999,9500,47.394578
2014-12-15,48.59,48.59,47.630001,47.73,15000,47.594009
2014-12-12,48.360001,48.52,47.959999,48.029999,10000,47.893154
2014-12-11,48.779999,49.630001,48.759998,48.790001,18700,48.65099
2014-12-10,49.580002,49.669998,48.709999,48.779999,18000,48.641017
2014-12-09,48.290001,49.77,48.220001,49.73,86900,49.588311
2014-12-08,49.799999,50.00,48.73,48.869999,161600,48.73076
2014-12-05,49.59,49.810001,49.59,49.790001,9800,49.648141
2014-12-04,49.290001,49.439999,49.139999,49.290001,9400,49.149566
2014-12-03,48.619999,49.419998,48.619999,49.380001,12200,49.239309
2014-12-02,48.310001,48.73,48.299999,48.669998,10500,48.531329
2014-12-01,48.77,48.77,48.00,48.040001,25800,47.903127
2014-11-28,49.02,49.169998,48.880001,48.93,10900,48.790591
2014-11-26,48.75,49.07,48.75,49.060001,17000,48.920222
2014-11-25,48.669998,48.849998,48.57,48.599998,15200,48.461529
2014-11-24,47.990002,48.639999,47.990002,48.639999,59600,48.501416
2014-11-21,48.549999,48.549999,47.830002,47.830002,18500,47.693726
2014-11-20,46.990002,47.880001,46.990002,47.880001,23800,47.743583
2014-11-19,48.080002,48.080002,47.200001,47.389999,22600,47.254978
2014-11-18,48.189999,48.439999,48.07,48.25,25700,48.112528
2014-11-17,48.619999,48.66,47.799999,47.799999,49600,47.663809
2014-11-14,48.34,48.709999,47.970001,48.599998,45200,48.461529
2014-11-13,48.610001,48.82,48.099998,48.220001,30700,48.082615
2014-11-12,48.32,48.689999,48.169998,48.639999,24900,48.501416
2014-11-11,48.57,48.57,48.130001,48.400002,157700,48.262102
2014-11-10,47.970001,48.380001,47.970001,48.380001,122100,48.242159
2014-11-07,48.080002,48.080002,47.720001,48.07,8100,47.93304
2014-11-06,48.049999,48.200001,47.919998,48.16,13400,48.022784
2014-11-05,48.27,48.369999,47.860001,48.080002,17400,47.943014
2014-11-04,47.830002,48.310001,47.73,47.98,19900,47.843297
2014-11-03,47.950001,48.310001,47.82,47.82,9800,47.683753
2014-10-31,47.400002,48.07,47.400002,48.049999,35800,47.913097
2014-10-30,46.360001,47.029999,46.23,46.900002,12300,46.766376
2014-10-29,46.540001,46.77,46.099998,46.360001,31300,46.227913
2014-10-28,44.740002,46.419998,44.740002,46.419998,28900,46.28774
2014-10-27,44.16,44.509998,44.00,44.439999,15200,44.313382
2014-10-24,44.439999,44.639999,44.299999,44.470001,6200,44.343299
2014-10-23,43.68,44.599998,43.68,44.369999,18200,44.243582
2014-10-22,44.009998,44.220001,43.299999,43.299999,35800,43.176631
2014-10-21,43.400002,44.009998,43.400002,43.959999,15600,43.83475
2014-10-20,42.799999,43.049999,42.720001,43.02,46000,42.89743
2014-10-17,43.290001,43.360001,42.650002,42.869999,12600,42.747855
2014-10-16,41.990002,42.98,41.990002,42.880001,35400,42.757829
2014-10-15,41.459999,42.759998,41.150002,42.610001,29500,42.488598
2014-10-14,41.66,42.490002,41.66,41.889999,16000,41.770648
2014-10-13,41.52,42.32,41.27,41.470001,40700,41.351846
2014-10-10,42.50,42.619999,41.650002,41.779999,41200,41.660961
2014-10-09,43.970001,44.00,42.950001,42.950001,9500,42.827629
2014-10-08,43.27,44.060001,42.720001,44.060001,12600,43.934467
2014-10-07,43.759998,43.970001,43.349998,43.360001,13400,43.236461
2014-10-06,45.02,45.09,43.040001,44.220001,29300,44.094011
2014-10-03,44.970001,45.330002,44.970001,45.02,8400,44.891731
2014-10-02,43.919998,44.880001,43.82,44.630001,15700,44.502843
2014-10-01,44.619999,44.619999,43.950001,44.049999,24600,43.924494
2014-09-30,45.09,45.189999,44.84,44.84,51100,44.712244
2014-09-29,44.689999,45.299999,44.610001,45.16,18100,45.031332
2014-09-26,44.860001,45.130001,44.860001,45.099998,7100,44.971501
2014-09-25,45.509998,45.509998,44.689999,44.779999,25600,44.652413
2014-09-24,45.189999,45.689999,45.189999,45.57,21200,45.440163
2014-09-23,45.389999,45.59,45.110001,45.150002,28700,45.021362
2014-09-22,45.959999,45.959999,45.43,45.50,144600,45.370363
2014-09-19,46.919998,46.959999,45.869999,46.16,20600,46.028483
2014-09-18,46.389999,46.759998,46.369999,46.720001,16900,46.586888
2014-09-17,46.029999,46.419998,46.029999,46.150002,9700,46.018513
2014-09-16,45.779999,46.169998,45.540001,46.119999,9500,45.988596
2014-09-15,46.529999,46.59,45.849998,45.990002,7300,45.858969
2014-09-12,46.790001,46.82,46.470001,46.560001,4400,46.427344
2014-09-11,46.400002,47.060001,46.400002,46.970001,5000,46.836176
2014-09-10,46.41,46.529999,46.16,46.529999,6000,46.397427
2014-09-09,47.130001,47.130001,46.400002,46.470001,20700,46.337601
2014-09-08,46.889999,47.34,46.889999,47.040001,8700,46.905976
2014-09-05,46.869999,47.00,46.580002,46.939999,12400,46.806259
2014-09-04,47.18,47.52,46.880001,46.880001,7300,46.746432
2014-09-03,47.560001,47.560001,46.869999,46.869999,29200,46.736459
2014-09-02,47.220001,47.48,47.060001,47.48,19400,47.344721
2014-08-29,46.560001,47.049999,46.439999,47.02,23900,46.886033
2014-08-28,46.560001,46.669998,46.380001,46.439999,16900,46.307684
2014-08-27,46.810001,46.900002,46.57,46.700001,14100,46.566945
2014-08-26,46.50,46.98,46.50,46.900002,14500,46.766376
2014-08-25,46.84,46.950001,46.23,46.380001,9900,46.247857
2014-08-22,46.41,46.799999,46.41,46.689999,6600,46.556971
2014-08-21,46.240002,46.599998,45.84,46.50,29000,46.367514
2014-08-20,46.470001,46.540001,46.16,46.369999,12900,46.237883
2014-08-19,46.400002,46.720001,46.400002,46.610001,9500,46.477201
2014-08-18,46.00,46.380001,46.00,46.299999,12700,46.168083
2014-08-15,45.959999,46.25,45.290001,45.709999,10700,45.579764
2014-08-14,45.630001,45.849998,45.540001,45.75,5900,45.619651
2014-08-13,45.599998,45.84,45.560001,45.619999,7700,45.49002
2014-08-12,45.900002,45.93,45.400002,45.52,6800,45.390307
2014-08-11,45.490002,46.16,45.490002,45.950001,17000,45.819082
2014-08-08,45.029999,45.43,45.029999,45.43,5300,45.300563
2014-08-07,45.439999,45.650002,44.93,44.939999,9500,44.811957
2014-08-06,44.950001,45.639999,44.919998,45.41,6900,45.280619
2014-08-05,44.939999,45.57,44.939999,45.369999,25800,45.240732
2014-08-04,44.77,45.169998,44.419998,45.169998,14100,45.041302
2014-08-01,44.459999,44.799999,44.240002,44.639999,25400,44.512813
2014-07-31,45.369999,45.43,44.580002,44.669998,224900,44.542726
2014-07-30,45.400002,45.77,45.23,45.610001,21700,45.48005
2014-07-29,45.130001,45.610001,45.130001,45.400002,11900,45.27065
2014-07-28,45.040001,45.150002,44.43,44.98,25500,44.851844
2014-07-25,45.32,45.32,44.919998,45.02,17200,44.891731
2014-07-24,45.50,45.939999,45.310001,45.50,30100,45.370363
2014-07-23,46.040001,46.040001,45.32,45.470001,21700,45.34045
2014-07-22,45.720001,46.130001,45.650002,46.00,15000,45.868939
2014-07-21,45.18,45.34,45.02,45.330002,16300,45.200849
2014-07-18,44.52,45.32,44.400002,45.279999,19100,45.150989
2014-07-17,44.919998,45.049999,44.560001,44.650002,15000,44.522786
2014-07-16,45.400002,45.400002,44.950001,45.110001,86000,44.981475
2014-07-15,45.869999,45.869999,44.900002,45.150002,16400,45.021362
2014-07-14,45.93,46.00,45.68,45.830002,25300,45.699425
2014-07-11,45.490002,45.66,45.419998,45.529999,7600,45.400276
2014-07-10,45.360001,45.950001,45.150002,45.59,200200,45.460107
2014-07-09,46.23,46.439999,46.029999,46.139999,12800,46.008539
2014-07-08,46.880001,46.880001,45.860001,46.139999,74000,46.008539
2014-07-07,47.639999,47.639999,46.93,46.98,7000,46.846146
2014-07-03,47.580002,47.830002,47.580002,47.830002,7200,47.693726
2014-07-02,47.57,47.799999,47.41,47.41,14500,47.274921
2014-07-01,46.990002,47.93,46.990002,47.759998,17800,47.623922
2014-06-30,46.450001,46.900002,46.34,46.900002,10400,46.766376
2014-06-27,46.150002,46.50,46.150002,46.450001,5900,46.317657
2014-06-26,46.310001,46.310001,45.84,46.18,5100,46.048426
2014-06-25,45.830002,46.189999,45.740002,46.139999,12300,46.008539
2014-06-24,46.389999,46.84,45.860001,45.889999,11800,45.759251
2014-06-23,46.25,46.380001,46.200001,46.349998,10900,46.21794
2014-06-20,46.169998,46.27,45.959999,46.200001,18300,46.068369
2014-06-19,46.18,46.27,45.75,46.060001,12700,45.928769
2014-06-18,45.939999,46.099998,45.639999,46.099998,24900,45.968652
2014-06-17,45.529999,46.200001,45.529999,46.080002,38900,45.948712
2014-06-16,45.450001,45.450001,45.18,45.400002,14500,45.27065
2014-06-13,45.130001,45.459999,45.009998,45.459999,10500,45.330476
2014-06-12,44.830002,45.200001,44.720001,44.810001,74700,44.68233
2014-06-11,44.849998,45.25,44.849998,45.150002,8100,45.021362
2014-06-10,44.82,45.049999,44.68,44.939999,19700,44.811957
2014-06-09,44.549999,45.169998,44.549999,44.900002,20900,44.772074
2014-06-06,44.16,44.66,44.16,44.41,15900,44.283469
2014-06-05,43.09,44.09,42.810001,43.970001,29300,43.844724
2014-06-04,42.700001,43.029999,42.560001,42.950001,9800,42.827629
2014-06-03,42.889999,43.00,42.50,42.82,13000,42.697999
2014-06-02,43.450001,43.450001,42.709999,42.939999,24100,42.817656
2014-05-30,43.689999,43.689999,43.220001,43.419998,17300,43.296288
2014-05-29,43.880001,43.880001,43.599998,43.689999,14400,43.565519
2014-05-28,43.630001,43.779999,43.389999,43.639999,7200,43.515662
2014-05-27,43.41,44.00,43.349998,43.77,31400,43.645293
2014-05-23,42.48,43.169998,42.48,43.110001,25200,42.987173
2014-05-22,42.220001,42.619999,42.18,42.439999,23600,42.31908
2014-05-21,42.16,42.32,41.740002,42.080002,19400,41.960109
2014-05-20,42.66,42.66,41.73,41.950001,37000,41.830478
2014-05-19,42.029999,42.849998,41.970001,42.73,22800,42.608255
2014-05-16,41.779999,42.049999,41.389999,42.029999,8000,41.910249
2014-05-15,41.59,41.73,41.029999,41.709999,31800,41.591161
2014-05-14,42.799999,42.799999,41.779999,41.84,10900,41.720791
2014-05-13,43.470001,43.470001,42.700001,42.779999,10500,42.658112
2014-05-12,42.200001,43.630001,42.200001,43.380001,24200,43.256404
2014-05-09,41.75,42.150002,41.380001,42.009998,17600,41.890305
2014-05-08,41.919998,42.759998,41.619999,41.720001,30100,41.601134
2014-05-07,42.279999,42.310001,41.50,42.029999,51100,41.910249
2014-05-06,42.84,42.860001,42.07,42.07,43400,41.950135
2014-05-05,42.790001,43.18,42.529999,43.029999,16800,42.907399
2014-05-02,43.18,43.639999,43.139999,43.139999,19100,43.017087
2014-05-01,43.07,43.790001,42.700001,43.080002,32200,42.95726
2014-04-30,42.77,43.209999,42.419998,43.16,46000,43.03703
2014-04-29,43.009998,43.25,42.84,42.98,13200,42.857543
2014-04-28,43.450001,43.529999,42.209999,42.830002,28500,42.707972
2014-04-25,44.43,44.43,43.299999,43.34,14100,43.216517
2014-04-24,44.950001,44.990002,44.209999,44.560001,24300,44.433043
2014-04-23,44.75,44.889999,44.400002,44.549999,27400,44.423069
2014-04-22,44.139999,44.93,44.07,44.689999,27000,44.56267
2014-04-21,44.040001,44.200001,43.669998,44.099998,19100,43.97435
2014-04-17,43.419998,44.200001,43.419998,44.049999,18400,43.924494
2014-04-16,43.360001,43.619999,43.040001,43.619999,11900,43.495719
2014-04-15,43.040001,43.220001,42.060001,43.09,90400,42.96723
2014-04-14,43.34,43.349998,42.52,42.869999,20000,42.747855
2014-04-11,43.450001,43.619999,42.720001,42.900002,42100,42.777772
2014-04-10,44.889999,44.900002,43.380001,43.650002,35400,43.525636
2014-04-09,44.380001,45.049999,44.189999,45.049999,22300,44.921645
2014-04-08,43.880001,44.50,43.720001,44.360001,35600,44.233612
2014-04-07,44.380001,44.450001,43.639999,43.880001,43600,43.75498
2014-04-04,46.099998,46.18,44.389999,44.720001,27800,44.592587
2014-04-03,46.150002,46.310001,45.73,45.889999,16400,45.759251
2014-04-02,46.07,46.27,46.009998,46.23,10100,46.098283
2014-04-01,45.560001,46.009998,45.560001,45.970001,27300,45.839025
2014-03-31,44.639999,45.549999,44.560001,45.360001,52000,45.230763
2014-03-28,44.610001,45.290001,44.470001,44.470001,12600,44.343299
2014-03-27,44.709999,45.049999,44.380001,44.59,32300,44.462956
2014-03-26,46.00,46.169998,44.779999,44.779999,30200,44.652413
2014-03-25,46.02,46.50,45.650002,45.740002,23000,45.609681
2014-03-24,46.439999,46.599998,45.34,45.75,16600,45.619651
2014-03-21,46.639999,47.060001,46.34,46.439999,14800,46.307684
2014-03-20,46.400002,46.77,46.209999,46.650002,37100,46.49216
2014-03-19,46.900002,46.93,46.34,46.48,11500,46.322734
2014-03-18,46.119999,46.900002,46.119999,46.869999,28700,46.711413
2014-03-17,45.91,46.330002,45.91,46.080002,19300,45.924089
2014-03-14,45.470001,45.93,45.389999,45.810001,31000,45.655002
2014-03-13,46.299999,46.369999,45.27,45.560001,36300,45.405848
2014-03-12,45.98,46.290001,45.650002,46.290001,185000,46.133378
2014-03-11,46.830002,46.93,46.00,46.060001,17400,45.904157
2014-03-10,46.830002,46.950001,46.470001,46.68,27400,46.522058
2014-03-07,47.049999,47.150002,46.77,46.880001,47000,46.721382
2014-03-06,47.150002,47.150002,46.900002,46.959999,32100,46.801109
2014-03-05,47.060001,47.09,46.82,47.07,21300,46.910738
2014-03-04,45.950001,47.200001,45.950001,47.00,13500,46.840975
2014-03-03,45.560001,45.599998,44.900002,45.450001,29200,45.29622
2014-02-28,45.98,46.299999,45.610001,45.810001,26300,45.655002
2014-02-27,45.799999,46.060001,45.619999,46.029999,34200,45.874255
2014-02-26,45.41,46.07,45.41,45.759998,38900,45.605169
2014-02-25,45.50,45.52,45.18,45.23,31000,45.076963
2014-02-24,45.299999,45.630001,45.200001,45.490002,24900,45.336085
2014-02-21,45.130001,45.240002,44.91,44.950001,24700,44.797912
2014-02-20,44.490002,45.150002,44.470001,45.099998,24900,44.947402
2014-02-19,44.740002,44.849998,44.349998,44.459999,33800,44.309568
2014-02-18,44.130001,44.790001,44.130001,44.73,39800,44.578655
2014-02-14,44.119999,44.150002,43.630001,44.130001,28300,43.980686
2014-02-13,43.330002,44.099998,43.040001,44.099998,18300,43.950785
2014-02-12,43.310001,43.540001,43.200001,43.43,27600,43.283054
2014-02-11,42.880001,43.349998,42.880001,43.16,40300,43.013967
2014-02-10,42.889999,42.939999,42.580002,42.91,31200,42.764813
2014-02-07,42.700001,43.029999,42.580002,43.02,22900,42.874442
2014-02-06,41.98,42.709999,41.970001,42.639999,18100,42.495726
2014-02-05,41.98,42.080002,41.369999,41.869999,25600,41.728331
2014-02-04,42.060001,42.330002,41.900002,42.169998,56200,42.027315
2014-02-03,43.18,43.18,41.599998,41.849998,54600,41.708398
2014-01-31,42.900002,43.450001,42.900002,43.169998,26500,43.023932
2014-01-30,43.060001,43.82,43.060001,43.759998,25800,43.611936
2014-01-29,43.200001,43.400002,42.82,42.869999,44000,42.724948
2014-01-28,43.240002,43.43,42.52,43.43,23600,43.283054
2014-01-27,43.77,43.77,42.880001,43.18,48400,43.0339
2014-01-24,44.560001,44.560001,43.509998,43.740002,152200,43.592007
2014-01-23,45.09,45.09,44.540001,44.869999,26600,44.718181
2014-01-22,44.700001,45.16,44.700001,45.150002,31600,44.997236
2014-01-21,44.610001,44.810001,44.34,44.700001,37800,44.548758
2014-01-17,44.639999,44.759998,44.34,44.50,27600,44.349433
2014-01-16,44.82,44.889999,44.619999,44.790001,28000,44.638453
2014-01-15,44.459999,44.98,44.459999,44.93,37000,44.777979
2014-01-14,43.529999,44.369999,43.529999,44.360001,58000,44.209908
2014-01-13,44.220001,44.220001,43.299999,43.470001,49800,43.32292
2014-01-10,44.220001,44.27,43.91,44.25,11700,44.100279
2014-01-09,44.490002,44.599998,44.049999,44.169998,22400,44.020548
2014-01-08,44.360001,44.490002,44.189999,44.380001,24800,44.229841
2014-01-07,43.959999,44.450001,43.869999,44.220001,48600,44.070382
2014-01-06,44.23,44.23,43.799999,43.830002,36400,43.681702
2014-01-03,43.93,44.27,43.889999,44.150002,13800,44.000619
2014-01-02,44.34,44.34,43.630001,43.950001,52700,43.801295
2013-12-31,44.290001,44.639999,44.290001,44.529999,25900,44.379331
2013-12-30,44.299999,44.439999,44.150002,44.200001,13800,44.050449
2013-12-27,44.330002,44.50,44.130001,44.25,40000,44.100279
2013-12-26,44.419998,44.639999,44.25,44.349998,20100,44.199939
2013-12-24,44.240002,44.459999,44.240002,44.349998,15600,44.199939
2013-12-23,44.00,44.200001,43.84,44.200001,34200,44.050449
2013-12-20,42.939999,43.84,42.939999,43.700001,31500,43.552141
2013-12-19,43.049999,43.080002,42.77,42.889999,21800,42.681097
2013-12-18,42.790001,43.200001,42.439999,43.080002,30200,42.870174
2013-12-17,42.610001,42.77,42.529999,42.77,14000,42.561683
2013-12-16,42.130001,42.73,42.130001,42.52,32500,42.3129
2013-12-13,41.970001,42.150002,41.799999,42.060001,10700,41.855142
2013-12-12,42.099998,42.130001,41.779999,41.970001,18600,41.76558
2013-12-11,42.560001,42.560001,42.00,42.130001,13700,41.9248
2013-12-10,42.91,42.91,42.59,42.639999,16200,42.432315
2013-12-09,43.200001,43.200001,42.709999,42.810001,25200,42.601489
2013-12-06,42.849998,43.25,42.849998,43.099998,16800,42.890073
2013-12-05,42.490002,42.91,42.490002,42.720001,16700,42.511927
2013-12-04,42.68,42.93,42.02,42.48,88900,42.273094
2013-12-03,42.639999,43.00,42.52,42.66,12100,42.452218
2013-12-02,43.52,43.52,42.650002,42.720001,30200,42.511927
2013-11-29,43.439999,43.669998,43.439999,43.48,10100,43.268224
2013-11-27,43.189999,43.400002,43.150002,43.400002,15200,43.188615
2013-11-26,42.75,43.18,42.57,43.09,17500,42.880124
2013-11-25,42.77,42.869999,42.450001,42.720001,10100,42.511927
2013-11-22,42.509998,42.779999,42.419998,42.580002,12300,42.372609
2013-11-21,41.810001,42.50,41.799999,42.490002,23900,42.283048
2013-11-20,41.990002,42.00,41.529999,41.700001,15600,41.496895
2013-11-19,42.27,42.439999,41.75,41.810001,18200,41.606359
2013-11-18,42.419998,42.669998,42.139999,42.259998,29300,42.054165
2013-11-15,42.25,42.330002,41.970001,42.240002,39200,42.034265
2013-11-14,42.279999,42.279999,42.00,42.200001,41900,41.994459
2013-11-13,41.709999,42.32,41.68,42.200001,19300,41.994459
2013-11-12,41.73,41.900002,41.639999,41.849998,31300,41.646162
2013-11-11,41.66,41.880001,41.50,41.869999,27400,41.666065
2013-11-08,41.07,41.860001,40.919998,41.68,31100,41.476991
2013-11-07,42.119999,42.119999,41.119999,41.119999,25600,40.919718
2013-11-06,42.110001,42.209999,41.830002,42.009998,57800,41.805382
2013-11-05,41.779999,41.860001,41.549999,41.849998,12700,41.646162
2013-11-04,41.369999,41.790001,41.279999,41.740002,41000,41.536701
2013-11-01,41.709999,41.709999,41.009998,41.189999,66300,40.989376
2013-10-31,41.540001,41.939999,41.459999,41.77,128500,41.566553
2013-10-30,42.310001,42.360001,41.540001,41.57,47900,41.367527
2013-10-29,42.119999,42.380001,42.049999,42.310001,31100,42.103924
2013-10-28,42.470001,42.470001,41.790001,41.91,39600,41.705871
2013-10-25,42.09,42.310001,41.84,42.02,36700,41.815336
2013-10-24,42.029999,42.220001,41.860001,42.080002,20700,41.875045
2013-10-23,42.349998,42.349998,41.66,41.919998,19800,41.71582
2013-10-22,42.509998,42.630001,42.200001,42.299999,33000,42.093971
2013-10-21,42.23,42.560001,42.209999,42.25,47300,42.044215
2013-10-18,41.919998,42.23,41.759998,42.150002,57400,41.944703
2013-10-17,41.549999,41.700001,41.259998,41.689999,36500,41.486941
2013-10-16,41.380001,41.650002,41.380001,41.540001,154300,41.337674
2013-10-15,41.799999,41.799999,41.139999,41.209999,30200,41.009279
2013-10-14,41.110001,41.740002,41.060001,41.700001,73800,41.496895
2013-10-11,40.57,41.299999,40.57,41.189999,22300,40.989376
2013-10-10,39.849998,40.810001,39.810001,40.75,35900,40.551521
2013-10-09,39.84,39.959999,39.32,39.700001,40600,39.506636
2013-10-08,40.509998,40.73,39.700001,39.849998,34400,39.655903
2013-10-07,40.889999,40.889999,40.490002,40.57,27100,40.372397
2013-10-04,40.689999,41.119999,40.48,40.939999,32000,40.740594
2013-10-03,41.09,41.189999,40.259998,40.540001,18800,40.342545
2013-10-02,40.84,41.09,40.84,41.00,64800,40.800303
2013-10-01,40.82,41.209999,40.82,41.02,27500,40.820206
2013-09-30,40.599998,40.830002,40.110001,40.75,24700,40.551521
2013-09-27,40.75,40.91,40.59,40.75,27500,40.551521
2013-09-26,40.93,41.080002,40.700001,40.990002,32300,40.790354
2013-09-25,40.950001,41.110001,40.709999,40.810001,32600,40.61123
2013-09-24,40.759998,41.200001,40.400002,40.950001,25800,40.750548
2013-09-23,40.830002,42.119999,40.43,40.799999,26500,40.601277
2013-09-20,40.560001,40.84,40.540001,40.549999,48700,40.352494
2013-09-19,40.57,40.610001,40.380001,40.509998,17700,40.312688
2013-09-18,40.240002,40.599998,39.959999,40.459999,28900,40.262932
2013-09-17,39.880001,40.139999,39.84,40.139999,6600,39.944491
2013-09-16,40.209999,40.349998,39.75,39.84,23200,39.645953
2013-09-13,39.669998,39.919998,39.48,39.860001,11900,39.665856
2013-09-12,39.959999,39.959999,39.700001,39.700001,30000,39.506636
2013-09-11,39.959999,40.029999,39.790001,39.830002,31200,39.636004
2013-09-10,39.59,39.849998,39.52,39.849998,34900,39.655903
2013-09-09,38.860001,39.349998,38.860001,39.290001,39400,39.098633
2013-09-06,39.02,39.110001,38.50,38.779999,24800,38.591115
2013-09-05,38.900002,39.099998,38.860001,38.939999,24600,38.750335
2013-09-04,38.209999,38.84,38.209999,38.84,17300,38.650824
2013-09-03,38.549999,38.860001,38.060001,38.330002,17000,38.14331
2013-08-30,38.759998,38.849998,38.09,38.139999,17200,37.954233
2013-08-29,38.240002,38.810001,38.240002,38.740002,20600,38.551313
2013-08-28,37.889999,38.299999,37.849998,38.189999,24000,38.003988
2013-08-27,38.68,38.700001,37.880001,37.939999,164900,37.755206
2013-08-26,39.049999,39.18,38.869999,38.98,16100,38.790141
2013-08-23,38.889999,39.080002,38.77,38.93,31000,38.740386
2013-08-22,38.450001,39.610001,38.450001,38.830002,15200,38.640874
2013-08-21,38.540001,38.610001,38.18,38.470001,8200,38.282627
2013-08-20,38.310001,38.630001,38.16,38.560001,9200,38.372189
2013-08-19,38.610001,38.610001,38.18,38.18,11500,37.994039
2013-08-16,38.66,38.77,38.00,38.599998,64200,38.411991
2013-08-15,39.02,39.110001,38.50,38.669998,178800,38.48165
2013-08-14,39.540001,39.630001,39.25,39.25,34700,39.058827
2013-08-13,39.360001,39.470001,39.110001,39.419998,33400,39.227997
2013-08-12,38.599998,39.330002,38.599998,39.299999,32900,39.108583
2013-08-09,38.830002,38.950001,38.560001,38.82,29500,38.630921
2013-08-08,38.779999,38.98,38.700001,38.880001,21600,38.69063
2013-08-07,38.869999,38.869999,38.529999,38.700001,19500,38.511506
2013-08-06,39.130001,39.130001,38.650002,38.799999,30900,38.611018
2013-08-05,38.700001,39.02,38.68,39.00,131500,38.810045
2013-08-02,38.68,38.720001,38.48,38.700001,41500,38.511506
2013-08-01,38.52,38.860001,38.43,38.740002,132400,38.551313
2013-07-31,38.200001,38.540001,38.200001,38.259998,26200,38.073647
2013-07-30,38.02,38.27,37.98,38.060001,22400,37.874624
2013-07-29,38.16,38.16,37.720001,37.790001,22400,37.605939
2013-07-26,38.639999,38.639999,37.880001,38.110001,25900,37.92438
2013-07-25,38.049999,38.529999,38.009998,38.50,19800,38.31248
2013-07-24,38.43,38.75,38.07,38.07,28700,37.884574
2013-07-23,38.48,38.549999,38.25,38.290001,52600,38.103504
2013-07-22,38.380001,38.380001,38.110001,38.27,32900,38.083601
2013-07-19,38.060001,38.16,37.970001,38.139999,13300,37.954233
2013-07-18,38.279999,38.43,38.200001,38.259998,21300,38.073647
2013-07-17,38.139999,38.34,38.060001,38.150002,48100,37.964186
2013-07-16,38.029999,38.130001,37.93,38.029999,85800,37.844768
2013-07-15,37.939999,38.060001,37.799999,38.049999,67600,37.864671
2013-07-12,37.580002,37.959999,37.580002,37.779999,37300,37.595986
2013-07-11,37.59,37.709999,37.400002,37.57,35800,37.387009
2013-07-10,36.93,37.290001,36.93,37.279999,92700,37.098421
2013-07-09,36.869999,37.110001,36.779999,36.98,49600,36.799883
2013-07-08,36.950001,37.540001,36.700001,36.830002,30200,36.650616
2013-07-05,37.00,37.009998,36.48,36.790001,68500,36.61081
2013-07-03,36.07,36.380001,35.900002,36.18,10700,36.00378
2013-07-02,36.080002,36.32,35.799999,35.950001,16600,35.774901
2013-07-01,35.720001,36.209999,35.720001,36.07,11600,35.894315
2013-06-28,35.59,35.810001,35.459999,35.639999,20000,35.466409
2013-06-27,35.169998,35.68,35.169998,35.68,21600,35.506215
2013-06-26,35.25,35.400002,34.970001,35.040001,20200,34.869333
2013-06-25,34.869999,35.060001,34.790001,35.040001,41500,34.869333
2013-06-24,35.080002,35.080002,34.630001,35.060001,63100,34.889236
2013-06-21,35.209999,35.310001,34.77,35.25,19600,35.078309
2013-06-20,35.490002,35.490002,34.91,35.00,15600,34.829527
2013-06-19,36.34,37.310001,35.830002,37.310001,20900,37.128277
2013-06-18,35.84,36.310001,35.84,36.150002,9000,35.973927
2013-06-17,35.75,35.869999,35.57,35.779999,8100,35.605727
2013-06-14,35.66,35.66,35.290001,35.470001,6100,35.297239
2013-06-13,35.110001,35.759998,35.07,35.759998,41400,35.585824
2013-06-12,35.799999,35.799999,35.009998,35.119999,8600,34.948942
2013-06-11,35.73,35.900002,35.34,35.580002,16100,35.406704
2013-06-10,35.830002,35.990002,35.759998,35.880001,11800,35.705242
2013-06-07,35.75,35.830002,35.490002,35.779999,55400,35.605727
2013-06-06,35.459999,35.490002,35.07,35.48,20400,35.307189
2013-06-05,35.619999,35.619999,35.200001,35.200001,24500,35.028554
2013-06-04,36.009998,36.09,35.48,35.73,17800,35.555971
2013-06-03,35.709999,36.049999,35.389999,35.880001,23500,35.705242
2013-05-31,35.939999,36.080002,35.790001,35.900002,10900,35.725145
2013-05-30,35.610001,36.060001,35.610001,35.93,25600,35.754998
2013-05-29,35.580002,35.68,35.220001,35.580002,74900,35.406704
2013-05-28,35.919998,35.950001,35.529999,35.77,17700,35.595777
2013-05-24,34.98,35.259998,34.77,35.200001,36800,35.028554
2013-05-23,34.59,35.169998,34.59,35.110001,22600,34.938992
2013-05-22,35.860001,35.860001,34.830002,34.98,12900,34.809624
2013-05-21,35.709999,36.00,35.630001,35.75,6700,35.575874
2013-05-20,35.599998,35.900002,35.599998,35.759998,32800,35.585824
2013-05-17,35.080002,35.669998,34.93,35.610001,60600,35.436557
2013-05-16,36.119999,36.119999,34.900002,34.950001,24600,34.779771
2013-05-15,34.689999,35.040001,34.689999,34.880001,11300,34.710113
2013-05-14,34.700001,34.889999,34.540001,34.82,11900,34.650404
2013-05-13,34.59,34.610001,34.380001,34.50,24600,34.331962
2013-05-10,34.279999,34.689999,34.279999,34.689999,17500,34.521036
2013-05-09,34.369999,34.369999,34.09,34.360001,10200,34.192645
2013-05-08,34.16,34.310001,33.990002,34.310001,12800,34.142889
2013-05-07,33.959999,34.18,33.830002,34.119999,17300,33.953812
2013-05-06,33.849998,34.040001,33.849998,33.939999,14700,33.774689
2013-05-03,33.41,34.02,33.110001,33.810001,26100,33.645325
2013-05-02,32.57,33.009998,32.529999,33.009998,15500,32.849218
2013-05-01,33.18,33.18,32.549999,32.549999,14600,32.391459
2013-04-30,33.110001,33.900002,32.869999,33.169998,18300,33.008439
2013-04-29,32.75,33.07,32.650002,33.009998,6700,32.849218
2013-04-26,32.950001,32.950001,32.540001,32.709999,12900,32.55068
2013-04-25,32.619999,33.049999,32.619999,32.759998,8200,32.600436
2013-04-24,32.400002,32.57,32.279999,32.529999,6600,32.371556
2013-04-23,32.139999,32.34,31.950001,32.240002,7300,32.082972
2013-04-22,31.620001,31.66,31.07,31.620001,20300,31.465991
2013-04-19,31.27,31.67,31.16,31.59,15100,31.436136
2013-04-18,31.799999,31.799999,31.24,31.33,26600,31.177402
2013-04-17,32.23,32.23,31.639999,31.780001,21000,31.625211
2013-04-16,32.259998,32.459999,32.09,32.299999,8300,32.142677
2013-04-15,32.900002,32.900002,31.940001,31.940001,19400,31.784432
2013-04-12,33.110001,33.130001,32.830002,33.080002,8600,32.918881
2013-04-11,33.50,33.610001,33.299999,33.299999,11000,33.137806
2013-04-10,32.91,33.439999,32.91,33.439999,10300,33.277124
2013-04-09,32.880001,32.919998,32.650002,32.75,9700,32.590486
2013-04-08,32.650002,32.68,32.389999,32.68,8300,32.520827
2013-04-05,32.459999,32.650002,32.259998,32.540001,29800,32.38151
2013-04-04,32.68,32.82,32.540001,32.810001,4500,32.650195
2013-04-03,33.130001,33.150002,32.639999,32.689999,40200,32.530777
2013-04-02,33.529999,33.540001,33.02,33.169998,41700,33.008439
2013-04-01,34.00,34.029999,33.25,33.41,14200,33.247271
2013-03-28,33.68,34.029999,33.619999,34.029999,9300,33.86425
2013-03-27,33.509998,33.759998,33.400002,33.700001,13500,33.53586
2013-03-26,33.75,34.32,33.549999,33.799999,15000,33.635371
2013-03-25,33.650002,33.849998,33.470001,33.599998,11300,33.436345
2013-03-22,33.540001,33.66,33.459999,33.57,33500,33.406492
2013-03-21,33.619999,33.650002,33.279999,33.529999,27800,33.366686
2013-03-20,33.529999,33.73,33.529999,33.630001,17300,33.466201
2013-03-19,33.59,33.700001,33.119999,33.400002,26700,33.237322
2013-03-18,33.610001,33.68,33.169998,33.509998,7600,33.346783
2013-03-15,33.970001,33.970001,33.73,33.740002,14600,33.575666
2013-03-14,33.82,34.07,33.82,34.07,10600,33.873208
2013-03-13,33.57,33.810001,33.560001,33.75,27900,33.555056
2013-03-12,33.650002,33.740002,33.490002,33.540001,11800,33.34627
2013-03-11,33.880001,33.880001,33.599998,33.700001,13600,33.505346
2013-03-08,33.689999,33.849998,33.580002,33.849998,21500,33.654477
2013-03-07,33.470001,33.639999,33.369999,33.639999,44400,33.445691
2013-03-06,33.400002,33.470001,33.34,33.470001,18100,33.276675
2013-03-05,32.959999,33.439999,32.959999,33.290001,18300,33.097714
2013-03-04,33.049999,33.23,32.669998,32.93,14800,32.739793
2013-03-01,32.799999,33.07,32.689999,33.049999,18200,32.859099
2013-02-28,32.860001,33.16,32.860001,32.990002,81300,32.799448
2013-02-27,32.509998,33.119999,32.509998,32.959999,26800,32.769619
2013-02-26,32.50,32.73,32.360001,32.639999,9500,32.451467
2013-02-25,33.18,33.220001,32.369999,32.380001,12400,32.192971
2013-02-22,32.889999,33.169998,32.799999,33.060001,23400,32.869043
2013-02-21,33.25,33.25,32.549999,32.73,23200,32.540948
2013-02-20,34.209999,34.209999,33.25,33.400002,23200,33.20708
2013-02-19,33.470001,33.810001,33.470001,33.810001,16600,33.614711
2013-02-15,33.73,33.77,33.369999,33.48,11700,33.286615
2013-02-14,33.400002,33.709999,33.400002,33.68,8900,33.485461
2013-02-13,33.23,33.43,33.189999,33.349998,57000,33.157365
2013-02-12,33.27,33.41,33.240002,33.310001,22800,33.117599
2013-02-11,33.200001,33.240002,32.990002,33.169998,19100,32.978405
2013-02-08,33.09,33.299999,33.09,33.240002,16300,33.048004
2013-02-07,32.970001,33.029999,32.720001,32.939999,45700,32.749734
2013-02-06,32.610001,32.93,32.610001,32.93,31300,32.739793
2013-02-05,32.439999,32.799999,32.389999,32.75,86300,32.560832
2013-02-04,32.709999,32.810001,32.349998,32.349998,24500,32.163141
2013-02-01,32.779999,32.950001,32.709999,32.799999,29800,32.610543
2013-01-31,32.27,32.540001,32.27,32.41,21300,32.222796
2013-01-30,32.509998,32.639999,32.299999,32.299999,102900,32.113431
2013-01-29,32.779999,32.779999,32.48,32.48,44100,32.292392
2013-01-28,33.029999,33.119999,32.849998,32.91,16400,32.719908
2013-01-25,33.169998,33.18,32.869999,32.970001,18900,32.779563
2013-01-24,32.75,32.959999,32.400002,32.73,21000,32.540948
2013-01-23,34.529999,34.529999,32.400002,32.59,25200,32.401757
2013-01-22,32.439999,32.610001,32.349998,32.599998,90500,32.411697
2013-01-18,32.139999,32.700001,32.139999,32.34,17100,32.153201
2013-01-17,31.99,32.32,31.99,32.139999,25500,31.954355
2013-01-16,31.870001,31.969999,31.809999,31.90,42600,31.715742
2013-01-15,31.66,31.91,31.48,31.889999,27400,31.705799
2013-01-14,31.870001,31.870001,31.68,31.809999,43400,31.626261
2013-01-11,31.799999,31.959999,31.75,31.93,33300,31.745569
2013-01-10,31.559999,31.780001,31.540001,31.780001,38000,31.596436
2013-01-09,31.389999,31.74,31.389999,31.700001,134000,31.516898
2013-01-08,31.58,31.58,31.27,31.370001,7000,31.188804
2013-01-07,31.860001,31.860001,31.57,31.59,20900,31.407533
2013-01-04,31.66,31.84,31.66,31.809999,23700,31.626261
2013-01-03,31.940001,31.940001,31.549999,31.559999,11100,31.377706
2013-01-02,31.66,31.82,31.66,31.799999,9400,31.616319
2012-12-31,30.15,30.83,30.15,30.690001,10800,30.512732
2012-12-28,30.24,30.49,30.24,30.33,13900,30.154811
2012-12-27,30.41,30.450001,30.040001,30.450001,15600,30.274118
2012-12-26,30.73,30.790001,30.389999,30.40,28000,30.224406
2012-12-24,30.68,30.68,30.440001,30.51,6000,30.333771
2012-12-21,30.43,30.559999,30.10,30.559999,14800,30.383482
2012-12-20,30.809999,31.059999,30.809999,30.99,16200,30.523667
2012-12-19,30.84,31.08,30.75,30.91,20500,30.444871
2012-12-18,30.360001,30.82,30.360001,30.82,20900,30.356225
2012-12-17,29.74,30.200001,29.74,30.18,13300,29.725856
2012-12-14,29.85,29.950001,29.74,29.799999,8100,29.351573
2012-12-13,30.290001,30.290001,29.84,30.00,6600,29.548565
2012-12-12,30.48,30.50,30.129999,30.190001,8700,29.735706
2012-12-11,30.02,30.389999,30.02,30.379999,10200,29.922846
2012-12-10,29.700001,29.889999,29.700001,29.85,5200,29.400822
2012-12-07,29.620001,29.700001,29.52,29.67,7400,29.22353
2012-12-06,29.639999,29.74,29.58,29.60,5800,29.154584
2012-12-05,29.639999,29.719999,29.389999,29.52,7200,29.075788
2012-12-04,29.620001,29.74,29.42,29.639999,5400,29.193981
2012-12-03,29.73,29.75,29.549999,29.549999,4400,29.105335
2012-11-30,29.73,29.76,29.60,29.67,10400,29.22353
2012-11-29,29.49,29.75,29.49,29.74,7600,29.292477
2012-11-28,28.90,29.370001,28.75,29.370001,18700,28.928046
2012-11-27,29.02,29.219999,29.02,29.07,5100,28.632559
2012-11-26,28.790001,29.09,28.790001,29.09,2700,28.652258
2012-11-23,28.74,28.83,28.74,28.82,3100,28.386321
2012-11-21,28.389999,28.50,28.33,28.42,6100,27.99234
2012-11-20,28.290001,28.40,28.23,28.35,2500,27.923394
2012-11-19,27.950001,28.41,27.950001,28.41,5100,27.98249
2012-11-16,27.50,27.860001,27.370001,27.85,10200,27.430918
2012-11-15,27.92,28.82,26.860001,27.620001,20600,27.204379
2012-11-14,28.50,28.50,28.00,28.030001,5200,27.608209
2012-11-13,28.530001,28.66,28.26,28.43,19200,28.00219
2012-11-12,28.790001,28.870001,28.629999,28.67,23900,28.238578
2012-11-09,28.549999,29.030001,28.549999,28.860001,331700,28.42572
2012-11-08,29.120001,29.120001,28.790001,28.790001,11700,28.356773
2012-11-07,29.219999,29.25,28.99,29.15,14700,28.711355
2012-11-06,29.879999,30.049999,29.66,29.969999,3800,29.519015
2012-11-05,29.549999,29.73,29.549999,29.67,5400,29.22353
2012-11-02,29.92,29.92,29.459999,29.459999,4700,29.016689
2012-11-01,30.030001,30.059999,29.91,30.059999,3000,29.607661
2012-10-31,29.209999,29.549999,29.209999,29.549999,5600,29.105335
2012-10-26,29.35,29.35,29.02,29.200001,7900,28.760604
2012-10-25,29.209999,29.440001,29.110001,29.18,5100,28.740904
2012-10-24,29.200001,29.209999,28.99,29.059999,5300,28.622709
2012-10-23,28.889999,29.200001,28.790001,29.190001,8200,28.750754
2012-10-22,29.120001,29.120001,29.00,29.059999,2200,28.622709
2012-10-19,29.40,29.40,28.90,28.940001,3700,28.504516
2012-10-18,29.98,29.98,29.65,29.68,6700,29.23338
2012-10-17,29.93,30.00,29.780001,29.879999,10800,29.430369
2012-10-16,29.290001,29.66,29.15,29.629999,13800,29.184131
2012-10-15,29.00,29.129999,28.93,29.10,8100,28.662108
2012-10-12,29.139999,29.139999,28.879999,28.91,2700,28.474967
2012-10-11,29.09,29.370001,29.09,29.139999,4100,28.701505
2012-10-10,29.059999,29.059999,28.93,28.959999,14200,28.524213
2012-10-09,29.389999,29.389999,29.040001,29.059999,5400,28.622709
2012-10-08,29.799999,29.799999,29.58,29.60,4500,29.154584
2012-10-05,30.15,30.389999,30.15,30.25,4800,29.794803
2012-10-04,30.129999,30.129999,29.799999,30.040001,7100,29.587964
2012-10-03,29.969999,30.200001,29.889999,29.969999,2200,29.519015
2012-10-02,30.209999,30.26,29.01,30.040001,6700,29.587964
2012-10-01,30.219999,30.280001,30.190001,30.209999,2800,29.755404
2012-09-28,30.370001,30.370001,30.18,30.18,6800,29.725856
2012-09-27,30.10,30.48,30.10,30.450001,4200,29.991794
2012-09-26,30.23,30.23,29.790001,29.799999,8900,29.351573
2012-09-25,30.99,30.99,30.200001,30.200001,6400,29.745556
2012-09-24,31.00,31.139999,30.799999,30.85,5900,30.385774
2012-09-21,31.360001,31.42,31.25,31.25,7700,30.779755
2012-09-20,31.219999,31.23,31.049999,31.08,12400,30.612313
2012-09-19,31.51,31.549999,31.389999,31.389999,7900,30.917647
2012-09-18,31.549999,31.67,31.530001,31.629999,13900,31.154036
2012-09-17,31.73,31.73,31.50,31.629999,6700,31.154036
2012-09-14,31.530001,32.02,31.43,31.91,7500,31.429823
2012-09-13,30.98,31.48,30.940001,31.34,3800,30.868401
2012-09-12,31.120001,31.120001,30.959999,31.030001,2900,30.563066
2012-09-11,31.10,31.18,30.98,31.02,4500,30.553216
2012-09-10,30.969999,31.18,30.93,30.93,4400,30.46457
2012-09-07,31.01,31.129999,31.01,31.030001,23000,30.563066
2012-09-06,30.209999,31.139999,30.209999,30.950001,9200,30.48427
2012-09-05,30.360001,30.43,30.24,30.24,14300,29.784953
2012-09-04,30.120001,30.440001,29.860001,30.40,6800,29.942545
2012-08-31,30.139999,30.209999,29.76,30.190001,5000,29.735706
2012-08-30,29.99,30.059999,29.959999,29.959999,2700,29.509166
2012-08-29,30.370001,30.49,30.26,30.469999,34600,30.011491
2012-08-28,30.049999,30.24,30.049999,30.23,6500,29.775103
2012-08-27,30.059999,30.24,29.959999,30.02,5000,29.568264
2012-08-24,29.93,30.09,29.799999,29.99,7700,29.538715
2012-08-23,29.959999,30.00,29.959999,29.959999,2200,29.509166
2012-08-22,30.190001,30.190001,30.02,30.129999,6400,29.676608
2012-08-21,30.280001,30.719999,30.280001,30.280001,5900,29.824352
2012-08-20,30.379999,30.42,30.23,30.32,15400,29.863749
2012-08-17,30.16,30.559999,30.16,30.559999,6800,30.100137
2012-08-16,29.75,30.26,29.690001,30.209999,8900,29.755404
2012-08-15,29.50,29.860001,29.370001,29.799999,3600,29.351573
2012-08-14,29.799999,29.799999,29.469999,29.49,3400,29.046239
2012-08-13,29.77,29.860001,29.48,29.780001,4100,29.331876
2012-08-10,29.889999,29.889999,29.82,29.85,2900,29.400822
2012-08-09,29.73,29.85,29.690001,29.85,3900,29.400822
2012-08-08,29.549999,29.75,29.549999,29.709999,6500,29.262928
2012-08-07,29.360001,29.889999,29.360001,29.68,5000,29.23338
2012-08-06,29.200001,29.48,29.200001,29.34,13600,28.898496
2012-08-03,28.719999,29.040001,28.719999,28.92,4500,28.484816
2012-08-02,28.24,28.389999,28.01,28.18,15100,27.755952
2012-08-01,29.129999,29.129999,28.25,28.25,10100,27.824898
2012-07-31,28.77,29.24,28.77,29.09,6900,28.652258
2012-07-30,28.90,28.90,28.690001,28.73,6100,28.297675
2012-07-27,28.08,28.959999,28.08,28.879999,9300,28.445417
2012-07-26,28.110001,28.110001,27.84,28.07,9400,27.647607
2012-07-25,27.370001,27.860001,27.370001,27.67,3400,27.253626
2012-07-24,27.700001,27.700001,27.35,27.35,2600,26.938442
2012-07-23,27.73,27.93,27.469999,27.93,12600,27.509714
2012-07-20,28.42,28.450001,28.33,28.360001,6100,27.933244
2012-07-19,28.450001,28.959999,28.450001,28.82,16000,28.386321
2012-07-18,27.879999,28.67,27.879999,28.57,11400,28.140083
2012-07-17,27.91,28.059999,27.73,27.98,9400,27.558961
2012-07-16,28.280001,28.280001,28.00,28.129999,11300,27.706703
2012-07-13,28.08,28.360001,28.08,28.360001,5400,27.933244
2012-07-12,27.940001,28.129999,27.68,28.110001,3500,27.687006
2012-07-11,28.379999,28.41,28.120001,28.26,2100,27.834748
2012-07-10,28.74,28.74,28.280001,28.280001,3500,27.854448
2012-07-09,28.959999,28.959999,28.639999,28.719999,5700,28.287825
2012-07-06,29.209999,29.26,28.870001,28.91,3800,28.474967
2012-07-05,29.58,29.83,29.549999,29.74,7700,29.292477
2012-07-03,29.25,29.65,29.25,29.65,2600,29.203831
2012-07-02,29.190001,29.190001,28.799999,28.940001,5200,28.504516
2012-06-29,28.799999,29.110001,28.700001,29.059999,8600,28.622709
2012-06-28,28.129999,28.280001,27.790001,27.98,8100,27.558961
2012-06-27,28.110001,28.35,28.110001,28.33,12200,27.903694
2012-06-26,27.73,27.940001,27.67,27.940001,7100,27.519564
2012-06-25,27.969999,27.969999,27.75,27.780001,3000,27.361971
2012-06-22,28.02,28.43,28.02,28.41,4400,27.98249
2012-06-21,28.85,28.85,27.889999,27.889999,4800,27.470315
2012-06-20,28.75,29.059999,28.74,28.85,16200,28.41587
2012-06-19,28.43,29.02,28.43,28.91,40500,28.474967
2012-06-18,28.129999,28.549999,28.129999,28.530001,21100,28.100686
2012-06-15,27.879999,28.34,27.879999,28.34,8700,27.913544
2012-06-14,27.60,27.940001,27.60,27.93,6000,27.509714
2012-06-13,28.059999,28.18,27.66,27.719999,6200,27.302873
2012-06-12,27.780001,28.09,27.73,28.09,11400,27.667306
2012-06-11,28.74,28.74,27.82,27.82,6200,27.401369
2012-06-08,27.99,28.469999,27.99,28.469999,2700,28.041587
2012-06-07,28.85,28.85,28.24,28.24,4800,27.815049
2012-06-06,28.10,28.379999,28.07,28.360001,5700,27.933244
2012-06-05,27.10,27.639999,27.10,27.60,25400,27.18468
2012-06-04,27.34,27.48,27.040001,27.290001,57000,26.879345
2012-06-01,27.790001,27.790001,27.219999,27.219999,18000,26.810397
2012-05-31,28.209999,28.209999,27.85,28.18,6300,27.755952
2012-05-30,28.41,28.41,28.219999,28.299999,5200,27.874145
2012-05-29,28.58,28.75,28.450001,28.75,6100,28.317374
2012-05-25,28.40,28.43,28.25,28.34,4300,27.913544
2012-05-24,28.68,28.68,28.129999,28.299999,8900,27.874145
2012-05-23,28.16,28.639999,28.00,28.639999,10300,28.209029
2012-05-22,28.57,28.67,27.639999,28.42,8100,27.99234
2012-05-21,28.01,28.60,27.969999,28.540001,32400,28.110535
2012-05-18,28.190001,28.440001,27.98,28.040001,46000,27.618059
2012-05-17,28.780001,28.879999,28.280001,28.33,28400,27.903694
2012-05-16,29.35,29.389999,28.889999,28.889999,92000,28.455267
2012-05-15,29.360001,29.59,29.200001,29.209999,34900,28.770451
2012-05-14,29.190001,29.379999,28.940001,29.190001,10000,28.750754
2012-05-11,29.43,29.700001,29.43,29.59,5500,29.144734
2012-05-10,29.75,29.75,29.459999,29.620001,11000,29.174284
2012-05-09,29.40,29.66,29.23,29.66,14900,29.213681
2012-05-08,29.540001,29.67,29.23,29.67,12500,29.22353
2012-05-07,29.83,29.860001,29.66,29.73,4900,29.282627
2012-05-04,30.41,30.41,29.969999,29.99,4700,29.538715
2012-05-03,30.82,30.860001,30.360001,30.540001,3800,30.08044
2012-05-02,30.98,31.18,30.620001,31.15,321300,30.681259
2012-05-01,31.02,31.540001,31.02,31.030001,10000,30.563066
2012-04-30,31.059999,31.059999,30.860001,30.860001,16600,30.395624
2012-04-27,30.93,31.25,30.76,31.209999,12000,30.740356
2012-04-26,30.77,30.99,30.77,30.92,6200,30.454721
2012-04-25,29.969999,30.50,29.969999,30.42,5700,29.962245
2012-04-24,29.809999,30.040001,29.700001,29.809999,9500,29.361423
2012-04-23,29.879999,29.879999,29.469999,29.799999,9900,29.351573
2012-04-20,30.530001,30.65,30.41,30.469999,3300,30.011491
2012-04-19,30.57,30.92,30.33,30.43,9000,29.972094
2012-04-18,30.700001,30.700001,30.389999,30.559999,36300,30.100137
2012-04-17,30.42,31.17,30.42,30.860001,8200,30.395624
2012-04-16,30.360001,30.49,30.25,30.280001,12600,29.824352
2012-04-13,30.530001,30.530001,30.290001,30.34,12600,29.883448
2012-04-12,30.24,30.790001,30.24,30.77,5700,30.306978
2012-04-11,29.969999,30.24,29.889999,30.139999,13000,29.686457
2012-04-10,30.299999,30.299999,29.73,29.75,86100,29.302327
2012-04-09,30.379999,30.51,30.16,30.42,39500,29.962245
2012-04-05,30.75,30.950001,30.75,30.91,1600,30.444871
2012-04-04,31.209999,31.209999,30.75,30.879999,12100,30.415322
2012-04-03,31.76,31.780001,31.40,31.40,52900,30.927497
2012-04-02,31.50,31.83,31.50,31.82,13800,31.341177
2012-03-30,31.74,31.76,31.389999,31.639999,8600,31.163885
2012-03-29,31.48,31.66,31.15,31.66,10700,31.183585
2012-03-28,31.969999,31.969999,31.440001,31.60,11200,31.124488
2012-03-27,32.25,32.279999,31.940001,31.940001,69100,31.459372
2012-03-26,31.98,32.25,31.93,32.240002,7000,31.754859
2012-03-23,31.219999,31.629999,31.02,31.629999,141200,31.154036
2012-03-22,31.26,31.26,31.049999,31.17,12900,30.700959
2012-03-21,31.549999,31.68,31.49,31.52,5700,31.045692
2012-03-20,31.50,31.50,31.17,31.48,15800,31.006293
2012-03-19,31.26,31.93,31.26,31.66,7900,31.183585
2012-03-16,31.57,31.59,31.379999,31.389999,225600,30.917647
2012-03-15,31.34,31.620001,31.309999,31.559999,12900,31.085089
2012-03-14,31.50,31.719999,31.200001,31.26,10100,30.789604
2012-03-13,31.08,31.620001,31.08,31.620001,7700,31.144188
2012-03-12,30.950001,30.950001,30.75,30.93,8800,30.46457
2012-03-09,30.66,31.190001,30.66,30.98,11900,30.513817
2012-03-08,30.17,30.59,30.10,30.58,5700,30.119837
2012-03-07,29.790001,30.07,29.68,30.049999,24100,29.597811
2012-03-06,30.07,30.07,29.68,29.76,116200,29.312176
2012-03-05,30.370001,30.370001,30.110001,30.280001,74800,29.824352
2012-03-02,31.139999,31.139999,30.32,30.43,236200,29.972094
2012-03-01,30.969999,31.379999,30.91,31.059999,20100,30.592613
2012-02-29,31.549999,31.60,30.85,30.85,20100,30.385774
2012-02-28,31.57,31.77,31.34,31.43,14800,30.957046
2012-02-27,31.35,31.75,31.00,31.59,32300,31.114639
2012-02-24,31.879999,31.879999,31.57,31.59,33700,31.114639
2012-02-23,31.51,31.74,31.059999,31.74,9400,31.262381
2012-02-22,31.43,31.540001,31.290001,31.360001,41500,30.8881
2012-02-21,31.90,31.90,31.370001,31.469999,16900,30.996444
2012-02-17,31.969999,31.969999,31.75,31.77,26400,31.29193
2012-02-16,31.42,31.83,31.42,31.83,22800,31.351027
2012-02-15,31.68,31.68,31.15,31.15,12700,30.681259
2012-02-14,31.33,31.41,31.309999,31.40,3900,30.927497
2012-02-13,31.379999,31.58,31.200001,31.549999,14100,31.07524
2012-02-10,31.360001,31.360001,31.01,31.18,14100,30.710808
2012-02-09,31.790001,31.85,31.440001,31.639999,18200,31.163885
2012-02-08,31.629999,31.76,31.35,31.57,18100,31.094939
2012-02-07,31.77,31.77,31.389999,31.639999,45200,31.163885
2012-02-06,31.799999,31.799999,31.59,31.639999,53300,31.163885
2012-02-03,31.66,32.139999,31.66,31.99,131700,31.508619
2012-02-02,31.280001,31.34,31.09,31.219999,7000,30.750206
2012-02-01,30.620001,31.08,30.440001,31.040001,13400,30.572916
2012-01-31,30.75,30.75,30.299999,30.469999,24800,30.011491
2012-01-30,30.549999,30.620001,30.379999,30.48,43600,30.021341
2012-01-27,30.530001,30.860001,30.469999,30.77,353900,30.306978
2012-01-26,30.73,30.799999,30.559999,30.610001,26400,30.149386
2012-01-25,30.620001,30.74,30.34,30.620001,14300,30.159236
2012-01-24,30.139999,30.60,30.139999,30.540001,33600,30.08044
2012-01-23,30.33,30.52,30.040001,30.299999,21400,29.844049
2012-01-20,30.35,30.389999,30.129999,30.389999,37100,29.932695
2012-01-19,30.15,30.40,30.08,30.18,111700,29.725856
2012-01-18,29.139999,29.889999,29.139999,29.889999,146700,29.440219
2012-01-17,29.219999,29.370001,29.10,29.129999,25400,28.691655
2012-01-13,29.049999,29.129999,28.879999,28.969999,23900,28.534063
2012-01-12,29.34,29.43,29.059999,29.42,39200,28.977292
2012-01-11,28.85,29.24,28.85,29.190001,49400,28.750754
2012-01-10,28.84,28.98,28.799999,28.879999,19600,28.445417
2012-01-09,28.33,28.52,28.129999,28.459999,20900,28.031737
2012-01-06,28.379999,28.440001,28.209999,28.280001,49600,27.854448
2012-01-05,28.030001,28.40,27.75,28.34,31100,27.913544
2012-01-04,28.190001,28.190001,27.809999,28.01,79100,27.58851
2012-01-03,28.52,28.67,28.26,28.34,422500,27.913544
2011-12-30,28.07,28.209999,28.030001,28.030001,29700,27.608209
2011-12-29,28.01,28.200001,28.01,28.190001,10800,27.765802
2011-12-28,28.24,28.26,27.799999,27.799999,7400,27.381669
2011-12-27,28.01,28.469999,28.01,28.40,8800,27.972641
2011-12-23,28.07,28.209999,28.07,28.17,4900,27.746102
2011-12-22,27.73,28.209999,27.73,28.08,16700,27.657456
2011-12-21,28.040001,28.040001,27.26,27.65,11700,27.233927
2011-12-20,27.23,28.16,27.23,28.15,10700,27.726403
2011-12-19,27.709999,27.77,26.98,26.98,6600,26.574009
2011-12-16,27.82,27.83,27.290001,27.42,5500,27.007388
2011-12-15,27.24,27.33,27.209999,27.219999,5300,26.793653
2011-12-14,27.15,27.24,26.91,27.110001,42700,26.685378
2011-12-13,28.440001,28.440001,27.459999,27.48,9100,27.049581
2011-12-12,28.110001,28.110001,27.709999,28.02,27800,27.581124
2011-12-09,27.879999,28.60,27.879999,28.60,6400,28.152039
2011-12-08,28.290001,28.290001,27.60,27.60,5500,27.167702
2011-12-07,27.879999,28.440001,27.879999,28.42,3000,27.974859
2011-12-06,28.469999,28.48,28.17,28.48,37500,28.033918
2011-12-05,28.25,28.610001,28.24,28.27,3900,27.827208
2011-12-02,27.700001,28.24,27.700001,27.870001,14100,27.433474
2011-12-01,27.99,27.99,27.67,27.809999,12900,27.374412
2011-11-30,27.309999,27.85,27.25,27.85,5300,27.413787
2011-11-29,26.24,26.469999,26.190001,26.26,10200,25.848691
2011-11-28,26.01,26.42,25.99,26.200001,10000,25.789631
2011-11-25,25.290001,25.66,25.18,25.190001,3000,24.79545
2011-11-23,25.959999,25.959999,25.50,25.610001,14100,25.208872
2011-11-22,26.450001,26.67,26.17,26.27,10200,25.858534
2011-11-21,26.75,26.75,26.35,26.610001,13100,26.193209
2011-11-18,27.32,27.370001,27.18,27.309999,2600,26.882244
2011-11-17,27.84,27.84,27.129999,27.309999,14600,26.882244
2011-11-16,28.23,28.50,27.959999,27.959999,6000,27.522063
2011-11-15,27.57,28.360001,27.52,28.309999,85700,27.866581
2011-11-14,28.200001,28.200001,27.639999,27.780001,2900,27.344883
2011-11-11,27.60,28.26,27.60,28.129999,10700,27.6894
2011-11-10,27.50,27.50,26.98,27.309999,14100,26.882244
2011-11-09,27.82,27.83,27.200001,27.200001,6300,26.773968
2011-11-08,28.40,28.549999,27.879999,28.52,4900,28.073293
2011-11-07,28.34,28.34,27.639999,28.09,5000,27.650027
2011-11-04,27.99,28.299999,27.790001,28.24,4300,27.797678
2011-11-03,27.719999,28.360001,27.200001,28.360001,6600,27.915799
2011-11-02,27.15,27.360001,26.98,27.34,6100,26.911775
2011-11-01,26.870001,27.17,26.57,26.799999,31000,26.380232
2011-10-31,27.879999,28.26,27.879999,27.91,6400,27.472846
2011-10-28,28.559999,28.82,28.48,28.690001,8500,28.24063
2011-10-27,27.82,28.68,27.75,28.440001,13700,27.994546
2011-10-26,26.950001,27.059999,26.16,27.040001,8500,26.616474
2011-10-25,27.27,27.27,26.459999,26.459999,7600,26.045557
2011-10-24,26.33,27.40,26.33,27.40,9100,26.970834
2011-10-21,26.110001,26.290001,25.93,26.26,10100,25.848691
2011-10-20,25.93,25.93,25.139999,25.65,18500,25.248244
2011-10-19,26.450001,26.450001,25.92,25.93,19100,25.52386
2011-10-18,25.90,26.68,25.42,26.68,11300,26.262112
2011-10-17,26.43,26.43,25.77,25.780001,5200,25.376209
2011-10-14,26.49,26.780001,26.35,26.620001,7300,26.203053
2011-10-13,25.85,26.32,25.76,26.23,19800,25.81916
2011-10-12,25.75,26.15,25.75,25.98,19100,25.573076
2011-10-11,25.200001,25.60,25.200001,25.50,16700,25.100594
2011-10-10,24.969999,25.32,24.82,25.23,9200,24.834823
2011-10-07,24.969999,25.120001,24.33,24.610001,10700,24.224535
2011-10-06,24.42,24.83,24.209999,24.82,15300,24.431245
2011-10-05,23.48,24.41,23.379999,24.33,62600,23.94892
2011-10-04,21.790001,23.51,21.790001,23.51,349100,23.141764
2011-10-03,23.040001,23.440001,22.08,22.08,8700,21.734162
2011-09-30,23.799999,24.049999,23.469999,23.469999,10600,23.102389
2011-09-29,24.16,24.17,23.42,23.93,13300,23.555185
2011-09-28,24.799999,24.799999,23.76,23.790001,12300,23.417379
2011-09-27,24.34,25.27,24.34,24.66,11900,24.273751
2011-09-26,23.879999,23.879999,23.299999,23.66,11400,23.289414
2011-09-23,23.24,23.85,23.190001,23.74,12800,23.368161
2011-09-22,23.469999,23.790001,22.969999,23.23,32000,22.866149
2011-09-21,24.940001,25.040001,24.18,24.18,13100,23.80127
2011-09-20,25.360001,25.639999,24.870001,24.870001,4700,24.480463
2011-09-19,25.57,25.629999,25.219999,25.52,17400,25.120282
2011-09-16,25.969999,26.08,25.75,25.91,7700,25.504172
2011-09-15,25.809999,25.93,25.57,25.92,9800,25.514016
2011-09-14,25.139999,25.90,24.969999,25.719999,3900,25.317148
2011-09-13,24.809999,25.02,24.73,24.969999,10200,24.578895
2011-09-12,23.959999,24.530001,23.959999,24.120001,17100,23.74221
2011-09-09,24.709999,24.809999,24.10,24.299999,8200,23.919389
2011-09-08,25.18,25.549999,24.82,25.02,6100,24.628113
2011-09-07,24.700001,25.43,24.700001,25.43,15200,25.031691
2011-09-06,24.030001,24.379999,23.549999,24.379999,36300,23.998136
2011-09-02,25.190001,25.190001,24.50,24.549999,14500,24.165473
2011-09-01,26.219999,26.43,25.51,25.639999,5400,25.238401
2011-08-31,26.40,26.58,25.969999,26.040001,7900,25.632137
2011-08-30,26.120001,26.42,26.10,26.42,6100,26.006184
2011-08-29,25.370001,26.25,25.370001,26.219999,86300,25.809316
2011-08-26,24.26,25.16,24.15,25.07,20000,24.677329
2011-08-25,25.34,25.34,24.389999,24.48,104700,24.09657
2011-08-24,24.91,25.389999,24.73,25.209999,34100,24.815136
2011-08-23,23.75,24.959999,23.75,24.940001,13000,24.549366
2011-08-22,23.959999,24.18,23.51,23.67,18800,23.299258
2011-08-19,23.67,24.209999,23.48,23.610001,10000,23.240198
2011-08-18,25.059999,25.059999,23.91,24.15,19500,23.771739
2011-08-17,25.809999,25.93,25.34,25.52,8700,25.120282
2011-08-16,26.049999,26.049999,25.48,25.690001,13800,25.287619
2011-08-15,25.790001,26.23,25.790001,26.23,12400,25.81916
2011-08-12,25.700001,25.76,25.209999,25.66,17400,25.258088
2011-08-11,24.41,25.83,24.389999,25.620001,31700,25.218716
2011-08-10,24.870001,25.18,24.280001,24.34,16000,23.958764
2011-08-09,24.469999,25.49,23.469999,25.43,35200,25.031691
2011-08-08,25.48,25.969999,24.18,24.24,44000,23.860329
2011-08-05,27.040001,27.040001,25.719999,26.33,75500,25.917594
2011-08-04,27.82,27.82,26.790001,26.790001,72800,26.37039
2011-08-03,27.879999,28.200001,27.290001,28.190001,44000,27.748461
2011-08-02,28.42,28.809999,27.889999,27.889999,32400,27.453159
2011-08-01,28.969999,29.049999,28.200001,28.43,11400,27.984702
2011-07-29,28.549999,28.969999,28.219999,28.67,25300,28.220943
2011-07-28,29.040001,29.290001,28.83,28.83,50500,28.378437
2011-07-27,30.030001,30.030001,29.059999,29.10,13800,28.644208
2011-07-26,30.280001,30.379999,30.200001,30.200001,9200,29.726979
2011-07-25,30.290001,30.59,30.290001,30.34,23600,29.864786
2011-07-22,30.43,30.77,30.379999,30.67,18500,30.189617
2011-07-21,30.50,30.620001,30.34,30.49,5000,30.012436
2011-07-20,30.77,30.77,30.309999,30.450001,9000,29.973063
2011-07-19,30.049999,30.719999,30.049999,30.639999,3400,30.160086
2011-07-18,30.18,30.18,29.68,29.85,12000,29.382461
2011-07-15,30.34,30.370001,30.030001,30.290001,11600,29.81557
2011-07-14,30.799999,30.950001,30.200001,30.24,9000,29.766352
2011-07-13,30.700001,31.01,30.690001,30.700001,7000,30.219148
2011-07-12,30.76,30.82,30.49,30.49,8200,30.012436
2011-07-11,31.26,31.469999,30.969999,31.00,11600,30.514448
2011-07-08,31.559999,31.65,31.42,31.639999,5500,31.144423
2011-07-07,31.68,32.080002,31.629999,31.93,11200,31.429882
2011-07-06,31.559999,31.559999,31.280001,31.43,9600,30.937713
2011-07-05,31.40,31.549999,31.360001,31.530001,16600,31.036147
2011-07-01,31.26,31.49,31.25,31.450001,160500,30.9574
2011-06-30,30.75,31.15,30.75,31.07,17000,30.583351
2011-06-29,30.68,30.690001,30.40,30.66,15900,30.179773
2011-06-28,30.209999,30.549999,30.110001,30.52,11000,30.041967
2011-06-27,29.690001,30.16,29.60,30.120001,7600,29.648232
2011-06-24,30.120001,30.129999,29.74,29.790001,7900,29.323401
2011-06-23,29.530001,30.139999,29.24,30.049999,27900,29.579327
2011-06-22,29.85,30.16,29.809999,29.82,6700,29.35293
2011-06-21,29.40,30.00,29.370001,30.00,12800,29.530111
2011-06-20,28.82,29.24,28.82,29.059999,4900,28.604834
2011-06-17,29.309999,29.360001,28.809999,28.92,122600,28.467027
2011-06-16,29.24,29.459999,28.90,29.15,33400,28.693424
2011-06-15,29.459999,29.66,29.23,29.23,31400,28.772171
2011-06-14,29.309999,29.860001,29.309999,29.76,9900,29.29387
2011-06-13,29.40,29.41,29.129999,29.129999,19900,28.673737
2011-06-10,29.65,29.65,29.110001,29.23,13100,28.772171
2011-06-09,29.700001,29.959999,29.60,29.84,42500,29.372617
2011-06-08,30.00,30.00,29.51,29.66,20500,29.195436
2011-06-07,30.17,30.33,30.01,30.09,27100,29.618701
2011-06-06,30.440001,30.48,30.049999,30.110001,11700,29.638389
2011-06-03,30.68,30.780001,30.48,30.48,14200,30.002592
2011-06-02,31.18,31.23,31.00,31.049999,7500,30.563664
2011-06-01,31.809999,31.809999,31.200001,31.209999,15400,30.721158
2011-05-31,31.74,31.98,31.51,31.98,14200,31.479098
2011-05-27,31.32,31.530001,31.23,31.379999,10600,30.888495
2011-05-26,30.73,31.200001,30.709999,31.16,27600,30.671942
2011-05-25,30.25,30.91,30.25,30.790001,27800,30.307738
2011-05-24,30.799999,30.84,30.389999,30.57,14000,30.091183
2011-05-23,30.92,30.950001,30.709999,30.74,43700,30.25852
2011-05-20,31.540001,31.709999,31.309999,31.51,30400,31.01646
2011-05-19,31.91,31.91,31.41,31.67,14100,31.173954
2011-05-18,31.030001,31.83,31.030001,31.700001,14000,31.203485
2011-05-17,31.110001,31.200001,30.879999,31.110001,40400,30.622726
2011-05-16,31.84,32.02,31.290001,31.290001,25000,30.799907
2011-05-13,32.50,32.509998,31.99,31.99,58000,31.488941
2011-05-12,31.879999,32.57,31.780001,32.380001,14000,31.872834
2011-05-11,32.619999,32.619999,31.950001,32.139999,9800,31.636592
2011-05-10,32.080002,32.639999,32.080002,32.639999,15100,32.12876
2011-05-09,31.48,31.959999,31.48,31.940001,23700,31.439725
2011-05-06,31.700001,31.940001,31.459999,31.66,14000,31.16411
2011-05-05,31.360001,31.860001,31.219999,31.43,10600,30.937713
2011-05-04,31.76,31.85,31.26,31.52,115000,31.026304
2011-05-03,32.23,32.23,31.440001,31.690001,62200,31.193641
2011-05-02,32.84,32.84,32.119999,32.119999,36700,31.616904
2011-04-29,32.419998,32.73,32.419998,32.669998,12000,32.158289
2011-04-28,32.389999,32.389999,32.200001,32.32,19400,31.813773
2011-04-27,32.110001,32.470001,32.09,32.389999,140600,31.882676
2011-04-26,31.83,32.240002,31.719999,32.150002,13900,31.646437
2011-04-25,31.76,31.809999,31.549999,31.68,16700,31.183797
2011-04-21,31.83,31.83,31.559999,31.82,34700,31.321604
2011-04-20,30.75,31.48,30.75,31.469999,49600,30.977086
2011-04-19,30.709999,30.780001,30.41,30.58,13100,30.101026
2011-04-18,30.860001,30.860001,30.370001,30.51,11600,30.032123
2011-04-15,31.00,31.24,30.790001,31.219999,20200,30.731001
2011-04-14,30.50,30.99,30.50,30.969999,37300,30.484917
2011-04-13,30.889999,31.02,30.57,30.84,37200,30.356954
2011-04-12,31.030001,31.190001,30.75,30.75,22100,30.268364
2011-04-11,31.74,31.74,31.280001,31.32,42200,30.829436
2011-04-08,32.220001,32.220001,31.559999,31.700001,21200,31.203485
2011-04-07,32.50,32.529999,32.049999,32.099998,28400,31.597217
2011-04-06,32.450001,32.450001,32.119999,32.330002,72200,31.823618
2011-04-05,32.110001,32.41,31.969999,32.16,148100,31.656279
2011-04-04,32.25,32.25,31.99,32.080002,114300,31.577534
2011-04-01,32.27,32.32,32.009998,32.049999,15400,31.548001
2011-03-31,31.90,32.110001,31.90,32.049999,19400,31.548001
2011-03-30,31.709999,32.00,31.66,32.00,86600,31.498785
2011-03-29,31.40,31.629999,31.139999,31.540001,11700,31.045991
2011-03-28,31.60,31.60,31.26,31.26,20500,30.770376
2011-03-25,31.32,31.74,31.219999,31.42,21400,30.92787
2011-03-24,31.030001,31.32,30.83,31.129999,13000,30.642411
2011-03-23,30.51,30.84,30.24,30.84,6500,30.356954
2011-03-22,30.719999,30.719999,30.469999,30.610001,12500,30.130557
2011-03-21,30.370001,30.790001,30.370001,30.709999,35900,30.228989
2011-03-18,29.82,30.030001,29.690001,30.030001,24000,29.559642
2011-03-17,29.889999,29.889999,29.51,29.540001,161500,29.077317
2011-03-16,29.790001,30.129999,29.469999,29.639999,24100,29.175749
2011-03-15,29.799999,30.139999,29.09,29.940001,70400,29.471051
2011-03-14,29.870001,30.450001,29.85,30.23,48500,29.756508
2011-03-11,30.190001,30.49,30.049999,30.280001,15600,29.805726
2011-03-10,31.200001,31.200001,30.23,30.370001,27500,29.894316
2011-03-09,31.559999,31.559999,31.17,31.209999,94400,30.721158
2011-03-08,31.059999,31.799999,30.940001,31.629999,8000,31.134579
2011-03-07,32.049999,32.049999,30.76,31.139999,31000,30.652255
2011-03-04,31.879999,31.879999,31.52,31.82,13400,31.321604
2011-03-03,31.450001,31.969999,31.450001,31.879999,15500,31.380664
2011-03-02,30.809999,31.27,30.809999,31.049999,18900,30.563664
2011-03-01,31.440001,31.549999,30.790001,30.889999,27800,30.40617
2011-02-28,31.790001,31.790001,31.139999,31.43,37300,30.937713
2011-02-25,30.99,31.49,30.950001,31.49,34900,30.996773
2011-02-24,30.209999,30.83,30.209999,30.709999,35100,30.228989
2011-02-23,31.02,31.030001,30.110001,30.27,60600,29.795882
2011-02-22,31.969999,31.969999,30.940001,31.059999,76000,30.573508
2011-02-18,32.369999,32.369999,32.02,32.119999,38400,31.616904
2011-02-17,32.23,32.330002,31.90,32.240002,24800,31.735028
2011-02-16,31.860001,32.02,31.75,32.00,50200,31.498785
2011-02-15,32.049999,32.099998,31.65,31.690001,30300,31.193641
2011-02-14,32.07,32.139999,31.90,32.110001,36700,31.607063
2011-02-11,31.389999,31.940001,31.34,31.91,38900,31.410195
2011-02-10,31.27,31.639999,31.129999,31.58,35400,31.085363
2011-02-09,31.610001,31.610001,31.15,31.280001,52900,30.790063
2011-02-08,31.299999,31.51,31.17,31.51,38200,31.01646
2011-02-07,31.34,31.629999,31.280001,31.43,117500,30.937713
2011-02-04,31.049999,31.17,30.889999,31.16,66300,30.671942
2011-02-03,30.719999,30.969999,30.51,30.85,83700,30.366798
2011-02-02,30.73,30.959999,30.65,30.780001,24300,30.297895
2011-02-01,30.280001,30.780001,30.280001,30.709999,17300,30.228989
2011-01-31,29.60,30.139999,29.60,29.99,15600,29.520267
2011-01-28,30.57,30.57,29.57,29.77,23200,29.303714
2011-01-27,30.200001,30.51,30.110001,30.50,37900,30.022279
2011-01-26,29.540001,31.07,29.540001,30.17,16700,29.697448
2011-01-25,29.690001,29.690001,29.24,29.530001,48400,29.067473
2011-01-24,29.27,29.68,29.200001,29.639999,10000,29.175749
2011-01-21,29.780001,29.780001,29.26,29.280001,26600,28.821389
2011-01-20,29.99,29.99,29.32,29.620001,25500,29.156064
2011-01-19,30.90,30.90,30.049999,30.110001,21000,29.638389
2011-01-18,30.93,30.969999,30.66,30.860001,25400,30.376641
2011-01-14,30.610001,31.02,30.530001,31.00,104700,30.514448
2011-01-13,30.51,30.67,30.35,30.50,26400,30.022279
2011-01-12,30.26,30.440001,30.209999,30.41,20100,29.933689
2011-01-11,30.00,30.190001,29.959999,30.030001,25700,29.559642
2011-01-10,29.620001,29.959999,29.370001,29.85,17500,29.382461
2011-01-07,30.02,30.02,29.23,29.709999,21200,29.244652
2011-01-06,29.809999,29.969999,29.65,29.83,22100,29.362774
2011-01-05,29.40,29.73,29.190001,29.73,120600,29.26434
2011-01-04,29.75,29.82,29.059999,29.360001,109600,28.900136
2011-01-03,29.40,29.940001,29.360001,29.83,41000,29.362774
2010-12-31,29.35,29.42,29.32,29.40,2300,28.939508
2010-12-30,29.48,29.559999,29.450001,29.459999,9100,28.998568
2010-12-29,29.43,29.51,29.379999,29.50,4400,29.037942
2010-12-28,29.50,29.50,29.34,29.459999,9400,28.998568
2010-12-27,29.51,29.559999,29.219999,29.559999,8200,29.097002
2010-12-23,29.35,29.48,29.35,29.42,13300,28.959196
2010-12-22,29.549999,29.549999,29.35,29.389999,19500,28.929665
2010-12-21,29.32,29.469999,29.32,29.43,19700,28.969039
2010-12-20,29.33,29.43,29.139999,29.23,133500,28.772171
2010-12-17,29.139999,29.23,28.90,29.200001,15000,28.742642
2010-12-16,28.82,29.129999,28.77,29.10,20300,28.585147
2010-12-15,28.860001,29.17,28.809999,28.91,11000,28.398508
2010-12-14,29.200001,29.200001,28.90,28.950001,34700,28.437801
2010-12-13,29.540001,29.540001,29.190001,29.190001,14300,28.673555
2010-12-10,29.08,29.370001,28.92,29.27,11900,28.752139
2010-12-09,29.02,29.02,28.84,28.99,4200,28.477092
2010-12-08,29.00,29.07,28.91,28.91,6000,28.398508
2010-12-07,28.92,29.10,28.879999,28.879999,8800,28.369038
2010-12-06,28.48,28.74,28.48,28.74,11400,28.231515
2010-12-03,28.23,28.58,28.23,28.58,9100,28.074346
2010-12-02,27.940001,28.219999,27.870001,28.190001,28200,27.691247
2010-12-01,27.530001,28.00,27.530001,27.889999,8100,27.396554
2010-11-30,27.35,27.35,27.00,27.08,10700,26.600885
2010-11-29,27.59,27.59,27.190001,27.50,9400,27.013454
2010-11-26,27.49,27.719999,27.49,27.68,4500,27.19027
2010-11-24,27.43,27.709999,27.43,27.709999,3500,27.219738
2010-11-23,26.870001,27.059999,26.780001,27.02,100700,26.541947
2010-11-22,26.969999,27.33,26.93,27.33,8200,26.846462
2010-11-19,26.91,27.129999,26.91,27.129999,4800,26.65
2010-11-18,26.74,27.120001,26.74,27.07,63200,26.591062
2010-11-17,26.459999,26.559999,26.389999,26.48,19800,26.0115
2010-11-16,26.780001,26.780001,26.309999,26.34,128900,25.873978
2010-11-15,27.10,27.16,26.91,27.00,8600,26.522301
2010-11-12,27.27,27.27,26.870001,27.00,4700,26.522301
2010-11-11,27.360001,27.370001,26.93,27.25,2700,26.767878
2010-11-10,27.40,27.51,27.17,27.51,2100,27.023278
2010-11-09,27.809999,27.809999,27.280001,27.280001,4400,26.797347
2010-11-08,27.559999,27.719999,27.51,27.700001,5600,27.209917
2010-11-05,27.59,27.65,27.52,27.549999,4000,27.062569
2010-11-04,27.24,27.58,27.219999,27.58,9900,27.092039
2010-11-03,26.639999,26.84,26.57,26.76,2800,26.286547
2010-11-02,26.35,26.709999,26.35,26.709999,6400,26.237431
2010-11-01,26.469999,26.59,26.049999,26.049999,5800,25.589108
2010-10-29,26.299999,26.43,26.299999,26.389999,5200,25.923093
2010-10-28,26.40,26.40,26.02,26.209999,4600,25.746277
2010-10-27,26.02,26.34,25.950001,26.34,4400,25.873978
2010-10-26,25.98,26.209999,25.98,26.08,12800,25.618578
2010-10-25,26.200001,26.23,26.08,26.139999,2900,25.677516
2010-10-22,25.60,25.860001,25.60,25.860001,11900,25.402471
2010-10-21,25.719999,25.780001,25.120001,25.469999,31000,25.01937
2010-10-20,25.52,25.690001,25.41,25.540001,9000,25.088133
2010-10-19,25.60,25.82,25.200001,25.200001,203500,24.754148
2010-10-18,25.85,25.940001,25.85,25.940001,3600,25.481055
2010-10-15,25.950001,25.950001,25.77,25.84,8200,25.382824
2010-10-14,25.700001,25.90,25.700001,25.780001,1200,25.323886
2010-10-13,25.469999,25.889999,25.469999,25.809999,2300,25.353354
2010-10-12,24.940001,25.27,24.940001,25.27,1000,24.822909
2010-10-11,25.26,25.33,25.18,25.18,1400,24.734501
2010-10-08,24.83,25.09,24.709999,25.09,6500,24.646094
2010-10-07,25.059999,25.059999,24.83,24.889999,1000,24.449631
2010-10-06,25.27,25.27,24.809999,24.809999,1900,24.371047
2010-10-05,24.66,25.18,24.66,25.18,4100,24.734501
2010-10-04,24.57,24.57,24.360001,24.49,1100,24.056709
2010-10-01,24.870001,24.870001,24.700001,24.83,1800,24.390694
2010-09-30,25.02,25.10,24.50,24.73,6300,24.292462
2010-09-29,24.790001,24.91,24.73,24.860001,4900,24.420163
2010-09-28,24.440001,24.719999,24.09,24.719999,10200,24.282639
2010-09-27,24.540001,24.58,24.379999,24.41,1800,23.978124
2010-09-24,23.93,24.540001,23.93,24.540001,3500,24.105825
2010-09-23,23.700001,24.110001,23.67,23.700001,4000,23.280687
2010-09-22,23.91,23.98,23.59,23.67,800,23.251217
2010-09-21,24.00,24.110001,24.00,24.030001,7400,23.604848
2010-09-20,23.76,24.10,23.75,24.10,2600,23.67361
2010-09-17,23.290001,23.459999,23.15,23.459999,900,23.044932
2010-09-16,23.34,23.34,23.040001,23.309999,800,22.897586
2010-09-15,23.030001,23.35,23.030001,23.35,900,22.936879
2010-09-14,23.030001,23.309999,23.01,23.299999,5100,22.887762
2010-09-13,22.690001,23.129999,22.690001,23.120001,2600,22.710949
2010-09-10,22.440001,22.459999,22.33,22.41,2400,22.013509
2010-09-09,22.68,22.68,22.33,22.41,6100,22.013509
2010-09-08,22.52,22.52,22.40,22.42,2400,22.023333
2010-09-07,22.98,22.98,22.450001,22.450001,3400,22.052803
2010-09-03,22.76,23.02,22.719999,23.02,13100,22.612718
2010-09-02,22.379999,22.559999,22.34,22.559999,4900,22.160855
2010-09-01,22.16,22.17,22.120001,22.120001,2000,21.728641
2010-08-31,21.59,21.620001,21.309999,21.43,3200,21.050849
2010-08-30,22.08,22.17,21.709999,21.709999,2200,21.325893
2010-08-27,21.629999,22.16,21.379999,22.129999,5400,21.738463
2010-08-26,21.76,21.76,21.469999,21.60,5200,21.217841
2010-08-25,21.25,21.709999,21.209999,21.709999,2000,21.325893
2010-08-24,21.52,21.52,21.42,21.42,800,21.041025
2010-08-23,21.91,21.91,21.67,21.68,2200,21.296425
2010-08-20,21.809999,21.950001,21.690001,21.940001,2900,21.551826
2010-08-19,22.290001,22.290001,22.00,22.00,800,21.610764
2010-08-18,22.26,22.41,22.26,22.41,1200,22.013509
2010-08-17,22.370001,22.389999,22.26,22.26,2200,21.866164
2010-08-16,21.879999,21.969999,21.76,21.860001,14300,21.473241
2010-08-13,21.91,21.91,21.82,21.83,4200,21.443771
2010-08-12,22.01,22.10,21.99,22.00,4600,21.610764
2010-08-11,22.690001,22.690001,22.360001,22.41,1011900,22.013509
2010-08-10,23.67,23.67,23.27,23.42,3000,23.00564
2010-08-09,23.809999,24.02,23.719999,24.02,5800,23.595025
2010-08-06,23.51,23.51,23.51,23.51,100,23.094048
2010-08-05,24.00,24.00,24.00,24.00,000,23.575378
2010-08-04,24.00,24.00,24.00,24.00,000,23.575378
2010-08-03,24.00,24.00,24.00,24.00,100,23.575378
2010-08-02,23.91,24.00,23.85,24.00,1900,23.575378
2010-07-30,23.780001,23.780001,23.700001,23.77,2000,23.349448
2010-07-29,23.93,23.93,23.75,23.75,1000,23.329802
2010-07-28,24.219999,24.219999,23.889999,23.889999,900,23.467324
2010-07-27,24.809999,24.809999,24.530001,24.530001,2000,24.096002
2010-07-26,24.50,24.610001,24.50,24.58,2600,24.145117
2010-07-23,23.530001,23.530001,23.530001,23.530001,000,23.113695
2010-07-22,23.530001,23.530001,23.530001,23.530001,300,23.113695
2010-07-21,22.629999,22.629999,22.629999,22.629999,5100,22.229616
2010-07-20,22.549999,22.98,22.540001,22.98,7500,22.573424
2010-07-19,22.700001,22.700001,22.690001,22.690001,200,22.288556
2010-07-16,22.99,22.99,22.610001,22.610001,600,22.209972
2010-07-15,23.49,23.49,23.08,23.219999,6700,22.809178
2010-07-14,23.65,23.65,23.52,23.52,5600,23.103871
2010-07-13,22.950001,23.610001,22.950001,23.610001,13600,23.192279
2010-07-12,22.85,22.85,22.73,22.73,500,22.327848
2010-07-09,22.700001,22.91,22.639999,22.91,6400,22.504663
2010-07-08,22.530001,22.530001,22.530001,22.530001,4100,22.131387
2010-07-07,22.030001,22.030001,22.030001,22.030001,1000,21.640233
2010-07-06,22.200001,22.26,22.07,22.07,12400,21.679525
2010-07-02,21.809999,21.809999,21.809999,21.809999,200,21.424125
2010-07-01,22.51,22.51,22.51,22.51,000,22.111741
2010-06-30,22.540001,22.540001,22.51,22.51,400,22.111741
2010-06-29,22.52,22.59,22.290001,22.290001,5400,21.895634
2010-06-28,22.870001,22.870001,22.870001,22.870001,000,22.465372
2010-06-25,22.870001,22.870001,22.870001,22.870001,600,22.465372
2010-06-24,23.299999,23.299999,23.299999,23.299999,000,22.887762
2010-06-23,23.549999,23.549999,23.299999,23.299999,600,22.887762
2010-06-22,24.08,24.08,23.76,23.76,800,23.339625
2010-06-21,23.860001,23.860001,23.860001,23.860001,100,23.437856
2010-06-18,24.190001,24.190001,24.08,24.08,1000,23.653963
2010-06-17,23.940001,23.940001,23.940001,23.940001,000,23.51644
2010-06-16,24.00,24.00,23.92,23.940001,600,23.51644
2010-06-15,23.98,23.98,23.98,23.98,200,23.555732
2010-06-14,23.43,23.52,23.43,23.52,1200,23.103871
2010-06-11,23.10,23.129999,23.10,23.129999,400,22.72077
2010-06-10,22.549999,22.709999,22.549999,22.709999,200,22.308201
2010-06-09,22.389999,22.50,22.219999,22.50,600,22.101917
2010-06-08,22.790001,22.790001,22.790001,22.790001,000,22.386787
2010-06-07,23.200001,23.200001,22.790001,22.790001,2200,22.386787
2010-06-04,24.18,24.18,24.18,24.18,000,23.752194
2010-06-03,24.18,24.18,24.18,24.18,200,23.752194
2010-06-02,23.209999,23.74,23.209999,23.74,1800,23.319978
2010-06-01,23.719999,23.719999,23.18,23.18,2600,22.769887
2010-05-28,24.110001,24.110001,24.110001,24.110001,000,23.683433
2010-05-27,23.860001,24.110001,23.85,24.110001,800,23.683433
2010-05-26,23.75,23.75,23.190001,23.190001,1400,22.77971
2010-05-25,22.58,23.059999,22.440001,23.059999,1100,22.652009
2010-05-24,23.50,23.530001,23.43,23.530001,700,23.113695
2010-05-21,23.809999,23.809999,23.690001,23.690001,300,23.270864
2010-05-20,23.950001,23.950001,23.50,23.540001,12000,23.123518
2010-05-19,24.059999,24.35,24.059999,24.35,1100,23.919186
2010-05-18,25.34,25.34,24.549999,24.66,1100,24.223701
2010-05-17,24.66,25.120001,24.66,25.120001,2200,24.675564
2010-05-14,24.90,24.959999,24.76,24.959999,1600,24.518393
2010-05-13,25.91,25.92,25.48,25.48,3700,25.029193
2010-05-12,25.33,25.530001,25.33,25.51,4300,25.058663
2010-05-11,24.16,25.35,23.68,25.02,1600,24.577332
2010-05-10,24.610001,24.75,24.610001,24.75,2000,24.312109
2010-05-07,23.84,24.219999,23.790001,23.82,2600,23.398563
2010-05-06,24.959999,25.370001,17.52,25.370001,18600,24.92114
2010-05-05,25.290001,25.50,25.030001,25.32,1600,24.872024
2010-05-04,26.15,26.15,25.559999,25.559999,4000,25.107777
2010-05-03,26.08,26.42,26.02,26.42,15900,25.952562
2010-04-30,26.98,26.98,25.969999,25.969999,3200,25.510523
2010-04-29,26.639999,26.93,26.469999,26.93,10200,26.453539
2010-04-28,26.450001,26.559999,26.450001,26.559999,5800,26.090085
2010-04-27,27.00,27.15,26.66,26.66,8600,26.188316
2010-04-26,26.969999,27.26,26.959999,27.09,2300,26.610709
2010-04-23,26.90,27.08,26.83,27.08,2500,26.600885
2010-04-22,26.450001,26.950001,26.40,26.950001,2600,26.473186
2010-04-21,26.700001,26.700001,26.549999,26.549999,2500,26.080262
2010-04-20,26.35,26.52,26.309999,26.469999,4500,26.001677
2010-04-19,26.18,26.18,25.75,26.110001,1400,25.648048
2010-04-16,26.50,26.50,26.049999,26.18,3600,25.716809
2010-04-15,26.59,26.610001,26.50,26.610001,7300,26.139201
2010-04-14,26.26,26.450001,26.26,26.450001,5300,25.982032
2010-04-13,25.559999,25.639999,25.51,25.639999,1400,25.186362
2010-04-12,25.370001,25.59,25.370001,25.59,5000,25.137247
2010-04-09,25.389999,25.389999,25.33,25.389999,13500,24.940785
2010-04-08,25.43,25.43,25.190001,25.370001,2700,24.92114
2010-04-07,25.49,25.559999,25.43,25.51,6600,25.058663
