Date,Open,High,Low,Close,Volume,Adj Close
2013-04-22,9.20,9.20,9.20,9.20,000,9.20
2013-04-19,9.20,9.20,9.20,9.20,000,9.20
2013-04-18,9.20,9.20,9.20,9.20,000,9.20
2013-04-17,9.20,9.20,9.20,9.20,000,9.20
2013-04-16,9.20,9.20,9.20,9.20,000,9.20
2013-04-15,9.20,9.20,9.20,9.20,000,9.20
2013-04-12,9.20,9.20,9.20,9.20,000,9.20
2013-04-11,9.17,9.20,9.17,9.20,235100,9.20
2013-04-10,9.16,9.18,9.16,9.18,29900,9.18
2013-04-09,9.17,9.18,9.17,9.17,25700,9.17
2013-04-08,9.19,9.19,9.17,9.18,21100,9.18
2013-04-05,9.17,9.18,9.16,9.17,25500,9.17
2013-04-04,9.16,9.19,9.16,9.18,14300,9.18
2013-04-03,9.17,9.18,9.16,9.16,59100,9.16
2013-04-02,9.19,9.19,9.16,9.16,69800,9.16
2013-04-01,9.16,9.19,9.16,9.17,29400,9.17
2013-03-29,9.17,9.17,9.17,9.17,000,9.17
2013-03-28,9.18,9.18,9.16,9.17,69000,9.17
2013-03-27,9.16,9.17,9.16,9.16,50100,9.16
2013-03-26,9.16,9.17,9.13,9.16,110800,9.16
2013-03-25,9.14,9.15,9.13,9.13,13200,9.13
2013-03-22,9.14,9.16,9.13,9.15,9900,9.15
2013-03-21,9.14,9.15,9.13,9.14,11300,9.14
2013-03-20,9.14,9.16,9.13,9.16,13000,9.16
2013-03-19,9.15,9.17,9.14,9.14,23100,9.14
2013-03-18,9.12,9.16,9.12,9.16,11800,9.16
2013-03-15,9.18,9.18,9.13,9.13,33700,9.13
2013-03-14,9.13,9.16,9.13,9.16,140800,9.16
2013-03-13,9.14,9.15,9.13,9.14,17900,9.14
2013-03-12,9.13,9.16,9.12,9.14,23400,9.14
2013-03-11,9.13,9.16,9.12,9.15,32300,9.15
2013-03-08,9.18,9.18,9.15,9.16,96500,9.16
2013-03-07,9.15,9.16,9.132,9.16,78400,9.16
2013-03-06,9.14,9.16,9.14,9.16,8600,9.16
2013-03-05,9.14,9.16,9.14,9.16,44500,9.16
2013-03-04,9.14,9.152,9.14,9.14,40300,9.14
2013-03-01,9.13,9.17,9.13,9.15,13300,9.15
2013-02-28,9.16,9.16,9.13,9.15,8100,9.15
2013-02-27,9.13,9.17,9.13,9.15,104500,9.15
2013-02-26,9.13,9.17,9.13,9.14,18200,9.14
2013-02-25,9.16,9.17,9.13,9.13,44500,9.13
2013-02-22,9.19,9.19,9.14,9.16,14700,9.16
2013-02-21,9.15,9.17,9.15,9.15,15900,9.15
2013-02-20,9.15,9.18,9.13,9.14,61600,9.14
2013-02-19,9.13,9.16,9.13,9.15,21500,9.15
2013-02-18,9.13,9.13,9.13,9.13,000,9.13
2013-02-15,9.19,9.19,9.13,9.13,39900,9.13
2013-02-14,9.1501,9.17,9.14,9.15,5800,9.15
2013-02-13,9.17,9.20,9.14,9.14,35800,9.14
2013-02-12,9.16,9.16,9.13,9.15,74000,9.15
2013-02-11,9.13,9.23,9.13,9.17,205700,9.17
2013-02-08,9.14,9.17,9.12,9.13,1051300,9.13
2013-02-07,9.13,9.16,9.13,9.16,5900,9.16
2013-02-06,9.14,9.17,9.13,9.15,24300,9.15
2013-02-05,9.12,9.15,9.12,9.15,52400,9.15
2013-02-04,9.15,9.22,9.12,9.12,134200,9.12
2013-02-01,9.17,9.17,9.13,9.15,45300,9.15
2013-01-31,9.17,9.18,9.14,9.15,85100,9.15
2013-01-30,9.14,9.19,9.13,9.15,253800,9.15
2013-01-29,9.12,9.14,9.11,9.13,2474500,9.13
2013-01-28,9.01,9.065,9.01,9.05,15300,9.05
2013-01-25,9.06,9.06,8.81,9.04,8200,9.04
2013-01-24,9.03,9.07,9.02,9.04,15400,9.04
2013-01-23,9.00,9.12,8.99,9.04,131400,9.04
2013-01-22,9.05,9.10,8.98,9.00,71400,9.00
2013-01-21,9.05,9.05,9.05,9.05,000,9.05
2013-01-18,8.93,9.05,8.81,9.05,13800,9.05
2013-01-17,9.08,9.08,8.90,8.97,5800,8.97
2013-01-16,8.95,9.1498,8.95,9.06,15100,9.06
2013-01-15,8.97,9.04,8.84,8.93,5800,8.93
2013-01-14,8.99,9.05,8.99,9.03,3200,9.03
2013-01-11,9.08,9.09,9.03,9.03,31200,9.03
2013-01-10,9.05,9.0888,9.01,9.06,23200,9.06
2013-01-09,9.05,9.06,8.99,9.06,8900,9.06
2013-01-08,9.00,9.05,8.99,9.04,24500,9.04
2013-01-07,9.00,9.05,8.99,9.01,8000,9.01
2013-01-04,9.00,9.06,8.99,9.03,13900,9.03
2013-01-03,9.00,9.06,8.99,8.99,22200,8.99
2013-01-02,8.99,9.11,8.99,9.04,88800,9.04
2013-01-01,8.91,8.91,8.91,8.91,000,8.91
2012-12-31,8.80,8.95,8.80,8.91,34200,8.91
2012-12-28,8.85,8.85,8.65,8.74,40600,8.74
2012-12-27,8.88,8.92,8.85,8.85,6800,8.85
2012-12-26,8.80,8.95,8.78,8.86,6100,8.86
2012-12-25,8.80,8.80,8.80,8.80,000,8.80
2012-12-24,8.96,8.97,8.80,8.80,24000,8.80
2012-12-21,9.08,9.08,8.78,8.98,155900,8.98
2012-12-20,8.94,9.12,8.94,9.12,98800,9.12
2012-12-19,8.93,8.98,8.85,8.97,52100,8.97
2012-12-18,8.92,8.95,8.89,8.95,46100,8.95
2012-12-17,8.92,8.94,8.83,8.93,253200,8.93
2012-12-14,8.92,8.97,8.85,8.92,53000,8.92
2012-12-13,8.94,8.98,8.895,8.95,23300,8.95
2012-12-12,8.93,8.98,8.77,8.91,44100,8.91
2012-12-11,8.93,8.95,8.85,8.95,46400,8.95
2012-12-10,8.90,8.92,8.85,8.92,14100,8.92
2012-12-07,8.85,8.94,8.80,8.87,245700,8.87
2012-12-06,8.84,8.94,8.84,8.84,52600,8.84
2012-12-05,8.88,8.89,8.79,8.87,27900,8.87
2012-12-04,8.83,8.89,8.721,8.88,88000,8.88
2012-12-03,8.82,8.85,8.80,8.84,34100,8.84
2012-11-30,8.84,8.84,8.7972,8.80,75900,8.80
2012-11-29,8.80,8.83,8.79,8.81,49300,8.81
2012-11-28,8.75,8.82,8.75,8.82,36000,8.82
2012-11-27,8.77,8.78,8.75,8.76,24000,8.76
2012-11-26,8.80,8.8101,8.75,8.77,40400,8.77
2012-11-23,8.80,8.82,8.80,8.81,7400,8.81
2012-11-22,8.81,8.81,8.81,8.81,000,8.81
2012-11-21,8.83,8.83,8.80,8.81,12200,8.81
2012-11-20,8.79,8.83,8.62,8.80,43500,8.80
2012-11-19,8.80,8.83,8.79,8.83,60300,8.83
2012-11-16,8.77,8.82,8.64,8.80,54500,8.80
2012-11-15,8.80,8.81,8.78,8.79,22200,8.79
2012-11-14,8.79,8.84,8.75,8.80,62700,8.80
2012-11-13,8.78,8.84,8.78,8.79,13000,8.79
2012-11-12,8.80,8.82,8.60,8.79,40400,8.79
2012-11-09,8.81,8.82,8.74,8.77,35200,8.77
2012-11-08,8.78,8.83,8.78,8.80,26300,8.80
2012-11-07,8.79,8.83,8.50,8.78,124000,8.78
2012-11-06,8.81,8.90,8.78,8.83,145800,8.83
2012-11-05,8.52,8.60,8.41,8.53,11800,8.53
2012-11-02,8.56,8.60,8.48,8.49,25600,8.49
2012-11-01,8.56,8.59,8.48,8.54,25800,8.54
2012-10-31,8.48,8.59,8.48,8.58,6000,8.58
2012-10-30,8.50,8.50,8.50,8.50,000,8.50
2012-10-29,8.50,8.50,8.50,8.50,000,8.50
2012-10-26,8.53,8.64,8.46,8.50,12600,8.50
2012-10-25,8.51,8.60,8.51,8.56,19600,8.56
2012-10-24,8.51,8.59,8.51,8.54,12500,8.54
2012-10-23,8.52,8.60,8.51,8.53,12800,8.53
2012-10-22,8.51,8.53,8.40,8.50,5200,8.50
2012-10-19,8.63,8.77,8.47,8.50,25500,8.50
2012-10-18,8.74,8.80,8.69,8.69,12400,8.69
2012-10-17,8.76,8.80,8.75,8.77,6200,8.77
2012-10-16,8.80,8.80,8.70,8.76,9700,8.76
2012-10-15,8.71,8.81,8.70,8.77,15000,8.77
2012-10-12,8.68,8.77,8.66,8.70,7600,8.70
2012-10-11,8.68,8.70,8.60,8.70,17400,8.70
2012-10-10,8.59,8.73,8.25,8.62,36500,8.62
2012-10-09,8.59,8.63,8.52,8.58,13700,8.58
2012-10-08,8.59,8.74,8.57,8.65,3500,8.65
2012-10-05,8.65,8.78,8.63,8.64,201900,8.64
2012-10-04,8.67,8.67,8.58,8.66,14500,8.66
2012-10-03,8.67,8.74,8.57,8.65,27200,8.65
2012-10-02,8.65,8.65,8.60,8.65,18100,8.65
2012-10-01,8.61,8.75,8.50,8.69,22300,8.69
2012-09-28,8.62,8.65,8.60,8.60,14800,8.60
2012-09-27,8.70,8.70,8.57,8.64,20200,8.64
2012-09-26,8.69,8.69,8.59,8.69,64300,8.69
2012-09-25,8.70,8.74,8.61,8.65,27900,8.65
2012-09-24,8.61,8.77,8.61,8.70,18000,8.70
2012-09-21,8.67,8.67,8.54,8.60,65500,8.60
2012-09-20,8.63,8.63,8.48,8.57,28100,8.57
2012-09-19,8.75,8.75,8.61,8.66,19600,8.66
2012-09-18,8.71,8.76,8.70,8.71,14500,8.71
2012-09-17,8.60,8.72,8.60,8.69,30300,8.69
2012-09-14,8.80,8.80,8.52,8.66,41900,8.66
2012-09-13,8.36,8.83,8.36,8.77,144200,8.77
2012-09-12,8.45,8.45,8.34,8.44,26600,8.44
2012-09-11,8.20,8.43,8.20,8.43,19800,8.43
2012-09-10,8.08,8.38,8.08,8.35,40700,8.35
2012-09-07,8.44,8.46,8.35,8.43,21000,8.43
2012-09-06,8.40,8.44,8.34,8.40,29200,8.40
2012-09-05,8.37,8.40,8.34,8.34,29400,8.34
2012-09-04,8.28,8.37,8.24,8.34,22700,8.34
2012-09-03,8.32,8.32,8.32,8.32,000,8.32
2012-08-31,8.30,8.34,8.30,8.32,22300,8.32
2012-08-30,8.30,8.34,8.26,8.29,28100,8.29
2012-08-29,8.30,8.36,8.29,8.32,20800,8.32
2012-08-28,8.35,8.35,8.29,8.34,132200,8.34
2012-08-27,8.33,8.35,8.09,8.33,64400,8.33
2012-08-24,8.25,8.33,8.231,8.31,37900,8.31
2012-08-23,8.25,8.31,8.24,8.29,13700,8.29
2012-08-22,8.30,8.35,8.24,8.28,31200,8.28
2012-08-21,8.32,8.39,8.31,8.36,36800,8.36
2012-08-20,8.24,8.38,8.10,8.33,120400,8.33
2012-08-17,8.31,8.38,8.24,8.35,30600,8.35
2012-08-16,8.24,8.42,8.24,8.34,73900,8.34
2012-08-15,8.14,8.21,8.09,8.21,219200,8.21
2012-08-14,8.11,8.16,8.01,8.14,205100,8.14
2012-08-13,8.00,8.25,7.94,8.07,291700,8.07
2012-08-10,6.45,6.58,6.44,6.55,11900,6.55
2012-08-09,6.54,6.67,6.50,6.58,12200,6.58
2012-08-08,6.53,6.60,6.50,6.58,7100,6.58
2012-08-07,6.66,6.66,6.47,6.58,20900,6.58
2012-08-06,6.52,6.74,6.52,6.71,10800,6.71
2012-08-03,6.38,6.591,6.31,6.55,18300,6.55
2012-08-02,6.44,6.46,6.36,6.37,15000,6.37
2012-08-01,6.78,6.78,6.32,6.44,47400,6.44
2012-07-31,6.68,6.97,6.67,6.76,15700,6.76
2012-07-30,6.98,6.9999,6.67,6.72,18700,6.72
2012-07-27,6.78,6.98,6.74,6.96,26000,6.96
2012-07-26,6.89,6.89,6.78,6.82,62100,6.82
2012-07-25,6.80,6.91,6.77,6.82,7800,6.82
2012-07-24,6.76,6.90,6.63,6.88,35300,6.88
2012-07-23,7.13,7.145,6.76,6.90,34600,6.90
2012-07-20,7.34,7.36,7.18,7.20,13800,7.20
2012-07-19,7.49,7.49,7.39,7.39,11800,7.39
2012-07-18,7.43,7.49,7.38,7.48,19300,7.48
2012-07-17,7.35,7.49,7.20,7.47,20900,7.47
2012-07-16,7.37,7.37,7.20,7.30,9500,7.30
2012-07-13,7.30,7.49,7.30,7.45,16900,7.45
2012-07-12,7.33,7.33,7.18,7.31,14700,7.31
2012-07-11,6.93,7.27,6.93,7.22,20500,7.22
2012-07-10,7.17,7.32,6.98,7.03,14600,7.03
2012-07-09,7.29,7.2999,7.01,7.15,15400,7.15
2012-07-06,7.37,7.44,6.95,7.27,13400,7.27
2012-07-05,7.38,7.48,7.34,7.42,9500,7.42
2012-07-04,7.44,7.44,7.44,7.44,000,7.44
2012-07-03,7.44,7.49,7.31,7.44,15400,7.44
2012-07-02,7.45,7.47,7.37,7.47,39500,7.47
2012-06-29,7.22,7.495,7.22,7.485,55800,7.485
2012-06-28,7.39,7.41,7.23,7.32,17300,7.32
2012-06-27,7.50,7.50,6.78,7.44,38900,7.44
2012-06-26,7.39,7.49,7.39,7.45,24100,7.45
2012-06-25,7.21,7.53,7.08,7.45,54800,7.45
2012-06-22,7.30,7.49,7.15,7.30,1682500,7.30
2012-06-21,7.11,7.41,6.96,7.32,77900,7.32
2012-06-20,7.03,7.49,6.85,7.37,56200,7.37
2012-06-19,7.25,7.34,6.85,7.25,52500,7.25
2012-06-18,6.62,7.45,6.48,7.37,99500,7.37
2012-06-15,6.76,6.95,6.65,6.80,38200,6.80
2012-06-14,6.795,6.95,6.65,6.94,59200,6.94
2012-06-13,6.80,6.85,6.64,6.84,33900,6.84
2012-06-12,6.59,6.80,6.57,6.79,17500,6.79
2012-06-11,6.73,6.80,6.39,6.48,34400,6.48
2012-06-08,6.60,6.75,6.36,6.75,23400,6.75
2012-06-07,6.57,6.73,6.30,6.60,8700,6.60
2012-06-06,6.50,6.68,6.45,6.50,69600,6.50
2012-06-05,6.66,6.68,6.34,6.50,9700,6.50
2012-06-04,6.88,7.00,6.66,6.80,51600,6.80
2012-06-01,7.04,7.05,7.00,7.03,29400,7.03
2012-05-31,6.86,7.21,6.80,7.10,20400,7.10
2012-05-30,6.85,6.96,6.764,6.92,3000,6.92
2012-05-29,6.90,6.925,6.80,6.92,5500,6.92
2012-05-28,6.90,6.90,6.90,6.90,000,6.90
2012-05-25,6.63,6.95,6.62,6.90,7100,6.90
2012-05-24,6.96,6.99,6.71,6.98,2500,6.98
2012-05-23,6.93,7.00,6.50,7.00,10800,7.00
2012-05-22,6.55,7.10,6.55,6.89,29500,6.89
2012-05-21,6.45,6.65,6.33,6.51,26700,6.51
2012-05-18,6.34,6.55,6.25,6.50,68700,6.50
2012-05-17,6.34,6.43,6.268,6.36,11400,6.36
2012-05-16,6.30,6.30,6.25,6.30,8500,6.30
2012-05-15,6.25,6.28,6.205,6.25,29400,6.25
2012-05-14,6.35,6.35,6.2001,6.21,35000,6.21
2012-05-11,6.30,6.35,6.20,6.25,8300,6.25
2012-05-10,6.17,6.32,6.17,6.28,2000,6.28
2012-05-09,6.20,6.25,6.15,6.20,27900,6.20
2012-05-08,6.15,6.20,6.15,6.15,8800,6.15
2012-05-07,6.18,6.239,6.05,6.16,14700,6.16
2012-05-04,6.23,6.25,6.12,6.12,6200,6.12
2012-05-03,6.22,6.36,6.15,6.30,7400,6.30
2012-05-02,6.26,6.31,6.20,6.25,4700,6.25
2012-05-01,6.16,6.35,6.06,6.35,23900,6.35
2012-04-30,6.05,6.2199,6.05,6.19,13500,6.19
2012-04-27,6.11,6.16,6.05,6.10,64400,6.10
2012-04-26,6.24,6.24,6.18,6.24,1200,6.24
2012-04-25,5.90,6.20,5.83,6.17,61100,6.17
2012-04-24,5.70,5.85,5.70,5.76,4200,5.76
2012-04-23,5.91,5.91,5.60,5.60,4600,5.60
2012-04-20,5.97,5.97,5.80,5.91,6300,5.91
2012-04-19,5.8787,5.97,5.8787,5.97,600,5.97
2012-04-18,5.97,5.99,5.881,5.96,2300,5.96
2012-04-17,6.00,6.01,5.919,6.01,26300,6.01
2012-04-16,6.00,6.00,5.89,6.00,12000,6.00
2012-04-13,5.97,6.02,5.95,6.005,35500,6.005
2012-04-12,5.93,5.96,5.93,5.96,15000,5.96
2012-04-11,5.96,5.98,5.88,5.96,9400,5.96
2012-04-10,5.85,5.93,5.85,5.93,9800,5.93
2012-04-09,5.99,5.99,5.86,5.88,47900,5.88
2012-04-06,6.0193,6.0193,6.0193,6.0193,000,6.0193
2012-04-05,6.00,6.02,6.00,6.0193,1600,6.0193
2012-04-04,5.98,6.00,5.97,6.00,15400,6.00
2012-04-03,6.00,6.02,5.97,6.02,8600,6.02
2012-04-02,5.98,6.00,5.98,6.00,5300,6.00
2012-03-30,5.99,6.03,5.9101,5.99,10900,5.99
2012-03-29,5.87,6.00,5.86,5.98,6100,5.98
2012-03-28,5.82,5.93,5.80,5.86,7900,5.86
2012-03-27,5.84,5.9499,5.80,5.885,13100,5.885
2012-03-26,5.90,5.955,5.89,5.90,8400,5.90
2012-03-23,6.00,6.03,5.96,5.99,5000,5.99
2012-03-22,6.00,6.026,5.92,6.00,4200,6.00
2012-03-21,6.02,6.02,5.92,5.97,3000,5.97
2012-03-20,6.05,6.05,5.98,6.05,7800,6.05
2012-03-19,6.00,6.05,6.00,6.05,18500,6.05
2012-03-16,6.00,6.03,6.00,6.00,12500,6.00
2012-03-15,6.00,6.03,6.00,6.03,24600,6.03
2012-03-14,6.05,6.05,6.00,6.01,13800,6.01
2012-03-13,6.00,6.05,6.00,6.04,14000,6.04
2012-03-12,6.02,6.05,6.01,6.04,1200,6.04
2012-03-09,6.04,6.05,6.00,6.05,26300,6.05
2012-03-08,6.00,6.031,6.00,6.01,30700,6.01
2012-03-07,6.01,6.05,6.00,6.04,19600,6.04
2012-03-06,6.00,6.05,6.00,6.04,14900,6.04
2012-03-05,6.00,6.10,5.96,5.96,25100,5.96
2012-03-02,6.01,6.01,6.00,6.00,13400,6.00
2012-03-01,6.03,6.08,6.00,6.00,33200,6.00
2012-02-29,6.00,6.065,6.00,6.01,32400,6.01
2012-02-28,6.00,6.06,6.00,6.00,5900,6.00
2012-02-27,6.00,6.051,6.00,6.04,6900,6.04
2012-02-24,6.00,6.05,6.00,6.01,2100,6.01
2012-02-23,5.99,6.07,5.96,6.0066,25700,6.0066
2012-02-22,6.00,6.02,5.96,6.00,19600,6.00
2012-02-21,5.91,6.0693,5.91,6.01,10100,6.01
2012-02-20,6.00,6.00,6.00,6.00,000,6.00
2012-02-17,5.72,6.11,5.70,6.00,77200,6.00
2012-02-16,5.87,6.04,5.87,5.97,25600,5.97
2012-02-15,5.82,5.90,5.80,5.87,12600,5.87
2012-02-14,5.80,5.85,5.79,5.81,10000,5.81
2012-02-13,5.68,5.82,5.67,5.82,11800,5.82
2012-02-10,5.70,5.86,5.70,5.79,51800,5.79
2012-02-09,5.75,5.82,5.719,5.80,14300,5.80
2012-02-08,5.75,5.79,5.68,5.79,42900,5.79
2012-02-07,5.60,5.77,5.59,5.76,58600,5.76
2012-02-06,5.55,5.77,5.55,5.73,52000,5.73
2012-02-03,5.59,5.61,5.45,5.55,76200,5.55
2012-02-02,5.72,5.858,5.52,5.52,44500,5.52
2012-02-01,5.76,5.7999,5.70,5.74,20000,5.74
2012-01-31,5.73,5.78,5.71,5.76,30800,5.76
2012-01-30,5.64,5.76,5.64,5.67,14600,5.67
2012-01-27,5.80,5.80,5.63,5.70,3100,5.70
2012-01-26,5.82,5.95,5.71,5.73,15000,5.73
2012-01-25,5.80,5.95,5.76,5.84,29600,5.84
2012-01-24,5.50,5.60,5.43,5.5699,21000,5.5699
2012-01-23,5.60,5.71,5.51,5.51,14400,5.51
2012-01-20,5.61,5.80,5.48,5.61,48600,5.61
2012-01-19,5.68,5.73,5.53,5.57,33200,5.57
2012-01-18,5.44,5.63,5.44,5.60,42500,5.60
2012-01-17,5.40,5.51,5.40,5.41,98900,5.41
2012-01-16,5.40,5.40,5.40,5.40,000,5.40
2012-01-13,5.40,5.45,5.36,5.40,17300,5.40
2012-01-12,5.58,5.60,5.41,5.43,45100,5.43
2012-01-11,5.57,5.69,5.5325,5.62,6600,5.62
2012-01-10,5.72,5.73,5.49,5.60,46200,5.60
2012-01-09,5.80,5.80,5.61,5.69,10800,5.69
2012-01-06,5.78,5.84,5.76,5.84,3400,5.84
2012-01-05,5.88,5.99,5.771,5.86,5600,5.86
2012-01-04,5.93,5.96,5.671,5.95,34700,5.95
2012-01-03,5.92,5.995,5.79,5.80,32100,5.80
2012-01-02,5.82,5.82,5.82,5.82,000,5.82
2011-12-30,5.90,5.96,5.82,5.82,5200,5.82
2011-12-29,5.84,5.9848,5.825,5.93,42000,5.93
2011-12-28,5.97,5.97,5.80,5.80,6700,5.80
2011-12-27,6.01,6.06,5.81,5.99,28100,5.99
2011-12-26,6.03,6.03,6.03,6.03,000,6.03
2011-12-23,6.00,6.06,5.95,6.03,17800,6.03
2011-12-22,6.04,6.11,5.96,6.03,72300,6.03
2011-12-21,5.97,6.06,5.93,6.05,13300,6.05
2011-12-20,6.20,6.29,6.09,6.10,9700,6.10
2011-12-19,6.05,6.29,5.91,6.17,14500,6.17
2011-12-16,6.01,6.10,5.945,6.00,9400,6.00
2011-12-15,6.02,6.05,5.91,6.025,7500,6.025
2011-12-14,6.01,6.11,5.93,5.995,5000,5.995
2011-12-13,6.00,6.08,5.942,6.04,15400,6.04
2011-12-12,6.03,6.16,5.89,6.00,5600,6.00
2011-12-09,6.26,6.27,6.22,6.22,11800,6.22
2011-12-08,6.36,6.36,6.10,6.15,8900,6.15
2011-12-07,6.32,6.32,6.16,6.17,7300,6.17
2011-12-06,6.17,6.41,6.05,6.36,9000,6.36
2011-12-05,6.21,6.21,5.89,6.18,10800,6.18
2011-12-02,6.20,6.25,6.14,6.16,2700,6.16
2011-12-01,6.24,6.24,6.10,6.15,4400,6.15
2011-11-30,6.25,6.25,6.10,6.24,14700,6.24
2011-11-29,6.17,6.25,6.17,6.25,6300,6.25
2011-11-28,6.16,6.31,6.12,6.31,7300,6.31
2011-11-25,6.05,6.06,5.97,6.03,33700,6.03
2011-11-24,6.05,6.05,6.05,6.05,000,6.05
2011-11-23,5.88,6.10,5.81,6.05,84400,6.05
2011-11-22,6.14,6.271,6.02,6.04,55100,6.04
2011-11-21,6.05,6.20,6.00,6.14,22800,6.14
2011-11-18,6.14,6.15,6.05,6.144,14200,6.144
2011-11-17,6.27,6.39,6.1201,6.13,4200,6.13
2011-11-16,6.28,6.40,6.2335,6.38,30300,6.38
2011-11-15,6.36,6.36,6.31,6.31,800,6.31
2011-11-14,6.20,6.39,6.19,6.37,3000,6.37
2011-11-11,6.15,6.24,6.134,6.20,11500,6.20
2011-11-10,5.90,6.12,5.90,6.07,17300,6.07
2011-11-09,6.04,6.18,6.031,6.15,21800,6.15
2011-11-08,6.08,6.18,6.00,6.17,11600,6.17
2011-11-07,5.93,6.13,5.91,6.09,15000,6.09
2011-11-04,6.09,6.17,5.815,6.03,80000,6.03
2011-11-03,6.19,6.19,6.042,6.07,3000,6.07
2011-11-02,6.12,6.17,6.04,6.14,2800,6.14
2011-11-01,6.08,6.11,5.9749,6.11,13500,6.11
2011-10-31,6.26,6.30,6.07,6.11,11500,6.11
2011-10-28,6.05,6.28,5.92,6.28,16500,6.28
2011-10-27,6.20,6.20,6.01,6.09,52200,6.09
2011-10-26,6.15,6.1796,6.10,6.11,7000,6.11
2011-10-25,6.33,6.3492,6.15,6.27,7500,6.27
2011-10-24,6.15,6.30,6.05,6.16,52300,6.16
2011-10-21,6.10,6.19,5.98,6.12,8600,6.12
2011-10-20,6.19,6.21,6.15,6.16,2400,6.16
2011-10-19,6.19,6.2292,6.1644,6.21,1200,6.21
2011-10-18,6.22,6.25,6.15,6.24,7900,6.24
2011-10-17,6.18,6.28,6.15,6.215,21000,6.215
2011-10-14,6.09,6.24,6.09,6.24,8200,6.24
2011-10-13,6.09,6.11,5.94,6.06,10000,6.06
2011-10-12,6.10,6.29,6.08,6.19,12200,6.19
2011-10-11,6.12,6.12,6.001,6.07,6700,6.07
2011-10-10,6.20,6.25,6.14,6.24,25600,6.24
2011-10-07,6.18,6.18,5.98,6.12,8100,6.12
2011-10-06,5.98,6.19,5.93,6.16,11700,6.16
2011-10-05,6.02,6.13,5.75,5.98,22400,5.98
2011-10-04,5.28,6.19,5.28,5.99,39800,5.99
2011-10-03,6.11,6.20,5.26,5.51,70500,5.51
2011-09-30,6.11,6.11,5.86,6.00,61000,6.00
2011-09-29,6.33,6.33,5.86,6.13,28700,6.13
2011-09-28,6.38,6.39,6.25,6.25,6400,6.25
2011-09-27,6.30,6.39,6.21,6.39,22500,6.39
2011-09-26,6.35,6.35,6.21,6.25,22700,6.25
2011-09-23,6.39,6.4156,6.32,6.35,25000,6.35
2011-09-22,6.59,6.59,6.31,6.45,24000,6.45
2011-09-21,6.76,6.81,6.61,6.72,17800,6.72
2011-09-20,6.76,6.81,6.65,6.75,39600,6.75
2011-09-19,6.77,6.84,6.64,6.80,22000,6.80
2011-09-16,6.85,6.86,6.816,6.86,3600,6.86
2011-09-15,6.88,6.88,6.79,6.84,19400,6.84
2011-09-14,6.50,6.89,6.48,6.81,18100,6.81
2011-09-13,6.44,6.53,6.40,6.46,9700,6.46
2011-09-12,6.48,6.49,6.41,6.41,14500,6.41
2011-09-09,6.57,6.61,6.5386,6.56,40800,6.56
2011-09-08,6.61,6.67,6.50,6.63,13500,6.63
2011-09-07,6.58,6.67,6.515,6.64,25400,6.64
2011-09-06,6.61,6.69,6.50,6.53,16400,6.53
2011-09-02,6.65,6.79,6.6128,6.67,40600,6.67
2011-09-01,6.54,6.88,6.54,6.77,23600,6.77
2011-08-31,6.66,6.72,6.55,6.57,7500,6.57
2011-08-30,6.39,6.64,6.39,6.64,69200,6.64
2011-08-29,6.62,6.62,6.39,6.41,68900,6.41
2011-08-26,6.78,6.8295,6.50,6.67,43900,6.67
2011-08-25,6.87,6.87,6.74,6.79,23400,6.79
2011-08-24,6.70,6.85,6.70,6.83,23200,6.83
2011-08-23,6.67,6.72,6.51,6.71,16600,6.71
2011-08-22,6.67,6.70,6.48,6.67,53100,6.67
2011-08-19,6.26,6.60,6.26,6.56,27300,6.56
2011-08-18,6.33,6.39,6.25,6.34,32900,6.34
2011-08-17,6.60,6.64,6.23,6.37,31400,6.37
2011-08-16,6.64,6.73,6.552,6.59,21200,6.59
2011-08-15,6.52,6.77,6.52,6.70,22600,6.70
2011-08-12,6.64,6.64,6.43,6.50,22400,6.50
2011-08-11,6.36,6.67,6.20,6.60,55700,6.60
2011-08-10,6.35,6.43,6.25,6.36,67000,6.36
2011-08-09,6.30,6.48,6.10,6.39,95100,6.39
2011-08-08,5.96,6.40,5.43,6.30,190500,6.30
2011-08-05,7.05,7.12,6.63,6.64,141400,6.64
2011-08-04,6.89,7.03,6.80,7.01,82500,7.01
2011-08-03,7.25,7.36,6.91,7.05,175500,7.05
2011-08-02,7.32,7.4824,7.11,7.25,258700,7.25
2011-08-01,7.46,7.46,7.25,7.38,62900,7.38
2011-07-29,7.18,7.43,6.9808,7.34,96400,7.34
2011-07-28,6.82,7.19,6.7599,7.10,57000,7.10
2011-07-27,7.071,7.25,6.83,6.85,51000,6.85
2011-07-26,7.43,7.45,6.94,7.405,89700,7.405
2011-07-25,6.97,7.63,6.91,7.35,88800,7.35
2011-07-22,7.12,7.34,7.11,7.30,36600,7.30
2011-07-21,7.29,7.38,7.17,7.29,40100,7.29
2011-07-20,7.24,7.34,7.15,7.30,46600,7.30
2011-07-19,7.30,7.46,7.21,7.34,92300,7.34
2011-07-18,7.30,7.30,7.16,7.24,67000,7.24
2011-07-15,7.43,7.60,7.11,7.27,182500,7.27
2011-07-14,7.00,7.93,6.93,7.33,521100,7.33
2011-07-13,6.42,6.59,6.39,6.59,35500,6.59
2011-07-12,6.40,6.40,6.32,6.36,13900,6.36
2011-07-11,6.39,6.44,6.34,6.40,20700,6.40
2011-07-08,6.39,6.50,6.35,6.46,34900,6.46
2011-07-07,6.51,6.51,6.38,6.45,27600,6.45
2011-07-06,6.49,6.637,6.46,6.52,42900,6.52
2011-07-05,6.44,6.52,6.15,6.52,24900,6.52
2011-07-01,6.39,6.599,6.35,6.46,28000,6.46
2011-06-30,6.40,6.43,6.40,6.42,8400,6.42
2011-06-29,6.41,6.45,6.371,6.39,9600,6.39
2011-06-28,6.48,6.48,6.39,6.43,20400,6.43
2011-06-27,6.48,6.48,6.41,6.45,8900,6.45
2011-06-24,6.50,6.51,6.42,6.50,15000,6.50
2011-06-23,6.46,6.5095,6.35,6.49,19200,6.49
2011-06-22,6.51,6.54,6.46,6.49,15300,6.49
2011-06-21,6.39,6.55,6.35,6.55,112200,6.55
2011-06-20,6.40,6.40,6.35,6.39,35900,6.39
2011-06-17,6.36,6.40,6.33,6.39,32400,6.39
2011-06-16,6.31,6.40,6.15,6.36,47400,6.36
2011-06-15,6.45,6.45,6.28,6.29,29700,6.29
2011-06-14,6.47,6.50,6.40,6.45,122400,6.45
2011-06-13,6.51,6.51,6.48,6.49,16700,6.49
2011-06-10,6.47,6.51,6.45,6.48,30600,6.48
2011-06-09,6.43,6.53,6.42,6.50,20400,6.50
2011-06-08,6.49,6.51,6.42,6.44,27300,6.44
2011-06-07,6.47,6.5271,6.42,6.50,58400,6.50
2011-06-06,6.43,6.51,6.43,6.48,19400,6.48
2011-06-03,6.48,6.562,6.47,6.50,23500,6.50
2011-06-02,6.44,6.59,6.4101,6.55,45100,6.55
2011-06-01,6.40,6.536,6.36,6.50,25500,6.50
2011-05-31,6.50,6.50,6.32,6.45,91900,6.45
2011-05-27,6.60,6.7475,6.48,6.51,89700,6.51
2011-05-26,6.50,6.73,6.46,6.62,47300,6.62
2011-05-25,6.49,6.515,6.44,6.45,36200,6.45
2011-05-24,6.37,6.58,6.37,6.51,36000,6.51
2011-05-23,6.42,6.47,6.32,6.42,53600,6.42
2011-05-20,6.36,6.51,6.32,6.50,32800,6.50
2011-05-19,6.43,6.48,6.38,6.42,30700,6.42
2011-05-18,6.48,6.58,6.36,6.38,74900,6.38
2011-05-17,6.55,6.5578,6.40,6.44,105100,6.44
2011-05-16,6.60,6.70,6.53,6.55,62000,6.55
2011-05-13,6.74,6.74,6.49,6.60,107300,6.60
2011-05-12,6.55,6.79,6.5101,6.78,51100,6.78
2011-05-11,6.54,6.54,6.45,6.54,46600,6.54
2011-05-10,6.47,6.49,6.31,6.49,143600,6.49
2011-05-09,6.55,6.79,6.42,6.43,118200,6.43
2011-05-06,6.53,6.68,6.5023,6.54,49800,6.54
2011-05-05,6.30,6.589,6.06,6.48,70700,6.48
2011-05-04,6.46,6.67,6.25,6.32,55200,6.32
2011-05-03,6.80,6.80,6.42,6.42,60600,6.42
2011-05-02,6.80,6.801,6.60,6.78,57000,6.78
2011-04-29,6.84,6.88,6.69,6.80,23600,6.80
2011-04-28,6.88,6.89,6.65,6.84,59000,6.84
2011-04-27,6.70,6.89,6.47,6.85,131600,6.85
2011-04-26,6.25,6.83,6.25,6.66,195100,6.66
2011-04-25,6.30,6.30,5.94,6.24,197700,6.24
2011-04-21,6.45,6.57,6.30,6.30,186700,6.30
2011-04-20,6.71,6.89,6.25,6.44,182400,6.44
2011-04-19,6.35,6.84,6.35,6.67,230800,6.67
2011-04-18,6.58,6.58,6.21,6.27,72600,6.27
2011-04-15,6.43,6.45,6.36,6.40,77600,6.40
2011-04-14,6.62,6.70,6.40,6.56,83100,6.56
2011-04-13,6.60,6.70,6.41,6.595,75700,6.595
2011-04-12,6.81,6.87,6.67,6.71,64200,6.71
2011-04-11,6.85,6.86,6.751,6.85,72900,6.85
2011-04-08,6.64,6.89,6.54,6.89,122300,6.89
2011-04-07,6.76,6.76,6.53,6.65,51800,6.65
2011-04-06,6.99,6.99,6.76,6.80,72200,6.80
2011-04-05,7.22,7.22,6.80,6.96,138700,6.96
2011-04-04,7.01,7.29,6.99,7.20,175000,7.20
2011-04-01,6.69,6.99,6.67,6.97,94600,6.97
2011-03-31,6.66,6.75,6.52,6.68,114700,6.68
2011-03-30,6.73,6.80,6.61,6.68,97900,6.68
2011-03-29,6.80,7.16,6.46,6.70,243300,6.70
2011-03-28,7.00,7.15,6.74,6.795,246400,6.795
2011-03-25,6.35,7.00,6.35,6.97,438400,6.97
2011-03-24,6.40,6.47,6.09,6.24,165600,6.24
2011-03-23,5.98,6.22,5.94,6.17,149400,6.17
2011-03-22,5.64,5.96,5.64,5.95,190200,5.95
2011-03-21,5.49,5.75,5.46,5.6053,110400,5.6053
2011-03-18,5.30,5.47,5.27,5.36,48800,5.36
2011-03-17,5.27,5.35,5.27,5.30,56700,5.30
2011-03-16,5.47,5.58,5.30,5.30,58800,5.30
2011-03-15,5.25,5.52,5.25,5.47,40000,5.47
2011-03-14,5.30,5.3901,5.25,5.25,18600,5.25
2011-03-11,5.34,5.55,5.34,5.48,23500,5.48
2011-03-10,5.70,5.70,5.40,5.47,17700,5.47
2011-03-09,5.58,5.72,5.58,5.66,31600,5.66
2011-03-08,5.53,5.56,5.4877,5.56,8400,5.56
2011-03-07,5.48,5.60,5.181,5.53,64800,5.53
2011-03-04,5.48,5.55,5.29,5.50,65000,5.50
2011-03-03,5.56,5.58,5.23,5.4999,47100,5.4999
2011-03-02,5.81,5.89,5.43,5.5599,92000,5.5599
2011-03-01,5.67,5.86,5.635,5.82,54600,5.82
2011-02-28,5.72,5.80,5.65,5.75,24600,5.75
2011-02-25,5.69,5.75,5.66,5.75,4400,5.75
2011-02-24,5.61,5.74,5.61,5.66,25300,5.66
2011-02-23,5.54,5.625,5.54,5.605,7100,5.605
2011-02-22,5.39,5.66,5.17,5.65,79200,5.65
2011-02-18,5.50,5.64,5.44,5.55,8100,5.55
2011-02-17,5.46,5.52,5.39,5.52,800,5.52
2011-02-16,5.41,5.51,5.341,5.48,33400,5.48
2011-02-15,5.28,5.45,5.20,5.44,45600,5.44
2011-02-14,5.43,5.46,5.24,5.40,52700,5.40
2011-02-11,5.47,5.50,5.42,5.44,35800,5.44
2011-02-10,5.50,5.56,5.46,5.53,8000,5.53
2011-02-09,5.54,5.5601,5.49,5.52,7600,5.52
2011-02-08,5.58,5.621,5.521,5.56,21000,5.56
2011-02-07,5.68,5.72,5.64,5.6601,3600,5.6601
2011-02-04,5.57,5.74,5.55,5.74,8800,5.74
2011-02-03,5.55,5.65,5.48,5.55,17300,5.55
2011-02-02,5.55,5.55,5.45,5.46,9600,5.46
2011-02-01,5.55,5.72,5.52,5.52,6500,5.52
2011-01-31,5.41,5.55,5.3588,5.51,25800,5.51
2011-01-28,5.47,5.52,5.36,5.47,8600,5.47
2011-01-27,5.46,5.51,5.40,5.471,26700,5.471
2011-01-26,5.66,5.74,5.36,5.52,62600,5.52
2011-01-25,5.68,5.70,5.65,5.69,8600,5.69
2011-01-24,5.86,5.86,5.60,5.66,20900,5.66
2011-01-21,5.63,5.77,5.63,5.77,3500,5.77
2011-01-20,5.63,5.67,5.50,5.64,3100,5.64
2011-01-19,5.61,5.71,5.59,5.70,8900,5.70
2011-01-18,5.70,5.768,5.61,5.61,7600,5.61
2011-01-14,5.49,5.74,5.408,5.72,35300,5.72
2011-01-13,5.39,5.50,5.35,5.47,26000,5.47
2011-01-12,5.32,5.32,5.20,5.30,24300,5.30
2011-01-11,5.31,5.38,5.30,5.35,16700,5.35
2011-01-10,5.29,5.39,5.28,5.39,10900,5.39
2011-01-07,5.18,5.319,5.16,5.29,23400,5.29
2011-01-06,5.22,5.25,5.16,5.18,25900,5.18
2011-01-05,5.19,5.205,5.1525,5.20,12800,5.20
2011-01-04,5.15,5.20,5.15,5.15,39900,5.15
2011-01-03,5.17,5.21,5.14,5.15,71400,5.15
2010-12-31,5.20,5.20,5.16,5.17,8000,5.17
2010-12-30,5.18,5.224,5.17,5.17,8500,5.17
2010-12-29,5.28,5.30,5.20,5.20,4600,5.20
2010-12-28,5.32,5.33,5.23,5.25,8400,5.25
2010-12-27,5.28,5.30,5.23,5.30,6000,5.30
2010-12-23,5.32,5.32,5.20,5.26,9800,5.26
2010-12-22,5.23,5.25,5.18,5.19,2800,5.19
2010-12-21,5.27,5.27,5.18,5.19,5100,5.19
2010-12-20,5.30,5.30,5.20,5.21,25600,5.21
2010-12-17,5.205,5.30,5.20,5.30,14400,5.30
2010-12-16,5.19,5.25,5.19,5.25,4200,5.25
2010-12-15,5.19,5.24,5.19,5.24,7400,5.24
2010-12-14,5.19,5.20,5.18,5.18,9000,5.18
2010-12-13,5.23,5.29,5.19,5.19,9600,5.19
2010-12-10,5.20,5.24,5.18,5.23,6000,5.23
2010-12-09,5.24,5.24,5.17,5.20,21100,5.20
2010-12-08,5.23,5.30,5.22,5.24,8500,5.24
2010-12-07,5.17,5.24,5.15,5.23,35500,5.23
2010-12-06,5.18,5.19,5.15,5.17,46300,5.17
2010-12-03,5.21,5.25,5.15,5.15,6100,5.15
2010-12-02,5.18,5.20,5.15,5.18,8400,5.18
2010-12-01,5.28,5.28,5.15,5.20,22800,5.20
2010-11-30,5.28,5.28,5.15,5.25,7000,5.25
2010-11-29,5.30,5.30,5.20,5.27,2200,5.27
2010-11-26,5.29,5.30,5.28,5.28,4800,5.28
2010-11-24,5.19,5.30,5.19,5.30,15000,5.30
2010-11-23,5.16,5.22,5.06,5.22,16000,5.22
2010-11-22,5.11,5.19,5.11,5.15,4500,5.15
2010-11-19,5.16,5.20,5.14,5.20,4300,5.20
2010-11-18,5.10,5.22,5.05,5.20,28900,5.20
2010-11-17,5.11,5.13,5.06,5.06,37900,5.06
2010-11-16,5.05,5.11,5.0119,5.11,52600,5.11
2010-11-15,5.05,5.09,5.00,5.05,8400,5.05
2010-11-12,5.03,5.05,5.01,5.05,3400,5.05
2010-11-11,5.00,5.10,5.00,5.07,14000,5.07
2010-11-10,5.02,5.02,5.01,5.01,1200,5.01
2010-11-09,5.02,5.08,5.00,5.01,10500,5.01
2010-11-08,5.02,5.10,5.01,5.01,11800,5.01
2010-11-05,5.15,5.15,5.04,5.05,19800,5.05
2010-11-04,5.12,5.15,5.00,5.14,34000,5.14
2010-11-03,5.05,5.11,5.05,5.11,17800,5.11
2010-11-02,5.08,5.09,5.00,5.0507,7200,5.0507
2010-11-01,5.07,5.09,5.00,5.00,5700,5.00
2010-10-29,5.00,5.09,4.93,5.08,31300,5.08
2010-10-28,5.15,5.15,5.00,5.01,29300,5.01
2010-10-27,5.05,5.11,5.00,5.11,17800,5.11
2010-10-26,5.00,5.15,4.88,5.15,12300,5.15
2010-10-25,4.97,5.06,4.94,5.00,8700,5.00
2010-10-22,4.99,5.08,4.95,5.00,55500,5.00
2010-10-21,4.99,5.02,4.93,5.02,35800,5.02
2010-10-20,4.94,5.05,4.90,4.95,40900,4.95
2010-10-19,5.11,5.17,5.01,5.17,70100,5.17
2010-10-18,5.07,5.12,5.05,5.11,24500,5.11
2010-10-15,5.11,5.11,5.05,5.09,6900,5.09
2010-10-14,4.95,5.11,4.95,5.11,101200,5.11
2010-10-13,4.85,4.97,4.85,4.93,5200,4.93
2010-10-12,4.90,4.95,4.89,4.94,7800,4.94
2010-10-11,4.92,4.92,4.80,4.89,20100,4.89
2010-10-08,4.81,4.87,4.81,4.87,1100,4.87
2010-10-07,4.96,4.97,4.80,4.80,8200,4.80
2010-10-06,4.90,4.91,4.82,4.83,10600,4.83
2010-10-05,4.79,4.92,4.76,4.90,21900,4.90
2010-10-04,4.90,4.92,4.80,4.80,4500,4.80
2010-10-01,4.90,5.01,4.85,4.94,9300,4.94
2010-09-30,4.95,4.95,4.9001,4.93,2700,4.93
2010-09-29,4.90,4.98,4.86,4.87,8000,4.87
2010-09-28,4.86,4.99,4.86,4.88,5700,4.88
2010-09-27,4.95,4.95,4.84,4.88,6300,4.88
2010-09-24,5.00,5.01,4.93,5.00,7200,5.00
2010-09-23,4.99,4.9955,4.85,4.99,3400,4.99
2010-09-22,5.05,5.10,4.935,5.05,90500,5.05
2010-09-21,4.94,5.05,4.85,5.05,26400,5.05
2010-09-20,5.03,5.03,4.89,5.00,30000,5.00
2010-09-17,4.93,5.02,4.93,5.02,16100,5.02
2010-09-16,4.98,5.00,4.90,4.93,21800,4.93
2010-09-15,4.93,5.00,4.9001,4.9001,3100,4.9001
2010-09-14,4.89,5.10,4.86,4.98,22000,4.98
2010-09-13,4.89,5.01,4.82,4.92,39200,4.92
2010-09-10,4.91,4.97,4.86,4.87,17100,4.87
2010-09-09,4.93,4.93,4.821,4.90,11100,4.90
2010-09-08,4.80,4.92,4.78,4.92,14500,4.92
2010-09-07,4.79,4.91,4.76,4.82,23200,4.82
2010-09-03,4.80,4.84,4.76,4.83,17900,4.83
2010-09-02,4.81,4.87,4.7399,4.78,33800,4.78
2010-09-01,4.83,4.91,4.78,4.87,41400,4.87
2010-08-31,4.76,4.81,4.70,4.81,25600,4.81
2010-08-30,4.79,4.82,4.77,4.77,8900,4.77
2010-08-27,4.83,4.84,4.81,4.83,8100,4.83
2010-08-26,4.90,4.90,4.77,4.78,16400,4.78
2010-08-25,4.88,4.93,4.78,4.91,20100,4.91
2010-08-24,4.72,4.97,4.72,4.89,92900,4.89
2010-08-23,4.76,4.86,4.728,4.82,7500,4.82
2010-08-20,4.75,4.90,4.75,4.77,104200,4.77
2010-08-19,4.72,4.77,4.70,4.76,17000,4.76
2010-08-18,4.75,4.8099,4.73,4.79,7300,4.79
2010-08-17,4.89,4.89,4.72,4.75,10700,4.75
2010-08-16,4.81,4.87,4.80,4.80,10400,4.80
2010-08-13,4.80,4.84,4.80,4.83,11800,4.83
2010-08-12,4.77,4.80,4.77,4.80,8500,4.80
2010-08-11,4.80,4.81,4.76,4.78,6500,4.78
2010-08-10,4.80,4.89,4.80,4.84,13300,4.84
2010-08-09,4.84,4.85,4.64,4.84,16000,4.84
2010-08-06,4.73,4.84,4.73,4.84,11600,4.84
2010-08-05,4.72,4.81,4.72,4.77,21300,4.77
2010-08-04,4.80,4.84,4.71,4.71,24300,4.71
2010-08-03,4.85,4.87,4.81,4.86,8700,4.86
2010-08-02,4.83,4.87,4.78,4.85,36100,4.85
2010-07-30,4.82,4.90,4.73,4.80,753100,4.80
2010-07-29,4.90,4.90,4.81,4.84,10200,4.84
2010-07-28,4.85,4.92,4.80,4.90,33900,4.90
2010-07-27,4.83,4.87,4.75,4.81,30500,4.81
2010-07-26,4.88,4.92,4.80,4.84,24100,4.84
2010-07-23,4.87,4.94,4.83,4.90,15400,4.90
2010-07-22,4.87,5.00,4.79,4.82,52000,4.82
2010-07-21,4.91,4.96,4.85,4.92,14800,4.92
2010-07-20,4.84,5.02,4.71,4.92,119900,4.92
2010-07-19,4.63,4.92,4.60,4.85,48000,4.85
2010-07-16,4.71,4.77,4.65,4.66,61000,4.66
2010-07-15,4.82,4.86,4.76,4.80,35900,4.80
2010-07-14,4.76,4.90,4.71,4.83,39300,4.83
2010-07-13,4.74,4.88,4.74,4.83,50900,4.83
2010-07-12,4.98,5.03,4.65,4.71,94000,4.71
2010-07-09,4.82,5.10,4.78,4.95,34000,4.95
2010-07-08,4.56,4.95,4.35,4.90,42700,4.90
2010-07-07,4.70,4.73,4.41,4.61,45700,4.61
2010-07-06,4.60,4.81,4.51,4.59,96000,4.59
2010-07-02,4.79,4.81,4.62,4.68,34300,4.68
2010-07-01,4.90,4.905,4.71,4.81,50600,4.81
2010-06-30,4.77,4.97,4.72,4.96,29700,4.96
2010-06-29,4.80,4.93,4.75,4.80,33400,4.80
2010-06-28,4.90,5.01,4.75,4.80,34600,4.80
2010-06-25,4.83,5.28,4.78,4.92,1847600,4.92
2010-06-24,5.05,5.10,4.80,4.81,63100,4.81
2010-06-23,5.04,5.15,5.03,5.10,33500,5.10
2010-06-22,4.98,5.15,4.98,5.06,37800,5.06
2010-06-21,5.10,5.16,4.91,4.94,24200,4.94
2010-06-18,5.09,5.12,4.86,5.05,71200,5.05
2010-06-17,5.02,5.16,5.01,5.05,20800,5.05
2010-06-16,5.03,5.12,4.815,4.97,19700,4.97
2010-06-15,4.95,5.13,4.81,5.05,33300,5.05
2010-06-14,4.95,5.08,4.76,4.89,43500,4.89
2010-06-11,4.79,4.89,4.68,4.85,27400,4.85
2010-06-10,4.78,4.90,4.75,4.86,37200,4.86
2010-06-09,4.74,4.80,4.60,4.75,45100,4.75
2010-06-08,4.72,4.82,4.65,4.71,40900,4.71
2010-06-07,4.81,4.85,4.65,4.67,48600,4.67
2010-06-04,5.00,5.01,4.78,4.81,51600,4.81
2010-06-03,5.06,5.15,5.04,5.11,21700,5.11
2010-06-02,4.99,5.19,4.88,5.08,96000,5.08
2010-06-01,4.79,4.91,4.75,4.90,58100,4.90
2010-05-28,4.90,5.00,4.76,4.82,45900,4.82
2010-05-27,4.76,4.93,4.70,4.93,57200,4.93
2010-05-26,4.78,4.8799,4.65,4.66,47800,4.66
2010-05-25,4.70,5.06,4.68,4.76,52500,4.76
2010-05-24,4.82,4.86,4.70,4.80,32400,4.80
2010-05-21,4.64,4.96,4.64,4.81,62000,4.81
2010-05-20,4.80,4.83,4.69,4.71,51900,4.71
2010-05-19,4.99,5.06,4.75,4.84,48400,4.84
2010-05-18,5.01,5.10,4.94,4.98,36000,4.98
2010-05-17,5.02,5.05,4.84,4.96,32000,4.96
2010-05-14,4.86,5.10,4.85,4.98,34500,4.98
2010-05-13,5.08,5.13,4.88,5.05,26000,5.05
2010-05-12,4.86,5.12,4.78,5.11,41100,5.11
2010-05-11,4.91,4.95,4.69,4.86,39100,4.86
2010-05-10,4.99,4.99,4.77,4.95,45900,4.95
2010-05-07,4.83,5.18,4.72,4.81,122000,4.81
2010-05-06,4.90,5.16,4.75,4.88,58000,4.88
2010-05-05,4.85,4.94,4.82,4.88,51900,4.88
2010-05-04,4.95,4.99,4.84,4.88,59100,4.88
2010-05-03,5.01,5.03,4.85,5.01,52300,5.01
2010-04-30,5.15,5.15,4.91,4.98,54000,4.98
2010-04-29,4.96,5.17,4.88,5.16,42200,5.16
2010-04-28,5.04,5.0991,4.87,4.93,70000,4.93
2010-04-27,5.07,5.16,5.04,5.04,35500,5.04
2010-04-26,5.24,5.30,5.09,5.10,47000,5.10
2010-04-23,5.18,5.26,5.15,5.23,19100,5.23
2010-04-22,5.13,5.22,5.06,5.19,28500,5.19
2010-04-21,5.17,5.20,5.02,5.18,37400,5.18
2010-04-20,5.09,5.17,5.06,5.17,24800,5.17
2010-04-19,5.12,5.16,5.05,5.06,22400,5.06
2010-04-16,5.22,5.23,5.10,5.13,59700,5.13
2010-04-15,5.14,5.23,5.10,5.22,40600,5.22
2010-04-14,5.14,5.20,5.12,5.17,89400,5.17
2010-04-13,5.13,5.15,5.12,5.14,19200,5.14
2010-04-12,5.15,5.28,5.13,5.16,23300,5.16
2010-04-09,5.21,5.215,5.14,5.16,30400,5.16
2010-04-08,5.25,5.27,5.20,5.21,16200,5.21
2010-04-07,5.28,5.32,5.25,5.27,28800,5.27
2010-04-06,5.16,5.31,5.15,5.30,34400,5.30
2010-04-05,5.10,5.14,5.06,5.10,63100,5.10
2010-04-01,5.09,5.12,5.05,5.10,125800,5.10
2010-03-31,5.15,5.18,5.03,5.06,38700,5.06
2010-03-30,5.15,5.19,5.11,5.15,22500,5.15
2010-03-29,5.10,5.16,5.0819,5.13,5200,5.13
2010-03-26,5.06,5.12,5.00,5.08,12000,5.08
2010-03-25,5.18,5.26,5.05,5.07,19100,5.07
2010-03-24,5.21,5.26,5.10,5.15,24800,5.15
2010-03-23,5.17,5.29,5.10,5.23,23400,5.23
2010-03-22,5.00,5.15,4.98,5.15,23400,5.15
2010-03-19,5.11,5.15,4.96,5.00,60200,5.00
2010-03-18,5.20,5.3007,4.96,4.97,98600,4.97
2010-03-17,5.25,5.38,5.23,5.33,14700,5.33
2010-03-16,5.15,5.26,5.13,5.26,23700,5.26
2010-03-15,5.15,5.22,5.11,5.13,15400,5.13
2010-03-12,5.25,5.27,5.14,5.16,14700,5.16
2010-03-11,5.19,5.358,5.14,5.28,19700,5.28
2010-03-10,5.45,5.45,4.80,5.20,61500,5.20
2010-03-09,5.40,5.48,5.26,5.45,10700,5.45
2010-03-08,5.36,5.4499,5.3312,5.42,16800,5.42
2010-03-05,5.27,5.43,5.27,5.35,28400,5.35
2010-03-04,5.32,5.32,5.11,5.25,34500,5.25
2010-03-03,5.26,5.32,5.16,5.32,17400,5.32
2010-03-02,5.25,5.41,5.18,5.24,97800,5.24
2010-03-01,5.08,5.25,5.08,5.25,24500,5.25
2010-02-26,5.05,5.15,5.00,5.09,33100,5.09
2010-02-25,5.01,5.15,5.01,5.14,13800,5.14
2010-02-24,4.97,5.09,4.92,5.09,41200,5.09
2010-02-23,5.14,5.2099,4.93,4.95,64800,4.95
2010-02-22,5.12,5.19,4.931,5.15,50000,5.15
2010-02-19,5.02,5.11,4.995,5.11,34400,5.11
2010-02-18,5.00,5.10,4.83,5.02,26800,5.02
2010-02-17,5.23,5.25,4.94,4.97,49500,4.97
2010-02-16,5.25,5.25,5.10,5.21,24500,5.21
2010-02-12,5.16,5.25,5.16,5.25,30200,5.25
2010-02-11,5.11,5.25,4.95,5.25,28500,5.25
2010-02-10,4.85,5.20,4.71,5.12,111300,5.12
2010-02-09,4.89,5.00,4.89,4.95,19900,4.95
2010-02-08,4.89,4.96,4.82,4.86,31900,4.86
2010-02-05,4.85,4.97,4.82,4.94,24200,4.94
2010-02-04,5.05,5.13,4.96,4.98,56900,4.98
2010-02-03,5.11,5.20,5.03,5.03,58900,5.03
2010-02-02,5.11,5.17,5.05,5.08,20900,5.08
2010-02-01,5.11,5.17,5.06,5.15,41000,5.15
2010-01-29,5.23,5.24,5.025,5.12,30200,5.12
2010-01-28,5.26,5.26,5.04,5.09,37300,5.09
2010-01-27,5.08,5.21,5.00,5.19,60500,5.19
2010-01-26,4.86,5.17,4.81,5.11,48800,5.11
2010-01-25,4.82,4.87,4.79,4.86,28800,4.86
2010-01-22,4.90,4.99,4.79,4.82,42500,4.82
2010-01-21,5.00,5.00,4.79,4.79,46400,4.79
2010-01-20,5.00,5.00,4.80,4.90,25900,4.90
2010-01-19,5.03,5.1432,4.95,5.00,47700,5.00
2010-01-15,5.00,5.00,4.88,4.88,32800,4.88
2010-01-14,4.95,5.012,4.87,4.94,32100,4.94
2010-01-13,4.92,4.9801,4.78,4.93,35500,4.93
2010-01-12,5.06,5.3199,4.85,4.87,54200,4.87
2010-01-11,5.50,5.5985,5.15,5.17,48400,5.17
2010-01-08,5.44,5.50,5.3382,5.49,37900,5.49
2010-01-07,4.79,5.35,4.72,5.24,93400,5.24
2010-01-06,4.79,4.94,4.72,4.75,44800,4.75
2010-01-05,4.88,4.93,4.73,4.76,30300,4.76
2010-01-04,4.96,4.96,4.71,4.83,36600,4.83
2009-12-31,4.73,4.92,4.70,4.82,13000,4.82
2009-12-30,4.76,4.77,4.71,4.77,18000,4.77
2009-12-29,4.89,4.93,4.77,4.82,9300,4.82
2009-12-28,4.96,4.96,4.88,4.92,7400,4.92
2009-12-24,4.95,4.97,4.75,4.96,10500,4.96
2009-12-23,4.85,4.94,4.78,4.92,11800,4.92
2009-12-22,4.85,4.96,4.77,4.90,30900,4.90
2009-12-21,4.79,4.8602,4.52,4.81,24800,4.81
2009-12-18,4.63,4.81,4.63,4.81,124900,4.81
2009-12-17,4.79,4.79,4.61,4.67,26100,4.67
2009-12-16,4.95,4.95,4.69,4.70,38800,4.70
2009-12-15,4.69,4.94,4.66,4.73,27900,4.73
2009-12-14,4.81,4.84,4.64,4.82,27100,4.82
2009-12-11,4.70,4.92,4.70,4.81,29400,4.81
2009-12-10,4.87,5.07,4.62,4.70,114500,4.70
2009-12-09,4.82,5.044,4.80,4.95,27100,4.95
2009-12-08,4.90,4.91,4.82,4.86,31700,4.86
2009-12-07,5.29,5.29,4.90,4.93,22900,4.93
2009-12-04,4.91,5.25,4.79,5.24,25800,5.24
2009-12-03,5.11,5.11,4.7518,4.79,37900,4.79
2009-12-02,5.28,5.35,5.04,5.04,15500,5.04
2009-12-01,5.09,5.46,4.91,5.24,32200,5.24
2009-11-30,4.86,5.11,4.77,4.90,34200,4.90
2009-11-27,4.86,5.08,4.86,4.87,18700,4.87
2009-11-25,5.03,5.12,4.93,4.95,14200,4.95
2009-11-24,5.04,5.15,4.85,5.09,8000,5.09
2009-11-23,5.15,5.15,4.96,4.99,14600,4.99
2009-11-20,4.97,5.09,4.77,5.00,33800,5.00
2009-11-19,5.16,5.16,4.91,4.91,26600,4.91
2009-11-18,5.15,5.19,5.04,5.19,6100,5.19
2009-11-17,5.08,5.17,5.04,5.15,11800,5.15
2009-11-16,5.01,5.17,5.01,5.10,37900,5.10
2009-11-13,5.05,5.34,4.92,4.98,36800,4.98
2009-11-12,5.25,5.32,5.02,5.08,92500,5.08
2009-11-11,5.23,5.34,5.15,5.24,10100,5.24
2009-11-10,5.15,5.40,5.06,5.19,90800,5.19
2009-11-09,4.93,5.18,4.93,5.17,33100,5.17
2009-11-06,5.04,5.06,4.89,4.90,44300,4.90
2009-11-05,4.96,5.19,4.90,5.08,31400,5.08
2009-11-04,5.06,5.35,4.95,4.95,36600,4.95
2009-11-03,5.06,5.12,5.00,5.04,70000,5.04
2009-11-02,4.96,5.08,4.85,5.08,99500,5.08
2009-10-30,5.06,5.07,4.84,4.90,54500,4.90
2009-10-29,4.97,5.07,4.90,5.07,22900,5.07
2009-10-28,5.22,5.22,4.94,4.94,47800,4.94
2009-10-27,5.37,5.42,5.21,5.23,40400,5.23
2009-10-26,5.59,5.655,5.33,5.35,79100,5.35
2009-10-23,5.79,5.80,5.56,5.61,48900,5.61
2009-10-22,5.73,5.87,5.63,5.80,108900,5.80
2009-10-21,5.68,5.92,5.55,5.72,131500,5.72
2009-10-20,5.78,5.95,5.68,5.79,147500,5.79
2009-10-19,5.67,5.85,5.60,5.83,47500,5.83
2009-10-16,5.66,5.71,5.49,5.69,20400,5.69
2009-10-15,5.79,5.81,5.45,5.65,38500,5.65
2009-10-14,5.51,5.86,5.44,5.82,68800,5.82
2009-10-13,5.26,5.52,5.23,5.49,102900,5.49
2009-10-12,5.28,5.42,5.25,5.25,19500,5.25
2009-10-09,5.39,5.56,5.23,5.30,32100,5.30
2009-10-08,5.54,5.67,5.32,5.41,46600,5.41
2009-10-07,5.70,5.73,5.44,5.50,16000,5.50
2009-10-06,5.80,5.84,5.45,5.70,73800,5.70
2009-10-05,5.80,5.9287,5.77,5.87,44700,5.87
2009-10-02,4.86,5.90,4.86,5.74,168800,5.74
2009-10-01,4.96,5.03,4.75,4.76,42300,4.76
2009-09-30,5.17,5.22,4.95,4.95,48900,4.95
2009-09-29,5.18,5.20,5.06,5.15,29300,5.15
2009-09-28,5.06,5.22,5.05,5.18,19400,5.18
2009-09-25,4.97,5.08,4.97,5.08,15900,5.08
2009-09-24,4.94,5.01,4.94,4.99,15800,4.99
2009-09-23,4.89,5.005,4.85,4.89,11000,4.89
2009-09-22,4.86,5.045,4.81,4.87,26100,4.87
2009-09-21,4.83,4.99,4.83,4.84,23300,4.84
2009-09-18,5.00,5.07,4.81,4.81,102300,4.81
2009-09-17,4.93,5.07,4.93,5.03,7000,5.03
2009-09-16,4.76,5.0246,4.75,4.94,40300,4.94
2009-09-15,4.90,4.99,4.75,4.75,27700,4.75
2009-09-14,4.78,4.98,4.77,4.89,44700,4.89
2009-09-11,4.87,4.8999,4.72,4.78,23000,4.78
2009-09-10,4.66,4.88,4.66,4.85,30900,4.85
2009-09-09,4.85,4.90,4.58,4.67,85200,4.67
2009-09-08,4.98,5.05,4.75,4.83,39300,4.83
2009-09-04,5.09,5.24,4.9135,4.96,16500,4.96
2009-09-03,4.84,5.09,4.84,5.07,25200,5.07
2009-09-02,4.81,4.92,4.76,4.85,10300,4.85
2009-09-01,4.79,4.97,4.74,4.80,35400,4.80
2009-08-31,4.92,5.05,4.77,4.80,33200,4.80
2009-08-28,5.13,5.13,4.87,4.95,51200,4.95
2009-08-27,5.08,5.18,4.85,5.14,23800,5.14
2009-08-26,5.11,5.19,4.72,5.15,31700,5.15
2009-08-25,5.23,5.25,4.25,5.10,15800,5.10
2009-08-24,5.22,5.31,5.04,5.24,33200,5.24
2009-08-21,5.12,5.25,5.12,5.23,43500,5.23
2009-08-20,4.77,5.06,4.75,5.06,40500,5.06
2009-08-19,4.94,5.00,4.64,4.79,95600,4.79
2009-08-18,5.04,5.10,4.88,4.94,54100,4.94
2009-08-17,4.98,5.20,4.92,5.01,52400,5.01
2009-08-14,5.17,5.2599,4.924,5.00,35800,5.00
2009-08-13,5.36,5.36,5.08,5.16,33000,5.16
2009-08-12,5.25,5.44,5.19,5.34,24400,5.34
2009-08-11,5.28,5.39,5.08,5.13,53600,5.13
2009-08-10,5.29,5.35,5.16,5.30,14000,5.30
2009-08-07,5.35,5.41,5.33,5.33,23200,5.33
2009-08-06,5.25,5.33,5.20,5.24,17400,5.24
2009-08-05,5.24,5.28,5.10,5.24,33100,5.24
2009-08-04,5.31,5.37,5.19,5.26,54600,5.26
2009-08-03,5.29,5.46,5.24,5.33,55300,5.33
2009-07-31,5.49,5.49,5.29,5.32,25100,5.32
2009-07-30,5.30,5.51,5.29,5.44,29400,5.44
2009-07-29,5.30,5.45,5.21,5.29,33000,5.29
2009-07-28,5.22,5.37,5.21,5.31,56000,5.31
2009-07-27,5.30,5.4699,5.16,5.30,36600,5.30
2009-07-24,5.50,5.54,5.28,5.31,70300,5.31
2009-07-23,5.42,5.72,5.17,5.70,84100,5.70
2009-07-22,5.65,5.65,5.36,5.44,110600,5.44
2009-07-21,5.65,5.70,5.51,5.59,58200,5.59
2009-07-20,5.59,5.86,5.54,5.65,48900,5.65
2009-07-17,5.74,5.74,5.50,5.61,20800,5.61
2009-07-16,5.63,5.81,5.57,5.71,51700,5.71
2009-07-15,5.65,5.66,5.60,5.65,32500,5.65
2009-07-14,5.52,5.63,5.425,5.62,14300,5.62
2009-07-13,5.59,5.59,5.37,5.54,41600,5.54
2009-07-10,5.47,5.63,5.46,5.59,17300,5.59
2009-07-09,5.52,5.54,5.35,5.46,38000,5.46
2009-07-08,5.77,5.77,5.52,5.52,49800,5.52
2009-07-07,5.93,6.09,5.35,5.78,44500,5.78
2009-07-06,5.21,5.98,5.13,5.85,127700,5.85
2009-07-02,5.94,5.94,5.30,5.38,125500,5.38
2009-07-01,5.19,6.23,5.19,6.10,78900,6.10
2009-06-30,6.15,6.17,6.09,6.09,125100,6.09
2009-06-29,6.09,6.35,6.08,6.13,167000,6.13
2009-06-26,5.68,6.08,5.50,6.08,1269200,6.08
2009-06-25,5.56,5.7125,5.47,5.69,32100,5.69
2009-06-24,5.42,5.58,5.40,5.49,19900,5.49
2009-06-23,5.61,5.67,5.40,5.40,49600,5.40
2009-06-22,5.69,5.80,5.35,5.67,50500,5.67
2009-06-19,5.72,6.00,5.50,5.64,110200,5.64
2009-06-18,5.56,5.72,5.48,5.72,37900,5.72
2009-06-17,5.295,5.62,5.19,5.57,27400,5.57
2009-06-16,5.48,5.554,5.11,5.28,18500,5.28
2009-06-15,5.5501,5.60,5.36,5.36,9600,5.36
2009-06-12,5.43,5.69,5.43,5.69,14000,5.69
2009-06-11,5.43,5.74,5.4201,5.71,25900,5.71
2009-06-10,5.67,5.74,5.48,5.49,29900,5.49
2009-06-09,5.27,5.70,5.27,5.60,29400,5.60
2009-06-08,5.50,5.54,5.28,5.28,11700,5.28
2009-06-05,5.30,5.51,5.26,5.50,25400,5.50
2009-06-04,5.55,5.55,5.30,5.30,44400,5.30
2009-06-03,5.49,5.55,5.22,5.50,20900,5.50
2009-06-02,5.73,5.75,5.50,5.61,46700,5.61
2009-06-01,5.90,5.90,5.55,5.85,35100,5.85
2009-05-29,5.66,5.83,5.56,5.83,39300,5.83
2009-05-28,5.61,5.68,5.53,5.60,26100,5.60
2009-05-27,5.60,5.68,5.51,5.60,72100,5.60
2009-05-26,5.70,5.70,5.64,5.65,23400,5.65
2009-05-22,5.66,5.74,5.64,5.64,19900,5.64
2009-05-21,5.68,5.79,5.60,5.60,16700,5.60
2009-05-20,5.81,5.945,5.60,5.84,75400,5.84
2009-05-19,5.50,5.98,5.50,5.68,109400,5.68
2009-05-18,5.36,5.46,5.21,5.40,121000,5.40
2009-05-15,4.98,5.25,4.89,5.25,61900,5.25
2009-05-14,4.94,5.00,4.84,4.99,19400,4.99
2009-05-13,4.96,5.00,4.94,4.97,16500,4.97
2009-05-12,4.97,5.00,4.85,5.00,15300,5.00
2009-05-11,4.99,4.99,4.8301,4.97,67000,4.97
2009-05-08,4.96,4.9799,4.75,4.8499,24700,4.8499
2009-05-07,4.99,4.99,4.876,4.89,1700,4.89
2009-05-06,5.00,5.07,4.96,4.96,17700,4.96
2009-05-05,5.01,5.17,4.89,5.00,20100,5.00
2009-05-04,5.14,5.25,4.92,4.99,68400,4.99
2009-05-01,4.90,5.00,4.89,4.96,31400,4.96
2009-04-30,4.88,4.91,4.8501,4.91,10800,4.91
2009-04-29,4.6129,4.99,4.53,4.95,81400,4.95
2009-04-28,4.55,4.76,4.54,4.72,17900,4.72
2009-04-27,4.46,4.68,4.43,4.66,14400,4.66
2009-04-24,4.45,4.45,4.40,4.42,6200,4.42
2009-04-23,4.60,4.63,4.40,4.40,25700,4.40
2009-04-22,4.72,4.72,4.48,4.63,5400,4.63
2009-04-21,4.5401,4.79,4.40,4.68,23700,4.68
2009-04-20,4.60,4.69,4.50,4.61,9600,4.61
2009-04-17,4.79,4.79,4.61,4.73,25200,4.73
2009-04-16,4.50,4.72,4.45,4.72,17000,4.72
2009-04-15,4.60,4.60,4.12,4.52,8200,4.52
2009-04-14,4.40,4.60,4.35,4.55,28300,4.55
2009-04-13,4.16,4.47,4.15,4.47,10900,4.47
2009-04-09,4.34,4.45,4.23,4.4496,13400,4.4496
2009-04-08,4.31,4.35,4.26,4.29,6600,4.29
2009-04-07,4.18,4.27,4.18,4.27,11000,4.27
2009-04-06,4.30,4.30,4.13,4.27,8900,4.27
2009-04-03,4.42,4.42,4.24,4.32,59500,4.32
2009-04-02,4.43,4.47,4.17,4.47,41200,4.47
2009-04-01,4.10,4.48,4.03,4.40,68100,4.40
2009-03-31,3.76,3.90,3.60,3.90,8700,3.90
2009-03-30,3.85,3.86,3.74,3.74,4300,3.74
2009-03-27,3.90,3.91,3.82,3.905,21300,3.905
2009-03-26,3.7301,4.00,3.7301,3.90,68200,3.90
2009-03-25,3.85,3.89,3.84,3.85,17200,3.85
2009-03-24,3.85,3.88,3.84,3.8501,10200,3.8501
2009-03-23,3.89,3.94,3.78,3.85,37200,3.85
2009-03-20,3.7875,3.87,3.69,3.87,6300,3.87
2009-03-19,3.73,3.82,3.73,3.81,1700,3.81
2009-03-18,3.85,3.86,3.66,3.73,9300,3.73
2009-03-17,3.92,3.95,3.85,3.90,9700,3.90
2009-03-16,3.98,4.00,3.80,4.00,18700,4.00
2009-03-13,3.84,3.99,3.69,3.9601,13800,3.9601
2009-03-12,3.82,3.94,3.66,3.92,4100,3.92
2009-03-11,3.79,3.95,3.74,3.89,11200,3.89
2009-03-10,3.88,3.95,3.79,3.90,17300,3.90
2009-03-09,3.86,4.00,3.76,3.96,69600,3.96
2009-03-06,3.69,3.83,3.64,3.80,9500,3.80
2009-03-05,3.48,3.75,3.44,3.75,22900,3.75
2009-03-04,3.33,3.82,3.29,3.45,15100,3.45
2009-03-03,3.43,3.45,3.28,3.32,27700,3.32
2009-03-02,3.55,3.5501,3.43,3.46,5000,3.46
2009-02-27,3.60,3.6001,3.44,3.57,13700,3.57
2009-02-26,3.50,3.63,3.49,3.60,263700,3.60
2009-02-25,3.54,3.5501,3.473,3.50,12500,3.50
2009-02-24,3.5722,3.6199,3.42,3.42,7000,3.42
2009-02-23,3.54,3.61,3.48,3.61,3600,3.61
2009-02-20,3.6401,3.77,3.45,3.45,5900,3.45
2009-02-19,3.60,3.93,3.60,3.64,12800,3.64
2009-02-18,3.63,3.74,3.63,3.74,95900,3.74
2009-02-17,3.69,3.78,3.55,3.63,3900,3.63
2009-02-13,3.75,3.82,3.72,3.80,305100,3.80
2009-02-12,3.70,3.90,3.70,3.82,5500,3.82
2009-02-11,3.705,3.77,3.65,3.75,2900,3.75
2009-02-10,3.68,3.68,3.67,3.67,200,3.67
2009-02-09,3.53,3.79,3.53,3.67,14200,3.67
2009-02-06,3.44,3.67,3.44,3.60,9000,3.60
2009-02-05,3.5501,3.5501,3.44,3.50,6500,3.50
2009-02-04,3.51,3.58,3.50,3.51,3200,3.51
2009-02-03,3.50,3.69,3.41,3.55,18000,3.55
2009-02-02,3.60,3.60,3.42,3.50,9400,3.50
2009-01-30,3.59,3.63,3.5501,3.62,9900,3.62
2009-01-29,3.49,3.57,3.49,3.56,4200,3.56
2009-01-28,3.49,3.52,3.37,3.37,9200,3.37
2009-01-27,3.52,3.52,3.50,3.50,7900,3.50
2009-01-26,3.53,3.55,3.47,3.47,21900,3.47
2009-01-23,3.37,3.63,3.36,3.61,29000,3.61
2009-01-22,3.49,3.52,3.36,3.36,13800,3.36
2009-01-21,3.67,3.69,3.61,3.65,42900,3.65
2009-01-20,3.64,3.64,3.41,3.44,10400,3.44
2009-01-16,3.77,3.79,3.62,3.62,1000,3.62
2009-01-15,3.78,3.78,3.55,3.55,5500,3.55
2009-01-14,3.70,3.72,3.67,3.67,2400,3.67
2009-01-13,3.77,3.79,3.77,3.79,200,3.79
2009-01-12,3.71,3.71,3.67,3.67,1000,3.67
2009-01-09,3.99,3.99,3.74,3.80,9400,3.80
2009-01-08,4.00,4.08,4.00,4.08,300,4.08
2009-01-07,4.03,4.20,4.02,4.10,2400,4.10
2009-01-06,4.18,4.19,3.95,4.06,18900,4.06
2009-01-05,4.20,4.22,4.05,4.07,13600,4.07
2009-01-02,4.2799,4.29,4.19,4.29,7800,4.29
2008-12-31,3.70,4.23,3.31,4.23,54200,4.23
2008-12-30,3.812,4.04,3.77,3.81,19000,3.81
2008-12-29,3.81,4.22,3.75,4.22,21600,4.22
2008-12-26,4.035,4.035,3.63,3.84,27600,3.84
2008-12-24,3.9168,3.93,3.9168,3.93,400,3.93
2008-12-23,3.87,4.09,3.84,3.88,20400,3.88
2008-12-22,3.64,3.89,3.40,3.89,18300,3.89
2008-12-19,3.64,3.84,3.62,3.84,15300,3.84
2008-12-18,3.81,3.85,3.67,3.67,6000,3.67
2008-12-17,3.60,3.83,3.60,3.77,16900,3.77
2008-12-16,3.55,3.67,3.55,3.67,36100,3.67
2008-12-15,3.56,3.62,3.53,3.62,2800,3.62
2008-12-12,3.60,3.62,3.50,3.61,28000,3.61
2008-12-11,3.62,3.70,3.56,3.56,12700,3.56
2008-12-10,3.63,3.64,3.51,3.60,32800,3.60
2008-12-09,3.56,3.66,3.51,3.55,7600,3.55
2008-12-08,3.80,3.80,3.46,3.60,27200,3.60
2008-12-05,3.92,3.92,3.80,3.80,1400,3.80
2008-12-04,3.90,4.00,3.88,3.95,34000,3.95
2008-12-03,3.98,3.98,3.71,3.92,52900,3.92
2008-12-02,4.00,4.00,3.95,4.00,5900,4.00
2008-12-01,3.92,3.96,3.84,3.96,13500,3.96
2008-11-26,3.9001,3.99,3.90,3.94,8900,3.94
2008-11-25,3.94,3.95,3.86,3.95,45500,3.95
2008-11-24,3.97,3.98,3.64,3.95,11800,3.95
2008-11-21,3.49,3.81,3.25,3.54,70500,3.54
2008-11-20,3.76,3.85,3.62,3.65,23600,3.65
2008-11-19,4.00,4.00,3.92,3.94,11400,3.94
2008-11-18,3.79,4.03,3.79,4.03,18200,4.03
2008-11-17,3.67,3.95,3.60,3.70,100600,3.70
2008-11-14,3.81,3.85,3.61,3.84,4600,3.84
2008-11-13,3.52,3.95,3.52,3.95,4000,3.95
2008-11-12,3.88,3.91,3.66,3.77,5800,3.77
2008-11-11,3.90,3.94,3.8014,3.90,16300,3.90
2008-11-10,4.02,4.02,3.91,3.95,10600,3.95
2008-11-07,4.10,4.22,4.01,4.16,3900,4.16
2008-11-06,4.28,4.29,4.11,4.11,162300,4.11
2008-11-05,4.14,4.30,4.14,4.30,19800,4.30
2008-11-04,4.19,4.19,4.06,4.10,10800,4.10
2008-11-03,4.14,4.24,4.10,4.15,12700,4.15
2008-10-31,4.15,4.15,3.91,4.15,41300,4.15
2008-10-30,4.15,4.19,4.06,4.14,9100,4.14
2008-10-29,4.02,4.21,4.02,4.16,17500,4.16
2008-10-28,4.04,4.10,3.84,4.10,21300,4.10
2008-10-27,4.17,4.25,4.04,4.04,214900,4.04
2008-10-24,4.03,4.07,3.99,4.04,67300,4.04
2008-10-23,3.99,4.11,3.97,3.99,120900,3.99
2008-10-22,3.65,4.10,3.65,4.04,47400,4.04
2008-10-21,4.00,4.05,3.61,3.805,28300,3.805
2008-10-20,3.9101,4.05,3.9101,3.95,12200,3.95
2008-10-17,3.94,4.09,3.94,4.00,5600,4.00
2008-10-16,3.78,3.85,3.78,3.85,3800,3.85
2008-10-15,3.80,3.86,3.62,3.83,10400,3.83
2008-10-14,4.00,4.08,3.60,3.84,28600,3.84
2008-10-13,4.07,4.20,3.91,3.99,7200,3.99
2008-10-10,3.59,3.98,3.47,3.49,106000,3.49
2008-10-09,4.36,4.43,3.59,3.59,72900,3.59
2008-10-08,4.12,4.12,3.98,4.12,104500,4.12
2008-10-07,4.22,4.554,4.21,4.26,34900,4.26
2008-10-06,4.25,4.66,4.12,4.12,31800,4.12
2008-10-03,4.36,4.45,4.20,4.20,13300,4.20
2008-10-02,4.02,4.60,4.02,4.34,51900,4.34
2008-10-01,4.01,4.11,3.90,4.10,13500,4.10
2008-09-30,3.96,4.16,3.96,4.10,38400,4.10
2008-09-29,4.11,4.11,4.01,4.11,85200,4.11
2008-09-26,4.14,4.20,4.10,4.20,3600,4.20
2008-09-25,4.25,4.25,4.15,4.16,4300,4.16
2008-09-24,4.15,4.15,4.15,4.15,000,4.15
2008-09-23,4.14,4.16,4.10,4.15,13600,4.15
2008-09-22,4.11,4.15,4.03,4.05,9600,4.05
2008-09-19,4.12,4.12,4.10,4.10,2400,4.10
2008-09-18,4.0932,4.17,4.04,4.07,17400,4.07
2008-09-17,4.29,4.29,4.05,4.08,6300,4.08
2008-09-16,4.08,4.20,4.03,4.10,58300,4.10
2008-09-15,4.24,4.2401,4.15,4.21,6600,4.21
2008-09-12,4.25,4.32,4.25,4.25,300,4.25
2008-09-11,4.29,4.31,4.25,4.25,12600,4.25
2008-09-10,4.19,4.22,4.16,4.16,6000,4.16
2008-09-09,4.20,4.26,4.19,4.24,7400,4.24
2008-09-08,4.19,4.27,4.14,4.26,1400,4.26
2008-09-05,4.25,4.44,4.14,4.41,5400,4.41
2008-09-04,4.40,4.40,4.35,4.40,2200,4.40
2008-09-03,4.35,4.40,4.34,4.40,1600,4.40
2008-09-02,4.27,4.42,4.27,4.40,4400,4.40
2008-08-29,4.24,4.43,4.20,4.43,4500,4.43
2008-08-28,4.25,4.31,4.25,4.31,1400,4.31
2008-08-27,4.26,4.33,4.25,4.27,2500,4.27
2008-08-26,4.22,4.29,4.22,4.28,4000,4.28
2008-08-25,4.14,4.29,4.14,4.29,2400,4.29
2008-08-22,4.22,4.29,4.17,4.19,9500,4.19
2008-08-21,4.10,4.21,4.10,4.21,1600,4.21
2008-08-20,4.12,4.225,4.12,4.15,4000,4.15
2008-08-19,4.24,4.29,4.16,4.19,8500,4.19
2008-08-18,4.10,4.30,4.10,4.27,20900,4.27
2008-08-15,4.16,4.20,4.02,4.16,6900,4.16
2008-08-14,4.36,4.36,4.15,4.15,8600,4.15
2008-08-13,4.33,4.45,4.31,4.45,4700,4.45
2008-08-12,4.32,4.32,4.14,4.26,8700,4.26
2008-08-11,4.25,4.31,4.08,4.12,13000,4.12
2008-08-08,4.20,4.33,4.16,4.33,8100,4.33
2008-08-07,4.20,4.26,4.17,4.23,11300,4.23
2008-08-06,4.10,4.22,4.10,4.18,12000,4.18
2008-08-05,4.10,4.27,4.08,4.17,24600,4.17
2008-08-04,4.13,4.26,4.11,4.25,8400,4.25
2008-08-01,4.18,4.28,4.18,4.28,23600,4.28
2008-07-31,4.00,4.10,4.00,4.06,2500,4.06
2008-07-30,4.07,4.12,4.05,4.10,9100,4.10
2008-07-29,4.19,4.20,4.05,4.05,5600,4.05
2008-07-28,3.94,4.20,3.91,4.16,55300,4.16
2008-07-25,4.25,4.25,3.91,4.00,117400,4.00
2008-07-24,4.1953,4.1953,4.05,4.09,2200,4.09
2008-07-23,4.02,4.50,4.02,4.50,20300,4.50
2008-07-22,3.89,4.02,3.69,3.96,14100,3.96
2008-07-21,3.96,4.01,3.69,4.01,14000,4.01
2008-07-18,3.92,3.96,3.92,3.96,22800,3.96
2008-07-17,3.60,3.79,3.60,3.79,8800,3.79
2008-07-16,3.67,3.72,3.64,3.64,10700,3.64
2008-07-15,3.75,3.75,3.70,3.72,7800,3.72
2008-07-14,3.84,3.85,3.69,3.72,27400,3.72
2008-07-11,3.70,3.82,3.70,3.75,55200,3.75
2008-07-10,3.83,3.94,3.63,3.80,41700,3.80
2008-07-09,3.76,3.84,3.75,3.77,41300,3.77
2008-07-08,3.76,3.79,3.63,3.73,36200,3.73
2008-07-07,3.96,4.01,3.71,3.75,65500,3.75
2008-07-03,4.06,4.20,4.02,4.20,16700,4.20
2008-07-02,4.27,4.28,4.17,4.18,10000,4.18
2008-07-01,4.19,4.40,3.95,4.25,32200,4.25
2008-06-30,4.43,4.47,4.16,4.29,20600,4.29
2008-06-27,4.25,4.39,4.25,4.37,54600,4.37
2008-06-26,4.32,4.42,4.28,4.30,51600,4.30
2008-06-25,4.52,4.52,4.37,4.45,3400,4.45
2008-06-24,4.50,4.50,4.43,4.44,2300,4.44
2008-06-23,4.54,4.72,4.48,4.51,115800,4.51
2008-06-20,4.76,4.84,4.66,4.73,12900,4.73
2008-06-19,4.40,4.67,4.40,4.59,148400,4.59
2008-06-18,4.52,4.63,4.40,4.43,7300,4.43
2008-06-17,4.67,4.79,4.53,4.79,11300,4.79
2008-06-16,4.31,4.84,4.31,4.84,6500,4.84
2008-06-13,4.52,4.60,4.30,4.36,15800,4.36
2008-06-12,4.70,4.90,4.32,4.57,22900,4.57
2008-06-11,4.77,4.93,4.71,4.72,2500,4.72
2008-06-10,4.68,4.94,4.68,4.94,83000,4.94
2008-06-09,4.72,4.87,4.68,4.82,9800,4.82
2008-06-06,4.70,4.87,4.69,4.76,6600,4.76
2008-06-05,4.75,4.79,4.72,4.72,16600,4.72
2008-06-04,4.56,4.75,4.55,4.75,11300,4.75
2008-06-03,4.5487,4.63,4.5487,4.62,20200,4.62
2008-06-02,4.56,4.65,4.49,4.61,16700,4.61
2008-05-30,4.53,4.68,4.50,4.67,6400,4.67
2008-05-29,4.60,4.67,4.51,4.66,13400,4.66
2008-05-28,4.52,4.60,4.51,4.59,7700,4.59
2008-05-27,4.45,4.56,4.42,4.45,10700,4.45
2008-05-23,4.408,4.53,4.408,4.53,7200,4.53
2008-05-22,4.52,4.53,4.47,4.50,4000,4.50
2008-05-21,4.51,4.64,4.49,4.57,6600,4.57
2008-05-20,4.5201,4.70,4.51,4.62,9800,4.62
2008-05-19,4.62,4.62,4.40,4.48,34000,4.48
2008-05-16,4.70,4.70,4.57,4.68,12200,4.68
2008-05-15,4.66,4.75,4.57,4.75,12800,4.75
2008-05-14,4.67,4.78,4.53,4.64,10000,4.64
2008-05-13,4.53,4.74,4.52,4.72,10700,4.72
2008-05-12,4.50,4.73,4.37,4.66,22400,4.66
2008-05-09,4.44,4.75,4.42,4.75,8600,4.75
2008-05-08,4.63,4.71,4.59,4.68,7200,4.68
2008-05-07,4.68,4.72,4.50,4.54,7400,4.54
2008-05-06,4.66,4.69,4.4601,4.67,16800,4.67
2008-05-05,4.54,4.73,4.35,4.73,21800,4.73
2008-05-02,4.63,4.80,4.24,4.70,16800,4.70
2008-05-01,4.74,4.74,4.54,4.58,5400,4.58
2008-04-30,4.52,4.75,4.41,4.75,35500,4.75
2008-04-29,4.75,4.75,4.44,4.54,34600,4.54
2008-04-28,4.69,4.70,4.64,4.67,5500,4.67
2008-04-25,4.76,4.76,4.70,4.75,34900,4.75
2008-04-24,4.73,5.00,4.66,4.87,40000,4.87
2008-04-23,4.75,4.841,4.49,4.70,29700,4.70
2008-04-22,5.00,5.00,4.79,4.84,51100,4.84
2008-04-21,4.74,4.97,4.74,4.97,17000,4.97
2008-04-18,4.74,4.75,4.68,4.74,18000,4.74
2008-04-17,4.48,4.95,4.48,4.72,49500,4.72
2008-04-16,4.45,4.47,4.26,4.46,24000,4.46
2008-04-15,4.34,4.45,4.32,4.45,19900,4.45
2008-04-14,4.28,4.35,4.25,4.35,20000,4.35
2008-04-11,4.2101,4.35,4.2101,4.35,17200,4.35
2008-04-10,4.38,4.39,4.38,4.39,3800,4.39
2008-04-09,4.43,4.45,4.36,4.39,5400,4.39
2008-04-08,4.30,4.50,4.30,4.48,20100,4.48
2008-04-07,4.35,4.47,4.28,4.29,12900,4.29
2008-04-04,4.26,4.27,4.25,4.26,13500,4.26
2008-04-03,4.16,4.34,4.16,4.34,7500,4.34
2008-04-02,4.27,4.27,4.20,4.22,4100,4.22
2008-04-01,4.00,4.50,3.99,4.24,86700,4.24
2008-03-31,3.90,3.93,3.86,3.90,2600,3.90
2008-03-28,3.83,3.95,3.83,3.91,4300,3.91
2008-03-27,3.8201,3.84,3.75,3.83,8800,3.83
2008-03-26,3.90,3.91,3.75,3.91,23500,3.91
2008-03-25,3.63,3.88,3.63,3.88,41300,3.88
2008-03-24,3.65,3.68,3.60,3.67,22500,3.67
2008-03-20,3.64,3.70,3.60,3.63,12000,3.63
2008-03-19,3.74,3.75,3.64,3.65,16400,3.65
2008-03-18,3.69,3.80,3.61,3.75,69200,3.75
2008-03-17,3.83,3.83,3.60,3.62,38500,3.62
2008-03-14,3.76,3.99,3.76,3.91,15700,3.91
2008-03-13,3.94,3.94,3.76,3.78,57100,3.78
2008-03-12,4.03,4.03,3.96,4.00,23600,4.00
2008-03-11,3.70,4.00,3.68,4.00,27600,4.00
2008-03-10,3.73,3.78,3.73,3.76,18100,3.76
2008-03-07,3.70,3.79,3.70,3.75,21400,3.75
2008-03-06,3.90,3.91,3.75,3.77,4000,3.77
2008-03-05,3.80,4.18,3.77,3.99,182400,3.99
2008-03-04,3.78,3.84,3.78,3.82,1700,3.82
2008-03-03,3.89,3.90,3.80,3.83,1900,3.83
2008-02-29,3.76,3.85,3.75,3.83,24900,3.83
2008-02-28,3.78,3.82,3.75,3.76,12100,3.76
2008-02-27,3.87,3.95,3.73,3.73,10700,3.73
2008-02-26,3.93,4.00,3.93,3.94,9400,3.94
2008-02-25,3.94,4.00,3.94,3.98,9100,3.98
2008-02-22,3.92,3.96,3.89,3.91,23500,3.91
2008-02-21,3.98,4.00,3.93,3.98,100800,3.98
2008-02-20,3.87,3.97,3.85,3.96,39500,3.96
2008-02-19,3.96,4.02,3.90,3.90,18200,3.90
2008-02-15,3.99,4.00,3.95,3.97,13500,3.97
2008-02-14,3.98,4.04,3.98,4.00,25700,4.00
2008-02-13,3.90,3.99,3.90,3.95,26400,3.95
2008-02-12,3.87,3.97,3.87,3.93,47600,3.93
2008-02-11,3.84,3.95,3.84,3.89,21600,3.89
2008-02-08,3.73,3.92,3.73,3.89,43600,3.89
2008-02-07,3.91,3.98,3.79,3.80,8600,3.80
2008-02-06,3.86,3.94,3.86,3.92,43800,3.92
2008-02-05,3.80,3.87,3.80,3.84,41900,3.84
2008-02-04,3.80,3.88,3.78,3.80,15900,3.80
2008-02-01,3.73,3.75,3.61,3.75,66400,3.75
2008-01-31,3.69,3.75,3.64,3.75,40400,3.75
2008-01-30,3.55,3.70,3.52,3.70,86100,3.70
2008-01-29,3.52,3.60,3.38,3.51,1302200,3.51
2008-01-28,3.50,3.64,3.50,3.58,75700,3.58
2008-01-25,3.50,3.58,3.50,3.56,304300,3.56
2008-01-24,3.46,3.60,3.40,3.50,52800,3.50
2008-01-23,3.50,3.59,3.42,3.50,62700,3.50
2008-01-22,3.50,3.63,3.50,3.55,11200,3.55
2008-01-18,3.66,3.66,3.52,3.56,34700,3.56
2008-01-17,3.71,3.75,3.60,3.63,9800,3.63
2008-01-16,3.79,3.84,3.58,3.72,49700,3.72
2008-01-15,3.74,3.78,3.65,3.74,62400,3.74
2008-01-14,3.66,3.79,3.63,3.78,73300,3.78
2008-01-11,3.76,3.77,3.56,3.68,58400,3.68
2008-01-10,3.85,3.96,3.79,3.80,51500,3.80
2008-01-09,3.84,3.96,3.82,3.90,40800,3.90
2008-01-08,3.87,3.90,3.86,3.86,12500,3.86
2008-01-07,4.04,4.08,3.85,3.88,67900,3.88
2008-01-04,4.09,4.15,3.83,3.95,21700,3.95
2008-01-03,4.07,4.07,3.94,4.00,35200,4.00
2008-01-02,4.03,4.19,3.95,4.06,77300,4.06
2007-12-31,4.03,4.29,3.994,4.03,118700,4.03
2007-12-28,3.96,4.25,3.95,4.00,64500,4.00
2007-12-27,4.05,4.10,3.90,4.00,112400,4.00
2007-12-26,4.16,4.16,4.02,4.09,36100,4.09
2007-12-24,4.24,4.25,4.03,4.16,16900,4.16
2007-12-21,4.21,4.32,4.00,4.27,34500,4.27
2007-12-20,4.35,4.43,4.26,4.26,35100,4.26
2007-12-19,4.17,4.36,4.15,4.28,243200,4.28
2007-12-18,4.22,4.26,4.16,4.16,22000,4.16
2007-12-17,4.32,4.32,4.06,4.21,87600,4.21
2007-12-14,4.49,4.49,4.30,4.30,27400,4.30
2007-12-13,4.31,4.33,4.29,4.30,171200,4.30
2007-12-12,4.33,4.42,4.20,4.31,33400,4.31
2007-12-11,4.48,4.59,3.45,4.35,175400,4.35
2007-12-10,4.52,4.53,4.34,4.51,16200,4.51
2007-12-07,4.51,4.61,4.47,4.47,70600,4.47
2007-12-06,4.33,4.41,4.30,4.31,62700,4.31
2007-12-05,4.48,4.51,4.44,4.46,24100,4.46
2007-12-04,4.56,4.60,4.50,4.50,20900,4.50
2007-12-03,4.55,4.62,4.45,4.53,27300,4.53
2007-11-30,4.555,4.555,4.50,4.51,53200,4.51
2007-11-29,4.54,4.60,4.54,4.55,10400,4.55
2007-11-28,4.63,4.63,4.49,4.57,20300,4.57
2007-11-27,4.59,4.70,4.55,4.63,23100,4.63
2007-11-26,4.70,4.70,4.57,4.60,16200,4.60
2007-11-23,4.54,4.67,4.53,4.67,14000,4.67
2007-11-21,4.56,4.64,4.48,4.58,32200,4.58
2007-11-20,4.63,4.65,4.50,4.61,18600,4.61
2007-11-19,4.55,4.58,4.49,4.57,38700,4.57
2007-11-16,4.38,4.54,4.38,4.54,173600,4.54
2007-11-15,4.46,4.46,4.46,4.46,21300,4.46
2007-11-14,4.50,4.51,4.48,4.50,49400,4.50
2007-11-13,4.50,4.52,4.50,4.50,21600,4.50
2007-11-12,4.50,4.52,4.46,4.52,68100,4.52
2007-11-09,4.41,4.51,4.33,4.45,270500,4.45
2007-11-08,4.58,4.67,4.40,4.40,80300,4.40
2007-11-07,4.56,4.62,4.55,4.62,6600,4.62
2007-11-06,4.51,4.60,4.50,4.60,4900,4.60
2007-11-05,4.48,4.57,4.48,4.52,14400,4.52
2007-11-02,4.65,4.65,4.55,4.56,18500,4.56
2007-11-01,4.45,4.71,4.37,4.66,12600,4.66
2007-10-31,4.46,4.60,4.46,4.56,2900,4.56
2007-10-30,4.41,4.48,4.41,4.46,8500,4.46
2007-10-29,4.44,4.49,4.41,4.45,13700,4.45
2007-10-26,4.56,4.57,4.33,4.46,46500,4.46
2007-10-25,4.70,4.70,4.58,4.59,5000,4.59
2007-10-24,4.67,4.75,4.60,4.72,6000,4.72
2007-10-23,4.71,4.71,4.66,4.71,12900,4.71
2007-10-22,4.69,4.73,4.69,4.71,6700,4.71
2007-10-19,4.58,4.76,4.58,4.67,46800,4.67
2007-10-18,4.59,4.64,4.57,4.61,9600,4.61
2007-10-17,4.48,4.61,4.48,4.61,11000,4.61
2007-10-16,4.43,4.52,4.41,4.52,10000,4.52
2007-10-15,4.55,4.56,4.00,4.45,30200,4.45
2007-10-12,4.55,4.60,4.55,4.58,7000,4.58
2007-10-11,4.56,4.56,4.55,4.55,15100,4.55
2007-10-10,4.56,4.58,4.55,4.56,10900,4.56
2007-10-09,4.65,4.68,4.65,4.66,3600,4.66
2007-10-08,4.57,4.80,4.57,4.69,4300,4.69
2007-10-05,4.75,4.76,4.62,4.68,5300,4.68
2007-10-04,4.72,4.74,4.673,4.72,31400,4.72
2007-10-03,4.72,4.76,4.70,4.76,22200,4.76
2007-10-02,4.73,4.74,4.70,4.74,8200,4.74
2007-10-01,4.75,4.79,4.72,4.79,14900,4.79
2007-09-28,4.77,4.80,4.74,4.74,13800,4.74
2007-09-27,4.74,4.87,4.72,4.80,80700,4.80
2007-09-26,4.616,4.75,4.616,4.75,15600,4.75
2007-09-25,4.69,4.75,4.67,4.74,7800,4.74
2007-09-24,4.72,4.74,4.69,4.70,6000,4.70
2007-09-21,4.80,4.80,4.71,4.74,13900,4.74
2007-09-20,4.69,4.87,4.69,4.78,10400,4.78
2007-09-19,4.71,4.73,4.65,4.73,12300,4.73
2007-09-18,4.71,4.80,4.68,4.68,4700,4.68
2007-09-17,4.73,4.82,4.67,4.73,18800,4.73
2007-09-14,4.61,4.70,4.61,4.70,6000,4.70
2007-09-13,4.64,4.68,4.62,4.62,6400,4.62
2007-09-12,4.78,4.80,4.65,4.65,61300,4.65
2007-09-11,4.73,4.81,4.65,4.74,36500,4.74
2007-09-10,4.76,4.76,4.58,4.75,22900,4.75
2007-09-07,4.74,4.80,4.63,4.77,8900,4.77
2007-09-06,4.75,4.81,4.72,4.78,15200,4.78
2007-09-05,4.74,4.76,4.61,4.73,6100,4.73
2007-09-04,4.68,4.77,4.498,4.75,32400,4.75
2007-08-31,4.60,4.65,4.55,4.65,24600,4.65
2007-08-30,4.50,4.62,4.50,4.60,37700,4.60
2007-08-29,4.56,4.56,4.53,4.55,12800,4.55
2007-08-28,4.58,4.59,4.55,4.55,14800,4.55
2007-08-27,4.66,4.66,4.55,4.56,9400,4.56
2007-08-24,4.60,4.72,4.60,4.62,19000,4.62
2007-08-23,4.53,4.70,4.53,4.63,66300,4.63
2007-08-22,4.54,4.59,4.30,4.55,38500,4.55
2007-08-21,4.45,4.64,4.33,4.55,76600,4.55
2007-08-20,4.55,4.55,4.50,4.51,72000,4.51
2007-08-17,4.60,4.67,4.54,4.54,42900,4.54
2007-08-16,4.61,4.75,4.30,4.579,141000,4.579
2007-08-15,4.65,4.75,4.65,4.75,23300,4.75
2007-08-14,4.628,4.82,4.628,4.82,65700,4.82
2007-08-13,4.39,4.75,4.31,4.73,72200,4.73
2007-08-10,4.55,4.70,4.43,4.44,125300,4.44
2007-08-09,4.845,4.87,4.54,4.55,155200,4.55
2007-08-08,4.96,4.96,4.84,4.86,98800,4.86
2007-08-07,4.86,4.99,4.86,4.9675,10900,4.9675
2007-08-06,4.84,4.96,4.80,4.92,7800,4.92
2007-08-03,5.09,5.09,4.87,5.09,41800,5.09
2007-08-02,4.97,5.03,4.97,5.01,11000,5.01
2007-08-01,4.94,5.01,4.94,5.01,76700,5.01
2007-07-31,4.98,5.00,4.721,4.99,57800,4.99
2007-07-30,4.71,5.00,4.71,4.99,124900,4.99
2007-07-27,4.68,4.79,4.60,4.76,51900,4.76
2007-07-26,4.83,4.94,4.58,4.70,208500,4.70
2007-07-25,4.95,4.97,4.788,4.91,105100,4.91
2007-07-24,5.19,5.25,5.00,5.25,119000,5.25
2007-07-23,5.25,5.34,5.06,5.34,27400,5.34
2007-07-20,5.25,5.38,5.15,5.27,63500,5.27
2007-07-19,5.45,5.47,5.26,5.47,57700,5.47
2007-07-18,5.48,5.51,5.33,5.43,61300,5.43
2007-07-17,5.45,5.53,5.36,5.4799,36500,5.4799
2007-07-16,5.11,5.65,5.11,5.65,284000,5.65
2007-07-13,4.99,5.14,4.95,5.09,48200,5.09
2007-07-12,4.91,5.04,4.91,5.04,92600,5.04
2007-07-11,4.91,4.97,4.864,4.95,120800,4.95
2007-07-10,4.90,5.0116,4.90,4.94,67500,4.94
2007-07-09,4.96,5.05,4.91,4.94,224900,4.94
2007-07-06,4.83,4.97,4.79,4.92,101000,4.92
2007-07-05,4.68,4.90,4.68,4.83,156600,4.83
2007-07-03,4.64,4.68,4.63,4.68,16400,4.68
2007-07-02,4.60,4.65,4.60,4.65,73300,4.65
2007-06-29,4.60,4.64,4.60,4.60,21800,4.60
2007-06-28,4.59,4.61,4.59,4.61,79100,4.61
2007-06-27,4.57,4.60,4.55,4.60,19600,4.60
2007-06-26,4.59,4.60,4.57,4.60,48700,4.60
2007-06-25,4.61,4.65,4.54,4.58,21200,4.58
2007-06-22,4.55,4.65,4.55,4.64,35500,4.64
2007-06-21,4.60,4.64,4.54,4.59,153500,4.59
2007-06-20,4.58,4.65,4.58,4.65,37500,4.65
2007-06-19,4.61,4.66,4.58,4.62,27000,4.62
2007-06-18,4.50,4.69,4.50,4.69,63400,4.69
2007-06-15,4.62,4.64,4.50,4.56,44500,4.56
2007-06-14,4.57,4.62,4.52,4.55,50200,4.55
2007-06-13,4.55,4.60,4.40,4.52,142700,4.52
2007-06-12,4.60,4.60,4.45,4.58,202200,4.58
2007-06-11,4.72,4.74,4.62,4.74,248100,4.74
2007-06-08,4.39,5.98,4.39,4.70,511600,4.70
2007-06-07,4.26,4.42,4.26,4.35,118000,4.35
2007-06-06,4.33,4.44,4.29,4.40,112100,4.40
2007-06-05,4.37,4.455,4.30,4.37,207900,4.37
2007-06-04,4.35,4.43,4.35,4.40,25800,4.40
2007-06-01,4.37,4.44,4.37,4.42,23600,4.42
2007-05-31,4.29,4.40,4.29,4.40,110000,4.40
2007-05-30,4.33,4.38,4.24,4.30,62100,4.30
2007-05-29,4.38,4.40,4.35,4.40,57100,4.40
2007-05-25,4.33,4.41,4.33,4.37,36400,4.37
2007-05-24,4.26,4.38,4.26,4.33,89000,4.33
2007-05-23,4.27,4.37,4.16,4.31,37800,4.31
2007-05-22,4.31,4.31,4.25,4.30,70900,4.30
2007-05-21,4.25,4.40,4.20,4.29,76700,4.29
2007-05-18,4.24,4.35,4.24,4.35,19800,4.35
2007-05-17,4.36,4.39,4.24,4.27,62800,4.27
2007-05-16,4.40,4.44,4.36,4.37,91400,4.37
2007-05-15,4.48,4.48,4.35,4.36,120700,4.36
2007-05-14,4.31,4.46,4.20,4.44,115900,4.44
2007-05-11,4.19,4.26,4.19,4.26,109100,4.26
2007-05-10,4.168,4.25,4.11,4.25,235300,4.25
2007-05-09,4.20,4.25,4.20,4.25,18400,4.25
2007-05-08,4.155,4.24,4.155,4.24,213700,4.24
2007-05-07,4.12,4.20,4.12,4.15,59800,4.15
2007-05-04,4.13,4.16,4.11,4.15,8700,4.15
2007-05-03,4.16,4.20,4.12,4.12,22200,4.12
2007-05-02,4.12,4.19,4.10,4.15,371000,4.15
2007-05-01,4.16,4.17,4.11,4.14,27800,4.14
2007-04-30,4.12,4.16,4.12,4.16,30300,4.16
2007-04-27,4.19,4.22,4.15,4.22,29000,4.22
2007-04-26,4.22,4.26,4.19,4.20,44600,4.20
2007-04-25,4.01,4.25,4.00,4.25,117100,4.25
2007-04-24,4.00,4.12,3.86,4.10,31900,4.10
2007-04-23,4.14,4.14,4.08,4.10,6500,4.10
2007-04-20,4.17,4.20,4.16,4.17,3400,4.17
2007-04-19,4.21,4.21,4.18,4.21,15500,4.21
2007-04-18,4.16,4.24,4.16,4.18,33100,4.18
2007-04-17,4.11,4.24,4.09,4.15,64100,4.15
2007-04-16,4.15,4.15,4.09,4.15,11400,4.15
2007-04-13,4.11,4.15,4.09,4.11,5000,4.11
2007-04-12,4.06,4.113,4.06,4.113,6300,4.113
2007-04-11,4.08,4.08,4.01,4.02,13100,4.02
2007-04-10,3.92,4.12,3.91,4.11,5400,4.11
2007-04-09,4.08,4.15,3.91,4.09,12100,4.09
2007-04-05,4.11,4.15,4.11,4.11,13400,4.11
2007-04-04,4.11,4.14,4.11,4.14,3100,4.14
2007-04-03,4.12,4.15,4.12,4.12,3500,4.12
2007-04-02,4.08,4.17,4.08,4.17,25700,4.17
2007-03-30,4.16,4.21,4.02,4.09,15400,4.09
2007-03-29,4.1545,4.17,4.1545,4.17,3100,4.17
2007-03-28,4.16,4.17,4.16,4.17,4300,4.17
2007-03-27,4.14,4.17,4.14,4.17,1500,4.17
2007-03-26,4.20,4.20,4.13,4.18,5400,4.18
2007-03-23,4.20,4.24,4.05,4.20,38900,4.20
2007-03-22,4.10,4.24,4.10,4.19,47100,4.19
2007-03-21,4.25,4.25,4.02,4.10,59700,4.10
2007-03-20,4.17,4.32,4.17,4.25,70500,4.25
2007-03-19,4.07,4.13,4.07,4.13,257800,4.13
2007-03-16,4.09,4.14,4.05,4.10,63900,4.10
2007-03-15,4.02,4.10,4.02,4.09,52600,4.09
2007-03-14,3.99,4.06,3.90,4.05,21300,4.05
2007-03-13,4.06,4.08,4.05,4.08,21400,4.08
2007-03-12,4.05,4.06,4.04,4.06,6800,4.06
2007-03-09,4.06,4.06,4.03,4.05,24100,4.05
2007-03-08,4.03,4.08,4.01,4.08,38500,4.08
2007-03-07,3.97,4.00,3.95,4.00,37500,4.00
2007-03-06,4.00,4.04,3.91,3.98,64600,3.98
2007-03-05,3.93,4.01,3.93,4.00,23400,4.00
2007-03-02,4.10,4.10,4.00,4.03,9000,4.03
2007-03-01,4.02,4.06,4.00,4.03,9300,4.03
2007-02-28,3.98,4.06,3.98,4.06,45900,4.06
2007-02-27,3.95,4.05,3.95,4.04,36700,4.04
2007-02-26,3.99,4.01,3.96,3.98,86400,3.98
2007-02-23,3.97,4.00,3.95,3.99,56900,3.99
2007-02-22,3.94,3.97,3.924,3.96,95400,3.96
2007-02-21,3.94,3.94,3.91,3.94,86200,3.94
2007-02-20,3.94,3.94,3.86,3.91,54200,3.91
2007-02-16,3.91,3.93,3.90,3.93,26700,3.93
2007-02-15,3.91,3.92,3.88,3.90,36900,3.90
2007-02-14,3.88,3.95,3.88,3.91,27100,3.91
2007-02-13,3.90,3.91,3.87,3.91,39500,3.91
2007-02-12,3.89,3.90,3.87,3.90,55000,3.90
2007-02-09,3.83,3.90,3.83,3.90,61700,3.90
2007-02-08,3.85,3.85,3.82,3.82,32700,3.82
2007-02-07,3.83,3.87,3.81,3.84,15200,3.84
2007-02-06,3.76,3.87,3.76,3.83,29000,3.83
2007-02-05,3.72,3.76,3.71,3.75,100400,3.75
2007-02-02,3.69,3.73,3.68,3.71,84900,3.71
2007-02-01,3.65,3.69,3.65,3.69,93800,3.69
2007-01-31,3.60,3.67,3.60,3.67,46600,3.67
2007-01-30,3.66,3.67,3.62,3.66,45200,3.66
2007-01-29,3.68,3.70,3.65,3.67,58400,3.67
2007-01-26,3.64,3.69,3.64,3.67,199700,3.67
2007-01-25,3.65,3.68,3.64,3.64,19800,3.64
2007-01-24,3.69,3.71,3.65,3.68,68000,3.68
2007-01-23,3.69,3.70,3.67,3.69,42000,3.69
2007-01-22,3.69,3.70,3.68,3.68,70400,3.68
2007-01-19,3.69,3.70,3.69,3.70,16500,3.70
2007-01-18,3.70,3.72,3.69,3.69,121700,3.69
2007-01-17,3.67,3.71,3.66,3.70,145300,3.70
2007-01-16,3.65,3.70,3.65,3.70,77400,3.70
2007-01-12,3.67,3.70,3.65,3.68,21300,3.68
2007-01-11,3.67,3.71,3.65,3.69,33100,3.69
2007-01-10,3.68,3.70,3.65,3.70,32700,3.70
2007-01-09,3.68,3.71,3.67,3.70,30400,3.70
2007-01-08,3.67,3.70,3.67,3.68,19700,3.68
2007-01-05,3.67,3.72,3.67,3.70,59600,3.70
2007-01-04,3.68,3.72,3.66,3.70,54100,3.70
2007-01-03,3.64,3.72,3.64,3.71,248800,3.71
2006-12-29,3.66,3.74,3.61,3.61,19500,3.61
2006-12-28,3.69,3.70,3.67,3.70,24300,3.70
2006-12-27,3.65,3.71,3.65,3.69,17000,3.69
2006-12-26,3.67,3.69,3.62,3.67,26900,3.67
2006-12-22,3.71,3.74,3.66,3.73,18500,3.73
2006-12-21,3.69,3.76,3.68,3.74,10200,3.74
2006-12-20,3.67,3.75,3.67,3.72,18900,3.72
2006-12-19,3.65,3.74,3.65,3.74,25300,3.74
2006-12-18,3.73,3.74,3.58,3.66,20000,3.66
2006-12-15,3.69,3.80,3.69,3.75,23600,3.75
2006-12-14,3.68,3.75,3.68,3.72,28100,3.72
2006-12-13,3.66,3.76,3.66,3.71,59000,3.71
2006-12-12,3.73,3.78,3.73,3.75,12200,3.75
2006-12-11,3.71,3.75,3.71,3.75,30300,3.75
2006-12-08,3.75,3.79,3.74,3.74,34300,3.74
2006-12-07,3.75,3.75,3.74,3.75,14400,3.75
2006-12-06,3.75,3.75,3.71,3.75,16900,3.75
2006-12-05,3.69,3.75,3.69,3.73,14000,3.73
2006-12-04,3.72,3.75,3.70,3.72,112900,3.72
2006-12-01,3.68,3.74,3.68,3.7252,14900,3.7252
2006-11-30,3.73,3.73,3.67,3.71,6100,3.71
2006-11-29,3.70,3.73,3.70,3.72,58900,3.72
2006-11-28,3.70,3.72,3.68,3.71,15200,3.71
2006-11-27,3.70,3.74,3.70,3.74,27600,3.74
2006-11-24,3.74,3.74,3.70,3.73,6400,3.73
2006-11-22,3.72,3.73,3.70,3.71,6200,3.71
2006-11-21,3.70,3.71,3.66,3.69,33500,3.69
2006-11-20,3.64,3.71,3.64,3.71,7600,3.71
2006-11-17,3.71,3.71,3.66,3.67,10200,3.67
2006-11-16,3.66,3.71,3.66,3.70,19300,3.70
2006-11-15,3.70,3.71,3.65,3.65,28900,3.65
2006-11-14,3.71,3.71,3.61,3.67,21500,3.67
2006-11-13,3.67,3.74,3.58,3.70,43200,3.70
2006-11-10,3.71,3.75,3.71,3.74,28400,3.74
2006-11-09,3.72,3.75,3.72,3.74,34800,3.74
2006-11-08,3.75,3.75,3.71,3.74,9500,3.74
2006-11-07,3.77,3.81,3.73,3.74,235500,3.74
2006-11-06,3.74,3.88,3.71,3.79,46600,3.79
2006-11-03,3.72,3.75,3.70,3.73,100000,3.73
2006-11-02,3.70,3.73,3.70,3.73,7100,3.73
2006-11-01,3.75,3.75,3.71,3.72,24500,3.72
2006-10-31,3.71,3.74,3.69,3.70,32200,3.70
2006-10-30,3.77,3.77,3.67,3.72,425600,3.72
2006-10-27,3.81,3.88,3.74,3.74,7200,3.74
2006-10-26,3.80,3.89,3.80,3.89,33900,3.89
2006-10-25,3.617,3.80,3.58,3.79,82500,3.79
2006-10-24,3.63,3.69,3.61,3.61,24200,3.61
2006-10-23,3.61,3.67,3.59,3.66,142600,3.66
2006-10-20,3.60,3.69,3.60,3.66,56000,3.66
2006-10-19,3.61,3.65,3.61,3.65,25300,3.65
2006-10-18,3.60,3.65,3.60,3.64,6700,3.64
2006-10-17,3.61,3.67,3.58,3.62,44000,3.62
2006-10-16,3.54,3.64,3.52,3.58,34400,3.58
2006-10-13,3.50,3.58,3.496,3.55,116800,3.55
2006-10-12,3.60,3.62,3.493,3.62,63000,3.62
2006-10-11,3.58,3.62,3.53,3.60,49800,3.60
2006-10-10,3.67,3.67,3.61,3.63,24200,3.63
2006-10-09,3.69,3.72,3.63,3.64,160100,3.64
2006-10-06,3.60,3.73,3.60,3.65,96800,3.65
2006-10-05,3.67,3.67,3.61,3.62,11900,3.62
2006-10-04,3.72,3.83,3.65,3.83,191800,3.83
2006-10-03,3.81,3.83,3.80,3.80,3400,3.80
2006-10-02,3.83,3.85,3.83,3.83,8600,3.83
2006-09-29,3.8345,3.85,3.83,3.84,4800,3.84
2006-09-28,3.85,3.87,3.84,3.87,38200,3.87
2006-09-27,3.81,3.88,3.81,3.84,42500,3.84
2006-09-26,3.83,3.90,3.83,3.85,7600,3.85
2006-09-25,3.80,3.88,3.79,3.86,7800,3.86
2006-09-22,3.85,3.90,3.85,3.86,5000,3.86
2006-09-21,3.85,3.90,3.85,3.87,10000,3.87
2006-09-20,3.85,3.90,3.85,3.88,114000,3.88
2006-09-19,3.90,3.90,3.80,3.86,70000,3.86
2006-09-18,3.89,3.90,3.87,3.90,24800,3.90
2006-09-15,3.83,3.90,3.83,3.87,29900,3.87
2006-09-14,3.85,3.87,3.80,3.86,18800,3.86
2006-09-13,3.85,3.87,3.81,3.851,6200,3.851
2006-09-12,3.84,3.92,3.84,3.86,28900,3.86
2006-09-11,3.80,3.92,3.80,3.88,46500,3.88
2006-09-08,3.82,3.89,3.77,3.80,63900,3.80
2006-09-07,3.76,3.91,3.76,3.87,29400,3.87
2006-09-06,3.75,3.85,3.69,3.80,29600,3.80
2006-09-05,3.82,3.83,3.80,3.83,78500,3.83
2006-09-01,3.80,3.84,3.79,3.83,80400,3.83
2006-08-31,3.80,3.83,3.79,3.79,40900,3.79
2006-08-30,3.80,3.85,3.79,3.82,52600,3.82
2006-08-29,3.83,3.85,3.81,3.85,48200,3.85
2006-08-28,3.85,3.87,3.83,3.84,57500,3.84
2006-08-25,3.90,3.91,3.83,3.87,36900,3.87
2006-08-24,3.91,3.95,3.91,3.92,43200,3.92
2006-08-23,3.92,3.94,3.90,3.91,21100,3.91
2006-08-22,3.89,3.92,3.86,3.91,25800,3.91
2006-08-21,3.85,3.91,3.85,3.90,14000,3.90
2006-08-18,3.85,3.89,3.85,3.88,27100,3.88
2006-08-17,3.85,3.89,3.83,3.85,54200,3.85
2006-08-16,3.84,3.87,3.79,3.86,76200,3.86
2006-08-15,3.84,3.89,3.83,3.83,38800,3.83
2006-08-14,3.82,3.90,3.82,3.87,38300,3.87
2006-08-11,3.87,3.91,3.84,3.84,21100,3.84
2006-08-10,3.91,4.00,3.85,3.87,24500,3.87
2006-08-09,3.87,3.96,3.87,3.95,16800,3.95
2006-08-08,3.90,3.92,3.81,3.90,10900,3.90
2006-08-07,3.84,3.98,3.80,3.93,540600,3.93
2006-08-04,3.90,3.95,3.83,3.84,46300,3.84
2006-08-03,3.92,3.93,3.82,3.90,55700,3.90
2006-08-02,3.97,3.99,3.92,3.97,32600,3.97
2006-08-01,3.96,4.00,3.96,3.99,21800,3.99
2006-07-31,4.00,4.08,3.99,4.01,529500,4.01
2006-07-28,3.96,4.02,3.96,3.96,161700,3.96
2006-07-27,4.01,4.04,3.97,3.98,15800,3.98
2006-07-26,4.03,4.06,4.00,4.03,82400,4.03
2006-07-25,4.00,4.06,4.00,4.06,29600,4.06
2006-07-24,3.99,4.03,3.98,3.98,19700,3.98
2006-07-21,4.00,4.02,3.98,4.01,17400,4.01
2006-07-20,4.01,4.09,3.99,3.99,31100,3.99
2006-07-19,4.03,4.11,4.01,4.02,37400,4.02
2006-07-18,4.01,4.05,4.01,4.05,40900,4.05
2006-07-17,4.00,4.05,4.00,4.01,13200,4.01
2006-07-14,4.0248,4.04,4.01,4.01,23200,4.01
2006-07-13,4.04,4.05,4.01,4.02,5300,4.02
2006-07-12,4.06,4.08,4.06,4.07,3100,4.07
2006-07-11,4.01,4.10,4.01,4.09,34800,4.09
2006-07-10,4.00,4.03,4.00,4.03,17200,4.03
2006-07-07,4.00,4.03,4.00,4.02,18400,4.02
2006-07-06,4.04,4.06,4.02,4.02,9700,4.02
2006-07-05,4.00,4.04,4.00,4.01,30400,4.01
2006-07-03,4.01,4.04,4.01,4.04,1300,4.04
2006-06-30,4.07,4.07,4.01,4.02,17900,4.02
2006-06-29,4.04,4.09,4.02,4.02,12200,4.02
2006-06-28,4.0401,4.13,4.04,4.04,20700,4.04
2006-06-27,4.05,4.12,4.03,4.10,8600,4.10
2006-06-26,4.05,4.13,4.05,4.09,24400,4.09
2006-06-23,4.05,4.08,4.03,4.03,5500,4.03
2006-06-22,4.05,4.09,4.04,4.05,55500,4.05
2006-06-21,4.03,4.05,4.03,4.05,52100,4.05
2006-06-20,4.01,4.03,4.01,4.03,29000,4.03
2006-06-19,4.07,4.09,4.02,4.03,28700,4.03
2006-06-16,4.07,4.09,4.03,4.07,28100,4.07
2006-06-15,4.11,4.12,4.05,4.10,131500,4.10
2006-06-14,4.08,4.10,4.05,4.06,54000,4.06
2006-06-13,4.07,4.12,4.07,4.07,25000,4.07
2006-06-12,4.09,4.13,4.09,4.10,69700,4.10
2006-06-09,4.12,4.15,4.12,4.12,9800,4.12
2006-06-08,4.12,4.16,4.07,4.11,36700,4.11
2006-06-07,4.15,4.19,4.15,4.18,21800,4.18
2006-06-06,4.20,4.20,4.15,4.15,9300,4.15
2006-06-05,4.22,4.25,4.15,4.20,12800,4.20
2006-06-02,4.14,4.24,4.14,4.24,121000,4.24
2006-06-01,4.11,4.25,4.11,4.25,64300,4.25
2006-05-31,4.17,4.20,4.15,4.15,60100,4.15
2006-05-30,4.15,4.21,4.15,4.21,21300,4.21
2006-05-26,4.20,4.22,4.16,4.17,21800,4.17
2006-05-25,4.10,4.22,4.10,4.20,139000,4.20
2006-05-24,4.15,4.16,4.05,4.12,71800,4.12
2006-05-23,4.13,4.16,4.12,4.16,29900,4.16
2006-05-22,4.12,4.15,4.08,4.13,41700,4.13
2006-05-19,4.06,4.15,4.06,4.13,52400,4.13
2006-05-18,4.09,4.10,4.05,4.10,55900,4.10
2006-05-17,4.15,4.18,4.04,4.10,87100,4.10
2006-05-16,4.13,4.17,4.10,4.15,21000,4.15
2006-05-15,4.15,4.19,4.13,4.19,28400,4.19
2006-05-12,4.16,4.19,4.158,4.19,257700,4.19
2006-05-11,4.15,4.18,4.12,4.17,63700,4.17
2006-05-10,4.17,4.24,4.14,4.19,179900,4.19
2006-05-09,4.18,4.18,4.16,4.18,81600,4.18
2006-05-08,4.10,4.19,4.05,4.17,63800,4.17
2006-05-05,4.13,4.17,4.12,4.14,36700,4.14
2006-05-04,4.11,4.14,4.11,4.14,39200,4.14
2006-05-03,4.10,4.12,4.09,4.10,96800,4.10
2006-05-02,4.10,4.13,4.06,4.12,79000,4.12
2006-05-01,4.05,4.10,4.001,4.08,64600,4.08
2006-04-28,4.02,4.07,4.02,4.07,64700,4.07
2006-04-27,4.00,4.09,4.00,4.04,44800,4.04
2006-04-26,4.14,4.16,4.09,4.12,63100,4.12
2006-04-25,4.14,4.18,4.11,4.18,90300,4.18
2006-04-24,4.11,4.11,4.08,4.11,26000,4.11
2006-04-21,4.00,4.08,4.00,4.07,19800,4.07
2006-04-20,3.99,4.09,3.99,4.00,56300,4.00
2006-04-19,4.00,4.09,4.00,4.09,334400,4.09
2006-04-18,4.05,4.10,4.01,4.05,68000,4.05
2006-04-17,4.04,4.09,4.03,4.06,6700,4.06
2006-04-13,4.03,4.11,4.02,4.10,85600,4.10
2006-04-12,4.03,4.11,4.03,4.09,50900,4.09
2006-04-11,4.05,4.06,4.02,4.033,16000,4.033
2006-04-10,4.09,4.14,4.06,4.06,10300,4.06
2006-04-07,4.10,4.14,4.09,4.12,4900,4.12
2006-04-06,4.11,4.17,4.09,4.14,33200,4.14
2006-04-05,4.04,4.17,4.04,4.13,41500,4.13
2006-04-04,4.11,4.13,4.01,4.01,112800,4.01
2006-04-03,4.14,4.17,4.07,4.13,32700,4.13
2006-03-31,4.10,4.15,4.07,4.12,153000,4.12
2006-03-30,4.08,4.13,4.01,4.07,115700,4.07
2006-03-29,4.14,4.17,4.05,4.13,178800,4.13
2006-03-28,4.10,4.15,4.10,4.12,4300,4.12
2006-03-27,4.08,4.13,4.07,4.10,40700,4.10
2006-03-24,4.20,4.22,4.07,4.10,51800,4.10
2006-03-23,4.19,4.24,4.18,4.21,5400,4.21
2006-03-22,4.1801,4.24,4.1801,4.2145,2500,4.2145
2006-03-21,4.25,4.25,4.23,4.24,33000,4.24
2006-03-20,4.15,4.25,4.15,4.25,48000,4.25
2006-03-17,4.13,4.22,4.11,4.18,21300,4.18
2006-03-16,4.14,4.21,4.14,4.21,15400,4.21
2006-03-15,4.15,4.19,4.15,4.19,13400,4.19
2006-03-14,4.15,4.18,4.11,4.15,13400,4.15
2006-03-13,4.14,4.17,4.12,4.12,11200,4.12
2006-03-10,4.151,4.19,4.151,4.19,9400,4.19
2006-03-09,4.16,4.20,4.07,4.12,50200,4.12
2006-03-08,4.16,4.22,4.15,4.17,19300,4.17
2006-03-07,4.18,4.22,4.18,4.20,7600,4.20
2006-03-06,4.16,4.21,4.12,4.18,53400,4.18
2006-03-03,4.20,4.24,4.18,4.20,35500,4.20
2006-03-02,4.18,4.20,4.15,4.18,20500,4.18
2006-03-01,4.22,4.23,4.09,4.18,38400,4.18
2006-02-28,4.42,4.46,4.22,4.24,72400,4.24
2006-02-27,4.49,4.52,4.43,4.44,99900,4.44
2006-02-24,4.52,4.52,4.43,4.45,57600,4.45
2006-02-23,4.47,4.51,4.44,4.51,42500,4.51
2006-02-22,4.54,4.57,4.41,4.444,18500,4.444
2006-02-21,4.66,4.66,4.49,4.58,62100,4.58
2006-02-17,4.50,4.68,4.48,4.62,173700,4.62
2006-02-16,4.46,4.52,4.45,4.52,121400,4.52
2006-02-15,4.44,4.50,4.40,4.50,129600,4.50
2006-02-14,4.21,4.46,4.21,4.45,165100,4.45
2006-02-13,4.15,4.25,4.13,4.25,78900,4.25
2006-02-10,4.16,4.19,4.11,4.19,8000,4.19
2006-02-09,4.15,4.22,4.15,4.19,20700,4.19
2006-02-08,4.15,4.20,4.13,4.19,45000,4.19
2006-02-07,4.17,4.18,4.08,4.17,33500,4.17
2006-02-06,4.18,4.23,4.13,4.14,76500,4.14
2006-02-03,4.25,4.25,4.071,4.15,27000,4.15
2006-02-02,4.25,4.30,4.22,4.23,25500,4.23
2006-02-01,4.30,4.32,4.22,4.22,18600,4.22
2006-01-31,4.31,4.35,4.30,4.30,31500,4.30
2006-01-30,4.30,4.40,4.27,4.35,82700,4.35
2006-01-27,4.13,4.27,4.10,4.26,265700,4.26
2006-01-26,4.13,4.19,4.10,4.17,50600,4.17
2006-01-25,4.05,4.136,4.04,4.09,131800,4.09
2006-01-24,4.15,4.25,4.10,4.25,50800,4.25
2006-01-23,4.15,4.15,4.10,4.12,90500,4.12
2006-01-20,4.10,4.14,4.10,4.10,46500,4.10
2006-01-19,4.09,4.10,4.06,4.10,38000,4.10
2006-01-18,4.15,4.17,4.09,4.09,159000,4.09
2006-01-17,4.14,4.20,4.14,4.18,43700,4.18
2006-01-13,4.30,4.31,4.23,4.23,44100,4.23
2006-01-12,4.23,4.33,4.22,4.26,140000,4.26
2006-01-11,4.20,4.267,4.19,4.23,43000,4.23
2006-01-10,4.44,4.44,4.08,4.25,154600,4.25
2006-01-09,4.34,4.43,4.34,4.40,35000,4.40
2006-01-06,4.55,4.55,4.30,4.34,38700,4.34
2006-01-05,4.56,4.62,4.381,4.47,36100,4.47
2006-01-04,4.53,4.63,4.33,4.60,96400,4.60
2006-01-03,4.32,4.50,4.31,4.49,21300,4.49
2005-12-30,4.37,4.45,4.28,4.38,68800,4.38
2005-12-29,4.35,4.50,4.30,4.42,110700,4.42
2005-12-28,4.36,4.58,4.36,4.39,69300,4.39
2005-12-27,4.20,4.47,4.20,4.34,35500,4.34
2005-12-23,4.25,4.35,4.22,4.24,27600,4.24
2005-12-22,4.35,4.35,4.22,4.30,27700,4.30
2005-12-21,4.31,4.411,4.23,4.34,48700,4.34
2005-12-20,4.43,4.45,4.34,4.41,60000,4.41
2005-12-19,4.30,4.42,4.18,4.38,40900,4.38
2005-12-16,4.30,4.38,4.16,4.34,35300,4.34
2005-12-15,4.27,4.60,4.22,4.37,65000,4.37
2005-12-14,4.22,4.42,4.22,4.28,25500,4.28
2005-12-13,4.20,4.35,4.20,4.24,47400,4.24
2005-12-12,4.05,4.22,4.05,4.22,47100,4.22
2005-12-09,4.02,4.10,3.99,4.07,333200,4.07
2005-12-08,4.04,4.10,3.96,3.99,177100,3.99
2005-12-07,4.05,4.07,3.98,3.98,191900,3.98
2005-12-06,4.08,4.12,4.00,4.05,593500,4.05
2005-12-05,4.06,4.15,4.06,4.09,66600,4.09
2005-12-02,4.26,4.26,4.07,4.09,86500,4.09
2005-12-01,4.25,4.28,4.22,4.24,199400,4.24
2005-11-30,4.03,4.25,4.03,4.24,479500,4.24
2005-11-29,4.10,4.20,3.98,4.10,135000,4.10
2005-11-28,4.12,4.19,4.02,4.10,148500,4.10
2005-11-25,4.16,4.25,4.16,4.19,44900,4.19
2005-11-23,4.25,4.25,4.18,4.24,59800,4.24
2005-11-22,4.19,4.32,4.19,4.25,59300,4.25
2005-11-21,4.33,4.34,4.29,4.30,29400,4.30
2005-11-18,4.26,4.40,4.22,4.33,190100,4.33
2005-11-17,4.25,4.35,4.25,4.33,21400,4.33
2005-11-16,4.35,4.50,4.25,4.28,12600,4.28
2005-11-15,4.48,4.49,4.33,4.45,21400,4.45
2005-11-14,4.33,4.48,4.11,4.47,33800,4.47
2005-11-11,4.21,4.45,4.21,4.45,29000,4.45
2005-11-10,4.15,4.22,4.00,4.21,25900,4.21
2005-11-09,4.129,4.16,4.129,4.16,11800,4.16
2005-11-08,4.14,4.24,4.02,4.11,9500,4.11
2005-11-07,4.10,4.26,4.03,4.20,14200,4.20
2005-11-04,4.14,4.26,4.00,4.17,12400,4.17
2005-11-03,4.28,4.30,4.10,4.27,11700,4.27
2005-11-02,4.28,4.30,4.10,4.25,31200,4.25
2005-11-01,4.17,4.28,4.15,4.26,31100,4.26
2005-10-31,4.00,4.20,4.00,4.20,26100,4.20
2005-10-28,4.12,4.13,4.01,4.05,34000,4.05
2005-10-27,4.04,4.19,4.02,4.16,22600,4.16
2005-10-26,4.10,4.25,4.06,4.11,26500,4.11
2005-10-25,4.15,4.20,4.15,4.20,13200,4.20
2005-10-24,4.13,4.20,4.10,4.17,6300,4.17
2005-10-21,4.08,4.13,4.04,4.10,31200,4.10
2005-10-20,4.10,4.10,3.96,4.07,33900,4.07
2005-10-19,4.10,4.10,3.99,3.99,16800,3.99
2005-10-18,4.01,4.15,4.00,4.13,32800,4.13
2005-10-17,3.96,4.04,3.96,4.01,55300,4.01
2005-10-14,4.06,4.086,4.00,4.05,38100,4.05
2005-10-13,4.06,4.10,4.03,4.05,18400,4.05
2005-10-12,4.06,4.06,3.98,4.05,68100,4.05
2005-10-11,4.162,4.162,4.05,4.162,69100,4.162
2005-10-10,4.25,4.25,4.04,4.05,28200,4.05
2005-10-07,4.23,4.24,4.15,4.21,7900,4.21
2005-10-06,4.25,4.26,4.14,4.24,22600,4.24
2005-10-05,4.29,4.36,4.12,4.30,6500,4.30
2005-10-04,4.15,4.28,4.15,4.28,12100,4.28
2005-10-03,4.20,4.24,4.15,4.15,4900,4.15
2005-09-30,4.18,4.24,4.11,4.20,11100,4.20
2005-09-29,4.45,4.50,4.14,4.30,29800,4.30
2005-09-28,4.26,4.48,4.26,4.45,2700,4.45
2005-09-27,4.29,4.41,4.27,4.27,7600,4.27
2005-09-26,4.42,4.47,4.30,4.30,11100,4.30
2005-09-23,4.50,4.50,4.40,4.42,11900,4.42
2005-09-22,4.39,4.48,4.37,4.45,36200,4.45
2005-09-21,4.45,4.50,4.36,4.40,27200,4.40
2005-09-20,4.40,4.40,4.32,4.35,13100,4.35
2005-09-19,4.40,4.40,4.29,4.40,7900,4.40
2005-09-16,4.42,4.42,4.29,4.42,18700,4.42
2005-09-15,4.28,4.44,4.28,4.41,7900,4.41
2005-09-14,4.44,4.44,4.40,4.40,3800,4.40
2005-09-13,4.28,4.49,4.28,4.40,8100,4.40
2005-09-12,4.40,4.60,4.33,4.43,47200,4.43
2005-09-09,4.28,4.50,4.28,4.41,57200,4.41
2005-09-08,4.26,4.42,4.26,4.29,9200,4.29
2005-09-07,4.21,4.42,4.21,4.28,22500,4.28
2005-09-06,4.28,4.28,4.186,4.22,20600,4.22
2005-09-02,4.27,4.34,4.22,4.32,14700,4.32
2005-09-01,4.47,4.47,4.26,4.40,4700,4.40
2005-08-31,4.51,4.59,4.47,4.55,15000,4.55
2005-08-30,4.51,4.65,4.40,4.60,11000,4.60
2005-08-29,4.73,4.76,4.50,4.60,6800,4.60
2005-08-26,4.68,4.76,4.65,4.71,11800,4.71
2005-08-25,4.85,4.901,4.50,4.77,25700,4.77
2005-08-24,4.79,4.93,4.78,4.91,103100,4.91
2005-08-23,4.78,4.89,4.78,4.83,41300,4.83
2005-08-22,4.64,4.80,4.62,4.75,58200,4.75
2005-08-19,4.60,4.66,4.56,4.56,10900,4.56
2005-08-18,4.60,4.65,4.52,4.61,18900,4.61
2005-08-17,4.51,4.61,4.51,4.58,12400,4.58
2005-08-16,4.51,4.64,4.48,4.60,29200,4.60
2005-08-15,4.40,4.65,4.40,4.55,25400,4.55
2005-08-12,4.43,4.50,4.43,4.50,11500,4.50
2005-08-11,4.39,4.63,4.39,4.50,43200,4.50
2005-08-10,4.48,4.60,4.45,4.45,13900,4.45
2005-08-09,4.45,4.56,4.36,4.45,31800,4.45
2005-08-08,4.42,4.51,4.36,4.45,255200,4.45
2005-08-05,4.44,4.56,4.39,4.50,55800,4.50
2005-08-04,4.32,4.48,4.30,4.40,28000,4.40
2005-08-03,4.41,4.50,4.37,4.43,93300,4.43
2005-08-02,4.40,4.50,4.37,4.50,53600,4.50
2005-08-01,4.27,4.42,4.27,4.37,41500,4.37
2005-07-29,4.31,4.40,4.30,4.35,86300,4.35
2005-07-28,4.30,4.46,4.24,4.40,58300,4.40
2005-07-27,4.35,4.572,4.27,4.36,164000,4.36
2005-07-26,4.22,4.24,4.22,4.23,15800,4.23
2005-07-25,4.17,4.25,4.15,4.25,63100,4.25
2005-07-22,4.18,4.32,4.18,4.25,7700,4.25
2005-07-21,4.24,4.25,4.19,4.23,12400,4.23
2005-07-20,4.20,4.24,4.20,4.24,3600,4.24
2005-07-19,4.35,4.35,4.16,4.18,39200,4.18
2005-07-18,4.18,4.35,4.17,4.24,139800,4.24
2005-07-15,4.24,4.29,4.24,4.25,108800,4.25
2005-07-14,4.19,4.30,4.12,4.24,19900,4.24
2005-07-13,4.21,4.36,4.19,4.34,28600,4.34
2005-07-12,4.16,4.34,4.16,4.30,8800,4.30
2005-07-11,4.27,4.332,4.24,4.24,19400,4.24
2005-07-08,4.22,4.35,4.21,4.28,6100,4.28
2005-07-07,4.13,4.27,4.13,4.25,7900,4.25
2005-07-06,4.26,4.26,4.18,4.22,6500,4.22
2005-07-05,4.12,4.33,4.12,4.27,4800,4.27
2005-07-01,4.20,4.25,4.05,4.19,33500,4.19
2005-06-30,4.20,4.25,4.17,4.236,12200,4.236
2005-06-29,4.14,4.25,4.07,4.19,16200,4.19
2005-06-28,4.15,4.22,4.10,4.20,5100,4.20
2005-06-27,4.25,4.29,4.091,4.161,16800,4.161
2005-06-24,4.30,4.30,4.05,4.15,26700,4.15
2005-06-23,4.30,4.32,4.28,4.30,13500,4.30
2005-06-22,4.35,4.35,4.28,4.29,10700,4.29
2005-06-21,4.41,4.41,4.38,4.39,1500,4.39
2005-06-20,4.41,4.41,4.36,4.39,7400,4.39
2005-06-17,4.50,4.57,4.40,4.40,19400,4.40
2005-06-16,4.34,4.50,4.34,4.47,13500,4.47
2005-06-15,4.38,4.46,4.38,4.44,10000,4.44
2005-06-14,4.43,4.48,4.32,4.406,84900,4.406
2005-06-13,4.56,4.56,4.44,4.45,116400,4.45
2005-06-10,4.53,4.60,4.50,4.55,31400,4.55
2005-06-09,4.51,4.65,4.51,4.53,13400,4.53
2005-06-08,4.55,4.64,4.50,4.55,14500,4.55
2005-06-07,4.50,4.62,4.47,4.55,52600,4.55
2005-06-06,4.52,4.59,4.518,4.55,3100,4.55
2005-06-03,4.55,4.62,4.55,4.62,10700,4.62
2005-06-02,4.48,4.62,4.47,4.50,65500,4.50
2005-06-01,4.50,4.61,4.50,4.51,35900,4.51
2005-05-31,4.52,4.63,4.50,4.63,5300,4.63
2005-05-27,4.51,4.54,4.48,4.52,11600,4.52
2005-05-26,4.51,4.60,4.42,4.46,40400,4.46
2005-05-25,4.70,4.70,4.42,4.49,42500,4.49
2005-05-24,4.51,4.51,4.49,4.50,11500,4.50
2005-05-23,4.60,4.75,4.50,4.50,36200,4.50
2005-05-20,4.57,4.70,4.551,4.60,10100,4.60
2005-05-19,4.51,4.70,4.40,4.69,22800,4.69
2005-05-18,4.50,4.66,4.50,4.52,28400,4.52
2005-05-17,4.45,4.70,4.41,4.51,55000,4.51
2005-05-16,4.51,4.57,4.50,4.51,13100,4.51
2005-05-13,4.69,4.70,4.50,4.50,33500,4.50
2005-05-12,4.53,4.56,4.42,4.50,51900,4.50
2005-05-11,4.45,4.72,4.45,4.51,63900,4.51
2005-05-10,4.50,4.56,4.50,4.56,7700,4.56
2005-05-09,4.50,4.54,4.49,4.50,13300,4.50
2005-05-06,4.49,4.54,4.41,4.48,102700,4.48
2005-05-05,4.59,4.59,4.51,4.55,21500,4.55
2005-05-04,4.57,4.70,4.44,4.55,142100,4.55
2005-05-03,4.41,4.65,4.41,4.50,44200,4.50
2005-05-02,4.64,4.65,4.42,4.51,13400,4.51
2005-04-29,4.63,4.64,4.61,4.62,27800,4.62
2005-04-28,4.72,4.72,4.65,4.67,61500,4.67
2005-04-27,4.60,4.70,4.60,4.70,5000,4.70
2005-04-26,4.70,4.70,4.60,4.63,37600,4.63
2005-04-25,4.58,4.70,4.57,4.62,57300,4.62
2005-04-22,4.63,4.69,4.52,4.64,72300,4.64
2005-04-21,4.70,4.75,4.42,4.65,56400,4.65
2005-04-20,4.50,4.70,4.42,4.70,104900,4.70
2005-04-19,4.47,4.53,4.46,4.47,56300,4.47
2005-04-18,4.52,4.52,4.51,4.51,5900,4.51
2005-04-15,4.55,4.55,4.47,4.55,13600,4.55
2005-04-14,4.578,4.68,4.578,4.68,24700,4.68
2005-04-13,4.60,4.65,4.57,4.65,12100,4.65
2005-04-12,4.56,4.67,4.47,4.61,24200,4.61
2005-04-11,4.58,4.70,4.58,4.68,19000,4.68
2005-04-08,4.62,4.75,4.57,4.70,77000,4.70
2005-04-07,4.58,4.75,4.58,4.73,34300,4.73
2005-04-06,4.66,4.70,4.61,4.63,20400,4.63
2005-04-05,4.63,4.75,4.62,4.65,47600,4.65
2005-04-04,4.55,4.67,4.52,4.65,19900,4.65
2005-04-01,4.60,4.75,4.60,4.65,48200,4.65
2005-03-31,4.67,4.67,4.59,4.60,6400,4.60
2005-03-30,4.52,4.71,4.52,4.67,47500,4.67
2005-03-29,4.65,4.75,4.61,4.63,42100,4.63
2005-03-28,4.57,4.75,4.52,4.65,147700,4.65
2005-03-24,4.59,4.60,4.40,4.53,82700,4.53
2005-03-23,4.399,4.59,4.399,4.59,28300,4.59
2005-03-22,4.40,4.51,4.40,4.47,27900,4.47
2005-03-21,4.41,4.50,4.41,4.481,9000,4.481
2005-03-18,4.41,4.53,4.41,4.53,14200,4.53
2005-03-17,4.361,4.60,4.361,4.49,47100,4.49
2005-03-16,4.36,4.50,4.36,4.45,39500,4.45
2005-03-15,4.35,4.50,4.33,4.50,80900,4.50
2005-03-14,4.47,4.49,4.46,4.46,19300,4.46
2005-03-11,4.47,4.49,4.46,4.46,12000,4.46
2005-03-10,4.43,4.50,4.30,4.50,51200,4.50
2005-03-09,4.35,4.60,4.35,4.46,67200,4.46
2005-03-08,4.35,4.50,4.32,4.46,47600,4.46
2005-03-07,4.30,4.49,4.18,4.45,37600,4.45
2005-03-04,4.31,4.46,3.93,4.35,42900,4.35
2005-03-03,4.33,4.45,4.30,4.41,35400,4.41
2005-03-02,4.40,4.46,4.38,4.44,30500,4.44
2005-03-01,4.29,4.45,4.29,4.42,29800,4.42
2005-02-28,4.33,4.44,4.10,4.40,43100,4.40
2005-02-25,4.28,4.32,4.26,4.27,7800,4.27
2005-02-24,4.29,4.42,4.17,4.25,19800,4.25
2005-02-23,4.28,4.50,4.24,4.32,56400,4.32
2005-02-22,4.50,4.51,4.29,4.29,40200,4.29
2005-02-18,4.41,4.50,4.41,4.50,14400,4.50
2005-02-17,4.54,4.54,4.41,4.42,22300,4.42
2005-02-16,4.59,4.59,4.41,4.50,13700,4.50
2005-02-15,4.46,4.622,4.46,4.47,37400,4.47
2005-02-14,4.53,4.60,4.41,4.46,39300,4.46
2005-02-11,4.35,4.52,4.35,4.42,30700,4.42
2005-02-10,4.55,4.58,4.46,4.51,16000,4.51
2005-02-09,4.60,4.60,4.50,4.60,37800,4.60
2005-02-08,4.41,4.65,4.41,4.58,44900,4.58
2005-02-07,4.30,4.57,4.30,4.46,46100,4.46
2005-02-04,4.33,4.33,4.21,4.29,33500,4.29
2005-02-03,4.21,4.37,4.20,4.22,66900,4.22
2005-02-02,4.09,4.10,4.00,4.051,14700,4.051
2005-02-01,3.96,4.07,3.96,4.07,79000,4.07
2005-01-31,3.95,4.10,3.95,4.05,52100,4.05
2005-01-28,4.05,4.05,3.95,3.95,11500,3.95
2005-01-27,4.05,4.07,3.96,3.96,51200,3.96
2005-01-26,4.05,4.07,4.05,4.07,8200,4.07
2005-01-25,4.07,4.12,4.00,4.00,38100,4.00
2005-01-24,4.15,4.15,3.99,4.01,77700,4.01
2005-01-21,4.05,4.11,4.00,4.09,73000,4.09
2005-01-20,4.26,4.26,4.00,4.04,25500,4.04
2005-01-19,4.40,4.43,3.95,4.15,143200,4.15
2005-01-18,4.40,4.84,4.40,4.56,91000,4.56
2005-01-14,4.59,4.85,4.55,4.85,50600,4.85
2005-01-13,4.58,4.80,4.388,4.70,45900,4.70
2005-01-12,4.73,4.81,4.62,4.72,63400,4.72
2005-01-11,4.60,4.79,4.60,4.77,19400,4.77
2005-01-10,4.48,4.84,4.48,4.74,29400,4.74
2005-01-07,4.94,4.94,4.56,4.58,16400,4.58
2005-01-06,4.45,4.789,4.361,4.70,19100,4.70
2005-01-05,4.52,4.55,4.37,4.46,64500,4.46
2005-01-04,4.76,4.95,4.57,4.73,60100,4.73
2005-01-03,4.94,4.98,4.80,4.80,137300,4.80
2004-12-31,4.98,5.08,4.81,4.85,69400,4.85
2004-12-30,5.16,5.16,4.96,4.97,45900,4.97
2004-12-29,5.09,5.16,4.99,5.16,148500,5.16
2004-12-28,4.30,4.982,4.30,4.90,126300,4.90
2004-12-27,4.51,4.619,4.296,4.47,34700,4.47
2004-12-23,4.49,4.50,4.258,4.50,64700,4.50
2004-12-22,4.16,4.305,4.16,4.26,50100,4.26
2004-12-21,4.20,4.35,4.18,4.27,112200,4.27
2004-12-20,4.31,4.31,4.19,4.25,17600,4.25
2004-12-17,4.31,4.36,4.271,4.30,58100,4.30
2004-12-16,4.27,4.36,4.25,4.35,173400,4.35
2004-12-15,4.20,4.28,4.20,4.28,27200,4.28
2004-12-14,4.22,4.34,4.22,4.23,17300,4.23
2004-12-13,4.34,4.36,4.21,4.33,49100,4.33
2004-12-10,4.67,4.70,4.31,4.361,34100,4.361
2004-12-09,4.37,4.55,4.33,4.44,29000,4.44
2004-12-08,4.70,4.72,4.55,4.56,39800,4.56
2004-12-07,4.55,4.79,4.55,4.70,105400,4.70
2004-12-06,4.54,4.78,4.54,4.701,207000,4.701
2004-12-03,4.05,4.84,4.05,4.50,427300,4.50
2004-12-02,3.99,4.02,3.98,4.00,49000,4.00
2004-12-01,3.99,4.01,3.97,4.00,65600,4.00
2004-11-30,3.99,4.01,3.99,3.99,19900,3.99
2004-11-29,3.98,4.03,3.98,4.00,76400,4.00
2004-11-26,4.01,4.01,4.00,4.00,21700,4.00
2004-11-24,3.96,4.02,3.96,3.99,65000,3.99
2004-11-23,4.00,4.00,3.96,3.97,9200,3.97
2004-11-22,4.00,4.00,3.96,4.00,48500,4.00
2004-11-19,4.00,4.02,3.98,3.99,37500,3.99
2004-11-18,3.90,4.05,3.90,4.00,93100,4.00
2004-11-17,3.95,4.04,3.95,3.99,79900,3.99
2004-11-16,3.93,4.05,3.93,4.02,80700,4.02
2004-11-15,4.04,4.05,4.00,4.03,43000,4.03
2004-11-12,4.05,4.05,3.95,3.96,13800,3.96
2004-11-11,3.90,4.03,3.90,4.03,48600,4.03
2004-11-10,4.00,4.02,3.99,3.99,24700,3.99
2004-11-09,3.91,4.04,3.91,3.99,68000,3.99
2004-11-08,4.07,4.07,4.01,4.03,62000,4.03
2004-11-05,3.93,4.04,3.93,4.01,69400,4.01
2004-11-04,3.95,3.98,3.81,3.98,39900,3.98
2004-11-03,3.91,3.97,3.85,3.94,57900,3.94
2004-11-02,3.90,3.95,3.90,3.92,56400,3.92
2004-11-01,3.98,3.98,3.90,3.90,76600,3.90
2004-10-29,3.91,3.96,3.89,3.93,202400,3.93
2004-10-28,3.91,3.97,3.91,3.93,22800,3.93
2004-10-27,3.95,3.99,3.90,3.92,75200,3.92
2004-10-26,4.03,4.05,3.97,4.00,56400,4.00
2004-10-25,3.95,4.08,3.89,3.98,40800,3.98
2004-10-22,3.93,3.99,3.80,3.90,241500,3.90
2004-10-21,4.01,4.11,3.98,3.99,89100,3.99
2004-10-20,4.00,4.21,3.94,4.03,41500,4.03
2004-10-19,4.10,4.30,4.04,4.09,108400,4.09
2004-10-18,4.09,4.12,4.05,4.10,102600,4.10
2004-10-15,4.10,4.15,4.05,4.09,116600,4.09
2004-10-14,4.01,4.12,4.01,4.09,200500,4.09
2004-10-13,4.19,4.19,4.00,4.09,143300,4.09
2004-10-12,4.05,4.22,4.04,4.10,58500,4.10
2004-10-11,4.10,4.15,4.02,4.10,78500,4.10
2004-10-08,4.33,4.38,3.98,4.08,232200,4.08
2004-10-07,4.68,4.68,4.27,4.28,142300,4.28
2004-10-06,4.68,4.79,4.57,4.57,129900,4.57
2004-10-05,4.90,4.90,4.68,4.70,180100,4.70
2004-10-04,5.13,5.30,4.72,4.86,254500,4.86
2004-10-01,6.00,6.03,5.90,5.96,56400,5.96
2004-09-30,6.00,6.00,5.95,5.99,10700,5.99
2004-09-29,5.95,6.00,5.95,5.99,12100,5.99
2004-09-28,5.99,6.00,5.98,5.99,18100,5.99
2004-09-27,5.99,6.00,5.99,6.00,7800,6.00
2004-09-24,6.00,6.00,5.99,6.00,6700,6.00
2004-09-23,5.95,6.00,5.90,6.00,40100,6.00
2004-09-22,6.03,6.03,5.95,5.961,20200,5.961
2004-09-21,5.91,6.00,5.91,5.999,12900,5.999
2004-09-20,5.97,6.05,5.93,6.00,38500,6.00
2004-09-17,5.99,6.00,5.85,6.00,66700,6.00
2004-09-16,5.98,6.03,5.75,6.00,362900,6.00
2004-09-15,5.98,6.021,5.70,5.90,25400,5.90
2004-09-14,6.05,6.05,5.98,6.00,48400,6.00
2004-09-13,5.98,6.04,5.98,5.99,60000,5.99
2004-09-10,6.00,6.01,5.98,6.00,69300,6.00
2004-09-09,6.00,6.00,5.97,6.00,31400,6.00
2004-09-08,5.96,6.00,5.95,6.00,13200,6.00
2004-09-07,5.99,6.00,5.99,6.00,66500,6.00
2004-09-03,5.77,6.00,5.75,5.93,60300,5.93
2004-09-02,5.95,6.00,5.78,5.79,39600,5.79
2004-09-01,5.96,6.00,5.77,6.00,23400,6.00
2004-08-31,6.00,6.00,5.98,6.00,23600,6.00
2004-08-30,6.07,6.07,5.97,6.04,23300,6.04
2004-08-27,6.05,6.05,5.97,6.05,32000,6.05
2004-08-26,5.75,6.05,5.75,6.01,26000,6.01
2004-08-25,5.75,6.00,5.75,5.99,20600,5.99
2004-08-24,5.99,6.00,5.84,5.87,43200,5.87
2004-08-23,5.75,6.06,5.74,5.93,16500,5.93
2004-08-20,5.98,6.00,5.63,5.92,74700,5.92
2004-08-19,5.95,6.10,5.93,6.07,26000,6.07
