Date,Open,High,Low,Close,Volume,Adj Close
2013-07-29,6.34,6.34,6.34,6.34,000,6.34
2013-07-26,6.34,6.34,6.34,6.34,000,6.34
2013-07-25,6.34,6.35,6.34,6.34,827300,6.34
2013-07-24,6.35,6.35,6.34,6.34,3878000,6.34
2013-07-23,6.34,6.35,6.34,6.34,1870700,6.34
2013-07-22,6.34,6.34,6.33,6.33,675000,6.33
2013-07-19,6.33,6.34,6.33,6.335,443700,6.335
2013-07-18,6.33,6.34,6.33,6.33,345900,6.33
2013-07-17,6.33,6.34,6.33,6.33,2071900,6.33
2013-07-16,6.34,6.34,6.32,6.34,2036900,6.34
2013-07-15,6.33,6.34,6.33,6.34,553400,6.34
2013-07-12,6.33,6.34,6.33,6.33,312300,6.33
2013-07-11,6.33,6.34,6.33,6.34,646700,6.34
2013-07-10,6.34,6.34,6.33,6.33,344100,6.33
2013-07-09,6.33,6.34,6.33,6.34,658700,6.34
2013-07-08,6.33,6.34,6.32,6.335,1202200,6.335
2013-07-05,6.33,6.35,6.32,6.34,3051300,6.34
2013-07-04,6.32,6.32,6.32,6.32,000,6.32
2013-07-03,6.32,6.34,6.32,6.32,732300,6.32
2013-07-02,6.32,6.33,6.32,6.32,1034200,6.32
2013-07-01,6.32,6.33,6.31,6.32,1175900,6.32
2013-06-28,6.31,6.34,6.31,6.32,1019000,6.32
2013-06-27,6.31,6.33,6.30,6.30,3842400,6.30
2013-06-26,6.31,6.33,6.305,6.32,1285700,6.32
2013-06-25,6.29,6.32,6.29,6.32,2977300,6.32
2013-06-24,6.29,6.31,6.29,6.30,1847700,6.30
2013-06-21,6.29,6.32,6.29,6.29,3935900,6.29
2013-06-20,6.31,6.31,6.27,6.285,6353800,6.285
2013-06-19,6.31,6.32,6.31,6.31,477300,6.31
2013-06-18,6.31,6.32,6.31,6.32,323000,6.32
2013-06-17,6.31,6.32,6.31,6.31,738600,6.31
2013-06-14,6.31,6.32,6.31,6.31,598200,6.31
2013-06-13,6.32,6.32,6.31,6.32,893900,6.32
2013-06-12,6.31,6.32,6.31,6.31,714000,6.31
2013-06-11,6.31,6.32,6.30,6.31,568700,6.31
2013-06-10,6.31,6.32,6.30,6.31,891900,6.31
2013-06-07,6.31,6.32,6.30,6.32,809800,6.32
2013-06-06,6.32,6.32,6.30,6.31,2173400,6.31
2013-06-05,6.32,6.32,6.30,6.30,1818900,6.30
2013-06-04,6.32,6.33,6.31,6.32,2251500,6.32
2013-06-03,6.34,6.34,6.32,6.32,1705900,6.32
2013-05-31,6.33,6.35,6.32,6.33,971800,6.33
2013-05-30,6.34,6.35,6.33,6.34,894600,6.34
2013-05-29,6.34,6.35,6.34,6.345,835600,6.345
2013-05-28,6.36,6.36,6.34,6.35,683100,6.35
2013-05-27,6.345,6.345,6.345,6.345,000,6.345
2013-05-24,6.34,6.35,6.33,6.345,1415500,6.345
2013-05-23,6.34,6.34,6.33,6.34,1419600,6.34
2013-05-22,6.34,6.35,6.33,6.34,1073400,6.34
2013-05-21,6.33,6.34,6.33,6.34,939400,6.34
2013-05-20,6.33,6.34,6.32,6.32,732000,6.32
2013-05-17,6.34,6.34,6.32,6.33,996500,6.33
2013-05-16,6.33,6.345,6.33,6.33,1824600,6.33
2013-05-15,6.32,6.35,6.32,6.33,1882800,6.33
2013-05-14,6.34,6.35,6.33,6.34,3162600,6.34
2013-05-13,6.34,6.35,6.34,6.34,1024800,6.34
2013-05-10,6.34,6.35,6.34,6.35,520800,6.35
2013-05-09,6.35,6.35,6.34,6.345,898700,6.345
2013-05-08,6.34,6.36,6.33,6.36,993400,6.36
2013-05-07,6.34,6.35,6.3201,6.34,1965700,6.34
2013-05-06,6.35,6.36,6.34,6.35,819800,6.35
2013-05-03,6.35,6.35,6.34,6.35,2161900,6.35
2013-05-02,6.33,6.36,6.33,6.36,1853700,6.36
2013-05-01,6.325,6.34,6.32,6.32,2278000,6.32
2013-04-30,6.32,6.34,6.32,6.32,4557700,6.32
2013-04-29,6.32,6.34,6.32,6.32,3746300,6.32
2013-04-26,6.32,6.33,6.31,6.31,3962600,6.31
2013-04-25,6.32,6.33,6.32,6.33,3898400,6.33
2013-04-24,6.31,6.36,6.31,6.34,7340700,6.34
2013-04-23,6.31,6.33,6.31,6.315,11328200,6.315
2013-04-22,6.31,6.50,6.30,6.33,98203300,6.33
2013-04-19,4.08,4.14,4.00,4.04,1035400,4.04
2013-04-18,4.08,4.17,3.98,4.08,1918600,4.08
2013-04-17,4.12,4.12,4.03,4.05,1046900,4.05
2013-04-16,4.11,4.22,4.05,4.10,1041300,4.10
2013-04-15,4.30,4.325,4.055,4.09,1292700,4.09
2013-04-12,4.40,4.485,4.28,4.33,1410000,4.33
2013-04-11,4.40,4.61,4.37,4.41,2195700,4.41
2013-04-10,4.22,4.52,4.2101,4.44,2919900,4.44
2013-04-09,4.05,4.26,4.00,4.20,2650200,4.20
2013-04-08,4.02,4.09,3.98,4.05,974700,4.05
2013-04-05,4.00,4.09,3.99,4.05,1002000,4.05
2013-04-04,3.99,4.12,3.95,4.04,871100,4.04
2013-04-03,4.06,4.06,3.99,4.01,1211200,4.01
2013-04-02,4.18,4.19,4.04,4.05,1406200,4.05
2013-04-01,4.14,4.19,3.99,4.18,1877200,4.18
2013-03-29,4.14,4.14,4.14,4.14,000,4.14
2013-03-28,4.05,4.19,4.00,4.14,2135800,4.14
2013-03-27,4.01,4.06,3.915,4.05,1598200,4.05
2013-03-26,4.22,4.22,3.99,4.01,1428800,4.01
2013-03-25,4.25,4.26,4.15,4.15,1014600,4.15
2013-03-22,4.32,4.33,4.24,4.25,871900,4.25
2013-03-21,4.25,4.33,4.25,4.30,1030700,4.30
2013-03-20,4.31,4.3299,4.26,4.27,730500,4.27
2013-03-19,4.28,4.37,4.25,4.26,797000,4.26
2013-03-18,4.30,4.33,4.25,4.26,677600,4.26
2013-03-15,4.36,4.3801,4.32,4.34,789400,4.34
2013-03-14,4.31,4.37,4.2801,4.35,477500,4.35
2013-03-13,4.39,4.42,4.242,4.27,1035300,4.27
2013-03-12,4.34,4.39,4.33,4.36,515400,4.36
2013-03-11,4.32,4.37,4.285,4.34,488800,4.34
2013-03-08,4.38,4.38,4.24,4.30,926000,4.30
2013-03-07,4.24,4.34,4.20,4.34,1154100,4.34
2013-03-06,4.26,4.26,4.18,4.21,727000,4.21
2013-03-05,4.37,4.44,4.20,4.23,1693100,4.23
2013-03-04,4.21,4.41,4.20,4.30,1967600,4.30
2013-03-01,4.37,4.37,4.13,4.16,2569300,4.16
2013-02-28,4.47,4.47,4.245,4.25,1473300,4.25
2013-02-27,4.30,4.49,4.27,4.49,2044400,4.49
2013-02-26,4.28,4.38,4.24,4.30,2447800,4.30
2013-02-25,4.48,4.50,4.24,4.25,1370500,4.25
2013-02-22,4.54,4.67,4.41,4.46,1269900,4.46
2013-02-21,4.75,4.75,4.415,4.52,1732400,4.52
2013-02-20,4.89,4.93,4.73,4.77,3802000,4.77
2013-02-19,4.35,4.92,4.31,4.91,5837200,4.91
2013-02-18,4.12,4.12,4.12,4.12,000,4.12
2013-02-15,4.27,4.31,4.12,4.12,1036600,4.12
2013-02-14,4.25,4.33,4.24,4.28,1058800,4.28
2013-02-13,4.23,4.33,4.20,4.28,1330600,4.28
2013-02-12,4.21,4.25,4.15,4.18,966200,4.18
2013-02-11,4.16,4.26,4.10,4.24,1520500,4.24
2013-02-08,4.13,4.19,4.10,4.17,1087900,4.17
2013-02-07,4.16,4.20,4.03,4.10,1216900,4.10
2013-02-06,4.14,4.19,4.08,4.17,2216700,4.17
2013-02-05,3.99,4.20,3.95,4.19,4069400,4.19
2013-02-04,3.86,4.01,3.86,3.90,1604600,3.90
2013-02-01,3.90,4.10,3.86,3.88,3119900,3.88
2013-01-31,3.89,4.03,3.88,4.02,1650100,4.02
2013-01-30,3.92,3.95,3.86,3.88,1725600,3.88
2013-01-29,3.88,3.94,3.85,3.93,1497300,3.93
2013-01-28,4.04,4.09,3.84,3.87,2598000,3.87
2013-01-25,4.05,4.10,4.00,4.05,748900,4.05
2013-01-24,4.02,4.17,3.96,4.05,1808900,4.05
2013-01-23,4.07,4.10,3.90,4.03,2390000,4.03
2013-01-22,3.98,4.10,3.97,4.07,1470100,4.07
2013-01-21,3.97,3.97,3.97,3.97,000,3.97
2013-01-18,3.97,3.98,3.895,3.97,1414700,3.97
2013-01-17,3.98,4.04,3.77,3.92,4991400,3.92
2013-01-16,4.38,4.4401,4.32,4.34,899600,4.34
2013-01-15,4.43,4.45,4.35,4.40,463200,4.40
2013-01-14,4.50,4.55,4.32,4.41,983300,4.41
2013-01-11,4.36,4.545,4.35,4.53,1085600,4.53
2013-01-10,4.46,4.52,4.32,4.38,920000,4.38
2013-01-09,4.48,4.6201,4.429,4.43,1618400,4.43
2013-01-08,4.59,4.64,4.45,4.461,1600200,4.461
2013-01-07,4.67,4.71,4.45,4.57,1747700,4.57
2013-01-04,4.61,4.76,4.49,4.67,1951400,4.67
2013-01-03,4.50,4.66,4.41,4.54,2980600,4.54
2013-01-02,4.20,4.42,4.18,4.39,2093500,4.39
2013-01-01,4.1082,4.1082,4.1082,4.1082,000,4.1082
2012-12-31,4.15,4.1801,4.06,4.1082,1580700,4.1082
2012-12-28,4.18,4.32,4.16,4.19,1332400,4.19
2012-12-27,4.23,4.29,4.17,4.22,988800,4.22
2012-12-26,4.34,4.37,4.24,4.26,693900,4.26
2012-12-25,4.34,4.34,4.34,4.34,000,4.34
2012-12-24,4.30,4.37,4.225,4.34,332300,4.34
2012-12-21,4.29,4.37,4.20,4.29,1906700,4.29
2012-12-20,4.33,4.40,4.22,4.33,856600,4.33
2012-12-19,4.27,4.47,4.26,4.35,1694200,4.35
2012-12-18,4.16,4.35,4.10,4.26,2187000,4.26
2012-12-17,4.20,4.23,4.07,4.12,792400,4.12
2012-12-14,4.17,4.25,4.14,4.20,870600,4.20
2012-12-13,4.24,4.25,4.13,4.21,1063100,4.21
2012-12-12,4.25,4.38,4.21,4.23,2060100,4.23
2012-12-11,4.27,4.30,4.18,4.21,1949800,4.21
2012-12-10,4.09,4.31,4.0699,4.28,2036000,4.28
2012-12-07,4.11,4.1195,4.025,4.09,899500,4.09
2012-12-06,4.05,4.13,4.00,4.10,911400,4.10
2012-12-05,4.15,4.16,4.05,4.06,454400,4.06
2012-12-04,4.07,4.16,4.025,4.14,883600,4.14
2012-12-03,4.17,4.23,4.06,4.07,1089400,4.07
2012-11-30,4.10,4.17,4.05,4.15,1488000,4.15
2012-11-29,4.10,4.1425,4.06,4.09,1031700,4.09
2012-11-28,3.88,4.07,3.88,4.06,958000,4.06
2012-11-27,4.14,4.1825,3.94,3.95,1703200,3.95
2012-11-26,4.10,4.18,4.06,4.135,1208500,4.135
2012-11-23,4.05,4.13,4.0201,4.11,367200,4.11
2012-11-22,4.01,4.01,4.01,4.01,000,4.01
2012-11-21,3.88,4.06,3.87,4.01,863500,4.01
2012-11-20,3.93,3.985,3.85,3.88,686900,3.88
2012-11-19,3.87,3.97,3.87,3.95,1287900,3.95
2012-11-16,3.82,3.85,3.77,3.80,1350100,3.80
2012-11-15,3.83,3.925,3.72,3.85,1520200,3.85
2012-11-14,3.98,4.13,3.715,3.835,3417600,3.835
2012-11-13,4.09,4.15,3.95,3.9698,1491400,3.9698
2012-11-12,4.14,4.21,4.05,4.09,1658400,4.09
2012-11-09,4.02,4.20,4.01,4.11,1609000,4.11
2012-11-08,4.12,4.18,4.03,4.04,1046700,4.04
2012-11-07,4.25,4.27,4.08,4.1298,1802500,4.1298
2012-11-06,4.30,4.36,4.24,4.29,2322400,4.29
2012-11-05,4.08,4.37,4.07,4.28,3943200,4.28
2012-11-02,4.06,4.13,4.00,4.08,1778800,4.08
2012-11-01,4.04,4.15,4.04,4.05,1879200,4.05
2012-10-31,4.13,4.17,3.98,4.04,3223500,4.04
2012-10-30,4.11,4.11,4.11,4.11,000,4.11
2012-10-29,4.11,4.11,4.11,4.11,000,4.11
2012-10-26,4.00,4.38,3.90,4.11,7561100,4.11
2012-10-25,4.29,4.37,4.17,4.21,3290800,4.21
2012-10-24,4.18,4.25,4.07,4.25,2101400,4.25
2012-10-23,4.19,4.25,4.04,4.17,3277700,4.17
2012-10-22,4.39,4.40,4.19,4.22,1893400,4.22
2012-10-19,4.35,4.45,4.14,4.41,2876800,4.41
2012-10-18,4.80,4.81,4.33,4.435,2993000,4.435
2012-10-17,4.76,4.96,4.73,4.82,1886300,4.82
2012-10-16,4.66,4.82,4.62,4.81,1568800,4.81
2012-10-15,4.75,4.76,4.59,4.62,1102600,4.62
2012-10-12,4.82,4.86,4.66,4.76,942000,4.76
2012-10-11,4.89,4.94,4.81,4.82,1011500,4.82
2012-10-10,4.92,4.96,4.80,4.84,1363300,4.84
2012-10-09,4.99,5.06,4.83,4.88,2215000,4.88
2012-10-08,5.16,5.16,4.94,5.04,2680100,5.04
2012-10-05,5.25,5.26,5.135,5.23,2414200,5.23
2012-10-04,5.12,5.339,4.96,5.175,3455700,5.175
2012-10-03,5.60,5.62,5.24,5.275,2369000,5.275
2012-10-02,5.59,5.69,5.56,5.57,1407900,5.57
2012-10-01,5.59,5.685,5.48,5.56,1374200,5.56
2012-09-28,5.58,5.68,5.56,5.585,1194700,5.585
2012-09-27,5.69,5.72,5.46,5.595,4121900,5.595
2012-09-26,5.70,5.75,5.57,5.62,1542000,5.62
2012-09-25,6.11,6.16,5.63,5.69,2798900,5.69
2012-09-24,6.25,6.31,6.03,6.055,1591600,6.055
2012-09-21,6.35,6.35,6.21,6.34,2102900,6.34
2012-09-20,6.35,6.38,6.27,6.28,1072800,6.28
2012-09-19,6.16,6.39,6.15,6.35,1611700,6.35
2012-09-18,6.09,6.21,6.07,6.15,1885900,6.15
2012-09-17,6.10,6.13,6.025,6.08,967000,6.08
2012-09-14,6.12,6.20,6.08,6.14,2167400,6.14
2012-09-13,6.01,6.14,5.94,6.09,1466700,6.09
2012-09-12,6.03,6.15,5.90,6.02,1269500,6.02
2012-09-11,5.85,6.07,5.72,6.06,3208300,6.06
2012-09-10,5.81,5.82,5.58,5.68,3531000,5.68
2012-09-07,6.05,6.05,5.80,5.80,2855900,5.80
2012-09-06,6.56,7.16,5.84,6.03,16561800,6.03
2012-09-05,6.45,6.62,6.36,6.51,3812200,6.51
2012-09-04,6.16,6.475,6.10,6.43,2102500,6.43
2012-09-03,6.14,6.14,6.14,6.14,000,6.14
2012-08-31,6.02,6.16,6.00,6.14,1307200,6.14
2012-08-30,6.18,6.18,6.00,6.03,930900,6.03
2012-08-29,6.30,6.36,6.12,6.21,1023300,6.21
2012-08-28,6.26,6.39,6.20,6.31,1284500,6.31
2012-08-27,6.06,6.35,6.05,6.28,2196100,6.28
2012-08-24,6.09,6.18,6.055,6.10,1877600,6.10
2012-08-23,6.10,6.19,6.03,6.11,1881700,6.11
2012-08-22,5.95,6.22,5.85,6.10,1605800,6.10
2012-08-21,5.96,6.05,5.88,5.94,2358800,5.94
2012-08-20,5.92,5.96,5.89,5.91,1443800,5.91
2012-08-17,5.94,5.9885,5.88,5.92,946400,5.92
2012-08-16,5.80,6.00,5.80,5.96,1126300,5.96
2012-08-15,5.72,5.84,5.68,5.79,1007200,5.79
2012-08-14,5.82,5.84,5.68,5.71,1121300,5.71
2012-08-13,5.79,5.83,5.65,5.77,1095700,5.77
2012-08-10,5.74,5.82,5.61,5.80,1011600,5.80
2012-08-09,5.65,5.81,5.62,5.73,1942300,5.73
2012-08-08,5.51,5.70,5.50,5.64,1161600,5.64
2012-08-07,5.46,5.75,5.45,5.56,2945200,5.56
2012-08-06,5.14,5.48,5.10,5.44,2344100,5.44
2012-08-03,5.05,5.13,4.90,5.13,2087700,5.13
2012-08-02,4.93,5.04,4.90,4.98,2055400,4.98
2012-08-01,5.02,5.17,4.95,4.96,2444000,4.96
2012-07-31,4.85,5.03,4.82,5.00,2624300,5.00
2012-07-30,4.66,4.88,4.65,4.86,3429600,4.86
2012-07-27,5.11,5.15,4.48,4.61,5346500,4.61
2012-07-26,4.63,4.90,4.59,4.88,3217900,4.88
2012-07-25,4.44,4.60,4.41,4.56,1020400,4.56
2012-07-24,4.55,4.55,4.3111,4.42,1113700,4.42
2012-07-23,4.41,4.60,4.37,4.54,882800,4.54
2012-07-20,4.52,4.54,4.39,4.50,872700,4.50
2012-07-19,4.47,4.62,4.46,4.55,606000,4.55
2012-07-18,4.36,4.48,4.30,4.43,819000,4.43
2012-07-17,4.40,4.41,4.21,4.36,905800,4.36
2012-07-16,4.41,4.45,4.31,4.39,443600,4.39
2012-07-13,4.47,4.52,4.33,4.41,756800,4.41
2012-07-12,4.59,4.60,4.30,4.45,1315700,4.45
2012-07-11,5.00,5.00,4.59,4.62,1818300,4.62
2012-07-10,4.75,5.00,4.74,5.00,2311900,5.00
2012-07-09,4.64,4.78,4.58,4.70,769000,4.70
2012-07-06,4.62,4.69,4.59,4.675,365200,4.675
2012-07-05,4.74,4.84,4.635,4.67,911200,4.67
2012-07-04,4.76,4.76,4.76,4.76,000,4.76
2012-07-03,4.60,4.83,4.56,4.76,950000,4.76
2012-07-02,4.54,4.60,4.48,4.59,979300,4.59
2012-06-29,4.53,4.57,4.45,4.52,1037200,4.52
2012-06-28,4.48,4.52,4.3699,4.42,822300,4.42
2012-06-27,4.43,4.605,4.41,4.52,844600,4.52
2012-06-26,4.54,4.58,4.37,4.43,657200,4.43
2012-06-25,4.54,4.59,4.45,4.54,437500,4.54
2012-06-22,4.49,4.64,4.45,4.60,2690100,4.60
2012-06-21,4.57,4.59,4.44,4.48,1301600,4.48
2012-06-20,4.57,4.61,4.45,4.57,1014400,4.57
2012-06-19,4.47,4.63,4.435,4.56,1235500,4.56
2012-06-18,4.35,4.50,4.29,4.49,1026000,4.49
2012-06-15,4.27,4.38,4.22,4.36,1109400,4.36
2012-06-14,4.23,4.30,4.15,4.28,998700,4.28
2012-06-13,4.17,4.265,4.08,4.22,1227000,4.22
2012-06-12,4.06,4.25,4.025,4.22,1050000,4.22
2012-06-11,4.30,4.32,4.02,4.03,705500,4.03
2012-06-08,4.10,4.30,4.05,4.26,747600,4.26
2012-06-07,4.24,4.33,4.10,4.11,915200,4.11
2012-06-06,4.15,4.21,4.11,4.20,757600,4.20
2012-06-05,3.95,4.14,3.93,4.11,821100,4.11
2012-06-04,4.08,4.10,3.90,3.96,584900,3.96
2012-06-01,4.05,4.1399,4.01,4.06,739800,4.06
2012-05-31,4.00,4.20,3.90,4.15,1592200,4.15
2012-05-30,4.01,4.04,3.89,3.91,831700,3.91
2012-05-29,3.85,4.16,3.85,4.04,1911600,4.04
2012-05-28,3.83,3.83,3.83,3.83,000,3.83
2012-05-25,3.69,3.84,3.68,3.83,1068100,3.83
2012-05-24,3.74,3.75,3.60,3.71,728700,3.71
2012-05-23,3.60,3.73,3.56,3.72,744300,3.72
2012-05-22,3.66,3.70,3.56,3.64,977600,3.64
2012-05-21,3.58,3.695,3.56,3.65,844200,3.65
2012-05-18,3.86,3.871,3.51,3.57,2469200,3.57
2012-05-17,3.91,4.02,3.84,3.94,1569600,3.94
2012-05-16,3.98,4.05,3.89,3.94,1836600,3.94
2012-05-15,3.93,4.06,3.87,3.97,1868400,3.97
2012-05-14,3.99,3.99,3.87,3.95,1702500,3.95
2012-05-11,3.74,4.02,3.73,4.01,1974300,4.01
2012-05-10,3.76,3.76,3.6201,3.70,953900,3.70
2012-05-09,3.61,3.745,3.56,3.73,1397400,3.73
2012-05-08,3.81,3.90,3.63,3.68,2252600,3.68
2012-05-07,3.90,3.92,3.80,3.81,1702500,3.81
2012-05-04,4.38,4.50,3.89,3.93,4475800,3.93
2012-05-03,4.43,4.45,4.28,4.43,2107000,4.43
2012-05-02,4.29,4.46,4.21,4.45,1609200,4.45
2012-05-01,4.31,4.48,4.26,4.30,1586700,4.30
2012-04-30,4.27,4.30,4.18,4.265,714500,4.265
2012-04-27,4.20,4.30,4.15,4.26,915900,4.26
2012-04-26,4.18,4.27,4.15,4.165,627500,4.165
2012-04-25,4.18,4.21,4.09,4.20,928200,4.20
2012-04-24,4.05,4.12,4.01,4.10,671600,4.10
2012-04-23,4.05,4.08,3.98,4.04,1321000,4.04
2012-04-20,4.27,4.27,4.07,4.09,995000,4.09
2012-04-19,4.19,4.35,4.15,4.20,1310200,4.20
2012-04-18,4.44,4.44,4.28,4.31,835200,4.31
2012-04-17,4.60,4.68,4.47,4.48,1478500,4.48
2012-04-16,4.47,4.60,4.33,4.56,2396500,4.56
2012-04-13,4.26,4.48,4.20,4.45,2772100,4.45
2012-04-12,4.18,4.30,4.14,4.29,1753900,4.29
2012-04-11,4.11,4.19,4.079,4.185,1599200,4.185
2012-04-10,4.14,4.17,4.03,4.06,895500,4.06
2012-04-09,4.10,4.19,4.06,4.14,1007400,4.14
2012-04-06,4.19,4.19,4.19,4.19,000,4.19
2012-04-05,4.15,4.205,4.12,4.19,889900,4.19
2012-04-04,4.27,4.29,4.12,4.17,1279900,4.17
2012-04-03,4.44,4.52,4.30,4.31,1588200,4.31
2012-04-02,4.59,4.59,4.40,4.48,1400900,4.48
2012-03-30,4.49,4.61,4.44,4.55,1733900,4.55
2012-03-29,4.45,4.51,4.36,4.42,1795800,4.42
2012-03-28,4.86,4.86,4.51,4.53,2082700,4.53
2012-03-27,4.77,4.87,4.72,4.86,1863700,4.86
2012-03-26,4.69,4.81,4.64,4.74,1513200,4.74
2012-03-23,4.51,4.6695,4.50,4.64,968400,4.64
2012-03-22,4.50,4.55,4.45,4.51,1372000,4.51
2012-03-21,4.65,4.66,4.51,4.57,1189300,4.57
2012-03-20,4.63,4.68,4.51,4.64,1709800,4.64
2012-03-19,4.68,4.75,4.58,4.69,2043400,4.69
2012-03-16,4.39,4.75,4.32,4.685,3147500,4.685
2012-03-15,4.20,4.39,4.19,4.38,979400,4.38
2012-03-14,4.40,4.40,4.17,4.18,1020400,4.18
2012-03-13,4.21,4.40,4.165,4.39,1557300,4.39
2012-03-12,4.25,4.29,4.13,4.18,1045600,4.18
2012-03-09,4.11,4.35,4.08,4.22,1268200,4.22
2012-03-08,4.13,4.155,4.01,4.11,895500,4.11
2012-03-07,4.17,4.23,4.06,4.10,1330000,4.10
2012-03-06,4.04,4.19,4.04,4.17,1773300,4.17
2012-03-05,4.20,4.2185,4.05,4.12,1241600,4.12
2012-03-02,4.32,4.3725,4.18,4.20,1401400,4.20
2012-03-01,4.38,4.47,4.33,4.33,1361400,4.33
2012-02-29,4.57,4.62,4.34,4.34,2144500,4.34
2012-02-28,4.73,4.78,4.54,4.60,1436700,4.60
2012-02-27,4.66,4.69,4.54,4.61,1477500,4.61
2012-02-24,4.76,4.79,4.65,4.67,1525800,4.67
2012-02-23,4.95,4.96,4.64,4.74,3181000,4.74
2012-02-22,5.22,5.25,4.94,4.96,1907300,4.96
2012-02-21,5.20,5.29,5.10,5.25,1717600,5.25
2012-02-20,5.14,5.14,5.14,5.14,000,5.14
2012-02-17,5.12,5.25,5.10,5.14,1543800,5.14
2012-02-16,4.89,5.14,4.86,5.05,1716900,5.05
2012-02-15,5.14,5.18,4.90,4.90,2331600,4.90
2012-02-14,5.42,5.42,5.01,5.08,2852900,5.08
2012-02-13,5.43,5.65,5.34,5.45,2793300,5.45
2012-02-10,5.40,5.565,5.26,5.35,2210500,5.35
2012-02-09,5.34,5.61,5.14,5.51,5218900,5.51
2012-02-08,5.20,5.34,5.09,5.29,2466400,5.29
2012-02-07,5.39,5.39,5.05,5.17,3732800,5.17
2012-02-06,5.32,5.44,5.12,5.42,3028600,5.42
2012-02-03,4.66,5.41,4.50,5.28,10098800,5.28
2012-02-02,4.55,4.67,4.51,4.52,3705200,4.52
2012-02-01,4.39,4.535,4.37,4.52,1928700,4.52
2012-01-31,4.55,4.61,4.30,4.34,2486300,4.34
2012-01-30,4.54,4.60,4.42,4.49,2995200,4.49
2012-01-27,4.57,4.69,4.50,4.53,4048100,4.53
2012-01-26,4.88,4.92,4.56,4.58,3047300,4.58
2012-01-25,4.87,5.0605,4.81,4.83,4068400,4.83
2012-01-24,4.61,4.90,4.60,4.895,2093900,4.895
2012-01-23,4.53,4.65,4.48,4.65,2020200,4.65
2012-01-20,4.47,4.63,4.45,4.52,2150800,4.52
2012-01-19,4.85,4.90,4.44,4.52,3305300,4.52
2012-01-18,4.61,4.80,4.55,4.77,1581700,4.77
2012-01-17,4.71,4.80,4.55,4.57,1881300,4.57
2012-01-16,4.66,4.66,4.66,4.66,000,4.66
2012-01-13,4.83,4.86,4.6102,4.66,1769100,4.66
2012-01-12,4.90,5.02,4.63,4.95,2539600,4.95
2012-01-11,4.16,4.89,4.1275,4.88,5709400,4.88
2012-01-10,4.21,4.21,4.11,4.17,1596600,4.17
2012-01-09,4.12,4.18,4.0201,4.17,1172400,4.17
2012-01-06,4.13,4.1552,4.04,4.09,1460200,4.09
2012-01-05,3.95,4.12,3.945,4.115,1389000,4.115
2012-01-04,4.13,4.17,3.96,3.98,2381300,3.98
2012-01-03,3.98,4.1417,3.96,4.13,2022200,4.13
2012-01-02,3.91,3.91,3.91,3.91,000,3.91
2011-12-30,3.80,4.02,3.78,3.91,1731400,3.91
2011-12-29,3.78,3.90,3.75,3.83,1398200,3.83
2011-12-28,4.00,4.02,3.77,3.81,1499000,3.81
2011-12-27,3.81,4.01,3.80,4.01,1056000,4.01
2011-12-26,3.83,3.83,3.83,3.83,000,3.83
2011-12-23,3.85,3.91,3.82,3.83,1206700,3.83
2011-12-22,3.78,3.89,3.78,3.82,1678200,3.82
2011-12-21,3.87,3.91,3.68,3.78,1767800,3.78
2011-12-20,3.83,3.91,3.80,3.89,1686800,3.89
2011-12-19,3.86,3.93,3.75,3.77,1343000,3.77
2011-12-16,3.91,3.99,3.79,3.85,1701000,3.85
2011-12-15,3.92,3.97,3.79,3.85,1520800,3.85
2011-12-14,3.91,3.96,3.79,3.85,2188500,3.85
2011-12-13,4.14,4.19,3.90,3.97,1704500,3.97
2011-12-12,4.08,4.13,3.96,4.12,1335900,4.12
2011-12-09,4.05,4.13,4.00,4.12,1097800,4.12
2011-12-08,4.30,4.31,3.92,3.935,3285600,3.935
2011-12-07,4.35,4.40,4.22,4.36,931600,4.36
2011-12-06,4.35,4.43,4.15,4.38,1353200,4.38
2011-12-05,4.32,4.54,4.2799,4.33,2502300,4.33
2011-12-02,4.29,4.40,4.18,4.25,1555800,4.25
2011-12-01,4.26,4.40,4.17,4.21,1658700,4.21
2011-11-30,4.08,4.30,4.06,4.26,2607300,4.26
2011-11-29,4.19,4.19,3.90,3.94,4829900,3.94
2011-11-28,4.44,4.44,4.10,4.17,3049000,4.17
2011-11-25,4.46,4.50,4.25,4.26,1403100,4.26
2011-11-24,4.50,4.50,4.50,4.50,000,4.50
2011-11-23,4.68,4.76,4.50,4.50,2428800,4.50
2011-11-22,4.92,4.97,4.70,4.74,2162100,4.74
2011-11-21,4.92,4.99,4.79,4.93,2556300,4.93
2011-11-18,5.18,5.26,5.02,5.04,2148700,5.04
2011-11-17,5.24,5.33,5.15,5.19,2051100,5.19
2011-11-16,5.33,5.40,5.24,5.24,1897400,5.24
2011-11-15,5.35,5.495,5.15,5.39,1964700,5.39
2011-11-14,5.42,5.46,5.30,5.34,1690800,5.34
2011-11-11,5.35,5.46,5.25,5.43,3009400,5.43
2011-11-10,5.62,6.08,5.16,5.20,7751700,5.20
2011-11-09,5.30,5.45,5.20,5.32,3861000,5.32
2011-11-08,5.53,5.62,5.271,5.53,3737200,5.53
2011-11-07,5.59,5.59,5.29,5.47,1777000,5.47
2011-11-04,5.55,5.605,5.37,5.56,1850100,5.56
2011-11-03,5.25,5.86,5.015,5.50,4083300,5.50
2011-11-02,5.07,5.25,5.03,5.14,2242700,5.14
2011-11-01,4.74,5.11,4.65,5.03,3714300,5.03
2011-10-31,4.96,5.01,4.77,4.95,3404000,4.95
2011-10-28,4.74,5.13,4.50,4.91,5607600,4.91
2011-10-27,4.96,5.06,4.77,4.93,5946700,4.93
2011-10-26,5.12,5.18,4.60,4.69,5311400,4.69
2011-10-25,5.21,5.28,4.96,5.06,2255100,5.06
2011-10-24,4.90,5.30,4.76,5.27,3354500,5.27
2011-10-21,5.44,5.56,4.95,5.05,3877400,5.05
2011-10-20,5.58,5.60,5.28,5.34,2142800,5.34
2011-10-19,5.60,5.72,5.51,5.55,3164000,5.55
2011-10-18,5.65,5.93,5.48,5.57,4964300,5.57
2011-10-17,5.55,5.63,5.32,5.58,4556500,5.58
2011-10-14,5.40,5.558,5.20,5.48,6012000,5.48
2011-10-13,5.26,5.35,5.02,5.34,2712800,5.34
2011-10-12,4.90,5.47,4.90,5.32,7614300,5.32
2011-10-11,5.08,5.21,4.98,5.04,3843000,5.04
2011-10-10,4.72,5.05,4.72,5.05,2837700,5.05
2011-10-07,5.06,5.09,4.54,4.60,2257900,4.60
2011-10-06,4.62,5.06,4.58,5.05,4011200,5.05
2011-10-05,4.67,4.70,4.40,4.61,2515400,4.61
2011-10-04,4.18,4.63,4.14,4.62,3983400,4.62
2011-10-03,4.40,4.45,4.05,4.22,5481400,4.22
2011-09-30,4.76,4.82,4.49,4.50,2434700,4.50
2011-09-29,4.84,4.90,4.54,4.86,3852100,4.86
2011-09-28,5.10,5.16,4.69,4.69,3526100,4.69
2011-09-27,5.24,5.30,5.02,5.08,8337000,5.08
2011-09-26,5.34,5.34,5.00,5.15,1960600,5.15
2011-09-23,5.26,5.47,5.11,5.23,2060700,5.23
2011-09-22,5.26,5.37,5.11,5.22,3798300,5.22
2011-09-21,5.87,5.96,5.47,5.48,2934200,5.48
2011-09-20,6.42,6.42,5.82,5.84,3769500,5.84
2011-09-19,6.65,6.6601,6.30,6.31,2917000,6.31
2011-09-16,6.92,6.98,6.71,6.78,2121800,6.78
2011-09-15,6.97,7.00,6.85,6.87,1131500,6.87
2011-09-14,6.83,7.01,6.74,6.92,2017200,6.92
2011-09-13,6.87,7.05,6.72,6.76,2728000,6.76
2011-09-12,7.05,7.20,6.67,6.87,1809900,6.87
2011-09-09,7.07,7.18,6.79,6.89,1910500,6.89
2011-09-08,7.22,7.53,7.05,7.05,1974300,7.05
2011-09-07,7.17,7.34,7.00,7.29,1888600,7.29
2011-09-06,6.73,7.10,6.59,7.03,2477600,7.03
2011-09-02,7.04,7.22,6.83,6.88,1537100,6.88
2011-09-01,7.52,7.63,7.18,7.20,1443200,7.20
2011-08-31,7.65,7.85,7.52,7.57,2147200,7.57
2011-08-30,7.70,7.76,7.53,7.64,2108500,7.64
2011-08-29,7.77,7.80,7.64,7.79,2007600,7.79
2011-08-26,7.23,7.9029,7.18,7.71,2620300,7.71
2011-08-25,7.46,7.54,7.22,7.25,1627600,7.25
2011-08-24,7.34,7.64,7.20,7.45,2144100,7.45
2011-08-23,6.58,7.40,6.44,7.34,3970500,7.34
2011-08-22,6.75,6.78,6.18,6.54,2923300,6.54
2011-08-19,6.82,7.04,6.55,6.62,2985300,6.62
2011-08-18,7.14,7.15,6.80,6.82,2995500,6.82
2011-08-17,7.27,7.495,7.215,7.345,1844700,7.345
2011-08-16,7.52,7.62,7.17,7.26,1925900,7.26
2011-08-15,7.69,7.80,7.45,7.63,3096700,7.63
2011-08-12,7.38,7.81,7.31,7.65,3535400,7.65
2011-08-11,7.07,7.35,7.00,7.27,3655400,7.27
2011-08-10,7.04,7.40,6.90,7.08,4809400,7.08
2011-08-09,6.80,7.21,6.68,7.21,4027400,7.21
2011-08-08,6.71,7.01,6.61,6.66,5029300,6.66
2011-08-05,7.12,7.35,6.79,7.20,3372300,7.20
2011-08-04,7.29,7.32,6.98,7.10,4128700,7.10
2011-08-03,7.08,7.34,6.72,7.34,3116000,7.34
2011-08-02,7.21,7.46,7.00,7.04,2946000,7.04
2011-08-01,7.34,7.38,7.06,7.17,3485000,7.17
2011-07-29,6.88,7.7499,6.73,7.21,7970500,7.21
2011-07-28,7.05,7.13,6.70,6.88,5178500,6.88
2011-07-27,7.04,7.12,6.86,7.075,3057500,7.075
2011-07-26,7.13,7.15,7.00,7.03,2616300,7.03
2011-07-25,7.24,7.30,7.12,7.14,1379700,7.14
2011-07-22,7.48,7.51,7.25,7.37,1536100,7.37
2011-07-21,7.42,7.48,7.15,7.46,1817300,7.46
2011-07-20,7.37,7.56,7.24,7.36,2627600,7.36
2011-07-19,7.30,7.38,7.12,7.38,1983400,7.38
2011-07-18,7.47,7.61,7.19,7.23,2054200,7.23
2011-07-15,7.49,7.57,7.43,7.51,1154100,7.51
2011-07-14,7.51,7.615,7.40,7.48,1227500,7.48
2011-07-13,7.44,7.65,7.41,7.52,1438800,7.52
2011-07-12,7.61,7.62,7.38,7.43,2343800,7.43
2011-07-11,7.82,7.90,7.62,7.62,2346400,7.62
2011-07-08,7.93,7.97,7.81,7.91,1463700,7.91
2011-07-07,7.89,8.15,7.875,7.97,2825800,7.97
2011-07-06,7.80,7.85,7.65,7.76,2472800,7.76
2011-07-05,8.16,8.1752,7.60,7.81,6238200,7.81
2011-07-01,8.13,8.23,8.05,8.21,1589200,8.21
2011-06-30,8.05,8.21,8.01,8.10,2229800,8.10
2011-06-29,8.12,8.12,7.93,8.01,1919100,8.01
2011-06-28,8.01,8.11,7.90,8.11,1699000,8.11
2011-06-27,8.13,8.13,7.86,8.01,2237100,8.01
2011-06-24,8.11,8.17,7.75,7.80,3064100,7.80
2011-06-23,8.09,8.15,8.02,8.10,1792900,8.10
2011-06-22,8.16,8.30,8.05,8.14,1520000,8.14
2011-06-21,8.11,8.24,8.00,8.14,2014500,8.14
2011-06-20,8.07,8.35,8.06,8.12,1808100,8.12
2011-06-17,8.13,8.20,8.01,8.10,2399400,8.10
2011-06-16,8.08,8.16,7.91,7.96,1589000,7.96
2011-06-15,8.06,8.15,8.00,8.08,1494700,8.08
2011-06-14,8.16,8.2885,8.00,8.05,3234500,8.05
2011-06-13,8.12,8.31,8.05,8.10,1114700,8.10
2011-06-10,8.11,8.24,8.08,8.10,1253000,8.10
2011-06-09,8.23,8.33,8.00,8.18,2356100,8.18
2011-06-08,8.30,8.36,8.10,8.23,2321300,8.23
2011-06-07,8.53,8.57,8.35,8.37,2086100,8.37
2011-06-06,8.39,8.62,8.32,8.51,3115400,8.51
2011-06-03,8.05,8.41,8.00,8.39,2220600,8.39
2011-06-02,8.19,8.41,8.03,8.21,1324200,8.21
2011-06-01,8.43,8.45,8.16,8.18,2693000,8.18
2011-05-31,8.35,8.55,8.32,8.39,3226200,8.39
2011-05-27,8.14,8.15,8.04,8.13,1384200,8.13
2011-05-26,8.07,8.25,8.00,8.07,1626000,8.07
2011-05-25,7.96,8.18,7.95,8.12,1885900,8.12
2011-05-24,8.18,8.26,7.90,7.965,2727200,7.965
2011-05-23,8.62,8.75,8.15,8.17,3173800,8.17
2011-05-20,8.86,8.90,8.65,8.73,2535000,8.73
2011-05-19,9.08,9.15,8.78,8.85,3199300,8.85
2011-05-18,8.76,9.07,8.74,9.07,5891000,9.07
2011-05-17,8.75,8.80,8.55,8.79,3578000,8.79
2011-05-16,8.75,9.00,8.64,8.80,3050200,8.80
2011-05-13,8.70,8.9284,8.65,8.75,2348900,8.75
2011-05-12,8.74,8.80,8.50,8.67,3272300,8.67
2011-05-11,8.80,8.80,8.60,8.78,3683900,8.78
2011-05-10,8.66,8.85,8.54,8.80,4099300,8.80
2011-05-09,8.52,8.66,8.42,8.66,5307100,8.66
2011-05-06,8.23,8.78,8.20,8.67,13575600,8.67
2011-05-05,7.72,8.14,7.69,7.93,5076300,7.93
2011-05-04,8.07,8.13,7.69,7.78,3576300,7.78
2011-05-03,8.13,8.29,7.90,8.08,2874400,8.08
2011-05-02,8.27,8.33,8.12,8.17,2462800,8.17
2011-04-29,8.41,8.42,8.13,8.25,3418000,8.25
2011-04-28,8.12,8.29,8.01,8.21,3968100,8.21
2011-04-27,8.12,8.21,7.89,8.15,3150000,8.15
2011-04-26,7.70,8.13,7.68,8.02,4489100,8.02
2011-04-25,7.66,7.74,7.58,7.665,1483000,7.665
2011-04-21,7.63,7.70,7.37,7.69,2252800,7.69
2011-04-20,7.40,7.79,7.25,7.56,4446200,7.56
2011-04-19,7.41,7.55,7.19,7.24,2942100,7.24
2011-04-18,7.44,7.51,7.18,7.42,3922700,7.42
2011-04-15,7.53,7.59,7.35,7.45,2480400,7.45
2011-04-14,7.48,7.62,7.28,7.50,4780300,7.50
2011-04-13,7.85,7.93,7.45,7.48,4825100,7.48
2011-04-12,7.76,7.83,7.66,7.79,2891900,7.79
2011-04-11,8.18,8.21,7.78,7.84,3594800,7.84
2011-04-08,8.36,8.45,8.09,8.15,3195800,8.15
2011-04-07,8.09,8.72,8.02,8.32,9044800,8.32
2011-04-06,8.60,8.60,8.28,8.29,5385200,8.29
2011-04-05,8.50,8.69,8.41,8.59,2017800,8.59
2011-04-04,8.70,8.74,8.47,8.51,2605500,8.51
2011-04-01,8.75,8.79,8.49,8.63,3756700,8.63
2011-03-31,8.91,8.93,8.37,8.75,5497400,8.75
2011-03-30,8.79,8.93,8.65,8.93,4221300,8.93
2011-03-29,8.84,8.89,8.62,8.69,3379100,8.69
2011-03-28,8.60,8.86,8.49,8.63,5198200,8.63
2011-03-25,8.49,8.50,8.34,8.42,2775500,8.42
2011-03-24,8.43,8.63,8.33,8.44,4183100,8.44
2011-03-23,8.21,8.39,8.18,8.342,2706300,8.342
2011-03-22,8.47,8.48,8.13,8.29,3358700,8.29
2011-03-21,8.46,8.57,8.34,8.375,3458100,8.375
2011-03-18,8.62,8.79,8.35,8.35,4154600,8.35
2011-03-17,8.69,8.89,8.34,8.44,4154600,8.44
2011-03-16,8.85,8.95,8.27,8.58,6227000,8.58
2011-03-15,8.33,8.94,7.77,8.84,8825300,8.84
2011-03-14,7.49,8.32,7.36,8.20,8058400,8.20
2011-03-11,7.52,7.59,7.16,7.27,7937500,7.27
2011-03-10,7.80,7.83,7.55,7.81,4531300,7.81
2011-03-09,8.08,8.11,7.85,7.901,3528800,7.901
2011-03-08,7.84,8.18,7.83,8.0475,3484000,8.0475
2011-03-07,8.27,8.29,7.80,7.85,4566900,7.85
2011-03-04,8.30,8.36,8.17,8.28,3404400,8.28
2011-03-03,8.63,8.75,8.26,8.34,6458900,8.34
2011-03-02,8.04,8.30,7.88,8.26,6962900,8.26
2011-03-01,8.25,8.45,8.03,8.035,5461500,8.035
2011-02-28,9.13,9.13,8.05,8.23,12836500,8.23
2011-02-25,9.20,9.24,8.90,9.07,4040800,9.07
2011-02-24,9.05,9.17,8.95,9.11,3431100,9.11
2011-02-23,9.26,9.28,8.91,8.94,5975400,8.94
2011-02-22,9.13,9.29,9.00,9.24,6548100,9.24
2011-02-18,9.20,9.30,9.14,9.26,7286400,9.26
2011-02-17,9.03,9.06,8.98,9.03,4944700,9.03
2011-02-16,9.02,9.12,8.99,9.06,5965100,9.06
2011-02-15,9.00,9.04,8.87,8.96,4273600,8.96
2011-02-14,9.01,9.15,8.95,9.03,5965500,9.03
2011-02-11,8.84,8.94,8.73,8.88,5130200,8.88
2011-02-10,8.61,8.77,8.55,8.72,4277200,8.72
2011-02-09,8.95,8.97,8.63,8.715,7264600,8.715
2011-02-08,8.83,9.05,8.63,8.9525,11846700,8.9525
2011-02-07,9.35,9.40,8.72,8.7475,16116100,8.7475
2011-02-04,9.18,9.35,8.97,9.26,35551800,9.26
2011-02-03,11.81,11.87,11.46,11.75,12112900,11.75
2011-02-02,11.47,12.14,11.38,11.79,14098000,11.79
2011-02-01,10.83,11.31,10.81,11.29,5667200,11.29
2011-01-31,10.46,10.84,10.22,10.70,6617100,10.70
2011-01-28,10.66,10.69,10.34,10.3919,4376400,10.3919
2011-01-27,10.99,11.00,10.51,10.63,4092900,10.63
2011-01-26,10.87,10.9697,10.40,10.88,7845600,10.88
2011-01-25,11.26,11.80,10.60,10.74,11591600,10.74
2011-01-24,11.00,11.34,10.76,11.27,4965700,11.27
2011-01-21,11.07,11.15,10.73,10.74,4553000,10.74
2011-01-20,10.90,11.14,10.75,11.02,3872000,11.02
2011-01-19,11.35,11.50,10.76,11.03,4917700,11.03
2011-01-18,10.85,11.35,10.79,11.30,5156400,11.30
2011-01-14,11.06,11.10,10.58,10.71,4322900,10.71
2011-01-13,10.90,11.35,10.75,11.07,4552700,11.07
2011-01-12,10.95,11.07,10.70,10.845,3730400,10.845
2011-01-11,11.50,11.72,10.55,10.79,8165200,10.79
2011-01-10,10.51,11.37,10.44,11.32,5832900,11.32
2011-01-07,10.64,10.73,10.37,10.48,3180200,10.48
2011-01-06,10.55,10.90,10.519,10.58,2821400,10.58
2011-01-05,10.56,10.63,10.27,10.44,4265900,10.44
2011-01-04,10.20,10.82,10.15,10.4725,8371000,10.4725
2011-01-03,10.35,10.38,10.10,10.13,4918900,10.13
2010-12-31,10.25,10.30,10.12,10.20,2489900,10.20
2010-12-30,10.35,10.41,10.22,10.33,4375000,10.33
2010-12-29,10.47,10.57,10.37,10.39,1549800,10.39
2010-12-28,10.61,10.67,10.43,10.45,2215900,10.45
2010-12-27,10.63,10.67,10.55,10.61,1605900,10.61
2010-12-23,10.62,10.84,10.61,10.70,1813300,10.70
2010-12-22,10.94,10.94,10.62,10.6725,3349200,10.6725
2010-12-21,11.00,11.15,10.86,11.00,3821300,11.00
2010-12-20,11.00,11.19,10.67,10.83,3947700,10.83
2010-12-17,10.67,10.985,10.60,10.96,4570700,10.96
2010-12-16,10.94,11.00,10.608,10.7025,2655300,10.7025
2010-12-15,10.52,10.975,10.52,10.909,3682800,10.909
2010-12-14,10.98,11.04,10.42,10.5025,4200300,10.5025
2010-12-13,11.13,11.21,10.71,10.99,5372200,10.99
2010-12-10,11.05,11.36,10.90,11.14,6151300,11.14
2010-12-09,10.51,11.06,10.35,10.94,7379800,10.94
2010-12-08,10.37,10.51,10.12,10.39,3059500,10.39
2010-12-07,10.51,10.68,10.23,10.28,3548400,10.28
2010-12-06,10.50,10.62,10.36,10.39,3476800,10.39
2010-12-03,10.64,11.00,10.41,10.5725,7047000,10.5725
2010-12-02,9.62,10.44,9.60,10.40,8137500,10.40
2010-12-01,9.58,9.65,9.42,9.61,4421700,9.61
2010-11-30,9.38,9.53,9.21,9.45,4439400,9.45
2010-11-29,9.33,9.44,9.15,9.42,2860300,9.42
2010-11-26,9.22,9.47,9.15,9.28,2105900,9.28
2010-11-24,9.50,9.56,9.20,9.30,4403800,9.30
2010-11-23,9.13,9.52,9.07,9.46,5354000,9.46
2010-11-22,8.98,9.27,8.90,9.25,4204800,9.25
2010-11-19,9.10,9.15,8.94,8.99,4637100,8.99
2010-11-18,9.18,9.28,9.08,9.15,4000000,9.15
2010-11-17,9.00,9.16,8.75,9.01,4278500,9.01
2010-11-16,9.06,9.10,8.74,8.94,3301000,8.94
2010-11-15,8.78,9.29,8.77,9.06,6102600,9.06
2010-11-12,8.62,8.82,8.31,8.65,9657000,8.65
2010-11-11,9.31,9.40,8.86,8.94,9194800,8.94
2010-11-10,9.55,9.73,9.31,9.49,3434500,9.49
2010-11-09,9.70,10.04,9.45,9.51,7459000,9.51
2010-11-08,9.40,9.80,9.25,9.54,5590600,9.54
2010-11-05,9.75,9.81,9.32,9.41,6686900,9.41
2010-11-04,10.08,10.15,9.55,9.69,7978100,9.69
2010-11-03,9.95,10.04,9.66,9.95,4426900,9.95
2010-11-02,9.68,10.10,9.56,9.94,7186900,9.94
2010-11-01,10.60,10.61,9.53,9.53,13706300,9.53
2010-10-29,12.90,12.93,10.20,10.42,38621800,10.42
2010-10-28,11.33,11.40,10.76,11.13,8445600,11.13
2010-10-27,10.91,11.39,10.82,11.13,5281400,11.13
2010-10-26,10.83,11.04,10.51,10.87,5101900,10.87
2010-10-25,10.83,10.93,10.54,10.87,3830200,10.87
2010-10-22,10.20,10.83,10.20,10.73,4742500,10.73
2010-10-21,10.47,10.5099,10.03,10.19,2675900,10.19
2010-10-20,10.00,10.42,9.94,10.35,2827500,10.35
2010-10-19,10.37,10.58,9.80,9.87,4583300,9.87
2010-10-18,10.32,10.55,10.13,10.50,2849100,10.50
2010-10-15,10.61,10.65,10.05,10.32,4405000,10.32
2010-10-14,11.21,11.21,10.34,10.41,5701900,10.41
2010-10-13,11.00,11.24,10.85,10.96,5039400,10.96
2010-10-12,10.50,11.00,10.28,10.87,3723500,10.87
2010-10-11,10.38,10.70,10.35,10.56,2844200,10.56
2010-10-08,10.49,10.59,10.22,10.38,3186700,10.38
2010-10-07,9.86,10.64,9.85,10.48,8106500,10.48
2010-10-06,9.62,9.83,9.50,9.74,5618700,9.74
2010-10-05,9.39,9.71,9.31,9.61,7787100,9.61
2010-10-04,9.34,9.40,9.12,9.22,4308300,9.22
2010-10-01,9.39,9.43,9.11,9.41,4825300,9.41
2010-09-30,9.50,9.50,9.05,9.09,5489900,9.09
2010-09-29,8.68,9.3799,8.6478,9.25,7107600,9.25
2010-09-28,8.97,8.99,8.58,8.69,4796200,8.69
2010-09-27,9.04,9.06,8.70,8.90,4725100,8.90
2010-09-24,9.38,9.45,8.72,8.97,8949700,8.97
2010-09-23,9.05,9.57,9.04,9.19,8182900,9.19
2010-09-22,9.06,9.43,8.921,9.24,9247900,9.24
2010-09-21,9.21,9.24,8.61,8.71,8347800,8.71
2010-09-20,8.61,9.22,8.51,9.0999,12483300,9.0999
2010-09-17,8.92,8.99,8.15,8.33,16751100,8.33
2010-09-16,9.77,9.78,8.61,8.72,18284200,8.72
2010-09-15,11.11,11.22,9.50,9.67,17111100,9.67
2010-09-14,11.52,11.68,11.13,11.16,4596500,11.16
2010-09-13,11.44,11.79,11.34,11.52,5629400,11.52
2010-09-10,10.96,11.25,10.76,11.13,3571200,11.13
2010-09-09,11.18,11.35,10.88,10.95,4372800,10.95
2010-09-08,10.87,11.31,10.85,10.92,3788000,10.92
2010-09-07,11.10,11.1105,10.67,10.75,3507900,10.75
2010-09-03,11.70,11.84,10.91,11.15,6259600,11.15
2010-09-02,11.02,11.39,10.85,11.32,6240500,11.32
2010-09-01,10.46,10.98,10.40,10.78,6506700,10.78
2010-08-31,9.96,10.44,9.82,10.16,5602500,10.16
2010-08-30,10.30,10.49,10.05,10.11,3692100,10.11
2010-08-27,9.94,10.54,9.58,10.37,5985900,10.37
2010-08-26,10.12,10.30,9.57,9.65,6475600,9.65
2010-08-25,9.64,10.00,9.43,9.92,5145400,9.92
2010-08-24,9.80,10.09,9.47,9.7975,6147200,9.7975
2010-08-23,10.17,10.42,10.03,10.16,4494400,10.16
2010-08-20,10.40,10.45,9.75,10.10,6029000,10.10
2010-08-19,11.18,11.32,10.29,10.46,7006700,10.46
2010-08-18,10.80,11.27,10.65,11.21,3988000,11.21
2010-08-17,10.96,11.14,10.78,10.85,3742800,10.85
2010-08-16,10.33,10.90,10.20,10.62,4742300,10.62
2010-08-13,10.82,11.04,10.48,10.49,3972400,10.49
2010-08-12,11.12,11.59,10.75,10.76,5989000,10.76
2010-08-11,11.52,11.77,11.25,11.53,4993600,11.53
2010-08-10,12.56,12.70,12.01,12.11,4793700,12.11
2010-08-09,12.54,13.04,12.44,12.78,5143000,12.78
2010-08-06,11.65,12.36,11.58,12.3499,4396600,12.3499
2010-08-05,11.60,12.10,11.37,11.89,5056300,11.89
2010-08-04,12.25,12.30,11.31,11.74,5556700,11.74
2010-08-03,12.26,12.47,12.04,12.06,3729600,12.06
2010-08-02,12.73,12.81,12.08,12.42,5419000,12.42
2010-07-30,11.25,12.64,11.24,12.43,17049300,12.43
2010-07-29,9.97,10.18,9.72,9.96,3466300,9.96
2010-07-28,9.95,10.15,9.67,9.72,2117100,9.72
2010-07-27,10.20,10.23,9.52,10.02,3648400,10.02
2010-07-26,10.27,10.28,10.11,10.17,2798300,10.17
2010-07-23,9.89,10.25,9.78,10.20,4198600,10.20
2010-07-22,9.68,9.92,9.5101,9.88,3843400,9.88
2010-07-21,9.36,9.60,9.23,9.45,3299500,9.45
2010-07-20,8.67,9.28,8.50,9.23,3071600,9.23
2010-07-19,8.50,8.87,8.40,8.82,1379200,8.82
2010-07-16,8.93,8.96,8.46,8.50,2357400,8.50
2010-07-15,9.07,9.15,8.72,9.04,2282000,9.04
2010-07-14,9.04,9.30,8.86,9.07,2959500,9.07
2010-07-13,9.02,9.14,8.71,8.98,2838700,8.98
2010-07-12,8.86,9.29,8.6601,8.86,4973700,8.86
2010-07-09,8.71,8.90,8.51,8.839,2848200,8.839
2010-07-08,8.10,8.88,8.05,8.73,6684300,8.73
2010-07-07,7.71,8.06,7.50,8.00,4875700,8.00
2010-07-06,7.24,7.94,7.20,7.61,4526600,7.61
2010-07-02,7.32,7.36,6.86,6.94,1535300,6.94
2010-07-01,6.73,7.28,6.54,7.23,2478200,7.23
2010-06-30,6.67,7.06,6.656,6.75,1462600,6.75
2010-06-29,6.91,6.9694,6.60,6.67,2363200,6.67
2010-06-28,7.48,7.48,7.04,7.05,2067300,7.05
2010-06-25,6.90,7.68,6.70,7.44,7696900,7.44
2010-06-24,7.04,7.16,6.77,6.88,1283800,6.88
2010-06-23,7.25,7.40,6.83,7.12,1690800,7.12
2010-06-22,7.60,7.68,7.25,7.25,1204600,7.25
2010-06-21,7.69,7.88,7.44,7.48,1594600,7.48
2010-06-18,7.60,7.69,7.26,7.45,1693600,7.45
2010-06-17,8.01,8.14,7.48,7.54,1824400,7.54
2010-06-16,8.00,8.45,7.85,7.93,3232700,7.93
2010-06-15,7.18,7.64,7.18,7.62,1498000,7.62
2010-06-14,7.22,7.37,6.96,7.01,1837900,7.01
2010-06-11,6.82,7.24,6.75,7.10,939500,7.10
2010-06-10,6.76,7.03,6.76,6.90,911800,6.90
2010-06-09,6.71,6.97,6.50,6.56,880100,6.56
2010-06-08,6.73,6.9899,6.32,6.60,1526400,6.60
2010-06-07,7.30,7.35,6.69,6.71,1554500,6.71
2010-06-04,7.58,7.84,7.22,7.25,1918200,7.25
2010-06-03,7.77,8.015,7.73,7.97,2050000,7.97
2010-06-02,7.63,7.93,7.40,7.73,1881100,7.73
2010-06-01,7.72,8.35,7.54,7.54,3077700,7.54
2010-05-28,8.03,8.18,7.75,7.81,1777700,7.81
2010-05-27,7.64,7.99,7.51,7.99,1431100,7.99
2010-05-26,7.07,7.70,7.07,7.285,2146100,7.285
2010-05-25,6.54,7.08,6.35,7.03,1189700,7.03
2010-05-24,6.80,7.075,6.75,6.81,853100,6.81
2010-05-21,6.48,7.21,6.35,6.79,1600700,6.79
2010-05-20,6.77,6.80,6.43,6.67,2312500,6.67
2010-05-19,7.55,7.73,6.76,7.03,2630600,7.03
2010-05-18,7.95,7.98,7.50,7.58,1709100,7.58
2010-05-17,7.67,7.97,7.38,7.80,1260200,7.80
2010-05-14,7.98,7.99,7.44,7.66,1671100,7.66
2010-05-13,8.11,8.29,7.93,8.00,1286500,8.00
2010-05-12,7.89,8.19,7.80,8.13,1625100,8.13
2010-05-11,7.56,8.10,7.45,7.80,1795000,7.80
2010-05-10,7.57,7.78,7.41,7.74,1764200,7.74
2010-05-07,7.39,7.59,6.6355,7.00,2267800,7.00
2010-05-06,7.94,8.05,5.90,7.33,3077900,7.33
2010-05-05,7.53,8.30,7.27,7.94,5370900,7.94
2010-05-04,8.54,8.56,7.67,7.80,4873000,7.80
2010-05-03,8.00,8.98,7.98,8.80,8424700,8.80
2010-04-30,7.10,8.25,6.96,7.86,15362200,7.86
2010-04-29,5.60,5.90,5.57,5.76,2637600,5.76
2010-04-28,5.32,5.63,5.32,5.55,1954600,5.55
2010-04-27,5.49,5.65,5.24,5.30,1461100,5.30
2010-04-26,5.62,5.78,5.45,5.51,2308300,5.51
2010-04-23,5.53,5.70,5.36,5.58,1497500,5.58
2010-04-22,5.24,5.58,5.15,5.54,1556100,5.54
2010-04-21,5.21,5.36,5.13,5.31,1092600,5.31
2010-04-20,4.95,5.25,4.88,5.19,1717700,5.19
2010-04-19,4.85,4.96,4.61,4.89,2363200,4.89
2010-04-16,4.91,4.94,4.73,4.87,1857800,4.87
2010-04-15,4.44,5.05,4.3803,4.95,4239600,4.95
2010-04-14,4.09,4.48,4.02,4.45,2145500,4.45
2010-04-13,4.16,4.17,4.06,4.08,1002900,4.08
2010-04-12,4.20,4.23,4.10,4.17,851700,4.17
2010-04-09,4.21,4.31,4.17,4.21,819700,4.21
2010-04-08,4.21,4.27,4.18,4.22,623200,4.22
2010-04-07,4.12,4.36,4.12,4.27,1640900,4.27
2010-04-06,4.21,4.26,4.12,4.16,891200,4.16
2010-04-05,4.20,4.28,4.10,4.26,497600,4.26
2010-04-01,4.23,4.265,4.13,4.16,1173500,4.16
2010-03-31,4.29,4.30,4.05,4.18,1883900,4.18
2010-03-30,4.28,4.33,4.06,4.30,2089500,4.30
2010-03-29,4.20,4.29,4.15,4.25,1014600,4.25
2010-03-26,3.99,4.20,3.94,4.15,2055800,4.15
2010-03-25,3.76,4.04,3.76,3.95,1946800,3.95
2010-03-24,3.76,3.91,3.67,3.71,1019900,3.71
2010-03-23,3.70,3.87,3.62,3.78,1138000,3.78
2010-03-22,3.53,3.73,3.49,3.69,1137700,3.69
2010-03-19,3.88,3.92,3.46,3.58,1976100,3.58
2010-03-18,3.67,3.85,3.64,3.71,634500,3.71
2010-03-17,3.93,3.99,3.68,3.68,1299000,3.68
2010-03-16,3.79,3.94,3.75,3.94,576600,3.94
2010-03-15,3.81,3.86,3.68,3.78,642000,3.78
2010-03-12,4.06,4.10,3.77,3.81,906700,3.81
2010-03-11,4.05,4.0881,3.99,4.01,626100,4.01
2010-03-10,4.07,4.15,4.01,4.05,613000,4.05
2010-03-09,4.00,4.15,4.00,4.07,881200,4.07
2010-03-08,4.00,4.12,3.99,4.03,523000,4.03
2010-03-05,3.95,4.07,3.91,3.99,756400,3.99
2010-03-04,3.88,3.95,3.85,3.91,397000,3.91
2010-03-03,3.90,3.97,3.83,3.88,535000,3.88
2010-03-02,3.85,3.96,3.73,3.87,1077900,3.87
2010-03-01,3.77,3.96,3.75,3.82,1019000,3.82
2010-02-26,3.80,3.84,3.68,3.78,725000,3.78
2010-02-25,3.55,3.84,3.46,3.81,1208200,3.81
2010-02-24,3.96,3.99,3.63,3.66,1526800,3.66
2010-02-23,4.16,4.16,3.89,3.95,908300,3.95
2010-02-22,4.15,4.22,4.05,4.19,660300,4.19
2010-02-19,4.20,4.27,4.02,4.15,894700,4.15
2010-02-18,4.18,4.26,4.04,4.23,1150500,4.23
2010-02-17,4.24,4.30,4.11,4.18,922100,4.18
2010-02-16,3.96,4.23,3.96,4.19,1556300,4.19
2010-02-12,3.80,3.95,3.72,3.92,1227100,3.92
2010-02-11,3.61,3.85,3.58,3.85,1086600,3.85
2010-02-10,3.70,3.75,3.59,3.65,1068700,3.65
2010-02-09,3.74,3.78,3.475,3.69,1606100,3.69
2010-02-08,3.56,3.89,3.4904,3.66,2804500,3.66
2010-02-05,3.85,3.93,3.41,3.46,9576800,3.46
2010-02-04,3.28,3.283,3.02,3.10,2182200,3.10
2010-02-03,3.30,3.35,3.16,3.28,1146500,3.28
2010-02-02,3.34,3.40,3.25,3.31,1321800,3.31
2010-02-01,3.25,3.45,3.20,3.41,1331100,3.41
2010-01-29,3.21,3.44,3.15,3.17,1538200,3.17
2010-01-28,3.49,3.49,3.14,3.21,1300000,3.21
2010-01-27,3.35,3.74,3.25,3.38,651200,3.38
2010-01-26,3.57,3.60,3.33,3.37,1965900,3.37
2010-01-25,3.82,3.85,3.4895,3.62,2033700,3.62
2010-01-22,3.84,4.01,3.78,3.79,1884600,3.79
2010-01-21,4.23,4.29,3.80,3.99,1512100,3.99
2010-01-20,4.40,4.41,4.03,4.20,2059300,4.20
2010-01-19,4.27,4.538,4.21,4.45,1177000,4.45
2010-01-15,4.32,4.42,3.97,4.30,1969200,4.30
2010-01-14,4.33,4.48,4.30,4.38,701500,4.38
2010-01-13,4.30,4.46,3.61,4.39,2516000,4.39
2010-01-12,4.43,4.47,4.26,4.27,815200,4.27
2010-01-11,4.59,4.60,4.4188,4.46,667700,4.46
2010-01-08,4.51,4.60,4.37,4.45,649000,4.45
2010-01-07,4.28,4.53,4.21,4.50,1099400,4.50
2010-01-06,4.54,4.65,4.38,4.41,837900,4.41
2010-01-05,4.45,4.57,4.38,4.51,834000,4.51
2010-01-04,4.43,4.48,4.33,4.43,1046000,4.43
2009-12-31,4.50,4.54,4.30,4.35,775100,4.35
2009-12-30,4.51,4.62,4.46,4.55,545300,4.55
2009-12-29,4.61,4.68,4.50,4.56,828900,4.56
2009-12-28,4.42,4.60,4.40,4.60,633300,4.60
2009-12-24,4.63,4.70,4.38,4.40,520300,4.40
2009-12-23,4.65,4.65,4.51,4.60,644800,4.60
2009-12-22,4.64,4.69,4.56,4.59,792900,4.59
2009-12-21,4.66,4.81,4.55,4.59,1174600,4.59
2009-12-18,4.40,4.75,4.38,4.57,2803900,4.57
2009-12-17,4.37,4.45,4.22,4.27,1346000,4.27
2009-12-16,4.11,4.42,4.07,4.35,1533200,4.35
2009-12-15,4.10,4.20,4.02,4.02,734400,4.02
2009-12-14,3.94,4.15,3.90,4.15,566600,4.15
2009-12-11,4.05,4.17,4.00,4.04,593000,4.04
2009-12-10,4.14,4.18,4.01,4.05,556800,4.05
2009-12-09,4.11,4.13,4.00,4.08,645700,4.08
2009-12-08,4.09,4.19,4.05,4.08,571600,4.08
2009-12-07,3.99,4.12,3.90,4.10,1066200,4.10
2009-12-04,3.95,3.97,3.80,3.90,1071600,3.90
2009-12-03,3.89,4.00,3.775,3.78,806100,3.78
2009-12-02,3.88,4.01,3.8301,3.87,1658700,3.87
2009-12-01,3.69,3.88,3.65,3.86,1558100,3.86
2009-11-30,3.60,3.75,3.57,3.68,1239600,3.68
2009-11-27,3.43,3.75,3.43,3.67,437000,3.67
2009-11-25,3.71,3.7389,3.60,3.66,733800,3.66
2009-11-24,3.57,3.73,3.50,3.69,1737500,3.69
2009-11-23,3.47,3.52,3.37,3.51,1296800,3.51
2009-11-20,3.39,3.45,3.20,3.32,809800,3.32
2009-11-19,3.56,3.5834,3.35,3.40,588100,3.40
2009-11-18,3.57,3.70,3.49,3.59,976100,3.59
2009-11-17,3.47,3.57,3.33,3.55,994400,3.55
2009-11-16,3.36,3.62,3.34,3.50,2227900,3.50
2009-11-13,3.34,3.42,3.27,3.36,706000,3.36
2009-11-12,3.49,3.63,3.21,3.33,2557200,3.33
2009-11-11,3.29,3.49,3.20,3.48,1902200,3.48
2009-11-10,3.04,3.29,2.90,3.28,1646900,3.28
2009-11-09,3.10,3.29,3.00,3.04,1226500,3.04
2009-11-06,3.08,3.39,3.05,3.08,1386300,3.08
2009-11-05,2.88,3.20,2.86,3.14,2212400,3.14
2009-11-04,2.77,2.99,2.70,2.83,1077600,2.83
2009-11-03,2.80,2.85,2.70,2.74,521300,2.74
2009-11-02,2.71,2.84,2.52,2.82,804100,2.82
2009-10-30,2.88,2.90,2.71,2.75,806000,2.75
2009-10-29,2.90,3.01,2.85,2.88,1353500,2.88
2009-10-28,3.01,3.01,2.79,2.84,715800,2.84
2009-10-27,3.08,3.08,2.89,3.01,1194800,3.01
2009-10-26,2.90,3.32,2.75,3.05,2775700,3.05
2009-10-23,2.50,2.80,2.48,2.80,3841400,2.80
2009-10-22,2.23,2.33,2.15,2.30,862400,2.30
2009-10-21,2.17,2.33,2.16,2.26,1134200,2.26
2009-10-20,2.18,2.21,2.07,2.19,1178800,2.19
2009-10-19,2.19,2.26,2.18,2.19,456000,2.19
2009-10-16,2.35,2.35,2.13,2.17,969500,2.17
2009-10-15,2.39,2.40,2.31,2.39,775600,2.39
2009-10-14,2.44,2.44,2.32,2.43,914800,2.43
2009-10-13,2.32,2.40,2.251,2.40,1074800,2.40
2009-10-12,2.47,2.47,2.17,2.33,944000,2.33
2009-10-09,2.36,2.45,2.28,2.41,562400,2.41
2009-10-08,2.38,2.47,2.35,2.35,1146900,2.35
2009-10-07,2.23,2.37,2.09,2.35,885700,2.35
2009-10-06,2.20,2.35,2.15,2.25,1898500,2.25
2009-10-05,2.00,2.20,1.98,2.15,2423800,2.15
2009-10-02,1.79,2.0097,1.73,1.98,734900,1.98
2009-10-01,1.93,1.98,1.88,1.88,469400,1.88
2009-09-30,1.95,2.12,1.81,1.95,1134800,1.95
2009-09-29,1.95,2.00,1.88,1.94,1508500,1.94
2009-09-28,1.79,2.02,1.78,1.98,1892300,1.98
2009-09-25,1.93,2.00,1.75,1.77,2542600,1.77
2009-09-24,1.70,1.95,1.66,1.91,1868200,1.91
2009-09-23,1.77,1.80,1.68,1.68,869900,1.68
2009-09-22,1.75,1.80,1.66,1.77,1108600,1.77
2009-09-21,1.78,1.896,1.66,1.73,1480500,1.73
2009-09-18,1.54,1.83,1.53,1.77,2547400,1.77
2009-09-17,1.41,1.54,1.36,1.53,921400,1.53
2009-09-16,1.36,1.45,1.34,1.43,957000,1.43
2009-09-15,1.30,1.39,1.29,1.35,746000,1.35
2009-09-14,1.29,1.30,1.24,1.26,246600,1.26
2009-09-11,1.30,1.32,1.28,1.30,219700,1.30
2009-09-10,1.27,1.30,1.24,1.30,395100,1.30
2009-09-09,1.27,1.29,1.24,1.27,258900,1.27
2009-09-08,1.31,1.31,1.21,1.28,416500,1.28
2009-09-04,1.25,1.31,1.22,1.31,351600,1.31
2009-09-03,1.30,1.30,1.19,1.25,629800,1.25
2009-09-02,1.29,1.30,1.28,1.30,154100,1.30
2009-09-01,1.30,1.36,1.28,1.28,345300,1.28
2009-08-31,1.33,1.35,1.30,1.30,347400,1.30
2009-08-28,1.37,1.37,1.32,1.33,300700,1.33
2009-08-27,1.32,1.35,1.31,1.34,299000,1.34
2009-08-26,1.30,1.35,1.30,1.31,804900,1.31
2009-08-25,1.33,1.35,1.31,1.31,652600,1.31
2009-08-24,1.32,1.37,1.31,1.33,416300,1.33
2009-08-21,1.33,1.33,1.30,1.32,527500,1.32
2009-08-20,1.33,1.34,1.31,1.32,458300,1.32
2009-08-19,1.31,1.34,1.30,1.33,541300,1.33
2009-08-18,1.30,1.38,1.30,1.32,275700,1.32
2009-08-17,1.34,1.34,1.30,1.30,326500,1.30
2009-08-14,1.37,1.38,1.34,1.35,357400,1.35
2009-08-13,1.40,1.40,1.37,1.37,223700,1.37
2009-08-12,1.37,1.40,1.36,1.39,298100,1.39
2009-08-11,1.34,1.39,1.34,1.36,192100,1.36
2009-08-10,1.35,1.41,1.35,1.36,339400,1.36
2009-08-07,1.40,1.42,1.35,1.35,519600,1.35
2009-08-06,1.39,1.40,1.33,1.36,307200,1.36
2009-08-05,1.39,1.42,1.35,1.36,408600,1.36
2009-08-04,1.38,1.44,1.35,1.39,482400,1.39
2009-08-03,1.45,1.47,1.35,1.40,528600,1.40
2009-07-31,1.38,1.44,1.34,1.44,343700,1.44
2009-07-30,1.39,1.44,1.34,1.39,371600,1.39
2009-07-29,1.43,1.44,1.32,1.36,268500,1.36
2009-07-28,1.43,1.46,1.29,1.46,519500,1.46
2009-07-27,1.37,1.44,1.32,1.44,235300,1.44
2009-07-24,1.24,1.46,1.2399,1.37,713500,1.37
2009-07-23,1.24,1.26,1.16,1.20,1024200,1.20
2009-07-22,1.25,1.26,1.23,1.25,196700,1.25
2009-07-21,1.27,1.29,1.21,1.25,407200,1.25
2009-07-20,1.31,1.34,1.23,1.25,572500,1.25
2009-07-17,1.27,1.32,1.23,1.32,748100,1.32
2009-07-16,1.28,1.32,1.23,1.26,428600,1.26
2009-07-15,1.25,1.37,1.25,1.28,498900,1.28
2009-07-14,1.28,1.28,1.23,1.25,166200,1.25
2009-07-13,1.25,1.28,1.23,1.24,177900,1.24
2009-07-10,1.28,1.31,1.23,1.25,623100,1.25
2009-07-09,1.38,1.419,1.27,1.29,538300,1.29
2009-07-08,1.41,1.43,1.34,1.36,273100,1.36
2009-07-07,1.45,1.49,1.45,1.45,199600,1.45
2009-07-06,1.46,1.47,1.36,1.46,306500,1.46
2009-07-02,1.55,1.55,1.45,1.48,271200,1.48
2009-07-01,1.51,1.59,1.51,1.59,370700,1.59
2009-06-30,1.54,1.58,1.45,1.49,528300,1.49
2009-06-29,1.59,1.60,1.42,1.54,678100,1.54
2009-06-26,1.46,1.64,1.40,1.63,1035400,1.63
2009-06-25,1.36,1.43,1.36,1.43,242700,1.43
2009-06-24,1.47,1.47,1.3199,1.34,330400,1.34
2009-06-23,1.38,1.50,1.25,1.47,577700,1.47
2009-06-22,1.59,1.61,1.39,1.39,505800,1.39
2009-06-19,1.57,1.64,1.52,1.57,895900,1.57
2009-06-18,1.50,1.54,1.46,1.54,222200,1.54
2009-06-17,1.53,1.54,1.39,1.51,448000,1.51
2009-06-16,1.47,1.56,1.40,1.54,443600,1.54
2009-06-15,1.55,1.55,1.41,1.53,485600,1.53
2009-06-12,1.56,1.5725,1.49,1.55,2688900,1.55
2009-06-11,1.49,1.63,1.45,1.61,711100,1.61
2009-06-10,1.40,1.49,1.35,1.46,1224400,1.46
2009-06-09,1.40,1.44,1.34,1.34,543300,1.34
2009-06-08,1.55,1.55,1.35,1.43,423000,1.43
2009-06-05,1.55,1.58,1.44,1.54,676900,1.54
2009-06-04,1.49,1.58,1.43,1.55,870600,1.55
2009-06-03,1.43,1.50,1.37,1.49,670400,1.49
2009-06-02,1.37,1.49,1.30,1.49,686100,1.49
2009-06-01,1.40,1.49,1.22,1.38,1216200,1.38
2009-05-29,1.35,1.44,1.21,1.41,1010000,1.41
2009-05-28,1.55,1.5798,1.30,1.34,1396400,1.34
2009-05-27,1.58,1.65,1.35,1.45,1671200,1.45
2009-05-26,1.26,1.70,1.22,1.55,2667600,1.55
2009-05-22,1.22,1.26,1.16,1.20,491900,1.20
2009-05-21,1.40,1.42,1.12,1.18,1021600,1.18
2009-05-20,1.20,1.60,1.19,1.38,1554600,1.38
2009-05-19,1.16,1.20,1.12,1.19,257600,1.19
2009-05-18,1.12,1.156,1.10,1.14,221600,1.14
2009-05-15,1.20,1.20,1.10,1.10,308900,1.10
2009-05-14,1.23,1.34,1.11,1.19,301000,1.19
2009-05-13,1.32,1.37,1.22,1.23,328100,1.23
2009-05-12,1.31,1.4099,1.30,1.33,393400,1.33
2009-05-11,1.23,1.34,1.23,1.31,207600,1.31
2009-05-08,1.24,1.26,1.10,1.26,243100,1.26
2009-05-07,1.24,1.24,1.16,1.22,186400,1.22
2009-05-06,1.20,1.24,1.15,1.2395,239700,1.2395
2009-05-05,1.23,1.28,1.14,1.18,492700,1.18
2009-05-04,1.16,1.50,1.15,1.1699,457900,1.1699
2009-05-01,1.23,1.28,1.08,1.09,554700,1.09
2009-04-30,1.25,1.32,1.20,1.21,365200,1.21
2009-04-29,1.13,1.25,1.1195,1.24,347100,1.24
2009-04-28,1.05,1.13,1.05,1.11,168700,1.11
2009-04-27,1.13,1.16,1.03,1.04,128800,1.04
2009-04-24,0.96,1.15,0.86,1.15,740800,1.15
2009-04-23,1.21,1.21,0.94,0.95,102200,0.95
2009-04-22,1.00,1.12,0.91,1.00,203000,1.00
2009-04-21,0.90,1.02,0.85,1.02,122100,1.02
2009-04-20,0.98,0.9899,0.90,0.90,134100,0.90
2009-04-17,1.06,1.08,0.99,1.00,214000,1.00
2009-04-16,1.10,1.10,1.03,1.04,161700,1.04
2009-04-15,1.04,1.10,1.03,1.09,115800,1.09
2009-04-14,1.12,1.15,1.01,1.04,214400,1.04
2009-04-13,1.18,1.21,1.11,1.15,149800,1.15
2009-04-09,1.19,1.21,1.18,1.19,220200,1.19
2009-04-08,1.10,1.20,1.09,1.17,155600,1.17
2009-04-07,1.03,1.11,1.02,1.08,167900,1.08
2009-04-06,1.07,1.09,1.00,1.04,152900,1.04
2009-04-03,1.05,1.08,1.01,1.08,115100,1.08
2009-04-02,0.95,1.13,0.93,1.05,321300,1.05
2009-04-01,0.87,0.92,0.85,0.92,132300,0.92
2009-03-31,0.86,0.94,0.86,0.88,332400,0.88
2009-03-30,0.92,1.04,0.82,0.86,783600,0.86
2009-03-27,1.01,1.02,0.90,0.97,300800,0.97
2009-03-26,0.96,1.04,0.91,1.04,422800,1.04
2009-03-25,0.78,0.95,0.75,0.95,226600,0.95
2009-03-24,0.82,0.83,0.71,0.77,178800,0.77
2009-03-23,0.61,0.84,0.61,0.84,248900,0.84
2009-03-20,0.77,0.80,0.57,0.60,559200,0.60
2009-03-19,0.70,0.76,0.66,0.73,409500,0.73
2009-03-18,0.52,0.6801,0.51,0.68,504700,0.68
2009-03-17,0.40,0.51,0.40,0.48,685900,0.48
2009-03-16,0.37,0.4312,0.37,0.40,871200,0.40
2009-03-13,0.4012,0.42,0.36,0.36,1118100,0.36
2009-03-12,0.39,0.44,0.38,0.40,416900,0.40
2009-03-11,0.41,0.42,0.38,0.39,348100,0.39
2009-03-10,0.36,0.43,0.36,0.40,302300,0.40
2009-03-09,0.38,0.46,0.33,0.35,199200,0.35
2009-03-06,0.49,0.52,0.38,0.38,440500,0.38
2009-03-05,0.62,0.69,0.49,0.49,147800,0.49
2009-03-04,0.55,0.70,0.55,0.63,114700,0.63
2009-03-03,0.56,0.65,0.55,0.55,164000,0.55
2009-03-02,0.74,0.75,0.58,0.58,133000,0.58
2009-02-27,0.80,0.88,0.7412,0.76,95500,0.76
2009-02-26,0.82,0.84,0.75,0.82,258900,0.82
2009-02-25,0.79,0.81,0.70,0.75,173700,0.75
2009-02-24,0.78,0.8136,0.76,0.79,183200,0.79
2009-02-23,0.82,1.00,0.7501,0.76,160800,0.76
2009-02-20,0.96,1.00,0.77,0.81,294200,0.81
2009-02-19,0.97,1.03,0.97,0.98,115700,0.98
2009-02-18,1.02,1.02,0.96,0.96,140100,0.96
2009-02-17,0.99,1.05,0.99,1.01,116700,1.01
2009-02-13,1.05,1.08,0.99,1.03,234900,1.03
2009-02-12,1.03,1.23,1.03,1.04,242600,1.04
2009-02-11,1.07,1.12,1.03,1.06,35900,1.06
2009-02-10,1.10,1.23,1.10,1.12,477800,1.12
2009-02-09,1.09,1.15,1.07,1.135,75200,1.135
2009-02-06,1.07,1.14,1.07,1.10,147900,1.10
2009-02-05,1.05,1.13,1.03,1.07,203100,1.07
2009-02-04,1.13,1.14,1.05,1.05,134400,1.05
2009-02-03,1.11,1.14,1.04,1.13,147300,1.13
2009-02-02,1.01,1.14,1.00,1.09,328700,1.09
2009-01-30,1.06,1.08,1.01,1.02,104200,1.02
2009-01-29,1.17,1.18,1.05,1.05,133400,1.05
2009-01-28,1.17,1.18,1.13,1.18,160500,1.18
2009-01-27,1.15,1.19,1.12,1.15,66700,1.15
2009-01-26,1.08,1.16,1.08,1.15,82300,1.15
2009-01-23,1.04,1.16,1.02,1.05,126800,1.05
2009-01-22,1.21,1.23,1.05,1.05,120100,1.05
2009-01-21,1.08,1.28,1.08,1.25,179500,1.25
2009-01-20,1.17,1.29,1.07,1.07,194700,1.07
2009-01-16,1.21,1.23,1.13,1.22,85200,1.22
2009-01-15,1.21,1.22,1.10,1.20,124200,1.20
2009-01-14,1.23,1.28,1.21,1.21,136700,1.21
2009-01-13,1.27,1.30,1.22,1.25,133100,1.25
2009-01-12,1.27,1.30,1.20,1.27,161600,1.27
2009-01-09,1.31,1.31,1.18,1.27,172800,1.27
2009-01-08,1.30,1.39,1.28,1.32,124700,1.32
2009-01-07,1.33,1.33,1.27,1.28,99400,1.28
2009-01-06,1.37,1.37,1.29,1.35,115200,1.35
2009-01-05,1.33,1.35,1.26,1.35,170900,1.35
2009-01-02,1.17,1.30,1.15,1.28,178800,1.28
2008-12-31,0.93,1.20,0.91,1.19,319200,1.19
2008-12-30,1.06,1.06,0.92,0.94,481200,0.94
2008-12-29,1.17,1.20,1.01,1.03,473400,1.03
2008-12-26,1.18,1.23,1.15,1.21,55600,1.21
2008-12-24,1.17,1.24,1.16,1.20,50900,1.20
2008-12-23,1.20,1.20,1.14,1.17,180800,1.17
2008-12-22,1.21,1.24,1.16,1.19,975400,1.19
2008-12-19,1.45,1.45,1.13,1.20,677800,1.20
2008-12-18,1.30,1.38,1.20,1.38,205600,1.38
2008-12-17,1.27,1.35,1.19,1.30,214000,1.30
2008-12-16,1.30,1.30,1.15,1.29,280500,1.29
2008-12-15,1.30,1.34,1.24,1.25,132400,1.25
2008-12-12,1.28,1.29,1.18,1.29,390500,1.29
2008-12-11,1.28,1.37,1.11,1.33,293600,1.33
2008-12-10,1.38,1.45,1.19,1.30,100200,1.30
2008-12-09,1.46,1.46,1.27,1.34,161400,1.34
2008-12-08,1.22,1.44,1.17,1.44,518000,1.44
2008-12-05,1.15,1.22,1.14,1.21,400400,1.21
2008-12-04,1.15,1.20,1.15,1.16,207000,1.16
2008-12-03,1.15,1.20,1.15,1.18,168000,1.18
2008-12-02,1.20,1.20,1.15,1.20,130800,1.20
2008-12-01,1.20,1.24,1.15,1.16,208800,1.16
2008-11-28,1.14,1.25,1.14,1.25,107000,1.25
2008-11-26,1.10,1.18,1.10,1.18,282400,1.18
2008-11-25,1.14,1.15,0.87,1.15,320100,1.15
2008-11-24,1.07,1.15,1.02,1.11,304200,1.11
2008-11-21,1.05,1.07,1.00,1.05,398800,1.05
2008-11-20,1.00,1.09,1.00,1.02,376200,1.02
2008-11-19,1.04,1.08,1.00,1.01,195700,1.01
2008-11-18,1.01,1.05,1.00,1.04,102400,1.04
2008-11-17,0.99,1.08,0.99,1.01,107200,1.01
2008-11-14,1.05,1.09,1.00,1.00,210100,1.00
2008-11-13,1.01,1.09,1.00,1.09,415200,1.09
2008-11-12,0.96,1.02,0.96,1.00,184500,1.00
2008-11-11,0.90,1.01,0.90,1.01,408600,1.01
2008-11-10,1.00,1.09,0.90,0.90,269300,0.90
2008-11-07,1.07,1.07,0.99,0.99,156000,0.99
2008-11-06,1.19,1.19,0.97,1.04,416700,1.04
2008-11-05,1.39,1.39,1.20,1.20,253400,1.20
2008-11-04,1.26,1.40,1.21,1.36,694200,1.36
2008-11-03,1.11,1.29,1.08,1.18,614900,1.18
2008-10-31,1.02,1.19,1.02,1.11,645300,1.11
2008-10-30,1.01,1.08,0.90,1.03,460800,1.03
2008-10-29,0.92,1.07,0.86,0.95,1448700,0.95
2008-10-28,0.951,1.09,0.90,1.09,358200,1.09
2008-10-27,0.92,1.08,0.85,0.92,230300,0.92
2008-10-24,1.00,1.09,0.93,0.94,268000,0.94
2008-10-23,1.05,1.17,1.01,1.08,352400,1.08
2008-10-22,1.07,1.09,1.03,1.06,910200,1.06
2008-10-21,1.12,1.16,1.10,1.12,259800,1.12
2008-10-20,1.11,1.15,1.08,1.13,317700,1.13
2008-10-17,1.08,1.17,1.08,1.10,633900,1.10
2008-10-16,1.09,1.20,1.08,1.17,458800,1.17
2008-10-15,1.13,1.25,1.09,1.10,226900,1.10
2008-10-14,1.41,1.41,1.10,1.11,365100,1.11
2008-10-13,1.26,1.41,1.17,1.41,512700,1.41
2008-10-10,1.20,1.27,1.00,1.24,618400,1.24
2008-10-09,1.18,1.30,1.18,1.27,383500,1.27
2008-10-08,1.20,1.37,1.17,1.27,652300,1.27
2008-10-07,1.38,1.39,1.25,1.27,210600,1.27
2008-10-06,1.28,1.44,1.28,1.38,2122700,1.38
2008-10-03,1.25,1.38,1.20,1.35,721200,1.35
2008-10-02,1.33,1.36,1.20,1.25,360300,1.25
2008-10-01,1.44,1.44,1.30,1.34,145600,1.34
2008-09-30,1.30,1.47,1.27,1.45,682300,1.45
2008-09-29,1.84,1.91,1.23,1.23,508800,1.23
2008-09-26,1.69,1.91,1.69,1.89,171900,1.89
2008-09-25,1.80,1.89,1.74,1.89,215600,1.89
2008-09-24,1.92,2.00,1.82,1.82,166800,1.82
2008-09-23,2.10,2.15,1.89,1.91,189700,1.91
2008-09-22,2.09,2.15,1.95,2.15,257500,2.15
2008-09-19,2.21,2.30,2.00,2.13,903200,2.13
2008-09-18,1.70,2.40,1.68,2.10,1267400,2.10
2008-09-17,1.90,1.99,1.65,1.65,254100,1.65
2008-09-16,1.69,2.00,1.65,1.96,467400,1.96
2008-09-15,1.85,1.93,1.71,1.71,131100,1.71
2008-09-12,1.84,1.96,1.80,1.85,234600,1.85
2008-09-11,1.91,1.91,1.80,1.85,193700,1.85
2008-09-10,2.06,2.09,1.84,1.92,237400,1.92
2008-09-09,2.01,2.09,1.99,2.01,209000,2.01
2008-09-08,2.12,2.22,1.99,2.01,183200,2.01
2008-09-05,2.07,2.14,2.00,2.05,125900,2.05
2008-09-04,2.18,2.20,2.09,2.09,115900,2.09
2008-09-03,2.20,2.33,2.17,2.19,70800,2.19
2008-09-02,2.34,2.35,2.21,2.25,150000,2.25
2008-08-29,2.32,2.32,2.22,2.25,153300,2.25
2008-08-28,2.23,2.30,2.20,2.29,147900,2.29
2008-08-27,2.20,2.30,2.14,2.23,145200,2.23
2008-08-26,2.20,2.28,2.04,2.20,122600,2.20
2008-08-25,2.30,2.30,2.17,2.20,183100,2.20
2008-08-22,2.12,2.27,2.12,2.27,305200,2.27
2008-08-21,2.10,2.29,2.09,2.11,114700,2.11
2008-08-20,2.12,2.20,2.10,2.16,80100,2.16
2008-08-19,2.16,2.24,2.08,2.11,123700,2.11
2008-08-18,2.20,2.26,2.15,2.21,285400,2.21
2008-08-15,2.35,2.36,2.16,2.19,534400,2.19
2008-08-14,2.20,2.26,2.18,2.23,524300,2.23
2008-08-13,2.19,2.25,2.145,2.21,385800,2.21
2008-08-12,2.25,2.25,2.15,2.20,390400,2.20
2008-08-11,2.24,2.33,2.23,2.27,348400,2.27
2008-08-08,2.17,2.26,2.15,2.23,840500,2.23
2008-08-07,2.16,2.20,2.11,2.17,553000,2.17
2008-08-06,2.08,2.20,2.07,2.17,365900,2.17
2008-08-05,2.14,2.18,2.07,2.16,311800,2.16
2008-08-04,2.12,2.17,2.05,2.09,267000,2.09
2008-08-01,2.16,2.23,2.13,2.23,195900,2.23
2008-07-31,2.11,2.19,2.05,2.15,290200,2.15
2008-07-30,2.17,2.22,2.10,2.16,207000,2.16
2008-07-29,2.07,2.16,2.07,2.13,203900,2.13
2008-07-28,2.20,2.20,2.03,2.05,228300,2.05
2008-07-25,2.25,2.25,2.04,2.07,465800,2.07
2008-07-24,2.18,2.24,2.04,2.05,276900,2.05
2008-07-23,2.16,2.18,2.09,2.11,338700,2.11
2008-07-22,1.92,2.18,1.92,2.17,435600,2.17
2008-07-21,1.93,1.96,1.83,1.94,225500,1.94
2008-07-18,1.82,1.95,1.82,1.89,173100,1.89
2008-07-17,1.77,1.89,1.73,1.82,263300,1.82
2008-07-16,1.72,1.78,1.69,1.76,417700,1.76
2008-07-15,1.71,1.76,1.70,1.71,219100,1.71
2008-07-14,1.81,1.86,1.74,1.74,360600,1.74
2008-07-11,1.77,1.86,1.71,1.79,265300,1.79
2008-07-10,1.71,1.82,1.70,1.78,291800,1.78
2008-07-09,1.75,1.85,1.72,1.72,253700,1.72
2008-07-08,1.73,1.81,1.73,1.76,377200,1.76
2008-07-07,1.79,1.88,1.65,1.70,470100,1.70
2008-07-03,1.82,1.88,1.75,1.79,206400,1.79
2008-07-02,1.86,1.95,1.75,1.81,746500,1.81
2008-07-01,1.86,1.92,1.80,1.90,1030800,1.90
2008-06-30,1.92,1.98,1.85,1.89,525700,1.89
2008-06-27,1.87,1.93,1.81,1.91,977300,1.91
2008-06-26,1.91,2.00,1.85,1.87,487800,1.87
2008-06-25,1.82,1.98,1.82,1.95,708300,1.95
2008-06-24,1.94,1.97,1.77,1.81,554800,1.81
2008-06-23,2.11,2.11,1.93,1.95,317300,1.95
2008-06-20,2.12,2.26,1.95,2.10,914600,2.10
2008-06-19,2.02,2.20,1.97,2.13,366400,2.13
2008-06-18,2.10,2.11,1.96,2.03,467800,2.03
2008-06-17,2.16,2.22,2.07,2.08,299400,2.08
2008-06-16,2.25,2.32,2.07,2.17,371300,2.17
2008-06-13,2.30,2.32,2.12,2.25,1130100,2.25
2008-06-12,2.54,2.54,2.25,2.30,1574700,2.30
2008-06-11,2.81,2.87,2.72,2.75,228800,2.75
2008-06-10,2.77,2.89,2.76,2.82,157900,2.82
2008-06-09,2.82,2.98,2.73,2.80,211700,2.80
2008-06-06,3.01,3.04,2.73,2.81,268000,2.81
2008-06-05,2.73,3.04,2.72,3.04,223200,3.04
2008-06-04,2.75,2.82,2.71,2.73,204700,2.73
2008-06-03,2.89,2.92,2.76,2.77,153500,2.77
2008-06-02,3.04,3.10,2.73,2.88,299200,2.88
2008-05-30,3.04,3.08,2.98,3.04,336700,3.04
2008-05-29,2.86,3.10,2.84,3.03,551800,3.03
2008-05-28,2.74,2.89,2.70,2.86,779800,2.86
2008-05-27,2.75,2.77,2.70,2.73,237000,2.73
2008-05-23,2.76,2.81,2.72,2.74,123500,2.74
2008-05-22,2.74,2.81,2.71,2.76,239800,2.76
2008-05-21,2.86,2.89,2.74,2.74,305100,2.74
2008-05-20,2.93,3.00,2.76,2.86,326700,2.86
2008-05-19,2.86,2.94,2.85,2.89,442200,2.89
2008-05-16,2.93,2.93,2.70,2.87,294900,2.87
2008-05-15,2.87,2.91,2.85,2.87,152600,2.87
2008-05-14,2.90,2.94,2.83,2.86,129100,2.86
2008-05-13,2.92,2.97,2.89,2.90,115900,2.90
2008-05-12,2.78,2.98,2.78,2.92,186200,2.92
2008-05-09,2.70,2.82,2.70,2.77,150800,2.77
2008-05-08,2.79,2.85,2.74,2.75,219100,2.75
2008-05-07,2.93,2.99,2.78,2.79,253400,2.79
2008-05-06,2.97,3.00,2.88,2.93,254600,2.93
2008-05-05,2.98,3.00,2.92,2.99,277300,2.99
2008-05-02,3.18,3.19,2.96,2.97,292900,2.97
2008-05-01,2.98,3.14,2.98,3.12,283900,3.12
2008-04-30,2.98,3.12,2.86,2.99,380000,2.99
2008-04-29,3.12,3.16,2.87,2.98,486200,2.98
2008-04-28,2.96,3.31,2.895,3.20,532900,3.20
2008-04-25,3.18,3.20,2.90,2.97,597800,2.97
2008-04-24,3.15,3.31,3.03,3.30,337200,3.30
2008-04-23,3.08,3.20,3.02,3.13,207000,3.13
2008-04-22,3.18,3.19,2.97,3.07,300100,3.07
2008-04-21,3.19,3.34,3.15,3.20,259400,3.20
2008-04-18,3.29,3.38,3.14,3.22,373400,3.22
2008-04-17,3.12,3.29,3.12,3.22,240400,3.22
2008-04-16,3.15,3.27,3.06,3.16,486000,3.16
2008-04-15,2.88,3.15,2.84,3.09,578000,3.09
2008-04-14,2.79,2.98,2.70,2.87,669800,2.87
2008-04-11,2.97,3.05,2.6505,2.80,1659600,2.80
2008-04-10,3.25,3.53,3.25,3.53,459600,3.53
2008-04-09,3.69,3.69,3.22,3.28,373600,3.28
2008-04-08,3.65,3.73,3.53,3.70,528500,3.70
2008-04-07,3.58,3.70,3.53,3.65,482600,3.65
2008-04-04,3.42,3.60,3.30,3.57,706300,3.57
2008-04-03,3.40,3.49,3.40,3.49,218500,3.49
2008-04-02,3.38,3.57,3.24,3.44,548800,3.44
2008-04-01,3.25,3.45,3.23,3.39,430400,3.39
2008-03-31,3.23,3.36,3.16,3.21,714700,3.21
2008-03-28,3.16,3.40,3.06,3.09,708000,3.09
2008-03-27,3.32,3.32,3.07,3.15,335600,3.15
2008-03-26,3.15,3.40,3.15,3.32,435700,3.32
2008-03-25,2.99,3.30,2.93,3.22,1259500,3.22
2008-03-24,2.72,3.02,2.69,3.00,754900,3.00
2008-03-20,2.77,2.94,2.67,2.67,1422200,2.67
2008-03-19,2.85,2.94,2.63,2.67,601400,2.67
2008-03-18,2.53,2.83,2.48,2.76,831100,2.76
2008-03-17,2.25,2.62,2.25,2.44,739000,2.44
2008-03-14,2.65,2.66,2.39,2.39,680400,2.39
2008-03-13,2.40,2.48,2.25,2.44,551500,2.44
2008-03-12,2.45,2.50,2.34,2.43,323800,2.43
2008-03-11,2.54,3.00,2.31,2.44,546000,2.44
2008-03-10,2.50,2.55,2.46,2.46,319000,2.46
2008-03-07,2.47,2.62,2.45,2.50,362400,2.50
2008-03-06,2.67,2.82,2.50,2.50,342100,2.50
2008-03-05,2.70,2.75,2.63,2.68,168300,2.68
2008-03-04,2.57,2.75,2.51,2.69,328400,2.69
2008-03-03,2.61,2.68,2.51,2.59,441700,2.59
2008-02-29,2.70,2.79,2.60,2.60,279300,2.60
2008-02-28,2.80,2.81,2.61,2.74,372900,2.74
2008-02-27,2.78,2.85,2.72,2.81,374800,2.81
2008-02-26,2.71,2.95,2.66,2.80,1640200,2.80
2008-02-25,2.33,3.29,2.21,2.72,2645700,2.72
2008-02-22,2.52,2.53,2.30,2.32,1395200,2.32
2008-02-21,2.46,2.53,2.45,2.51,572800,2.51
2008-02-20,2.38,2.48,2.36,2.45,247400,2.45
2008-02-19,2.41,2.47,2.39,2.39,355400,2.39
2008-02-15,2.34,2.56,2.31,2.38,459500,2.38
2008-02-14,2.43,2.43,2.28,2.35,555300,2.35
2008-02-13,2.24,2.47,2.20,2.42,641800,2.42
2008-02-12,2.22,2.36,2.14,2.23,1053800,2.23
2008-02-11,2.22,2.23,2.16,2.20,1525000,2.20
2008-02-08,2.10,2.27,2.04,2.22,2303700,2.22
2008-02-07,2.16,2.30,2.12,2.13,473400,2.13
2008-02-06,2.30,2.31,2.13,2.16,528700,2.16
2008-02-05,2.40,2.44,2.27,2.28,498200,2.28
2008-02-04,2.55,2.59,2.45,2.45,373400,2.45
2008-02-01,2.30,2.56,2.29,2.53,978700,2.53
2008-01-31,2.38,2.38,2.25,2.29,666800,2.29
2008-01-30,2.61,2.67,2.06,2.37,540700,2.37
2008-01-29,2.65,2.72,2.55,2.63,213800,2.63
2008-01-28,2.70,2.72,2.60,2.61,151600,2.61
2008-01-25,2.75,2.83,2.67,2.70,277300,2.70
2008-01-24,2.76,2.90,2.70,2.71,461200,2.71
2008-01-23,2.55,2.79,2.55,2.74,436000,2.74
2008-01-22,2.50,2.73,2.50,2.62,360500,2.62
2008-01-18,2.59,2.70,2.56,2.61,409200,2.61
2008-01-17,2.82,2.85,2.60,2.62,327600,2.62
2008-01-16,2.83,2.89,2.78,2.80,723800,2.80
2008-01-15,2.83,2.90,2.76,2.84,164900,2.84
2008-01-14,2.90,2.98,2.82,2.83,451700,2.83
2008-01-11,3.10,3.14,2.85,2.85,384100,2.85
2008-01-10,3.06,3.27,2.95,3.11,908800,3.11
2008-01-09,3.35,3.35,3.02,3.09,507500,3.09
2008-01-08,3.44,3.46,3.20,3.22,379700,3.22
2008-01-07,3.43,3.57,3.35,3.43,397800,3.43
2008-01-04,3.62,3.62,3.29,3.30,407700,3.30
2008-01-03,3.84,3.84,3.59,3.61,327200,3.61
2008-01-02,3.99,4.12,3.73,3.75,316800,3.75
2007-12-31,4.08,4.15,3.89,3.99,309400,3.99
2007-12-28,3.92,4.09,3.87,4.09,508100,4.09
2007-12-27,3.99,4.10,3.85,3.85,321100,3.85
2007-12-26,3.90,4.13,3.90,4.04,342300,4.04
2007-12-24,3.90,3.96,3.76,3.90,213700,3.90
2007-12-21,3.97,4.00,3.82,3.87,793800,3.87
2007-12-20,3.97,3.99,3.84,3.90,396500,3.90
2007-12-19,3.65,4.00,3.60,3.92,696500,3.92
2007-12-18,3.84,3.84,3.56,3.64,593100,3.64
2007-12-17,4.01,4.05,3.78,4.05,452100,4.05
2007-12-14,4.11,4.19,4.04,4.04,392500,4.04
2007-12-13,4.13,4.18,4.04,4.18,401400,4.18
2007-12-12,4.25,4.33,4.11,4.17,178600,4.17
2007-12-11,4.48,4.52,4.10,4.13,204000,4.13
2007-12-10,4.38,4.55,4.38,4.55,253300,4.55
2007-12-07,4.55,4.55,4.36,4.39,170000,4.39
2007-12-06,4.35,4.56,4.26,4.55,370800,4.55
2007-12-05,4.27,4.43,4.20,4.35,291000,4.35
2007-12-04,4.32,4.32,4.09,4.19,434100,4.19
2007-12-03,4.65,4.71,4.36,4.36,288600,4.36
2007-11-30,4.71,4.919,4.67,4.919,410900,4.919
2007-11-29,4.78,4.87,4.59,4.60,252000,4.60
2007-11-28,4.46,4.80,4.44,4.78,339100,4.78
2007-11-27,4.48,4.63,4.39,4.40,438100,4.40
2007-11-26,4.81,4.81,4.47,4.47,414900,4.47
2007-11-23,4.75,4.88,4.68,4.79,161000,4.79
2007-11-21,4.82,4.87,4.64,4.72,360800,4.72
2007-11-20,5.16,5.25,4.74,4.95,503200,4.95
2007-11-19,5.60,5.61,4.89,5.17,668400,5.17
2007-11-16,5.32,5.74,5.31,5.66,1171100,5.66
2007-11-15,5.14,5.41,5.10,5.30,489700,5.30
2007-11-14,5.12,5.20,5.02,5.15,276100,5.15
2007-11-13,4.98,5.20,4.85,5.08,329200,5.08
2007-11-12,4.53,4.99,4.44,4.83,335500,4.83
2007-11-09,4.78,4.86,4.46,4.53,502200,4.53
2007-11-08,4.92,5.09,4.80,4.84,341400,4.84
2007-11-07,4.99,5.14,4.88,4.89,302900,4.89
2007-11-06,5.03,5.10,4.85,5.07,403600,5.07
2007-11-05,5.11,5.14,4.91,5.02,451900,5.02
2007-11-02,5.30,5.39,5.10,5.17,395500,5.17
2007-11-01,5.56,5.66,5.22,5.66,486900,5.66
2007-10-31,5.73,5.74,5.33,5.67,480700,5.67
2007-10-30,5.73,5.73,5.61,5.68,962800,5.68
2007-10-29,5.64,5.78,5.60,5.75,722500,5.75
2007-10-26,5.21,5.73,5.21,5.60,735200,5.60
2007-10-25,5.20,5.42,5.14,5.17,364400,5.17
2007-10-24,5.40,5.43,4.84,5.24,634000,5.24
2007-10-23,5.52,5.67,5.30,5.46,329200,5.46
2007-10-22,5.14,5.61,5.14,5.49,568600,5.49
2007-10-19,5.57,5.57,5.17,5.20,541900,5.20
2007-10-18,5.75,5.75,5.48,5.58,662900,5.58
2007-10-17,5.86,5.90,5.62,5.77,305500,5.77
2007-10-16,5.73,5.92,5.73,5.92,283000,5.92
2007-10-15,5.88,5.96,5.67,5.79,335000,5.79
2007-10-12,5.70,5.98,5.70,5.86,270500,5.86
2007-10-11,5.66,5.99,5.64,5.70,571300,5.70
2007-10-10,5.48,5.63,5.35,5.62,323200,5.62
2007-10-09,5.58,5.64,5.27,5.48,346800,5.48
2007-10-08,5.51,5.65,5.51,5.65,241600,5.65
2007-10-05,5.52,5.70,5.38,5.50,514200,5.50
2007-10-04,5.52,5.64,5.36,5.44,371500,5.44
2007-10-03,5.37,5.63,5.37,5.46,358900,5.46
2007-10-02,5.60,5.60,5.31,5.40,379300,5.40
2007-10-01,5.08,5.56,5.04,5.54,511100,5.54
2007-09-28,5.31,5.40,5.09,5.10,338800,5.10
2007-09-27,5.17,5.45,5.05,5.30,564200,5.30
2007-09-26,5.00,5.20,4.95,5.16,840700,5.16
2007-09-25,4.88,5.00,4.80,4.9401,306100,4.9401
2007-09-24,4.69,4.94,4.64,4.90,399100,4.90
2007-09-21,5.03,5.03,4.60,4.67,686700,4.67
2007-09-20,5.18,5.18,4.87,4.98,599200,4.98
2007-09-19,4.97,5.19,4.87,5.15,598600,5.15
2007-09-18,4.68,4.95,4.57,4.93,423500,4.93
2007-09-17,4.84,4.84,4.58,4.65,196200,4.65
2007-09-14,4.61,4.90,4.61,4.83,293000,4.83
2007-09-13,4.90,4.93,4.60,4.80,415100,4.80
2007-09-12,4.72,4.94,4.66,4.67,323200,4.67
2007-09-11,4.54,4.75,4.50,4.73,267900,4.73
2007-09-10,4.53,4.70,4.41,4.51,311800,4.51
2007-09-07,4.38,4.54,4.38,4.47,311000,4.47
2007-09-06,4.48,4.57,4.45,4.46,313700,4.46
2007-09-05,4.48,4.52,4.34,4.48,325600,4.48
2007-09-04,4.36,4.54,4.33,4.52,405800,4.52
2007-08-31,4.46,4.50,4.31,4.36,312100,4.36
2007-08-30,4.31,4.52,4.31,4.38,214200,4.38
2007-08-29,4.19,4.40,4.19,4.38,286200,4.38
2007-08-28,4.33,4.42,4.14,4.14,224500,4.14
2007-08-27,4.42,4.47,4.24,4.35,249200,4.35
2007-08-24,4.23,4.44,4.09,4.43,413100,4.43
2007-08-23,4.37,4.39,4.23,4.39,563700,4.39
2007-08-22,4.50,4.62,4.29,4.35,511800,4.35
2007-08-21,4.52,4.72,4.38,4.44,489700,4.44
2007-08-20,4.46,4.75,4.46,4.75,661200,4.75
2007-08-17,4.54,4.5801,4.11,4.45,874100,4.45
2007-08-16,3.93,4.35,3.7292,4.30,776400,4.30
2007-08-15,3.92,4.32,3.92,4.32,404200,4.32
2007-08-14,4.01,4.15,3.90,3.90,473500,3.90
2007-08-13,4.37,4.41,3.85,4.00,1145000,4.00
2007-08-10,4.85,5.01,4.02,4.24,1694100,4.24
2007-08-09,4.28,5.06,4.1101,4.98,3019900,4.98
2007-08-08,3.67,4.59,3.67,4.50,2691300,4.50
2007-08-07,3.52,3.74,3.52,3.74,901600,3.74
2007-08-06,3.74,3.75,3.40,3.55,802800,3.55
2007-08-03,3.84,3.86,3.68,3.72,450700,3.72
2007-08-02,3.95,3.96,3.84,3.85,461700,3.85
2007-08-01,3.95,4.00,3.85,3.96,540900,3.96
2007-07-31,4.17,4.22,3.96,4.22,336700,4.22
2007-07-30,3.85,4.20,3.78,4.12,569600,4.12
2007-07-27,4.00,4.09,3.66,3.88,1140000,3.88
2007-07-26,4.02,4.24,4.00,4.06,429400,4.06
2007-07-25,4.21,4.25,4.04,4.22,654000,4.22
2007-07-24,4.42,4.46,4.17,4.46,628000,4.46
2007-07-23,4.61,4.61,4.42,4.45,339300,4.45
2007-07-20,4.65,4.65,4.46,4.61,766700,4.61
2007-07-19,4.53,4.66,4.40,4.66,397000,4.66
2007-07-18,4.43,4.50,4.43,4.50,560400,4.50
2007-07-17,4.43,4.60,4.40,4.44,737400,4.44
2007-07-16,4.35,4.48,4.31,4.40,564600,4.40
2007-07-13,4.31,4.36,4.24,4.34,442400,4.34
2007-07-12,4.13,4.34,4.10,4.30,676800,4.30
2007-07-11,4.02,4.15,4.00,4.09,332600,4.09
2007-07-10,4.08,4.14,4.01,4.14,302300,4.14
2007-07-09,4.00,4.17,4.00,4.09,412900,4.09
2007-07-06,4.10,4.16,4.00,4.01,428800,4.01
2007-07-05,4.25,4.25,4.01,4.09,409600,4.09
2007-07-03,4.17,4.24,4.10,4.24,178100,4.24
2007-07-02,4.01,4.17,4.01,4.17,343200,4.17
2007-06-29,4.03,4.20,3.97,3.98,684200,3.98
2007-06-28,4.12,4.30,4.02,4.03,649200,4.03
2007-06-27,3.95,4.14,3.90,4.11,352100,4.11
2007-06-26,4.06,4.22,3.92,3.98,504400,3.98
2007-06-25,4.12,4.20,4.00,4.03,503900,4.03
2007-06-22,4.06,4.12,3.994,4.12,603800,4.12
2007-06-21,4.18,4.21,4.04,4.08,325800,4.08
2007-06-20,4.27,4.39,4.16,4.19,474900,4.19
2007-06-19,4.25,4.29,4.21,4.29,603500,4.29
2007-06-18,4.05,4.26,3.96,4.26,685100,4.26
2007-06-15,4.18,4.19,4.0001,4.05,723500,4.05
2007-06-14,3.92,4.14,3.8764,4.02,867900,4.02
2007-06-13,3.65,4.05,3.62,3.88,1192400,3.88
2007-06-12,3.69,3.74,3.65,3.65,339300,3.65
2007-06-11,3.75,3.83,3.69,3.83,270700,3.83
2007-06-08,3.63,3.81,3.59,3.77,561400,3.77
2007-06-07,3.67,3.71,3.60,3.63,830400,3.63
2007-06-06,3.80,3.81,3.69,3.70,363700,3.70
2007-06-05,3.86,3.95,3.76,3.82,383200,3.82
2007-06-04,3.83,3.96,3.73,3.86,657300,3.86
2007-06-01,3.67,3.84,3.67,3.83,769400,3.83
2007-05-31,3.71,3.72,3.59,3.66,566300,3.66
2007-05-30,3.65,3.70,3.65,3.70,283800,3.70
2007-05-29,3.72,3.75,3.62,3.68,308300,3.68
2007-05-25,3.72,3.76,3.64,3.73,542700,3.73
2007-05-24,3.89,3.95,3.69,3.72,563500,3.72
2007-05-23,3.87,4.02,3.87,4.02,1422100,4.02
2007-05-22,3.53,3.87,3.53,3.87,1395100,3.87
2007-05-21,3.56,3.62,3.48,3.56,946200,3.56
2007-05-18,3.41,3.56,3.35,3.54,1217800,3.54
2007-05-17,3.53,3.62,3.41,3.44,941000,3.44
2007-05-16,3.50,3.54,3.41,3.53,633000,3.53
2007-05-15,3.53,3.55,3.45,3.55,899100,3.55
2007-05-14,3.67,3.70,3.54,3.70,909700,3.70
2007-05-11,3.67,3.73,3.61,3.70,777500,3.70
2007-05-10,3.76,3.79,3.59,3.61,1055900,3.61
2007-05-09,3.81,3.89,3.76,3.80,579800,3.80
2007-05-08,3.98,3.98,3.81,3.82,623000,3.82
2007-05-07,3.91,4.00,3.89,3.98,835200,3.98
2007-05-04,4.00,4.05,3.82,3.93,1009900,3.93
2007-05-03,4.05,4.14,3.99,4.00,965300,4.00
2007-05-02,4.05,4.26,4.02,4.06,810100,4.06
2007-05-01,4.33,4.34,4.14,4.24,802600,4.24
2007-04-30,4.27,4.34,4.15,4.26,861100,4.26
2007-04-27,4.32,4.35,4.15,4.30,1001400,4.30
2007-04-26,4.42,4.42,4.29,4.32,896900,4.32
2007-04-25,4.38,4.49,4.34,4.40,675900,4.40
2007-04-24,4.65,4.65,4.34,4.35,897600,4.35
2007-04-23,4.75,4.75,4.52,4.61,779100,4.61
2007-04-20,4.82,4.82,4.57,4.70,1636000,4.70
2007-04-19,4.80,4.85,4.29,4.77,4310800,4.77
2007-04-18,5.43,5.52,5.41,5.48,337800,5.48
2007-04-17,5.63,5.64,5.40,5.44,349700,5.44
2007-04-16,5.32,5.59,5.2801,5.59,646300,5.59
2007-04-13,5.18,5.19,5.12,5.19,971700,5.19
2007-04-12,5.20,5.25,5.14,5.25,1819700,5.25
2007-04-11,5.53,5.54,5.20,5.25,1358300,5.25
2007-04-10,5.51,5.55,5.39,5.51,399900,5.51
2007-04-09,5.55,5.55,5.40,5.51,369900,5.51
2007-04-05,5.53,5.56,5.49,5.51,565200,5.51
2007-04-04,5.54,5.56,5.48,5.54,480600,5.54
2007-04-03,5.67,5.68,5.50,5.52,542900,5.52
2007-04-02,5.74,5.77,5.60,5.64,395900,5.64
2007-03-30,5.74,5.79,5.61,5.72,351400,5.72
2007-03-29,5.78,5.79,5.65,5.72,348100,5.72
2007-03-28,5.75,5.81,5.69,5.73,334300,5.73
2007-03-27,5.85,5.89,5.76,5.77,398800,5.77
2007-03-26,6.16,6.17,5.80,5.86,601900,5.86
2007-03-23,6.08,6.37,6.00,6.14,1165700,6.14
2007-03-22,5.73,5.76,5.61,5.66,356800,5.66
2007-03-21,5.55,5.72,5.46,5.69,484700,5.69
2007-03-20,5.41,5.57,5.41,5.57,405300,5.57
2007-03-19,5.45,5.50,5.38,5.42,295500,5.42
2007-03-16,5.38,5.47,5.37,5.44,830300,5.44
2007-03-15,5.40,5.44,5.33,5.39,480400,5.39
2007-03-14,5.26,5.43,5.26,5.38,628100,5.38
2007-03-13,5.56,5.56,5.26,5.30,644300,5.30
2007-03-12,5.50,5.61,5.49,5.56,619500,5.56
2007-03-09,5.52,5.60,5.44,5.50,674400,5.50
2007-03-08,5.56,5.66,5.44,5.46,628200,5.46
2007-03-07,5.55,5.67,5.50,5.53,865900,5.53
2007-03-06,5.56,5.84,5.51,5.59,1440600,5.59
2007-03-05,5.75,5.88,5.49,5.52,927300,5.52
2007-03-02,6.00,6.13,5.73,5.82,818400,5.82
2007-03-01,6.05,6.16,6.03,6.16,517600,6.16
2007-02-28,6.20,6.33,6.10,6.16,1804200,6.16
2007-02-27,6.54,6.60,6.18,6.60,1392300,6.60
2007-02-26,6.90,6.91,6.68,6.91,1071400,6.91
2007-02-23,6.79,6.90,6.79,6.85,838200,6.85
2007-02-22,6.79,6.90,6.73,6.81,596000,6.81
2007-02-21,6.58,6.86,6.57,6.79,400700,6.79
2007-02-20,6.55,6.64,6.40,6.59,580700,6.59
2007-02-16,6.60,6.66,6.58,6.66,288700,6.66
2007-02-15,6.58,6.76,6.58,6.60,492800,6.60
2007-02-14,6.61,6.81,6.55,6.58,632600,6.58
2007-02-13,6.73,6.76,6.47,6.58,576700,6.58
2007-02-12,6.83,7.03,6.56,6.67,729800,6.67
2007-02-09,7.54,7.55,6.86,7.08,821000,7.08
2007-02-08,7.04,7.62,7.00,7.57,765600,7.57
2007-02-07,7.26,7.35,7.18,7.35,420100,7.35
2007-02-06,7.49,7.56,7.09,7.20,352400,7.20
2007-02-05,7.36,7.56,7.296,7.45,239600,7.45
2007-02-02,7.54,7.55,7.32,7.38,232000,7.38
2007-02-01,7.44,7.55,7.37,7.51,150400,7.51
2007-01-31,7.39,7.48,7.33,7.39,189700,7.39
2007-01-30,7.43,7.53,7.34,7.39,170800,7.39
2007-01-29,7.28,7.45,7.25,7.40,156600,7.40
2007-01-26,7.15,7.40,7.10,7.36,180700,7.36
2007-01-25,7.44,7.44,7.10,7.12,277600,7.12
2007-01-24,7.37,7.50,7.29,7.43,247500,7.43
2007-01-23,7.26,7.40,7.21,7.33,305800,7.33
2007-01-22,7.61,7.61,7.25,7.30,361800,7.30
2007-01-19,7.59,7.65,7.57,7.64,246300,7.64
2007-01-18,7.61,7.66,7.55,7.59,419700,7.59
2007-01-17,7.75,7.77,7.65,7.77,580100,7.77
2007-01-16,7.49,7.78,7.40,7.77,723800,7.77
2007-01-12,7.23,7.49,7.23,7.46,294400,7.46
2007-01-11,7.12,7.35,7.12,7.23,386500,7.23
2007-01-10,7.03,7.18,7.03,7.14,373500,7.14
2007-01-09,6.99,7.15,6.91,7.12,305200,7.12
2007-01-08,6.90,7.06,6.90,6.97,409000,6.97
2007-01-05,7.08,7.25,6.89,6.91,266900,6.91
2007-01-04,7.13,7.23,7.01,7.14,340400,7.14
2007-01-03,7.32,7.49,7.02,7.13,268100,7.13
2006-12-29,7.22,7.44,7.22,7.44,277300,7.44
2006-12-28,7.30,7.48,7.20,7.25,344700,7.25
2006-12-27,7.04,7.33,7.04,7.30,347800,7.30
2006-12-26,6.95,7.09,6.93,7.02,319100,7.02
2006-12-22,6.96,7.00,6.90,6.98,168200,6.98
2006-12-21,7.04,7.12,6.90,6.96,244200,6.96
2006-12-20,6.97,7.05,6.83,7.01,212700,7.01
2006-12-19,6.82,6.95,6.76,6.95,458500,6.95
2006-12-18,6.94,7.10,6.82,6.85,320100,6.85
2006-12-15,7.01,7.10,6.96,6.98,714500,6.98
2006-12-14,7.02,7.13,6.96,7.01,514500,7.01
2006-12-13,7.01,7.11,6.98,7.02,160300,7.02
2006-12-12,7.02,7.14,6.97,7.00,332500,7.00
2006-12-11,7.14,7.18,6.94,7.00,374500,7.00
2006-12-08,7.21,7.24,7.09,7.20,294000,7.20
2006-12-07,7.39,7.45,7.12,7.21,291100,7.21
2006-12-06,7.45,7.51,7.30,7.40,193300,7.40
2006-12-05,7.37,7.80,7.28,7.46,1017700,7.46
2006-12-04,7.18,7.33,7.15,7.31,382300,7.31
2006-12-01,7.33,7.36,7.00,7.15,467300,7.15
2006-11-30,7.24,7.40,7.19,7.32,343900,7.32
2006-11-29,7.10,7.39,7.06,7.24,350500,7.24
2006-11-28,7.15,7.15,7.00,7.11,249800,7.11
2006-11-27,7.39,7.48,7.09,7.14,214700,7.14
2006-11-24,7.43,7.54,7.41,7.41,58500,7.41
2006-11-22,7.54,7.54,7.44,7.53,142700,7.53
2006-11-21,7.51,7.60,7.44,7.51,119200,7.51
2006-11-20,7.52,7.60,7.50,7.60,224700,7.60
2006-11-17,7.76,7.76,7.47,7.55,363300,7.55
2006-11-16,7.61,7.86,7.58,7.77,315300,7.77
2006-11-15,7.45,7.61,7.37,7.61,274900,7.61
2006-11-14,7.28,7.44,7.14,7.44,293100,7.44
2006-11-13,7.13,7.32,7.10,7.29,280100,7.29
2006-11-10,7.07,7.14,7.03,7.12,124300,7.12
2006-11-09,7.13,7.13,6.91,7.07,420000,7.07
2006-11-08,6.98,7.14,6.96,7.08,258800,7.08
2006-11-07,6.95,7.14,6.88,7.03,435300,7.03
2006-11-06,6.96,6.98,6.85,6.92,292300,6.92
2006-11-03,6.87,6.98,6.86,6.91,485600,6.91
2006-11-02,6.67,6.86,6.53,6.86,429200,6.86
2006-11-01,6.86,6.97,6.74,6.97,503600,6.97
2006-10-31,7.03,7.08,6.80,6.84,387900,6.84
2006-10-30,7.00,7.09,6.95,7.06,556900,7.06
2006-10-27,7.35,7.43,6.59,7.05,1742900,7.05
2006-10-26,7.57,7.752,7.50,7.72,523100,7.72
2006-10-25,7.36,7.65,7.35,7.63,616600,7.63
2006-10-24,7.57,7.62,7.36,7.38,305000,7.38
2006-10-23,7.75,7.76,7.58,7.59,301400,7.59
2006-10-20,8.03,8.15,7.72,7.76,443100,7.76
2006-10-19,7.73,8.13,7.73,8.00,753000,8.00
2006-10-18,7.74,7.85,7.65,7.77,488000,7.77
2006-10-17,7.88,7.89,7.64,7.70,402000,7.70
2006-10-16,7.83,8.02,7.83,7.93,458800,7.93
2006-10-13,7.98,8.04,7.80,7.84,427200,7.84
2006-10-12,7.95,8.13,7.86,8.00,608100,8.00
2006-10-11,7.77,7.92,7.73,7.90,823200,7.90
2006-10-10,7.56,7.85,7.52,7.77,432700,7.77
2006-10-09,7.46,7.59,7.36,7.52,305300,7.52
2006-10-06,7.35,7.52,7.19,7.51,354600,7.51
2006-10-05,7.34,7.41,7.17,7.40,619000,7.40
2006-10-04,7.13,7.37,7.13,7.37,556300,7.37
2006-10-03,7.15,7.24,7.06,7.18,615500,7.18
2006-10-02,7.23,7.30,7.10,7.20,485300,7.20
2006-09-29,7.33,7.38,7.07,7.24,1075600,7.24
2006-09-28,6.99,7.49,6.90,7.30,779600,7.30
2006-09-27,6.74,6.95,6.72,6.91,516700,6.91
2006-09-26,6.80,6.84,6.68,6.75,485300,6.75
2006-09-25,6.60,6.84,6.60,6.83,893300,6.83
2006-09-22,6.92,6.96,6.55,6.67,737400,6.67
2006-09-21,6.73,7.08,6.70,7.00,997500,7.00
2006-09-20,7.21,7.30,7.10,7.14,252900,7.14
2006-09-19,7.28,7.30,7.00,7.13,232200,7.13
2006-09-18,7.28,7.30,6.98,7.29,279000,7.29
2006-09-15,7.39,7.46,7.10,7.34,728900,7.34
2006-09-14,7.30,7.32,7.11,7.30,226800,7.30
2006-09-13,7.19,7.32,7.01,7.32,321400,7.32
2006-09-12,6.88,7.25,6.85,7.16,515100,7.16
2006-09-11,6.54,6.86,6.49,6.85,255700,6.85
2006-09-08,6.54,6.65,6.50,6.60,211500,6.60
2006-09-07,6.58,6.78,6.58,6.78,400400,6.78
2006-09-06,7.06,7.08,6.57,6.65,504600,6.65
2006-09-05,6.92,7.09,6.92,7.09,320500,7.09
2006-09-01,6.83,6.95,6.69,6.87,405600,6.87
2006-08-31,7.02,7.04,6.77,6.79,508300,6.79
2006-08-30,6.86,7.03,6.68,6.96,478300,6.96
2006-08-29,6.75,6.84,6.55,6.82,228800,6.82
2006-08-28,6.54,6.772,6.39,6.75,219100,6.75
2006-08-25,6.41,6.62,6.39,6.56,84000,6.56
2006-08-24,6.44,6.55,6.37,6.45,147900,6.45
2006-08-23,6.71,6.85,6.40,6.44,146900,6.44
2006-08-22,6.66,6.85,6.59,6.73,189300,6.73
2006-08-21,6.75,6.75,6.52,6.69,199100,6.69
2006-08-18,6.87,6.90,6.56,6.81,144700,6.81
2006-08-17,6.82,6.97,6.73,6.83,201500,6.83
2006-08-16,6.43,6.85,6.38,6.85,313900,6.85
2006-08-15,6.28,6.43,6.26,6.43,188900,6.43
2006-08-14,6.15,6.39,6.10,6.15,101700,6.15
2006-08-11,6.22,6.31,6.07,6.10,169700,6.10
2006-08-10,6.05,6.34,5.99,6.26,190000,6.26
2006-08-09,6.25,6.35,6.06,6.10,288400,6.10
2006-08-08,6.30,6.37,6.12,6.13,306700,6.13
2006-08-07,6.26,6.40,6.126,6.29,207900,6.29
2006-08-04,6.50,6.57,6.18,6.33,279000,6.33
2006-08-03,6.32,6.49,6.22,6.42,262200,6.42
2006-08-02,6.21,6.41,6.14,6.41,412100,6.41
2006-08-01,6.30,6.31,6.08,6.15,421800,6.15
2006-07-31,6.06,6.39,6.02,6.32,601100,6.32
2006-07-28,5.88,6.19,5.88,6.19,593500,6.19
2006-07-27,6.02,6.13,5.80,5.82,713000,5.82
2006-07-26,5.64,6.38,5.64,6.38,747100,6.38
2006-07-25,5.48,5.79,5.43,5.61,367400,5.61
2006-07-24,5.41,5.61,5.38,5.60,155600,5.60
2006-07-21,5.36,5.48,5.18,5.35,1135800,5.35
2006-07-20,5.72,5.81,5.38,5.40,201200,5.40
2006-07-19,5.49,5.90,5.41,5.71,467100,5.71
2006-07-18,5.41,5.50,5.06,5.46,321100,5.46
2006-07-17,5.45,5.52,5.34,5.37,182100,5.37
2006-07-14,5.60,5.61,5.40,5.47,285800,5.47
2006-07-13,5.83,5.86,5.55,5.65,277400,5.65
2006-07-12,6.00,6.06,5.84,5.87,275100,5.87
2006-07-11,6.07,6.09,5.95,6.05,555500,6.05
2006-07-10,6.11,6.24,6.00,6.11,262300,6.11
2006-07-07,6.19,6.27,5.95,6.06,628500,6.06
2006-07-06,6.30,6.44,6.22,6.24,234900,6.24
2006-07-05,6.38,6.45,6.16,6.29,215400,6.29
2006-07-03,6.55,6.57,6.39,6.43,147500,6.43
2006-06-30,6.40,6.60,6.30,6.60,790100,6.60
2006-06-29,6.11,6.53,6.08,6.50,387600,6.50
2006-06-28,6.22,6.25,5.92,6.03,254600,6.03
2006-06-27,6.34,6.53,6.15,6.21,324600,6.21
2006-06-26,6.27,6.56,6.21,6.36,191600,6.36
2006-06-23,6.09,6.32,6.05,6.24,214900,6.24
2006-06-22,6.26,6.27,6.15,6.27,183700,6.27
2006-06-21,6.18,6.57,6.18,6.30,208200,6.30
2006-06-20,5.95,6.31,5.94,6.21,328900,6.21
2006-06-19,6.45,6.45,5.95,5.99,453800,5.99
2006-06-16,6.59,6.60,6.45,6.60,1116000,6.60
2006-06-15,6.60,6.79,6.49,6.60,504000,6.60
2006-06-14,6.08,6.63,5.99,6.57,633200,6.57
2006-06-13,5.96,6.28,5.90,5.96,480200,5.96
2006-06-12,6.05,6.16,5.92,5.98,316200,5.98
2006-06-09,6.05,6.22,5.96,6.07,483800,6.07
2006-06-08,5.90,6.15,5.63,6.04,481100,6.04
2006-06-07,5.98,6.19,5.87,5.98,222100,5.98
2006-06-06,5.94,6.05,5.76,5.95,259200,5.95
2006-06-05,6.21,6.25,5.94,5.95,447700,5.95
2006-06-02,6.36,6.38,6.03,6.27,548000,6.27
2006-06-01,6.19,6.35,6.12,6.32,176000,6.32
2006-05-31,6.03,6.22,5.98,6.14,433700,6.14
2006-05-30,6.05,6.12,5.94,5.99,423000,5.99
2006-05-26,6.22,6.25,6.11,6.16,241500,6.16
2006-05-25,5.97,6.20,5.90,6.20,425300,6.20
2006-05-24,5.70,5.97,5.70,5.97,553100,5.97
2006-05-23,6.07,6.11,5.63,6.11,480600,6.11
2006-05-22,6.15,6.16,5.88,5.94,470500,5.94
2006-05-19,6.185,6.21,6.01,6.16,352800,6.16
2006-05-18,6.37,6.50,6.09,6.16,684700,6.16
2006-05-17,6.49,6.64,6.36,6.37,375100,6.37
2006-05-16,6.54,6.59,6.40,6.56,304300,6.56
2006-05-15,6.90,6.97,6.50,6.58,694300,6.58
2006-05-12,6.93,7.06,6.778,7.02,549700,7.02
2006-05-11,7.20,7.27,6.92,6.98,682000,6.98
2006-05-10,7.24,7.29,7.14,7.23,268000,7.23
2006-05-09,7.19,7.29,7.14,7.24,218700,7.24
2006-05-08,7.29,7.38,7.16,7.23,264800,7.23
2006-05-05,7.33,7.41,7.28,7.34,294800,7.34
2006-05-04,7.24,7.32,7.24,7.32,209500,7.32
2006-05-03,7.30,7.32,7.27,7.32,435000,7.32
2006-05-02,6.84,7.39,6.75,7.29,534600,7.29
2006-05-01,7.07,7.16,6.79,6.83,472100,6.83
2006-04-28,6.99,7.17,6.90,7.05,287700,7.05
2006-04-27,7.20,7.21,6.93,7.00,618000,7.00
2006-04-26,7.30,7.59,6.91,7.23,1222200,7.23
2006-04-25,7.56,7.98,7.41,7.76,554300,7.76
2006-04-24,7.96,7.96,7.46,7.57,437000,7.57
2006-04-21,7.96,8.04,7.82,7.96,395500,7.96
2006-04-20,7.96,8.00,7.74,7.86,185100,7.86
2006-04-19,7.87,8.016,7.85,7.98,291800,7.98
2006-04-18,7.55,8.01,7.49,7.90,296800,7.90
2006-04-17,7.49,7.58,7.35,7.50,518100,7.50
2006-04-13,7.50,7.63,7.39,7.51,324500,7.51
2006-04-12,7.34,7.49,7.33,7.49,273500,7.49
2006-04-11,7.49,7.73,7.33,7.36,638600,7.36
2006-04-10,7.83,7.94,7.47,7.48,588800,7.48
2006-04-07,7.94,8.23,7.80,7.89,650700,7.89
2006-04-06,7.72,7.92,7.60,7.92,542900,7.92
2006-04-05,7.38,7.79,7.37,7.73,779100,7.73
2006-04-04,7.17,7.49,7.15,7.38,497800,7.38
2006-04-03,7.15,7.26,7.15,7.26,580000,7.26
2006-03-31,7.10,7.20,6.99,7.20,405400,7.20
2006-03-30,7.11,7.16,6.91,7.09,270700,7.09
2006-03-29,7.13,7.19,6.98,7.11,550200,7.11
2006-03-28,6.90,7.15,6.83,7.13,783400,7.13
2006-03-27,6.54,6.89,6.52,6.87,441600,6.87
2006-03-24,6.46,6.59,6.36,6.56,366400,6.56
2006-03-23,6.28,6.50,6.25,6.47,242000,6.47
2006-03-22,6.33,6.39,6.22,6.27,556400,6.27
2006-03-21,6.50,6.60,6.27,6.31,444200,6.31
2006-03-20,6.35,6.58,6.35,6.58,821900,6.58
2006-03-17,6.47,6.55,6.22,6.36,1386500,6.36
2006-03-16,6.43,6.50,6.40,6.45,319700,6.45
2006-03-15,6.22,6.48,6.13,6.43,406000,6.43
2006-03-14,6.09,6.23,6.00,6.21,227100,6.21
2006-03-13,6.02,6.16,6.00,6.07,358800,6.07
2006-03-10,5.88,6.05,5.86,6.02,331700,6.02
2006-03-09,5.95,6.00,5.80,5.92,512200,5.92
2006-03-08,5.55,5.95,5.55,5.90,526700,5.90
2006-03-07,5.67,5.69,5.55,5.58,183900,5.58
2006-03-06,5.76,5.78,5.61,5.69,334400,5.69
2006-03-03,5.77,5.86,5.71,5.72,399900,5.72
2006-03-02,5.80,5.94,5.78,5.94,303900,5.94
2006-03-01,5.66,5.85,5.66,5.83,450200,5.83
2006-02-28,5.70,5.77,5.60,5.67,280400,5.67
2006-02-27,5.75,5.80,5.69,5.73,187500,5.73
2006-02-24,5.58,5.75,5.51,5.75,221100,5.75
2006-02-23,5.64,5.84,5.58,5.59,389400,5.59
2006-02-22,5.60,5.80,5.58,5.68,343700,5.68
2006-02-21,5.81,5.85,5.53,5.62,446500,5.62
2006-02-17,5.74,5.87,5.71,5.83,287400,5.83
2006-02-16,5.66,5.90,5.66,5.76,371300,5.76
2006-02-15,5.65,5.74,5.46,5.66,362800,5.66
2006-02-14,5.67,5.75,5.59,5.61,460800,5.61
2006-02-13,5.65,5.79,5.60,5.62,295200,5.62
2006-02-10,5.71,5.72,5.52,5.65,322900,5.65
2006-02-09,5.80,5.88,5.72,5.88,460500,5.88
2006-02-08,5.60,5.82,5.60,5.81,554400,5.81
2006-02-07,5.85,5.86,5.59,5.62,1134700,5.62
2006-02-06,6.06,6.06,5.87,5.95,602600,5.95
2006-02-03,5.97,6.10,5.97,6.06,239400,6.06
2006-02-02,6.18,6.20,5.95,5.99,316700,5.99
2006-02-01,6.00,6.24,5.91,6.18,242400,6.18
2006-01-31,6.00,6.19,5.89,6.04,215500,6.04
2006-01-30,6.14,6.14,5.80,6.00,334600,6.00
2006-01-27,6.24,6.24,6.06,6.10,302600,6.10
2006-01-26,6.11,6.20,5.94,6.14,456100,6.14
2006-01-25,5.47,6.10,5.35,5.92,1045000,5.92
2006-01-24,5.40,5.47,5.22,5.42,448500,5.42
2006-01-23,5.24,5.42,5.17,5.42,442700,5.42
2006-01-20,5.45,5.55,5.24,5.55,450500,5.55
2006-01-19,5.53,5.67,5.42,5.45,261900,5.45
2006-01-18,5.43,5.55,5.39,5.44,339700,5.44
2006-01-17,5.70,5.79,5.58,5.79,265900,5.79
2006-01-13,5.86,5.86,5.67,5.70,402500,5.70
2006-01-12,5.81,5.91,5.68,5.86,504300,5.86
2006-01-11,6.53,6.53,5.85,6.53,1384800,6.53
2006-01-10,6.43,6.60,6.28,6.59,239900,6.59
2006-01-09,6.52,6.59,6.33,6.44,193500,6.44
2006-01-06,6.47,6.75,6.47,6.75,319800,6.75
2006-01-05,6.45,6.60,6.45,6.60,424500,6.60
2006-01-04,6.105,6.70,6.105,6.70,576600,6.70
2006-01-03,6.08,6.25,5.95,6.17,603600,6.17
2005-12-30,6.30,6.30,5.92,6.02,694000,6.02
2005-12-29,6.375,6.50,6.31,6.50,391000,6.50
2005-12-28,6.46,6.506,6.35,6.42,167600,6.42
2005-12-27,6.655,6.75,6.48,6.75,224900,6.75
2005-12-23,6.53,6.74,6.53,6.65,119200,6.65
2005-12-22,6.45,6.566,6.45,6.566,251600,6.566
2005-12-21,6.41,6.60,6.41,6.45,233200,6.45
2005-12-20,6.36,6.58,6.32,6.44,282300,6.44
2005-12-19,6.70,6.74,6.43,6.45,250000,6.45
2005-12-16,6.71,7.01,6.63,6.73,824000,6.73
2005-12-15,7.00,7.22,6.60,6.70,614900,6.70
2005-12-14,6.84,7.10,6.795,7.04,433700,7.04
2005-12-13,6.91,6.92,6.75,6.77,264500,6.77
2005-12-12,6.96,7.00,6.75,6.88,259300,6.88
2005-12-09,7.00,7.00,6.80,6.87,408900,6.87
2005-12-08,6.66,7.04,6.66,6.97,929800,6.97
2005-12-07,6.66,6.71,6.66,6.71,628300,6.71
2005-12-06,6.48,6.67,6.39,6.62,602000,6.62
2005-12-05,6.52,6.54,6.28,6.46,205200,6.46
2005-12-02,6.45,6.51,6.30,6.46,435200,6.46
2005-12-01,6.25,6.53,6.24,6.46,499800,6.46
2005-11-30,6.04,6.25,5.98,6.22,508500,6.22
2005-11-29,6.21,6.25,6.04,6.07,216400,6.07
2005-11-28,6.25,6.28,5.97,6.15,458700,6.15
2005-11-25,6.27,6.325,6.23,6.25,108600,6.25
2005-11-23,6.05,6.38,6.05,6.26,583400,6.26
2005-11-22,6.00,6.12,5.91,6.07,464100,6.07
2005-11-21,5.90,6.11,5.76,6.01,409000,6.01
2005-11-18,5.55,6.15,5.48,5.89,806500,5.89
2005-11-17,5.45,5.58,5.40,5.48,419300,5.48
2005-11-16,5.60,5.72,5.40,5.46,706100,5.46
2005-11-15,5.74,5.782,5.51,5.58,900400,5.58
2005-11-14,6.11,6.18,5.70,5.74,515200,5.74
2005-11-11,5.85,6.11,5.85,6.10,303700,6.10
2005-11-10,5.96,5.97,5.676,5.92,355300,5.92
2005-11-09,5.97,6.05,5.80,5.93,351000,5.93
2005-11-08,5.99,6.00,5.98,6.00,632000,6.00
2005-11-07,5.81,6.00,5.76,5.97,497000,5.97
2005-11-04,5.86,6.09,5.69,6.09,425700,6.09
2005-11-03,6.06,6.12,5.78,5.86,472500,5.86
2005-11-02,5.53,6.09,5.348,5.98,625500,5.98
2005-11-01,5.61,5.70,5.52,5.70,292200,5.70
2005-10-31,5.58,5.76,5.53,5.68,384000,5.68
2005-10-28,5.36,5.62,5.36,5.57,394800,5.57
2005-10-27,5.42,5.51,5.24,5.37,505200,5.37
2005-10-26,5.605,5.66,5.47,5.66,1059400,5.66
2005-10-25,5.805,5.84,5.65,5.84,854800,5.84
2005-10-24,5.76,5.92,5.72,5.83,950200,5.83
2005-10-21,5.68,5.80,5.64,5.77,590900,5.77
2005-10-20,5.63,5.77,5.50,5.64,473000,5.64
2005-10-19,5.375,5.61,5.375,5.61,528900,5.61
2005-10-18,5.45,5.56,5.36,5.40,249300,5.40
2005-10-17,5.55,5.62,5.37,5.49,473800,5.49
2005-10-14,5.54,5.62,5.45,5.59,577600,5.59
2005-10-13,5.37,5.56,5.22,5.54,403400,5.54
2005-10-12,5.26,5.43,5.22,5.38,440500,5.38
2005-10-11,5.44,5.45,5.27,5.30,478900,5.30
2005-10-10,5.41,5.44,5.34,5.39,326100,5.39
2005-10-07,5.50,5.51,5.34,5.43,477500,5.43
2005-10-06,5.41,5.57,5.39,5.44,414800,5.44
2005-10-05,5.51,5.58,5.32,5.42,522300,5.42
2005-10-04,5.47,5.59,5.47,5.50,625300,5.50
2005-10-03,5.79,5.79,5.48,5.48,915000,5.48
2005-09-30,5.21,5.64,5.20,5.54,1601700,5.54
2005-09-29,4.69,5.26,4.67,5.23,1197200,5.23
2005-09-28,4.65,4.73,4.53,4.73,848100,4.73
2005-09-27,4.56,4.62,4.42,4.61,475400,4.61
2005-09-26,4.48,4.57,4.44,4.53,193900,4.53
2005-09-23,4.29,4.49,4.28,4.48,155300,4.48
2005-09-22,4.36,4.40,4.28,4.31,220200,4.31
2005-09-21,4.48,4.49,4.33,4.34,288100,4.34
2005-09-20,4.45,4.57,4.44,4.48,281900,4.48
2005-09-19,4.44,4.48,4.40,4.43,280600,4.43
2005-09-16,4.47,4.49,4.40,4.44,603600,4.44
2005-09-15,4.54,4.58,4.40,4.43,387500,4.43
2005-09-14,4.49,4.60,4.48,4.51,352300,4.51
2005-09-13,4.56,4.56,4.46,4.49,390700,4.49
2005-09-12,4.81,4.85,4.46,4.58,2334200,4.58
2005-09-09,4.96,4.99,4.82,4.86,199300,4.86
2005-09-08,4.92,4.99,4.92,4.99,153200,4.99
2005-09-07,5.01,5.01,4.83,4.97,196300,4.97
2005-09-06,4.95,5.01,4.79,5.01,167100,5.01
2005-09-02,4.96,4.96,4.85,4.87,123300,4.87
2005-09-01,4.92,5.01,4.92,5.01,439000,5.01
2005-08-31,4.80,4.88,4.69,4.84,230100,4.84
2005-08-30,4.66,4.93,4.66,4.75,345200,4.75
2005-08-29,4.56,4.73,4.52,4.73,222100,4.73
2005-08-26,4.64,4.66,4.50,4.58,263800,4.58
2005-08-25,4.61,4.67,4.51,4.63,262800,4.63
2005-08-24,4.44,4.68,4.44,4.57,283900,4.57
2005-08-23,4.43,4.55,4.43,4.52,355000,4.52
2005-08-22,4.46,4.47,4.38,4.42,581600,4.42
2005-08-19,4.48,4.53,4.37,4.38,356200,4.38
2005-08-18,4.55,4.55,4.48,4.50,362800,4.50
2005-08-17,4.56,4.63,4.51,4.56,269200,4.56
2005-08-16,4.75,4.75,4.50,4.53,558900,4.53
2005-08-15,4.75,4.80,4.53,4.80,1026200,4.80
2005-08-12,4.93,4.96,4.80,4.88,276100,4.88
2005-08-11,4.93,5.13,4.82,4.95,301000,4.95
2005-08-10,5.12,5.18,4.92,4.98,567100,4.98
2005-08-09,4.90,5.03,4.76,4.97,484300,4.97
2005-08-08,4.97,5.00,4.80,4.87,349800,4.87
2005-08-05,4.95,5.02,4.83,4.97,318500,4.97
2005-08-04,5.08,5.09,4.92,4.95,245400,4.95
2005-08-03,5.11,5.12,5.05,5.07,558800,5.07
2005-08-02,5.10,5.19,5.04,5.11,854500,5.11
2005-08-01,4.85,5.35,4.85,5.14,829900,5.14
2005-07-29,5.15,5.20,4.72,4.92,1893300,4.92
2005-07-28,5.59,5.64,5.00,5.18,2832200,5.18
2005-07-27,5.85,5.85,5.65,5.75,444500,5.75
2005-07-26,5.72,5.86,5.72,5.86,370600,5.86
2005-07-25,5.62,5.83,5.62,5.72,246900,5.72
2005-07-22,5.72,5.80,5.53,5.66,422600,5.66
2005-07-21,5.95,5.98,5.72,5.76,288700,5.76
2005-07-20,5.90,6.00,5.80,5.99,457700,5.99
2005-07-19,5.85,5.96,5.73,5.95,300300,5.95
2005-07-18,6.00,6.00,5.68,5.80,534700,5.80
2005-07-15,6.08,6.19,5.92,6.00,459000,6.00
2005-07-14,6.10,6.27,6.08,6.16,427400,6.16
2005-07-13,6.36,6.36,6.12,6.12,443200,6.12
2005-07-12,6.25,6.42,6.19,6.35,422100,6.35
2005-07-11,6.20,6.26,6.13,6.25,613600,6.25
2005-07-08,6.16,6.21,6.08,6.20,367500,6.20
2005-07-07,6.12,6.19,6.00,6.16,304700,6.16
2005-07-06,6.12,6.20,6.024,6.17,354200,6.17
2005-07-05,5.96,6.19,5.92,6.19,643900,6.19
2005-07-01,6.13,6.18,5.91,6.06,807300,6.06
2005-06-30,6.46,6.50,6.29,6.31,330100,6.31
2005-06-29,6.11,6.57,6.11,6.57,1738600,6.57
2005-06-28,5.72,5.93,5.68,5.92,258000,5.92
2005-06-27,5.96,5.98,5.69,5.74,337700,5.74
2005-06-24,5.80,6.00,5.64,5.96,955000,5.96
2005-06-23,6.00,6.24,5.79,5.83,709300,5.83
2005-06-22,5.75,6.16,5.75,6.00,769000,6.00
2005-06-21,5.72,5.87,5.72,5.76,236800,5.76
2005-06-20,5.84,5.86,5.72,5.75,213300,5.75
2005-06-17,5.96,5.98,5.72,5.87,565000,5.87
2005-06-16,5.73,5.98,5.662,5.98,471100,5.98
2005-06-15,5.72,5.78,5.53,5.75,398500,5.75
2005-06-14,5.67,5.70,5.61,5.68,229000,5.68
2005-06-13,5.57,5.70,5.50,5.63,235100,5.63
2005-06-10,5.51,5.65,5.48,5.58,248100,5.58
2005-06-09,5.41,5.53,5.31,5.50,367700,5.50
2005-06-08,5.51,5.61,5.41,5.41,402700,5.41
2005-06-07,5.63,5.68,5.52,5.55,397700,5.55
2005-06-06,5.50,5.62,5.48,5.59,258500,5.59
2005-06-03,5.70,5.70,5.51,5.70,312000,5.70
2005-06-02,5.60,5.71,5.60,5.65,776100,5.65
2005-06-01,5.41,5.63,5.41,5.60,1098800,5.60
2005-05-31,5.42,5.50,5.30,5.49,1574800,5.49
2005-05-27,5.50,5.50,5.21,5.36,1333100,5.36
2005-05-26,5.36,5.57,5.28,5.51,921800,5.51
2005-05-25,5.47,5.48,5.25,5.40,460100,5.40
2005-05-24,5.39,5.52,5.36,5.43,511800,5.43
2005-05-23,5.31,5.51,5.31,5.37,560000,5.37
2005-05-20,5.25,5.34,5.21,5.25,549800,5.25
2005-05-19,5.24,5.40,5.18,5.28,1173400,5.28
2005-05-18,4.84,5.31,4.69,5.25,2784700,5.25
2005-05-17,4.33,4.43,4.28,4.42,279800,4.42
2005-05-16,4.23,4.37,4.21,4.35,270400,4.35
2005-05-13,4.32,4.38,4.22,4.25,320500,4.25
2005-05-12,4.39,4.45,4.28,4.33,290900,4.33
2005-05-11,4.47,4.47,4.27,4.40,434400,4.40
2005-05-10,4.30,4.41,4.22,4.41,581600,4.41
2005-05-09,4.41,4.55,4.21,4.30,539400,4.30
2005-05-06,4.24,4.51,4.22,4.46,692900,4.46
2005-05-05,4.51,4.56,4.14,4.26,1110000,4.26
2005-05-04,4.53,4.65,4.38,4.50,966000,4.50
2005-05-03,4.34,4.51,4.25,4.46,859900,4.46
2005-05-02,4.22,4.48,4.22,4.32,710500,4.32
2005-04-29,4.25,4.32,4.08,4.18,673900,4.18
2005-04-28,4.35,4.41,4.22,4.26,581800,4.26
2005-04-27,4.50,4.52,4.29,4.36,1070500,4.36
2005-04-26,4.67,4.73,4.50,4.56,408200,4.56
2005-04-25,4.71,4.77,4.60,4.68,482100,4.68
2005-04-22,4.90,4.93,4.73,4.73,380000,4.73
2005-04-21,4.66,4.97,4.62,4.90,385500,4.90
2005-04-20,4.80,4.84,4.62,4.65,398000,4.65
2005-04-19,4.78,4.88,4.70,4.80,613100,4.80
2005-04-18,4.75,4.89,4.68,4.77,433400,4.77
2005-04-15,4.95,4.97,4.79,4.80,589900,4.80
2005-04-14,5.00,5.09,4.92,4.92,391700,4.92
2005-04-13,5.05,5.14,4.95,5.02,932800,5.02
2005-04-12,4.89,5.08,4.86,5.05,511000,5.05
2005-04-11,5.04,5.08,4.81,4.91,445200,4.91
2005-04-08,5.07,5.15,5.00,5.06,511900,5.06
2005-04-07,5.09,5.19,4.99,5.08,601100,5.08
2005-04-06,5.03,5.15,4.98,5.13,863200,5.13
2005-04-05,4.99,5.04,4.92,5.01,723100,5.01
2005-04-04,4.88,5.00,4.78,4.97,529800,4.97
2005-04-01,4.88,4.96,4.86,4.86,476800,4.86
2005-03-31,4.88,4.95,4.84,4.86,791500,4.86
2005-03-30,5.05,5.07,4.83,4.86,1591700,4.86
2005-03-29,5.06,5.08,4.89,5.01,733200,5.01
2005-03-28,4.94,5.04,4.88,5.04,969400,5.04
2005-03-24,5.05,5.12,4.81,4.86,1553800,4.86
2005-03-23,5.14,5.17,5.02,5.08,598400,5.08
2005-03-22,5.25,5.27,5.11,5.15,1569300,5.15
2005-03-21,5.15,5.25,5.14,5.25,1914000,5.25
2005-03-18,5.20,5.33,5.08,5.22,1629600,5.22
2005-03-17,5.34,5.35,5.28,5.35,1173100,5.35
2005-03-16,5.25,5.42,5.22,5.32,1411600,5.32
2005-03-15,5.20,5.35,5.13,5.27,1781300,5.27
2005-03-14,5.09,5.23,5.03,5.15,1908500,5.15
2005-03-11,5.24,5.32,4.88,5.03,10036400,5.03
2005-03-10,5.21,5.34,5.15,5.17,766700,5.17
2005-03-09,5.30,5.43,5.20,5.22,1171500,5.22
2005-03-08,5.50,5.53,5.26,5.33,2644900,5.33
2005-03-07,5.77,5.85,5.49,5.76,604000,5.76
2005-03-04,5.75,5.75,5.64,5.65,429800,5.65
2005-03-03,5.75,5.87,5.61,5.69,1024800,5.69
2005-03-02,5.78,5.84,5.64,5.83,885300,5.83
2005-03-01,5.88,5.93,5.72,5.78,799800,5.78
2005-02-28,5.91,5.98,5.67,5.82,1293900,5.82
2005-02-25,5.99,6.08,5.74,5.83,905200,5.83
2005-02-24,5.99,6.08,5.81,6.00,837500,6.00
2005-02-23,6.24,6.25,5.82,5.93,1026300,5.93
2005-02-22,6.54,6.54,6.06,6.09,1006400,6.09
2005-02-18,6.45,6.65,6.41,6.45,374500,6.45
2005-02-17,6.65,6.69,6.42,6.49,540400,6.49
2005-02-16,6.80,6.82,6.65,6.65,583000,6.65
2005-02-15,6.73,6.97,6.71,6.77,461700,6.77
2005-02-14,6.83,6.85,6.67,6.77,420000,6.77
2005-02-11,6.66,6.93,6.55,6.84,515100,6.84
2005-02-10,6.67,6.82,6.61,6.63,365600,6.63
2005-02-09,6.95,7.05,6.68,6.72,483600,6.72
2005-02-08,6.81,6.96,6.76,6.95,582400,6.95
2005-02-07,6.86,6.96,6.75,6.85,802000,6.85
2005-02-04,7.15,7.18,6.72,6.89,1227700,6.89
2005-02-03,7.11,7.67,6.77,7.16,1899300,7.16
2005-02-02,7.29,7.29,6.99,7.12,1125000,7.12
2005-02-01,7.52,7.54,7.27,7.31,561200,7.31
2005-01-31,7.33,7.53,7.17,7.43,475900,7.43
2005-01-28,7.48,7.50,7.14,7.29,365500,7.29
2005-01-27,7.68,7.68,7.45,7.50,317000,7.50
2005-01-26,7.46,7.63,7.39,7.59,561200,7.59
2005-01-25,7.15,7.46,7.15,7.43,774100,7.43
2005-01-24,7.37,7.49,7.06,7.07,579600,7.07
2005-01-21,7.91,8.00,7.35,7.40,1202300,7.40
2005-01-20,8.09,8.10,7.80,7.90,474100,7.90
2005-01-19,8.19,8.19,7.88,7.96,927200,7.96
2005-01-18,7.95,8.17,7.81,8.13,662100,8.13
2005-01-14,7.59,7.94,7.55,7.90,582500,7.90
2005-01-13,7.82,7.82,7.56,7.62,393100,7.62
2005-01-12,7.77,7.86,7.55,7.79,391300,7.79
2005-01-11,7.81,7.83,7.62,7.71,486800,7.71
2005-01-10,7.96,8.09,7.85,7.91,465400,7.91
2005-01-07,8.17,8.17,7.94,8.05,745700,8.05
2005-01-06,8.11,8.23,8.02,8.03,569200,8.03
2005-01-05,8.31,8.55,8.11,8.18,651400,8.18
2005-01-04,8.58,8.80,8.29,8.42,908200,8.42
2005-01-03,8.90,9.02,8.48,8.65,858600,8.65
2004-12-31,9.05,9.05,8.87,8.92,404300,8.92
2004-12-30,9.00,9.03,8.90,8.99,423600,8.99
2004-12-29,8.99,9.00,8.76,8.91,322800,8.91
2004-12-28,8.85,9.00,8.72,8.95,321600,8.95
2004-12-27,8.79,9.00,8.74,8.82,450100,8.82
2004-12-23,8.96,9.03,8.82,8.89,484300,8.89
2004-12-22,8.98,9.06,8.94,8.97,447900,8.97
2004-12-21,9.00,9.21,8.91,9.04,973600,9.04
2004-12-20,9.13,9.38,8.95,8.99,887000,8.99
2004-12-17,9.26,9.63,9.16,9.17,1339800,9.17
2004-12-16,9.83,9.99,9.36,9.46,793000,9.46
2004-12-15,9.85,10.00,9.78,9.90,297600,9.90
2004-12-14,9.69,9.86,9.58,9.82,472500,9.82
2004-12-13,9.71,9.82,9.62,9.64,658400,9.64
2004-12-10,9.75,9.81,9.59,9.70,381100,9.70
2004-12-09,9.51,9.82,9.41,9.81,444100,9.81
2004-12-08,9.73,9.86,9.67,9.86,422100,9.86
2004-12-07,10.03,10.07,9.68,9.77,691400,9.77
2004-12-06,10.29,10.29,9.93,9.93,906400,9.93
2004-12-03,9.84,10.23,9.77,10.12,1181100,10.12
2004-12-02,9.74,9.91,9.61,9.84,550700,9.84
2004-12-01,9.22,9.75,9.15,9.74,761900,9.74
2004-11-30,9.40,9.50,9.15,9.19,783900,9.19
2004-11-29,9.58,9.74,9.20,9.46,1115000,9.46
2004-11-26,8.79,9.00,8.75,8.93,3020100,8.93
2004-11-24,8.70,8.85,8.50,8.82,558000,8.82
2004-11-23,8.64,8.68,8.40,8.62,856300,8.62
2004-11-22,8.37,8.52,8.23,8.52,725100,8.52
2004-11-19,8.88,8.90,8.38,8.44,942500,8.44
2004-11-18,8.92,8.98,8.78,8.87,576600,8.87
2004-11-17,8.63,9.00,8.63,8.84,699300,8.84
2004-11-16,8.70,8.70,8.55,8.56,342400,8.56
2004-11-15,8.59,8.85,8.50,8.69,787800,8.69
2004-11-12,8.23,8.55,8.05,8.52,576900,8.52
2004-11-11,7.99,8.23,7.86,8.18,526800,8.18
2004-11-10,7.95,8.06,7.82,7.96,600300,7.96
2004-11-09,7.94,8.01,7.65,7.86,601500,7.86
2004-11-08,7.84,8.09,7.78,7.90,757600,7.90
2004-11-05,7.75,8.33,7.71,8.01,954500,8.01
2004-11-04,7.34,7.70,7.21,7.63,778700,7.63
2004-11-03,7.17,7.42,7.05,7.14,696400,7.14
2004-11-02,7.12,7.33,7.00,7.03,550900,7.03
2004-11-01,6.99,7.09,6.99,7.00,390900,7.00
2004-10-29,7.03,7.10,6.96,7.02,682200,7.02
2004-10-28,6.80,7.10,6.80,7.01,738300,7.01
2004-10-27,6.51,6.95,6.41,6.87,730500,6.87
2004-10-26,6.59,6.61,6.38,6.55,542000,6.55
2004-10-25,6.40,6.59,6.35,6.57,414600,6.57
2004-10-22,6.64,6.72,6.48,6.48,607100,6.48
2004-10-21,6.32,6.71,6.30,6.65,467000,6.65
2004-10-20,6.30,6.42,6.23,6.33,635500,6.33
2004-10-19,6.28,6.53,6.25,6.30,774200,6.30
2004-10-18,6.14,6.32,6.14,6.28,830600,6.28
2004-10-15,6.19,6.34,6.03,6.26,616600,6.26
2004-10-14,6.34,6.35,6.00,6.08,406300,6.08
2004-10-13,6.19,6.41,6.16,6.28,612600,6.28
2004-10-12,6.60,6.63,6.12,6.16,972400,6.16
2004-10-11,6.50,6.61,6.45,6.61,282100,6.61
2004-10-08,6.84,6.94,6.40,6.40,558200,6.40
2004-10-07,6.94,7.01,6.78,6.91,537900,6.91
2004-10-06,6.72,6.89,6.70,6.87,340400,6.87
2004-10-05,6.87,6.92,6.65,6.80,291700,6.80
2004-10-04,6.86,7.00,6.78,6.84,488700,6.84
2004-10-01,6.54,6.85,6.47,6.78,618900,6.78
2004-09-30,6.40,6.50,6.21,6.48,537100,6.48
2004-09-29,6.22,6.45,6.22,6.41,440400,6.41
2004-09-28,6.25,6.40,6.15,6.32,537600,6.32
2004-09-27,6.35,6.40,6.16,6.20,834300,6.20
2004-09-24,6.76,6.86,6.44,6.45,1307800,6.45
2004-09-23,6.80,7.13,6.70,6.76,1375300,6.76
2004-09-22,7.40,7.43,7.15,7.32,1263200,7.32
2004-09-21,7.43,7.50,7.37,7.44,493000,7.44
2004-09-20,7.25,7.47,7.24,7.37,1046500,7.37
2004-09-17,7.44,7.61,7.20,7.36,730700,7.36
2004-09-16,7.40,7.56,7.24,7.27,529600,7.27
2004-09-15,7.84,7.86,7.30,7.31,596500,7.31
2004-09-14,7.65,7.81,7.55,7.81,730000,7.81
2004-09-13,7.51,7.73,7.41,7.63,531000,7.63
2004-09-10,7.22,7.62,7.04,7.52,824800,7.52
2004-09-09,6.81,7.09,6.76,7.08,1033300,7.08
2004-09-08,6.81,7.02,6.65,6.75,1246200,6.75
2004-09-07,7.10,7.20,6.82,6.96,1028900,6.96
2004-09-03,7.39,7.42,6.87,6.98,900400,6.98
2004-09-02,7.67,7.70,7.22,7.36,675000,7.36
2004-09-01,7.49,7.98,6.98,7.26,1444700,7.26
2004-08-31,7.72,7.74,7.39,7.51,970800,7.51
2004-08-30,7.96,7.97,7.66,7.67,273100,7.67
2004-08-27,7.89,8.09,7.84,7.98,425300,7.98
2004-08-26,8.04,8.04,7.80,7.84,454700,7.84
2004-08-25,8.15,8.16,7.87,7.99,1014300,7.99
2004-08-24,8.10,8.15,7.95,8.07,410900,8.07
2004-08-23,8.13,8.19,7.91,7.98,552500,7.98
2004-08-20,7.86,8.12,7.74,8.01,472400,8.01
2004-08-19,8.33,8.36,7.68,7.84,724000,7.84
