Date,Open,High,Low,Close,Volume,Adj Close
2012-10-05,28.00,28.00,28.00,28.00,000,28.00
2012-10-04,28.00,28.00,28.00,28.00,000,28.00
2012-10-03,28.00,28.00,28.00,28.00,000,28.00
2012-10-02,28.00,28.00,28.00,28.00,000,28.00
2012-10-01,28.00,28.00,28.00,28.00,000,28.00
2012-09-28,28.00,28.00,28.00,28.00,000,28.00
2012-09-27,27.99,28.00,27.99,28.00,349000,28.00
2012-09-26,27.99,28.00,27.98,27.985,698500,27.985
2012-09-25,27.98,28.00,27.98,27.985,453700,27.985
2012-09-24,27.99,27.99,27.98,27.985,476500,27.985
2012-09-21,27.98,27.98,27.97,27.97,711500,27.97
2012-09-20,27.97,27.98,27.97,27.97,340700,27.97
2012-09-19,27.97,27.98,27.97,27.975,901500,27.975
2012-09-18,27.97,27.98,27.96,27.96,368900,27.96
2012-09-17,27.97,27.98,27.96,27.96,1074000,27.96
2012-09-14,27.98,27.98,27.96,27.98,3854000,27.98
2012-09-13,27.97,27.97,27.96,27.97,471600,27.97
2012-09-12,27.97,27.97,27.96,27.97,813100,27.97
2012-09-11,27.97,27.97,27.95,27.95,1428700,27.95
2012-09-10,27.96,27.97,27.96,27.97,150600,27.97
2012-09-07,27.97,27.97,27.95,27.96,720200,27.96
2012-09-06,27.96,27.97,27.95,27.955,1209400,27.955
2012-09-05,27.96,27.97,27.95,27.95,1003200,27.95
2012-09-04,27.97,27.98,27.96,27.98,474800,27.98
2012-09-03,27.95,27.95,27.95,27.95,000,27.95
2012-08-31,27.97,27.97,27.95,27.95,357200,27.95
2012-08-30,27.96,27.97,27.95,27.95,265700,27.95
2012-08-29,27.96,27.97,27.96,27.96,169400,27.96
2012-08-28,27.95,27.97,27.94,27.96,303200,27.96
2012-08-27,27.96,27.97,27.95,27.96,322200,27.96
2012-08-24,27.94,27.96,27.94,27.96,707600,27.96
2012-08-23,27.95,27.95,27.93,27.95,673700,27.95
2012-08-22,27.94,27.95,27.93,27.945,290600,27.945
2012-08-21,27.94,27.94,27.92,27.93,893500,27.93
2012-08-20,27.93,27.95,27.92,27.95,444300,27.95
2012-08-17,27.93,27.94,27.93,27.94,458500,27.94
2012-08-16,27.95,27.95,27.93,27.95,494900,27.95
2012-08-15,27.93,27.95,27.92,27.95,847300,27.95
2012-08-14,27.95,27.95,27.92,27.92,971400,27.92
2012-08-13,27.935,27.95,27.92,27.92,288700,27.92
2012-08-10,27.94,27.96,27.92,27.93,610400,27.93
2012-08-09,27.94,27.96,27.94,27.96,231900,27.96
2012-08-08,27.92,27.96,27.92,27.96,436200,27.96
2012-08-07,27.93,27.94,27.92,27.94,479600,27.94
2012-08-06,27.94,27.96,27.89,27.90,1712100,27.90
2012-08-03,27.94,27.94,27.905,27.92,1124700,27.92
2012-08-02,27.93,27.96,27.92,27.95,563500,27.95
2012-08-01,27.96,27.96,27.92,27.94,1193000,27.94
2012-07-31,27.92,27.945,27.92,27.94,1993500,27.94
2012-07-30,27.95,27.96,27.91,27.93,2021900,27.93
2012-07-27,27.92,27.99,27.91,27.96,2291000,27.96
2012-07-26,27.92,27.93,27.88,27.91,522900,27.91
2012-07-25,27.93,27.93,27.87,27.90,765500,27.90
2012-07-24,27.87,27.89,27.86,27.86,657500,27.86
2012-07-23,27.88,27.88,27.86,27.86,699700,27.86
2012-07-20,27.87,27.88,27.86,27.87,612900,27.87
2012-07-19,27.88,27.88,27.86,27.87,1184700,27.87
2012-07-18,27.86,27.87,27.86,27.87,504400,27.87
2012-07-17,27.86,27.87,27.83,27.86,1158100,27.86
2012-07-16,27.86,27.87,27.85,27.855,1003600,27.855
2012-07-13,27.87,27.87,27.84,27.85,1253300,27.85
2012-07-12,27.86,27.875,27.85,27.86,1878700,27.86
2012-07-11,27.86,27.87,27.84,27.84,2056000,27.84
2012-07-10,27.87,27.88,27.84,27.84,1716100,27.84
2012-07-09,27.85,27.87,27.84,27.85,935300,27.85
2012-07-06,27.85,27.87,27.85,27.86,1257700,27.86
2012-07-05,27.84,27.89,27.83,27.88,2354000,27.88
2012-07-04,27.83,27.83,27.83,27.83,000,27.83
2012-07-03,27.82,27.84,27.82,27.83,1084000,27.83
2012-07-02,27.72,27.84,27.72,27.82,12241400,27.82
2012-06-29,27.97,27.98,27.71,27.81,1856300,27.81
2012-06-28,27.75,27.78,27.65,27.75,1309600,27.75
2012-06-27,27.73,27.81,27.70,27.81,898800,27.81
2012-06-26,27.73,27.75,27.60,27.69,1523800,27.69
2012-06-25,27.74,27.75,27.55,27.695,9855100,27.695
2012-06-22,26.38,26.39,26.2127,26.22,2935000,26.22
2012-06-21,26.46,26.50,26.26,26.27,855000,26.27
2012-06-20,26.35,26.53,26.25,26.50,2911300,26.50
2012-06-19,26.69,26.85,26.50,26.52,2069700,26.52
2012-06-18,26.06,26.84,25.96,26.61,2969900,26.61
2012-06-15,26.03,26.23,26.00,26.19,1640200,26.19
2012-06-14,25.96,26.25,25.68,26.06,16217600,26.06
2012-06-13,23.86,24.01,23.80,23.86,598400,23.86
2012-06-12,23.88,24.08,23.81,23.96,405700,23.96
2012-06-11,24.26,24.36,23.78,23.78,605200,23.78
2012-06-08,23.91,24.16,23.7601,24.09,431100,24.09
2012-06-07,24.45,24.47,23.94,24.00,591000,24.00
2012-06-06,24.25,24.33,24.14,24.22,421400,24.22
2012-06-05,23.53,24.14,23.44,24.11,1405600,24.11
2012-06-04,23.73,23.74,23.35,23.61,1861400,23.61
2012-06-01,24.66,24.90,22.69,23.74,3544200,23.74
2012-05-31,25.07,25.19,24.92,25.00,596600,25.00
2012-05-30,25.05,25.1699,24.90,25.01,772100,25.01
2012-05-29,25.32,25.52,24.6601,25.23,1132900,25.23
2012-05-28,25.15,25.15,25.15,25.15,000,25.15
2012-05-25,26.10,26.725,25.13,25.15,3280500,25.15
2012-05-24,25.11,25.22,24.90,25.18,295000,25.18
2012-05-23,24.92,25.19,24.86,25.11,531700,25.11
2012-05-22,24.97,25.25,24.94,25.13,654600,25.13
2012-05-21,24.55,25.00,24.45,24.98,458000,24.98
2012-05-18,24.76,24.77,24.34,24.50,651600,24.50
2012-05-17,25.10,25.17,24.62,24.77,850700,24.77
2012-05-16,25.13,25.27,25.07,25.14,579000,25.14
2012-05-15,25.06,25.24,24.945,25.12,300500,25.12
2012-05-14,25.09,25.26,25.06,25.09,502000,25.09
2012-05-11,24.96,25.51,24.91,25.25,650200,25.25
2012-05-10,25.15,25.33,25.06,25.19,1419200,25.19
2012-05-09,24.81,25.215,24.75,25.17,5750600,25.17
2012-05-08,22.95,23.03,22.79,22.84,881400,22.84
2012-05-07,22.85,23.17,22.83,23.01,715500,23.01
2012-05-04,22.95,23.00,22.83,22.85,997800,22.85
2012-05-03,22.99,23.14,22.93,22.96,425100,22.96
2012-05-02,23.06,23.07,22.96,22.985,788100,22.985
2012-05-01,23.19,23.32,23.03,23.06,728000,23.06
2012-04-30,23.35,23.36,23.20,23.27,289700,23.27
2012-04-27,23.20,23.365,23.08,23.35,749900,23.35
2012-04-26,23.15,23.33,23.05,23.19,1165500,23.19
2012-04-25,23.43,23.4873,23.15,23.21,491900,23.21
2012-04-24,23.14,23.22,23.14,23.19,641200,23.19
2012-04-23,23.06,23.24,23.05,23.16,1139500,23.16
2012-04-20,23.31,23.31,23.13,23.18,415200,23.18
2012-04-19,23.24,23.35,23.10,23.13,613600,23.13
2012-04-18,23.26,23.38,23.20,23.21,944400,23.21
2012-04-17,23.48,23.58,23.25,23.25,522000,23.25
2012-04-16,23.44,23.50,23.35,23.41,488500,23.41
2012-04-13,23.20,23.87,23.20,23.43,1016400,23.43
2012-04-12,23.01,23.14,22.99,23.08,605600,23.08
2012-04-11,23.16,23.18,22.96,23.00,826200,23.00
2012-04-10,23.15,23.25,22.91,22.96,1025800,22.96
2012-04-09,23.02,23.19,23.02,23.17,366200,23.17
2012-04-06,23.25,23.25,23.25,23.25,000,23.25
2012-04-05,23.20,23.32,23.1764,23.25,538700,23.25
2012-04-04,23.11,23.32,23.11,23.25,462100,23.25
2012-04-03,23.23,23.43,23.20,23.33,348600,23.33
2012-04-02,23.32,23.44,23.21,23.31,575100,23.31
2012-03-30,23.46,23.46,23.25,23.27,565900,23.27
2012-03-29,23.28,23.45,23.28,23.29,1005800,23.29
2012-03-28,23.99,23.99,23.32,23.36,1814800,23.36
2012-03-27,23.96,24.02,23.80,23.95,475800,23.95
2012-03-26,24.18,24.25,23.86,24.00,747700,24.00
2012-03-23,24.02,24.15,23.92,24.02,546500,24.02
2012-03-22,23.95,24.16,23.77,24.05,378600,24.05
2012-03-21,24.12,24.24,24.00,24.08,401600,24.08
2012-03-20,24.00,24.13,23.94,24.04,617400,24.04
2012-03-19,24.38,24.51,24.01,24.07,730100,24.07
2012-03-16,24.00,24.68,23.975,24.50,1892600,24.50
2012-03-15,23.91,24.00,23.77,24.00,1900800,24.00
2012-03-14,24.00,24.00,23.75,23.90,1562200,23.90
2012-03-13,23.93,24.00,23.78,24.00,895000,24.00
2012-03-12,23.92,24.00,23.75,23.85,2782400,23.85
2012-03-09,23.70,24.26,23.50,24.07,12687800,24.07
2012-03-08,19.52,19.67,19.37,19.40,719600,19.40
2012-03-07,19.44,19.56,19.26,19.35,361500,19.35
2012-03-06,19.50,19.58,19.29,19.34,409600,19.34
2012-03-05,19.87,20.07,19.68,19.76,425700,19.76
2012-03-02,20.47,20.58,19.90,19.97,403700,19.97
2012-03-01,20.13,20.68,20.13,20.45,313400,20.45
2012-02-29,20.40,20.55,20.00,20.02,421800,20.02
2012-02-28,20.56,20.68,20.25,20.39,295900,20.39
2012-02-27,20.29,20.63,20.01,20.51,243900,20.51
2012-02-24,20.50,20.63,20.35,20.55,286200,20.55
2012-02-23,20.35,20.64,20.14,20.54,421300,20.54
2012-02-22,20.36,20.56,20.09,20.32,420400,20.32
2012-02-21,20.67,20.90,20.23,20.53,856600,20.53
2012-02-20,20.60,20.60,20.60,20.60,000,20.60
2012-02-17,20.31,20.88,20.18,20.60,618800,20.60
2012-02-16,20.30,20.40,20.01,20.29,684900,20.29
2012-02-15,20.98,20.98,19.12,20.25,2560900,20.25
2012-02-14,21.43,21.69,21.19,21.65,671600,21.65
2012-02-13,21.56,21.75,21.45,21.56,557300,21.56
2012-02-10,21.51,21.6173,20.91,21.30,393600,21.30
2012-02-09,21.53,21.94,21.40,21.93,332700,21.93
2012-02-08,21.37,21.59,21.21,21.53,213900,21.53
2012-02-07,21.28,21.60,21.16,21.34,196300,21.34
2012-02-06,21.50,21.50,21.26,21.34,267100,21.34
2012-02-03,21.39,21.80,21.285,21.55,375900,21.55
2012-02-02,20.99,21.20,20.90,21.05,385700,21.05
2012-02-01,20.49,21.00,20.3109,20.98,423600,20.98
2012-01-31,20.31,20.55,20.08,20.35,376300,20.35
2012-01-30,20.23,20.39,20.08,20.13,264900,20.13
2012-01-27,19.98,20.59,19.98,20.44,303300,20.44
2012-01-26,20.14,20.33,19.97,20.10,322300,20.10
2012-01-25,19.31,20.08,19.24,20.01,1027300,20.01
2012-01-24,19.11,19.46,19.04,19.31,633700,19.31
2012-01-23,19.13,19.47,18.965,19.20,283000,19.20
2012-01-20,19.07,19.3855,19.04,19.08,604800,19.08
2012-01-19,19.12,19.43,19.00,19.06,749700,19.06
2012-01-18,18.73,19.14,18.66,19.06,376100,19.06
2012-01-17,18.91,19.10,18.72,18.72,379800,18.72
2012-01-16,18.86,18.86,18.86,18.86,000,18.86
2012-01-13,18.97,19.12,18.71,18.86,307200,18.86
2012-01-12,19.00,19.32,18.99,19.23,407800,19.23
2012-01-11,18.85,19.285,18.71,19.07,674500,19.07
2012-01-10,18.87,18.95,18.45,18.92,755300,18.92
2012-01-09,18.61,18.71,18.21,18.67,331900,18.67
2012-01-06,18.23,18.71,18.21,18.56,315700,18.56
2012-01-05,18.22,18.43,17.97,18.22,503400,18.22
2012-01-04,18.52,18.52,18.23,18.30,208500,18.30
2012-01-03,18.95,19.15,18.57,18.60,367500,18.60
2012-01-02,18.60,18.60,18.60,18.60,000,18.60
2011-12-30,18.59,18.93,18.59,18.60,402500,18.60
2011-12-29,18.35,18.70,18.27,18.63,292200,18.63
2011-12-28,18.75,18.86,18.22,18.27,210100,18.27
2011-12-27,18.41,18.96,18.3775,18.75,228500,18.75
2011-12-26,18.56,18.56,18.56,18.56,000,18.56
2011-12-23,18.58,18.59,18.33,18.56,140600,18.56
2011-12-22,18.44,18.74,18.44,18.55,251100,18.55
2011-12-21,18.73,18.78,18.17,18.39,794900,18.39
2011-12-20,18.33,18.89,18.33,18.86,509700,18.86
2011-12-19,18.52,18.77,17.94,17.98,386800,17.98
2011-12-16,18.71,19.16,18.33,18.43,1783300,18.43
2011-12-15,18.87,18.97,18.50,18.58,464100,18.58
2011-12-14,18.65,18.80,18.405,18.66,700900,18.66
2011-12-13,18.97,19.38,18.70,18.81,797400,18.81
2011-12-12,18.72,18.84,18.50,18.80,553200,18.80
2011-12-09,18.40,19.09,18.3801,19.01,531500,19.01
2011-12-08,19.00,19.06,18.30,18.34,555000,18.34
2011-12-07,19.18,19.35,18.83,19.20,480500,19.20
2011-12-06,19.22,19.42,19.10,19.30,589300,19.30
2011-12-05,19.11,19.57,18.90,19.15,791800,19.15
2011-12-02,18.69,19.15,18.69,18.79,718000,18.79
2011-12-01,18.03,18.53,17.92,18.40,794800,18.40
2011-11-30,17.95,18.11,17.402,18.07,1300400,18.07
2011-11-29,17.45,17.65,17.24,17.33,599400,17.33
2011-11-28,17.40,17.62,17.22,17.40,592000,17.40
2011-11-25,16.98,17.22,16.84,16.85,141900,16.85
2011-11-24,17.04,17.04,17.04,17.04,000,17.04
2011-11-23,17.42,17.42,16.99,17.04,617100,17.04
2011-11-22,17.55,17.78,17.28,17.64,583000,17.64
2011-11-21,17.85,17.93,17.35,17.62,636900,17.62
2011-11-18,18.50,18.79,18.11,18.22,324700,18.22
2011-11-17,19.02,19.02,18.32,18.47,520500,18.47
2011-11-16,19.08,19.55,18.76,19.08,585400,19.08
2011-11-15,18.77,19.37,18.59,19.24,339300,19.24
2011-11-14,19.15,19.27,18.79,18.95,408100,18.95
2011-11-11,19.25,19.42,19.06,19.22,587800,19.22
2011-11-10,18.73,19.135,18.36,19.06,1034600,19.06
2011-11-09,19.00,19.09,18.37,18.42,738100,18.42
2011-11-08,19.53,19.74,19.20,19.51,579400,19.51
2011-11-07,19.44,19.55,18.87,19.30,679900,19.30
2011-11-04,19.79,20.12,18.81,19.48,2040400,19.48
2011-11-03,17.43,18.30,17.35,18.01,1470500,18.01
2011-11-02,17.13,17.42,16.86,17.15,460300,17.15
2011-11-01,16.94,17.19,16.50,16.85,735600,16.85
2011-10-31,18.08,18.22,17.57,17.59,637200,17.59
2011-10-28,18.71,18.82,18.15,18.34,991600,18.34
2011-10-27,18.60,19.10,18.54,18.74,852500,18.74
2011-10-26,17.86,18.08,17.37,17.97,284200,17.97
2011-10-25,17.96,18.06,17.54,17.60,425300,17.60
2011-10-24,17.63,18.05,17.58,18.02,756800,18.02
2011-10-21,17.76,17.84,17.38,17.53,643700,17.53
2011-10-20,17.47,17.7249,16.94,17.45,305600,17.45
2011-10-19,17.91,18.13,17.34,17.43,488400,17.43
2011-10-18,17.33,18.00,17.25,17.91,752400,17.91
2011-10-17,17.95,18.0983,17.37,17.46,350400,17.46
2011-10-14,18.28,18.38,17.71,18.13,453600,18.13
2011-10-13,18.03,18.31,17.57,18.12,497800,18.12
2011-10-12,17.44,18.30,17.24,18.14,896900,18.14
2011-10-11,17.23,17.42,16.98,17.24,618300,17.24
2011-10-10,17.23,17.41,17.03,17.39,654100,17.39
2011-10-07,17.26,17.42,16.70,16.92,487700,16.92
2011-10-06,16.92,17.25,16.74,17.21,421200,17.21
2011-10-05,16.53,16.99,16.07,16.90,629000,16.90
2011-10-04,14.95,16.50,14.67,16.48,1132200,16.48
2011-10-03,15.70,16.04,15.08,15.09,887600,15.09
2011-09-30,16.02,16.34,15.86,15.88,561800,15.88
2011-09-29,16.26,16.51,15.87,16.33,495100,16.33
2011-09-28,16.68,16.79,15.96,15.96,529900,15.96
2011-09-27,16.28,16.91,16.08,16.60,533800,16.60
2011-09-26,15.56,15.97,15.26,15.95,487000,15.95
2011-09-23,14.98,15.51,14.95,15.46,741900,15.46
2011-09-22,15.01,15.30,14.61,15.02,1038900,15.02
2011-09-21,16.03,16.24,15.42,15.45,922200,15.45
2011-09-20,16.49,16.61,15.97,15.97,821300,15.97
2011-09-19,16.94,16.99,16.28,16.48,733700,16.48
2011-09-16,16.95,17.23,16.89,17.22,1461900,17.22
2011-09-15,16.81,16.98,16.58,16.86,758300,16.86
2011-09-14,16.52,16.93,16.26,16.66,482200,16.66
2011-09-13,16.06,16.47,15.95,16.37,447700,16.37
2011-09-12,15.42,16.07,15.39,16.03,431500,16.03
2011-09-09,16.01,16.13,15.50,15.71,427800,15.71
2011-09-08,16.67,16.78,16.11,16.23,458100,16.23
2011-09-07,16.16,16.79,16.14,16.78,487000,16.78
2011-09-06,15.58,15.96,15.27,15.93,793200,15.93
2011-09-02,16.60,16.64,16.10,16.18,536700,16.18
2011-09-01,17.27,17.73,16.88,17.00,711100,17.00
2011-08-31,17.35,17.69,16.96,17.23,1049300,17.23
2011-08-30,17.21,17.32,16.86,17.24,473600,17.24
2011-08-29,16.67,17.35,16.66,17.33,708400,17.33
2011-08-26,15.87,16.48,15.69,16.44,294300,16.44
2011-08-25,16.61,16.79,15.95,16.02,546900,16.02
2011-08-24,16.39,16.60,16.17,16.53,450200,16.53
2011-08-23,15.67,16.48,15.59,16.40,1103300,16.40
2011-08-22,15.83,15.95,15.52,15.59,612400,15.59
2011-08-19,15.58,16.13,15.26,15.43,957000,15.43
2011-08-18,16.57,16.57,15.62,15.80,1060700,15.80
2011-08-17,17.03,17.17,16.81,17.05,529600,17.05
2011-08-16,17.14,17.15,16.59,16.99,507900,16.99
2011-08-15,17.23,17.37,16.99,17.27,431200,17.27
2011-08-12,17.31,17.35,16.87,17.07,501900,17.07
2011-08-11,16.20,17.34,16.06,17.17,967700,17.17
2011-08-10,16.36,16.77,16.04,16.10,914000,16.10
2011-08-09,16.17,16.75,15.58,16.74,1583500,16.74
2011-08-08,16.77,17.28,15.84,15.84,1405100,15.84
2011-08-05,17.73,17.78,17.03,17.33,1705300,17.33
2011-08-04,18.07,18.07,17.59,17.59,1814100,17.59
2011-08-03,18.54,18.64,17.96,18.25,1349300,18.25
2011-08-02,18.65,18.88,18.22,18.23,577500,18.23
2011-08-01,19.23,19.30,18.67,18.81,495600,18.81
2011-07-29,19.06,19.19,18.75,18.98,794300,18.98
2011-07-28,19.24,19.46,19.08,19.18,480600,19.18
2011-07-27,19.71,19.71,19.16,19.19,599500,19.19
2011-07-26,19.62,19.89,19.51,19.75,720100,19.75
2011-07-25,19.54,19.76,19.51,19.65,733800,19.65
2011-07-22,19.69,19.83,19.46,19.79,756400,19.79
2011-07-21,19.69,19.75,19.51,19.61,899200,19.61
2011-07-20,19.60,19.78,19.47,19.65,1530700,19.65
2011-07-19,19.36,19.62,19.36,19.60,1175600,19.60
2011-07-18,19.49,19.50,19.01,19.23,648200,19.23
2011-07-15,19.49,19.61,19.23,19.49,2217400,19.49
2011-07-14,19.72,19.92,19.37,19.48,1089200,19.48
2011-07-13,19.95,19.95,19.55,19.56,999000,19.56
2011-07-12,21.50,21.75,19.74,19.77,4344400,19.77
2011-07-11,22.80,23.03,22.54,22.59,509900,22.59
2011-07-08,22.92,23.06,22.80,23.03,583900,23.03
2011-07-07,23.12,23.36,23.11,23.20,452900,23.20
2011-07-06,22.61,23.08,22.61,23.01,650700,23.01
2011-07-05,22.78,22.88,22.58,22.70,802600,22.70
2011-07-01,22.79,23.01,22.63,22.90,601600,22.90
2011-06-30,22.77,22.96,22.72,22.73,635200,22.73
2011-06-29,22.76,22.77,22.44,22.69,419900,22.69
2011-06-28,22.41,22.80,22.32,22.71,701500,22.71
2011-06-27,22.15,22.47,22.00,22.37,564800,22.37
2011-06-24,22.10,22.55,21.95,22.20,1790300,22.20
2011-06-23,21.62,22.29,21.53,22.23,912700,22.23
2011-06-22,21.73,22.07,21.70,21.90,713700,21.90
2011-06-21,21.45,21.90,21.39,21.87,758000,21.87
2011-06-20,20.97,21.36,20.8561,21.32,498200,21.32
2011-06-17,21.24,21.42,20.97,20.98,1112500,20.98
2011-06-16,20.85,21.155,20.77,21.14,754100,21.14
2011-06-15,20.79,21.16,20.79,20.88,956200,20.88
2011-06-14,21.00,21.14,20.84,20.98,645200,20.98
2011-06-13,21.02,21.25,20.74,20.765,856000,20.765
2011-06-10,21.36,21.39,20.795,20.91,1243500,20.91
2011-06-09,21.55,21.76,21.44,21.49,793200,21.49
2011-06-08,21.59,21.81,21.45,21.56,902200,21.56
2011-06-07,21.75,21.905,21.48,21.72,663900,21.72
2011-06-06,21.66,21.79,21.48,21.65,734800,21.65
2011-06-03,21.74,22.00,21.63,21.69,1013900,21.69
2011-06-02,22.06,22.23,21.90,22.05,415400,22.05
2011-06-01,22.53,22.80,21.97,22.12,1658300,22.12
2011-05-31,22.60,22.70,22.28,22.695,753000,22.695
2011-05-27,22.41,22.55,22.245,22.30,314600,22.30
2011-05-26,22.07,22.34,21.98,22.32,605500,22.32
2011-05-25,21.77,22.17,21.77,22.06,1057000,22.06
2011-05-24,22.24,22.43,21.82,21.90,997600,21.90
2011-05-23,22.40,22.40,22.01,22.23,825400,22.23
2011-05-20,22.64,22.93,22.42,22.81,828100,22.81
2011-05-19,22.85,23.01,22.45,22.83,1137800,22.83
2011-05-18,22.67,22.99,22.54,22.79,771000,22.79
2011-05-17,22.65,22.96,22.12,22.67,1752800,22.67
2011-05-16,22.51,22.64,21.98,22.05,999800,22.05
2011-05-13,22.98,22.98,22.43,22.65,630000,22.65
2011-05-12,22.49,22.90,22.27,22.84,474300,22.84
2011-05-11,22.92,22.98,22.32,22.58,643700,22.58
2011-05-10,22.91,23.12,22.82,22.95,580400,22.95
2011-05-09,22.17,22.80,21.9031,22.74,946900,22.74
2011-05-06,22.26,22.50,21.95,22.15,995700,22.15
2011-05-05,22.24,22.48,21.92,22.00,1163900,22.00
2011-05-04,21.67,23.32,21.01,22.44,5845500,22.44
2011-05-03,25.40,25.735,24.91,25.23,1091500,25.23
2011-05-02,25.86,26.15,25.55,25.55,1357500,25.55
2011-04-29,25.43,25.78,25.22,25.76,1097600,25.76
2011-04-28,25.17,25.40,25.13,25.34,560600,25.34
2011-04-27,25.06,25.25,25.03,25.25,961700,25.25
2011-04-26,24.92,25.23,24.71,25.08,836400,25.08
2011-04-25,24.76,25.00,24.5205,24.82,682100,24.82
2011-04-21,24.76,24.90,24.65,24.85,456700,24.85
2011-04-20,24.07,24.69,24.07,24.54,1134000,24.54
2011-04-19,23.86,23.99,23.73,23.83,504100,23.83
2011-04-18,24.29,24.2901,23.66,23.82,862500,23.82
2011-04-15,24.33,24.53,24.06,24.44,509500,24.44
2011-04-14,24.44,24.65,24.36,24.43,591100,24.43
2011-04-13,24.10,24.73,24.10,24.58,1008200,24.58
2011-04-12,24.10,24.52,24.10,24.10,852400,24.10
2011-04-11,24.17,24.47,24.17,24.27,591500,24.27
2011-04-08,24.55,24.66,24.15,24.20,428800,24.20
2011-04-07,24.17,24.59,24.13,24.42,872400,24.42
2011-04-06,25.26,25.47,23.80,24.19,2640900,24.19
2011-04-05,25.33,25.755,25.11,25.13,1169500,25.13
2011-04-04,25.47,25.58,25.21,25.43,477500,25.43
2011-04-01,25.57,25.78,25.38,25.55,761500,25.55
2011-03-31,25.11,25.57,25.06,25.40,878900,25.40
2011-03-30,24.94,25.28,24.83,25.08,691600,25.08
2011-03-29,24.61,25.01,24.52,24.91,473500,24.91
2011-03-28,24.67,24.83,24.39,24.58,502600,24.58
2011-03-25,24.46,24.99,24.42,24.72,848100,24.72
2011-03-24,24.11,24.54,24.09,24.40,1420900,24.40
2011-03-23,24.39,24.39,23.65,23.97,2753400,23.97
2011-03-22,24.56,24.63,24.33,24.35,1261900,24.35
2011-03-21,24.63,24.91,24.47,24.48,1186300,24.48
2011-03-18,24.66,24.76,24.34,24.47,978600,24.47
2011-03-17,24.85,24.98,24.46,24.47,785500,24.47
2011-03-16,25.00,25.20,24.46,24.60,1405000,24.60
2011-03-15,25.01,25.30,24.82,25.07,1130500,25.07
2011-03-14,25.47,25.75,25.23,25.67,912700,25.67
2011-03-11,25.83,25.88,25.55,25.73,848500,25.73
2011-03-10,26.53,26.77,25.82,25.91,815000,25.91
2011-03-09,26.41,26.93,26.15,26.90,1175000,26.90
2011-03-08,26.24,26.84,26.15,26.40,895800,26.40
2011-03-07,26.92,27.059,26.18,26.34,786600,26.34
2011-03-04,26.93,27.14,26.22,26.99,1034600,26.99
2011-03-03,26.83,27.42,26.81,27.01,887000,27.01
2011-03-02,26.33,27.03,26.33,26.79,1028900,26.79
2011-03-01,26.96,27.10,26.52,26.56,1149000,26.56
2011-02-28,26.74,26.90,26.62,26.79,1046400,26.79
2011-02-25,26.38,26.90,26.23,26.68,992500,26.68
2011-02-24,25.93,26.80,25.93,26.382,877700,26.382
2011-02-23,26.45,26.69,25.94,25.99,974700,25.99
2011-02-22,26.60,26.96,26.32,26.48,1433500,26.48
2011-02-18,26.67,26.92,26.46,26.83,650900,26.83
2011-02-17,26.30,26.59,26.24,26.58,581700,26.58
2011-02-16,26.46,26.57,26.23,26.29,1148600,26.29
2011-02-15,26.17,26.35,26.13,26.31,932400,26.31
2011-02-14,25.82,26.21,25.67,26.20,580000,26.20
2011-02-11,25.59,25.98,25.38,25.90,925300,25.90
2011-02-10,25.18,25.84,25.15,25.76,965000,25.76
2011-02-09,25.10,25.38,25.09,25.26,870700,25.26
2011-02-08,24.97,25.28,24.97,25.27,1253800,25.27
2011-02-07,25.50,25.555,24.70,25.06,2101400,25.06
2011-02-04,26.49,26.49,24.00,25.48,5984400,25.48
2011-02-03,26.81,26.93,26.43,26.69,518300,26.69
2011-02-02,26.84,27.59,26.80,26.88,807500,26.88
2011-02-01,25.90,26.40,25.90,26.26,449800,26.26
2011-01-31,25.55,25.96,25.45,25.82,517500,25.82
2011-01-28,25.95,26.08,25.36,25.54,572300,25.54
2011-01-27,26.01,26.12,25.74,26.00,478000,26.00
2011-01-26,25.46,26.11,25.32,25.96,901900,25.96
2011-01-25,25.39,25.39,24.90,25.33,1226800,25.33
2011-01-24,26.41,26.48,25.41,25.45,1424500,25.45
2011-01-21,26.85,27.17,26.37,26.435,656900,26.435
2011-01-20,27.37,27.58,26.65,26.76,725500,26.76
2011-01-19,27.91,27.97,27.46,27.57,467300,27.57
2011-01-18,27.84,28.08,27.60,27.94,564100,27.94
2011-01-14,27.72,28.04,27.58,27.995,339400,27.995
2011-01-13,27.90,27.94,27.55,27.71,358200,27.71
2011-01-12,27.97,27.97,27.73,27.85,419100,27.85
2011-01-11,28.00,28.00,27.68,27.73,360400,27.73
2011-01-10,27.51,27.905,27.14,27.85,514300,27.85
2011-01-07,27.75,28.01,27.28,27.67,482600,27.67
2011-01-06,27.90,27.91,27.62,27.7525,310300,27.7525
2011-01-05,27.62,27.975,27.43,27.89,346800,27.89
2011-01-04,27.93,28.00,27.30,27.64,343300,27.64
2011-01-03,27.99,28.47,27.86,27.97,393800,27.97
2010-12-31,27.84,28.0598,27.67,27.74,561500,27.74
2010-12-30,27.73,28.12,27.73,28.00,222600,28.00
2010-12-29,28.09,28.09,27.8106,27.85,290600,27.85
2010-12-28,28.00,28.035,26.73,27.93,387000,27.93
2010-12-27,28.09,28.15,27.52,27.99,345700,27.99
2010-12-23,28.00,28.20,27.95,28.10,234100,28.10
2010-12-22,28.03,28.20,27.89,28.00,299500,28.00
2010-12-21,28.00,28.20,27.80,28.00,562000,28.00
2010-12-20,27.84,27.95,27.64,27.87,355200,27.87
2010-12-17,27.77,27.95,27.47,27.86,1218600,27.86
2010-12-16,27.40,27.73,27.23,27.72,513800,27.72
2010-12-15,27.52,27.94,27.37,27.40,530000,27.40
2010-12-14,27.27,27.64,27.17,27.4775,399800,27.4775
2010-12-13,27.53,27.54,27.24,27.27,678300,27.27
2010-12-10,27.15,27.57,26.86,27.55,789300,27.55
2010-12-09,27.53,27.57,27.10,27.2725,504200,27.2725
2010-12-08,27.38,27.69,27.25,27.40,552000,27.40
2010-12-07,27.55,27.77,27.32,27.43,869700,27.43
2010-12-06,27.07,27.44,26.98,27.29,807900,27.29
2010-12-03,26.75,27.28,26.75,27.17,628800,27.17
2010-12-02,26.34,26.99,26.08,26.83,804600,26.83
2010-12-01,25.72,26.35,25.65,26.26,823400,26.26
2010-11-30,25.08,25.43,24.76,25.30,670500,25.30
2010-11-29,25.56,25.68,25.16,25.32,479400,25.32
2010-11-26,25.14,25.82,25.11,25.75,270500,25.75
2010-11-24,25.51,26.05,25.51,25.93,389200,25.93
2010-11-23,25.41,25.41,24.95,25.37,742600,25.37
2010-11-22,25.47,25.84,25.21,25.73,592000,25.73
2010-11-19,25.60,25.78,25.37,25.39,665800,25.39
2010-11-18,25.50,25.95,25.43,25.62,842100,25.62
2010-11-17,25.21,25.45,25.16,25.19,1519000,25.19
2010-11-16,25.62,25.69,25.00,25.22,1138300,25.22
2010-11-15,26.02,26.12,25.75,25.90,1053000,25.90
2010-11-12,26.01,26.26,25.84,25.97,809800,25.97
2010-11-11,26.14,26.33,25.90,26.22,652700,26.22
2010-11-10,26.14,26.49,25.74,26.45,739800,26.45
2010-11-09,26.66,26.74,26.13,26.22,791300,26.22
2010-11-08,26.52,26.80,26.32,26.65,296000,26.65
2010-11-05,26.55,26.92,26.13,26.70,528900,26.70
2010-11-04,26.50,26.91,26.385,26.68,1022900,26.68
2010-11-03,26.61,26.72,25.86,26.22,1074500,26.22
2010-11-02,26.69,26.88,26.54,26.54,640900,26.54
2010-11-01,26.49,26.59,26.25,26.46,1033100,26.46
2010-10-29,26.60,26.65,26.00,26.22,936000,26.22
2010-10-28,26.40,26.62,25.875,26.26,905500,26.26
2010-10-27,25.72,26.30,25.55,26.29,892700,26.29
2010-10-26,26.25,26.28,25.88,25.91,1169900,25.91
2010-10-25,25.64,26.46,25.60,26.31,1386800,26.31
2010-10-22,24.80,25.84,24.775,25.47,1955800,25.47
2010-10-21,24.64,24.855,24.32,24.80,1777600,24.80
2010-10-20,24.68,24.73,24.45,24.51,813400,24.51
2010-10-19,24.74,24.86,24.3499,24.53,647300,24.53
2010-10-18,24.96,25.33,24.88,25.07,820200,25.07
2010-10-15,25.08,25.11,24.59,25.08,853000,25.08
2010-10-14,24.77,24.99,24.68,24.90,522200,24.90
2010-10-13,24.03,25.00,24.03,24.78,850100,24.78
2010-10-12,24.15,24.29,23.56,23.98,1594200,23.98
2010-10-11,24.80,24.89,24.30,24.34,936800,24.34
2010-10-08,24.33,25.02,24.28,24.79,720600,24.79
2010-10-07,24.55,24.70,24.12,24.28,689100,24.28
2010-10-06,24.90,25.13,24.21,24.39,992900,24.39
2010-10-05,24.49,25.19,24.32,25.01,1200500,25.01
2010-10-04,24.63,24.77,24.10,24.22,469200,24.22
2010-10-01,24.64,24.93,24.39,24.72,736900,24.72
2010-09-30,25.02,25.035,24.34,24.59,1024600,24.59
2010-09-29,24.91,25.03,24.64,24.92,1233900,24.92
2010-09-28,24.74,25.04,24.55,24.92,1184700,24.92
2010-09-27,24.92,24.94,24.48,24.62,1147900,24.62
2010-09-24,24.08,24.85,23.95,24.85,1786700,24.85
2010-09-23,23.71,24.01,23.48,23.75,1400300,23.75
2010-09-22,24.08,24.18,23.60,23.81,1040500,23.81
2010-09-21,23.78,24.34,23.56,24.12,1288900,24.12
2010-09-20,23.38,23.81,23.08,23.80,797200,23.80
2010-09-17,23.29,23.50,22.70,23.36,894400,23.36
2010-09-16,23.08,23.26,22.90,23.09,428300,23.09
2010-09-15,23.02,23.26,22.8001,23.18,698300,23.18
2010-09-14,23.21,23.50,23.07,23.19,461300,23.19
2010-09-13,22.91,23.33,22.81,23.19,1056800,23.19
2010-09-10,23.42,23.42,22.76,22.81,1035200,22.81
2010-09-09,23.51,23.85,23.26,23.30,1349800,23.30
2010-09-08,22.24,23.44,21.30,23.37,1735000,23.37
2010-09-07,22.40,22.57,22.19,22.25,545000,22.25
2010-09-03,22.26,22.62,22.23,22.46,478300,22.46
2010-09-02,21.95,22.21,21.81,22.14,700200,22.14
2010-09-01,21.70,21.97,21.56,21.95,751600,21.95
2010-08-31,21.15,21.59,21.07,21.43,1183700,21.43
2010-08-30,21.42,21.63,21.31,21.34,624900,21.34
2010-08-27,21.23,21.64,21.00,21.55,611300,21.55
2010-08-26,21.21,21.39,20.97,21.10,767300,21.10
2010-08-25,20.65,21.23,20.44,21.16,912000,21.16
2010-08-24,20.65,20.99,20.39,20.80,1013700,20.80
2010-08-23,20.82,21.11,20.77,20.86,1548400,20.86
2010-08-20,19.99,20.82,19.94,20.76,1227600,20.76
2010-08-19,19.80,20.19,19.76,20.12,1057800,20.12
2010-08-18,19.74,19.93,19.49,19.90,480500,19.90
2010-08-17,19.50,19.93,19.35,19.72,493200,19.72
2010-08-16,19.19,19.43,19.05,19.30,387500,19.30
2010-08-13,19.26,19.49,19.15,19.31,481300,19.31
2010-08-12,19.11,19.55,18.84,19.35,897300,19.35
2010-08-11,19.76,19.76,19.325,19.38,814800,19.38
2010-08-10,20.14,20.29,19.85,20.10,663900,20.10
2010-08-09,20.49,20.54,20.21,20.39,585500,20.39
2010-08-06,20.14,20.45,19.95,20.34,528900,20.34
2010-08-05,20.36,20.49,20.22,20.32,539800,20.32
2010-08-04,20.24,20.55,20.20,20.53,1095900,20.53
2010-08-03,20.19,20.34,19.90,20.22,905500,20.22
2010-08-02,20.45,20.53,20.13,20.34,899700,20.34
2010-07-30,20.00,20.695,19.35,20.16,2319200,20.16
2010-07-29,19.36,19.58,18.85,19.25,1898500,19.25
2010-07-28,19.58,19.80,19.25,19.29,928600,19.29
2010-07-27,19.55,19.83,19.41,19.66,916300,19.66
2010-07-26,19.29,19.50,19.15,19.50,786100,19.50
2010-07-23,18.88,19.23,18.79,19.22,1518500,19.22
2010-07-22,18.86,19.05,18.75,18.97,1029800,18.97
2010-07-21,19.00,19.09,18.58,18.65,806900,18.65
2010-07-20,18.43,19.00,18.27,18.90,717000,18.90
2010-07-19,18.57,18.71,18.33,18.67,496100,18.67
2010-07-16,18.94,19.07,18.51,18.54,978700,18.54
2010-07-15,18.96,19.14,18.68,19.08,654900,19.08
2010-07-14,18.97,19.18,18.80,19.00,658600,19.00
2010-07-13,18.60,19.175,18.55,19.07,913600,19.07
2010-07-12,18.41,18.59,18.19,18.42,469100,18.42
2010-07-09,18.41,18.58,18.30,18.51,391500,18.51
2010-07-08,18.43,18.52,18.20,18.39,987200,18.39
2010-07-07,17.95,18.34,17.90,18.34,819600,18.34
2010-07-06,17.92,18.15,17.76,17.89,970500,17.89
2010-07-02,17.99,18.00,17.36,17.82,763200,17.82
2010-07-01,18.01,18.07,17.46,17.86,1395700,17.86
2010-06-30,18.34,18.59,18.03,18.04,1270700,18.04
2010-06-29,18.64,18.72,18.14,18.32,1330600,18.32
2010-06-28,18.92,19.17,18.70,18.90,697900,18.90
2010-06-25,18.85,19.17,18.71,18.85,3336100,18.85
2010-06-24,19.02,19.16,18.71,18.75,760800,18.75
2010-06-23,19.13,19.29,18.86,19.07,782000,19.07
2010-06-22,19.52,19.93,19.07,19.09,964400,19.09
2010-06-21,19.77,19.91,19.31,19.40,829300,19.40
2010-06-18,19.67,19.90,19.49,19.56,1191700,19.56
2010-06-17,19.72,19.85,19.53,19.61,718800,19.61
2010-06-16,19.41,19.75,19.41,19.58,732000,19.58
2010-06-15,19.24,19.62,19.24,19.60,855600,19.60
2010-06-14,19.54,19.66,19.18,19.24,1038500,19.24
2010-06-11,19.03,19.36,18.98,19.35,914200,19.35
2010-06-10,18.89,19.27,18.71,19.17,947400,19.17
2010-06-09,18.51,19.15,18.36,18.58,1846600,18.58
2010-06-08,18.93,19.04,18.40,18.78,2422900,18.78
2010-06-07,19.88,20.15,18.78,18.88,3668300,18.88
2010-06-04,19.70,20.60,19.70,19.89,3302600,19.89
2010-06-03,19.36,20.13,19.34,20.02,2590200,20.02
2010-06-02,18.80,19.50,18.67,19.26,2261000,19.26
2010-06-01,19.13,19.27,18.6625,18.68,2256900,18.68
2010-05-28,19.26,19.62,19.24,19.355,1893000,19.355
2010-05-27,18.50,19.49,18.36,19.36,3373700,19.36
2010-05-26,18.36,18.99,18.01,18.16,1404600,18.16
2010-05-25,18.10,18.16,17.63,18.13,1792200,18.13
2010-05-24,18.42,18.72,18.175,18.49,1719300,18.49
2010-05-21,18.11,18.95,17.81,18.39,3220300,18.39
2010-05-20,18.75,18.94,18.30,18.36,3473300,18.36
2010-05-19,17.71,19.65,17.71,19.29,6974400,19.29
2010-05-18,17.97,18.10,17.60,17.70,1147200,17.70
2010-05-17,17.58,17.99,17.43,17.77,1371100,17.77
2010-05-14,17.70,17.86,17.27,17.49,1319900,17.49
2010-05-13,17.79,18.015,17.66,17.77,1370000,17.77
2010-05-12,17.18,17.81,17.06,17.80,1660500,17.80
2010-05-11,16.86,17.24,16.86,17.10,1179100,17.10
2010-05-10,16.94,17.16,16.74,17.08,1697800,17.08
2010-05-07,16.50,16.59,15.96,16.44,3010600,16.44
2010-05-06,16.40,16.87,15.93,16.59,4296800,16.59
2010-05-05,17.35,17.47,17.18,17.26,1767500,17.26
2010-05-04,17.36,17.45,16.98,17.45,1660800,17.45
2010-05-03,17.54,17.59,17.40,17.50,1248300,17.50
2010-04-30,18.00,18.045,17.53,17.55,1538900,17.55
2010-04-29,18.32,18.35,17.93,17.94,1515700,17.94
2010-04-28,18.29,18.375,18.13,18.24,1383300,18.24
2010-04-27,18.40,18.63,18.20,18.27,1149700,18.27
2010-04-26,18.36,18.74,18.34,18.55,737200,18.55
2010-04-23,18.50,18.50,18.24,18.43,531400,18.43
2010-04-22,18.28,18.48,18.01,18.48,756100,18.48
2010-04-21,18.45,18.52,18.25,18.48,572100,18.48
2010-04-20,18.23,18.68,18.20,18.43,1187600,18.43
2010-04-19,18.19,18.35,18.03,18.23,833700,18.23
2010-04-16,18.26,18.43,18.18,18.28,971000,18.28
2010-04-15,18.20,18.29,17.95,18.26,530000,18.26
2010-04-14,18.16,18.31,18.02,18.29,652400,18.29
2010-04-13,18.20,18.25,17.99,18.16,928400,18.16
2010-04-12,18.19,18.34,18.14,18.29,472500,18.29
2010-04-09,17.98,18.27,17.86,18.25,622700,18.25
2010-04-08,18.00,18.06,17.81,18.02,457700,18.02
2010-04-07,18.06,18.25,18.00,18.02,1053000,18.02
2010-04-06,17.83,17.99,17.75,17.97,682000,17.97
2010-04-05,17.78,18.01,17.65,17.95,374900,17.95
2010-04-01,17.82,17.97,17.53,17.78,541700,17.78
2010-03-31,17.80,18.15,17.71,17.79,863900,17.79
2010-03-30,17.86,17.96,17.73,17.89,390200,17.89
2010-03-29,17.78,17.86,17.64,17.80,393200,17.80
2010-03-26,18.00,18.00,17.69,17.79,389400,17.79
2010-03-25,18.22,18.23,17.93,17.95,756000,17.95
2010-03-24,18.20,18.26,17.98,18.02,459900,18.02
2010-03-23,18.08,18.25,17.94,18.21,584400,18.21
2010-03-22,17.99,18.16,17.93,18.08,756100,18.08
2010-03-19,18.23,18.26,17.83,18.03,1312700,18.03
2010-03-18,18.38,18.50,18.24,18.28,487600,18.28
2010-03-17,18.15,18.48,18.11,18.45,704400,18.45
2010-03-16,18.03,18.16,17.90,18.15,489500,18.15
2010-03-15,18.10,18.19,17.98,18.04,643300,18.04
2010-03-12,18.05,18.16,17.86,18.15,824000,18.15
2010-03-11,17.84,18.06,17.78,18.05,1172700,18.05
2010-03-10,17.98,18.19,17.83,17.89,766900,17.89
2010-03-09,17.89,18.06,17.82,18.05,734600,18.05
2010-03-08,17.86,18.12,17.74,17.90,1226100,17.90
2010-03-05,17.41,17.95,17.3125,17.93,1261300,17.93
2010-03-04,17.26,17.34,17.12,17.33,1065700,17.33
2010-03-03,17.32,17.42,17.21,17.27,736700,17.27
2010-03-02,17.27,17.33,17.18,17.25,761900,17.25
2010-03-01,16.86,17.52,16.76,17.29,1577500,17.29
2010-02-26,16.54,16.99,16.31,16.85,2604400,16.85
2010-02-25,16.46,16.53,16.32,16.51,869100,16.51
2010-02-24,16.59,16.79,16.41,16.68,444900,16.68
2010-02-23,16.61,16.755,16.46,16.52,579500,16.52
2010-02-22,16.73,16.77,16.57,16.68,734100,16.68
2010-02-19,16.77,16.86,16.67,16.72,1025800,16.72
2010-02-18,16.90,17.11,16.66,16.74,1240600,16.74
2010-02-17,16.61,16.89,16.60,16.89,941600,16.89
2010-02-16,16.31,16.65,16.23,16.63,1007200,16.63
2010-02-12,16.02,16.29,15.89,16.27,1644200,16.27
2010-02-11,15.85,16.25,15.75,16.12,1262600,16.12
2010-02-10,16.00,16.02,15.78,15.86,755500,15.86
2010-02-09,15.76,16.04,15.72,15.96,1432600,15.96
2010-02-08,15.86,15.92,15.64,15.74,724800,15.74
2010-02-05,15.99,16.02,15.60,15.87,1467500,15.87
2010-02-04,16.22,16.31,15.93,15.99,2823700,15.99
2010-02-03,15.50,16.53,15.16,16.05,5426100,16.05
2010-02-02,17.13,17.44,16.96,17.36,1301500,17.36
2010-02-01,17.30,17.40,17.19,17.28,767400,17.28
2010-01-29,17.61,17.67,17.22,17.22,856600,17.22
2010-01-28,17.63,17.69,17.32,17.49,956000,17.49
2010-01-27,17.28,17.69,17.24,17.65,847700,17.65
2010-01-26,17.46,17.54,17.27,17.35,738200,17.35
2010-01-25,17.35,17.62,17.22,17.35,732100,17.35
2010-01-22,17.89,17.92,17.22,17.26,770500,17.26
2010-01-21,18.11,18.22,17.64,17.86,736700,17.86
2010-01-20,18.15,18.33,17.80,18.02,809400,18.02
2010-01-19,18.23,18.41,18.14,18.38,561300,18.38
2010-01-15,18.53,18.55,18.12,18.23,763900,18.23
2010-01-14,18.39,18.57,18.35,18.47,608300,18.47
2010-01-13,18.33,18.51,18.27,18.44,889900,18.44
2010-01-12,18.43,18.52,18.15,18.28,706000,18.28
2010-01-11,18.52,18.55,18.28,18.51,626300,18.51
2010-01-08,18.51,18.59,18.35,18.49,716400,18.49
2010-01-07,18.54,18.72,18.39,18.60,969600,18.60
2010-01-06,18.30,18.73,18.23,18.53,1233300,18.53
2010-01-05,18.395,18.44,18.15,18.26,861600,18.26
2010-01-04,18.52,18.57,18.30,18.43,893300,18.43
2009-12-31,18.59,18.73,18.37,18.40,585400,18.40
2009-12-30,18.42,18.63,18.42,18.63,627900,18.63
2009-12-29,18.43,18.52,18.40,18.45,462000,18.45
2009-12-28,18.44,18.63,18.25,18.45,791600,18.45
2009-12-24,18.31,18.50,18.27,18.48,314100,18.48
2009-12-23,18.02,18.34,18.00,18.32,794000,18.32
2009-12-22,17.50,18.02,17.50,18.00,889500,18.00
2009-12-21,17.18,17.515,17.17,17.50,521000,17.50
2009-12-18,17.29,17.33,17.00,17.13,1570900,17.13
2009-12-17,17.17,17.29,16.96,17.13,576300,17.13
2009-12-16,17.31,17.41,17.16,17.23,546600,17.23
2009-12-15,17.28,17.43,17.17,17.28,598800,17.28
2009-12-14,17.26,17.37,17.17,17.37,331600,17.37
2009-12-11,17.22,17.34,17.08,17.28,314700,17.28
2009-12-10,17.33,17.4231,17.19,17.22,645300,17.22
2009-12-09,17.12,17.29,16.965,17.25,906700,17.25
2009-12-08,17.23,17.26,16.99,17.11,894100,17.11
2009-12-07,17.37,17.54,17.28,17.30,641900,17.30
2009-12-04,17.23,17.45,17.08,17.35,511000,17.35
2009-12-03,17.14,17.26,17.05,17.05,643200,17.05
2009-12-02,17.08,17.36,17.06,17.12,604400,17.12
2009-12-01,16.86,17.14,16.86,17.08,1000900,17.08
2009-11-30,16.87,16.87,16.39,16.83,939400,16.83
2009-11-27,16.91,17.09,16.88,16.88,259400,16.88
2009-11-25,17.19,17.31,17.02,17.30,468500,17.30
2009-11-24,17.33,17.37,17.10,17.15,454400,17.15
2009-11-23,17.17,17.58,17.12,17.33,647000,17.33
2009-11-20,16.88,17.10,16.85,17.01,647100,17.01
2009-11-19,17.42,17.42,16.96,17.01,604800,17.01
2009-11-18,17.49,17.49,17.28,17.46,314900,17.46
2009-11-17,17.55,17.60,17.42,17.50,404700,17.50
2009-11-16,17.50,17.60,17.43,17.59,531800,17.59
2009-11-13,17.31,17.52,17.18,17.46,587600,17.46
2009-11-12,17.54,17.655,17.27,17.31,698500,17.31
2009-11-11,17.50,17.68,17.38,17.60,642200,17.60
2009-11-10,17.41,17.50,17.335,17.49,659900,17.49
2009-11-09,17.26,17.41,17.12,17.40,680200,17.40
2009-11-06,17.34,17.43,16.79,17.24,1261700,17.24
2009-11-05,17.81,17.81,17.41,17.48,2810400,17.48
2009-11-04,17.28,17.90,17.14,17.66,2133500,17.66
2009-11-03,16.70,17.36,16.47,17.25,1631700,17.25
2009-11-02,16.80,17.09,16.49,16.65,1048900,16.65
2009-10-30,17.18,17.20,16.74,16.77,1060200,16.77
2009-10-29,16.99,17.36,16.83,17.29,754200,17.29
2009-10-28,17.47,17.47,16.87,16.87,766700,16.87
2009-10-27,17.90,17.90,17.40,17.45,651900,17.45
2009-10-26,17.99,18.09,17.59,17.81,802700,17.81
2009-10-23,17.91,17.98,17.75,17.95,914800,17.95
2009-10-22,17.87,17.89,17.58,17.86,805700,17.86
2009-10-21,18.18,18.50,17.79,17.82,876000,17.82
2009-10-20,18.67,18.67,18.13,18.26,791500,18.26
2009-10-19,18.44,18.68,18.31,18.65,822000,18.65
2009-10-16,18.58,18.68,18.19,18.47,955900,18.47
2009-10-15,18.59,18.82,18.49,18.63,1337300,18.63
2009-10-14,18.25,18.74,18.20,18.71,1414400,18.71
2009-10-13,17.49,18.15,17.33,18.13,1153700,18.13
2009-10-12,18.15,18.25,17.97,18.09,455100,18.09
2009-10-09,17.78,18.14,17.75,18.14,593800,18.14
2009-10-08,17.71,17.94,17.63,17.88,934100,17.88
2009-10-07,17.53,17.62,17.39,17.60,840200,17.60
2009-10-06,17.60,17.89,17.50,17.51,1610600,17.51
2009-10-05,17.10,17.64,16.54,17.64,2478700,17.64
2009-10-02,16.43,16.55,16.17,16.18,904300,16.18
2009-10-01,16.74,16.77,16.35,16.42,990300,16.42
2009-09-30,16.99,17.01,16.67,16.85,1684300,16.85
2009-09-29,17.22,17.27,16.97,16.97,1635500,16.97
2009-09-28,17.00,17.30,16.93,17.15,1088000,17.15
2009-09-25,17.12,17.14,16.92,16.96,815100,16.96
2009-09-24,17.37,17.43,17.02,17.19,604200,17.19
2009-09-23,17.31,17.69,17.25,17.36,977900,17.36
2009-09-22,17.31,17.43,17.16,17.27,709600,17.27
2009-09-21,17.31,17.41,17.1105,17.38,666000,17.38
2009-09-18,17.15,17.41,17.15,17.39,1056400,17.39
2009-09-17,16.89,17.24,16.82,17.13,999100,17.13
2009-09-16,16.94,16.99,16.71,16.97,623200,16.97
2009-09-15,16.62,16.9899,16.62,16.89,934600,16.89
2009-09-14,16.50,16.76,16.50,16.71,612700,16.71
2009-09-11,16.94,16.94,16.47,16.58,1492500,16.58
2009-09-10,16.88,17.00,16.79,16.96,442200,16.96
2009-09-09,16.79,17.00,16.74,16.94,614200,16.94
2009-09-08,16.79,16.85,16.66,16.85,587500,16.85
2009-09-04,16.46,16.85,16.38,16.84,651400,16.84
2009-09-03,16.30,16.45,16.16,16.45,426800,16.45
2009-09-02,16.30,16.53,16.24,16.37,762100,16.37
2009-09-01,16.37,16.88,16.23,16.27,1148700,16.27
2009-08-31,16.43,16.60,16.32,16.49,1051400,16.49
2009-08-28,16.75,16.88,16.41,16.49,869900,16.49
2009-08-27,16.48,16.70,16.24,16.70,714300,16.70
2009-08-26,16.57,16.70,16.34,16.39,1321900,16.39
2009-08-25,16.99,17.02,16.74,16.77,783400,16.77
2009-08-24,16.93,17.035,16.77,16.93,1177400,16.93
2009-08-21,16.57,16.97,16.43,16.95,1383300,16.95
2009-08-20,16.28,16.50,16.20,16.49,788700,16.49
2009-08-19,15.97,16.45,15.95,16.28,1247200,16.28
2009-08-18,15.84,16.20,15.84,16.16,2326900,16.16
2009-08-17,15.85,16.00,15.78,15.89,1089500,15.89
2009-08-14,16.00,16.07,15.77,15.98,1045200,15.98
2009-08-13,16.01,16.10,15.79,16.00,909200,16.00
2009-08-12,15.92,16.25,15.92,16.10,1044300,16.10
2009-08-11,15.74,16.24,15.52,15.97,3606700,15.97
2009-08-10,15.08,15.18,14.77,14.93,1487300,14.93
2009-08-07,15.04,15.34,14.94,15.19,1187100,15.19
2009-08-06,14.82,15.04,14.64,14.84,845700,14.84
2009-08-05,15.04,15.11,14.76,14.85,749700,14.85
2009-08-04,15.00,15.13,14.80,15.10,634000,15.10
2009-08-03,14.82,15.11,14.67,15.08,993800,15.08
2009-07-31,14.69,14.95,14.60,14.74,780000,14.74
2009-07-30,14.96,15.00,14.69,14.74,763900,14.74
2009-07-29,14.75,14.88,14.67,14.82,532400,14.82
2009-07-28,14.48,14.86,14.48,14.83,1044400,14.83
2009-07-27,14.76,14.85,14.585,14.66,590500,14.66
2009-07-24,14.70,14.81,14.49,14.79,895000,14.79
2009-07-23,14.60,14.99,14.59,14.86,1163500,14.86
2009-07-22,14.68,14.86,14.50,14.74,505300,14.74
2009-07-21,14.46,14.70,14.41,14.67,673900,14.67
2009-07-20,14.42,14.49,14.335,14.45,502600,14.45
2009-07-17,14.50,14.50,14.33,14.37,692600,14.37
2009-07-16,14.41,14.50,14.31,14.47,1004600,14.47
2009-07-15,14.00,14.49,14.00,14.48,1469600,14.48
2009-07-14,13.88,14.05,13.85,13.96,1591900,13.96
2009-07-13,14.00,14.10,13.81,13.94,11388900,13.94
2009-07-10,13.97,14.19,13.97,13.98,1713500,13.98
2009-07-09,13.97,14.05,13.80,13.97,852000,13.97
2009-07-08,13.75,13.92,13.675,13.85,1739000,13.85
2009-07-07,13.93,13.95,13.71,13.71,538200,13.71
2009-07-06,13.96,14.01,13.83,13.88,1441200,13.88
2009-07-02,14.45,14.45,13.93,14.06,3698500,14.06
2009-07-01,13.90,14.06,13.78,13.79,587400,13.79
2009-06-30,14.02,14.11,13.89,13.94,1228100,13.94
2009-06-29,13.84,14.06,13.75,14.04,1107100,14.04
2009-06-26,13.81,13.98,13.77,13.82,818000,13.82
2009-06-25,13.71,13.90,13.71,13.88,538200,13.88
2009-06-24,13.69,13.90,13.68,13.77,482700,13.77
2009-06-23,13.75,13.86,13.53,13.60,518500,13.60
2009-06-22,13.75,13.85,13.63,13.64,588200,13.64
2009-06-19,13.83,13.98,13.79,13.85,682600,13.85
2009-06-18,13.87,13.98,13.75,13.82,357900,13.82
2009-06-17,13.73,13.98,13.73,13.92,614800,13.92
2009-06-16,13.82,13.97,13.63,13.75,620400,13.75
2009-06-15,14.02,14.12,13.70,13.86,638100,13.86
2009-06-12,13.88,14.21,13.84,14.16,556400,14.16
2009-06-11,13.96,14.28,13.96,14.04,1125000,14.04
2009-06-10,14.05,14.10,13.76,14.04,908700,14.04
2009-06-09,13.89,14.00,13.81,13.87,515200,13.87
2009-06-08,14.08,14.08,13.75,13.86,436300,13.86
2009-06-05,14.01,14.18,13.97,13.99,501200,13.99
2009-06-04,13.88,14.06,13.76,14.05,678200,14.05
2009-06-03,13.80,13.92,13.66,13.78,1032400,13.78
2009-06-02,13.47,14.33,13.47,13.86,2492600,13.86
2009-06-01,12.96,13.34,12.96,13.24,982000,13.24
2009-05-29,12.75,12.92,12.63,12.92,654000,12.92
2009-05-28,12.61,12.78,12.56,12.70,645000,12.70
2009-05-27,12.75,12.82,12.62,12.62,485600,12.62
2009-05-26,12.50,12.90,12.50,12.87,666500,12.87
2009-05-22,12.64,12.69,12.47,12.55,557500,12.55
2009-05-21,12.60,12.65,12.48,12.60,801900,12.60
2009-05-20,12.75,12.8607,12.61,12.65,1072500,12.65
2009-05-19,12.72,12.78,12.61,12.72,818200,12.72
2009-05-18,12.78,12.87,12.61,12.85,484600,12.85
2009-05-15,12.52,12.825,12.42,12.73,836500,12.73
2009-05-14,12.65,12.71,12.34,12.55,1648900,12.55
2009-05-13,12.73,12.81,12.55,12.56,1633900,12.56
2009-05-12,13.21,13.30,12.42,12.97,4939300,12.97
2009-05-11,14.28,14.44,13.93,13.95,1231200,13.95
2009-05-08,14.31,14.60,14.20,14.44,702500,14.44
2009-05-07,14.55,14.65,14.12,14.25,540600,14.25
2009-05-06,14.76,14.78,14.30,14.48,653100,14.48
2009-05-05,14.59,14.71,14.49,14.57,560800,14.57
2009-05-04,14.40,14.78,14.40,14.69,621000,14.69
2009-05-01,14.54,14.69,14.4575,14.61,860700,14.61
2009-04-30,14.32,14.70,14.32,14.53,1073500,14.53
2009-04-29,13.97,14.50,13.97,14.28,1489300,14.28
2009-04-28,13.85,14.02,13.70,13.97,1165900,13.97
2009-04-27,13.65,14.06,13.60,13.83,1360400,13.83
2009-04-24,13.25,13.53,13.1612,13.41,1080400,13.41
2009-04-23,13.31,13.37,13.07,13.31,576600,13.31
2009-04-22,13.01,13.49,12.95,13.34,956800,13.34
2009-04-21,12.74,13.13,12.64,13.06,1303600,13.06
2009-04-20,13.21,13.23,12.75,12.77,558100,12.77
2009-04-17,13.40,13.45,13.12,13.37,992500,13.37
2009-04-16,13.47,13.48,13.21,13.42,740600,13.42
2009-04-15,13.33,13.50,13.24,13.40,472400,13.40
2009-04-14,13.46,13.62,13.32,13.41,860300,13.41
2009-04-13,13.41,13.69,13.41,13.68,917600,13.68
2009-04-09,13.14,13.68,13.06,13.56,1100700,13.56
2009-04-08,12.71,13.06,12.60,13.05,812800,13.05
2009-04-07,12.98,13.04,12.54,12.59,588800,12.59
2009-04-06,13.27,13.45,12.84,13.08,504000,13.08
2009-04-03,13.21,13.35,13.13,13.35,429300,13.35
2009-04-02,13.07,13.41,12.97,13.28,968100,13.28
2009-04-01,12.68,12.85,12.44,12.77,941800,12.77
2009-03-31,12.77,12.91,12.64,12.68,469400,12.68
2009-03-30,12.50,12.73,12.40,12.65,644400,12.65
2009-03-27,12.76,12.90,12.63,12.75,730400,12.75
2009-03-26,12.58,13.04,12.57,13.04,575900,13.04
2009-03-25,12.58,12.68,12.23,12.58,907600,12.58
2009-03-24,12.54,12.69,12.42,12.44,636700,12.44
2009-03-23,12.35,12.67,12.19,12.67,748200,12.67
2009-03-20,12.60,12.65,12.11,12.14,995800,12.14
2009-03-19,12.69,12.7699,12.41,12.49,727800,12.49
2009-03-18,12.03,12.66,12.03,12.57,1100300,12.57
2009-03-17,11.76,12.06,11.76,12.01,910600,12.01
2009-03-16,12.02,12.14,11.75,11.85,879800,11.85
2009-03-13,11.65,12.04,11.59,11.89,1154300,11.89
2009-03-12,11.01,11.58,10.91,11.57,570400,11.57
2009-03-11,11.02,11.29,10.97,11.03,674600,11.03
2009-03-10,10.58,11.04,10.55,10.99,652800,10.99
2009-03-09,10.88,11.18,10.55,10.58,475400,10.58
2009-03-06,10.59,11.01,10.41,10.99,972500,10.99
2009-03-05,10.71,10.89,10.43,10.44,537300,10.44
2009-03-04,10.79,11.07,10.75,10.93,659100,10.93
2009-03-03,10.56,10.96,10.56,10.86,815100,10.86
2009-03-02,11.41,11.41,10.47,10.54,1563300,10.54
2009-02-27,11.18,11.51,11.10,11.30,1030500,11.30
2009-02-26,11.48,11.67,11.33,11.54,820800,11.54
2009-02-25,11.55,11.62,11.31,11.42,496700,11.42
2009-02-24,11.52,11.69,11.35,11.65,864000,11.65
2009-02-23,11.82,11.8397,11.32,11.36,558200,11.36
2009-02-20,11.74,11.99,11.68,11.72,954100,11.72
2009-02-19,12.16,12.16,11.77,11.81,630800,11.81
2009-02-18,12.24,12.24,11.91,12.07,1244800,12.07
2009-02-17,12.49,12.5397,12.17,12.19,801000,12.19
2009-02-13,12.70,13.03,12.60,12.73,963900,12.73
2009-02-12,12.64,12.79,12.40,12.63,1137200,12.63
2009-02-11,12.85,12.94,12.44,12.73,1133500,12.73
2009-02-10,12.95,13.0581,12.39,12.46,954300,12.46
2009-02-09,12.87,13.09,12.83,13.05,700900,13.05
2009-02-06,12.84,13.16,12.75,12.95,1387500,12.95
2009-02-05,12.90,12.97,12.75,12.89,1335200,12.89
2009-02-04,13.13,13.29,12.83,13.02,960600,13.02
2009-02-03,12.88,13.13,12.69,13.09,991500,13.09
2009-02-02,12.31,12.92,12.30,12.82,1162700,12.82
2009-01-30,12.25,12.58,12.14,12.47,1276700,12.47
2009-01-29,12.76,12.88,12.12,12.28,970200,12.28
2009-01-28,12.90,12.93,12.74,12.83,1178300,12.83
2009-01-27,12.67,12.87,12.54,12.78,735700,12.78
2009-01-26,12.37,12.68,12.30,12.62,769900,12.62
2009-01-23,12.22,12.53,12.13,12.39,1001700,12.39
2009-01-22,12.62,12.78,12.27,12.32,1927600,12.32
2009-01-21,12.58,12.84,12.365,12.81,1862000,12.81
2009-01-20,12.76,12.965,12.38,12.39,1356900,12.39
2009-01-16,13.25,13.39,12.68,12.85,1419900,12.85
2009-01-15,12.97,13.24,12.75,13.24,1057700,13.24
2009-01-14,13.08,13.20,12.86,12.98,1544000,12.98
2009-01-13,12.96,13.16,12.94,13.14,1579000,13.14
2009-01-12,13.03,13.11,12.96,13.01,939600,13.01
2009-01-09,12.95,13.10,12.74,12.99,1095500,12.99
2009-01-08,12.85,13.10,12.72,13.06,637000,13.06
2009-01-07,12.87,13.03,12.64,12.85,1241700,12.85
2009-01-06,13.09,13.30,12.97,13.03,1316800,13.03
2009-01-05,12.89,13.15,12.67,12.91,1334900,12.91
2009-01-02,12.61,12.96,12.50,12.89,1421500,12.89
2008-12-31,12.66,12.74,12.52,12.59,574000,12.59
2008-12-30,12.18,12.63,12.08,12.62,804500,12.62
2008-12-29,12.14,12.21,11.95,12.08,726100,12.08
2008-12-26,12.24,12.24,12.07,12.14,217700,12.14
2008-12-24,12.06,12.21,11.94,12.16,181000,12.16
2008-12-23,12.23,12.30,11.99,12.08,1489300,12.08
2008-12-22,12.00,12.18,11.95,12.14,1692000,12.14
2008-12-19,11.95,12.23,11.93,12.05,1953000,12.05
2008-12-18,12.24,12.24,11.56,11.72,939300,11.72
2008-12-17,12.64,12.665,11.9644,12.17,1139600,12.17
2008-12-16,12.50,12.66,12.11,12.55,1186500,12.55
2008-12-15,12.51,12.52,12.11,12.34,634700,12.34
2008-12-12,12.19,12.51,12.16,12.50,689400,12.50
2008-12-11,12.70,12.88,12.26,12.40,653300,12.40
2008-12-10,13.19,13.30,12.49,12.70,1131800,12.70
2008-12-09,12.84,13.27,12.80,13.14,1477600,13.14
2008-12-08,12.59,13.04,12.47,12.90,1610800,12.90
2008-12-05,12.14,12.47,11.85,12.44,1355500,12.44
2008-12-04,11.90,12.75,11.84,12.26,2084800,12.26
2008-12-03,11.60,12.10,11.51,12.00,1764500,12.00
2008-12-02,12.05,12.22,11.60,11.79,3856900,11.79
2008-12-01,13.14,13.206,12.215,12.26,779800,12.26
2008-11-28,13.06,13.35,12.88,13.35,188100,13.35
2008-11-26,12.78,13.36,12.73,13.20,1166400,13.20
2008-11-25,13.17,13.17,12.35,12.96,1204300,12.96
2008-11-24,12.63,13.17,12.39,13.14,1207400,13.14
2008-11-21,11.54,12.46,11.24,12.46,896400,12.46
2008-11-20,12.11,12.50,11.40,11.42,1530700,11.42
2008-11-19,12.73,13.30,12.24,12.25,645100,12.25
2008-11-18,13.09,13.18,12.31,12.77,747800,12.77
2008-11-17,13.00,13.38,12.73,13.02,455500,13.02
2008-11-14,13.84,13.84,13.01,13.01,680200,13.01
2008-11-13,13.43,14.00,12.69,14.00,1338600,14.00
2008-11-12,13.11,13.61,13.11,13.35,1283300,13.35
2008-11-11,13.22,13.59,13.045,13.32,1062800,13.32
2008-11-10,13.29,13.73,13.21,13.22,1984000,13.22
2008-11-07,13.30,13.39,12.96,13.28,917700,13.28
2008-11-06,13.25,13.64,13.15,13.64,1244300,13.64
2008-11-05,13.58,13.89,13.25,13.32,785400,13.32
2008-11-04,13.62,13.84,13.40,13.79,1196900,13.79
2008-11-03,13.29,13.62,13.23,13.41,1577300,13.41
2008-10-31,12.37,13.50,12.28,13.25,2516700,13.25
2008-10-30,12.20,12.38,11.86,12.09,737800,12.09
2008-10-29,11.99,12.29,11.67,11.98,627600,11.98
2008-10-28,11.10,11.95,10.95,11.94,710500,11.94
2008-10-27,11.32,11.57,10.95,10.98,814200,10.98
2008-10-24,11.33,11.65,11.03,11.34,1006100,11.34
2008-10-23,11.68,11.99,11.09,11.63,1668300,11.63
2008-10-22,12.045,12.18,11.35,11.70,1146700,11.70
2008-10-21,12.31,12.49,12.00,12.10,631100,12.10
2008-10-20,11.93,12.45,11.92,12.43,945300,12.43
2008-10-17,11.85,12.42,11.61,11.90,1108900,11.90
2008-10-16,11.65,12.08,10.90,12.03,1324800,12.03
2008-10-15,11.50,11.70,11.26,11.37,1191100,11.37
2008-10-14,12.64,12.64,11.41,11.66,1159000,11.66
2008-10-13,11.81,12.50,11.60,12.48,1697700,12.48
2008-10-10,11.06,11.90,10.62,11.33,2397600,11.33
2008-10-09,12.34,12.37,11.12,11.12,2744200,11.12
2008-10-08,10.62,11.06,10.31,10.58,1347800,10.58
2008-10-07,11.29,11.45,10.65,10.69,1094700,10.69
2008-10-06,11.57,11.60,10.70,11.28,1972400,11.28
2008-10-03,11.93,12.24,11.64,11.68,1108200,11.68
2008-10-02,12.17,12.40,11.78,11.84,1402200,11.84
2008-10-01,12.68,12.70,12.195,12.27,1197200,12.27
2008-09-30,12.49,12.77,12.46,12.69,1095100,12.69
2008-09-29,13.31,13.31,12.36,12.51,1034300,12.51
2008-09-26,13.13,13.44,13.09,13.41,769900,13.41
2008-09-25,13.59,13.62,13.18,13.31,1943400,13.31
2008-09-24,13.93,14.07,13.50,13.56,946100,13.56
2008-09-23,13.95,14.29,13.83,13.88,568000,13.88
2008-09-22,14.62,14.76,13.90,13.94,883500,13.94
2008-09-19,14.70,14.95,14.47,14.67,2148400,14.67
2008-09-18,14.13,14.45,13.42,14.13,2292300,14.13
2008-09-17,13.98,14.24,13.75,13.85,1817400,13.85
2008-09-16,13.89,14.19,13.59,14.08,1396900,14.08
2008-09-15,13.83,14.32,13.83,13.96,930400,13.96
2008-09-12,14.00,14.11,13.85,14.08,982100,14.08
2008-09-11,14.40,14.49,13.92,14.09,1685200,14.09
2008-09-10,14.45,14.74,14.24,14.53,1409500,14.53
2008-09-09,14.62,14.89,14.26,14.26,1230000,14.26
2008-09-08,14.80,14.94,14.31,14.59,1016000,14.59
2008-09-05,14.25,14.89,14.13,14.63,2272000,14.63
2008-09-04,14.47,14.50,14.075,14.15,1117500,14.15
2008-09-03,14.57,14.70,14.36,14.60,1154000,14.60
2008-09-02,14.98,15.01,14.49,14.59,663100,14.59
2008-08-29,15.02,15.14,14.655,14.79,403200,14.79
2008-08-28,14.95,15.14,14.86,15.13,508900,15.13
2008-08-27,14.68,15.04,14.61,14.95,637200,14.95
2008-08-26,14.59,14.80,14.58,14.71,596100,14.71
2008-08-25,14.85,14.93,14.63,14.72,421400,14.72
2008-08-22,14.87,14.99,14.65,14.91,719600,14.91
2008-08-21,14.71,14.84,14.70,14.78,598400,14.78
2008-08-20,14.71,14.85,14.50,14.84,706800,14.84
2008-08-19,14.66,14.84,14.62,14.84,1025300,14.84
2008-08-18,14.78,14.93,14.63,14.75,1135600,14.75
2008-08-15,14.70,14.79,14.52,14.78,1872800,14.78
2008-08-14,14.15,14.70,14.15,14.60,1322700,14.60
2008-08-13,14.25,14.46,13.94,14.26,1051700,14.26
2008-08-12,14.27,14.34,14.01,14.21,1200000,14.21
2008-08-11,14.16,14.55,14.16,14.28,1676500,14.28
2008-08-08,13.91,14.37,13.83,14.21,1236500,14.21
2008-08-07,13.80,14.15,13.73,13.93,1896000,13.93
2008-08-06,13.52,13.98,13.39,13.78,6492500,13.78
2008-08-05,15.33,15.33,14.43,14.84,2628200,14.84
2008-08-04,15.36,15.57,15.13,15.15,1205400,15.15
2008-08-01,15.20,15.45,14.90,15.34,1756900,15.34
2008-07-31,14.95,15.34,14.90,15.11,744200,15.11
2008-07-30,14.87,15.02,14.71,15.02,610000,15.02
2008-07-29,14.63,14.99,14.50,14.86,731900,14.86
2008-07-28,14.85,14.96,14.46,14.55,655200,14.55
2008-07-25,15.10,15.10,14.785,14.92,583800,14.92
2008-07-24,15.18,15.18,14.76,14.90,459800,14.90
2008-07-23,14.98,15.45,14.97,15.01,588000,15.01
2008-07-22,14.95,15.17,14.95,15.17,928800,15.17
2008-07-21,15.07,15.17,14.91,15.00,494200,15.00
2008-07-18,14.77,15.17,14.68,15.04,1341300,15.04
2008-07-17,14.72,14.93,14.53,14.76,1404700,14.76
2008-07-16,14.57,14.78,14.375,14.63,1001400,14.63
2008-07-15,14.55,14.75,14.30,14.54,1005000,14.54
2008-07-14,15.01,15.01,14.58,14.69,447000,14.69
2008-07-11,14.82,15.14,14.50,14.87,882500,14.87
2008-07-10,14.96,15.505,14.74,14.92,1292300,14.92
2008-07-09,15.11,15.32,14.82,14.88,620000,14.88
2008-07-08,14.83,15.26,14.77,15.20,954300,15.20
2008-07-07,14.79,14.96,14.44,14.78,1183200,14.78
2008-07-03,14.87,15.01,14.65,14.73,417200,14.73
2008-07-02,15.19,15.26,14.81,14.86,869100,14.86
2008-07-01,14.81,15.37,14.76,15.24,1215500,15.24
2008-06-30,15.00,15.23,14.80,14.81,1358200,14.81
2008-06-27,14.94,15.26,14.87,14.93,1745900,14.93
2008-06-26,15.45,15.46,14.90,15.00,885700,15.00
2008-06-25,15.31,15.83,15.28,15.64,827800,15.64
2008-06-24,15.47,15.65,15.21,15.21,1044400,15.21
2008-06-23,15.72,15.74,15.36,15.59,627000,15.59
2008-06-20,15.90,15.90,15.40,15.61,1017800,15.61
2008-06-19,15.74,15.98,15.43,15.97,797100,15.97
2008-06-18,15.84,15.98,15.72,15.74,688600,15.74
2008-06-17,15.87,16.12,15.76,15.86,667100,15.86
2008-06-16,15.99,16.01,15.67,15.87,1422500,15.87
2008-06-13,15.97,16.16,15.88,16.02,686600,16.02
2008-06-12,15.99,16.23,15.79,15.88,759200,15.88
2008-06-11,16.16,16.24,15.69,15.85,1081500,15.85
2008-06-10,16.16,16.34,15.97,16.21,943500,16.21
2008-06-09,16.54,16.54,16.12,16.36,662600,16.36
2008-06-06,16.71,16.85,16.45,16.45,760100,16.45
2008-06-05,16.65,16.85,16.56,16.80,824700,16.80
2008-06-04,16.28,16.68,16.18,16.53,990400,16.53
2008-06-03,16.45,16.62,16.19,16.41,1324300,16.41
2008-06-02,16.45,16.73,16.195,16.42,1927400,16.42
2008-05-30,16.78,17.04,16.69,17.01,1587500,17.01
2008-05-29,16.62,17.12,16.60,16.80,1414900,16.80
2008-05-28,17.09,17.12,16.56,16.68,2270400,16.68
2008-05-27,15.95,16.68,15.86,16.58,1706500,16.58
2008-05-23,16.00,16.10,15.68,15.86,1002500,15.86
2008-05-22,15.97,16.20,15.82,16.10,1282700,16.10
2008-05-21,15.92,16.24,15.74,15.96,2459400,15.96
2008-05-20,15.65,16.04,15.65,15.94,2560600,15.94
2008-05-19,15.38,15.86,15.34,15.81,1956800,15.81
2008-05-16,15.67,15.72,15.23,15.42,1596800,15.42
2008-05-15,15.16,15.70,15.15,15.65,1420300,15.65
2008-05-14,15.03,15.46,14.98,15.19,1541700,15.19
2008-05-13,14.98,15.34,14.92,15.04,3215300,15.04
2008-05-12,14.87,14.99,14.67,14.84,1455000,14.84
2008-05-09,15.08,15.28,14.60,14.82,3911900,14.82
2008-05-08,13.50,13.86,13.36,13.83,1120800,13.83
2008-05-07,13.52,13.76,13.41,13.48,913700,13.48
2008-05-06,13.34,13.71,13.34,13.71,932600,13.71
2008-05-05,13.35,13.59,13.33,13.47,773200,13.47
2008-05-02,13.66,13.66,13.36,13.36,736000,13.36
2008-05-01,13.34,13.69,13.34,13.52,1504800,13.52
2008-04-30,13.59,13.72,13.28,13.32,765100,13.32
2008-04-29,13.60,13.65,13.41,13.52,676600,13.52
2008-04-28,13.97,13.97,13.59,13.60,968200,13.60
2008-04-25,13.69,13.94,13.51,13.88,1227900,13.88
2008-04-24,13.30,13.73,13.25,13.63,1053700,13.63
2008-04-23,13.06,13.33,12.95,13.30,527500,13.30
2008-04-22,13.28,13.28,12.85,12.99,562500,12.99
2008-04-21,13.22,13.40,13.16,13.34,456100,13.34
2008-04-18,13.10,13.43,13.07,13.30,1336800,13.30
2008-04-17,12.79,13.13,12.77,13.10,1753700,13.10
2008-04-16,12.78,12.95,12.56,12.80,1255800,12.80
2008-04-15,12.63,12.75,12.50,12.72,761600,12.72
2008-04-14,12.74,12.83,12.53,12.57,843600,12.57
2008-04-11,12.96,13.00,12.71,12.77,590600,12.77
2008-04-10,12.90,13.29,12.90,13.09,653000,13.09
2008-04-09,13.29,13.35,12.77,12.88,1008600,12.88
2008-04-08,13.17,13.30,13.12,13.25,586400,13.25
2008-04-07,13.35,13.47,13.19,13.30,889900,13.30
2008-04-04,13.51,13.66,13.29,13.39,968500,13.39
2008-04-03,13.22,13.54,13.19,13.47,562100,13.47
2008-04-02,13.39,13.62,13.26,13.35,1323800,13.35
2008-04-01,13.32,13.49,13.17,13.44,1101300,13.44
2008-03-31,12.88,13.18,12.85,13.07,848500,13.07
2008-03-28,13.24,13.29,12.73,12.88,1184200,12.88
2008-03-27,13.30,13.31,13.07,13.11,1397000,13.11
2008-03-26,13.30,13.45,13.14,13.36,1018400,13.36
2008-03-25,13.07,13.42,13.00,13.41,1692600,13.41
2008-03-24,13.00,13.23,12.96,13.09,1749500,13.09
2008-03-20,12.59,13.01,12.51,13.00,2168700,13.00
2008-03-19,13.12,13.22,12.59,12.59,1303900,12.59
2008-03-18,12.51,13.09,12.4799,13.05,1736700,13.05
2008-03-17,12.24,12.51,12.14,12.41,1586100,12.41
2008-03-14,13.00,13.00,12.44,13.00,1884100,13.00
2008-03-13,12.67,12.98,12.58,12.90,2719600,12.90
2008-03-12,12.90,12.96,12.62,12.84,2761000,12.84
2008-03-11,13.04,13.39,12.77,12.89,1981300,12.89
2008-03-10,13.66,13.70,12.53,12.94,2621100,12.94
2008-03-07,13.38,13.69,13.23,13.60,1404100,13.60
2008-03-06,13.87,13.88,13.15,13.50,4001000,13.50
2008-03-05,13.79,14.36,13.71,14.22,1277800,14.22
2008-03-04,13.78,14.07,13.38,13.72,2686400,13.72
2008-03-03,14.10,14.19,13.79,13.92,1316000,13.92
2008-02-29,14.29,14.35,14.10,14.23,880000,14.23
2008-02-28,14.64,14.72,14.09,14.40,1011000,14.40
2008-02-27,14.47,14.82,14.37,14.79,644700,14.79
2008-02-26,14.15,14.68,14.08,14.59,913700,14.59
2008-02-25,14.19,14.35,14.01,14.22,1076200,14.22
2008-02-22,14.56,14.61,14.20,14.34,905000,14.34
2008-02-21,14.67,14.79,14.50,14.57,617300,14.57
2008-02-20,14.36,14.61,14.18,14.56,508400,14.56
2008-02-19,14.58,14.74,14.19,14.25,1057100,14.25
2008-02-15,14.80,14.84,14.46,14.55,867300,14.55
2008-02-14,15.33,15.34,14.80,14.88,936100,14.88
2008-02-13,14.91,15.48,14.80,15.26,1541900,15.26
2008-02-12,14.39,14.80,14.15,14.69,1700700,14.69
2008-02-11,14.18,14.37,14.01,14.29,1165800,14.29
2008-02-08,14.37,14.37,14.08,14.20,1123400,14.20
2008-02-07,14.00,14.44,13.86,14.38,3432400,14.38
2008-02-06,14.00,14.32,13.80,14.00,6443600,14.00
2008-02-05,15.19,15.21,14.56,14.89,1206900,14.89
2008-02-04,15.32,15.49,15.17,15.34,757800,15.34
2008-02-01,14.96,15.31,14.89,15.29,1543800,15.29
2008-01-31,14.82,15.02,14.21,14.95,2714000,14.95
2008-01-30,15.05,15.41,15.01,15.09,1071100,15.09
2008-01-29,15.28,15.34,15.01,15.19,947800,15.19
2008-01-28,15.02,15.31,14.94,15.27,858700,15.27
2008-01-25,15.52,15.83,14.90,14.99,1221000,14.99
2008-01-24,15.01,15.50,14.92,15.31,2236400,15.31
2008-01-23,14.72,15.16,14.29,14.95,1745200,14.95
2008-01-22,15.75,15.85,14.39,15.19,1550500,15.19
2008-01-18,16.18,16.63,15.80,15.98,1054100,15.98
2008-01-17,16.89,16.98,16.15,16.28,904900,16.28
2008-01-16,16.18,17.13,16.14,16.94,1856400,16.94
2008-01-15,16.35,16.53,16.10,16.26,689100,16.26
2008-01-14,16.37,16.80,16.34,16.59,1164400,16.59
2008-01-11,16.50,16.59,16.22,16.34,577100,16.34
2008-01-10,16.51,16.84,16.35,16.65,877400,16.65
2008-01-09,16.48,16.98,16.43,16.72,1159700,16.72
2008-01-08,17.01,17.29,16.52,16.53,1548900,16.53
2008-01-07,17.01,17.49,16.89,17.03,1535900,17.03
2008-01-04,16.40,17.50,16.40,17.30,2650700,17.30
2008-01-03,17.50,18.34,17.50,18.03,1352900,18.03
2008-01-02,18.29,18.37,17.72,17.73,1469000,17.73
2007-12-31,18.52,18.86,17.98,18.44,1269400,18.44
2007-12-28,18.24,18.67,18.24,18.57,745100,18.57
2007-12-27,18.66,18.66,18.06,18.07,508400,18.07
2007-12-26,18.48,18.87,17.97,18.63,911700,18.63
2007-12-24,18.50,18.72,18.09,18.57,340200,18.57
2007-12-21,17.91,18.71,17.91,18.68,1935000,18.68
2007-12-20,16.99,17.65,16.99,17.59,946600,17.59
2007-12-19,16.37,16.82,16.32,16.78,1008500,16.78
2007-12-18,16.66,16.78,16.33,16.43,659200,16.43
2007-12-17,17.11,17.18,16.385,16.49,415000,16.49
2007-12-14,16.95,17.14,16.64,16.71,436600,16.71
2007-12-13,17.19,17.32,16.92,17.06,515700,17.06
2007-12-12,17.43,17.52,17.04,17.34,475600,17.34
2007-12-11,17.25,17.45,17.04,17.06,1008700,17.06
2007-12-10,16.68,17.65,16.59,17.29,1687300,17.29
2007-12-07,16.27,16.76,15.88,16.53,1003000,16.53
2007-12-06,16.13,16.33,15.98,16.18,626500,16.18
2007-12-05,15.77,16.12,15.74,16.03,312500,16.03
2007-12-04,15.73,15.87,15.52,15.56,502700,15.56
2007-12-03,16.11,16.18,15.81,15.82,243300,15.82
2007-11-30,16.55,16.55,15.99,16.17,512100,16.17
2007-11-29,16.39,16.50,16.07,16.37,592800,16.37
2007-11-28,15.80,16.50,15.78,16.42,423200,16.42
2007-11-27,16.09,16.16,15.57,15.61,735800,15.61
2007-11-26,16.40,16.40,15.86,15.89,379900,15.89
2007-11-23,16.23,16.53,16.17,16.43,214800,16.43
2007-11-21,16.23,16.34,15.94,16.19,456000,16.19
2007-11-20,16.42,16.55,15.89,16.30,653000,16.30
2007-11-19,16.53,16.72,16.26,16.47,695900,16.47
2007-11-16,16.69,16.87,16.30,16.72,498600,16.72
2007-11-15,17.02,17.14,16.61,16.65,1065300,16.65
2007-11-14,17.48,17.49,16.92,17.05,1710700,17.05
2007-11-13,16.61,17.14,16.59,16.96,896000,16.96
2007-11-12,16.19,16.69,16.07,16.48,1031700,16.48
2007-11-09,16.60,16.68,16.06,16.18,820800,16.18
2007-11-08,17.73,17.84,16.34,16.73,1080700,16.73
2007-11-07,17.66,17.80,17.46,17.56,1220200,17.56
2007-11-06,17.43,17.78,17.32,17.73,541700,17.73
2007-11-05,17.25,17.56,17.13,17.28,475000,17.28
2007-11-02,17.20,17.58,17.16,17.41,490300,17.41
2007-11-01,17.14,17.34,16.88,17.07,658000,17.07
2007-10-31,17.03,17.73,17.03,17.40,524100,17.40
2007-10-30,17.19,17.29,16.80,17.05,553400,17.05
2007-10-29,17.30,17.33,17.01,17.25,589800,17.25
2007-10-26,17.72,17.85,17.23,17.30,483600,17.30
2007-10-25,17.91,18.14,17.07,17.46,750900,17.46
2007-10-24,17.92,18.10,17.66,17.87,985200,17.87
2007-10-23,17.85,18.10,17.74,18.02,535600,18.02
2007-10-22,17.08,17.98,16.93,17.71,741500,17.71
2007-10-19,17.55,17.67,17.05,17.30,545200,17.30
2007-10-18,17.37,17.65,17.36,17.55,197700,17.55
2007-10-17,17.87,17.87,17.19,17.44,301900,17.44
2007-10-16,17.81,17.89,17.575,17.63,340000,17.63
2007-10-15,18.05,18.06,17.66,17.82,304300,17.82
2007-10-12,17.70,18.01,17.48,18.00,587000,18.00
2007-10-11,17.68,18.10,17.38,17.46,921100,17.46
2007-10-10,17.48,17.88,17.46,17.59,563900,17.59
2007-10-09,17.39,17.77,17.34,17.51,643600,17.51
2007-10-08,17.18,17.38,16.95,17.38,461800,17.38
2007-10-05,17.22,17.32,17.01,17.24,363600,17.24
2007-10-04,16.98,17.15,16.90,17.04,455900,17.04
2007-10-03,17.25,17.48,16.76,16.92,914900,16.92
2007-10-02,17.27,17.52,17.27,17.52,397100,17.52
2007-10-01,17.13,17.67,17.13,17.24,1237500,17.24
2007-09-28,17.02,17.25,16.93,17.16,367500,17.16
2007-09-27,17.05,17.20,16.87,17.06,610000,17.06
2007-09-26,16.84,17.13,16.71,16.98,376800,16.98
2007-09-25,16.57,16.87,16.57,16.75,398600,16.75
2007-09-24,16.75,16.81,16.45,16.64,609600,16.64
2007-09-21,16.73,16.823,16.53,16.78,1037700,16.78
2007-09-20,16.70,16.99,16.34,16.53,721300,16.53
2007-09-19,16.59,16.98,16.38,16.69,1215100,16.69
2007-09-18,16.10,16.53,16.05,16.49,1433300,16.49
2007-09-17,15.53,15.99,15.33,15.96,2605900,15.96
2007-09-14,14.45,14.90,14.33,14.88,623300,14.88
2007-09-13,14.67,14.70,14.42,14.56,349100,14.56
2007-09-12,14.59,14.70,14.49,14.59,302700,14.59
2007-09-11,14.42,14.71,14.34,14.62,421800,14.62
2007-09-10,14.45,14.48,13.96,14.37,701200,14.37
2007-09-07,14.42,14.45,14.20,14.39,1389400,14.39
2007-09-06,14.56,14.62,14.33,14.61,594900,14.61
2007-09-05,14.53,14.62,14.27,14.54,558000,14.54
2007-09-04,14.51,14.70,14.49,14.65,444900,14.65
2007-08-31,14.77,14.80,14.53,14.56,628800,14.56
2007-08-30,14.52,14.79,14.38,14.58,623000,14.58
2007-08-29,14.42,14.71,14.24,14.69,769100,14.69
2007-08-28,14.39,14.43,14.269,14.37,492000,14.37
2007-08-27,14.46,14.55,14.24,14.51,356300,14.51
2007-08-24,14.19,14.53,14.19,14.50,439900,14.50
2007-08-23,14.28,14.38,14.10,14.21,410400,14.21
2007-08-22,14.49,14.52,14.14,14.24,471400,14.24
2007-08-21,14.50,14.64,14.28,14.36,576800,14.36
2007-08-20,14.48,14.65,14.3454,14.60,540700,14.60
2007-08-17,14.80,14.94,14.37,14.47,637900,14.47
2007-08-16,14.39,14.68,14.02,14.30,665800,14.30
2007-08-15,14.79,15.14,14.45,14.46,584100,14.46
2007-08-14,15.00,15.11,14.75,15.11,426500,15.11
2007-08-13,15.19,15.34,14.92,15.34,731300,15.34
2007-08-10,13.76,15.30,13.58,15.14,1884400,15.14
2007-08-09,14.80,15.13,13.97,14.02,1549800,14.02
2007-08-08,15.06,15.40,14.75,14.94,668300,14.94
2007-08-07,14.83,15.03,14.83,15.03,847800,15.03
2007-08-06,14.80,14.95,14.80,14.95,958400,14.95
2007-08-03,15.34,15.42,14.73,14.81,645100,14.81
2007-08-02,15.23,15.48,15.04,15.32,452700,15.32
2007-08-01,14.83,15.22,14.71,15.20,932300,15.20
2007-07-31,15.35,15.71,14.76,14.80,2783600,14.80
2007-07-30,15.56,15.63,15.17,15.20,783800,15.20
2007-07-27,15.92,16.03,15.54,15.54,719000,15.54
2007-07-26,15.97,16.28,15.73,15.99,833000,15.99
2007-07-25,16.35,16.59,15.98,16.22,756200,16.22
2007-07-24,16.49,16.62,16.24,16.25,1057100,16.25
2007-07-23,16.68,16.77,16.49,16.65,1328600,16.65
2007-07-20,16.93,16.93,16.60,16.68,1091800,16.68
2007-07-19,16.63,17.08,16.61,16.97,847600,16.97
2007-07-18,16.38,16.54,16.22,16.50,921900,16.50
2007-07-17,16.17,16.58,16.12,16.50,744000,16.50
2007-07-16,16.20,16.32,16.00,16.15,626000,16.15
2007-07-13,16.48,16.55,16.22,16.27,723200,16.27
2007-07-12,16.42,16.55,16.36,16.50,549900,16.50
2007-07-11,16.17,16.41,16.17,16.41,292200,16.41
2007-07-10,16.46,16.62,16.17,16.62,672900,16.62
2007-07-09,16.50,16.72,16.3501,16.60,541500,16.60
2007-07-06,16.46,16.53,16.31,16.50,201700,16.50
2007-07-05,16.53,16.59,16.50,16.59,331500,16.59
2007-07-03,16.34,16.61,16.29,16.60,124200,16.60
2007-07-02,16.25,16.37,16.09,16.35,729700,16.35
2007-06-29,16.48,16.59,16.07,16.19,516000,16.19
2007-06-28,16.67,16.67,16.34,16.43,926200,16.43
2007-06-27,16.16,16.71,16.10,16.64,682100,16.64
2007-06-26,16.24,16.42,16.10,16.42,529000,16.42
2007-06-25,16.25,16.43,16.09,16.20,525200,16.20
2007-06-22,16.39,16.71,16.17,16.30,633900,16.30
2007-06-21,16.33,16.53,16.168,16.50,484000,16.50
2007-06-20,16.53,16.60,16.37,16.44,571600,16.44
2007-06-19,16.49,16.69,16.32,16.52,767100,16.52
2007-06-18,16.53,16.53,16.19,16.21,579600,16.21
2007-06-15,16.60,16.60,16.23,16.45,1309600,16.45
2007-06-14,16.17,16.48,16.12,16.46,828300,16.46
2007-06-13,15.99,16.24,15.99,16.24,776700,16.24
2007-06-12,16.42,16.42,15.92,16.00,1320100,16.00
2007-06-11,16.47,16.56,16.18,16.55,986800,16.55
2007-06-08,16.27,16.55,16.26,16.52,554200,16.52
2007-06-07,16.71,16.82,16.32,16.33,781700,16.33
2007-06-06,16.91,16.98,16.78,16.82,423800,16.82
2007-06-05,16.93,17.05,16.65,17.03,965900,17.03
2007-06-04,17.17,17.24,16.94,17.15,547300,17.15
2007-06-01,17.29,17.37,17.11,17.37,1089700,17.37
2007-05-31,17.28,17.32,17.12,17.22,484200,17.22
2007-05-30,17.03,17.29,16.93,17.26,1000800,17.26
2007-05-29,16.92,17.11,16.73,17.07,1366400,17.07
2007-05-25,16.59,16.97,16.59,16.86,419900,16.86
2007-05-24,16.92,16.98,16.50,16.58,623300,16.58
2007-05-23,16.98,17.08,16.98,17.08,985400,17.08
2007-05-22,16.88,17.01,16.88,17.01,481900,17.01
2007-05-21,16.55,17.01,16.40,16.94,1244500,16.94
2007-05-18,16.72,16.73,16.43,16.60,1384500,16.60
2007-05-17,16.97,17.05,16.68,16.74,2690400,16.74
2007-05-16,17.03,17.12,17.03,17.12,1124900,17.12
2007-05-15,17.06,17.27,17.00,17.01,700900,17.01
2007-05-14,17.26,17.35,17.02,17.11,908800,17.11
2007-05-11,16.73,17.10,16.66,17.00,681700,17.00
2007-05-10,17.03,17.03,16.54,16.70,561000,16.70
2007-05-09,16.91,17.11,16.71,17.07,485900,17.07
2007-05-08,17.00,17.03,16.69,17.00,404600,17.00
2007-05-07,16.95,17.13,16.93,17.07,627600,17.07
2007-05-04,16.91,16.96,16.79,16.93,537100,16.93
2007-05-03,16.81,16.96,16.63,16.84,418200,16.84
2007-05-02,16.76,17.02,16.71,16.81,714400,16.81
2007-05-01,16.96,16.98,16.56,16.79,952000,16.79
2007-04-30,17.00,17.10,16.91,17.01,1431000,17.01
2007-04-27,17.06,17.15,16.95,17.00,1477900,17.00
2007-04-26,16.95,17.20,16.95,17.20,696900,17.20
2007-04-25,16.86,17.00,16.71,16.85,482200,16.85
2007-04-24,16.99,17.02,16.76,16.87,673400,16.87
2007-04-23,17.20,17.24,16.99,17.24,1250900,17.24
2007-04-20,17.37,17.54,17.19,17.25,1049600,17.25
2007-04-19,17.40,17.45,17.16,17.37,540000,17.37
2007-04-18,17.40,17.72,17.30,17.43,1651700,17.43
2007-04-17,16.87,17.43,16.87,17.43,1571800,17.43
2007-04-16,16.48,16.92,16.47,16.90,780000,16.90
2007-04-13,16.38,16.47,16.20,16.45,490400,16.45
2007-04-12,16.10,16.47,16.10,16.47,265400,16.47
2007-04-11,16.33,16.39,16.09,16.14,905200,16.14
2007-04-10,16.29,16.49,16.29,16.39,173800,16.39
2007-04-09,16.33,16.40,16.05,16.33,399000,16.33
2007-04-05,16.60,16.60,16.15,16.25,707600,16.25
2007-04-04,16.65,16.65,16.36,16.62,363400,16.62
2007-04-03,16.39,16.78,16.35,16.62,527100,16.62
2007-04-02,16.34,16.46,16.22,16.37,258200,16.37
2007-03-30,16.41,16.41,16.17,16.27,423900,16.27
2007-03-29,16.52,16.55,16.17,16.36,378500,16.36
2007-03-28,16.25,16.49,16.11,16.43,639800,16.43
2007-03-27,16.35,16.51,16.28,16.29,601800,16.29
2007-03-26,16.45,16.51,16.28,16.43,822900,16.43
2007-03-23,16.62,16.75,16.47,16.53,325500,16.53
2007-03-22,16.67,16.72,16.47,16.66,444300,16.66
2007-03-21,16.42,16.71,16.36,16.58,485500,16.58
2007-03-20,16.18,16.38,16.18,16.36,322800,16.36
2007-03-19,15.92,16.28,15.91,16.20,781300,16.20
2007-03-16,15.92,16.11,15.80,15.83,598800,15.83
2007-03-15,15.73,15.95,15.69,15.94,392400,15.94
2007-03-14,15.68,15.80,15.53,15.77,457800,15.77
2007-03-13,16.01,16.02,15.60,15.69,870000,15.69
2007-03-12,15.90,16.19,15.85,16.10,272600,16.10
2007-03-09,16.00,16.10,15.87,16.02,365600,16.02
2007-03-08,16.23,16.30,15.95,15.97,724500,15.97
2007-03-07,16.20,16.25,16.04,16.07,414900,16.07
2007-03-06,16.06,16.28,15.97,16.19,601400,16.19
2007-03-05,15.88,16.30,15.85,15.93,749700,15.93
2007-03-02,16.11,16.36,16.05,16.08,714600,16.08
2007-03-01,16.00,16.49,15.83,16.29,618200,16.29
2007-02-28,16.34,16.61,16.32,16.61,996400,16.61
2007-02-27,16.50,16.58,16.19,16.37,1004100,16.37
2007-02-26,16.96,16.97,16.56,16.73,438800,16.73
2007-02-23,16.97,17.08,16.94,17.08,799600,17.08
2007-02-22,16.77,17.05,16.64,17.02,589400,17.02
2007-02-21,16.68,16.84,16.50,16.78,523200,16.78
2007-02-20,16.61,16.75,16.34,16.74,995500,16.74
2007-02-16,16.61,16.81,16.61,16.81,1221600,16.81
2007-02-15,16.53,16.69,16.35,16.61,1409500,16.61
2007-02-14,15.83,16.60,15.83,16.58,2132100,16.58
2007-02-13,15.73,15.91,15.73,15.84,1381400,15.84
2007-02-12,15.45,15.78,15.36,15.76,1578200,15.76
2007-02-09,15.61,15.63,15.25,15.40,712000,15.40
2007-02-08,15.64,15.95,15.54,15.62,1436700,15.62
2007-02-07,15.11,15.52,14.99,15.33,956600,15.33
2007-02-06,15.08,15.15,14.90,15.08,752500,15.08
2007-02-05,15.13,15.14,14.90,15.01,362800,15.01
2007-02-02,14.95,15.40,14.90,15.15,1737800,15.15
2007-02-01,14.98,15.176,14.94,15.176,2367800,15.176
2007-01-31,14.88,15.03,14.76,14.93,824000,14.93
2007-01-30,14.85,15.15,14.82,14.93,1499600,14.93
2007-01-29,14.62,14.96,14.60,14.83,1297900,14.83
2007-01-26,14.63,14.76,14.47,14.64,609200,14.64
2007-01-25,14.69,14.80,14.49,14.63,1170800,14.63
2007-01-24,14.33,14.70,14.25,14.57,703700,14.57
2007-01-23,14.21,14.60,14.18,14.34,548400,14.34
2007-01-22,14.55,14.62,13.98,14.22,1712200,14.22
2007-01-19,14.71,14.79,14.52,14.57,835000,14.57
2007-01-18,15.27,15.30,14.74,14.76,854900,14.76
2007-01-17,15.37,15.50,15.26,15.32,748900,15.32
2007-01-16,15.76,16.00,15.34,15.36,1131600,15.36
2007-01-12,15.30,15.59,15.19,15.39,549300,15.39
2007-01-11,15.24,15.67,15.24,15.67,1341000,15.67
2007-01-10,14.72,15.01,14.72,15.01,585400,15.01
2007-01-09,14.88,14.95,14.73,14.87,702200,14.87
2007-01-08,14.65,15.02,14.65,15.02,1100000,15.02
2007-01-05,14.42,14.72,14.28,14.66,1468200,14.66
2007-01-04,14.55,14.71,14.21,14.47,1336800,14.47
2007-01-03,14.77,14.88,14.17,14.61,1203200,14.61
2006-12-29,14.27,14.67,14.16,14.65,1333800,14.65
2006-12-28,14.405,14.47,14.22,14.25,271600,14.25
2006-12-27,14.28,14.48,14.16,14.43,349100,14.43
2006-12-26,13.98,14.25,13.98,14.25,384300,14.25
2006-12-22,13.80,14.06,13.75,14.02,736800,14.02
2006-12-21,14.12,14.23,13.81,13.82,728900,13.82
2006-12-20,14.10,14.35,14.00,14.12,1088400,14.12
2006-12-19,14.10,14.23,13.93,14.06,766300,14.06
2006-12-18,14.59,14.76,14.05,14.16,647700,14.16
2006-12-15,14.26,14.71,14.26,14.71,1320000,14.71
2006-12-14,14.16,14.42,14.11,14.22,373100,14.22
2006-12-13,13.92,14.13,13.92,14.13,600500,14.13
2006-12-12,13.96,13.96,13.70,13.86,530700,13.86
2006-12-11,14.07,14.07,13.81,13.98,707900,13.98
2006-12-08,14.07,14.33,14.05,14.14,557800,14.14
2006-12-07,14.07,14.19,14.07,14.19,1287200,14.19
2006-12-06,14.28,14.33,13.95,14.00,846700,14.00
2006-12-05,14.59,14.59,14.16,14.25,716700,14.25
2006-12-04,14.26,14.59,14.26,14.59,412300,14.59
2006-12-01,14.30,14.39,14.10,14.26,558900,14.26
2006-11-30,14.36,14.45,14.25,14.30,676000,14.30
2006-11-29,14.37,14.40,14.14,14.33,615300,14.33
2006-11-28,14.27,14.40,14.01,14.25,2056200,14.25
2006-11-27,15.15,15.15,14.50,14.56,1960800,14.56
2006-11-24,15.46,15.70,15.26,15.35,313800,15.35
2006-11-22,15.60,15.74,15.46,15.59,441200,15.59
2006-11-21,15.93,15.96,15.40,15.64,814300,15.64
2006-11-20,15.61,16.04,15.58,15.95,1031600,15.95
2006-11-17,15.44,15.77,15.33,15.71,888400,15.71
2006-11-16,15.66,15.67,15.25,15.46,372000,15.46
2006-11-15,15.66,15.80,15.45,15.59,646900,15.59
2006-11-14,15.58,15.71,15.31,15.70,579900,15.70
2006-11-13,15.51,15.69,15.39,15.55,460700,15.55
2006-11-10,15.50,15.65,15.35,15.55,626000,15.55
2006-11-09,15.61,15.75,15.50,15.57,1184300,15.57
2006-11-08,15.00,15.59,14.90,15.53,1000500,15.53
2006-11-07,15.24,15.66,15.07,15.16,1196800,15.16
2006-11-06,14.98,15.21,14.83,15.18,1411500,15.18
2006-11-03,14.94,15.00,14.85,15.00,1939300,15.00
2006-11-02,14.07,14.47,13.97,14.42,579200,14.42
2006-11-01,14.78,14.80,14.10,14.16,648300,14.16
2006-10-31,14.80,14.98,14.48,14.73,726400,14.73
2006-10-30,14.52,14.86,14.35,14.80,1049400,14.80
2006-10-27,14.50,14.70,14.36,14.60,2123800,14.60
2006-10-26,14.30,14.57,14.00,14.55,705700,14.55
2006-10-25,14.00,14.35,13.985,14.22,993700,14.22
2006-10-24,14.38,14.44,14.00,14.44,1128300,14.44
2006-10-23,14.12,14.51,14.10,14.40,499900,14.40
2006-10-20,14.35,14.35,14.11,14.20,533500,14.20
2006-10-19,14.30,14.39,14.29,14.39,557000,14.39
2006-10-18,14.45,14.63,14.29,14.35,669900,14.35
2006-10-17,14.41,14.45,14.19,14.34,937800,14.34
2006-10-16,14.20,14.58,14.05,14.44,1945800,14.44
2006-10-13,14.26,14.29,14.08,14.09,734400,14.09
2006-10-12,14.29,14.33,13.95,14.29,991100,14.29
2006-10-11,14.25,14.43,14.08,14.17,1006700,14.17
2006-10-10,14.21,14.37,14.09,14.34,1365400,14.34
2006-10-09,14.17,14.33,14.09,14.33,1062900,14.33
2006-10-06,14.24,14.43,13.97,14.23,1119300,14.23
2006-10-05,14.00,14.44,13.93,14.34,2227100,14.34
2006-10-04,13.65,14.01,13.65,14.00,1112900,14.00
2006-10-03,13.33,13.84,13.02,13.73,3270900,13.73
2006-10-02,14.20,14.24,13.34,13.39,1891200,13.39
2006-09-29,14.29,14.42,14.28,14.42,1236900,14.42
2006-09-28,14.45,14.60,14.04,14.32,1429900,14.32
2006-09-27,14.29,14.45,14.29,14.45,849400,14.45
2006-09-26,14.10,14.49,14.04,14.30,1727200,14.30
2006-09-25,13.74,14.13,13.71,14.04,1729400,14.04
2006-09-22,13.95,13.95,13.61,13.95,1381200,13.95
2006-09-21,14.35,14.35,13.91,14.35,2206100,14.35
2006-09-20,14.10,14.37,14.09,14.32,3362000,14.32
2006-09-19,14.01,14.05,13.34,13.83,3057800,13.83
2006-09-18,14.13,14.44,13.88,13.96,3911400,13.96
2006-09-15,14.46,14.47,13.90,13.90,2574200,13.90
2006-09-14,14.40,14.53,14.34,14.35,2934100,14.35
2006-09-13,14.50,14.69,14.33,14.46,2525700,14.46
2006-09-12,14.45,14.63,14.35,14.50,3124500,14.50
2006-09-11,14.67,14.88,14.48,14.88,5203000,14.88
2006-09-08,14.07,14.30,13.89,14.20,1415000,14.20
2006-09-07,13.88,14.24,13.86,13.99,537400,13.99
2006-09-06,13.99,14.06,13.91,14.06,722800,14.06
2006-09-05,14.09,14.13,13.94,14.05,599200,14.05
2006-09-01,14.00,14.16,13.86,14.05,443700,14.05
2006-08-31,14.12,14.30,13.88,13.93,717300,13.93
2006-08-30,13.75,14.11,13.75,14.11,1575800,14.11
2006-08-29,13.45,13.71,13.45,13.71,815900,13.71
2006-08-28,13.00,13.54,12.90,13.47,783300,13.47
2006-08-25,13.10,13.30,12.85,13.03,427300,13.03
2006-08-24,13.04,13.33,13.04,13.33,1533600,13.33
2006-08-23,12.96,13.20,12.94,13.05,1257500,13.05
2006-08-22,13.00,13.06,12.89,12.90,1051900,12.90
2006-08-21,12.89,13.05,12.72,12.94,616500,12.94
2006-08-18,13.08,13.09,12.70,12.97,546800,12.97
2006-08-17,12.69,13.29,12.51,13.02,1195600,13.02
2006-08-16,12.98,12.99,12.64,12.86,939700,12.86
2006-08-15,12.38,12.76,12.38,12.76,1961100,12.76
2006-08-14,12.04,12.40,11.97,12.21,1499400,12.21
2006-08-11,11.55,12.04,11.55,12.04,1467100,12.04
2006-08-10,11.45,11.72,11.17,11.64,2071100,11.64
2006-08-09,11.95,12.36,11.47,12.36,7591100,12.36
2006-08-08,12.75,12.89,12.60,12.70,1321800,12.70
2006-08-07,12.80,12.86,12.49,12.68,2264600,12.68
2006-08-04,13.10,13.33,12.82,12.90,859800,12.90
2006-08-03,13.05,13.24,13.05,13.24,1886100,13.24
2006-08-02,13.25,13.54,13.06,13.21,1066100,13.21
2006-08-01,13.51,13.55,13.16,13.16,634800,13.16
2006-07-31,13.60,13.74,13.44,13.67,578900,13.67
2006-07-28,13.37,13.70,13.32,13.66,649800,13.66
2006-07-27,13.59,14.10,13.25,13.34,883500,13.34
2006-07-26,13.19,13.96,13.19,13.96,1187300,13.96
2006-07-25,12.72,13.11,12.61,12.95,1005700,12.95
2006-07-24,12.21,12.90,12.19,12.69,784400,12.69
2006-07-21,12.32,12.34,12.05,12.15,1075700,12.15
2006-07-20,12.57,12.63,12.33,12.35,453900,12.35
2006-07-19,12.32,12.65,12.31,12.58,656800,12.58
2006-07-18,12.39,12.57,12.35,12.57,773500,12.57
2006-07-17,12.30,12.47,12.30,12.47,638000,12.47
2006-07-14,12.38,12.41,12.17,12.29,1095900,12.29
2006-07-13,12.55,12.56,12.20,12.42,1023000,12.42
2006-07-12,12.78,12.78,12.50,12.62,1536100,12.62
2006-07-11,12.72,12.78,12.45,12.76,2648500,12.76
2006-07-10,12.82,12.90,12.80,12.90,1557700,12.90
2006-07-07,12.63,13.04,12.35,12.78,1259200,12.78
2006-07-06,12.60,13.08,12.46,12.71,3152400,12.71
2006-07-05,12.75,13.09,12.70,12.78,3800400,12.78
2006-07-03,13.95,14.19,13.95,14.18,340000,14.18
2006-06-30,14.36,14.36,13.96,14.00,649600,14.00
2006-06-29,13.61,14.36,13.61,14.25,865700,14.25
2006-06-28,13.60,13.67,13.46,13.57,568000,13.57
2006-06-27,13.79,13.87,13.42,13.56,432000,13.56
2006-06-26,13.81,13.95,13.60,13.76,425900,13.76
2006-06-23,13.45,13.90,13.19,13.74,590100,13.74
2006-06-22,13.40,13.70,13.39,13.58,430500,13.58
2006-06-21,13.19,13.80,13.19,13.80,1111000,13.80
2006-06-20,13.43,13.49,13.20,13.49,408700,13.49
2006-06-19,13.55,13.60,13.47,13.60,917200,13.60
2006-06-16,13.42,13.88,13.42,13.88,1787900,13.88
2006-06-15,13.01,13.52,13.01,13.52,749600,13.52
2006-06-14,12.60,13.03,12.50,12.91,776000,12.91
2006-06-13,12.95,13.07,12.64,13.07,1077500,13.07
2006-06-12,13.33,13.38,12.91,12.97,621000,12.97
2006-06-09,13.57,13.63,13.17,13.28,477000,13.28
2006-06-08,13.46,13.61,13.04,13.51,1157300,13.51
2006-06-07,13.68,13.92,13.44,13.50,994700,13.50
2006-06-06,13.58,13.87,13.38,13.67,1121100,13.67
2006-06-05,13.75,13.84,13.46,13.84,890700,13.84
2006-06-02,14.10,14.10,13.62,13.80,1006400,13.80
2006-06-01,13.75,14.02,13.60,14.00,821900,14.00
2006-05-31,13.70,14.19,13.70,13.88,1074100,13.88
2006-05-30,14.00,14.12,13.56,13.60,976800,13.60
2006-05-26,14.16,14.23,13.90,14.08,659600,14.08
2006-05-25,14.15,14.28,13.88,14.08,947800,14.08
2006-05-24,13.50,13.97,13.40,13.77,2020600,13.77
2006-05-23,13.89,14.13,13.32,14.13,2450700,14.13
2006-05-22,13.85,14.00,13.39,13.72,2357300,13.72
2006-05-19,15.92,15.99,14.00,14.16,9031400,14.16
2006-05-18,15.84,16.43,15.79,15.98,2122700,15.98
2006-05-17,16.30,16.30,15.24,15.50,4177900,15.50
2006-05-16,16.98,17.10,16.70,17.10,529300,17.10
2006-05-15,16.86,17.04,16.66,16.90,515300,16.90
2006-05-12,17.41,17.44,16.84,16.98,578500,16.98
2006-05-11,17.80,17.82,17.23,17.41,681000,17.41
2006-05-10,17.76,17.92,17.60,17.83,781100,17.83
2006-05-09,17.75,17.94,17.47,17.86,937100,17.86
2006-05-08,17.66,17.92,17.53,17.82,628800,17.82
2006-05-05,17.79,18.20,17.18,17.72,2271400,17.72
2006-05-04,17.15,17.45,16.68,17.45,2196600,17.45
2006-05-03,17.15,17.25,17.03,17.23,640900,17.23
2006-05-02,17.00,17.21,17.00,17.21,1083200,17.21
2006-05-01,17.15,17.19,16.88,17.00,1058000,17.00
2006-04-28,16.70,17.27,16.57,17.25,1581200,17.25
2006-04-27,16.52,16.88,16.43,16.65,705000,16.65
2006-04-26,16.55,16.80,16.26,16.52,1083000,16.52
2006-04-25,16.65,16.65,16.07,16.51,886800,16.51
2006-04-24,16.62,16.70,16.30,16.60,513900,16.60
2006-04-21,16.91,16.91,16.36,16.66,917800,16.66
2006-04-20,16.73,16.87,16.46,16.82,649000,16.82
2006-04-19,16.51,16.79,16.50,16.75,429600,16.75
2006-04-18,16.13,16.61,16.10,16.56,659000,16.56
2006-04-17,16.06,16.28,15.96,16.05,828400,16.05
2006-04-13,15.80,16.15,15.56,16.08,362300,16.08
2006-04-12,15.59,15.87,15.50,15.79,573900,15.79
2006-04-11,15.94,16.00,15.47,15.63,1085500,15.63
2006-04-10,16.04,16.13,15.87,15.93,412100,15.93
2006-04-07,16.47,16.58,15.98,16.04,544200,16.04
2006-04-06,16.48,16.48,16.365,16.48,730900,16.48
2006-04-05,16.31,16.55,16.06,16.52,798400,16.52
2006-04-04,16.69,16.77,16.25,16.77,861800,16.77
2006-04-03,16.75,16.91,16.581,16.66,923300,16.66
2006-03-31,16.68,16.95,16.59,16.70,1055300,16.70
2006-03-30,16.55,16.79,16.46,16.67,1020700,16.67
2006-03-29,16.13,16.56,16.13,16.56,737100,16.56
2006-03-28,16.40,16.40,16.09,16.40,589400,16.40
2006-03-27,16.45,16.45,16.11,16.40,377200,16.40
2006-03-24,16.11,16.41,16.11,16.41,597200,16.41
2006-03-23,16.05,16.14,15.80,16.11,431600,16.11
2006-03-22,15.91,16.14,15.73,16.03,590100,16.03
2006-03-21,16.30,16.44,15.90,15.94,840600,15.94
2006-03-20,16.21,16.46,15.92,16.35,701800,16.35
2006-03-17,16.16,16.41,15.90,16.23,1322300,16.23
2006-03-16,16.20,16.44,15.986,16.08,1098500,16.08
2006-03-15,15.77,16.26,15.76,16.21,1448700,16.21
2006-03-14,15.45,15.84,15.41,15.77,981200,15.77
2006-03-13,15.60,15.76,15.44,15.76,1007800,15.76
2006-03-10,15.21,15.62,15.15,15.54,534000,15.54
2006-03-09,15.68,15.69,15.09,15.22,760800,15.22
2006-03-08,15.31,15.76,15.31,15.76,1467300,15.76
2006-03-07,15.43,15.49,15.13,15.30,981000,15.30
2006-03-06,15.50,15.72,15.22,15.50,1088900,15.50
2006-03-03,15.31,15.55,15.15,15.51,986200,15.51
2006-03-02,14.99,15.55,14.98,15.52,1769700,15.52
2006-03-01,14.56,15.16,14.40,15.13,1374200,15.13
2006-02-28,14.90,14.94,14.34,14.57,1282300,14.57
2006-02-27,14.69,14.92,14.69,14.92,1177300,14.92
2006-02-24,15.05,15.07,14.65,14.70,1233600,14.70
2006-02-23,15.20,15.36,14.82,15.07,1084500,15.07
2006-02-22,14.90,15.279,14.65,15.14,1027100,15.14
2006-02-21,15.29,15.29,14.80,14.90,444300,14.90
2006-02-17,15.59,15.59,15.10,15.20,794200,15.20
2006-02-16,15.42,15.77,15.32,15.56,955000,15.56
2006-02-15,14.96,15.49,14.87,15.43,913300,15.43
2006-02-14,14.75,15.02,14.66,15.00,736300,15.00
2006-02-13,14.97,15.20,14.45,14.74,1224300,14.74
2006-02-10,15.25,15.32,14.54,14.97,1224000,14.97
2006-02-09,15.15,15.57,14.88,15.20,2006300,15.20
2006-02-08,15.85,15.98,15.23,15.50,1309600,15.50
2006-02-07,15.65,15.92,15.47,15.69,520100,15.69
2006-02-06,15.92,16.03,15.47,15.67,573600,15.67
2006-02-03,15.59,15.80,15.37,15.80,753600,15.80
2006-02-02,16.02,16.13,15.59,16.13,1082300,16.13
2006-02-01,15.89,16.29,15.71,16.11,1338500,16.11
2006-01-31,16.31,16.31,15.79,15.84,702600,15.84
2006-01-30,16.60,16.69,16.24,16.27,672600,16.27
2006-01-27,16.30,16.70,16.20,16.63,1279800,16.63
2006-01-26,16.35,16.35,16.15,16.28,1309000,16.28
2006-01-25,16.17,16.30,16.05,16.21,1051200,16.21
2006-01-24,15.90,16.14,15.77,16.11,845300,16.11
2006-01-23,15.95,15.98,15.70,15.79,747600,15.79
2006-01-20,16.10,16.15,15.80,15.86,655800,15.86
2006-01-19,15.80,16.11,15.75,16.10,732100,16.10
2006-01-18,15.58,15.82,15.49,15.76,377400,15.76
2006-01-17,15.86,15.86,15.45,15.75,712100,15.75
2006-01-13,15.90,15.93,15.68,15.91,763900,15.91
2006-01-12,16.05,16.07,15.78,15.90,1375600,15.90
2006-01-11,16.40,16.44,15.75,16.01,2622700,16.01
2006-01-10,15.41,15.62,15.41,15.62,712300,15.62
2006-01-09,15.13,15.49,14.95,15.45,864500,15.45
2006-01-06,15.15,15.26,14.82,15.05,877300,15.05
2006-01-05,14.75,15.11,14.40,14.98,1773800,14.98
2006-01-04,14.79,14.79,14.69,14.79,897000,14.79
2006-01-03,14.72,14.95,14.41,14.77,946900,14.77
2005-12-30,14.65,14.77,14.35,14.59,395200,14.59
2005-12-29,14.77,14.97,14.67,14.75,260400,14.75
2005-12-28,14.72,14.89,14.72,14.89,352900,14.89
2005-12-27,15.18,15.23,14.75,14.76,708300,14.76
2005-12-23,15.31,15.34,14.95,15.16,359700,15.16
2005-12-22,15.27,15.31,15.00,15.25,520800,15.25
2005-12-21,15.06,15.20,14.96,15.16,850300,15.16
2005-12-20,14.98,15.19,14.93,15.02,1042300,15.02
2005-12-19,14.99,15.13,14.92,15.01,1326300,15.01
2005-12-16,14.13,15.04,14.06,15.00,2068900,15.00
2005-12-15,14.29,14.30,14.00,14.06,711300,14.06
2005-12-14,14.60,14.60,14.19,14.23,1240500,14.23
2005-12-13,14.65,14.73,14.61,14.73,1694500,14.73
2005-12-12,14.79,14.87,14.65,14.87,970600,14.87
2005-12-09,14.51,14.75,14.50,14.71,582200,14.71
2005-12-08,14.52,14.90,14.45,14.59,1321900,14.59
2005-12-07,15.05,15.07,14.50,14.52,1388800,14.52
2005-12-06,15.13,15.17,14.93,15.05,1432200,15.05
2005-12-05,15.23,15.31,14.96,15.09,1304200,15.09
2005-12-02,15.57,15.67,15.19,15.29,1446400,15.29
2005-12-01,15.85,15.85,15.56,15.65,1434700,15.65
2005-11-30,15.65,15.95,15.57,15.75,1398200,15.75
2005-11-29,15.66,15.71,15.53,15.65,622000,15.65
2005-11-28,15.78,15.80,15.56,15.80,1127100,15.80
2005-11-25,15.80,15.90,15.71,15.79,479400,15.79
2005-11-23,14.95,15.76,14.95,15.74,1895600,15.74
2005-11-22,14.73,15.07,14.72,15.01,927200,15.01
2005-11-21,14.90,14.901,14.68,14.75,673100,14.75
2005-11-18,14.79,14.96,14.64,14.92,817400,14.92
2005-11-17,14.66,14.81,14.62,14.69,542300,14.69
2005-11-16,14.85,14.92,14.56,14.59,1159600,14.59
2005-11-15,14.90,15.03,14.73,14.88,898400,14.88
2005-11-14,14.80,15.25,14.80,14.93,1055600,14.93
2005-11-11,14.80,15.05,14.75,14.87,637700,14.87
2005-11-10,14.77,14.94,14.55,14.83,1657000,14.83
2005-11-09,14.51,14.85,14.45,14.79,1697800,14.79
2005-11-08,14.13,14.80,14.00,14.63,5219300,14.63
2005-11-07,13.85,13.94,13.53,13.55,2989500,13.55
2005-11-04,14.21,14.29,13.55,13.81,2745200,13.81
2005-11-03,14.35,14.39,14.20,14.27,2076100,14.27
2005-11-02,14.00,14.292,13.95,14.26,1263500,14.26
2005-11-01,14.00,14.17,13.78,14.01,883900,14.01
2005-10-31,13.68,14.00,13.54,13.91,1366200,13.91
2005-10-28,13.89,14.07,13.33,13.59,2290000,13.59
2005-10-27,14.32,14.43,13.79,13.83,761800,13.83
2005-10-26,14.17,14.63,14.17,14.38,901500,14.38
2005-10-25,14.30,14.46,14.14,14.26,649300,14.26
2005-10-24,14.34,14.55,14.12,14.30,805000,14.30
2005-10-21,14.15,14.57,14.01,14.31,815900,14.31
2005-10-20,14.25,14.45,14.09,14.21,653300,14.21
2005-10-19,14.19,14.33,13.806,14.25,722200,14.25
2005-10-18,14.75,14.75,14.20,14.23,688400,14.23
2005-10-17,14.65,14.85,14.50,14.73,663700,14.73
2005-10-14,14.22,14.71,14.14,14.67,947000,14.67
2005-10-13,14.25,14.25,13.75,14.13,1132600,14.13
2005-10-12,14.30,14.63,14.11,14.29,571900,14.29
2005-10-11,14.49,14.54,14.20,14.33,637400,14.33
2005-10-10,14.75,14.89,14.28,14.46,464300,14.46
2005-10-07,14.45,14.75,14.40,14.68,531800,14.68
2005-10-06,14.42,14.66,14.27,14.40,555900,14.40
2005-10-05,15.16,15.199,14.43,14.49,764400,14.49
2005-10-04,15.29,15.39,15.14,15.20,613600,15.20
2005-10-03,15.00,15.427,15.00,15.36,635300,15.36
2005-09-30,14.85,15.08,14.61,15.07,437500,15.07
2005-09-29,14.82,14.97,14.52,14.92,752100,14.92
2005-09-28,14.85,14.91,14.62,14.78,475000,14.78
2005-09-27,14.91,14.95,14.69,14.85,791300,14.85
2005-09-26,14.90,14.95,14.66,14.80,656700,14.80
2005-09-23,14.94,14.95,14.60,14.84,938000,14.84
2005-09-22,14.85,15.14,14.70,15.12,821600,15.12
2005-09-21,14.83,15.00,14.64,14.87,547000,14.87
2005-09-20,15.00,15.12,14.83,14.90,548700,14.90
2005-09-19,15.10,15.21,14.84,14.97,930300,14.97
2005-09-16,15.25,15.28,15.20,15.28,782300,15.28
2005-09-15,15.09,15.20,15.05,15.20,796500,15.20
2005-09-14,15.10,15.23,15.03,15.10,876000,15.10
2005-09-13,15.30,15.35,14.95,15.14,662800,15.14
2005-09-12,15.25,15.43,15.20,15.38,552200,15.38
2005-09-09,15.10,15.28,14.97,15.22,924400,15.22
2005-09-08,15.00,15.30,14.95,15.11,1109100,15.11
2005-09-07,14.67,15.11,14.67,15.04,2071900,15.04
2005-09-06,14.44,14.92,14.44,14.70,1084000,14.70
2005-09-02,13.88,14.19,13.88,14.00,557400,14.00
2005-09-01,13.53,14.00,13.53,14.00,737500,14.00
2005-08-31,13.39,13.56,13.25,13.56,469700,13.56
2005-08-30,13.25,13.47,13.23,13.46,664500,13.46
2005-08-29,12.91,13.33,12.88,13.30,339000,13.30
2005-08-26,13.05,13.06,12.80,13.00,556400,13.00
2005-08-25,13.11,13.22,12.97,13.08,572300,13.08
2005-08-24,13.46,13.51,13.08,13.12,682600,13.12
2005-08-23,13.41,13.71,13.41,13.52,490200,13.52
2005-08-22,13.30,13.31,13.18,13.28,401300,13.28
2005-08-19,13.29,13.47,13.22,13.22,349700,13.22
2005-08-18,13.42,13.50,13.37,13.50,316500,13.50
2005-08-17,13.50,13.57,13.44,13.46,657600,13.46
2005-08-16,13.46,13.58,13.41,13.50,667100,13.50
2005-08-15,13.29,13.62,13.05,13.54,449700,13.54
2005-08-12,13.05,13.41,12.84,13.35,863800,13.35
2005-08-11,13.25,13.27,12.994,13.10,1327900,13.10
2005-08-10,13.45,13.61,13.25,13.31,612700,13.31
2005-08-09,13.40,13.55,13.40,13.55,409500,13.55
2005-08-08,13.62,13.85,13.26,13.39,778800,13.39
2005-08-05,13.275,14.14,13.275,14.14,2612800,14.14
2005-08-04,14.49,14.49,14.02,14.24,771800,14.24
2005-08-03,14.39,14.52,14.34,14.45,518200,14.45
2005-08-02,14.45,14.47,14.34,14.47,289700,14.47
2005-08-01,14.25,14.43,14.25,14.41,485400,14.41
2005-07-29,14.11,14.35,14.11,14.35,577600,14.35
2005-07-28,14.15,14.23,13.95,14.14,641800,14.14
2005-07-27,14.25,14.30,14.15,14.30,432500,14.30
2005-07-26,14.01,14.25,14.01,14.22,294500,14.22
2005-07-25,14.13,14.24,14.10,14.16,324100,14.16
2005-07-22,14.37,14.41,14.00,14.25,546100,14.25
2005-07-21,14.74,14.74,14.26,14.40,802700,14.40
2005-07-20,14.10,14.79,14.09,14.74,651400,14.74
2005-07-19,14.60,14.84,14.52,14.83,777000,14.83
2005-07-18,14.51,14.66,14.50,14.50,749900,14.50
2005-07-15,14.48,14.58,14.18,14.49,637900,14.49
2005-07-14,14.60,14.70,14.56,14.70,660000,14.70
2005-07-13,14.61,14.70,14.51,14.59,686500,14.59
2005-07-12,14.245,14.61,14.245,14.61,654400,14.61
2005-07-11,14.15,14.31,14.05,14.29,850400,14.29
2005-07-08,13.95,14.22,13.95,14.22,960100,14.22
2005-07-07,13.77,13.95,13.70,13.93,702700,13.93
2005-07-06,13.84,13.91,13.71,13.87,492100,13.87
2005-07-05,13.55,13.84,13.48,13.84,605900,13.84
2005-07-01,13.66,13.70,13.28,13.69,1135900,13.69
2005-06-30,13.74,13.90,13.57,13.63,400900,13.63
2005-06-29,13.91,14.01,13.75,14.01,2143000,14.01
2005-06-28,13.27,13.66,13.27,13.63,559600,13.63
2005-06-27,13.38,13.44,13.24,13.31,361900,13.31
2005-06-24,13.50,13.64,13.29,13.48,1250500,13.48
2005-06-23,13.55,13.88,13.46,13.47,686900,13.47
2005-06-22,13.78,13.85,13.25,13.54,1712900,13.54
2005-06-21,13.73,14.01,13.69,13.75,1132400,13.75
2005-06-20,13.66,13.76,13.65,13.68,535200,13.68
2005-06-17,13.70,13.84,13.65,13.67,1234400,13.67
2005-06-16,13.38,13.73,13.27,13.71,1371600,13.71
2005-06-15,13.02,13.37,12.95,13.25,1744800,13.25
2005-06-14,13.00,13.03,12.75,12.99,1065300,12.99
2005-06-13,12.93,13.06,12.83,12.97,1506300,12.97
2005-06-10,12.95,13.05,12.918,13.03,618100,13.03
2005-06-09,12.77,12.99,12.68,12.96,530400,12.96
2005-06-08,12.62,12.82,12.60,12.80,462600,12.80
2005-06-07,12.62,12.86,12.55,12.56,292400,12.56
2005-06-06,12.73,12.78,12.60,12.62,308500,12.62
2005-06-03,13.08,13.08,12.75,12.78,592400,12.78
2005-06-02,12.85,13.11,12.82,13.08,609500,13.08
2005-06-01,13.10,13.16,12.85,12.91,646100,12.91
2005-05-31,12.93,13.225,12.90,13.15,441700,13.15
2005-05-27,13.18,13.18,12.87,12.98,136500,12.98
2005-05-26,12.90,13.13,12.90,13.10,408700,13.10
2005-05-25,13.02,13.05,12.83,12.87,352900,12.87
2005-05-24,13.18,13.18,12.97,13.04,563200,13.04
2005-05-23,13.40,13.49,13.16,13.18,780400,13.18
2005-05-20,13.20,13.37,13.06,13.35,376300,13.35
2005-05-19,12.84,13.40,12.84,13.18,1190400,13.18
2005-05-18,12.54,12.96,12.525,12.89,692500,12.89
2005-05-17,12.30,12.61,12.30,12.58,474800,12.58
2005-05-16,12.275,12.47,12.275,12.47,550500,12.47
2005-05-13,12.25,12.42,12.16,12.26,617500,12.26
2005-05-12,12.33,12.45,12.15,12.24,337300,12.24
2005-05-11,12.10,12.44,12.06,12.27,313200,12.27
2005-05-10,12.24,12.30,12.05,12.10,493100,12.10
2005-05-09,12.20,12.48,12.19,12.33,703400,12.33
2005-05-06,12.30,12.42,12.12,12.17,768800,12.17
2005-05-05,11.69,12.43,11.52,12.19,1422200,12.19
2005-05-04,11.93,12.13,11.75,11.78,1076500,11.78
2005-05-03,11.99,12.15,11.93,12.02,576600,12.02
2005-05-02,11.85,12.20,11.85,11.99,1053700,11.99
2005-04-29,11.90,12.20,11.68,11.84,1072300,11.84
2005-04-28,12.02,12.05,11.76,11.81,1031100,11.81
2005-04-27,11.45,11.74,11.45,11.67,595200,11.67
2005-04-26,12.05,12.07,11.44,11.50,1093200,11.50
2005-04-25,11.96,12.26,11.92,12.015,511000,12.015
2005-04-22,12.06,12.10,11.65,11.97,792600,11.97
2005-04-21,11.99,12.17,11.86,12.06,660100,12.06
2005-04-20,12.10,12.30,11.89,11.90,491200,11.90
2005-04-19,11.78,12.16,11.78,12.07,418500,12.07
2005-04-18,11.935,12.07,11.84,12.07,581400,12.07
2005-04-15,12.23,12.34,11.98,11.99,1051800,11.99
2005-04-14,12.50,12.50,12.19,12.33,998500,12.33
2005-04-13,12.64,12.70,12.46,12.47,1003400,12.47
2005-04-12,12.72,12.76,12.47,12.71,943800,12.71
2005-04-11,12.50,12.87,12.49,12.75,849200,12.75
2005-04-08,12.20,12.76,12.06,12.62,2062000,12.62
2005-04-07,12.20,12.41,12.06,12.23,1098700,12.23
2005-04-06,12.55,12.64,12.16,12.30,1106100,12.30
2005-04-05,13.25,13.28,12.23,12.51,2842400,12.51
2005-04-04,13.43,13.48,12.92,13.26,1252700,13.26
2005-04-01,13.94,13.94,13.47,13.56,757400,13.56
2005-03-31,13.80,14.03,13.75,13.84,615700,13.84
2005-03-30,13.65,13.90,13.65,13.89,432900,13.89
2005-03-29,13.75,13.81,13.60,13.66,892800,13.66
2005-03-28,13.94,13.99,13.72,13.74,803800,13.74
2005-03-24,13.63,14.09,13.63,13.93,1002800,13.93
2005-03-23,13.36,13.71,13.35,13.66,927400,13.66
2005-03-22,13.30,13.61,13.26,13.44,897500,13.44
2005-03-21,13.20,13.31,13.05,13.24,246100,13.24
2005-03-18,13.29,13.37,13.05,13.10,534900,13.10
2005-03-17,13.15,13.60,13.10,13.32,1230700,13.32
2005-03-16,13.20,13.33,13.03,13.06,1328200,13.06
2005-03-15,13.50,13.562,13.13,13.20,602700,13.20
2005-03-14,13.40,13.63,13.29,13.38,785700,13.38
2005-03-11,13.40,13.58,13.29,13.35,833400,13.35
2005-03-10,13.47,13.59,13.40,13.46,659100,13.46
2005-03-09,13.40,13.68,13.36,13.48,650200,13.48
2005-03-08,13.42,13.57,13.27,13.38,513300,13.38
2005-03-07,13.64,13.64,13.43,13.47,617600,13.47
2005-03-04,13.67,13.86,13.50,13.58,636000,13.58
2005-03-03,13.54,13.69,13.51,13.56,883900,13.56
2005-03-02,13.55,13.80,13.44,13.52,975000,13.52
2005-03-01,13.64,13.68,13.50,13.58,871000,13.58
2005-02-28,13.63,13.77,13.50,13.57,782800,13.57
2005-02-25,13.84,13.84,13.56,13.61,612000,13.61
2005-02-24,13.90,14.19,13.58,13.77,945900,13.77
2005-02-23,14.04,14.21,13.80,13.89,701100,13.89
2005-02-22,14.18,14.45,13.99,14.04,646200,14.04
2005-02-18,14.35,14.64,14.23,14.28,746800,14.28
2005-02-17,14.60,14.95,14.28,14.37,996300,14.37
2005-02-16,14.80,14.95,14.56,14.65,748700,14.65
2005-02-15,14.87,15.19,14.70,14.91,538700,14.91
2005-02-14,15.18,15.32,14.94,15.12,292300,15.12
2005-02-11,14.90,15.41,14.72,15.25,589200,15.25
2005-02-10,15.29,15.34,14.84,14.88,872600,14.88
2005-02-09,15.45,15.50,15.21,15.28,1272500,15.28
2005-02-08,15.26,15.89,15.00,15.40,631400,15.40
2005-02-07,15.31,15.39,15.05,15.14,500000,15.14
2005-02-04,14.87,15.46,14.86,15.35,910800,15.35
2005-02-03,14.89,15.31,14.38,14.94,3636200,14.94
2005-02-02,14.38,14.38,13.84,13.86,1553700,13.86
2005-02-01,14.15,14.35,13.91,14.25,1044200,14.25
2005-01-31,14.44,14.44,14.08,14.20,930300,14.20
2005-01-28,14.48,14.70,14.17,14.19,855000,14.19
2005-01-27,14.54,14.60,14.29,14.54,878700,14.54
2005-01-26,14.13,14.50,14.08,14.50,774700,14.50
2005-01-25,14.14,14.28,13.93,14.07,946500,14.07
2005-01-24,14.06,14.29,13.86,13.98,763400,13.98
2005-01-21,13.99,14.29,13.77,13.95,599800,13.95
2005-01-20,13.98,14.28,13.87,13.98,465000,13.98
2005-01-19,14.75,14.77,13.99,14.05,1002600,14.05
2005-01-18,14.15,14.74,14.15,14.64,644300,14.64
2005-01-14,13.92,14.36,13.91,14.30,674800,14.30
2005-01-13,13.80,14.00,13.63,13.89,625900,13.89
2005-01-12,13.85,13.94,13.44,13.76,1254500,13.76
2005-01-11,14.33,14.45,13.74,13.75,1521800,13.75
2005-01-10,14.61,14.79,14.35,14.40,793600,14.40
2005-01-07,15.33,15.33,14.46,14.80,933300,14.80
2005-01-06,15.30,15.30,15.07,15.12,462400,15.12
2005-01-05,15.15,15.55,15.10,15.15,719900,15.15
2005-01-04,15.72,15.90,15.01,15.26,1528200,15.26
2005-01-03,15.92,16.15,15.64,15.75,584400,15.75
2004-12-31,16.05,16.17,15.92,15.95,307000,15.95
2004-12-30,16.12,16.23,16.01,16.09,260200,16.09
2004-12-29,16.20,16.35,16.04,16.15,358000,16.15
2004-12-28,15.97,16.38,15.97,16.27,530700,16.27
2004-12-27,16.02,16.24,15.99,16.03,644900,16.03
2004-12-23,16.15,16.15,16.00,16.05,146300,16.05
2004-12-22,15.95,16.12,15.95,16.05,534200,16.05
2004-12-21,15.80,16.07,15.78,16.03,795000,16.03
2004-12-20,16.00,16.15,15.79,15.82,914300,15.82
2004-12-17,16.21,16.21,15.88,16.04,1277600,16.04
2004-12-16,16.28,16.50,16.12,16.20,1258300,16.20
2004-12-15,16.05,16.40,15.99,16.26,742900,16.26
2004-12-14,15.49,16.31,15.40,16.09,1740400,16.09
2004-12-13,14.98,15.49,14.80,15.45,571800,15.45
2004-12-10,14.835,14.95,14.79,14.95,769100,14.95
2004-12-09,14.89,15.05,14.66,14.86,1007200,14.86
2004-12-08,15.08,15.27,14.97,15.02,823600,15.02
2004-12-07,15.56,15.61,15.08,15.08,938000,15.08
2004-12-06,15.70,15.73,15.25,15.58,1032400,15.58
2004-12-03,15.99,16.03,15.53,15.72,624000,15.72
2004-12-02,16.34,16.59,15.58,15.70,878200,15.70
2004-12-01,15.62,16.35,15.58,16.32,979200,16.32
2004-11-30,15.79,16.09,15.47,15.48,874400,15.48
2004-11-29,15.84,16.18,15.58,16.025,1051500,16.025
2004-11-26,15.59,15.90,15.59,15.75,236700,15.75
2004-11-24,15.62,15.75,15.49,15.69,420100,15.69
2004-11-23,15.35,15.61,15.19,15.60,444100,15.60
2004-11-22,15.33,15.44,15.08,15.38,789300,15.38
2004-11-19,15.64,15.77,15.31,15.41,405100,15.41
2004-11-18,15.82,15.95,15.55,15.76,486000,15.76
2004-11-17,15.64,16.00,15.63,15.955,459900,15.955
2004-11-16,15.88,15.90,15.50,15.56,527400,15.56
2004-11-15,15.80,15.95,15.64,15.95,465200,15.95
2004-11-12,15.84,16.00,15.60,15.93,909600,15.93
2004-11-11,14.85,16.02,14.85,16.01,1702800,16.01
2004-11-10,14.995,15.13,14.93,15.13,980500,15.13
2004-11-09,15.01,15.23,14.96,15.06,634400,15.06
2004-11-08,15.20,15.60,14.96,15.11,909600,15.11
2004-11-05,15.25,15.63,15.18,15.39,714800,15.39
2004-11-04,14.90,15.20,14.90,15.20,797000,15.20
2004-11-03,15.15,15.50,14.91,15.01,1576400,15.01
2004-11-02,15.00,15.21,14.91,14.96,1384500,14.96
2004-11-01,14.11,15.11,13.82,15.01,1230500,15.01
2004-10-29,14.56,14.91,14.54,14.67,1266400,14.67
2004-10-28,14.70,14.88,14.33,14.68,3094300,14.68
2004-10-27,12.59,14.58,12.58,13.99,3935700,13.99
2004-10-26,12.85,12.88,12.42,12.65,759300,12.65
2004-10-25,12.80,12.98,12.68,12.80,537700,12.80
2004-10-22,12.82,13.13,12.82,12.86,599500,12.86
2004-10-21,12.70,13.20,12.62,12.95,648700,12.95
2004-10-20,12.43,12.62,12.34,12.60,291600,12.60
2004-10-19,12.87,13.12,12.48,12.56,463400,12.56
2004-10-18,12.19,12.75,12.19,12.71,288000,12.71
2004-10-15,12.13,12.46,12.08,12.20,286900,12.20
2004-10-14,12.39,12.39,12.07,12.16,293000,12.16
2004-10-13,12.60,12.84,12.29,12.33,469600,12.33
2004-10-12,12.41,12.70,12.25,12.60,375700,12.60
2004-10-11,12.29,12.65,12.24,12.64,361000,12.64
2004-10-08,12.55,12.67,12.20,12.34,856300,12.34
2004-10-07,12.79,12.99,12.39,12.63,655600,12.63
2004-10-06,12.36,12.92,12.27,12.905,1120400,12.905
2004-10-05,12.03,12.41,11.96,12.33,511600,12.33
2004-10-04,11.91,12.84,11.86,12.37,2108200,12.37
2004-10-01,11.26,11.72,11.19,11.69,820000,11.69
2004-09-30,11.10,11.25,11.02,11.12,529500,11.12
2004-09-29,10.63,11.09,10.62,11.09,925800,11.09
2004-09-28,10.62,10.68,10.43,10.57,1218800,10.57
2004-09-27,10.40,10.89,10.27,10.55,903300,10.55
2004-09-24,10.77,10.86,10.50,10.54,1265200,10.54
2004-09-23,10.98,11.01,10.77,10.89,1138000,10.89
2004-09-22,11.38,11.38,10.92,10.99,947100,10.99
2004-09-21,11.70,11.70,11.40,11.50,777800,11.50
2004-09-20,11.75,11.75,11.50,11.68,573700,11.68
2004-09-17,11.88,12.04,11.51,11.70,879800,11.70
2004-09-16,11.56,12.01,11.53,11.73,951400,11.73
2004-09-15,11.93,11.93,11.21,11.64,1143300,11.64
2004-09-14,11.90,12.20,11.90,12.13,1636200,12.13
2004-09-13,11.26,12.05,11.18,12.00,2117900,12.00
2004-09-10,10.36,11.275,10.27,11.27,2052400,11.27
2004-09-09,10.00,10.33,9.84,10.25,524700,10.25
2004-09-08,9.88,10.14,9.88,9.98,367800,9.98
2004-09-07,9.85,10.13,9.81,9.94,663600,9.94
2004-09-03,9.85,9.96,9.61,9.70,758600,9.70
2004-09-02,9.93,10.06,9.85,10.00,393200,10.00
2004-09-01,10.15,10.72,9.85,9.90,822700,9.90
2004-08-31,10.18,10.19,10.06,10.11,416100,10.11
2004-08-30,10.39,10.39,10.03,10.15,443300,10.15
2004-08-27,10.38,10.60,10.38,10.41,231200,10.41
2004-08-26,10.48,10.60,10.39,10.42,697000,10.42
2004-08-25,10.35,10.56,10.23,10.49,419700,10.49
2004-08-24,10.32,10.40,10.10,10.38,780100,10.38
2004-08-23,10.05,10.37,10.01,10.30,675400,10.30
2004-08-20,10.00,10.13,9.95,9.98,669700,9.98
2004-08-19,10.01,10.20,9.92,9.95,598000,9.95
