Date,Open,High,Low,Close,Volume,Adj Close
2016-04-15,24.25,24.34,24.23,24.23,6400,24.23
2016-04-14,24.299999,24.299999,24.299999,24.299999,300,24.299999
2016-04-13,24.25,24.25,24.25,24.25,000,24.25
2016-04-12,23.98,24.25,23.969999,24.25,900,24.25
2016-04-11,23.91,23.91,23.91,23.91,000,23.91
2016-04-08,23.93,23.940001,23.91,23.91,1300,23.91
2016-04-07,23.624001,23.624001,23.624001,23.624001,000,23.624001
2016-04-06,23.624001,23.624001,23.624001,23.624001,200,23.624001
2016-04-05,24.360001,24.360001,23.50,23.559999,1000,23.559999
2016-04-04,23.889999,23.898001,23.83,23.848,3700,23.848
2016-04-01,23.84,23.84,23.84,23.84,600,23.84
2016-03-31,23.788,23.788,23.788,23.788,000,23.788
2016-03-30,23.788,23.788,23.788,23.788,000,23.788
2016-03-29,23.788,23.788,23.788,23.788,000,23.788
2016-03-28,23.719999,24.011,23.719999,23.788,3300,23.788
2016-03-24,23.639999,23.639999,23.639999,23.639999,300,23.639999
2016-03-23,23.77,23.77,23.76,23.76,400,23.76
2016-03-22,23.879999,23.93,23.879999,23.93,300,23.93
2016-03-21,23.92,23.92,23.92,23.92,400,23.92
2016-03-18,23.950001,23.950001,23.950001,23.950001,400,23.950001
2016-03-17,23.40,23.40,23.40,23.40,000,23.40
2016-03-16,23.40,23.40,23.40,23.40,000,23.40
2016-03-15,23.389999,23.50,23.389999,23.40,8000,23.40
2016-03-14,23.68,23.68,23.66,23.677,5400,23.677
2016-03-11,23.688999,23.688999,23.679001,23.684999,1100,23.684999
2016-03-10,23.469999,23.469999,23.040001,23.07,1500,23.07
2016-03-09,23.290001,23.370001,23.17,23.17,4400,23.17
2016-03-08,23.10,23.219,23.10,23.219,1200,23.219
2016-03-07,23.290001,23.32,23.290001,23.299999,17800,23.299999
2016-03-04,23.27,23.27,23.209999,23.25,6500,23.25
2016-03-03,22.98,23.049999,22.959999,23.02,13300,23.02
2016-03-02,22.709999,22.709999,22.709999,22.709999,000,22.709999
2016-03-01,22.729,22.729,22.709999,22.709999,6000,22.709999
2016-02-29,22.209999,22.209999,22.209999,22.209999,000,22.209999
2016-02-26,22.209999,22.209999,22.209999,22.209999,000,22.209999
2016-02-25,22.198999,22.219999,22.190001,22.209999,3000,22.209999
2016-02-24,22.059999,22.200001,22.02,22.200001,3200,22.200001
2016-02-23,22.167999,22.179001,22.00,22.179001,44200,22.179001
2016-02-22,22.41,22.41,22.379999,22.379999,500,22.379999
2016-02-19,22.309999,22.309999,22.309999,22.309999,000,22.309999
2016-02-18,22.35,22.35,22.268,22.309999,1100,22.309999
2016-02-17,21.99,22.031,21.99,22.031,300,22.031
2016-02-16,21.940001,22.030001,21.940001,22.030001,7400,22.030001
2016-02-12,21.101999,21.101999,21.101999,21.101999,300,21.101999
2016-02-11,20.962,21.120001,20.952,20.969999,5000,20.969999
2016-02-10,21.323999,21.323999,21.323999,21.323999,000,21.323999
2016-02-09,21.33,21.504999,21.32,21.323999,5800,21.323999
2016-02-08,21.440001,21.450001,21.32,21.32,17800,21.32
2016-02-05,21.889999,21.90,21.870001,21.870001,8800,21.870001
2016-02-04,22.17,22.190001,22.16,22.17,11700,22.17
2016-02-03,22.030001,22.030001,22.030001,22.030001,000,22.030001
2016-02-02,22.219999,22.32,22.030001,22.030001,4300,22.030001
2016-02-01,22.32,22.32,22.32,22.32,000,22.32
2016-01-29,22.32,22.33,22.32,22.32,2900,22.32
2016-01-28,21.868,21.868,21.868,21.868,000,21.868
2016-01-27,21.868,21.868,21.868,21.868,000,21.868
2016-01-26,21.868,21.868,21.868,21.868,000,21.868
2016-01-25,21.868,21.868,21.868,21.868,500,21.868
2016-01-22,21.870001,22.00,21.860001,22.00,9200,22.00
2016-01-21,21.50,21.50,21.32,21.32,10500,21.32
2016-01-20,22.07,22.07,22.07,22.07,000,22.07
2016-01-19,22.07,22.07,22.07,22.07,000,22.07
2016-01-15,22.07,22.07,22.07,22.07,000,22.07
2016-01-14,22.07,22.07,22.07,22.07,000,22.07
2016-01-13,22.82,22.82,22.059999,22.07,1300,22.07
2016-01-12,22.290001,22.290001,22.290001,22.290001,000,22.290001
2016-01-11,22.290001,22.290001,22.290001,22.290001,100,22.290001
2016-01-08,23.26,23.26,23.26,23.26,000,23.26
2016-01-07,23.26,23.26,23.26,23.26,000,23.26
2016-01-06,23.26,23.26,23.26,23.26,000,23.26
2016-01-05,23.239,23.26,23.236,23.26,3100,23.26
2016-01-04,23.26,23.26,23.26,23.26,200,23.26
2015-12-31,23.736,23.736,23.736,23.736,100,23.736
2015-12-30,23.700001,23.700001,23.700001,23.700001,000,23.700001
2015-12-29,23.700001,23.700001,23.700001,23.700001,000,23.700001
2015-12-28,23.700001,23.700001,23.700001,23.700001,800,23.700001
2015-12-24,23.440001,23.440001,23.440001,23.440001,000,23.440001
2015-12-23,23.440001,23.440001,23.440001,23.440001,000,23.440001
2015-12-22,23.440001,23.440001,23.440001,23.440001,000,23.179001
2015-12-21,23.450001,23.450001,23.440001,23.440001,800,23.179001
2015-12-18,23.51,23.51,23.51,23.51,000,23.248221
2015-12-17,23.51,23.51,23.51,23.51,23000,23.248221
2015-12-16,23.66,23.66,23.66,23.66,000,23.39655
2015-12-15,23.620001,23.66,23.620001,23.66,101900,23.39655
2015-12-14,23.290001,23.290001,23.290001,23.290001,000,23.030671
2015-12-11,23.469999,23.469999,23.290001,23.290001,5800,23.030671
2015-12-10,23.892,23.892,23.892,23.892,000,23.625967
2015-12-09,23.892,23.892,23.892,23.892,000,23.625967
2015-12-08,23.892,23.892,23.892,23.892,1200,23.625967
2015-12-07,24.32,24.32,24.32,24.32,000,24.049201
2015-12-04,24.316,24.32,24.316,24.32,1500,24.049201
2015-12-03,24.200001,24.200001,24.200001,24.200001,000,23.930539
2015-12-02,24.200001,24.200001,24.200001,24.200001,000,23.930539
2015-12-01,24.200001,24.200001,24.200001,24.200001,000,23.930539
2015-11-30,24.200001,24.200001,24.200001,24.200001,000,23.930539
2015-11-27,24.200001,24.200001,24.200001,24.200001,000,23.930539
2015-11-25,24.299999,24.299999,24.09,24.200001,700,23.930539
2015-11-24,24.219999,24.219999,24.219999,24.219999,000,23.950314
2015-11-23,24.219999,24.219999,24.219999,24.219999,000,23.950314
2015-11-20,24.219999,24.219999,24.219999,24.219999,1000,23.950314
2015-11-19,23.809999,23.809999,23.809999,23.809999,000,23.54488
2015-11-18,23.809999,23.809999,23.809999,23.809999,000,23.54488
2015-11-17,23.919001,23.919001,23.809999,23.809999,4800,23.54488
2015-11-16,23.719999,23.719999,23.719999,23.719999,000,23.455882
2015-11-13,23.719999,23.719999,23.719999,23.719999,000,23.455882
2015-11-12,23.719999,23.719999,23.719999,23.719999,000,23.455882
2015-11-11,23.719999,23.719999,23.719999,23.719999,000,23.455882
2015-11-10,23.799999,23.799999,23.719999,23.719999,112700,23.455882
2015-11-09,24.200001,24.200001,24.200001,24.200001,000,23.930539
2015-11-06,24.200001,24.200001,24.200001,24.200001,000,23.930539
2015-11-05,24.200001,24.200001,24.200001,24.200001,000,23.930539
2015-11-04,24.200001,24.200001,24.200001,24.200001,000,23.930539
2015-11-03,24.629999,24.629999,24.200001,24.200001,14300,23.930539
2015-11-02,24.587999,24.587999,24.587999,24.587999,200,24.314217
2015-10-30,24.40,24.40,24.40,24.40,800,24.12831
2015-10-29,24.09,24.18,24.09,24.18,500,23.910761
2015-10-28,24.49,24.49,24.417,24.417,1500,24.145121
2015-10-27,24.49,24.51,24.323999,24.43,3500,24.157977
2015-10-26,24.530001,24.530001,24.530001,24.530001,000,24.256864
2015-10-23,24.530001,24.530001,24.530001,24.530001,000,24.256864
2015-10-22,24.475,24.530001,24.475,24.530001,1000,24.256864
2015-10-21,24.25,24.25,24.25,24.25,000,23.979981
2015-10-20,24.25,24.25,24.25,24.25,4000,23.979981
2015-10-19,24.316,24.316,24.166,24.166,2000,23.896917
2015-10-16,24.188,24.188,24.188,24.188,000,23.918671
2015-10-15,24.188,24.188,24.188,24.188,000,23.918671
2015-10-14,24.188,24.188,24.188,24.188,000,23.918671
2015-10-13,24.188,24.188,24.188,24.188,300,23.918671
2015-10-12,23.870001,23.870001,23.870001,23.870001,000,23.604213
2015-10-09,23.870001,23.870001,23.870001,23.870001,000,23.604213
2015-10-08,23.870001,23.870001,23.870001,23.870001,000,23.604213
2015-10-07,23.870001,23.870001,23.870001,23.870001,000,23.604213
2015-10-06,23.870001,23.870001,23.870001,23.870001,000,23.604213
2015-10-05,23.870001,23.870001,23.68,23.870001,1000,23.604213
2015-10-02,22.48,22.48,22.48,22.48,000,22.229689
2015-10-01,22.48,22.48,22.48,22.48,000,22.229689
2015-09-30,22.48,22.48,22.48,22.48,000,22.229689
2015-09-29,22.49,22.49,22.48,22.48,4000,22.229689
2015-09-28,22.76,22.76,22.76,22.76,300,22.506572
2015-09-25,23.129999,23.129999,23.129999,23.129999,100,22.872451
2015-09-24,22.837999,23.01,22.837999,23.01,400,22.753788
2015-09-23,23.00,23.00,23.00,23.00,300,22.7439
2015-09-22,23.299999,23.299999,23.299999,23.299999,000,23.040558
2015-09-21,23.313,23.35,23.299999,23.299999,4000,23.040558
2015-09-18,23.60,23.60,23.60,23.60,200,23.337219
2015-09-17,23.886,23.886,23.886,23.886,000,23.620034
2015-09-16,23.73,23.90,23.73,23.886,1200,23.620034
2015-09-15,23.440001,23.59,23.440001,23.59,2900,23.32733
2015-09-14,23.65,23.65,23.65,23.65,000,23.386662
2015-09-11,23.65,23.65,23.65,23.65,100,23.386662
2015-09-10,23.60,23.60,23.60,23.60,400,23.337219
2015-09-09,23.549999,23.549999,23.549999,23.549999,000,23.287775
2015-09-08,23.566999,23.57,23.549999,23.549999,25000,23.287775
2015-09-04,22.90,22.90,22.889999,22.889999,2000,22.635124
2015-09-03,23.40,24.34,23.40,23.48,2000,23.218554
2015-09-02,23.780001,23.780001,23.780001,23.780001,000,23.515215
2015-09-01,23.780001,23.780001,23.780001,23.780001,000,23.515215
2015-08-31,23.780001,23.780001,23.780001,23.780001,300,23.515215
2015-08-28,23.91,23.91,23.91,23.91,100,23.643767
2015-08-27,23.969999,23.969999,23.969999,23.969999,300,23.703098
2015-08-26,23.610001,23.610001,23.610001,23.610001,500,23.347108
2015-08-25,23.83,23.83,23.83,23.83,000,23.564658
2015-08-24,23.83,23.83,23.83,23.83,000,23.564658
2015-08-21,24.049999,24.049999,23.83,23.83,700,23.564658
2015-08-20,24.559999,24.57,24.559999,24.57,4200,24.296418
2015-08-19,25.440001,25.440001,25.440001,25.440001,000,25.156731
2015-08-18,25.440001,25.440001,25.440001,25.440001,000,25.156731
2015-08-17,25.440001,25.440001,25.440001,25.440001,000,25.156731
2015-08-14,25.120001,25.549999,25.120001,25.440001,19500,25.156731
2015-08-13,25.139999,25.139999,25.139999,25.139999,800,24.86007
2015-08-12,25.059999,25.059999,25.059999,25.059999,900,24.780961
2015-08-11,25.549999,25.549999,25.549999,25.549999,000,25.265505
2015-08-10,25.43,25.549999,25.42,25.549999,3400,25.265505
2015-08-07,25.18,25.33,25.18,25.33,2900,25.047955
2015-08-06,25.17,25.33,25.129999,25.33,74000,25.047955
2015-08-05,25.26,25.27,25.26,25.27,600,24.988624
2015-08-04,25.110001,25.110001,25.110001,25.110001,000,24.830406
2015-08-03,25.110001,25.110001,25.110001,25.110001,000,24.830406
2015-07-31,25.110001,25.110001,25.110001,25.110001,1000,24.830406
2015-07-30,24.950001,24.950001,24.950001,24.950001,1000,24.672187
2015-07-29,24.85,24.85,24.85,24.85,800,24.573301
2015-07-28,25.129999,25.129999,25.129999,25.129999,000,24.850182
2015-07-27,25.129999,25.129999,25.129999,25.129999,000,24.850182
2015-07-24,25.129999,25.129999,25.129999,25.129999,000,24.850182
2015-07-23,25.129999,25.129999,25.129999,25.129999,000,24.850182
2015-07-22,25.129999,25.129999,25.129999,25.129999,000,24.850182
2015-07-21,25.129999,25.129999,25.129999,25.129999,000,24.850182
2015-07-20,25.129999,25.129999,25.129999,25.129999,000,24.850182
2015-07-17,25.129999,25.129999,25.129999,25.129999,000,24.850182
2015-07-16,25.129999,25.129999,25.129999,25.129999,1000,24.850182
2015-07-15,25.023001,25.023001,25.023001,25.023001,000,24.744375
2015-07-14,25.02,25.023001,25.02,25.023001,2100,24.744375
2015-07-13,24.83,24.83,24.83,24.83,000,24.553523
2015-07-10,24.83,24.83,24.83,24.83,200,24.553523
2015-07-09,24.09,24.09,24.09,24.09,000,23.821763
2015-07-08,24.09,24.09,24.09,24.09,200,23.821763
2015-07-07,24.521,24.521,24.521,24.521,400,24.247963
2015-07-06,24.879999,24.879999,24.879999,24.879999,000,24.602965
2015-07-02,25.131001,25.131001,25.131001,25.131001,000,24.851172
2015-07-01,25.131001,25.131001,25.131001,25.131001,200,24.851172
2015-06-30,25.85,25.85,25.85,25.85,000,25.562166
2015-06-29,25.85,25.85,25.85,25.85,000,25.562166
2015-06-26,25.85,25.85,25.85,25.85,000,25.562166
2015-06-25,25.85,25.85,25.85,25.85,000,25.562166
2015-06-24,25.85,25.85,25.85,25.85,000,25.562166
2015-06-23,25.85,25.85,25.85,25.85,200,25.21013
2015-06-22,25.91,25.91,25.91,25.91,700,25.268644
2015-06-19,25.52,25.52,25.52,25.52,000,24.888298
2015-06-18,25.52,25.52,25.52,25.52,000,24.888298
2015-06-17,25.52,25.52,25.52,25.52,000,24.888298
2015-06-16,25.52,25.52,25.52,25.52,000,24.888298
2015-06-15,25.52,25.52,25.52,25.52,000,24.888298
2015-06-12,25.52,25.52,25.52,25.52,000,24.888298
2015-06-11,25.52,25.52,25.52,25.52,000,24.888298
2015-06-10,25.52,25.52,25.52,25.52,000,24.888298
2015-06-09,25.52,25.52,25.52,25.52,000,24.888298
2015-06-08,25.52,25.52,25.52,25.52,000,24.888298
2015-06-05,25.52,25.52,25.52,25.52,000,24.888298
2015-06-04,25.52,25.52,25.52,25.52,000,24.888298
2015-06-03,25.52,25.52,25.52,25.52,000,24.888298
2015-06-02,25.52,25.52,25.52,25.52,000,24.888298
2015-06-01,25.700001,25.700001,25.52,25.52,600,24.888298
2015-05-29,25.780001,25.780001,25.780001,25.780001,000,25.141863
2015-05-28,25.780001,25.780001,25.780001,25.780001,000,25.141863
2015-05-27,25.780001,25.780001,25.780001,25.780001,000,25.141863
2015-05-26,26.139999,26.139999,25.780001,25.780001,10500,25.141863
2015-05-22,26.07,26.15,26.07,26.15,800,25.502703
2015-05-21,26.049999,26.049999,26.049999,26.049999,000,25.405178
2015-05-20,26.049999,26.049999,26.049999,26.049999,000,25.405178
2015-05-19,26.15,26.15,26.049999,26.049999,1500,25.405178
2015-05-18,26.290001,26.360001,26.290001,26.360001,6800,25.707506
2015-05-15,26.370001,26.370001,26.370001,26.370001,1100,25.717259
2015-05-14,26.32,27.41,26.23,26.379999,12500,25.727009
2015-05-13,26.08,26.879999,26.059999,26.879999,17200,26.214633
2015-05-12,26.030001,26.10,26.030001,26.10,2300,25.453942
2015-05-11,25.93,25.93,25.93,25.93,000,25.288149
2015-05-08,25.98,25.98,25.93,25.93,1000,25.288149
2015-05-07,25.57,25.57,25.57,25.57,000,24.93706
2015-05-06,25.549999,25.57,25.549999,25.57,4000,24.93706
2015-05-05,25.73,25.73,25.379999,25.559999,58400,24.927307
2015-05-04,25.940001,25.940001,25.940001,25.940001,100,25.297902
2015-05-01,25.790001,25.790001,25.746,25.746,600,25.108704
2015-04-30,25.84,25.84,25.82,25.82,400,25.180872
2015-04-29,25.93,25.93,25.93,25.93,2500,25.288149
2015-04-28,26.200001,26.200001,26.200001,26.200001,000,25.551467
2015-04-27,26.16,26.200001,26.16,26.200001,400,25.551467
2015-04-24,25.940001,25.940001,25.940001,25.940001,000,25.297902
2015-04-23,25.940001,25.940001,25.940001,25.940001,200,25.297902
2015-04-22,25.809999,25.809999,25.809999,25.809999,000,25.171119
2015-04-21,25.809999,25.809999,25.809999,25.809999,400,25.171119
2015-04-20,25.639999,25.639999,25.639999,25.639999,100,25.005327
2015-04-17,25.76,25.76,25.76,25.76,000,25.122357
2015-04-16,25.76,25.76,25.76,25.76,400,25.122357
2015-04-15,25.799999,25.889999,25.66,25.85,16000,25.21013
2015-04-14,25.709999,25.709999,25.690001,25.690001,600,25.05409
2015-04-13,25.549999,25.549999,25.549999,25.549999,000,24.917555
2015-04-10,25.549999,25.549999,25.549999,25.549999,000,24.917555
2015-04-09,25.549999,25.549999,25.549999,25.549999,500,24.917555
2015-04-08,25.549999,25.549999,25.52,25.52,200,24.888298
2015-04-07,25.48,25.49,25.440001,25.459999,66900,24.829782
2015-04-06,25.450001,25.450001,25.450001,25.450001,600,24.820031
2015-04-02,26.15,26.15,26.15,26.15,100,25.502703
2015-04-01,24.84,24.870001,24.816999,24.860001,2800,24.244636
2015-03-31,24.90,24.90,24.739,24.75,4400,24.137358
2015-03-30,25.190001,25.190001,25.190001,25.190001,300,24.566467
2015-03-27,24.969999,24.969999,24.92,24.92,3100,24.30315
2015-03-26,25.27,25.27,25.27,25.27,000,24.644487
2015-03-25,25.27,25.27,25.27,25.27,700,24.644487
2015-03-24,25.25,25.290001,25.25,25.290001,800,24.663992
2015-03-23,25.27,25.27,25.27,25.27,500,24.644487
2015-03-20,25.139999,25.139999,25.139999,25.139999,800,24.517704
2015-03-19,24.870001,24.870001,24.870001,24.870001,000,24.254388
2015-03-18,24.440001,24.440001,24.440001,24.440001,000,23.835032
2015-03-17,24.440001,24.440001,24.440001,24.440001,1400,23.835032
2015-03-16,24.459999,24.50,24.459999,24.489,81000,23.882819
2015-03-13,24.17,24.17,24.17,24.17,400,23.571715
2015-03-12,24.068001,24.068001,24.068001,24.068001,000,23.47224
2015-03-11,24.068001,24.068001,24.068001,24.068001,200,23.47224
2015-03-10,24.530001,24.530001,24.530001,24.530001,000,23.922804
2015-03-09,24.534,24.534,24.530001,24.530001,500,23.922804
2015-03-06,24.67,24.67,24.58,24.58,1300,23.971566
2015-03-05,24.889999,24.90,24.879999,24.90,700,24.283645
2015-03-04,24.950001,24.950001,24.950001,24.950001,000,24.332408
2015-03-03,24.950001,24.950001,24.950001,24.950001,800,24.332408
2015-03-02,24.974001,24.974001,24.922001,24.922001,1100,24.305101
2015-02-27,25.01,25.02,25.00,25.00,700,24.38117
