Date,Open,High,Low,Close,Volume,Adj Close
2013-12-09,21.06,21.06,21.06,21.06,000,21.06
2013-12-06,20.96,21.19,20.96,21.06,12100,21.06
2013-12-05,20.74,20.80,20.68,20.74,6900,20.74
2013-12-04,20.66,21.03,20.66,20.74,13200,20.74
2013-12-03,19.85,20.86,19.85,20.78,78700,20.78
2013-12-02,19.83,19.83,19.29,19.31,12300,19.31
2013-11-29,19.90,19.90,19.69,19.85,4500,19.85
2013-11-28,19.90,19.90,19.90,19.90,000,19.90
2013-11-27,19.75,19.90,19.75,19.90,10400,19.90
2013-11-26,19.88,19.90,19.63,19.72,17700,19.72
2013-11-25,19.79,19.95,19.79,19.87,201800,19.87
2013-11-22,19.82,19.90,19.53,19.75,13100,19.75
2013-11-21,19.70,19.91,19.69,19.76,6700,19.76
2013-11-20,19.67,19.69,19.54,19.58,3000,19.58
2013-11-19,19.80,19.80,19.56,19.56,3300,19.56
2013-11-18,19.75,20.04,19.62,19.63,16200,19.63
2013-11-15,19.70,19.86,19.6618,19.73,8600,19.73
2013-11-14,19.44,19.95,19.344,19.74,14300,19.74
2013-11-13,19.10,19.45,19.10,19.39,14800,19.39
2013-11-12,19.28,19.48,19.05,19.29,28400,19.29
2013-11-11,19.63,19.66,19.26,19.37,26200,19.37
2013-11-08,19.06,19.73,19.06,19.60,36500,19.60
2013-11-07,19.08,19.16,19.00,19.09,22400,19.09
2013-11-06,18.99,19.29,18.91,19.18,31600,19.18
2013-11-05,19.03,19.13,18.89,18.99,58100,18.99
2013-11-04,19.16,19.27,18.86,19.09,48100,19.09
2013-11-01,19.42,20.02,18.98,19.05,50500,19.05
2013-10-31,20.07,20.15,19.46,19.46,40200,19.46
2013-10-30,20.28,20.33,19.99,20.04,64800,20.04
2013-10-29,20.43,20.83,20.09,20.20,35200,20.20
2013-10-28,20.44,20.55,20.30,20.31,16800,20.31
2013-10-25,19.50,20.30,19.20,20.20,60100,20.20
2013-10-24,19.42,19.59,19.18,19.45,20000,19.45
2013-10-23,19.18,19.37,19.18,19.24,7200,19.24
2013-10-22,19.30,19.425,19.23,19.34,8600,19.34
2013-10-21,19.33,19.45,19.142,19.21,45600,19.21
2013-10-18,19.32,19.45,19.16,19.44,20900,19.44
2013-10-17,19.20,19.42,19.14,19.14,16300,19.14
2013-10-16,19.02,19.19,19.02,19.15,3100,19.15
2013-10-15,19.16,19.30,19.08,19.14,15500,19.14
2013-10-14,18.81,19.09,18.46,19.09,13300,19.09
2013-10-11,18.70,18.98,18.56,18.91,15300,18.91
2013-10-10,18.63,18.90,18.41,18.69,21100,18.69
2013-10-09,18.40,18.54,18.37,18.39,3800,18.39
2013-10-08,18.605,18.64,18.31,18.37,8900,18.37
2013-10-07,18.68,18.77,18.56,18.56,7200,18.56
2013-10-04,18.69,18.915,18.69,18.75,7600,18.75
2013-10-03,18.69,18.84,17.70,18.72,20500,18.72
2013-10-02,18.73,18.855,17.68,18.73,17700,18.73
2013-10-01,18.65,18.86,18.61,18.86,14900,18.86
2013-09-30,18.68,18.78,18.59,18.59,84100,18.59
2013-09-27,18.67,18.915,18.67,18.85,24400,18.85
2013-09-26,18.78,18.84,18.63,18.80,8600,18.80
2013-09-25,18.83,18.90,18.69,18.76,8900,18.76
2013-09-24,18.67,19.08,18.67,18.79,14700,18.79
2013-09-23,18.80,18.85,18.63,18.71,22800,18.71
2013-09-20,18.64,19.045,18.55,18.96,24800,18.96
2013-09-19,18.95,18.95,18.391,18.64,21100,18.64
2013-09-18,18.69,19.10,18.68,18.96,17900,18.96
2013-09-17,18.45,18.75,18.42,18.72,57100,18.72
2013-09-16,18.40,18.46,18.24,18.46,15400,18.46
2013-09-13,18.57,18.80,18.32,18.36,29400,18.36
2013-09-12,18.54,18.70,18.42,18.48,93000,18.48
2013-09-11,18.37,18.51,18.14,18.49,76700,18.49
2013-09-10,18.47,18.49,18.33,18.47,6700,18.47
2013-09-09,18.37,18.40,18.161,18.40,6800,18.40
2013-09-06,18.45,18.45,18.13,18.35,8700,18.35
2013-09-05,18.48,18.48,18.33,18.37,12000,18.37
2013-09-04,18.09,18.475,18.09,18.45,10400,18.45
2013-09-03,18.11,18.14,17.93,18.06,4500,18.06
2013-09-02,17.96,17.96,17.96,17.96,000,17.96
2013-08-30,17.88,17.96,17.75,17.96,25900,17.96
2013-08-29,17.80,17.88,17.80,17.87,17500,17.87
2013-08-28,17.85,17.87,17.685,17.73,12700,17.73
2013-08-27,18.15,18.15,17.72,17.81,23900,17.81
2013-08-26,18.39,18.46,18.30,18.33,8600,18.33
2013-08-23,18.50,18.52,18.4301,18.52,1500,18.52
2013-08-22,18.33,18.50,17.50,18.50,11500,18.50
2013-08-21,18.49,18.52,18.30,18.31,23500,18.31
2013-08-20,18.18,18.66,18.18,18.64,5900,18.64
2013-08-19,18.25,18.34,18.17,18.21,5400,18.21
2013-08-16,18.22,18.43,18.22,18.26,7400,18.26
2013-08-15,18.42,18.49,18.28,18.32,8800,18.32
2013-08-14,18.52,18.75,18.52,18.61,3600,18.61
2013-08-13,18.90,18.90,18.55,18.55,2200,18.55
2013-08-12,19.07,19.19,18.99,18.99,800,18.99
2013-08-09,19.23,19.33,19.071,19.18,2400,19.18
2013-08-08,19.30,19.35,19.22,19.26,6200,19.26
2013-08-07,19.35,19.40,19.18,19.26,8000,19.26
2013-08-06,19.35,19.49,19.3075,19.35,20200,19.35
2013-08-05,19.08,19.49,19.06,19.42,20900,19.42
2013-08-02,19.23,19.27,19.08,19.16,13800,19.16
2013-08-01,19.36,19.39,19.09,19.25,16000,19.25
2013-07-31,19.20,19.39,19.06,19.10,19000,19.10
2013-07-30,19.24,19.36,19.09,19.09,12200,19.09
2013-07-29,19.27,19.34,19.05,19.11,11000,19.11
2013-07-26,19.24,19.49,19.0301,19.35,14300,19.35
2013-07-25,19.48,19.60,19.38,19.42,23900,19.42
2013-07-24,19.45,19.54,19.29,19.46,18100,19.46
2013-07-23,19.45,19.45,19.17,19.44,14300,19.44
2013-07-22,19.09,19.45,19.09,19.42,26800,19.42
2013-07-19,19.18,19.29,19.07,19.26,23500,19.26
2013-07-18,19.12,19.29,19.12,19.25,19000,19.25
2013-07-17,19.11,19.23,18.77,19.16,16800,19.16
2013-07-16,19.22,19.2325,18.651,19.10,22100,19.10
2013-07-15,19.16,19.24,18.76,19.19,16500,19.19
2013-07-12,18.98,19.18,18.61,19.08,24500,19.08
2013-07-11,19.28,19.44,18.84,19.05,16700,19.05
2013-07-10,19.36,19.40,19.01,19.09,11800,19.09
2013-07-09,19.30,19.42,18.97,19.38,43700,19.38
2013-07-08,19.23,19.35,19.08,19.30,40900,19.30
2013-07-05,18.86,19.23,18.83,19.23,26700,19.23
2013-07-04,18.60,18.60,18.60,18.60,000,18.60
2013-07-03,18.53,18.75,18.10,18.60,20200,18.60
2013-07-02,18.42,18.77,18.10,18.58,17800,18.58
2013-07-01,18.05,18.70,18.05,18.49,22300,18.49
2013-06-28,18.32,18.43,18.15,18.16,269800,18.16
2013-06-27,18.07,18.44,18.07,18.38,20600,18.38
2013-06-26,17.88,18.00,17.64,17.95,25800,17.95
2013-06-25,17.67,17.80,17.44,17.76,17900,17.76
2013-06-24,17.56,17.65,17.38,17.46,15000,17.46
2013-06-21,17.63,17.99,17.52,17.70,45300,17.70
2013-06-20,17.38,17.61,17.36,17.55,36900,17.55
2013-06-19,17.57,17.8075,17.56,17.59,24300,17.59
2013-06-18,17.18,17.625,17.18,17.59,19800,17.59
2013-06-17,17.17,17.325,16.86,17.20,11000,17.20
2013-06-14,17.39,17.41,17.00,17.04,4400,17.04
2013-06-13,17.09,17.38,17.08,17.37,9900,17.37
2013-06-12,17.53,17.54,17.05,17.09,9000,17.09
2013-06-11,17.56,17.65,17.40,17.49,7100,17.49
2013-06-10,17.35,17.62,17.17,17.61,14600,17.61
2013-06-07,17.26,17.35,17.061,17.24,16800,17.24
2013-06-06,17.005,17.27,16.91,17.19,18100,17.19
2013-06-05,16.97,17.15,16.82,16.86,6200,16.86
2013-06-04,17.27,17.32,16.94,16.95,7700,16.95
2013-06-03,17.29,17.30,16.88,17.26,25500,17.26
2013-05-31,17.38,17.38,17.05,17.05,14400,17.05
2013-05-30,17.45,17.62,17.45,17.50,6800,17.50
2013-05-29,17.69,17.69,17.32,17.43,21600,17.43
2013-05-28,17.61,17.80,17.52,17.69,21600,17.69
2013-05-27,17.51,17.51,17.51,17.51,000,17.51
2013-05-24,17.23,17.54,17.23,17.51,12100,17.51
2013-05-23,17.27,17.40,17.24,17.26,10200,17.26
2013-05-22,17.25,17.64,17.2001,17.35,18100,17.35
2013-05-21,17.19,17.36,17.13,17.28,5200,17.28
2013-05-20,17.23,17.36,17.09,17.14,12400,17.14
2013-05-17,17.30,17.36,17.19,17.28,18500,17.28
2013-05-16,17.25,17.305,17.06,17.27,12700,17.27
2013-05-15,17.22,17.42,17.15,17.27,15100,17.27
2013-05-14,17.19,17.20,17.05,17.20,20900,17.20
2013-05-13,16.955,17.05,16.81,17.00,16400,17.00
2013-05-10,17.00,17.00,16.81,16.87,5500,16.87
2013-05-09,16.9601,17.05,16.94,16.94,5200,16.94
2013-05-08,22.00,17.20,17.04,17.12,75900,17.12
2013-05-07,17.01,17.15,16.97,17.09,54500,17.09
2013-05-06,17.01,17.0975,16.97,17.03,27000,17.03
2013-05-03,16.80,17.10,16.80,16.99,16100,16.99
2013-05-02,16.69,16.86,16.54,16.80,9600,16.80
2013-05-01,16.95,16.95,16.51,16.54,32800,16.54
2013-04-30,16.63,17.05,16.54,17.02,34100,17.02
2013-04-29,16.67,16.67,16.56,16.56,8500,16.56
2013-04-26,16.82,16.82,16.55,16.55,8100,16.55
2013-04-25,16.78,16.95,16.68,16.84,5500,16.84
2013-04-24,16.62,16.82,16.62,16.77,11100,16.77
2013-04-23,16.40,16.75,16.38,16.74,14200,16.74
2013-04-22,16.47,16.48,16.19,16.47,13200,16.47
2013-04-19,16.17,16.56,16.17,16.56,14000,16.56
2013-04-18,16.22,16.26,16.14,16.20,90400,16.20
2013-04-17,16.37,16.46,16.12,16.16,26600,16.16
2013-04-16,16.30,16.57,16.24,16.54,11900,16.54
2013-04-15,16.33,16.49,16.14,16.20,35600,16.20
2013-04-12,16.51,16.53,16.42,16.47,7400,16.47
2013-04-11,16.44,16.55,16.42,16.55,5800,16.55
2013-04-10,16.12,16.46,16.11,16.46,19200,16.46
2013-04-09,16.06,16.165,16.02,16.02,24000,16.02
2013-04-08,15.93,16.08,15.93,16.08,20300,16.08
2013-04-05,15.62,16.04,15.62,15.93,20400,15.93
2013-04-04,15.72,15.94,15.694,15.94,4600,15.94
2013-04-03,15.78,15.82,15.72,15.72,9700,15.72
2013-04-02,16.11,16.15,15.82,15.88,9500,15.88
2013-04-01,16.04,16.09,15.90,15.97,8000,15.97
2013-03-29,16.06,16.06,16.06,16.06,000,16.06
2013-03-28,16.11,16.17,16.01,16.06,20000,16.06
2013-03-27,15.83,16.09,15.83,16.07,11200,16.07
2013-03-26,16.00,16.02,15.96,16.01,4400,16.01
2013-03-25,15.83,16.02,15.72,16.00,13100,16.00
2013-03-22,15.79,15.82,15.69,15.79,8900,15.79
2013-03-21,15.51,15.86,15.51,15.77,32100,15.77
2013-03-20,15.62,15.70,15.46,15.67,6600,15.67
2013-03-19,15.35,15.69,15.35,15.51,6800,15.51
2013-03-18,15.16,15.60,15.16,15.41,9100,15.41
2013-03-15,15.45,15.57,15.38,15.57,69500,15.57
2013-03-14,15.37,15.55,15.34,15.51,3200,15.51
2013-03-13,15.23,15.358,15.24,15.35,3300,15.35
2013-03-12,15.33,15.33,15.12,15.17,5100,15.17
2013-03-11,15.44,15.44,15.20,15.27,6500,15.27
2013-03-08,15.50,15.55,15.35,15.45,18100,15.45
2013-03-07,15.41,15.48,15.20,15.48,69700,15.48
2013-03-06,15.37,15.37,15.32,15.36,700,15.36
2013-03-05,15.42,15.50,15.10,15.41,16600,15.41
2013-03-04,14.94,15.40,14.94,15.34,67600,15.34
2013-03-01,14.63,15.31,14.63,15.17,23900,15.17
2013-02-28,14.95,15.13,14.95,15.04,8700,15.04
2013-02-27,15.11,15.20,14.9165,15.02,12700,15.02
2013-02-26,15.08,15.15,14.86,15.07,7300,15.07
2013-02-25,15.34,15.36,14.95,14.95,42800,14.95
2013-02-22,15.35,15.35,15.12,15.28,47000,15.28
2013-02-21,15.38,15.47,15.23,15.23,11000,15.23
2013-02-20,15.65,15.69,15.35,15.35,46600,15.35
2013-02-19,15.47,15.65,15.45,15.64,129200,15.64
2013-02-18,15.43,15.43,15.43,15.43,000,15.43
2013-02-15,15.52,15.56,15.32,15.43,46300,15.43
2013-02-14,15.59,15.63,15.37,15.44,12400,15.44
2013-02-13,15.50,15.69,15.47,15.65,14800,15.65
2013-02-12,15.50,15.61,15.50,15.554,8100,15.554
2013-02-11,15.67,15.67,15.46,15.58,8100,15.58
2013-02-08,15.52,15.64,15.48,15.62,28800,15.62
2013-02-07,15.51,15.53,15.39,15.45,15100,15.45
2013-02-06,15.33,15.50,15.33,15.46,14500,15.46
2013-02-05,15.35,15.50,15.30,15.46,25600,15.46
2013-02-04,15.31,15.39,15.19,15.22,24900,15.22
2013-02-01,15.10,15.38,14.95,15.37,13800,15.37
2013-01-31,14.96,15.105,14.55,15.08,19800,15.08
2013-01-30,15.26,15.26,15.02,15.03,103900,15.03
2013-01-29,15.07,15.33,14.98,15.33,52700,15.33
2013-01-28,15.15,15.22,15.00,15.14,11700,15.14
2013-01-25,15.28,15.28,15.01,15.17,24700,15.17
2013-01-24,15.32,15.32,15.10,15.20,22400,15.20
2013-01-23,15.40,15.45,15.23,15.25,23900,15.25
2013-01-22,15.36,15.47,15.23,15.47,48600,15.47
2013-01-21,15.35,15.35,15.35,15.35,000,15.35
2013-01-18,15.31,15.38,15.16,15.35,23600,15.35
2013-01-17,15.34,15.39,15.28,15.36,21800,15.36
2013-01-16,15.18,15.34,15.18,15.25,31700,15.25
2013-01-15,15.25,15.35,15.231,15.35,32300,15.35
2013-01-14,15.28,15.44,15.22,15.35,26800,15.35
2013-01-11,15.50,15.52,15.221,15.48,38100,15.48
2013-01-10,15.61,15.67,15.51,15.60,25000,15.60
2013-01-09,15.64,15.695,15.15,15.62,36000,15.62
2013-01-08,15.55,15.7199,15.49,15.64,36700,15.64
2013-01-07,15.61,15.75,15.45,15.63,26600,15.63
2013-01-04,15.82,15.86,15.64,15.75,42200,15.75
2013-01-03,15.59,15.89,15.16,15.82,76300,15.82
2013-01-02,15.26,15.73,15.076,15.61,84100,15.61
2013-01-01,15.12,15.12,15.12,15.12,000,15.12
2012-12-31,14.89,15.13,14.65,15.12,126500,15.12
2012-12-28,14.98,15.04,14.80,14.90,61600,14.90
2012-12-27,14.80,14.96,14.71,14.90,35200,14.90
2012-12-26,14.92,15.05,14.58,15.04,130200,15.04
2012-12-25,14.92,14.92,14.92,14.92,000,14.92
2012-12-24,14.96,15.10,14.81,14.92,33300,14.92
2012-12-21,15.00,15.15,14.80,15.10,250700,15.10
2012-12-20,14.55,15.91,14.55,15.15,477400,15.15
2012-12-19,9.10,9.32,9.10,9.26,8800,9.26
2012-12-18,8.52,9.112,8.51,9.06,61000,9.06
2012-12-17,8.45,8.55,8.36,8.51,12200,8.51
2012-12-14,8.32,8.51,8.32,8.43,7100,8.43
2012-12-13,8.39,8.49,8.35,8.37,8100,8.37
2012-12-12,8.41,8.41,8.37,8.38,4600,8.38
2012-12-11,8.40,8.40,8.38,8.40,14400,8.40
2012-12-10,8.41,8.48,8.36,8.40,13800,8.40
2012-12-07,8.45,8.45,8.36,8.36,6100,8.36
2012-12-06,8.39,8.39,8.28,8.39,9600,8.39
2012-12-05,8.45,8.45,8.35,8.42,14500,8.42
2012-12-04,8.36,8.43,8.35,8.41,4800,8.41
2012-12-03,8.49,8.49,8.43,8.48,2600,8.48
2012-11-30,8.44,8.46,8.35,8.46,17800,8.46
2012-11-29,8.38,8.44,8.30,8.43,3800,8.43
2012-11-28,8.32,8.38,8.27,8.31,3600,8.31
2012-11-27,8.38,8.58,8.26,8.33,11100,8.33
2012-11-26,8.45,8.475,8.31,8.41,9300,8.41
2012-11-23,8.44,8.48,8.30,8.44,8400,8.44
2012-11-22,8.44,8.44,8.44,8.44,000,8.44
2012-11-21,8.39,8.45,8.31,8.44,2200,8.44
2012-11-20,8.38,8.43,8.265,8.36,8200,8.36
2012-11-19,8.45,8.47,8.25,8.41,14500,8.41
2012-11-16,8.23,8.409,8.23,8.33,14800,8.33
2012-11-15,8.31,8.42,8.21,8.27,10000,8.27
2012-11-14,8.35,8.3701,8.26,8.33,31800,8.33
2012-11-13,8.35,8.46,8.35,8.37,14300,8.37
2012-11-12,8.37,8.41,8.30,8.39,11500,8.39
2012-11-09,8.35,8.63,8.27,8.35,35100,8.35
2012-11-08,8.35,8.55,8.31,8.35,18500,8.35
2012-11-07,8.41,8.58,8.32,8.39,13600,8.39
2012-11-06,8.43,8.56,8.29,8.51,10700,8.51
2012-11-05,8.44,8.45,8.34,8.45,9500,8.45
2012-11-02,8.83,8.84,8.41,8.53,17400,8.53
2012-11-01,8.81,9.08,8.615,8.77,31500,8.77
2012-10-31,8.95,8.95,8.75,8.81,10000,8.81
2012-10-30,8.99,8.99,8.99,8.99,000,8.99
2012-10-29,8.99,8.99,8.99,8.99,000,8.99
2012-10-26,8.98,9.0001,8.89,8.99,4300,8.99
2012-10-25,9.13,9.22,8.99,9.01,16800,9.01
2012-10-24,9.00,9.09,8.93,9.04,4700,9.04
2012-10-23,8.91,9.26,8.86,8.92,46200,8.92
2012-10-22,9.00,9.09,8.87,8.95,5000,8.95
2012-10-19,8.95,9.22,8.85,8.96,40200,8.96
2012-10-18,9.18,9.2236,8.97,9.00,5600,9.00
2012-10-17,9.16,9.27,9.16,9.16,4400,9.16
2012-10-16,9.16,9.18,9.13,9.13,5800,9.13
2012-10-15,9.04,9.24,9.04,9.11,10500,9.11
2012-10-12,9.07,9.39,8.89,9.07,33300,9.07
2012-10-11,9.07,9.2501,8.93,9.05,14100,9.05
2012-10-10,8.95,9.085,8.79,9.04,18100,9.04
2012-10-09,8.99,9.03,8.79,8.91,14000,8.91
2012-10-08,9.10,9.16,8.80,9.00,15100,9.00
2012-10-05,8.95,9.23,8.76,8.93,43600,8.93
2012-10-04,8.75,8.91,8.70,8.88,18000,8.88
2012-10-03,8.90,8.98,8.61,8.89,49300,8.89
2012-10-02,8.86,9.00,8.75,8.86,42900,8.86
2012-10-01,8.95,9.26,8.75,8.89,30900,8.89
2012-09-28,9.67,9.67,8.90,8.90,89100,8.90
2012-09-27,9.58,9.79,9.58,9.78,5200,9.78
2012-09-26,9.698,9.71,9.56,9.60,4900,9.60
2012-09-25,9.60,9.65,9.46,9.50,16000,9.50
2012-09-24,9.46,9.69,9.41,9.59,24900,9.59
2012-09-21,9.50,9.52,9.35,9.49,53400,9.49
2012-09-20,9.32,9.50,9.32,9.43,6800,9.43
2012-09-19,9.40,9.52,9.35,9.41,18400,9.41
2012-09-18,9.45,9.4801,9.35,9.47,13600,9.47
2012-09-17,9.48,9.55,9.36,9.50,7300,9.50
2012-09-14,9.60,9.60,9.50,9.55,22400,9.55
2012-09-13,9.39,9.70,9.37,9.57,28600,9.57
2012-09-12,9.34,9.35,9.30,9.33,8400,9.33
2012-09-11,9.32,9.43,9.31,9.34,6900,9.34
2012-09-10,9.40,9.50,9.30,9.36,22000,9.36
2012-09-07,9.36,9.5001,9.30,9.38,34700,9.38
2012-09-06,9.40,9.59,9.35,9.44,63700,9.44
2012-09-05,9.45,9.49,9.35,9.42,44900,9.42
2012-09-04,9.33,9.45,9.21,9.40,54700,9.40
2012-09-03,9.40,9.40,9.40,9.40,000,9.40
2012-08-31,9.31,9.40,9.30,9.40,1900,9.40
2012-08-30,9.315,9.40,9.22,9.26,18300,9.26
2012-08-29,9.35,9.58,9.28,9.40,26800,9.40
2012-08-28,9.39,9.43,9.25,9.30,25000,9.30
2012-08-27,9.22,9.38,9.15,9.31,11200,9.31
2012-08-24,9.21,9.45,9.12,9.23,17100,9.23
2012-08-23,9.27,9.34,9.17,9.17,5200,9.17
2012-08-22,9.35,9.42,9.18,9.19,13900,9.19
2012-08-21,9.35,9.60,9.06,9.41,34000,9.41
2012-08-20,9.45,9.57,9.231,9.36,17500,9.36
2012-08-17,9.25,9.71,9.21,9.45,28800,9.45
2012-08-16,9.23,9.33,9.061,9.29,37000,9.29
2012-08-15,9.08,9.27,8.97,9.25,15800,9.25
2012-08-14,9.16,9.24,9.05,9.12,25300,9.12
2012-08-13,9.01,9.18,8.90,9.15,14100,9.15
2012-08-10,8.91,9.19,8.91,9.01,5800,9.01
2012-08-09,8.92,9.27,8.82,8.95,30100,8.95
2012-08-08,9.18,9.28,8.91,9.10,18200,9.10
2012-08-07,9.17,9.35,8.87,9.21,34700,9.21
2012-08-06,9.21,9.28,8.89,9.06,13200,9.06
2012-08-03,9.06,9.31,8.71,9.23,37700,9.23
2012-08-02,8.79,9.11,8.65,8.82,21200,8.82
2012-08-01,9.11,9.33,8.66,8.80,31300,8.80
2012-07-31,8.84,9.22,8.84,9.09,22100,9.09
2012-07-30,9.21,9.32,8.75,8.89,13100,8.89
2012-07-27,9.23,9.23,8.83,9.20,25700,9.20
2012-07-26,9.01,9.43,8.93,9.24,22900,9.24
2012-07-25,8.99,9.10,8.66,8.80,33500,8.80
2012-07-24,8.71,9.17,8.71,8.88,14300,8.88
2012-07-23,8.63,9.43,8.60,8.69,42000,8.69
2012-07-20,9.28,9.50,8.67,8.84,40000,8.84
2012-07-19,9.29,9.56,9.29,9.32,8300,9.32
2012-07-18,9.40,9.67,9.17,9.23,24000,9.23
2012-07-17,9.49,9.83,8.92,9.42,28300,9.42
2012-07-16,9.77,9.79,9.27,9.45,30600,9.45
2012-07-13,9.33,9.59,9.33,9.58,9600,9.58
2012-07-12,9.20,9.34,9.06,9.25,16800,9.25
2012-07-11,9.33,9.34,9.2101,9.29,14400,9.29
2012-07-10,9.25,9.34,9.15,9.32,8600,9.32
2012-07-09,9.04,9.19,9.04,9.18,6600,9.18
2012-07-06,9.02,9.23,9.02,9.09,13900,9.09
2012-07-05,8.94,9.22,8.80,9.15,13800,9.15
2012-07-04,9.00,9.00,9.00,9.00,000,9.00
2012-07-03,8.89,9.00,8.89,9.00,6500,9.00
2012-07-02,8.55,8.94,8.54,8.90,16400,8.90
2012-06-29,8.69,8.87,8.36,8.52,31200,8.52
2012-06-28,8.97,8.98,8.49,8.52,18400,8.48
2012-06-27,8.84,9.00,8.84,9.00,13300,8.9577
2012-06-26,8.74,8.94,8.64,8.87,6100,8.8284
2012-06-25,8.68,8.86,8.68,8.73,7900,8.689
2012-06-22,8.30,8.94,8.20,8.93,106900,8.8881
2012-06-21,8.75,8.80,8.31,8.44,12100,8.4004
2012-06-20,8.74,8.80,8.65,8.73,10300,8.689
2012-06-19,8.38,8.79,8.38,8.79,10600,8.7487
2012-06-18,8.72,8.72,8.282,8.38,13000,8.3407
2012-06-15,8.77,8.88,8.75,8.80,27000,8.7587
2012-06-14,8.55,8.86,8.55,8.80,13600,8.7587
2012-06-13,8.64,8.82,8.37,8.44,11100,8.4004
2012-06-12,8.28,8.6916,8.20,8.62,11300,8.5795
2012-06-11,8.69,8.85,8.20,8.20,19100,8.1615
2012-06-08,8.57,8.71,8.56,8.65,9400,8.6094
2012-06-07,8.51,8.735,8.50,8.66,15500,8.6193
2012-06-06,8.00,8.44,8.00,8.43,19000,8.3904
2012-06-05,7.93,8.07,7.91,7.96,26000,7.9226
2012-06-04,7.85,7.97,7.85,7.96,15700,7.9226
2012-06-01,7.94,8.16,7.75,7.82,38200,7.7833
2012-05-31,8.06,8.27,8.04,8.04,239400,8.0023
2012-05-30,8.08,8.24,8.05,8.05,20100,8.0122
2012-05-29,8.17,8.23,8.09,8.09,14100,8.052
2012-05-28,8.05,8.05,8.05,8.05,000,8.0122
2012-05-25,8.14,8.24,8.05,8.05,25400,8.0122
2012-05-24,8.25,8.40,8.10,8.17,36800,8.1316
2012-05-23,8.14,8.25,8.14,8.21,25600,8.1715
2012-05-22,8.05,8.18,8.05,8.14,42100,8.1018
2012-05-21,8.15,8.24,8.00,8.08,57900,8.0421
2012-05-18,8.23,8.29,8.10,8.13,37100,8.0918
2012-05-17,8.31,8.355,8.21,8.25,19600,8.2113
2012-05-16,8.97,8.97,7.95,8.20,23200,8.1615
2012-05-15,8.83,9.02,8.76,8.89,15500,8.8483
2012-05-14,8.82,8.92,8.61,8.86,16300,8.8184
2012-05-11,8.87,9.00,8.87,8.91,5300,8.8682
2012-05-10,9.05,9.10,8.86,8.91,10500,8.8682
2012-05-09,9.15,9.16,8.86,8.98,11100,8.9378
2012-05-08,8.97,9.53,8.97,9.30,7600,9.2563
2012-05-07,8.96,9.16,8.96,9.08,4400,9.0374
2012-05-04,9.39,9.754,8.90,8.94,14100,8.898
2012-05-03,9.42,9.56,9.42,9.46,7800,9.4156
2012-05-02,9.27,9.78,9.22,9.40,7700,9.3559
2012-05-01,9.50,9.82,9.27,9.28,10500,9.2364
2012-04-30,9.65,9.68,9.40,9.44,8700,9.3957
2012-04-27,9.43,9.71,9.32,9.71,12000,9.6644
2012-04-26,9.30,9.45,9.30,9.45,4600,9.4056
2012-04-25,9.25,9.37,9.25,9.35,7700,9.3061
2012-04-24,8.96,9.17,8.96,9.17,4300,9.1269
2012-04-23,8.90,9.03,8.90,8.91,18200,8.8682
2012-04-20,9.32,9.32,8.89,9.04,16800,8.9976
2012-04-19,9.07,9.267,8.85,8.85,7800,8.8085
2012-04-18,9.19,9.254,9.02,9.02,8800,8.9777
2012-04-17,9.10,9.34,9.10,9.22,8700,9.1767
2012-04-16,8.89,9.09,8.89,9.06,3200,9.0175
2012-04-13,9.19,9.19,8.86,8.86,16700,8.8184
2012-04-12,9.20,9.39,9.11,9.21,15200,9.1668
2012-04-11,9.13,9.23,9.00,9.23,11700,9.1867
2012-04-10,9.14,9.14,8.87,9.00,21300,8.9577
2012-04-09,9.25,9.3285,9.12,9.13,7800,9.0871
2012-04-06,9.42,9.42,9.42,9.42,000,9.3758
2012-04-05,9.36,9.51,9.36,9.42,15500,9.3758
2012-04-04,9.55,9.62,9.38,9.42,8700,9.3758
2012-04-03,9.75,9.77,9.58,9.65,6000,9.6047
2012-04-02,9.73,9.85,9.705,9.84,9000,9.7938
2012-03-30,10.16,10.16,9.66,9.79,12200,9.6644
2012-03-29,9.93,10.16,9.86,10.07,3900,9.9408
2012-03-28,10.07,10.10,9.93,10.03,4000,9.9013
2012-03-27,10.10,10.22,9.91,10.09,3400,9.9606
2012-03-26,9.89,10.19,9.64,10.17,8400,10.0395
2012-03-23,9.68,9.84,9.62,9.83,10500,9.7039
2012-03-22,9.66,9.699,9.54,9.65,10200,9.5262
2012-03-21,9.85,9.96,9.76,9.80,3200,9.6743
2012-03-20,9.83,9.94,9.75,9.80,15600,9.6743
2012-03-19,9.75,9.96,9.72,9.96,5000,9.8322
2012-03-16,9.78,9.88,9.52,9.75,41700,9.6249
2012-03-15,9.96,10.07,9.69,9.75,12800,9.6249
2012-03-14,10.17,10.17,9.73,9.81,16200,9.6842
2012-03-13,9.97,10.20,9.92,10.18,8500,10.0494
2012-03-12,9.97,9.97,9.91,9.91,2800,9.7829
2012-03-09,9.89,10.08,9.89,10.02,8300,9.8915
2012-03-08,9.80,10.12,9.75,9.94,4700,9.8125
2012-03-07,9.77,9.97,9.69,9.93,12500,9.8026
2012-03-06,9.87,9.88,9.65,9.69,12300,9.5657
2012-03-05,9.85,10.28,9.80,10.02,4300,9.8915
2012-03-02,10.25,10.37,9.69,9.77,13500,9.6447
2012-03-01,10.31,10.40,10.24,10.25,6800,10.1185
2012-02-29,10.49,10.53,10.21,10.21,11800,10.079
2012-02-28,10.41,10.55,10.41,10.46,4700,10.3258
2012-02-27,10.28,10.45,10.25,10.45,700,10.3159
2012-02-24,10.68,10.68,10.37,10.37,4800,10.237
2012-02-23,10.48,10.676,10.48,10.64,6300,10.5035
2012-02-22,10.50,10.61,10.40,10.41,15600,10.2765
2012-02-21,10.59,10.61,10.47,10.47,1700,10.3357
2012-02-20,10.67,10.67,10.67,10.67,000,10.5331
2012-02-17,10.70,10.70,10.59,10.67,5600,10.5331
2012-02-16,10.52,10.68,10.51,10.68,9400,10.543
2012-02-15,10.69,10.70,10.51,10.55,5900,10.4147
2012-02-14,10.87,10.87,10.68,10.78,3700,10.6417
2012-02-13,10.92,10.98,10.62,10.98,2600,10.8391
2012-02-10,10.86,10.96,10.74,10.74,3900,10.6022
2012-02-09,11.06,11.15,10.98,11.00,3400,10.8589
2012-02-08,11.06,11.22,11.01,11.20,4800,11.0563
2012-02-07,10.85,11.08,10.85,10.98,10100,10.8391
2012-02-06,10.96,11.01,10.94,11.00,4400,10.8589
2012-02-03,10.95,11.15,10.75,10.99,24500,10.849
2012-02-02,10.57,10.76,10.01,10.76,8200,10.622
2012-02-01,10.44,10.76,10.39,10.60,22600,10.464
2012-01-31,10.41,10.41,10.27,10.32,4300,10.1876
2012-01-30,10.24,10.32,10.15,10.29,3100,10.158
2012-01-27,10.28,10.38,10.23,10.38,5600,10.2468
2012-01-26,10.36,10.36,10.2195,10.29,11100,10.158
2012-01-25,10.12,10.27,10.11,10.25,14100,10.1185
2012-01-24,10.09,10.25,10.02,10.21,15300,10.079
2012-01-23,10.22,10.22,10.03,10.20,8500,10.0692
2012-01-20,10.06,10.19,10.02,10.19,10400,10.0593
2012-01-19,10.21,10.21,9.98,10.08,5400,9.9507
2012-01-18,10.01,10.18,9.99,10.18,6700,10.0494
2012-01-17,10.04,10.04,9.82,9.97,12400,9.8421
2012-01-16,9.90,9.90,9.90,9.90,000,9.773
2012-01-13,9.91,9.938,9.85,9.90,6200,9.773
2012-01-12,10.02,10.07,9.86,10.07,3200,9.9408
2012-01-11,10.05,10.05,9.93,9.95,5300,9.8224
2012-01-10,10.07,10.11,9.92,10.07,12300,9.9408
2012-01-09,10.14,10.14,9.86,9.91,9700,9.7829
2012-01-06,10.07,10.20,10.06,10.09,13500,9.9606
2012-01-05,10.01,10.20,10.01,10.16,6800,10.0297
2012-01-04,10.02,10.13,9.85,10.04,3800,9.9112
2012-01-03,10.15,10.20,10.04,10.13,17800,10.0001
2012-01-02,9.84,9.84,9.84,9.84,000,9.7138
2011-12-30,9.93,9.99,9.61,9.84,6600,9.7138
2011-12-29,10.11,10.11,9.9445,10.05,10200,9.8421
2011-12-28,10.04,10.0515,9.83,9.89,27700,9.6854
2011-12-27,10.01,10.07,9.906,10.04,22300,9.8323
2011-12-26,10.07,10.07,10.07,10.07,000,9.8617
2011-12-23,10.11,10.11,10.00,10.07,23700,9.8617
2011-12-22,9.94,10.22,9.84,10.12,25300,9.9107
2011-12-21,9.87,9.93,9.71,9.86,5600,9.656
2011-12-20,9.60,10.00,9.60,9.95,19800,9.7442
2011-12-19,9.63,9.7873,9.32,9.33,15600,9.137
2011-12-16,9.77,9.77,9.28,9.52,61500,9.3231
2011-12-15,9.64,9.95,9.12,9.67,13100,9.47
2011-12-14,8.92,9.73,8.92,9.48,15800,9.2839
2011-12-13,9.15,9.37,8.9752,8.98,17000,8.7942
2011-12-12,9.40,9.40,9.00,9.05,7400,8.8628
2011-12-09,9.28,9.64,9.25,9.56,12000,9.3622
2011-12-08,9.83,9.89,9.04,9.19,10200,8.9999
2011-12-07,9.82,10.00,9.82,9.96,5300,9.754
2011-12-06,9.94,9.94,9.58,9.91,16600,9.705
2011-12-05,10.01,10.01,9.80,9.98,14300,9.7736
2011-12-02,9.89,10.02,9.77,10.01,10000,9.8029
2011-12-01,9.86,10.01,9.55,9.73,25800,9.5287
2011-11-30,9.45,10.05,9.34,9.92,35900,9.7148
2011-11-29,9.27,9.46,9.19,9.19,2400,8.9999
2011-11-28,8.79,9.36,8.79,9.30,16200,9.1076
2011-11-25,8.84,9.37,8.52,8.60,4100,8.4221
2011-11-24,8.88,8.88,8.88,8.88,000,8.6963
2011-11-23,9.27,9.33,8.88,8.88,10600,8.6963
2011-11-22,9.20,9.56,9.00,9.31,7300,9.1174
2011-11-21,9.13,9.31,8.97,9.20,14200,9.0097
2011-11-18,9.03,9.34,9.00,9.26,15600,9.0684
2011-11-17,8.96,9.05,8.96,9.04,14300,8.853
2011-11-16,8.96,9.07,8.76,8.76,6400,8.5788
2011-11-15,8.93,9.11,8.85,9.02,7600,8.8334
2011-11-14,9.07,9.09,8.83,8.93,8200,8.7453
2011-11-11,8.90,9.10,8.8875,9.10,9700,8.9118
2011-11-10,8.92,8.98,8.82,8.86,7900,8.6767
2011-11-09,9.08,9.19,8.78,8.78,25900,8.5984
2011-11-08,9.18,9.39,8.95,9.25,6500,9.0587
2011-11-07,9.21,9.21,8.90,9.07,12100,8.8824
2011-11-04,9.27,9.35,9.07,9.24,8500,9.0489
2011-11-03,9.18,9.36,8.88,9.35,13800,9.1566
2011-11-02,9.02,9.52,9.00,9.03,26500,8.8432
2011-11-01,9.42,9.61,8.82,9.11,15100,8.9215
2011-10-31,9.86,9.90,9.67,9.67,9200,9.47
2011-10-28,9.97,10.09,9.81,10.05,10600,9.8421
2011-10-27,9.11,10.05,8.96,10.00,51700,9.7931
2011-10-26,8.81,9.02,8.68,9.02,8400,8.8334
2011-10-25,8.98,9.00,8.57,8.68,10600,8.5004
2011-10-24,8.90,9.02,8.78,9.01,16000,8.8236
2011-10-21,8.80,8.97,8.78,8.91,12100,8.7257
2011-10-20,8.76,8.76,8.52,8.61,4600,8.4319
2011-10-19,8.79,8.91,8.6775,8.70,8600,8.52
2011-10-18,8.39,8.99,8.39,8.80,12000,8.618
2011-10-17,8.70,8.70,8.25,8.34,12700,8.1675
2011-10-14,8.71,8.79,8.58,8.79,11100,8.6082
2011-10-13,8.89,8.89,8.401,8.63,15000,8.4515
2011-10-12,8.92,8.92,8.75,8.81,17800,8.6278
2011-10-11,8.79,8.89,8.39,8.75,24100,8.569
2011-10-10,8.27,8.68,8.0851,8.65,13800,8.4711
2011-10-07,8.83,8.88,7.82,8.08,17700,7.9129
2011-10-06,8.96,9.08,8.45,9.02,26600,8.8334
2011-10-05,9.33,9.33,8.78,8.99,24700,8.804
2011-10-04,7.94,10.14,7.93,9.42,26200,9.2251
2011-10-03,8.03,8.52,7.89,7.99,34700,7.8247
2011-09-30,8.22,8.22,8.07,8.15,30500,7.9031
2011-09-29,8.12,8.20,8.00,8.14,5400,7.8934
2011-09-28,8.40,8.43,7.95,7.95,13100,7.7091
2011-09-27,8.36,8.69,8.12,8.39,18400,8.1358
2011-09-26,7.98,8.28,7.98,8.23,9100,7.9806
2011-09-23,7.87,8.24,7.869,7.94,22300,7.6994
2011-09-22,8.02,8.22,7.85,7.85,25600,7.6122
2011-09-21,8.17,8.22,8.17,8.20,21300,7.9515
2011-09-20,8.25,8.25,8.13,8.20,9400,7.9515
2011-09-19,8.23,8.36,8.10,8.19,18800,7.9419
2011-09-16,8.46,8.46,8.13,8.28,23700,8.0291
2011-09-15,8.41,8.46,8.28,8.40,4600,8.1455
2011-09-14,8.28,8.38,8.17,8.36,14100,8.1067
2011-09-13,8.02,8.24,8.02,8.20,18100,7.9515
2011-09-12,7.80,8.06,7.80,7.96,11600,7.7188
2011-09-09,8.12,8.24,7.81,7.87,19400,7.6315
2011-09-08,8.44,8.50,8.13,8.14,15900,7.8934
2011-09-07,8.29,8.668,8.21,8.47,10500,8.2134
2011-09-06,8.06,8.60,8.00,8.18,22700,7.9322
2011-09-02,8.49,8.62,8.19,8.19,20700,7.9419
2011-09-01,8.85,9.29,8.52,8.53,24400,8.2715
2011-08-31,9.20,9.37,8.83,8.83,19500,8.5625
2011-08-30,9.26,9.32,8.82,9.20,14200,8.9212
2011-08-29,9.14,9.43,8.94,9.32,14900,9.0376
2011-08-26,8.92,9.13,8.64,9.09,8500,8.8146
2011-08-25,9.00,9.58,8.87,8.91,28800,8.64
2011-08-24,8.84,8.96,8.73,8.95,6300,8.6788
2011-08-23,8.70,8.88,8.50,8.85,16600,8.5819
2011-08-22,8.92,8.92,8.65,8.71,9300,8.4461
2011-08-19,8.60,9.00,8.60,8.68,12300,8.417
2011-08-18,8.85,8.90,8.68,8.68,18400,8.417
2011-08-17,8.81,9.26,8.70,9.03,21500,8.7564
2011-08-16,8.80,9.06,8.66,8.83,20800,8.5625
2011-08-15,8.68,9.10,8.68,8.89,8200,8.6206
2011-08-12,9.09,9.19,8.57,8.57,7300,8.3103
2011-08-11,8.84,9.42,8.70,9.07,17900,8.7952
2011-08-10,8.51,9.16,8.51,8.68,24100,8.417
2011-08-09,8.77,9.56,8.28,9.15,26700,8.8728
2011-08-08,9.04,9.47,8.25,8.61,31200,8.3491
2011-08-05,9.28,9.50,9.19,9.26,25800,8.9794
2011-08-04,9.41,9.55,9.17,9.21,18900,8.9309
2011-08-03,9.41,9.57,9.1708,9.47,18900,9.1831
2011-08-02,9.53,9.62,9.31,9.31,18700,9.0279
2011-08-01,9.90,9.90,9.54,9.58,22400,9.2897
2011-07-29,9.93,10.00,9.74,9.77,14700,9.474
2011-07-28,10.05,10.28,9.80,9.96,33500,9.6582
2011-07-27,10.08,10.80,10.00,10.00,27600,9.697
2011-07-26,10.30,10.33,10.00,10.08,5100,9.7746
2011-07-25,10.42,10.42,10.26,10.30,8500,9.9879
2011-07-22,10.57,10.57,10.42,10.49,4100,10.1722
2011-07-21,10.34,10.57,10.28,10.57,4500,10.2497
2011-07-20,10.40,10.50,10.27,10.27,1400,9.9588
2011-07-19,10.11,10.39,10.05,10.39,9100,10.0752
2011-07-18,10.31,10.32,10.03,10.04,7800,9.7358
2011-07-15,10.54,10.58,10.25,10.26,16200,9.9491
2011-07-14,10.45,10.60,10.371,10.52,12700,10.2013
2011-07-13,10.25,10.39,10.25,10.39,8200,10.0752
2011-07-12,10.23,10.28,10.06,10.18,5100,9.8716
2011-07-11,10.42,10.42,10.15,10.19,9200,9.8813
2011-07-08,10.43,10.54,10.36,10.48,5200,10.1625
2011-07-07,10.48,10.52,10.38,10.51,9400,10.1916
2011-07-06,10.26,10.52,10.10,10.45,15200,10.1334
2011-07-05,10.30,10.30,10.23,10.29,8300,9.9782
2011-07-01,10.475,10.475,10.241,10.29,11200,9.9782
2011-06-30,10.31,10.75,10.20,10.50,26000,10.1043
2011-06-29,10.29,10.31,10.21,10.29,8600,9.9022
2011-06-28,10.13,10.29,10.11,10.28,10100,9.8926
2011-06-27,9.88,10.26,9.83,10.15,17600,9.7675
2011-06-24,9.63,9.97,9.50,9.93,161800,9.5558
2011-06-23,9.53,9.65,9.50,9.64,10000,9.2767
2011-06-22,9.86,9.86,9.60,9.60,7900,9.2382
2011-06-21,9.88,9.90,9.75,9.90,15900,9.5269
2011-06-20,9.83,9.85,9.78,9.82,10500,9.4499
2011-06-17,9.74,9.87,9.74,9.85,32800,9.4788
2011-06-16,9.68,9.71,9.64,9.68,12900,9.3152
2011-06-15,9.63,9.71,9.60,9.63,18300,9.2671
2011-06-14,9.61,9.73,9.60,9.71,25300,9.3441
2011-06-13,9.71,9.78,9.52,9.52,33400,9.1612
2011-06-10,9.83,9.83,9.65,9.65,10900,9.2863
2011-06-09,9.90,9.91,9.81,9.83,8000,9.4595
2011-06-08,9.87,9.90,9.85,9.85,6400,9.4788
2011-06-07,10.01,10.01,9.91,9.91,6100,9.5365
2011-06-06,9.98,9.99,9.07,9.93,35500,9.5558
2011-06-03,10.12,10.26,9.96,9.97,14300,9.5943
2011-06-02,10.40,10.40,10.21,10.22,4400,9.8348
2011-06-01,10.87,10.90,10.36,10.36,17000,9.9696
2011-05-31,10.79,10.91,10.64,10.91,29100,10.4988
2011-05-27,10.63,10.73,10.59,10.73,4600,10.3256
2011-05-26,10.62,10.626,10.55,10.60,9500,10.2005
2011-05-25,10.61,10.63,10.55,10.63,15800,10.2294
2011-05-24,10.65,10.68,10.59,10.61,12900,10.2101
2011-05-23,10.55,10.72,10.55,10.60,17100,10.2005
2011-05-20,10.54,10.62,10.53,10.55,14200,10.1524
2011-05-19,10.69,10.69,10.55,10.56,6400,10.162
2011-05-18,10.56,10.63,10.52,10.63,5300,10.2294
2011-05-17,10.50,10.61,10.50,10.57,10200,10.1716
2011-05-16,10.50,10.58,10.50,10.55,9900,10.1524
2011-05-13,10.60,10.60,10.55,10.55,10600,10.1524
2011-05-12,10.53,10.59,10.53,10.59,5100,10.1909
2011-05-11,10.60,10.61,10.55,10.55,5800,10.1524
2011-05-10,10.59,10.64,10.59,10.63,8300,10.2294
2011-05-09,10.54,10.59,10.54,10.55,8000,10.1524
2011-05-06,10.60,10.62,10.55,10.56,8400,10.162
2011-05-05,10.55,10.60,10.55,10.55,8600,10.1524
2011-05-04,10.56,10.59,10.55,10.55,5800,10.1524
2011-05-03,10.55,10.59,10.55,10.55,9700,10.1524
2011-05-02,10.59,10.60,10.55,10.55,12500,10.1524
2011-04-29,10.55,10.60,10.54,10.56,94600,10.162
2011-04-28,10.57,10.64,10.55,10.56,31400,10.162
2011-04-27,10.60,10.60,10.49,10.56,162300,10.162
2011-04-26,10.54,10.62,10.516,10.55,7700,10.1524
2011-04-25,10.58,10.60,10.55,10.55,10500,10.1524
2011-04-21,10.80,10.80,10.59,10.59,5900,10.1909
2011-04-20,10.66,10.83,10.60,10.72,8500,10.316
2011-04-19,10.61,10.61,10.51,10.56,9200,10.162
2011-04-18,10.53,10.59,10.46,10.55,20500,10.1524
2011-04-15,10.53,10.69,10.51,10.64,13900,10.239
2011-04-14,10.48,10.71,10.48,10.54,10100,10.1428
2011-04-13,10.53,10.55,10.50,10.55,15900,10.1524
2011-04-12,10.45,10.64,10.45,10.55,17700,10.1524
2011-04-11,10.52,10.62,10.42,10.55,36000,10.1524
2011-04-08,10.77,10.82,10.54,10.54,10000,10.0658
2011-04-07,10.798,10.808,10.71,10.71,8600,10.2281
2011-04-06,10.82,10.8648,10.72,10.8245,6000,10.3375
2011-04-05,10.75,10.82,10.75,10.81,3500,10.3236
2011-04-04,10.87,10.89,10.76,10.81,13000,10.3236
2011-04-01,11.13,11.13,10.81,10.89,16000,10.40
2011-03-31,11.14,11.15,10.94,11.07,15800,10.5719
2011-03-30,10.98,11.17,10.98,11.15,10800,10.6483
2011-03-29,10.98,11.00,10.85,10.97,10100,10.4764
2011-03-28,10.99,11.08,10.95,10.96,15700,10.4669
2011-03-25,10.94,11.03,10.92,10.93,14400,10.4382
2011-03-24,10.85,10.92,10.8416,10.92,5900,10.4287
2011-03-23,10.80,10.93,10.80,10.90,11900,10.4096
2011-03-22,10.80,10.88,10.78,10.85,8500,10.3618
2011-03-21,10.69,10.81,10.60,10.81,18500,10.3236
2011-03-18,10.70,10.769,10.60,10.60,39500,10.1231
2011-03-17,10.73,10.73,10.60,10.64,9300,10.1613
2011-03-16,10.60,10.66,10.58,10.63,23400,10.1517
2011-03-15,10.40,10.64,10.40,10.60,40400,10.1231
2011-03-14,10.60,10.66,10.60,10.62,21200,10.1422
2011-03-11,10.60,10.65,10.60,10.61,22400,10.1326
2011-03-10,10.60,10.65,10.60,10.60,34700,10.1231
2011-03-09,10.61,10.64,10.60,10.64,5600,10.1613
2011-03-08,10.60,10.70,10.60,10.60,27800,10.1231
2011-03-07,10.63,10.65,10.60,10.60,28400,10.1231
2011-03-04,10.64,10.67,10.595,10.625,13500,10.147
2011-03-03,10.69,10.80,10.63,10.67,37800,10.1899
2011-03-02,10.43,10.71,10.43,10.68,65400,10.1995
2011-03-01,10.48,10.52,10.33,10.40,271800,9.9321
2011-02-28,10.40,10.51,10.35,10.50,126500,10.0276
2011-02-25,10.37,10.42,10.25,10.37,19100,9.9034
2011-02-24,10.31,10.60,10.23,10.38,23100,9.913
2011-02-23,10.30,10.37,10.2025,10.25,8500,9.7888
2011-02-22,10.31,10.40,10.21,10.24,20700,9.7793
2011-02-18,10.60,10.60,10.46,10.49,34400,10.018
2011-02-17,10.48,10.53,10.43,10.51,19800,10.0371
2011-02-16,10.50,10.53,10.414,10.50,8600,10.0276
2011-02-15,10.47,10.53,10.44,10.50,26700,10.0276
2011-02-14,10.51,10.60,10.481,10.52,4700,10.0467
2011-02-11,10.47,10.55,10.47,10.55,7000,10.0753
2011-02-10,10.50,10.60,10.46,10.54,13100,10.0658
2011-02-09,10.54,10.60,10.44,10.54,5800,10.0658
2011-02-08,10.43,10.58,10.43,10.58,10400,10.104
2011-02-07,10.45,10.67,10.40,10.47,17000,9.9989
2011-02-04,10.27,10.48,10.24,10.44,38800,9.9703
2011-02-03,10.34,11.25,10.22,10.29,211700,9.827
2011-02-02,10.36,10.505,10.36,10.39,11400,9.9225
2011-02-01,10.23,10.44,10.17,10.43,43600,9.9607
2011-01-31,10.33,10.33,10.16,10.18,21400,9.722
2011-01-28,10.49,10.49,10.26,10.29,29900,9.827
2011-01-27,10.63,10.63,10.53,10.53,11700,10.0562
2011-01-26,10.56,10.65,10.55,10.63,14700,10.1517
2011-01-25,10.44,10.59,10.40,10.56,21000,10.0849
2011-01-24,10.40,10.50,10.40,10.50,40000,10.0276
2011-01-21,10.24,10.43,10.24,10.42,30900,9.9512
2011-01-20,10.32,10.454,10.20,10.20,40100,9.7411
2011-01-19,10.62,10.67,10.30,10.30,51600,9.8366
2011-01-18,10.47,10.58,10.46,10.54,35700,10.0658
2011-01-14,10.35,10.55,10.33,10.52,20200,10.0467
2011-01-13,10.30,10.41,10.175,10.33,94100,9.8652
2011-01-12,10.26,10.29,10.19,10.28,38100,9.8175
2011-01-11,10.25,10.25,10.16,10.16,62900,9.7029
2011-01-10,10.15,10.26,10.06,10.26,16500,9.7984
2011-01-07,10.21,10.28,10.11,10.19,17500,9.7315
2011-01-06,10.42,10.42,10.21,10.22,14200,9.7602
2011-01-05,10.41,10.48,10.39,10.45,10400,9.9798
2011-01-04,10.76,10.76,10.42,10.45,26500,9.9798
2011-01-03,10.63,10.86,10.60,10.74,15800,10.2568
2010-12-31,10.60,10.72,10.52,10.60,17900,10.0467
2010-12-30,10.53,10.68,10.46,10.61,23200,10.0562
2010-12-29,10.49,10.58,10.47,10.51,12900,9.9614
2010-12-28,10.51,10.59,10.41,10.50,24300,9.9519
2010-12-27,10.55,10.59,10.38,10.50,25800,9.9519
2010-12-23,10.30,10.70,10.28,10.65,49400,10.0941
2010-12-22,10.32,10.50,10.06,10.41,65600,9.8666
2010-12-21,10.05,10.19,9.81,10.19,52200,9.6581
2010-12-20,9.51,10.0399,9.51,9.98,79500,9.4591
2010-12-17,9.43,9.59,9.2901,9.40,376300,8.9093
2010-12-16,9.48,9.52,9.38,9.40,34300,8.9093
2010-12-15,9.60,9.84,9.47,9.48,55200,8.9852
2010-12-14,9.65,9.73,9.54,9.58,40200,9.0799
2010-12-13,9.66,9.66,9.57,9.59,51100,9.0894
2010-12-10,9.68,9.68,9.62,9.65,59700,9.1463
2010-12-09,9.90,9.94,9.67,9.68,48700,9.1747
2010-12-08,9.93,9.93,9.79,9.79,24500,9.279
2010-12-07,9.94,9.94,9.69,9.88,27000,9.3643
2010-12-06,9.71,9.89,9.71,9.81,22000,9.2979
2010-12-03,9.67,9.88,9.45,9.76,301800,9.2505
2010-12-02,9.87,9.87,9.66,9.70,15800,9.1937
2010-12-01,9.80,9.83,9.70,9.74,13700,9.2316
2010-11-30,9.72,9.77,9.56,9.64,28200,9.1368
2010-11-29,9.67,9.8599,9.67,9.79,13400,9.279
2010-11-26,9.83,9.84,9.67,9.71,18300,9.2031
2010-11-24,9.77,9.87,9.71,9.85,20800,9.3358
2010-11-23,9.74,9.82,9.69,9.69,12800,9.1842
2010-11-22,9.87,9.90,9.72,9.82,21300,9.3074
2010-11-19,9.93,9.93,9.87,9.88,13100,9.3643
2010-11-18,9.83,10.24,9.83,9.91,40300,9.3927
2010-11-17,9.82,9.91,9.71,9.74,5900,9.2316
2010-11-16,9.80,9.90,9.75,9.82,17400,9.3074
2010-11-15,9.97,10.03,9.78,9.86,8100,9.3453
2010-11-12,9.89,9.96,9.87,9.87,10800,9.3548
2010-11-11,9.83,10.10,9.83,10.00,11900,9.478
2010-11-10,10.02,10.03,9.93,9.96,28000,9.4401
2010-11-09,10.12,10.20,9.73,9.96,32200,9.4401
2010-11-08,10.10,10.18,10.10,10.14,21700,9.6107
2010-11-05,10.22,10.22,10.09,10.16,21800,9.6297
2010-11-04,10.08,10.26,9.95,10.15,56800,9.6202
2010-11-03,10.06,10.07,9.876,9.90,17900,9.3832
2010-11-02,9.96,10.08,9.91,9.95,30100,9.4306
2010-11-01,9.91,9.96,9.77,9.84,30700,9.3264
2010-10-29,9.90,9.9501,9.88,9.91,14400,9.3927
2010-10-28,10.04,10.09,9.9201,9.95,8100,9.4306
2010-10-27,10.06,10.10,9.91,9.94,16500,9.4211
2010-10-26,10.01,10.14,10.01,10.09,14000,9.5633
2010-10-25,10.24,10.24,10.08,10.10,29900,9.5728
2010-10-22,10.08,10.21,10.03,10.21,11500,9.677
2010-10-21,10.23,10.28,9.989,10.07,26800,9.5444
2010-10-20,10.28,10.33,10.13,10.15,20700,9.6202
2010-10-19,10.15,10.30,10.14,10.20,29700,9.6676
2010-10-18,10.31,10.34,10.19,10.31,16600,9.7718
2010-10-15,10.35,10.35,10.27,10.27,28400,9.7339
2010-10-14,10.28,10.45,10.1701,10.26,26600,9.7244
2010-10-13,10.18,10.44,10.16,10.33,24600,9.7908
2010-10-12,10.14,10.24,10.14,10.18,8000,9.6486
2010-10-11,10.24,10.36,10.15,10.20,12300,9.6676
2010-10-08,10.08,10.35,10.03,10.27,42400,9.7339
2010-10-07,10.40,10.40,10.08,10.08,19300,9.5538
2010-10-06,10.40,10.42,10.33,10.37,17200,9.8287
2010-10-05,10.35,10.45,10.31,10.40,45100,9.8571
2010-10-04,10.54,10.54,10.25,10.27,16700,9.7339
2010-10-01,10.56,10.63,10.53,10.56,13000,9.933
2010-09-30,10.69,10.69,10.50,10.53,22700,9.9047
2010-09-29,10.49,10.67,10.26,10.67,15800,10.0364
2010-09-28,10.45,10.57,10.28,10.56,9400,9.933
2010-09-27,10.63,10.63,10.42,10.45,12300,9.8295
2010-09-24,10.39,10.62,10.25,10.62,22900,9.9894
2010-09-23,10.34,10.493,10.26,10.26,10900,9.6508
2010-09-22,10.56,10.65,10.41,10.43,11400,9.8107
2010-09-21,10.79,10.79,10.61,10.62,19400,9.9894
2010-09-20,10.39,10.80,10.39,10.79,53100,10.1493
2010-09-17,10.32,10.40,10.28,10.35,38000,9.7354
2010-09-16,10.40,10.40,10.17,10.21,21800,9.6037
2010-09-15,10.56,10.59,10.39,10.46,20200,9.8389
2010-09-14,10.66,10.66,10.42,10.57,38900,9.9424
2010-09-13,10.52,10.79,10.52,10.66,28700,10.027
2010-09-10,10.59,10.59,10.40,10.44,13200,9.8201
2010-09-09,10.74,10.74,10.46,10.53,9100,9.9047
2010-09-08,10.47,10.72,10.47,10.64,19800,10.0082
2010-09-07,10.72,10.75,10.38,10.47,21100,9.8483
2010-09-03,10.61,10.77,10.26,10.76,12700,10.1211
2010-09-02,10.57,10.68,10.39,10.51,14500,9.8859
2010-09-01,10.37,10.58,10.20,10.58,31700,9.9518
2010-08-31,10.28,10.30,10.11,10.24,52900,9.632
2010-08-30,10.44,10.67,10.21,10.26,17400,9.6508
2010-08-27,10.35,10.50,10.18,10.50,36100,9.8765
2010-08-26,10.35,10.443,10.23,10.27,21100,9.6602
2010-08-25,10.11,10.36,10.11,10.34,18500,9.726
2010-08-24,10.20,10.26,10.16,10.19,21000,9.5849
2010-08-23,10.55,10.55,10.31,10.31,31100,9.6978
2010-08-20,10.43,10.58,10.35,10.51,23200,9.8859
2010-08-19,10.75,10.78,10.43,10.44,20500,9.8201
2010-08-18,10.73,10.98,10.70,10.81,24100,10.1681
2010-08-17,10.71,10.83,10.64,10.77,15900,10.1305
2010-08-16,10.50,10.72,10.50,10.71,13500,10.074
2010-08-13,10.55,10.71,10.28,10.59,24300,9.9612
2010-08-12,10.51,10.84,10.11,10.54,56800,9.9141
2010-08-11,10.82,10.878,10.55,10.61,36400,9.98
2010-08-10,11.07,11.08,10.89,10.90,16400,10.2528
2010-08-09,11.09,11.18,11.00,11.17,12100,10.5067
2010-08-06,11.12,11.19,10.89,11.07,50000,10.4127
2010-08-05,11.36,11.43,11.16,11.16,31500,10.4973
2010-08-04,11.47,11.56,11.42,11.46,18000,10.7795
2010-08-03,11.44,11.60,11.33,11.46,28100,10.7795
2010-08-02,11.61,11.63,11.36,11.50,22000,10.8171
2010-07-30,11.37,11.67,11.30,11.41,44300,10.7325
2010-07-29,11.60,11.62,11.30,11.50,64000,10.8171
2010-07-28,11.59,11.72,11.45,11.48,28700,10.7983
2010-07-27,11.53,11.75,11.43,11.64,81200,10.9488
2010-07-26,11.46,11.52,11.35,11.45,27600,10.7701
2010-07-23,11.21,11.43,11.13,11.40,47400,10.7231
2010-07-22,11.15,11.25,11.05,11.23,48500,10.5632
2010-07-21,11.23,11.25,10.97,11.00,50400,10.3468
2010-07-20,10.74,11.31,10.71,11.19,78900,10.5255
2010-07-19,10.83,10.97,10.70,10.86,38200,10.2151
2010-07-16,10.91,11.06,10.78,10.83,54000,10.1869
2010-07-15,11.07,11.14,10.84,11.00,25300,10.3468
2010-07-14,11.18,11.18,11.05,11.09,25800,10.4315
2010-07-13,11.13,11.26,11.11,11.23,43100,10.5632
2010-07-12,11.18,11.31,11.00,11.01,34100,10.3562
2010-07-09,11.21,11.31,11.15,11.25,22100,10.582
2010-07-08,11.27,11.28,11.00,11.20,41600,10.535
2010-07-07,10.91,11.16,10.81,11.14,47400,10.4785
2010-07-06,11.00,11.22,10.82,10.84,32000,10.1963
2010-07-02,10.91,11.03,10.68,10.87,27800,10.2245
2010-07-01,10.85,11.05,10.81,10.96,47300,10.234
2010-06-30,10.90,11.05,10.81,10.86,58200,10.1406
2010-06-29,10.95,11.00,10.82,10.87,56100,10.1499
2010-06-28,10.99,11.07,10.95,10.99,15900,10.262
2010-06-25,11.03,11.19,10.97,10.97,303900,10.2433
2010-06-24,11.05,11.26,10.98,10.98,26700,10.2526
2010-06-23,11.08,11.35,11.06,11.14,38000,10.402
2010-06-22,11.34,11.45,11.12,11.12,37800,10.3834
2010-06-21,11.49,11.52,11.28,11.29,18500,10.5421
2010-06-18,11.42,11.45,11.33,11.35,38900,10.5981
2010-06-17,11.23,11.35,11.16,11.35,30000,10.5981
2010-06-16,11.19,11.53,11.19,11.21,31900,10.4674
2010-06-15,11.28,11.43,11.14,11.30,39200,10.5514
2010-06-14,11.54,11.54,11.12,11.19,22600,10.4487
2010-06-11,11.30,11.47,11.19,11.42,23400,10.6635
2010-06-10,11.34,11.50,11.19,11.35,28900,10.5981
2010-06-09,11.37,11.50,11.10,11.17,20100,10.43
2010-06-08,11.22,11.38,11.10,11.23,45000,10.4861
2010-06-07,11.10,11.39,11.09,11.14,27100,10.402
2010-06-04,11.43,11.53,11.03,11.08,49100,10.346
2010-06-03,11.55,11.80,11.55,11.71,28000,10.9343
2010-06-02,11.18,11.64,11.18,11.63,28400,10.8596
2010-06-01,11.43,11.58,11.17,11.17,20800,10.43
2010-05-28,12.02,12.02,11.53,11.55,21900,10.7849
2010-05-27,11.85,12.19,11.85,12.09,31400,11.2891
2010-05-26,11.32,11.75,11.32,11.66,31500,10.8876
2010-05-25,11.23,11.45,11.12,11.27,47300,10.5234
2010-05-24,11.50,11.85,11.38,11.46,19100,10.7008
2010-05-21,11.40,11.60,11.38,11.54,26100,10.7755
2010-05-20,11.60,11.72,11.40,11.54,55600,10.7755
2010-05-19,12.02,12.09,11.80,11.85,35300,11.065
2010-05-18,12.44,12.44,11.95,12.02,20400,11.2237
2010-05-17,12.21,12.47,12.18,12.43,8000,11.6066
2010-05-14,12.26,12.40,11.98,12.13,18600,11.3264
2010-05-13,12.40,12.45,12.24,12.32,13800,11.5039
2010-05-12,12.43,12.50,12.25,12.46,33200,11.6346
2010-05-11,11.87,12.49,11.87,12.44,37600,11.6159
2010-05-10,11.78,12.00,11.64,11.97,36100,11.177
2010-05-07,11.45,11.59,11.35,11.42,43500,10.6635
2010-05-06,11.64,11.79,11.01,11.39,28300,10.6355
2010-05-05,11.83,11.83,11.65,11.68,34000,10.9063
2010-05-04,11.81,11.88,11.69,11.80,31800,11.0183
2010-05-03,11.65,11.99,11.65,11.95,34200,11.1584
2010-04-30,12.30,12.34,11.67,11.70,43500,10.9249
2010-04-29,12.39,12.45,12.21,12.33,31200,11.5132
2010-04-28,12.33,12.34,12.1601,12.28,9600,11.4665
2010-04-27,12.35,12.57,12.22,12.22,40000,11.4105
2010-04-26,12.36,12.5399,12.26,12.44,23000,11.6159
2010-04-23,12.67,12.67,12.3575,12.41,26300,11.5879
2010-04-22,12.24,12.69,12.24,12.65,19400,11.812
2010-04-21,12.25,12.43,12.16,12.37,37500,11.5505
2010-04-20,12.16,12.43,11.92,12.43,23600,11.6066
2010-04-19,12.24,12.49,12.12,12.18,41300,11.3731
2010-04-16,12.51,12.58,12.31,12.31,21500,11.4945
2010-04-15,12.52,12.61,12.28,12.51,25300,11.6813
2010-04-14,12.30,12.62,12.26,12.57,14500,11.7373
2010-04-13,12.34,12.35,12.17,12.32,11200,11.5039
2010-04-12,12.23,12.37,12.22,12.25,12500,11.4385
2010-04-09,12.47,12.54,12.29,12.30,19400,11.4105
2010-04-08,12.53,12.60,12.37,12.51,12900,11.6053
2010-04-07,12.47,12.69,12.34,12.60,28000,11.6888
2010-04-06,12.23,12.57,12.21,12.52,13100,11.6146
2010-04-05,12.10,12.42,12.10,12.42,8000,11.5218
2010-04-01,12.57,12.57,12.07,12.09,19800,11.2157
2010-03-31,12.41,12.73,12.39,12.54,21700,11.6331
2010-03-30,12.37,12.59,12.37,12.49,23200,11.5867
2010-03-29,12.52,12.60,12.37,12.55,6000,11.6424
2010-03-26,12.56,12.79,12.51,12.52,9900,11.6146
2010-03-25,12.65,12.75,12.47,12.54,24500,11.6331
2010-03-24,12.52,12.76,12.47,12.60,14300,11.6888
2010-03-23,12.67,12.96,12.49,12.79,13000,11.865
2010-03-22,12.41,12.70,12.41,12.65,9100,11.7352
2010-03-19,12.68,12.70,12.42,12.47,29900,11.5682
2010-03-18,12.38,12.70,12.25,12.60,35700,11.6888
2010-03-17,12.38,12.41,12.24,12.35,13400,11.4569
2010-03-16,12.37,12.39,12.19,12.39,8900,11.494
2010-03-15,12.34,12.40,12.21,12.36,9600,11.4661
2010-03-12,12.33,12.35,12.27,12.35,6900,11.4569
2010-03-11,12.20,12.34,12.13,12.34,29200,11.4476
2010-03-10,12.24,12.33,12.12,12.30,8200,11.4105
2010-03-09,12.25,12.35,12.15,12.28,6400,11.3919
2010-03-08,12.18,12.29,12.12,12.17,6600,11.2899
2010-03-05,12.15,12.30,12.10,12.22,23600,11.3363
2010-03-04,12.13,12.20,12.07,12.12,5500,11.2435
2010-03-03,12.35,12.35,11.79,12.13,41600,11.2528
2010-03-02,12.35,12.40,12.10,12.31,20800,11.4198
2010-03-01,12.26,12.32,12.13,12.30,14500,11.4105
2010-02-26,12.39,12.39,12.07,12.22,30700,11.3363
2010-02-25,12.22,12.40,12.05,12.39,38600,11.494
2010-02-24,12.21,12.39,12.04,12.39,33500,11.494
2010-02-23,12.02,12.24,11.85,12.01,28200,11.1415
2010-02-22,12.03,12.03,11.77,12.03,21600,11.16
2010-02-19,12.01,12.01,11.75,11.98,10700,11.1136
2010-02-18,12.02,12.06,11.86,12.01,10000,11.1415
2010-02-17,12.01,12.01,11.81,12.00,18800,11.1322
2010-02-16,11.86,11.96,11.83,11.94,8800,11.0765
2010-02-12,11.69,11.945,11.63,11.80,12200,10.9466
2010-02-11,11.92,12.00,11.54,11.88,8500,11.0209
2010-02-10,12.00,12.00,11.44,11.68,5500,10.8353
2010-02-09,11.66,11.75,11.49,11.67,7900,10.826
2010-02-08,11.545,11.78,11.43,11.44,22500,10.6127
2010-02-05,11.34,11.80,11.34,11.66,20200,10.8168
2010-02-04,11.52,11.64,11.32,11.32,22100,10.5014
2010-02-03,11.62,11.79,11.43,11.56,38500,10.724
2010-02-02,11.55,11.85,11.47,11.59,51500,10.7518
2010-02-01,11.56,11.90,11.55,11.68,33100,10.8353
2010-01-29,11.93,12.08,11.69,11.74,49700,10.891
2010-01-28,12.05,12.13,11.65,11.75,32200,10.9003
2010-01-27,11.51,11.90,11.37,11.88,34800,11.0209
2010-01-26,11.47,11.54,11.37,11.45,14400,10.622
2010-01-25,11.33,11.58,11.29,11.44,12700,10.6127
2010-01-22,11.70,11.70,11.44,11.47,19800,10.6405
2010-01-21,11.72,11.82,11.42,11.53,25100,10.6962
2010-01-20,11.90,11.90,11.68,11.74,20200,10.891
2010-01-19,11.70,11.95,11.60,11.95,10500,11.0858
2010-01-15,11.89,11.97,11.74,11.825,26400,10.9698
2010-01-14,11.86,11.97,11.76,11.93,8000,11.0672
2010-01-13,11.99,11.99,11.78,11.93,8700,11.0672
2010-01-12,11.96,12.14,11.54,11.60,59600,10.7611
2010-01-11,12.43,12.45,12.06,12.14,17200,11.2621
2010-01-08,12.25,12.39,12.16,12.38,14700,11.4847
2010-01-07,12.34,12.58,12.33,12.42,50700,11.5218
2010-01-06,12.56,12.72,12.31,12.43,52500,11.5311
2010-01-05,12.50,12.56,12.21,12.47,27700,11.5682
2010-01-04,12.68,12.77,12.28,12.53,25700,11.6239
2009-12-31,12.50,12.55,12.34,12.36,14200,11.3919
2009-12-30,12.69,12.69,12.22,12.50,14300,11.521
2009-12-29,12.58,12.71,12.37,12.63,8700,11.6408
2009-12-28,12.33,12.72,12.20,12.48,56600,11.5025
2009-12-24,12.29,12.31,12.05,12.31,13800,11.3458
2009-12-23,12.49,12.49,12.29,12.32,9200,11.3551
2009-12-22,12.18,12.32,12.10,12.29,15000,11.3274
2009-12-21,12.02,12.28,11.89,12.22,28000,11.2629
2009-12-18,11.97,12.25,11.97,12.25,57700,11.2905
2009-12-17,12.25,12.40,11.75,12.06,44300,11.1154
2009-12-16,12.45,12.45,12.13,12.19,16000,11.2352
2009-12-15,12.35,12.69,12.03,12.21,20200,11.2537
2009-12-14,12.43,12.43,12.00,12.35,5200,11.3827
2009-12-11,12.43,12.47,12.21,12.31,5700,11.3458
2009-12-10,12.22,12.66,12.14,12.28,11800,11.3182
2009-12-09,12.26,12.53,12.26,12.48,7500,11.5025
2009-12-08,12.61,12.61,12.26,12.42,14400,11.4472
2009-12-07,12.66,12.66,12.351,12.47,14700,11.4933
2009-12-04,12.38,12.60,12.13,12.53,27300,11.5486
2009-12-03,12.45,12.45,12.20,12.22,11200,11.2629
2009-12-02,12.26,12.38,12.19,12.31,10500,11.3458
2009-12-01,12.04,12.23,11.96,12.18,14300,11.226
2009-11-30,11.87,12.01,11.74,12.01,29500,11.0693
2009-11-27,12.12,12.12,11.84,11.84,7800,10.9127
2009-11-25,12.33,12.34,12.20,12.23,5300,11.2721
2009-11-24,12.23,12.24,12.08,12.18,13300,11.226
2009-11-23,12.22,12.40,12.06,12.23,13300,11.2721
2009-11-20,11.94,12.13,11.91,12.05,32700,11.1062
2009-11-19,12.01,12.13,11.85,11.98,29200,11.0417
2009-11-18,12.21,12.22,12.01,12.16,14500,11.2076
2009-11-17,12.32,12.36,12.10,12.14,27400,11.1892
2009-11-16,12.47,12.53,12.39,12.45,20100,11.4749
2009-11-13,12.32,12.45,12.29,12.38,11800,11.4104
2009-11-12,12.42,12.60,12.22,12.30,36600,11.3366
2009-11-11,12.54,12.68,12.39,12.45,25600,11.4749
2009-11-10,12.78,12.80,12.40,12.42,21100,11.4472
2009-11-09,12.80,12.82,12.62,12.74,33000,11.7422
2009-11-06,12.87,12.87,12.43,12.74,27600,11.7422
2009-11-05,12.34,12.53,12.16,12.38,111500,11.4104
2009-11-04,12.46,12.46,12.23,12.26,30400,11.2998
2009-11-03,12.38,12.62,12.29,12.36,44300,11.3919
2009-11-02,12.40,12.43,12.30,12.43,26400,11.4564
2009-10-30,12.59,12.60,12.36,12.39,48300,11.4196
2009-10-29,12.66,12.876,12.64,12.66,17100,11.6684
2009-10-28,12.57,12.67,12.45,12.55,18000,11.5671
2009-10-27,12.63,12.76,12.52,12.55,20800,11.5671
2009-10-26,12.76,12.90,12.52,12.56,28000,11.5763
2009-10-23,12.75,12.87,12.60,12.63,14600,11.6408
2009-10-22,12.60,12.83,12.60,12.75,10200,11.7514
2009-10-21,12.81,12.84,12.491,12.58,34100,11.5947
2009-10-20,12.97,12.97,12.78,12.80,10100,11.7975
2009-10-19,12.91,13.19,12.8201,12.96,12100,11.9449
2009-10-16,12.85,12.93,12.79,12.83,12300,11.8251
2009-10-15,12.81,12.99,12.78,12.90,26100,11.8896
2009-10-14,12.84,12.90,12.58,12.89,23600,11.8804
2009-10-13,12.76,12.83,12.63,12.73,16900,11.733
2009-10-12,12.88,12.90,12.64,12.76,13800,11.7606
2009-10-09,12.64,12.80,12.6222,12.80,8700,11.7975
2009-10-08,12.70,12.76,12.50,12.65,24800,11.6592
2009-10-07,12.54,12.72,12.40,12.67,25600,11.6777
2009-10-06,12.60,12.70,12.33,12.69,32700,11.6961
2009-10-05,12.45,12.62,12.21,12.50,19900,11.521
2009-10-02,12.33,12.59,12.32,12.42,14600,11.3735
2009-10-01,12.41,12.60,12.38,12.41,29500,11.3643
2009-09-30,12.67,12.72,12.37,12.43,31700,11.3827
2009-09-29,12.85,12.86,12.61,12.62,15400,11.5566
2009-09-28,12.72,12.91,12.60,12.78,22200,11.7032
2009-09-25,12.67,12.78,12.52,12.62,13700,11.5566
2009-09-24,12.85,12.85,12.38,12.63,33200,11.5658
2009-09-23,12.96,13.10,12.76,12.76,23500,11.6848
2009-09-22,13.03,13.05,12.77,12.98,24800,11.8863
2009-09-21,12.78,13.02,12.62,12.93,29200,11.8405
2009-09-18,12.89,12.90,12.70,12.89,42000,11.8039
2009-09-17,12.83,12.90,12.65,12.80,12300,11.7215
2009-09-16,12.86,12.95,12.60,12.86,12000,11.7764
2009-09-15,12.65,12.81,12.55,12.76,17600,11.6848
2009-09-14,12.48,12.74,12.48,12.71,11200,11.6391
2009-09-11,12.73,12.73,12.39,12.57,37300,11.5109
2009-09-10,12.64,12.79,12.42,12.77,80700,11.694
2009-09-09,12.56,12.84,12.39,12.70,105700,11.6299
2009-09-08,12.55,12.80,12.29,12.48,69700,11.4284
2009-09-04,12.21,12.92,12.21,12.45,142000,11.401
2009-09-03,12.43,12.69,12.26,12.46,25100,11.4101
2009-09-02,12.51,12.58,12.38,12.41,9000,11.3643
2009-09-01,12.55,12.90,12.39,12.42,37400,11.3735
2009-08-31,12.63,12.77,12.47,12.66,23400,11.5933
2009-08-28,13.03,13.03,12.49,12.69,61700,11.6207
2009-08-27,12.50,13.10,12.44,12.91,52800,11.8222
2009-08-26,12.73,12.8999,12.53,12.84,21700,11.7581
2009-08-25,13.06,13.11,12.6432,12.74,21100,11.6665
2009-08-24,13.24,13.25,12.82,13.04,16400,11.9413
2009-08-21,13.07,13.35,12.66,13.25,64900,12.1336
2009-08-20,12.58,12.95,12.45,12.93,20000,11.8405
2009-08-19,12.18,12.63,12.01,12.63,24300,11.5658
2009-08-18,12.29,12.55,12.095,12.25,26800,11.2178
2009-08-17,12.22,12.46,11.88,12.27,30200,11.2361
2009-08-14,12.92,12.92,12.24,12.40,24300,11.3552
2009-08-13,13.11,13.11,12.70,12.90,210300,11.8131
2009-08-12,12.62,13.30,12.47,13.08,73500,11.9779
2009-08-11,12.57,12.90,12.28,12.57,79600,11.5109
2009-08-10,12.61,13.00,12.34,12.75,38700,11.6757
2009-08-07,12.42,12.77,12.23,12.75,27600,11.6757
2009-08-06,12.65,12.70,12.31,12.31,25500,11.2728
2009-08-05,13.00,13.01,12.64,12.70,50100,11.6299
2009-08-04,12.84,13.15,12.62,13.03,13800,11.9321
2009-08-03,12.94,13.12,12.66,12.88,42500,11.7947
2009-07-31,13.26,13.35,12.8201,12.88,24000,11.7947
2009-07-30,13.35,13.35,12.96,13.35,62900,12.2251
2009-07-29,13.15,13.22,12.83,13.18,26200,12.0695
2009-07-28,12.93,13.35,12.86,13.29,43300,12.1702
2009-07-27,12.85,13.35,12.85,13.23,55100,12.1152
2009-07-24,13.08,13.35,12.74,13.25,35300,12.1336
2009-07-23,12.53,13.43,12.52,13.13,36300,12.0237
2009-07-22,12.21,12.66,12.05,12.57,106400,11.5109
2009-07-21,12.63,12.73,12.06,12.23,68100,11.1995
2009-07-20,12.54,12.75,12.23,12.49,53900,11.4376
2009-07-17,12.98,12.98,12.31,12.44,75400,11.3918
2009-07-16,12.96,13.29,12.71,13.02,66000,11.9229
2009-07-15,12.50,13.31,12.50,12.96,96700,11.868
2009-07-14,12.94,13.16,12.55,12.62,39200,11.5566
2009-07-13,12.26,12.93,12.11,12.93,44300,11.8405
2009-07-10,12.01,12.79,11.93,12.25,40900,11.2178
2009-07-09,12.05,12.31,11.84,12.04,45900,11.0255
2009-07-08,11.92,12.1799,11.79,11.94,37600,10.9339
2009-07-07,12.00,12.30,11.84,11.84,45300,10.8424
2009-07-06,11.91,12.27,11.90,11.93,50100,10.9248
2009-07-02,12.27,12.27,11.69,11.92,72900,10.8424
2009-07-01,12.57,12.90,12.00,12.39,86300,11.2699
2009-06-30,12.89,13.10,12.74,12.74,50200,11.5882
2009-06-29,13.75,13.75,12.78,12.84,69400,11.6792
2009-06-26,12.87,14.05,12.62,14.05,205400,12.7798
2009-06-25,12.52,13.00,12.40,13.00,21900,11.8247
2009-06-24,12.74,13.21,12.32,12.57,82900,11.4336
2009-06-23,12.61,13.17,12.03,12.66,28600,11.5155
2009-06-22,12.63,12.71,12.44,12.56,37900,11.4245
2009-06-19,12.81,12.81,12.51,12.70,33200,11.5519
2009-06-18,12.58,12.83,12.33,12.65,42800,11.5064
2009-06-17,12.60,12.93,12.37,12.63,37800,11.4882
2009-06-16,12.58,12.97,12.54,12.56,24600,11.4245
2009-06-15,12.90,12.90,12.56,12.69,29700,11.5428
2009-06-12,13.13,13.23,12.94,13.00,75000,11.8247
2009-06-11,13.17,13.47,13.11,13.27,31900,12.0703
2009-06-10,13.46,13.46,12.90,13.10,24600,11.9157
2009-06-09,13.36,13.60,13.30,13.35,35500,12.1431
2009-06-08,13.29,13.60,13.29,13.29,29400,12.0885
2009-06-05,13.38,13.43,13.18,13.28,13800,12.0794
2009-06-04,13.31,13.37,13.04,13.37,54500,12.1613
2009-06-03,13.33,13.47,13.08,13.20,42700,12.0066
2009-06-02,13.14,13.51,12.91,13.43,43600,12.2159
2009-06-01,12.65,13.25,12.40,13.25,45200,12.0521
2009-05-29,12.19,12.59,11.93,12.59,58500,11.4518
2009-05-28,12.32,12.61,11.88,12.12,50400,11.0243
2009-05-27,12.68,12.80,12.15,12.18,62300,11.0789
2009-05-26,11.83,12.97,11.83,12.80,73300,11.6428
2009-05-22,11.91,12.19,11.84,11.885,37100,10.8105
2009-05-21,12.04,12.50,11.58,11.83,56700,10.7605
2009-05-20,12.64,12.85,12.07,12.12,53500,11.0243
2009-05-19,12.93,12.93,12.34,12.49,37300,11.3608
2009-05-18,12.26,12.99,12.12,12.80,88400,11.6428
2009-05-15,12.76,12.84,11.87,12.09,45700,10.997
2009-05-14,12.82,13.10,12.59,12.60,70600,11.4609
2009-05-13,13.03,13.06,12.67,12.71,28900,11.5609
2009-05-12,13.50,13.50,12.97,13.25,8000,12.0521
2009-05-11,13.29,13.57,13.18,13.39,21500,12.1795
2009-05-08,13.29,13.64,13.16,13.45,54000,12.234
2009-05-07,13.27,13.27,12.85,13.18,19100,11.9885
2009-05-06,13.15,13.31,12.94,13.25,32700,12.0521
2009-05-05,13.18,13.25,12.85,13.07,58400,11.8884
2009-05-04,12.84,13.29,12.75,13.29,27200,12.0885
2009-05-01,12.98,13.10,12.71,12.71,48400,11.5609
2009-04-30,13.26,13.28,12.90,13.01,40800,11.8338
2009-04-29,13.34,13.35,12.82,13.20,154200,12.0066
2009-04-28,12.24,13.35,12.10,13.28,31600,12.0794
2009-04-27,12.76,12.88,12.29,12.66,88300,11.5155
2009-04-24,12.78,13.11,12.40,12.97,17800,11.7974
2009-04-23,13.23,13.23,12.46,12.71,27900,11.5609
2009-04-22,13.12,13.35,12.86,13.18,36900,11.9885
2009-04-21,12.34,13.35,12.10,13.34,58200,12.134
2009-04-20,12.92,13.18,12.34,12.35,32200,11.2335
2009-04-17,13.28,13.44,13.05,13.14,31900,11.9521
2009-04-16,13.24,13.41,12.88,13.32,38600,12.1158
2009-04-15,13.13,13.33,12.99,13.16,15100,11.9703
2009-04-14,13.03,13.35,13.03,13.08,21000,11.8975
2009-04-13,12.90,13.25,12.77,13.25,33300,12.0521
2009-04-09,12.89,13.35,12.57,13.25,51400,12.0521
2009-04-08,12.57,12.9932,12.34,12.91,20800,11.7429
2009-04-07,12.13,12.82,12.08,12.28,52500,11.1698
2009-04-06,12.88,12.95,12.15,12.30,52200,11.188
2009-04-03,13.09,13.25,12.65,12.80,48900,11.57
2009-04-02,12.87,13.21,12.79,12.90,23800,11.6604
2009-04-01,12.68,12.82,12.24,12.58,40200,11.3712
2009-03-31,12.69,12.99,12.42,12.95,32900,11.7056
2009-03-30,12.40,12.82,12.30,12.52,8000,11.3169
2009-03-27,12.76,12.9899,12.58,12.65,20600,11.4345
2009-03-26,12.88,13.05,12.35,13.00,48500,11.7508
2009-03-25,12.27,12.87,11.69,12.80,57500,11.57
2009-03-24,12.83,13.08,12.15,12.15,16900,10.9825
2009-03-23,12.79,13.00,11.84,13.00,68400,11.7508
2009-03-20,13.00,13.00,12.40,12.46,31400,11.2627
2009-03-19,13.00,13.00,12.35,13.00,16300,11.7508
2009-03-18,12.25,13.06,12.25,13.06,16800,11.8051
2009-03-17,11.51,12.26,11.30,12.26,21500,11.0819
2009-03-16,11.56,11.92,11.23,11.27,7900,10.1871
2009-03-13,11.18,11.63,10.60,11.56,27700,10.4492
2009-03-12,10.08,11.19,10.08,11.16,52000,10.0876
2009-03-11,10.40,10.44,10.13,10.15,10600,9.1747
2009-03-10,10.48,10.48,10.00,10.39,18300,9.3916
2009-03-09,10.05,10.30,9.70,9.70,18700,8.7679
2009-03-06,9.78,10.34,9.70,10.30,20800,9.3103
2009-03-05,10.33,10.4499,9.74,9.74,47400,8.8041
2009-03-04,10.38,10.54,10.25,10.51,10500,9.5001
2009-03-03,10.46,10.69,10.15,10.25,23000,9.2651
2009-03-02,10.95,10.95,10.22,10.27,30100,9.2832
2009-02-27,10.63,11.43,10.63,11.05,25600,9.9882
2009-02-26,10.79,10.98,10.56,10.75,18000,9.717
2009-02-25,10.78,11.08,10.50,10.69,20000,9.6628
2009-02-24,10.54,10.78,10.50,10.78,21500,9.7441
2009-02-23,10.65,10.65,10.50,10.50,18400,9.4911
2009-02-20,10.46,10.72,10.45,10.54,20200,9.5272
2009-02-19,10.75,10.92,10.60,10.60,18000,9.5814
2009-02-18,10.81,10.85,10.70,10.75,22900,9.717
2009-02-17,10.89,11.01,10.74,10.74,24400,9.708
2009-02-13,11.13,11.18,10.90,10.94,24900,9.8888
2009-02-12,11.00,11.14,10.90,10.94,4500,9.8888
2009-02-11,11.01,11.10,11.00,11.00,13400,9.943
2009-02-10,11.53,11.89,11.00,11.00,31900,9.943
2009-02-09,11.41,11.99,11.11,11.63,21900,10.5125
2009-02-06,11.07,11.50,11.05,11.48,21300,10.3769
2009-02-05,11.00,11.32,11.00,11.08,11000,10.0153
2009-02-04,11.03,11.39,10.99,11.00,12800,9.943
2009-02-03,11.23,11.39,11.00,11.05,26800,9.9882
2009-02-02,11.50,11.50,10.96,11.21,82500,10.1328
2009-01-30,11.82,11.82,11.38,11.38,30400,10.2865
2009-01-29,12.46,12.65,11.74,11.75,25700,10.6209
2009-01-28,12.35,12.77,12.24,12.55,13400,11.3441
2009-01-27,12.01,12.31,11.45,12.21,15000,11.0367
2009-01-26,11.86,12.46,11.77,12.01,38600,10.856
2009-01-23,11.39,11.89,11.29,11.81,28800,10.6752
2009-01-22,11.66,11.94,11.56,11.61,32100,10.4944
2009-01-21,11.30,11.89,10.90,11.88,76500,10.7384
2009-01-20,11.54,11.92,11.15,11.25,23600,10.169
2009-01-16,11.51,11.76,11.26,11.65,26500,10.5305
2009-01-15,11.59,11.80,11.23,11.76,26200,10.63
2009-01-14,11.76,12.37,11.57,11.75,31000,10.6209
2009-01-13,11.71,12.22,11.20,12.00,60100,10.8469
2009-01-12,12.21,12.53,11.7456,11.80,49200,10.6661
2009-01-09,12.67,12.77,12.17,12.23,28300,10.9825
2009-01-08,12.50,12.81,12.31,12.65,19500,11.3597
2009-01-07,12.61,12.72,12.0899,12.56,48700,11.2788
2009-01-06,12.94,13.07,12.50,12.68,71400,11.3866
2009-01-05,12.35,13.27,12.25,12.80,63000,11.4944
2009-01-02,12.54,13.14,12.33,12.39,87300,11.1262
2008-12-31,12.98,13.01,12.50,12.59,69200,11.3058
2008-12-30,12.61,13.12,12.61,12.90,17200,11.5842
2008-12-29,12.92,12.92,12.41,12.41,7300,11.1441
2008-12-26,12.97,13.10,12.93,12.93,5500,11.6111
2008-12-24,13.62,13.97,12.76,13.18,12200,11.8356
2008-12-23,14.14,14.44,13.3934,13.54,16900,12.1589
2008-12-22,13.50,14.01,13.50,14.01,33400,12.5809
2008-12-19,14.60,14.60,13.35,13.39,45800,12.0242
2008-12-18,14.06,14.42,13.80,14.40,27900,12.9312
2008-12-17,13.76,14.13,13.75,14.04,10400,12.6079
2008-12-16,14.00,14.10,13.50,13.96,42300,12.536
2008-12-15,13.90,13.99,13.69,13.76,7700,12.3564
2008-12-12,13.05,13.85,13.00,13.85,20700,12.4373
2008-12-11,13.56,14.25,13.14,13.14,15900,11.7997
2008-12-10,14.26,14.60,13.72,13.80,50600,12.3924
2008-12-09,14.23,14.50,14.12,14.13,11000,12.6887
2008-12-08,14.92,14.92,13.76,14.43,28700,12.9581
2008-12-05,13.67,14.52,13.44,14.52,20800,13.0389
2008-12-04,14.21,14.75,13.877,13.89,29500,12.4732
2008-12-03,14.19,14.50,13.86,14.38,44700,12.9132
2008-12-02,13.08,13.98,12.80,13.98,12100,12.554
2008-12-01,14.50,14.50,12.76,12.77,34300,11.4674
2008-11-28,14.75,14.75,14.08,14.72,11600,13.2185
2008-11-26,14.06,14.91,14.06,14.89,22800,13.3712
2008-11-25,14.66,14.77,14.26,14.40,20500,12.9312
2008-11-24,14.00,14.62,13.55,14.40,44900,12.9312
2008-11-21,14.31,14.60,13.8072,14.00,61900,12.572
2008-11-20,14.40,15.00,13.72,14.42,21900,12.9491
2008-11-19,14.68,15.00,14.57,14.57,34500,13.0838
2008-11-18,14.35,14.90,14.285,14.90,20200,13.3802
2008-11-17,13.88,15.18,13.88,14.29,64000,12.8324
2008-11-14,15.44,15.50,14.08,14.08,117000,12.6438
2008-11-13,14.91,15.86,14.76,15.69,58400,14.0896
2008-11-12,14.60,15.02,14.60,14.72,32400,13.2185
2008-11-11,14.68,15.24,14.68,14.92,13900,13.3981
2008-11-10,15.26,15.28,14.95,14.99,19100,13.461
2008-11-07,15.15,15.34,14.57,15.08,18400,13.5418
2008-11-06,14.32,15.21,14.32,15.02,34900,13.4879
2008-11-05,14.40,14.92,14.36,14.50,20200,13.021
2008-11-04,14.55,14.65,14.26,14.65,29800,13.1557
2008-11-03,14.39,14.54,13.91,14.50,20700,13.021
2008-10-31,14.47,14.55,13.81,14.55,40200,13.0659
2008-10-30,14.40,14.45,13.70,14.43,25800,12.9581
2008-10-29,14.22,14.47,13.86,14.05,25300,12.6169
2008-10-28,14.10,14.47,13.55,14.24,90400,12.7875
2008-10-27,13.80,14.01,13.55,13.81,26600,12.4013
2008-10-24,13.80,14.08,13.80,13.81,68900,12.4013
2008-10-23,13.55,14.50,13.55,14.01,200300,12.5809
2008-10-22,13.95,14.16,13.55,13.55,22200,12.1679
2008-10-21,13.69,14.21,13.69,13.87,15700,12.4552
2008-10-20,14.06,14.06,13.75,14.00,32900,12.572
2008-10-17,13.82,14.49,13.57,13.57,53800,12.1858
2008-10-16,14.18,14.25,13.68,14.18,40600,12.7336
2008-10-15,13.69,14.27,13.69,14.07,17500,12.6348
2008-10-14,14.97,15.00,14.00,14.19,34700,12.7426
2008-10-13,14.45,14.55,13.54,14.40,45000,12.9312
2008-10-10,12.01,13.766,11.78,13.47,154300,12.096
2008-10-09,14.06,15.03,12.59,12.59,45100,11.3058
2008-10-08,14.30,15.49,14.30,14.44,41400,12.9671
2008-10-07,15.00,15.00,14.75,14.75,9100,13.2455
2008-10-06,14.08,15.36,14.08,14.96,27200,13.434
2008-10-03,14.74,15.01,14.47,14.47,20400,12.9222
2008-10-02,14.55,14.64,14.30,14.33,30300,12.7972
2008-10-01,14.73,14.75,14.30,14.50,29000,12.949
2008-09-30,15.50,15.50,14.75,14.75,15500,13.1722
2008-09-29,15.21,16.49,14.90,14.91,28100,13.3151
2008-09-26,14.74,16.01,14.74,15.49,18500,13.8331
2008-09-25,15.69,15.70,14.79,15.45,15700,13.7973
2008-09-24,16.99,16.99,15.35,15.36,23100,13.717
2008-09-23,16.01,16.43,15.14,15.49,41900,13.8331
2008-09-22,14.61,15.00,14.61,14.99,23800,13.3866
2008-09-19,17.50,17.50,14.51,15.25,125600,13.6187
2008-09-18,14.94,15.65,14.50,15.45,55100,13.7973
2008-09-17,15.11,15.56,14.32,14.51,12700,12.9579
2008-09-16,14.50,15.57,14.50,15.57,22800,13.9045
2008-09-15,14.88,15.60,14.61,14.61,28900,13.0472
2008-09-12,15.10,15.21,14.64,14.89,14800,13.2972
2008-09-11,14.62,15.40,14.62,15.39,36500,13.7438
2008-09-10,15.21,15.21,14.70,15.00,16900,13.3955
2008-09-09,14.83,15.36,14.83,14.91,57600,13.3151
2008-09-08,15.09,15.09,14.86,14.98,17000,13.3776
2008-09-05,14.79,14.96,14.69,14.92,9400,13.324
2008-09-04,14.94,15.06,14.66,14.66,10300,13.0919
2008-09-03,14.90,15.05,14.67,15.04,27100,13.4312
2008-09-02,15.43,15.43,14.90,14.95,18000,13.3508
2008-08-29,15.33,15.33,15.05,15.19,12200,13.5652
2008-08-28,15.34,15.50,15.34,15.50,8900,13.842
2008-08-27,15.01,15.25,15.01,15.21,7700,13.583
2008-08-26,15.00,15.07,14.83,15.05,3500,13.4401
2008-08-25,15.37,15.49,14.99,15.05,10700,13.4401
2008-08-22,15.43,15.50,15.33,15.50,19500,13.842
2008-08-21,14.79,15.25,14.79,15.19,8600,13.5652
2008-08-20,15.30,15.30,14.98,15.09,16000,13.4759
2008-08-19,15.05,15.85,15.05,15.25,121600,13.6187
2008-08-18,15.25,15.63,15.13,15.31,13000,13.6723
2008-08-15,15.66,15.66,15.10,15.21,34900,13.583
2008-08-14,15.65,15.75,15.31,15.36,32200,13.717
2008-08-13,15.55,15.85,15.55,15.85,22400,14.1546
2008-08-12,15.57,15.73,15.57,15.70,14500,14.0206
2008-08-11,15.80,15.80,15.64,15.73,30200,14.0474
2008-08-08,14.97,15.85,14.90,15.77,26000,14.0831
2008-08-07,15.58,15.58,15.03,15.04,26900,13.4312
2008-08-06,15.53,15.84,15.53,15.78,13200,14.092
2008-08-05,15.52,15.83,15.52,15.83,24000,14.1367
2008-08-04,15.71,15.88,15.32,15.32,42100,13.6813
2008-08-01,15.20,16.35,14.11,16.25,115900,14.5118
2008-07-31,15.19,15.50,15.19,15.48,18600,13.8241
2008-07-30,15.28,15.45,15.13,15.45,27100,13.7973
2008-07-29,14.77,15.25,14.63,15.20,25900,13.5741
2008-07-28,15.50,15.50,14.68,14.69,15900,13.1186
2008-07-25,14.86,15.55,14.86,15.55,22200,13.8867
2008-07-24,15.39,15.39,15.05,15.06,14800,13.4491
2008-07-23,14.94,15.23,14.29,15.13,25100,13.5116
2008-07-22,14.36,15.25,14.36,15.24,32000,13.6098
2008-07-21,14.46,14.50,14.05,14.46,15300,12.9132
2008-07-18,14.23,14.49,13.05,14.42,40600,12.8775
2008-07-17,13.83,14.27,13.71,14.22,18000,12.6989
2008-07-16,12.84,13.83,12.84,13.83,22300,12.3506
2008-07-15,12.50,13.11,12.50,12.81,36800,11.4397
2008-07-14,12.80,12.80,12.60,12.60,24100,11.2522
2008-07-11,12.85,12.85,12.48,12.77,45900,11.404
2008-07-10,12.93,13.19,12.87,12.90,27500,11.5201
2008-07-09,13.46,13.46,12.92,12.92,20100,11.538
2008-07-08,13.05,13.62,12.98,13.62,31300,12.1631
2008-07-07,13.44,13.44,13.00,13.00,50000,11.6094
2008-07-03,13.16,13.68,13.14,13.21,10600,11.7255
2008-07-02,13.50,13.71,13.02,13.13,31900,11.6545
2008-07-01,13.15,13.99,13.15,13.99,30200,12.4179
2008-06-30,13.79,14.34,13.09,13.10,61600,11.6279
2008-06-27,13.80,13.91,13.35,13.69,157300,12.1516
2008-06-26,13.53,13.64,13.47,13.50,24200,11.9829
2008-06-25,13.56,13.78,13.48,13.67,35000,12.1338
2008-06-24,13.65,13.79,13.47,13.55,41100,12.0273
2008-06-23,13.84,13.84,13.65,13.78,25600,12.2315
2008-06-20,13.72,13.81,13.49,13.75,157700,12.2048
2008-06-19,13.82,13.82,13.50,13.79,63400,12.2403
2008-06-18,13.98,14.06,13.60,13.78,24900,12.2315
2008-06-17,14.46,14.46,14.05,14.05,41700,12.4711
2008-06-16,14.55,14.55,14.33,14.47,69500,12.8439
2008-06-13,14.50,14.53,14.40,14.53,27900,12.8972
2008-06-12,14.39,14.66,14.35,14.46,17100,12.835
2008-06-11,14.40,14.40,14.15,14.21,17500,12.6131
2008-06-10,14.17,14.91,14.14,14.47,62400,12.8439
2008-06-09,14.45,14.45,14.08,14.30,26400,12.693
2008-06-06,14.83,14.83,14.20,14.35,24700,12.7374
2008-06-05,14.25,14.96,13.93,14.96,31500,13.2789
2008-06-04,14.35,14.50,14.20,14.27,29500,12.6664
2008-06-03,14.52,14.65,14.25,14.44,51700,12.8173
2008-06-02,14.74,14.74,14.25,14.41,33700,12.7907
2008-05-30,14.74,14.87,14.33,14.82,31400,13.1546
2008-05-29,14.31,14.92,14.26,14.70,19400,13.0481
2008-05-28,14.60,14.68,14.00,14.34,23000,12.7285
2008-05-27,14.32,14.49,14.02,14.48,18200,12.8528
2008-05-23,14.19,14.36,13.97,14.28,19100,12.6753
2008-05-22,13.89,14.29,13.79,14.29,685400,12.6841
2008-05-21,14.08,14.08,13.71,13.78,17300,12.2315
2008-05-20,14.18,14.18,13.54,14.01,24500,12.4356
2008-05-19,14.78,14.81,14.21,14.30,32800,12.693
2008-05-16,15.20,15.20,14.35,14.81,28800,13.1457
2008-05-15,15.34,15.34,14.56,15.10,15100,13.4031
2008-05-14,15.50,15.50,15.32,15.37,12600,13.6428
2008-05-13,15.42,15.57,15.31,15.50,15600,13.7582
2008-05-12,14.57,15.56,14.57,15.37,11400,13.6428
2008-05-09,14.62,14.72,14.11,14.52,7000,12.8883
2008-05-08,15.27,15.27,14.40,14.54,16600,12.9061
2008-05-07,15.96,15.99,15.16,15.32,23000,13.5984
2008-05-06,15.46,16.00,15.16,15.98,18300,14.1842
2008-05-05,15.42,15.68,15.18,15.63,13900,13.8736
2008-05-02,15.92,15.92,15.44,15.53,14700,13.7848
2008-05-01,15.48,16.00,15.38,15.90,18200,14.1132
2008-04-30,15.82,15.88,15.40,15.52,12500,13.7759
2008-04-29,15.70,15.96,15.69,15.80,17200,14.0245
2008-04-28,15.87,16.00,15.87,16.00,15000,14.202
2008-04-25,15.76,15.95,15.72,15.92,10100,14.131
2008-04-24,15.37,16.00,14.88,15.75,40500,13.9801
2008-04-23,15.09,15.33,14.91,15.32,11600,13.5984
2008-04-22,15.27,15.28,14.75,15.00,23900,13.3144
2008-04-21,15.19,15.44,15.00,15.37,11500,13.6428
2008-04-18,14.93,15.84,14.37,15.29,33300,13.5718
2008-04-17,14.48,14.65,14.17,14.63,25900,12.9859
2008-04-16,14.47,14.65,14.235,14.59,24700,12.9504
2008-04-15,14.32,14.54,13.77,14.30,25100,12.693
2008-04-14,14.55,14.55,13.87,14.20,10500,12.6043
2008-04-11,13.56,14.88,13.56,14.52,38900,12.8883
2008-04-10,13.85,14.64,13.55,14.63,28600,12.9859
2008-04-09,14.05,14.05,13.85,13.91,11100,12.3468
2008-04-08,14.20,14.47,13.80,14.40,13700,12.7818
2008-04-07,14.89,14.89,14.19,14.22,10500,12.622
2008-04-04,15.45,15.45,14.64,14.82,18400,13.0836
2008-04-03,15.25,15.50,14.99,15.37,16300,13.5691
2008-04-02,15.34,15.48,15.12,15.43,15800,13.6221
2008-04-01,15.05,15.50,15.01,15.38,30800,13.578
2008-03-31,15.00,15.38,14.81,14.91,25500,13.163
2008-03-28,15.51,15.51,14.92,14.99,17800,13.2337
2008-03-27,15.60,15.95,15.38,15.46,43500,13.6486
2008-03-26,15.29,15.56,14.79,15.56,31600,13.7369
2008-03-25,15.24,15.55,15.10,15.55,19800,13.728
2008-03-24,15.46,15.71,15.22,15.48,38000,13.6662
2008-03-20,15.08,15.50,14.87,15.37,135900,13.5691
2008-03-19,14.67,15.13,14.62,14.84,44100,13.1012
2008-03-18,13.89,14.50,13.88,14.50,37500,12.8011
2008-03-17,13.52,14.11,13.45,13.48,54500,11.9006
2008-03-14,13.90,14.05,13.43,13.89,53500,12.2625
2008-03-13,13.74,14.51,13.50,14.49,48300,12.7922
2008-03-12,14.03,14.63,13.71,13.90,55200,12.2714
2008-03-11,13.40,14.20,13.40,14.00,41300,12.3597
2008-03-10,13.02,13.15,12.88,12.95,34700,11.4327
2008-03-07,12.75,13.09,12.75,12.95,52700,11.4327
2008-03-06,13.02,13.05,12.75,12.75,44000,11.2561
2008-03-05,13.06,13.24,12.86,13.01,93600,11.4857
2008-03-04,12.80,13.50,12.75,13.05,494100,11.521
2008-03-03,13.39,13.39,12.15,12.80,161700,11.3003
2008-02-29,14.08,14.30,13.29,13.35,57700,11.7858
2008-02-28,14.75,14.75,14.13,14.14,48000,12.4833
2008-02-27,14.81,14.93,14.61,14.84,14700,13.1012
2008-02-26,14.91,15.00,14.89,14.94,20400,13.1895
2008-02-25,14.51,14.98,14.25,14.97,17500,13.216
2008-02-22,15.08,15.14,14.32,14.48,44400,12.7834
2008-02-21,15.40,15.42,15.09,15.09,40300,13.3219
2008-02-20,15.21,15.33,15.00,15.28,28500,13.4897
2008-02-19,15.45,15.48,15.20,15.26,38600,13.472
2008-02-15,15.14,15.32,15.01,15.28,48000,13.4897
2008-02-14,15.30,15.46,15.07,15.22,48500,13.4367
2008-02-13,15.44,15.49,15.15,15.30,69200,13.5073
2008-02-12,15.29,15.51,14.24,15.37,63200,13.5691
2008-02-11,15.27,15.44,15.20,15.24,30300,13.4544
2008-02-08,15.39,15.46,15.20,15.28,40100,13.4897
2008-02-07,15.23,15.47,15.20,15.46,21000,13.6486
2008-02-06,15.30,15.80,15.30,15.63,71400,13.7987
2008-02-05,15.14,15.35,15.00,15.18,47700,13.4014
2008-02-04,15.68,15.79,14.95,15.34,84900,13.5427
2008-02-01,15.74,15.96,15.20,15.68,23700,13.8428
2008-01-31,15.20,15.75,15.18,15.72,5200,13.8781
2008-01-30,15.33,15.77,15.15,15.43,81600,13.6221
2008-01-29,15.71,15.71,15.25,15.47,33100,13.6574
2008-01-28,15.25,15.70,15.15,15.70,85400,13.8605
2008-01-25,14.99,15.38,14.71,15.25,65200,13.4632
2008-01-24,15.09,15.15,14.35,14.81,26600,13.0747
2008-01-23,13.80,15.11,13.80,15.10,66500,13.3308
2008-01-22,14.07,14.50,13.84,13.88,131800,12.2537
2008-01-18,14.26,14.50,14.15,14.22,44300,12.5539
2008-01-17,14.90,14.90,14.25,14.28,52900,12.6068
2008-01-16,14.20,14.94,14.20,14.82,30600,13.0836
2008-01-15,14.23,14.50,14.15,14.40,34100,12.7128
2008-01-14,14.74,14.74,14.01,14.40,49900,12.7128
2008-01-11,14.93,14.93,14.24,14.24,29900,12.5715
2008-01-10,14.37,15.26,14.37,15.02,29900,13.2601
2008-01-09,14.79,15.00,13.94,14.58,65700,12.8717
2008-01-08,15.40,15.67,14.80,14.85,51000,13.1101
2008-01-07,15.40,15.67,15.37,15.50,60700,13.6839
2008-01-04,15.32,15.62,15.30,15.50,60900,13.6309
2008-01-03,15.55,15.88,15.50,15.50,72800,13.6309
2008-01-02,15.63,15.65,15.31,15.60,58100,13.7189
2007-12-31,15.76,15.76,15.39,15.69,55300,13.798
2007-12-28,15.83,15.94,15.18,15.81,55500,13.9036
2007-12-27,15.90,15.99,15.67,15.67,34600,13.7804
2007-12-26,15.88,16.07,15.74,16.04,47800,14.1058
2007-12-24,16.00,16.00,15.67,15.89,35500,13.9739
2007-12-21,15.74,15.96,15.58,15.96,155000,14.0355
2007-12-20,15.58,15.60,15.36,15.50,37100,13.6309
2007-12-19,15.49,15.58,15.00,15.41,72100,13.5518
2007-12-18,15.50,15.54,15.08,15.48,87700,13.6133
2007-12-17,15.56,15.65,15.35,15.35,53500,13.499
2007-12-14,16.00,16.19,15.61,15.65,80400,13.7628
2007-12-13,16.02,16.29,15.90,16.08,100700,14.141
2007-12-12,16.20,16.49,15.96,16.13,139100,14.185
2007-12-11,16.30,16.47,16.04,16.14,68800,14.1938
2007-12-10,16.36,16.54,16.30,16.38,39300,14.4048
2007-12-07,16.30,16.485,16.18,16.35,47100,14.3784
2007-12-06,16.305,16.56,16.16,16.40,122600,14.4224
2007-12-05,16.10,16.36,16.00,16.23,94500,14.2729
2007-12-04,16.19,16.41,16.00,16.00,238800,14.0706
2007-12-03,16.11,16.52,16.11,16.23,319200,14.2729
2007-11-30,16.41,16.67,16.05,16.05,480000,14.1146
2007-11-29,16.40,16.42,16.11,16.28,34900,14.3169
2007-11-28,16.33,16.40,16.02,16.40,43900,14.4224
2007-11-27,16.01,16.20,15.85,16.16,66600,14.2113
2007-11-26,16.74,16.74,15.93,15.99,76300,14.0618
2007-11-23,17.05,17.05,16.59,16.76,38000,14.739
2007-11-21,17.08,17.20,16.97,16.98,31300,14.9325
2007-11-20,17.14,17.39,17.06,17.15,234800,15.082
2007-11-19,17.19,17.31,17.04,17.16,33000,15.0908
2007-11-16,17.17,17.43,17.10,17.34,66900,15.2491
2007-11-15,17.25,17.26,17.00,17.18,50600,15.1084
2007-11-14,17.57,17.57,17.21,17.30,109900,15.2139
2007-11-13,17.43,17.54,17.40,17.53,120300,15.4161
2007-11-12,17.43,17.45,17.22,17.30,42800,15.2139
2007-11-09,16.99,17.50,16.99,17.48,42800,15.3722
2007-11-08,17.13,17.35,16.99,17.07,49500,15.0116
2007-11-07,17.25,17.40,16.96,17.01,33200,14.9589
2007-11-06,17.01,17.49,17.01,17.47,23700,15.3634
2007-11-05,17.09,17.20,17.00,17.12,25200,15.0556
2007-11-02,17.15,17.48,17.11,17.22,44500,15.1435
2007-11-01,17.42,17.48,16.95,16.96,72200,14.9149
2007-10-31,17.60,17.61,17.46,17.47,34000,15.3634
2007-10-30,17.56,17.62,17.51,17.56,23400,15.4425
2007-10-29,17.69,17.69,17.52,17.64,58900,15.5129
2007-10-26,17.66,17.85,17.56,17.64,44600,15.5129
2007-10-25,17.46,17.69,17.40,17.47,58800,15.3634
2007-10-24,17.68,17.68,17.12,17.33,32000,15.2403
2007-10-23,17.91,17.91,17.58,17.74,25600,15.6008
2007-10-22,17.33,17.90,17.31,17.77,50000,15.6272
2007-10-19,17.85,17.85,17.32,17.34,48200,15.2491
2007-10-18,17.86,17.97,17.70,17.85,32000,15.6976
2007-10-17,17.99,18.00,17.60,18.00,43400,15.8295
2007-10-16,17.97,17.98,17.84,17.85,36800,15.6976
2007-10-15,17.81,18.00,17.61,17.98,177100,15.8119
2007-10-12,17.76,17.95,17.76,17.83,92700,15.68
2007-10-11,17.87,17.90,17.66,17.77,85300,15.6272
2007-10-10,17.72,17.85,17.71,17.85,100300,15.6976
2007-10-09,17.60,17.75,17.50,17.72,73200,15.5832
2007-10-08,17.68,17.68,17.48,17.55,19400,15.4337
2007-10-05,17.57,17.75,17.45,17.75,35800,15.6096
2007-10-04,17.50,17.58,17.45,17.53,22600,15.3634
2007-10-03,17.40,17.50,17.31,17.45,22300,15.2933
2007-10-02,17.49,17.56,17.35,17.50,124900,15.3371
2007-10-01,17.13,17.50,16.98,17.485,41300,15.3239
2007-09-28,17.05,17.13,17.00,17.10,29500,14.9865
2007-09-27,17.17,17.17,17.01,17.13,13000,15.0128
2007-09-26,17.17,17.19,17.05,17.17,26100,15.0479
2007-09-25,16.91,17.05,16.81,17.02,58700,14.9164
2007-09-24,17.20,17.25,17.00,17.04,22900,14.9339
2007-09-21,17.42,17.42,17.11,17.16,49700,15.0391
2007-09-20,17.46,17.49,17.09,17.26,19300,15.1268
2007-09-19,17.30,17.50,17.30,17.50,48800,15.3371
2007-09-18,17.04,17.30,16.94,17.28,32100,15.1443
2007-09-17,17.09,17.15,16.98,17.10,13100,14.9865
2007-09-14,17.00,17.16,16.93,17.10,28300,14.9865
2007-09-13,17.13,17.33,17.04,17.04,26000,14.9339
2007-09-12,17.025,17.09,16.97,17.08,18400,14.969
2007-09-11,17.08,17.11,16.91,17.10,17800,14.9865
2007-09-10,17.00,17.09,16.88,17.08,30400,14.969
2007-09-07,16.93,17.10,16.86,17.01,44600,14.9077
2007-09-06,17.00,17.10,16.99,17.07,31500,14.9602
2007-09-05,16.94,17.13,16.90,16.98,33900,14.8814
2007-09-04,17.03,17.11,16.98,17.07,75700,14.9602
2007-08-31,17.10,17.14,16.94,16.99,45700,14.8901
2007-08-30,16.94,17.15,16.89,17.04,28300,14.9339
2007-08-29,16.98,17.15,16.75,17.14,49300,15.0216
2007-08-28,16.75,16.98,16.75,16.95,62700,14.8551
2007-08-27,16.91,17.00,16.64,16.93,187500,14.8375
2007-08-24,16.64,16.98,16.64,16.98,15500,14.8814
2007-08-23,16.90,16.98,16.70,16.84,28200,14.7587
2007-08-22,16.90,16.90,16.83,16.85,47400,14.7674
2007-08-21,16.77,16.90,16.64,16.85,24600,14.7674
2007-08-20,16.81,16.90,16.56,16.70,61800,14.636
2007-08-17,16.98,16.98,16.67,16.77,99400,14.6973
2007-08-16,16.01,16.75,16.01,16.75,174000,14.6798
2007-08-15,16.29,16.46,16.01,16.46,99200,14.4256
2007-08-14,16.67,17.00,16.03,16.22,1128900,14.2153
2007-08-13,16.49,16.68,16.49,16.68,214700,14.6184
2007-08-10,15.95,16.44,15.81,16.41,339600,14.3818
2007-08-09,15.74,16.50,15.19,16.09,112900,14.1014
2007-08-08,15.20,16.30,15.20,16.30,106300,14.2854
2007-08-07,14.14,15.13,14.06,15.12,207000,13.2512
2007-08-06,13.66,14.35,13.55,14.28,104400,12.5151
2007-08-03,14.22,14.25,13.62,14.25,104300,12.4888
2007-08-02,14.39,14.39,14.255,14.39,38100,12.6115
2007-08-01,14.46,14.72,14.33,14.72,66100,12.9007
2007-07-31,14.83,15.00,14.44,14.47,47000,12.6816
2007-07-30,14.69,14.82,14.51,14.80,54600,12.9708
2007-07-27,14.80,14.91,14.70,14.70,60200,12.8832
2007-07-26,14.71,14.869,14.70,14.82,52200,12.9883
2007-07-25,14.81,14.99,14.81,14.99,74000,13.1373
2007-07-24,14.70,14.88,14.69,14.88,51600,13.0409
2007-07-23,14.75,14.89,14.75,14.89,25400,13.0497
2007-07-20,14.85,14.87,14.76,14.87,70100,13.0321
2007-07-19,14.81,14.85,14.70,14.85,26400,13.0146
2007-07-18,15.00,15.02,14.68,14.75,21600,12.927
2007-07-17,15.03,15.10,14.97,15.00,32700,13.1461
2007-07-16,15.00,15.15,15.00,15.03,174300,13.1724
2007-07-13,15.60,15.74,15.00,15.05,104900,13.1899
2007-07-12,15.95,15.95,15.58,15.60,79500,13.6719
2007-07-11,16.40,16.58,16.08,16.08,47300,14.0926
2007-07-10,16.66,16.66,16.41,16.66,54400,14.6009
2007-07-09,16.74,16.85,16.51,16.80,82900,14.7236
2007-07-06,16.69,16.89,16.69,16.81,11100,14.6798
2007-07-05,16.84,16.96,16.73,16.96,7900,14.8108
2007-07-03,16.71,17.00,16.71,17.00,40400,14.8457
2007-07-02,16.72,17.02,16.70,16.72,85800,14.6012
2007-06-29,16.89,16.89,16.542,16.57,38200,14.4702
2007-06-28,16.70,16.89,16.62,16.89,44300,14.7496
2007-06-27,16.37,16.70,16.32,16.70,27900,14.5837
2007-06-26,16.54,16.54,16.38,16.45,21900,14.3654
2007-06-25,16.63,16.74,16.35,16.44,66100,14.3567
2007-06-22,16.46,16.74,16.29,16.74,18400,14.6187
2007-06-21,16.35,16.59,16.35,16.59,14900,14.4877
2007-06-20,16.80,16.80,16.42,16.80,32100,14.6711
2007-06-19,16.46,16.72,16.46,16.72,6000,14.6012
2007-06-18,16.60,16.69,16.50,16.57,34600,14.4702
2007-06-15,16.40,16.59,16.20,16.59,82600,14.4877
2007-06-14,16.11,16.17,16.02,16.02,40000,13.9899
2007-06-13,16.27,16.49,16.07,16.13,72200,14.086
2007-06-12,16.30,16.37,16.00,16.12,60600,14.0772
2007-06-11,16.40,16.46,16.35,16.46,27900,14.3741
2007-06-08,16.41,16.65,16.41,16.65,39100,14.5401
2007-06-07,16.85,16.91,16.46,16.91,23100,14.7671
2007-06-06,16.65,16.84,16.65,16.84,25800,14.706
2007-06-05,17.13,17.14,16.65,16.81,26400,14.6798
2007-06-04,16.99,17.30,16.95,17.25,14700,15.064
2007-06-01,16.98,17.37,16.96,17.09,14400,14.9243
2007-05-31,16.71,16.93,16.71,16.93,63100,14.7846
2007-05-30,16.40,16.74,16.40,16.74,14300,14.6187
2007-05-29,16.50,16.50,16.37,16.50,6500,14.4091
2007-05-25,16.45,16.50,16.45,16.50,10600,14.4091
2007-05-24,16.27,16.46,16.26,16.45,65100,14.3654
2007-05-23,16.37,16.37,16.32,16.37,24100,14.2955
2007-05-22,16.08,16.50,16.08,16.42,31300,14.3392
2007-05-21,15.90,16.24,15.90,16.15,11400,14.1034
2007-05-18,16.07,16.07,15.82,15.90,12100,13.8851
2007-05-17,15.99,16.05,15.99,16.05,16300,14.0161
2007-05-16,16.08,16.08,16.06,16.08,9600,14.0423
2007-05-15,16.10,16.14,16.00,16.00,22300,13.9724
2007-05-14,16.15,16.23,16.15,16.23,27800,14.1733
2007-05-11,16.10,16.27,16.01,16.27,9100,14.2082
2007-05-10,16.31,16.33,15.86,16.00,23200,13.9724
2007-05-09,16.21,16.43,16.11,16.39,13600,14.313
2007-05-08,16.25,16.31,16.18,16.31,13600,14.2431
2007-05-07,16.25,16.31,16.25,16.31,264200,14.2431
2007-05-04,16.19,16.30,16.19,16.30,16800,14.2344
2007-05-03,16.03,16.17,16.00,16.16,17900,14.1122
2007-05-02,15.95,16.25,15.95,16.07,71900,14.0336
2007-05-01,15.93,16.07,15.84,15.96,29500,13.9375
2007-04-30,16.12,16.16,16.04,16.16,19500,14.1122
2007-04-27,16.00,16.19,15.90,16.18,26500,14.1296
2007-04-26,16.06,16.11,16.02,16.11,32000,14.0685
2007-04-25,16.29,16.29,16.13,16.29,5900,14.2257
2007-04-24,16.30,16.30,16.19,16.30,8600,14.2344
2007-04-23,16.23,16.29,16.22,16.29,15800,14.2257
2007-04-20,16.24,16.29,16.15,16.29,5400,14.2257
2007-04-19,16.03,16.20,16.00,16.05,19600,14.0161
2007-04-18,16.18,16.26,16.13,16.26,5400,14.1995
2007-04-17,16.28,16.40,16.24,16.29,11800,14.2257
2007-04-16,16.18,16.39,16.18,16.39,7600,14.313
2007-04-13,16.03,16.06,15.92,16.06,3900,13.9724
2007-04-12,15.86,16.24,15.75,16.11,31500,14.0159
2007-04-11,15.97,15.97,15.78,15.90,12800,13.8332
2007-04-10,15.69,15.95,15.66,15.95,15800,13.8767
2007-04-09,15.70,15.82,15.60,15.62,12500,13.5896
2007-04-05,15.64,15.80,15.64,15.76,11400,13.7114
2007-04-04,15.66,15.70,15.62,15.68,4100,13.6418
2007-04-03,15.60,15.75,15.56,15.70,12000,13.6592
2007-04-02,15.51,15.65,15.43,15.58,27500,13.5548
2007-03-30,15.18,15.50,15.15,15.50,37000,13.4852
2007-03-29,15.14,15.20,14.95,15.12,17900,13.1546
2007-03-28,15.17,15.20,15.00,15.08,28600,13.1198
2007-03-27,15.14,15.30,15.04,15.25,29500,13.2677
2007-03-26,15.05,15.16,15.01,15.12,2500,13.1546
2007-03-23,15.32,15.32,15.00,15.11,8900,13.1459
2007-03-22,15.50,15.50,15.16,15.17,19700,13.1981
2007-03-21,15.15,15.44,14.93,15.44,10100,13.433
2007-03-20,14.92,15.12,14.90,15.12,3600,13.1546
2007-03-19,15.05,15.10,14.90,14.90,20200,12.9632
2007-03-16,15.04,15.06,15.04,15.06,66100,13.1024
2007-03-15,14.95,15.05,14.85,15.05,4800,13.0937
2007-03-14,14.75,14.95,14.75,14.95,14500,13.0067
2007-03-13,14.94,15.01,14.75,15.01,36600,13.0589
2007-03-12,14.87,15.07,14.87,15.07,8200,13.1111
2007-03-09,15.05,15.10,14.97,15.10,12600,13.1372
2007-03-08,15.01,15.02,14.85,14.90,9400,12.9632
2007-03-07,15.10,15.27,15.00,15.03,21000,13.0763
2007-03-06,15.09,15.32,15.00,15.17,16000,13.1981
2007-03-05,14.90,15.11,14.90,15.11,33800,13.1459
2007-03-02,14.80,15.03,14.75,14.95,54800,13.0067
2007-03-01,14.75,14.95,14.75,14.95,18200,13.0067
2007-02-28,14.85,14.93,14.70,14.76,29000,12.8414
2007-02-27,15.07,15.13,14.81,14.85,51200,12.9197
2007-02-26,15.33,15.33,15.13,15.13,37300,13.1633
2007-02-23,15.38,15.49,15.35,15.49,10700,13.4765
2007-02-22,15.33,15.46,15.29,15.43,10500,13.4243
2007-02-21,15.36,15.41,15.27,15.34,20400,13.346
2007-02-20,15.50,15.50,15.20,15.47,33200,13.4591
2007-02-16,15.64,15.64,15.58,15.64,30900,13.607
2007-02-15,15.71,15.90,15.58,15.64,34400,13.607
2007-02-14,15.83,15.83,15.65,15.66,17100,13.6244
2007-02-13,15.8899,15.90,15.70,15.82,4900,13.7636
2007-02-12,15.82,15.89,15.82,15.89,9500,13.8245
2007-02-09,15.69,15.83,15.65,15.73,13100,13.6853
2007-02-08,15.88,15.88,15.68,15.73,2700,13.6853
2007-02-07,15.92,15.95,15.78,15.87,5800,13.8071
2007-02-06,15.75,15.96,15.75,15.93,5000,13.8593
2007-02-05,15.82,15.82,15.50,15.72,36200,13.6766
2007-02-02,15.77,15.91,15.77,15.91,10200,13.8419
2007-02-01,15.72,15.85,15.668,15.76,8300,13.7114
2007-01-31,15.53,15.88,15.53,15.71,18800,13.6679
2007-01-30,15.52,15.67,15.52,15.67,12400,13.6331
2007-01-29,15.65,15.69,15.50,15.59,11600,13.5635
2007-01-26,15.60,15.75,15.60,15.66,8800,13.6244
2007-01-25,15.92,15.92,15.51,15.60,17200,13.5722
2007-01-24,15.80,16.00,15.73,15.98,15400,13.9028
2007-01-23,15.915,15.99,15.78,15.81,11800,13.7549
2007-01-22,16.22,16.22,15.80,15.81,12800,13.7549
2007-01-19,15.89,16.30,15.80,16.11,33600,14.0159
2007-01-18,16.11,16.14,15.8501,15.93,20300,13.8593
2007-01-17,16.32,16.39,16.09,16.15,11600,14.0507
2007-01-16,16.50,16.74,16.30,16.42,37800,14.2856
2007-01-12,15.99,16.72,15.93,16.45,131800,14.3117
2007-01-11,15.75,16.49,15.65,16.03,236700,13.9463
2007-01-10,15.45,16.12,15.45,16.12,287600,14.0246
2007-01-09,15.51,16.20,15.51,16.20,127100,14.0942
2007-01-08,15.50,15.60,15.50,15.51,9800,13.4939
2007-01-05,15.74,15.74,15.45,15.50,31700,13.4852
2007-01-04,16.05,16.05,15.73,15.83,14300,13.7723
2007-01-03,16.39,16.60,15.90,16.05,33100,13.9637
2006-12-29,16.74,16.87,16.44,16.56,28100,14.4074
2006-12-28,16.45,16.70,16.45,16.63,25900,14.4683
2006-12-27,16.15,16.42,16.15,16.42,19800,14.2856
2006-12-26,15.87,16.15,15.87,16.15,7200,14.0507
2006-12-22,15.72,15.98,15.71,15.98,2100,13.9028
2006-12-21,15.98,15.99,15.70,15.77,6700,13.7201
2006-12-20,15.97,15.97,15.70,15.73,39000,13.6853
2006-12-19,15.65,15.85,15.65,15.70,15600,13.6592
2006-12-18,15.99,16.00,15.70,15.75,11700,13.7027
2006-12-15,15.96,16.12,15.89,15.92,42100,13.8506
2006-12-14,16.22,16.22,15.96,15.97,17800,13.8941
2006-12-13,16.22,16.24,16.01,16.08,4600,13.9898
2006-12-12,16.05,16.19,15.94,16.07,34400,13.9811
2006-12-11,15.90,16.05,15.88,16.04,20000,13.955
2006-12-08,15.90,15.95,15.85,15.95,46700,13.8767
2006-12-07,15.90,15.975,15.86,15.95,27900,13.8767
2006-12-06,16.00,16.00,15.89,15.91,31200,13.8419
2006-12-05,16.23,16.23,16.00,16.07,14100,13.9811
2006-12-04,15.85,16.21,15.80,16.21,56800,14.1029
2006-12-01,15.84,15.88,15.76,15.88,35600,13.8158
2006-11-30,15.92,16.00,15.82,15.89,46000,13.8245
2006-11-29,16.00,16.00,15.89,16.00,10700,13.9202
2006-11-28,15.70,16.00,15.62,16.00,15900,13.9202
2006-11-27,15.91,15.97,15.56,15.71,93800,13.6679
2006-11-24,15.83,15.99,15.83,15.99,16200,13.9115
2006-11-22,15.83,16.00,15.83,16.00,103100,13.9202
2006-11-21,15.70,15.90,15.70,15.83,6000,13.7723
2006-11-20,15.5499,15.75,15.54,15.75,15300,13.7027
2006-11-17,15.28,15.60,15.21,15.60,15200,13.5722
2006-11-16,15.00,15.30,15.00,15.30,16900,13.3112
2006-11-15,14.91,15.15,14.91,15.15,22100,13.1807
2006-11-14,15.10,15.10,14.83,14.90,20000,12.9632
2006-11-13,14.9299,15.10,14.9299,15.10,4500,13.1372
2006-11-10,14.84,14.93,14.84,14.93,2100,12.9893
2006-11-09,14.87,14.92,14.80,14.82,8800,12.8936
2006-11-08,14.80,15.02,14.80,14.97,12700,13.0241
2006-11-07,14.87,15.03,14.81,14.89,8300,12.9545
2006-11-06,15.10,15.10,14.86,14.97,8000,13.0241
2006-11-03,14.92,15.15,14.80,14.83,11400,12.9023
2006-11-02,14.95,15.30,14.80,14.87,73700,12.9371
2006-11-01,15.56,15.60,14.98,15.07,12500,13.1111
2006-10-31,15.35,15.65,15.15,15.48,18700,13.4678
2006-10-30,15.12,15.35,15.00,15.35,12000,13.3547
2006-10-27,15.23,15.35,15.18,15.21,9400,13.2329
2006-10-26,15.35,15.40,15.21,15.34,15800,13.346
2006-10-25,15.23,15.39,15.17,15.35,5600,13.3547
2006-10-24,15.60,15.60,15.363,15.60,2300,13.5722
2006-10-23,15.54,15.60,15.47,15.60,12600,13.5722
2006-10-20,15.57,15.62,15.40,15.54,27000,13.52
2006-10-19,15.26,15.57,15.26,15.51,14100,13.4939
2006-10-18,15.37,15.55,15.25,15.38,20400,13.3808
2006-10-17,15.50,15.51,15.31,15.47,22300,13.4591
2006-10-16,15.56,15.57,15.41,15.50,11900,13.4852
2006-10-13,15.27,15.60,15.18,15.49,23800,13.4765
2006-10-12,15.10,15.25,14.85,15.25,26100,13.2677
2006-10-11,15.08,15.10,14.86,14.98,11400,13.0328
2006-10-10,15.10,15.10,15.02,15.10,6000,13.1372
2006-10-09,15.00,15.20,14.93,15.15,8200,13.1807
2006-10-06,15.16,15.18,14.95,15.10,28100,13.1372
2006-10-05,14.80,15.30,14.80,15.27,30600,13.2851
2006-10-04,14.67,14.90,14.67,14.85,32200,12.9197
2006-10-03,14.67,14.75,14.51,14.63,65000,12.7283
2006-10-02,15.20,15.28,14.74,14.75,71900,12.8327
2006-09-29,15.61,15.61,15.21,15.22,439600,13.2416
2006-09-28,15.89,15.89,15.50,15.51,29000,13.4939
2006-09-27,16.05,16.09,15.89,15.94,20100,13.868
2006-09-26,15.80,16.50,15.80,16.50,97400,14.3552
2006-09-25,15.90,15.90,15.68,15.80,17000,13.7462
2006-09-22,15.82,15.90,15.56,15.90,31500,13.8332
2006-09-21,15.773,15.90,15.56,15.78,12900,13.7288
2006-09-20,15.68,15.95,15.56,15.77,35200,13.7201
2006-09-19,15.75,15.90,15.75,15.82,1900,13.7636
2006-09-18,15.60,15.90,15.60,15.90,14500,13.8332
2006-09-15,16.25,16.25,15.90,16.25,25700,14.1377
2006-09-14,15.50,15.65,15.33,15.60,7000,13.5722
2006-09-13,15.426,15.50,15.35,15.50,2800,13.4852
2006-09-12,15.40,15.45,15.40,15.40,1400,13.3982
2006-09-11,15.57,15.60,15.35,15.41,9800,13.4069
2006-09-08,15.35,15.55,15.35,15.55,6500,13.5287
2006-09-07,15.25,15.35,15.19,15.35,6300,13.3547
2006-09-06,15.21,15.26,15.08,15.26,16200,13.2764
2006-09-05,15.12,15.25,15.12,15.25,9200,13.2677
2006-09-01,15.25,15.30,15.15,15.23,2400,13.2503
2006-08-31,15.25,15.25,15.09,15.11,25500,13.1459
2006-08-30,15.21,15.25,15.20,15.20,23200,13.2242
2006-08-29,15.10,15.15,14.86,15.12,10800,13.1546
2006-08-28,15.05,15.20,15.05,15.11,6200,13.1459
2006-08-25,15.05,15.10,15.05,15.05,1700,13.0937
2006-08-24,15.20,15.20,14.80,15.09,15500,13.1285
2006-08-23,15.26,15.28,15.18,15.18,5500,13.2068
2006-08-22,15.35,15.35,15.18,15.29,4100,13.3025
2006-08-21,15.20,15.35,15.16,15.35,23400,13.3547
2006-08-18,15.10,15.25,15.10,15.17,33300,13.1981
2006-08-17,14.83,15.15,14.83,15.14,56900,13.172
2006-08-16,14.71,14.95,14.61,14.92,33000,12.9806
2006-08-15,14.70,14.74,14.61,14.731,28400,12.8162
2006-08-14,14.73,14.74,14.63,14.70,9800,12.7892
2006-08-11,14.628,14.756,14.60,14.66,21300,12.7544
2006-08-10,14.45,14.75,14.39,14.75,32000,12.8327
2006-08-09,14.40,14.81,14.40,14.45,58500,12.5717
2006-08-08,14.44,14.441,14.396,14.441,6700,12.5639
2006-08-07,14.31,14.44,14.29,14.35,19900,12.4847
2006-08-04,14.4388,14.45,14.21,14.32,15200,12.4586
2006-08-03,14.45,14.46,14.25,14.46,183600,12.5804
2006-08-02,14.93,14.93,14.14,14.41,59100,12.5369
2006-08-01,14.80,14.97,14.75,14.95,41100,13.0067
2006-07-31,14.93,14.93,14.67,14.80,65500,12.8762
2006-07-28,15.00,15.00,14.94,14.95,51500,13.0067
2006-07-27,15.04,15.04,14.81,15.01,56800,13.0589
2006-07-26,15.05,15.14,14.94,14.99,160000,13.0415
2006-07-25,14.85,15.15,14.85,15.12,65600,13.1546
2006-07-24,14.80,15.39,14.80,15.03,82400,13.0763
2006-07-21,14.89,15.00,14.80,15.00,115000,13.0502
2006-07-20,14.17,14.99,14.17,14.98,261900,13.0328
2006-07-19,14.50,14.50,14.01,14.24,155300,12.389
2006-07-18,14.85,14.85,14.50,14.50,253700,12.6152
2006-07-17,14.73,14.89,14.73,14.82,285200,12.8936
2006-07-14,14.40,15.58,14.40,14.73,418400,12.8153
2006-07-13,14.00,14.35,13.86,14.26,395100,12.4064
2006-07-12,12.95,14.10,12.95,14.10,3073900,12.2672
