Date,Open,High,Low,Close,Volume,Adj Close
2013-02-07,29.88,29.88,29.88,29.88,000,29.88
2013-02-06,29.88,29.88,29.88,29.88,000,29.88
2013-02-05,29.90,29.92,29.865,29.88,8700,29.88
2013-02-04,29.85,29.97,29.85,29.89,6500,29.89
2013-02-01,29.90,29.90,29.85,29.8645,6700,29.8645
2013-01-31,29.86,29.90,29.84,29.87,48200,29.87
2013-01-30,29.89,29.89,29.86,29.87,15200,29.87
2013-01-29,29.86,29.88,29.86,29.87,18700,29.87
2013-01-28,29.86,29.89,29.86,29.8704,8400,29.8704
2013-01-25,29.90,29.90,29.85,29.90,1400,29.90
2013-01-24,29.87,29.87,29.84,29.84,8800,29.84
2013-01-23,29.85,29.88,29.84,29.84,3100,29.84
2013-01-22,29.87,29.98,29.84,29.90,3500,29.90
2013-01-21,29.88,29.88,29.88,29.88,000,29.88
2013-01-18,29.84,29.92,29.80,29.88,54100,29.88
2013-01-17,29.94,29.94,29.84,29.84,3300,29.84
2013-01-16,29.85,29.945,29.85,29.8513,1900,29.8513
2013-01-15,29.82,29.89,29.82,29.8317,6400,29.8317
2013-01-14,29.87,29.98,29.85,29.87,14000,29.87
2013-01-11,29.86,29.90,29.83,29.83,50500,29.83
2013-01-10,29.85,29.87,29.84,29.84,9000,29.84
2013-01-09,29.82,29.88,29.82,29.86,48200,29.86
2013-01-08,29.84,29.85,29.77,29.82,167500,29.82
2013-01-07,29.84,29.88,29.75,29.8008,146600,29.8008
2013-01-04,29.81,29.89,29.79,29.89,65500,29.89
2013-01-03,29.77,29.89,29.75,29.8195,111700,29.8195
2013-01-02,29.75,29.86,29.75,29.79,46700,29.79
2013-01-01,29.74,29.74,29.74,29.74,000,29.74
2012-12-31,29.68,29.75,29.66,29.74,45200,29.74
2012-12-28,29.65,29.69,29.65,29.65,188300,29.65
2012-12-27,29.61,29.69,29.61,29.67,108600,29.67
2012-12-26,29.60,29.62,29.52,29.62,156300,29.62
2012-12-25,29.62,29.62,29.62,29.62,000,29.62
2012-12-24,29.60,29.63,29.60,29.62,77200,29.62
2012-12-21,29.61,29.66,29.61,29.65,29800,29.65
2012-12-20,29.65,29.68,29.64,29.64,53400,29.64
2012-12-19,29.61,29.68,29.58,29.58,79200,29.58
2012-12-18,29.64,29.67,29.61,29.62,54800,29.62
2012-12-17,29.65,29.70,29.63,29.66,66200,29.66
2012-12-14,29.65,29.69,29.63,29.63,52400,29.63
2012-12-13,29.61,29.68,29.61,29.68,55700,29.68
2012-12-12,29.65,29.72,29.61,29.69,145600,29.69
2012-12-11,29.70,29.74,29.60,29.73,35600,29.73
2012-12-10,29.56,29.75,29.56,29.75,38000,29.75
2012-12-07,29.52,29.70,29.52,29.63,163600,29.63
2012-12-06,29.52,29.56,29.52,29.56,117300,29.56
2012-12-05,29.50,29.56,29.50,29.56,88000,29.56
2012-12-04,29.51,29.57,29.51,29.57,255900,29.57
2012-12-03,29.58,29.60,29.50,29.56,479000,29.56
2012-11-30,29.50,29.64,29.50,29.62,200100,29.62
2012-11-29,29.50,29.64,29.47,29.56,1361200,29.56
2012-11-28,22.35,30.39,22.02,29.50,708200,29.50
2012-11-27,21.56,22.10,21.56,21.90,38700,21.90
2012-11-26,21.49,21.50,21.30,21.30,4400,21.30
2012-11-23,21.05,21.29,21.04,21.23,5500,21.23
2012-11-22,21.10,21.10,21.10,21.10,000,21.10
2012-11-21,21.03,21.10,20.9701,21.10,4300,21.10
2012-11-20,20.97,21.05,20.90,21.05,6100,21.05
2012-11-19,20.50,21.19,20.50,21.16,32900,21.16
2012-11-16,20.95,20.9999,20.71,20.9999,1300,20.9999
2012-11-15,20.67,21.00,20.67,20.81,2900,20.81
2012-11-14,20.58,20.65,20.34,20.37,9100,20.37
2012-11-13,21.05,21.05,20.8001,20.8001,900,20.8001
2012-11-12,21.00,21.28,21.00,21.27,30500,21.27
2012-11-09,19.7401,19.7401,19.7401,19.7401,000,19.7401
2012-11-08,19.7401,19.7401,19.7401,19.7401,100,19.7401
2012-11-07,20.24,20.25,20.02,20.02,1000,20.02
2012-11-06,20.00,20.25,19.99,20.25,5300,20.25
2012-11-05,19.60,19.8799,19.60,19.87,1400,19.87
2012-11-02,19.80,19.9799,19.80,19.80,1400,19.80
2012-11-01,20.03,20.03,19.61,19.61,2200,19.61
2012-10-31,19.77,20.00,19.60,19.60,2400,19.60
2012-10-30,20.12,20.12,20.12,20.12,000,20.12
2012-10-29,20.12,20.12,20.12,20.12,000,20.12
2012-10-26,20.12,20.12,20.12,20.12,000,20.12
2012-10-25,19.98,20.16,19.98,20.12,500,20.12
2012-10-24,19.98,20.00,19.70,19.70,1400,19.70
2012-10-23,20.10,20.10,19.60,19.93,3000,19.93
2012-10-22,20.32,20.42,20.31,20.37,700,20.37
2012-10-19,20.38,20.67,20.32,20.40,5400,20.40
2012-10-18,20.95,20.97,20.49,20.54,11400,20.54
2012-10-17,20.77,20.94,20.77,20.85,2300,20.85
2012-10-16,20.81,20.97,20.81,20.88,6600,20.88
2012-10-15,21.00,21.00,20.65,20.70,14400,20.70
2012-10-12,19.94,19.9999,19.63,19.9999,5000,19.9999
2012-10-11,19.93,19.99,19.81,19.82,2600,19.82
2012-10-10,20.33,20.43,20.1026,20.1026,2900,20.1026
2012-10-09,20.68,20.68,20.43,20.43,1700,20.43
2012-10-08,20.40,20.46,20.40,20.46,500,20.46
2012-10-05,20.51,20.62,20.47,20.55,2500,20.55
2012-10-04,20.51,20.6199,20.40,20.48,3700,20.48
2012-10-03,20.3513,20.40,20.3513,20.40,1400,20.40
2012-10-02,20.49,20.49,20.20,20.47,1400,20.47
2012-10-01,20.62,20.62,20.5601,20.58,2700,20.58
2012-09-28,20.67,20.8699,20.60,20.6961,2100,20.6961
2012-09-27,20.58,20.70,20.35,20.40,2100,20.40
2012-09-26,20.67,21.00,20.67,21.00,900,21.00
2012-09-25,20.9999,20.9999,20.80,20.80,2400,20.80
2012-09-24,20.70,20.95,20.70,20.70,4100,20.70
2012-09-21,20.11,20.496,20.11,20.496,500,20.496
2012-09-20,20.22,20.22,20.22,20.22,100,20.22
2012-09-19,19.95,19.95,19.95,19.95,100,19.95
2012-09-18,20.50,20.50,20.50,20.50,3500,20.50
2012-09-17,20.50,20.50,20.3901,20.50,6000,20.50
2012-09-14,20.46,20.6499,20.4201,20.491,3900,20.491
2012-09-13,20.2501,20.4849,20.25,20.25,400,20.25
2012-09-12,20.24,20.45,19.88,20.17,15200,20.17
2012-09-11,20.26,20.26,19.53,20.00,6500,20.00
2012-09-10,20.1901,20.30,20.1901,20.30,1300,20.30
2012-09-07,20.22,20.50,20.22,20.45,1000,20.45
2012-09-06,20.20,20.34,20.19,20.20,900,20.20
2012-09-05,20.32,20.34,20.32,20.34,1000,20.34
2012-09-04,20.65,20.65,20.65,20.65,000,20.65
2012-09-03,20.65,20.65,20.65,20.65,000,20.65
2012-08-31,20.48,20.78,20.43,20.65,5400,20.65
2012-08-30,20.49,20.50,20.26,20.26,9300,20.26
2012-08-29,20.22,20.50,20.22,20.50,6900,20.50
2012-08-28,19.99,20.40,19.91,20.40,4900,20.40
2012-08-27,19.51,19.9999,19.51,19.95,2300,19.95
2012-08-24,20.20,20.22,19.51,19.89,2400,19.89
2012-08-23,19.90,19.95,19.50,19.50,2500,19.50
2012-08-22,19.31,19.74,19.31,19.50,2600,19.50
2012-08-21,19.40,19.40,19.05,19.3999,800,19.3999
2012-08-20,19.04,19.05,18.5711,19.02,19900,19.02
2012-08-17,19.02,19.15,19.02,19.15,11200,19.15
2012-08-16,19.20,19.20,19.20,19.20,1100,19.20
2012-08-15,19.10,19.43,19.10,19.30,7500,19.30
2012-08-14,19.10,19.21,19.10,19.15,9100,19.15
2012-08-13,19.14,19.23,18.61,19.00,4200,19.00
2012-08-10,20.88,20.93,20.80,20.80,600,20.80
2012-08-09,20.77,20.77,20.76,20.76,300,20.76
2012-08-08,20.74,21.07,20.74,20.755,800,20.755
2012-08-07,21.07,21.09,21.07,21.0899,800,21.0899
2012-08-06,20.71,20.71,20.71,20.71,200,20.71
2012-08-03,20.88,21.10,20.5405,21.00,3400,21.00
2012-08-02,20.80,20.82,20.80,20.80,1200,20.80
2012-08-01,20.71,21.24,20.68,21.24,1200,21.24
2012-07-31,20.62,20.71,20.62,20.68,800,20.68
2012-07-30,21.00,21.15,20.61,20.62,2600,20.62
2012-07-27,21.00,21.00,21.00,21.00,400,21.00
2012-07-26,20.80,20.80,20.56,20.80,500,20.80
2012-07-25,20.80,20.80,20.55,20.77,3200,20.77
2012-07-24,20.61,20.95,20.60,20.92,1200,20.92
2012-07-23,20.58,20.80,20.555,20.80,500,20.80
2012-07-20,20.9899,20.9899,20.9899,20.9899,400,20.9899
2012-07-19,20.70,20.90,20.70,20.90,400,20.90
2012-07-18,20.55,20.55,20.55,20.55,200,20.55
2012-07-17,20.60,20.60,20.52,20.56,1100,20.56
2012-07-16,20.90,21.00,20.7801,21.00,2100,21.00
2012-07-13,20.62,20.8999,20.62,20.8999,300,20.8999
2012-07-12,20.85,20.85,20.85,20.85,200,20.85
2012-07-11,21.00,21.00,20.95,20.95,2900,20.95
2012-07-10,21.12,21.12,20.90,21.02,1700,21.02
2012-07-09,20.88,20.98,20.45,20.88,600,20.88
2012-07-06,20.99,20.99,20.55,20.70,5900,20.70
2012-07-05,20.99,21.40,20.90,21.039,10700,21.039
2012-07-04,20.75,20.75,20.75,20.75,000,20.75
2012-07-03,20.43,20.75,20.43,20.75,4700,20.75
2012-07-02,19.83,20.29,19.83,20.29,2300,20.29
2012-06-29,19.73,19.73,19.73,19.73,100,19.73
2012-06-28,19.60,19.89,19.3301,19.35,1500,19.35
2012-06-27,19.47,19.99,19.45,19.99,1100,19.99
2012-06-26,19.85,19.85,19.85,19.85,100,19.85
2012-06-25,19.55,19.70,19.26,19.44,2600,19.44
2012-06-22,19.63,19.63,19.42,19.42,5700,19.42
2012-06-21,19.76,19.76,19.5001,19.625,1000,19.625
2012-06-20,20.00,20.00,19.76,19.76,1700,19.76
2012-06-19,20.59,20.8739,20.35,20.35,4600,20.35
2012-06-18,20.50,20.89,20.32,20.80,5100,20.80
2012-06-15,20.07,20.25,20.07,20.25,2500,20.25
2012-06-14,20.00,20.2599,19.9999,20.11,6500,20.11
2012-06-13,20.36,20.36,20.21,20.21,12400,20.21
2012-06-12,20.00,20.00,19.80,19.85,4800,19.85
2012-06-11,20.60,20.60,20.32,20.32,4100,20.32
2012-06-08,20.97,20.97,20.85,20.85,3600,20.85
2012-06-07,20.61,20.67,20.6001,20.67,4400,20.67
2012-06-06,20.47,20.64,20.36,20.6399,2800,20.6399
2012-06-05,20.10,20.466,20.10,20.25,6900,20.25
2012-06-04,20.00,20.26,19.86,20.00,3800,20.00
2012-06-01,19.43,19.80,19.42,19.65,3100,19.65
2012-05-31,20.26,20.38,20.00,20.38,1900,20.38
2012-05-30,20.05,20.39,20.00,20.39,2200,20.39
2012-05-29,19.60,19.9792,19.60,19.90,1100,19.90
2012-05-28,19.055,19.055,19.055,19.055,000,19.055
2012-05-25,19.26,19.31,18.75,19.055,1000,19.055
2012-05-24,19.50,19.70,19.031,19.06,16300,19.06
2012-05-23,19.00,19.02,18.76,18.98,15700,18.98
2012-05-22,19.05,19.07,19.00,19.05,1900,19.05
2012-05-21,19.07,19.64,19.07,19.25,7400,19.25
2012-05-18,18.74,18.94,18.74,18.77,3800,18.77
2012-05-17,17.77,19.30,17.77,18.75,14600,18.75
2012-05-16,19.41,19.44,19.148,19.43,900,19.43
2012-05-15,19.46,19.61,19.31,19.31,1900,19.31
2012-05-14,19.58,19.88,19.31,19.31,3200,19.31
2012-05-11,20.21,20.24,19.85,20.24,500,20.24
2012-05-10,20.14,20.22,19.93,20.17,2100,20.17
2012-05-09,20.29,20.29,19.90,20.29,1300,20.29
2012-05-08,20.03,20.40,19.80,20.18,2400,20.18
2012-05-07,20.01,20.50,20.01,20.45,2300,20.45
2012-05-04,20.20,20.52,20.15,20.48,3800,20.48
2012-05-03,20.58,20.58,20.02,20.15,2700,20.15
2012-05-02,20.30,21.00,19.93,21.00,6300,21.00
2012-05-01,20.67,21.00,20.6101,21.00,2300,21.00
2012-04-30,21.00,21.25,20.99,21.17,10500,21.17
2012-04-27,21.00,21.00,21.00,21.00,400,21.00
2012-04-26,20.82,21.00,20.94,21.00,1500,21.00
2012-04-25,21.00,21.00,20.73,20.81,2400,20.81
2012-04-24,20.89,21.00,20.7101,21.00,5400,21.00
2012-04-23,20.58,21.00,20.58,20.94,2700,20.94
2012-04-20,20.93,20.93,20.38,20.72,1400,20.72
2012-04-19,20.48,20.83,20.48,20.83,1900,20.83
2012-04-18,20.31,20.49,20.2001,20.35,1000,20.35
2012-04-17,20.44,20.56,20.194,20.48,3100,20.48
2012-04-16,20.35,20.94,20.20,20.40,20000,20.40
2012-04-13,19.95,19.96,19.70,19.96,500,19.96
2012-04-12,19.66,20.23,19.66,19.982,4900,19.982
2012-04-11,19.82,19.75,19.62,19.74,3100,19.74
2012-04-10,19.80,19.9999,19.68,19.74,4200,19.74
2012-04-09,19.45,19.79,19.45,19.79,12300,19.79
2012-04-06,19.39,19.39,19.39,19.39,000,19.39
2012-04-05,19.15,19.50,19.15,19.39,5900,19.39
2012-04-04,18.91,19.02,18.91,19.01,5000,19.01
2012-04-03,18.80,19.05,18.80,19.01,12700,19.01
2012-04-02,18.52,18.80,18.52,18.7824,9000,18.7824
2012-03-30,18.24,18.24,18.24,18.24,200,18.24
2012-03-29,18.3199,18.4499,18.21,18.21,1800,18.21
2012-03-28,18.50,18.50,18.33,18.33,800,18.33
2012-03-27,18.28,18.48,18.20,18.48,9200,18.48
2012-03-26,18.22,18.22,17.96,18.13,39000,18.13
2012-03-23,17.90,18.16,17.81,17.90,31100,17.90
2012-03-22,17.90,18.05,17.87,17.90,11200,17.90
2012-03-21,17.90,18.01,17.74,17.74,11600,17.74
2012-03-20,17.68,17.90,17.68,17.75,2600,17.75
2012-03-19,17.90,17.90,17.67,17.67,2400,17.67
2012-03-16,17.75,17.76,17.72,17.75,6200,17.75
2012-03-15,17.74,17.75,17.55,17.74,13500,17.74
2012-03-14,17.00,17.57,17.00,17.528,6400,17.528
2012-03-13,16.72,16.83,16.59,16.7699,22800,16.7699
2012-03-12,16.78,16.78,16.41,16.4101,10000,16.4101
2012-03-09,17.40,17.40,16.87,16.97,7100,16.97
2012-03-08,17.25,17.40,17.25,17.2515,500,17.2515
2012-03-07,17.15,17.31,17.15,17.31,4500,17.31
2012-03-06,17.00,17.17,17.00,17.05,2700,17.05
2012-03-05,17.45,17.45,17.02,17.11,8400,17.11
2012-03-02,17.95,17.95,17.60,17.74,5300,17.74
2012-03-01,17.85,17.97,17.85,17.95,5400,17.95
2012-02-29,17.60,17.98,17.60,17.85,10100,17.85
2012-02-28,17.20,17.49,17.20,17.3388,3600,17.3388
2012-02-27,17.57,17.57,17.23,17.40,22200,17.40
2012-02-24,17.89,17.91,17.80,17.81,6600,17.81
2012-02-23,17.96,17.96,17.25,17.92,10400,17.92
2012-02-22,18.01,18.15,17.63,18.06,18100,18.06
2012-02-21,18.36,18.65,18.24,18.26,11900,18.26
2012-02-20,18.31,18.31,18.31,18.31,000,18.31
2012-02-17,18.40,18.50,18.31,18.31,11100,18.31
2012-02-16,18.36,18.8699,18.0543,18.47,9700,18.47
2012-02-15,18.40,18.40,18.225,18.35,3100,18.35
2012-02-14,18.25,18.40,18.23,18.40,3800,18.40
2012-02-13,18.33,18.36,18.31,18.36,2200,18.36
2012-02-10,18.20,18.4999,18.20,18.4999,1100,18.4999
2012-02-09,18.89,18.89,18.09,18.18,1500,18.18
2012-02-08,18.60,18.61,18.40,18.59,6800,18.59
2012-02-07,18.11,18.48,18.0148,18.48,900,18.48
2012-02-06,18.34,18.49,18.27,18.49,3100,18.49
2012-02-03,18.35,18.3975,18.35,18.39,700,18.39
2012-02-02,17.89,18.29,17.89,18.29,10400,18.29
2012-02-01,17.81,18.00,17.514,17.95,3700,17.95
2012-01-31,17.70,17.96,17.50,17.77,13200,17.77
2012-01-30,17.75,18.00,17.74,17.75,7700,17.75
2012-01-27,17.95,18.00,17.90,17.90,14200,17.90
2012-01-26,17.53,17.95,17.53,17.95,12200,17.95
2012-01-25,17.00,17.68,16.96,17.34,13700,17.34
2012-01-24,16.50,16.76,16.49,16.70,6100,16.70
2012-01-23,16.60,16.96,16.501,16.62,7600,16.62
2012-01-20,16.90,17.00,16.90,16.90,3800,16.90
2012-01-19,16.87,16.87,16.87,16.87,000,16.87
2012-01-18,16.89,16.96,16.77,16.96,1500,16.96
2012-01-17,16.78,16.95,16.74,16.9499,2400,16.9499
2012-01-16,16.78,16.78,16.78,16.78,000,16.78
2012-01-13,16.85,17.00,16.53,16.78,9400,16.78
2012-01-12,16.90,16.96,16.81,16.95,3000,16.95
2012-01-11,16.99,16.99,16.92,16.9867,500,16.9867
2012-01-10,16.98,16.98,16.98,16.98,200,16.98
2012-01-09,16.99,16.99,16.46,16.75,9400,16.75
2012-01-06,16.50,17.00,16.50,16.99,4500,16.99
2012-01-05,16.40,16.50,16.40,16.50,5600,16.50
2012-01-04,16.49,16.49,15.98,16.36,7300,16.36
2012-01-03,16.45,16.63,16.40,16.40,3900,16.40
2012-01-02,16.19,16.19,16.19,16.19,000,16.19
2011-12-30,15.99,16.309,15.63,16.19,3500,16.19
2011-12-29,15.64,16.16,15.60,16.00,30600,16.00
2011-12-28,15.44,15.60,15.44,15.55,4600,15.55
2011-12-27,15.40,15.75,15.39,15.45,8700,15.45
2011-12-26,15.09,15.09,15.09,15.09,000,15.09
2011-12-23,15.09,15.09,15.09,15.09,000,15.09
2011-12-22,15.00,15.39,14.98,15.09,3600,15.09
2011-12-21,15.10,15.20,15.02,15.20,7600,15.20
2011-12-20,15.00,15.19,14.99,15.10,17800,15.10
2011-12-19,15.00,15.00,14.52,14.52,2100,14.52
2011-12-16,14.97,15.15,14.62,14.66,1300,14.66
2011-12-15,14.96,14.96,14.96,14.96,000,14.96
2011-12-14,14.96,15.0699,14.96,14.96,900,14.96
2011-12-13,14.76,15.07,14.6214,14.92,5500,14.92
2011-12-12,14.82,14.82,14.50,14.75,19000,14.75
2011-12-09,14.77,14.99,14.77,14.96,9600,14.96
2011-12-08,14.75,14.7501,14.34,14.34,3000,14.34
2011-12-07,14.75,14.77,14.55,14.66,43500,14.66
2011-12-06,14.85,14.85,14.57,14.76,500,14.76
2011-12-05,15.00,15.00,14.58,14.58,1900,14.58
2011-12-02,14.54,14.75,14.54,14.62,4400,14.62
2011-12-01,14.59,14.59,13.91,14.39,9400,14.39
2011-11-30,14.50,14.50,14.49,14.50,4700,14.50
2011-11-29,14.34,14.43,14.209,14.32,10700,14.32
2011-11-28,14.80,14.88,14.24,14.81,108100,14.81
2011-11-25,13.80,14.02,13.80,13.90,3700,13.90
2011-11-24,14.00,14.00,14.00,14.00,000,14.00
2011-11-23,13.87,14.00,13.83,14.00,6700,14.00
2011-11-22,13.93,14.11,13.91,14.11,1100,14.11
2011-11-21,14.44,14.44,14.12,14.12,2200,14.12
2011-11-18,14.42,14.46,14.4199,14.46,2500,14.46
2011-11-17,14.48,14.48,14.15,14.43,1300,14.43
2011-11-16,14.90,14.90,14.64,14.64,4700,14.64
2011-11-15,14.90,14.90,14.46,14.805,2800,14.805
2011-11-08,14.93,14.93,14.88,14.88,600,14.88
2011-11-07,15.01,15.01,15.00,15.01,2300,15.01
2011-11-04,15.0272,15.072,15.072,15.072,200,15.072
2011-11-03,14.91,15.16,14.67,15.16,1300,15.16
2011-11-02,14.98,15.15,14.80,15.06,5100,15.06
2011-11-01,14.40,14.88,14.18,14.85,5800,14.85
2011-10-31,14.81,14.93,14.66,14.93,1500,14.93
2011-10-27,15.15,15.33,15.15,15.29,1500,15.29
2011-10-26,15.31,15.34,14.81,15.04,3400,15.04
2011-10-25,15.23,15.23,15.02,15.02,8500,15.02
2011-10-24,15.31,15.38,14.60,15.33,13900,15.33
2011-10-21,15.29,15.389,15.29,15.33,3500,15.33
2011-10-20,14.99,15.38,14.99,15.07,7800,15.07
2011-10-19,14.97,15.00,14.97,14.97,300,14.97
2011-10-18,14.85,14.88,14.53,14.88,2500,14.88
2011-10-17,14.50,14.84,14.26,14.61,3900,14.61
2011-10-14,14.10,14.10,14.00,14.00,900,14.00
2011-10-13,14.30,14.30,13.86,14.10,3200,14.10
2011-10-11,13.39,13.95,13.37,13.95,1700,13.95
2011-10-10,13.58,13.60,13.38,13.60,4300,13.60
2011-10-07,13.80,13.80,13.80,13.80,100,13.80
2011-10-05,13.05,13.65,13.05,13.65,800,13.65
2011-10-04,12.82,13.15,12.65,13.10,2000,13.10
2011-09-30,13.48,13.72,13.45,13.45,300,13.45
2011-09-29,13.80,13.8999,13.24,13.41,2300,13.41
2011-09-28,13.56,13.57,13.56,13.57,400,13.57
2011-09-27,13.48,13.50,13.20,13.50,700,13.50
2011-09-26,13.06,13.82,13.05,13.80,1000,13.80
2011-09-23,13.60,13.60,13.15,13.15,1200,13.15
2011-09-22,13.50,13.50,13.11,13.11,600,13.11
2011-09-21,13.87,13.95,13.361,13.71,2200,13.71
2011-09-20,13.69,13.6999,12.96,12.96,2000,12.96
2011-09-19,13.13,13.30,13.13,13.30,500,13.30
2011-09-16,13.44,13.62,13.03,13.03,3500,13.03
2011-09-15,12.90,12.94,12.90,12.90,1300,12.90
2011-09-14,12.35,12.80,12.35,12.70,3200,12.70
2011-09-13,12.44,12.44,12.11,12.35,1200,12.35
2011-09-12,12.42,12.66,12.30,12.35,2000,12.35
2011-09-09,12.88,12.91,12.52,12.53,2100,12.53
2011-09-08,12.52,12.59,12.52,12.59,300,12.59
2011-09-07,12.53,12.55,12.36,12.36,1800,12.36
2011-09-06,12.15,12.79,11.63,12.50,15000,12.50
2011-09-01,13.60,13.70,13.54,13.60,7200,13.60
2011-08-29,13.35,13.40,13.28,13.39,2300,13.39
2011-08-26,13.28,13.28,12.95,13.28,1500,13.28
2011-08-25,13.19,13.21,12.83,12.83,1800,12.83
2011-08-24,13.35,13.35,12.99,12.99,17100,12.99
2011-08-23,13.93,13.95,13.76,13.76,900,13.76
2011-08-22,13.61,13.75,13.61,13.65,800,13.65
2011-08-19,13.31,13.40,13.31,13.31,700,13.31
2011-08-18,13.56,13.56,13.00,13.12,8500,13.12
2011-08-17,13.81,13.90,13.50,13.81,1500,13.81
2011-08-16,13.91,14.08,13.91,13.97,1500,13.97
2011-08-15,14.00,14.00,13.94,13.94,2000,13.94
2011-08-12,13.68,14.00,13.68,14.00,200,14.00
2011-08-11,13.45,13.72,13.45,13.72,4900,13.72
2011-08-10,14.20,14.20,14.20,14.20,500,14.20
2011-08-09,14.06,14.20,13.90,14.20,2200,14.20
2011-08-08,13.50,14.17,13.50,14.00,9500,14.00
2011-08-05,14.65,14.65,14.00,14.13,10700,14.13
2011-08-04,14.35,14.3501,14.15,14.33,4800,14.33
2011-08-03,14.37,14.50,14.18,14.30,2800,14.30
2011-08-02,14.51,14.59,14.25,14.25,11500,14.25
2011-08-01,14.43,14.89,14.27,14.89,11900,14.89
2011-07-29,15.00,15.10,15.00,15.10,800,15.10
2011-07-28,15.02,15.15,15.02,15.06,2400,15.06
2011-07-26,15.00,15.09,15.00,15.09,2600,15.09
2011-07-25,15.25,15.35,14.65,15.14,16200,15.14
2011-07-22,14.36,14.46,14.35,14.45,400,14.45
2011-07-19,14.50,14.54,14.47,14.47,3200,14.47
2011-07-15,14.81,14.82,14.53,14.5475,1300,14.5475
2011-07-13,14.73,14.73,14.73,14.73,000,14.73
2011-07-12,14.87,15.60,14.796,14.80,7100,14.80
2011-07-11,14.51,14.80,14.51,14.70,5100,14.70
2011-07-07,14.47,14.87,14.46,14.86,11600,14.86
2011-07-05,14.34,14.34,14.34,14.34,300,14.34
2011-07-01,14.27,14.30,14.22,14.30,200,14.30
2011-06-30,14.22,14.23,14.22,14.23,5500,14.23
2011-06-28,14.60,14.30,14.21,14.30,200,14.30
2011-06-27,14.51,14.63,14.25,14.28,4900,14.28
2011-06-24,14.67,14.90,14.58,14.90,500,14.90
2011-06-23,14.50,14.50,14.19,14.19,3100,14.19
2011-06-22,15.00,15.00,14.60,14.60,300,14.60
2011-06-21,15.00,15.00,14.54,14.75,7800,14.75
2011-06-20,14.79,14.79,14.4701,14.65,7000,14.65
2011-06-17,14.30,14.65,14.30,14.65,400,14.65
2011-06-16,14.60,15.00,14.48,14.79,2900,14.79
2011-06-15,14.72,14.79,14.60,14.60,2100,14.60
2011-06-14,14.31,14.68,14.31,14.68,800,14.68
2011-06-13,14.30,14.65,14.30,14.55,600,14.55
2011-06-10,14.49,14.50,14.07,14.12,1800,14.12
2011-06-09,14.41,14.62,14.25,14.62,1300,14.62
2011-06-08,14.38,15.10,14.34,14.71,1900,14.71
2011-06-06,14.19,14.31,14.17,14.31,2800,14.31
2011-06-03,14.30,14.3001,13.731,14.17,1900,14.17
2011-06-02,14.34,14.34,14.34,14.34,000,14.34
2011-06-01,14.30,14.30,14.30,14.30,400,14.30
2011-05-27,14.30,14.30,14.30,14.30,000,14.30
2011-05-24,14.20,14.28,14.15,14.18,13300,14.18
2011-05-23,14.18,14.28,13.98,14.21,9300,14.21
2011-05-20,14.41,14.57,14.41,14.57,500,14.57
2011-05-19,14.95,14.95,14.30,14.4901,2600,14.4901
2011-05-18,14.25,14.6897,14.25,14.50,13600,14.50
2011-05-17,14.55,15.05,14.40,14.4001,3700,14.4001
2011-05-16,14.13,14.47,14.13,14.47,4200,14.47
2011-05-13,14.37,14.79,14.35,14.68,1700,14.68
2011-05-11,14.42,14.52,14.41,14.52,3200,14.52
2011-05-10,14.71,14.71,14.40,14.40,8600,14.40
2011-05-09,15.35,15.35,14.42,14.89,9900,14.89
2011-05-06,14.45,14.62,14.40,14.46,11000,14.46
2011-05-05,14.48,14.65,14.40,14.58,8800,14.58
2011-05-04,14.4401,14.4401,14.4401,14.4401,300,14.4401
2011-05-03,14.35,14.35,14.35,14.35,600,14.35
2011-04-29,14.22,14.7599,14.18,14.49,2500,14.49
2011-04-28,14.39,14.40,14.25,14.38,1800,14.38
2011-04-27,14.47,14.50,14.25,14.26,3500,14.26
2011-04-26,14.30,14.575,14.30,14.32,2200,14.32
2011-04-25,14.52,15.14,14.4609,14.71,3600,14.71
2011-04-21,14.40,14.52,14.40,14.52,900,14.52
2011-04-20,14.39,14.52,14.37,14.37,1100,14.37
2011-04-19,14.25,14.91,14.25,14.68,600,14.68
2011-04-18,14.25,14.304,14.25,14.30,8500,14.30
2011-04-15,14.71,14.71,14.71,14.71,200,14.71
2011-04-13,14.76,14.76,14.75,14.75,1300,14.75
2011-04-12,14.74,14.74,14.74,14.74,200,14.74
2011-04-11,14.51,14.51,14.21,14.32,800,14.32
2011-04-08,14.58,14.60,14.58,14.60,900,14.60
2011-04-07,14.60,14.62,14.60,14.60,800,14.60
2011-04-06,14.37,15.50,14.37,14.60,6200,14.60
2011-04-05,14.50,14.549,14.28,14.3499,2100,14.3499
2011-04-04,14.20,14.37,14.18,14.37,3700,14.37
2011-03-31,14.53,14.53,14.53,14.53,100,14.53
2011-03-29,14.58,14.58,14.58,14.58,100,14.58
2011-03-28,14.65,14.98,14.63,14.98,600,14.98
2011-03-25,15.28,15.28,14.37,14.93,1600,14.93
2011-03-24,14.46,14.48,14.22,14.22,52700,14.22
2011-03-23,14.98,15.03,14.70,14.87,40100,14.87
2011-03-22,15.32,15.40,15.29,15.29,2000,15.29
2011-03-21,14.79,16.78,14.79,15.85,20800,15.85
2011-03-18,14.36,14.37,14.35,14.35,1600,14.35
2011-03-17,14.33,14.55,14.33,14.35,1000,14.35
2011-03-16,14.01,14.01,14.01,14.01,200,14.01
2011-03-15,14.41,14.45,14.23,14.38,900,14.38
2011-03-14,13.81,13.91,13.70,13.78,7800,13.78
2011-03-11,14.50,14.50,14.50,14.50,100,14.50
2011-03-10,14.26,14.26,14.05,14.06,1400,14.06
2011-03-09,14.40,14.40,14.17,14.22,7000,14.22
2011-03-08,14.50,14.64,14.48,14.64,1400,14.64
2011-03-07,14.36,14.3601,14.36,14.3601,900,14.3601
2011-03-04,14.50,14.50,14.32,14.32,1200,14.32
2011-03-03,14.51,14.66,14.42,14.6499,1100,14.6499
2011-03-01,14.39,14.72,14.2001,14.2001,1600,14.2001
2011-02-25,14.42,14.55,14.41,14.51,1100,14.51
2011-02-24,14.22,14.27,14.20,14.20,1200,14.20
2011-02-22,14.61,14.70,14.61,14.61,200,14.61
2011-02-18,14.21,14.21,14.21,14.21,000,14.21
2011-02-17,14.80,14.80,14.73,14.73,400,14.73
2011-02-16,14.63,14.66,14.60,14.66,2400,14.66
2011-02-15,14.64,14.72,14.6001,14.6001,1100,14.6001
2011-02-14,14.75,14.75,14.74,14.75,500,14.75
2011-02-11,14.71,14.75,14.71,14.75,2100,14.75
2011-02-10,14.40,14.68,14.40,14.68,300,14.68
2011-02-09,14.53,14.85,14.41,14.43,10400,14.43
2011-02-08,14.54,14.56,14.54,14.56,3100,14.56
2011-02-07,14.99,15.04,14.76,14.81,13200,14.81
2011-02-04,14.39,14.4099,14.326,14.39,700,14.39
2011-02-03,14.40,14.40,14.20,14.20,6300,14.20
2011-02-02,14.43,14.43,14.43,14.43,100,14.43
2011-01-31,14.29,14.30,14.29,14.29,1100,14.29
2011-01-28,15.15,15.15,14.90,14.90,3300,14.90
2011-01-27,15.50,15.50,15.14,15.25,1200,15.25
2011-01-26,15.34,15.85,15.34,15.75,6600,15.75
2011-01-25,14.72,14.72,14.72,14.72,200,14.72
2011-01-24,14.67,14.92,14.67,14.86,5400,14.86
2011-01-21,15.00,15.00,14.85,14.85,600,14.85
2011-01-20,15.00,15.14,14.87,14.90,3500,14.90
2011-01-19,15.70,15.83,15.54,15.54,3100,15.54
2011-01-18,15.76,16.18,15.7501,16.18,3500,16.18
2011-01-14,15.68,15.89,15.57,15.82,3400,15.82
2011-01-13,15.03,15.97,15.03,15.97,5900,15.97
2011-01-12,14.86,15.00,14.82,15.00,15800,15.00
2011-01-11,14.00,14.39,13.99,14.0401,13200,14.0401
2011-01-10,13.95,14.14,13.95,14.14,4500,14.14
2011-01-07,14.34,14.50,14.34,14.35,400,14.35
2011-01-06,14.28,14.31,14.18,14.31,2000,14.31
2011-01-05,14.10,14.15,14.04,14.15,500,14.15
2011-01-04,14.00,14.18,14.00,14.15,3000,14.15
2011-01-03,13.97,14.03,13.86,13.93,11800,13.93
2010-12-31,13.65,13.79,13.65,13.765,1700,13.765
2010-12-30,13.43,13.7001,13.43,13.65,5600,13.65
2010-12-29,13.56,13.5701,13.50,13.54,5300,13.54
2010-12-28,13.39,13.50,13.209,13.23,20800,13.23
2010-12-27,13.665,13.665,13.45,13.58,800,13.58
2010-12-23,13.77,13.80,13.70,13.70,2200,13.70
2010-12-22,13.41,13.41,13.35,13.35,900,13.35
2010-12-21,13.62,13.62,13.07,13.52,22900,13.52
2010-12-20,13.70,13.70,13.63,13.63,1000,13.63
2010-12-17,13.89,13.89,13.80,13.80,800,13.80
2010-12-16,13.67,13.67,13.65,13.65,700,13.65
2010-12-15,13.94,14.00,13.72,13.72,1200,13.72
2010-12-14,13.69,14.65,13.665,13.96,26800,13.96
2010-12-13,13.68,13.89,13.64,13.73,1700,13.73
2010-12-10,13.81,13.95,13.75,13.95,3200,13.95
2010-12-09,13.70,13.71,13.70,13.71,5000,13.71
2010-12-08,13.76,14.00,13.51,13.68,155600,13.68
2010-12-07,13.50,14.00,13.32,13.67,9300,13.67
2010-12-06,13.71,13.99,13.63,13.81,4600,13.81
2010-12-03,13.80,13.91,13.80,13.90,3500,13.90
2010-12-02,13.70,13.75,13.62,13.62,3500,13.62
2010-12-01,12.83,13.25,12.83,13.03,10100,13.03
2010-11-30,12.87,13.00,12.87,13.00,2600,13.00
2010-11-29,12.96,12.97,12.83,12.83,500,12.83
2010-11-26,12.76,12.76,12.58,12.58,2100,12.58
2010-11-24,12.74,13.00,12.71,13.00,12700,13.00
2010-11-23,12.77,12.79,12.76,12.78,1500,12.78
2010-11-22,13.30,13.31,13.01,13.18,5500,13.18
2010-11-19,13.48,13.49,13.48,13.48,200,13.48
2010-11-18,13.50,13.50,13.30,13.34,1400,13.34
2010-11-17,13.62,13.9499,13.62,13.77,8000,13.77
2010-11-16,13.51,13.57,13.50,13.57,2300,13.57
2010-11-15,13.20,13.40,13.20,13.40,9800,13.40
2010-11-12,12.70,12.70,12.55,12.55,1300,12.55
2010-11-11,12.78,12.78,12.68,12.75,400,12.75
2010-11-10,12.78,12.78,12.75,12.771,4200,12.771
2010-11-04,13.15,13.18,13.13,13.13,3700,13.13
2010-11-03,12.90,12.92,12.67,12.75,2300,12.75
2010-11-02,12.89,13.15,12.88,12.89,500,12.89
2010-11-01,13.00,13.12,12.8101,12.8101,6800,12.8101
2010-10-29,12.31,12.31,12.31,12.31,700,12.31
2010-10-28,12.42,12.48,12.21,12.31,2800,12.31
2010-10-27,12.10,12.12,12.10,12.10,1500,12.10
2010-10-26,12.09,12.12,12.05,12.074,4900,12.074
2010-10-25,12.25,12.33,12.18,12.22,4400,12.22
2010-10-22,12.27,12.27,12.05,12.27,800,12.27
2010-10-21,12.35,12.35,12.07,12.07,3700,12.07
2010-10-20,12.30,12.3299,12.08,12.29,2200,12.29
2010-10-19,12.06,12.21,11.93,11.93,1300,11.93
2010-10-18,12.35,12.36,12.12,12.21,2700,12.21
2010-10-15,12.32,12.32,12.32,12.32,000,12.32
2010-10-14,12.06,12.38,12.06,12.34,3700,12.34
2010-10-13,12.25,12.25,12.13,12.1899,1400,12.1899
2010-10-12,12.00,12.00,11.90,11.91,800,11.91
2010-10-11,11.91,12.10,11.85,11.85,900,11.85
2010-10-08,11.73,11.87,11.53,11.53,6200,11.53
2010-10-07,12.00,12.00,11.71,11.78,4100,11.78
2010-10-06,12.10,12.13,12.00,12.00,1800,12.00
2010-10-05,12.27,12.47,12.26,12.47,1000,12.47
2010-10-04,12.04,12.04,12.01,12.01,400,12.01
2010-10-01,12.00,12.23,12.00,12.21,3900,12.21
2010-09-28,12.25,12.25,12.09,12.09,500,12.09
2010-09-24,12.70,12.75,12.60,12.75,2200,12.75
2010-09-23,12.58,12.58,12.58,12.58,400,12.58
2010-09-22,12.55,12.56,12.55,12.55,1200,12.55
2010-09-21,12.70,12.73,12.547,12.547,2100,12.547
2010-09-16,12.57,12.57,12.54,12.55,900,12.55
2010-09-15,12.46,12.46,12.30,12.30,800,12.30
2010-09-14,12.46,12.46,12.45,12.45,1100,12.45
2010-09-10,12.69,12.88,12.68,12.88,12200,12.88
2010-09-09,12.75,12.78,12.60,12.60,5900,12.60
2010-09-08,12.75,12.75,12.75,12.75,3300,12.75
2010-09-07,12.72,12.72,12.70,12.72,4900,12.72
2010-09-03,12.55,12.60,12.51,12.56,5100,12.56
2010-09-02,12.38,12.61,12.38,12.55,4500,12.55
2010-08-31,11.80,11.8001,11.80,11.80,1300,11.80
2010-08-30,12.04,12.18,11.86,12.04,1100,12.04
2010-08-27,12.21,12.22,12.09,12.22,1300,12.22
2010-08-26,12.25,12.25,11.9101,12.05,2000,12.05
2010-08-25,12.32,12.32,12.027,12.27,4900,12.27
2010-08-24,12.40,12.40,12.35,12.40,4000,12.40
2010-08-23,12.43,12.45,12.35,12.45,2700,12.45
2010-08-20,12.49,12.52,12.49,12.52,1400,12.52
2010-08-19,12.50,12.50,12.50,12.50,500,12.50
2010-08-18,12.59,12.59,12.50,12.59,7100,12.59
2010-08-17,12.51,12.56,12.50,12.50,3200,12.50
2010-08-16,12.57,12.61,12.45,12.5889,7800,12.5889
2010-08-13,12.30,12.33,12.30,12.31,1500,12.31
2010-08-12,12.31,12.40,12.18,12.40,1800,12.40
2010-08-10,12.16,12.20,12.13,12.13,2300,12.13
2010-08-09,12.38,12.38,12.15,12.20,2300,12.20
2010-08-04,12.68,12.6999,12.68,12.6999,1000,12.6999
2010-08-02,12.97,13.05,12.96,13.05,2800,13.05
2010-07-30,12.47,12.72,12.4601,12.72,1100,12.72
2010-07-29,12.93,12.95,12.51,12.56,2400,12.56
2010-07-28,12.60,13.14,12.40,12.85,12900,12.85
2010-07-27,13.02,13.04,13.02,13.04,1900,13.04
2010-07-26,12.71,12.73,12.71,12.73,900,12.73
2010-07-23,12.28,12.65,12.28,12.33,1100,12.33
2010-07-22,13.04,13.04,12.38,12.40,4700,12.40
2010-07-21,12.25,12.25,12.23,12.23,300,12.23
2010-07-20,12.21,12.21,12.21,12.21,800,12.21
2010-07-19,12.5799,12.58,12.23,12.58,600,12.58
2010-07-16,12.35,12.36,12.35,12.36,300,12.36
2010-07-15,12.44,12.7799,12.44,12.46,4800,12.46
2010-07-14,11.95,12.20,11.86,12.17,3800,12.17
2010-07-13,11.63,11.86,11.58,11.86,800,11.86
2010-07-12,11.62,11.63,11.62,11.62,1200,11.62
2010-07-09,11.49,11.62,11.45,11.62,6200,11.62
2010-07-08,11.51,11.80,11.43,11.45,6400,11.45
2010-07-07,11.51,11.62,11.51,11.62,2700,11.62
2010-07-06,11.47,11.68,11.47,11.58,4700,11.58
2010-07-01,11.05,11.20,10.99,11.20,7600,11.20
2010-06-30,11.12,11.25,10.96,11.14,8800,11.14
2010-06-29,11.21,11.31,10.89,10.89,10300,10.89
2010-06-28,11.35,11.365,11.32,11.32,2300,11.32
2010-06-24,11.50,11.53,11.32,11.32,1200,11.32
2010-06-23,11.59,11.79,11.51,11.79,4200,11.79
2010-06-22,11.56,11.65,11.43,11.60,800,11.60
2010-06-18,11.18,11.26,11.07,11.26,5300,11.26
2010-06-17,11.60,11.60,11.26,11.26,600,11.26
2010-06-16,11.60,11.60,11.40,11.40,700,11.40
2010-06-15,11.60,11.84,11.40,11.84,5400,11.84
2010-06-14,11.80,11.8001,11.71,11.80,1100,11.80
2010-06-11,11.75,11.98,11.75,11.91,2000,11.91
2010-06-10,11.87,11.88,11.87,11.87,2900,11.87
2010-06-08,11.75,11.7501,11.75,11.75,2400,11.75
2010-06-07,11.66,11.66,11.57,11.57,200,11.57
2010-06-04,12.13,12.15,11.94,12.07,2200,12.07
2010-06-03,12.13,12.13,12.12,12.12,900,12.12
2010-06-02,11.65,11.85,11.54,11.85,3200,11.85
2010-06-01,10.87,11.08,10.86,11.08,1500,11.08
2010-05-28,11.45,11.45,11.10,11.10,1100,11.10
2010-05-27,11.21,11.55,11.21,11.43,2300,11.43
2010-05-26,11.06,11.42,11.06,11.22,8700,11.22
2010-05-25,10.87,11.09,10.86,11.09,3400,11.09
2010-05-24,10.76,10.9001,10.68,10.9001,1100,10.9001
2010-05-21,10.72,11.53,10.72,11.05,18700,11.05
2010-05-20,10.95,11.05,10.9001,10.99,4300,10.99
2010-05-19,11.06,11.10,10.96,11.05,6100,11.05
2010-05-18,11.42,11.42,11.15,11.182,3200,11.182
2010-05-17,11.40,11.47,11.32,11.40,4600,11.40
2010-05-14,12.08,12.08,11.92,11.92,1200,11.92
2010-05-13,12.12,12.12,12.02,12.05,4000,12.05
2010-05-12,11.62,11.80,11.50,11.657,2300,11.657
2010-05-11,11.85,11.93,11.64,11.64,5400,11.64
2010-05-10,12.15,12.20,11.35,11.85,15000,11.85
2010-05-07,11.22,11.22,10.93,11.10,4200,11.10
2010-05-06,11.50,11.50,11.05,11.36,2000,11.36
2010-05-05,11.87,11.9501,11.7301,11.7301,4600,11.7301
2010-05-04,12.30,12.30,11.97,11.99,3400,11.99
2010-05-03,12.49,12.59,12.44,12.57,11400,12.57
2010-04-29,12.64,12.72,12.64,12.72,1200,12.72
2010-04-28,12.54,12.81,12.45,12.61,2600,12.61
2010-04-27,13.20,13.20,12.805,12.9799,800,12.9799
2010-04-26,13.20,13.20,12.91,13.07,3900,13.07
2010-04-23,13.02,13.12,13.00,13.02,9400,13.02
2010-04-22,12.95,13.09,12.82,12.95,5000,12.95
2010-04-21,13.08,13.10,13.03,13.03,900,13.03
2010-04-20,12.92,13.27,12.74,13.27,1900,13.27
2010-04-19,13.25,13.25,12.68,12.77,6500,12.77
2010-04-16,13.39,13.39,13.12,13.27,2700,13.27
2010-04-15,13.39,13.3999,13.28,13.29,10900,13.29
2010-04-14,13.74,13.8935,13.40,13.81,10700,13.81
2010-04-13,13.95,13.95,13.56,13.66,13100,13.66
2010-04-12,13.88,14.31,13.69,13.91,35300,13.91
2010-04-09,13.62,13.77,13.42,13.57,18300,13.57
2010-04-08,13.31,13.80,13.20,13.54,30700,13.54
2010-04-07,13.23,13.50,13.23,13.32,22600,13.32
2010-04-06,13.60,13.91,13.37,13.71,19900,13.71
2010-04-05,14.15,14.15,13.93,13.93,1000,13.93
2010-04-01,14.15,14.15,13.92,13.92,200,13.92
2010-03-31,14.15,14.42,13.65,14.06,16400,14.06
2010-03-30,14.30,14.60,14.28,14.48,2100,14.48
2010-03-29,14.61,14.61,14.20,14.20,1100,14.20
2010-03-26,14.61,14.65,14.43,14.54,3900,14.54
2010-03-25,14.71,14.75,14.55,14.55,2900,14.55
2010-03-24,14.13,14.81,14.12,14.66,9300,14.66
2010-03-23,13.94,14.38,13.89,14.16,7100,14.16
2010-03-22,13.67,13.80,13.67,13.68,1500,13.68
2010-03-19,13.70,13.75,13.51,13.65,2000,13.65
2010-03-18,13.65,13.65,13.00,13.00,2400,13.00
2010-03-17,13.51,13.70,13.50,13.63,3700,13.63
2010-03-16,13.41,13.65,13.20,13.24,10500,13.24
2010-03-15,14.59,14.74,14.15,14.405,4800,14.405
2010-03-12,14.90,14.98,14.71,14.98,9900,14.98
2010-03-11,15.25,15.25,14.74,14.74,25100,14.74
2010-03-10,14.95,15.00,14.81,14.905,21900,14.905
2010-03-09,14.45,14.47,14.45,14.47,500,14.47
2010-03-08,14.45,14.60,14.45,14.60,19900,14.60
2010-03-05,13.63,13.63,13.63,13.63,1100,13.63
2010-03-04,13.48,13.51,13.48,13.50,2700,13.50
2010-03-03,13.50,13.54,13.42,13.45,4000,13.45
2010-03-02,13.47,13.47,13.41,13.45,700,13.45
2010-03-01,13.00,13.20,12.90,13.20,3400,13.20
2010-02-26,12.95,12.95,12.95,12.95,5900,12.95
2010-02-25,12.90,13.0499,12.90,13.04,5900,13.04
2010-02-24,12.85,12.88,12.55,12.88,2200,12.88
2010-02-23,12.80,12.80,12.70,12.70,200,12.70
2010-02-22,12.75,12.79,12.75,12.79,200,12.79
2010-02-19,12.75,12.85,12.75,12.75,500,12.75
2010-02-18,12.95,12.98,12.72,12.88,3100,12.88
2010-02-17,13.16,13.16,12.97,12.97,200,12.97
2010-02-16,13.16,13.20,13.15,13.20,800,13.20
2010-02-12,13.15,13.16,13.15,13.16,500,13.16
2010-02-11,13.09,13.16,13.01,13.05,2100,13.05
2010-02-10,12.86,13.13,12.86,12.92,7000,12.92
2010-02-09,12.95,13.09,12.90,12.90,4900,12.90
2010-02-08,12.95,13.24,12.94,12.96,11000,12.96
2010-02-05,12.84,13.09,12.73,12.86,5600,12.86
2010-02-04,13.35,13.53,13.09,13.23,5100,13.23
2010-02-03,13.41,13.65,13.37,13.46,6500,13.46
2010-02-02,13.25,13.49,13.18,13.3101,6200,13.3101
2010-02-01,13.21,13.21,13.1899,13.1899,100,13.1899
2010-01-29,13.29,13.30,12.98,13.04,5000,13.04
2010-01-28,13.11,13.2799,13.11,13.20,1700,13.20
2010-01-27,13.37,13.39,13.36,13.36,1200,13.36
2010-01-26,13.41,13.78,13.31,13.41,18500,13.41
2010-01-25,13.90,13.90,13.89,13.89,1000,13.89
2010-01-22,13.60,13.8799,13.53,13.76,7200,13.76
2010-01-21,14.00,14.26,13.60,13.60,8500,13.60
2010-01-20,14.40,14.40,14.1101,14.1101,1000,14.1101
2010-01-19,14.36,14.67,14.20,14.67,33700,14.67
2010-01-15,13.30,13.30,13.299,13.30,900,13.30
2010-01-14,13.28,13.30,13.20,13.21,3800,13.21
2010-01-13,13.08,13.12,13.02,13.12,300,13.12
2010-01-12,13.03,13.04,12.842,12.842,4300,12.842
2010-01-11,13.50,13.62,13.3915,13.58,5000,13.58
2010-01-08,13.25,13.49,13.1999,13.20,11000,13.20
2010-01-06,13.39,13.50,13.35,13.39,4300,13.39
2010-01-05,13.29,13.39,13.26,13.37,6200,13.37
2010-01-04,13.25,13.40,13.24,13.38,11500,13.38
2009-12-31,12.75,12.94,12.62,12.87,10900,12.87
2009-12-30,12.47,12.50,12.08,12.16,7000,12.16
2009-12-29,12.96,13.10,12.76,12.78,8500,12.78
2009-12-28,13.10,13.218,12.67,13.01,8000,13.01
2009-12-24,12.99,13.12,12.71,13.12,11700,13.12
2009-12-23,12.48,12.48,12.27,12.27,1900,12.27
2009-12-22,11.87,11.8899,11.87,11.8899,1600,11.8899
2009-12-21,11.56,11.85,11.52,11.59,12900,11.59
2009-12-18,11.75,12.10,11.70,12.01,4100,12.01
2009-12-17,12.03,12.04,11.75,11.80,2000,11.80
2009-12-16,11.92,11.95,11.91,11.91,3000,11.91
2009-12-15,12.10,12.50,12.06,12.19,8900,12.19
2009-12-14,12.03,12.245,11.95,11.95,5200,11.95
2009-12-11,11.79,11.80,11.76,11.80,2100,11.80
2009-12-10,11.75,11.75,11.42,11.625,3200,11.625
2009-12-09,11.68,11.91,11.4115,11.75,3800,11.75
2009-12-08,11.99,12.01,11.31,11.81,56600,11.81
2009-12-07,12.35,12.37,12.20,12.21,8300,12.21
2009-12-04,12.61,12.70,12.49,12.53,2200,12.53
2009-12-03,13.14,13.26,12.02,12.42,37500,12.42
2009-12-02,12.49,13.25,12.33,12.92,24500,12.92
2009-12-01,12.45,12.50,12.42,12.49,2400,12.49
2009-11-30,12.78,12.80,12.26,12.50,6300,12.50
2009-11-27,12.50,12.51,12.00,12.45,3800,12.45
2009-11-25,12.95,13.15,12.85,13.05,6100,13.05
2009-11-24,12.87,13.35,12.84,13.34,13000,13.34
2009-11-23,13.18,13.18,12.83,13.14,30100,13.14
2009-11-20,12.62,12.715,12.515,12.62,800,12.62
2009-11-19,12.40,12.98,12.40,12.60,4400,12.60
2009-11-18,12.96,13.04,12.75,12.75,11200,12.75
2009-11-17,12.77,13.00,12.60,13.00,59600,13.00
2009-11-16,12.31,12.65,12.10,12.44,5800,12.44
2009-11-13,12.50,12.50,12.18,12.45,28700,12.45
2009-11-12,12.36,12.50,12.36,12.42,2000,12.42
2009-11-11,12.45,12.58,12.40,12.43,4500,12.43
2009-11-10,12.50,12.55,12.48,12.55,19100,12.55
2009-11-09,12.69,12.94,12.45,12.69,69800,12.69
2009-11-06,12.02,12.27,11.80,12.26,10600,12.26
2009-11-05,12.22,12.44,12.02,12.02,3400,12.02
2009-11-04,12.11,12.27,12.06,12.23,9700,12.23
2009-11-03,11.50,11.75,11.40,11.55,28200,11.55
2009-11-02,11.30,11.90,10.995,11.09,26700,11.09
2009-10-30,11.41,11.41,10.80,10.80,5200,10.80
2009-10-29,10.97,12.10,10.95,11.31,39000,11.31
2009-10-28,11.83,11.83,10.89,10.89,30200,10.89
2009-10-27,12.53,12.53,11.7475,11.95,47100,11.95
2009-10-26,12.48,12.55,12.10,12.16,37600,12.16
2009-10-23,12.20,12.39,11.73,11.95,2400,11.95
2009-10-22,11.77,12.30,11.77,12.22,6200,12.22
2009-10-21,11.91,12.28,11.82,11.85,27100,11.85
2009-10-20,12.37,12.44,12.14,12.40,17700,12.40
2009-10-19,12.58,12.60,12.30,12.46,23600,12.46
2009-10-16,12.31,12.49,12.31,12.47,3200,12.47
2009-10-15,12.75,12.75,12.40,12.40,3600,12.40
2009-10-14,12.77,12.78,12.54,12.73,9300,12.73
2009-10-13,12.50,12.75,12.49,12.75,25700,12.75
2009-10-12,12.70,12.95,12.40,12.4301,23800,12.4301
2009-10-09,11.91,12.10,11.91,12.10,44100,12.10
2009-10-08,11.60,12.058,11.53,12.05,40500,12.05
2009-10-07,11.24,11.4899,11.1601,11.4899,8300,11.4899
2009-10-06,10.98,11.10,10.83,11.08,20400,11.08
2009-10-05,10.84,11.15,10.81,11.05,29700,11.05
2009-10-02,10.40,10.96,10.40,10.59,7300,10.59
2009-10-01,10.50,10.64,10.255,10.59,62900,10.59
2009-09-30,10.01,10.20,10.00,10.169,37400,10.169
2009-09-29,9.55,9.929,9.51,9.74,31300,9.74
2009-09-28,9.34,9.3665,9.30,9.34,300,9.34
2009-09-24,9.40,9.41,9.15,9.30,10500,9.30
2009-09-23,9.54,9.54,9.35,9.40,28400,9.40
2009-09-22,9.52,9.52,9.27,9.37,20400,9.37
2009-09-21,9.55,9.55,9.21,9.48,19100,9.48
2009-09-17,9.58,9.58,9.50,9.50,800,9.50
2009-09-16,9.24,9.50,9.07,9.50,2700,9.50
2009-09-15,8.94,9.12,8.94,9.12,8300,9.12
2009-09-14,9.01,9.15,8.95,9.13,17300,9.13
2009-09-11,9.16,9.32,9.16,9.32,1300,9.32
2009-09-10,9.02,9.15,9.02,9.144,17000,9.144
2009-09-09,9.05,9.15,9.05,9.11,17900,9.11
2009-09-08,9.30,9.36,9.16,9.26,13200,9.26
2009-09-04,9.60,9.90,9.53,9.90,17700,9.90
2009-09-03,9.58,9.58,9.40,9.58,11100,9.58
2009-09-02,9.48,9.48,8.68,9.30,7900,9.30
2009-09-01,9.78,9.80,9.51,9.53,3700,9.53
2009-08-31,9.31,9.58,9.31,9.55,2000,9.55
2009-08-28,9.6701,9.7999,9.43,9.62,2300,9.62
2009-08-27,9.88,9.88,9.51,9.68,2500,9.68
2009-08-26,9.49,9.85,9.4799,9.62,36400,9.62
2009-08-25,9.10,9.49,8.95,9.48,303600,9.48
2009-08-24,9.20,9.23,9.00,9.20,74600,9.20
2009-08-21,8.44,8.60,8.43,8.53,6500,8.53
2009-08-20,8.30,8.71,8.30,8.71,500,8.71
2009-08-19,8.35,8.50,8.18,8.25,8400,8.25
2009-08-18,7.90,8.70,7.84,8.17,4700,8.17
2009-08-17,7.95,8.10,7.76,7.81,9200,7.81
2009-08-14,8.34,8.60,8.34,8.60,2500,8.60
2009-08-13,8.58,8.70,8.29,8.67,2000,8.67
2009-08-12,8.27,8.99,8.27,8.52,2400,8.52
2009-08-11,8.67,8.88,8.45,8.45,5000,8.45
2009-08-10,8.37,8.51,8.37,8.49,1000,8.49
2009-08-07,8.52,8.85,8.52,8.85,26300,8.85
2009-08-06,8.27,8.42,8.27,8.42,1500,8.42
2009-08-05,8.68,8.68,8.26,8.60,3900,8.60
2009-08-04,8.77,8.81,8.50,8.73,10200,8.73
2009-08-03,9.08,9.08,8.87,8.87,4300,8.87
2009-07-31,8.81,8.87,8.74,8.81,6800,8.81
2009-07-30,8.88,9.00,8.85,8.8999,2600,8.8999
2009-07-29,8.86,8.92,8.86,8.88,1100,8.88
2009-07-28,9.01,9.04,8.92,8.98,13300,8.98
2009-07-27,9.02,9.02,8.6631,8.92,7400,8.92
2009-07-24,8.90,8.90,8.90,8.90,7300,8.90
2009-07-23,8.90,8.98,8.88,8.90,6400,8.90
2009-07-22,8.71,8.90,8.71,8.90,300,8.90
2009-07-21,9.00,9.23,8.95,9.02,22800,9.02
2009-07-20,9.00,9.00,8.95,8.99,3300,8.99
2009-07-17,8.73,8.73,8.73,8.73,000,8.73
2009-07-16,8.73,8.73,8.73,8.73,000,8.73
2009-07-15,8.72,8.90,8.70,8.73,6300,8.73
2009-07-14,8.4501,8.51,8.42,8.46,2400,8.46
2009-07-13,8.15,8.32,8.15,8.26,1600,8.26
2009-07-10,8.10,8.40,7.74,8.40,16100,8.40
2009-07-09,8.00,8.30,8.00,8.30,8800,8.30
2009-07-08,8.2101,8.2101,7.62,8.06,3000,8.06
2009-07-07,8.20,8.60,7.73,8.49,8600,8.49
2009-07-06,8.20,8.33,8.03,8.03,6200,8.03
2009-07-02,9.18,9.19,8.71,8.90,2600,8.90
2009-07-01,9.20,9.29,9.20,9.29,5100,9.29
2009-06-30,8.76,9.55,8.65,9.07,15900,9.07
2009-06-29,9.15,9.28,9.05,9.28,51100,9.28
2009-06-26,8.92,9.10,8.92,9.10,34100,9.10
2009-06-25,9.01,9.05,8.95,8.96,9600,8.96
2009-06-24,8.45,8.729,8.45,8.47,6600,8.47
2009-06-23,8.46,8.46,8.35,8.36,1400,8.36
2009-06-22,7.95,8.20,7.95,8.10,10500,8.10
2009-06-19,7.20,7.41,7.20,7.41,2500,7.41
2009-06-18,7.37,7.45,7.00,7.28,4700,7.28
2009-06-17,7.65,7.65,7.35,7.39,15600,7.39
2009-06-16,7.74,7.74,7.65,7.65,4700,7.65
2009-06-15,7.875,8.11,7.82,7.82,24000,7.82
2009-06-12,8.24,8.30,8.12,8.13,2000,8.13
2009-06-11,8.35,8.35,8.21,8.21,1500,8.21
2009-06-10,8.50,8.68,8.32,8.51,19000,8.51
2009-06-09,8.82,8.82,8.70,8.70,1600,8.70
2009-06-08,8.99,9.00,8.8701,8.91,4400,8.91
2009-06-05,9.03,9.07,9.00,9.07,1800,9.07
2009-06-04,9.00,9.03,8.98,9.00,7400,9.00
2009-06-03,8.71,9.04,8.71,8.90,5700,8.90
2009-06-02,9.03,9.09,9.00,9.09,8000,9.09
2009-06-01,9.00,9.10,8.96,8.96,10300,8.96
2009-05-29,8.87,8.90,8.75,8.90,500,8.90
2009-05-28,8.635,8.72,8.63,8.67,2700,8.67
2009-05-27,8.90,8.90,8.33,8.67,12600,8.67
2009-05-26,8.88,8.89,8.818,8.85,7500,8.85
2009-05-22,8.40,8.89,8.395,8.89,14900,8.89
2009-05-21,8.60,8.60,8.26,8.26,3100,8.26
2009-05-20,8.73,8.80,8.60,8.78,60100,8.78
2009-05-19,8.81,8.81,8.59,8.60,93200,8.60
2009-05-18,8.60,8.60,8.474,8.60,13600,8.60
2009-05-15,8.60,8.61,8.55,8.60,13000,8.60
2009-05-14,8.90,8.90,8.58,8.61,5500,8.61
2009-05-13,8.53,8.70,8.49,8.64,10000,8.64
2009-05-12,8.56,8.73,8.56,8.73,700,8.73
2009-05-11,8.57,8.61,8.52,8.60,1200,8.60
2009-05-08,8.62,8.79,8.54,8.60,2700,8.60
2009-05-07,8.48,8.62,8.40,8.62,17200,8.62
2009-05-06,8.56,8.60,8.35,8.47,11200,8.47
2009-05-05,8.45,8.70,8.40,8.61,1200,8.61
2009-05-04,8.54,8.60,8.54,8.60,1100,8.60
2009-05-01,8.48,8.53,8.48,8.53,12200,8.53
2009-04-30,8.39,8.50,8.39,8.4401,21200,8.4401
2009-04-29,8.30,8.30,8.30,8.30,100,8.30
2009-04-28,8.28,8.32,8.28,8.32,500,8.32
2009-04-27,8.21,8.37,8.20,8.25,15600,8.25
2009-04-24,8.38,8.5113,8.35,8.48,5300,8.48
2009-04-23,8.35,8.36,8.35,8.35,5400,8.35
2009-04-22,8.34,8.37,8.11,8.29,2600,8.29
2009-04-21,8.22,8.36,8.21,8.36,17400,8.36
2009-04-20,8.35,8.35,8.01,8.10,8300,8.10
2009-04-17,8.60,8.69,8.50,8.68,5500,8.68
2009-04-16,8.71,8.71,8.60,8.6599,6800,8.6599
2009-04-15,8.53,8.6899,8.506,8.6899,9300,8.6899
2009-04-14,8.6298,8.69,8.27,8.61,6700,8.61
2009-04-13,8.665,8.78,8.665,8.70,1900,8.70
2009-04-09,8.70,8.80,8.66,8.73,6900,8.73
2009-04-08,8.3801,8.53,8.3801,8.53,900,8.53
2009-04-07,8.12,8.54,8.12,8.49,1700,8.49
2009-04-06,8.8301,8.88,8.83,8.88,5600,8.88
2009-04-03,8.98,8.98,8.65,8.93,6300,8.93
2009-04-02,9.00,9.00,8.93,8.983,2500,8.983
2009-04-01,8.90,9.00,8.90,8.97,6600,8.97
2009-03-31,8.70,9.21,8.70,8.9899,9700,8.9899
2009-03-30,8.24,8.40,8.21,8.40,3900,8.40
2009-03-27,7.97,8.08,7.71,7.99,2200,7.99
2009-03-26,8.10,8.14,8.01,8.13,3800,8.13
2009-03-25,8.14,8.30,8.14,8.24,5000,8.24
2009-03-24,8.04,8.14,7.75,8.14,23400,8.14
2009-03-23,8.10,8.15,8.05,8.15,7400,8.15
2009-03-20,8.28,8.28,8.10,8.23,1900,8.23
2009-03-19,8.10,8.15,8.01,8.11,2700,8.11
2009-03-18,7.85,8.00,7.70,8.00,45200,8.00
2009-03-17,8.45,8.45,7.77,7.93,38000,7.93
2009-03-16,8.24,8.311,8.12,8.128,2900,8.128
2009-03-13,8.10,8.15,8.10,8.15,1000,8.15
2009-03-12,7.90,8.09,7.76,8.07,5200,8.07
2009-03-11,8.13,8.25,8.03,8.11,8600,8.11
2009-03-10,7.75,7.89,7.75,7.89,9300,7.89
2009-03-09,7.91,7.91,7.56,7.56,1700,7.56
2009-03-06,7.84,7.84,7.76,7.80,2900,7.80
2009-03-05,8.00,8.1699,7.80,7.91,13700,7.91
2009-03-04,8.13,8.50,8.13,8.37,2700,8.37
2009-03-03,7.84,8.37,7.77,8.19,32000,8.19
2009-03-02,7.62,7.74,7.48,7.59,14000,7.59
2009-02-27,7.46,7.50,7.46,7.50,3300,7.50
2009-02-26,7.14,7.55,7.14,7.50,22100,7.50
2009-02-25,6.88,6.92,6.81,6.91,11600,6.91
2009-02-24,6.63,6.79,6.63,6.74,6600,6.74
2009-02-23,7.00,7.00,6.47,6.93,18200,6.93
2009-02-20,6.91,7.20,6.91,7.13,10000,7.13
2009-02-19,7.19,7.30,7.15,7.20,17900,7.20
2009-02-18,7.05,7.16,6.78,7.16,6500,7.16
2009-02-17,7.20,7.20,6.95,6.99,28600,6.99
2009-02-13,6.03,6.11,5.87,6.04,10600,6.04
2009-02-12,6.00,6.31,5.97,5.9901,11400,5.9901
2009-02-11,5.51,5.80,5.30,5.80,4900,5.80
2009-02-09,5.99,5.99,5.91,5.91,400,5.91
2009-02-06,5.91,6.12,5.91,6.12,10600,6.12
2009-02-05,6.06,6.06,5.57,5.81,22200,5.81
2009-02-04,6.10,6.40,6.10,6.26,168500,6.26
2009-02-03,5.62,6.07,5.62,6.07,3000,6.07
2009-02-02,5.75,5.75,5.75,5.75,3400,5.75
2009-01-29,5.85,5.85,5.62,5.84,1600,5.84
2009-01-28,5.90,6.17,5.90,6.00,7900,6.00
2009-01-27,5.92,5.93,5.86,5.87,700,5.87
2009-01-26,5.96,6.02,5.94,5.94,12600,5.94
2009-01-23,5.91,5.91,5.85,5.89,4000,5.89
2009-01-22,5.9201,5.9201,5.90,5.9001,2600,5.9001
2009-01-21,5.83,5.96,5.83,5.93,1900,5.93
2009-01-20,5.91,5.91,5.82,5.821,4000,5.821
2009-01-16,5.88,5.88,5.77,5.77,2600,5.77
2009-01-15,5.86,5.87,5.81,5.81,6500,5.81
2009-01-14,5.90,5.90,5.77,5.81,10800,5.81
2009-01-13,5.51,5.77,5.51,5.66,23800,5.66
2009-01-12,5.87,5.88,5.52,5.88,6400,5.88
2009-01-09,5.78,5.78,5.59,5.70,6200,5.70
2009-01-08,5.95,5.99,5.59,5.76,3800,5.76
2009-01-07,6.1494,6.15,6.09,6.09,1300,6.09
2009-01-06,5.83,6.11,5.83,6.1099,1000,6.1099
2009-01-05,6.22,6.22,5.88,6.06,8700,6.06
2009-01-02,6.08,6.18,6.08,6.15,16100,6.15
2008-12-31,6.01,6.40,5.71,5.997,68900,5.997
2008-12-30,6.15,6.70,5.87,6.287,226800,6.287
2008-12-29,5.71,5.82,5.30,5.33,61300,5.33
2008-12-26,5.1245,5.30,5.01,5.30,7800,5.30
2008-12-24,5.30,5.30,5.00,5.10,10200,5.10
2008-12-23,5.62,6.03,5.51,5.6399,1700,5.6399
2008-12-22,5.58,5.65,5.07,5.33,26400,5.33
2008-12-19,6.39,6.45,6.01,6.01,3300,6.01
2008-12-18,6.56,6.56,6.40,6.40,1600,6.40
2008-12-17,6.56,6.56,6.2228,6.496,6900,6.496
2008-12-16,6.35,6.51,6.02,6.51,25400,6.51
2008-12-15,6.22,6.28,5.84,6.11,4400,6.11
2008-12-12,5.86,6.23,5.36,6.23,11200,6.23
2008-12-11,6.27,6.28,6.12,6.12,3600,6.12
2008-12-10,5.96,6.2299,5.96,6.03,3700,6.03
2008-12-09,5.86,6.31,5.86,6.15,1400,6.15
2008-12-08,6.48,6.48,5.91,6.15,11400,6.15
2008-12-05,5.70,6.57,5.42,6.57,19800,6.57
2008-12-04,5.86,6.03,5.86,5.94,2100,5.94
2008-12-03,5.68,5.79,5.65,5.79,3800,5.79
2008-12-02,5.82,5.88,5.80,5.88,2400,5.88
2008-12-01,5.89,5.94,5.78,5.78,2300,5.78
2008-11-28,5.99,6.0699,5.99,6.06,700,6.06
2008-11-26,6.05,6.62,5.71,6.43,21300,6.43
2008-11-25,5.38,6.19,5.38,6.06,9800,6.06
2008-11-24,5.15,6.59,5.15,6.01,14100,6.01
2008-11-21,5.15,5.24,5.05,5.24,2300,5.24
2008-11-20,5.02,5.55,4.8301,5.15,20000,5.15
2008-11-19,4.31,4.78,4.31,4.70,53200,4.70
2008-11-18,3.99,4.06,3.24,3.90,35200,3.90
2008-11-17,3.94,4.48,3.82,3.99,79400,3.99
2008-11-14,5.70,5.84,5.62,5.62,16100,5.62
2008-11-13,6.07,6.07,5.14,5.88,40200,5.88
2008-11-12,7.10,7.12,6.51,6.58,8300,6.58
2008-11-11,7.76,8.01,7.30,7.38,2100,7.38
2008-11-10,7.64,7.95,7.64,7.95,2500,7.95
2008-11-07,8.09,8.42,7.97,8.04,2800,8.04
2008-11-06,7.83,8.01,7.67,7.84,2800,7.84
2008-11-05,8.238,8.54,8.238,8.54,300,8.54
2008-11-04,8.74,8.77,8.61,8.69,6000,8.69
2008-11-03,8.14,8.85,8.05,8.39,5500,8.39
2008-10-31,9.89,9.89,8.30,8.36,23900,8.36
2008-10-30,7.39,7.76,7.34,7.54,7600,7.54
2008-10-29,7.26,7.47,7.25,7.47,3800,7.47
2008-10-28,7.20,7.62,6.97,7.33,15800,7.33
2008-10-27,7.38,7.38,7.02,7.10,11600,7.10
2008-10-24,7.36,7.99,7.36,7.85,17000,7.85
2008-10-23,8.18,8.69,7.63,7.67,28500,7.67
2008-10-22,9.13,9.20,8.27,8.52,11400,8.52
2008-10-21,9.26,9.35,9.06,9.07,5600,9.07
2008-10-20,9.25,9.37,9.25,9.37,1600,9.37
2008-10-17,8.82,9.14,8.82,9.01,2200,9.01
2008-10-16,9.07,9.35,8.87,8.89,16300,8.89
2008-10-15,9.34,9.58,9.28,9.28,7300,9.28
2008-10-14,9.83,9.83,9.35,9.48,6400,9.48
2008-10-13,9.21,9.77,8.89,9.70,11500,9.70
2008-10-10,9.48,9.60,9.00,9.60,11200,9.60
2008-10-09,10.47,10.79,9.38,9.60,14300,9.60
2008-10-08,9.54,10.00,9.46,10.00,15500,10.00
2008-10-07,9.55,9.76,9.41,9.45,7800,9.45
2008-10-06,9.54,9.65,9.17,9.57,17400,9.57
2008-10-03,10.77,11.08,10.43,10.87,5000,10.87
2008-10-02,11.46,11.46,9.77,10.80,24000,10.80
2008-10-01,12.09,12.09,11.76,11.87,8700,11.87
2008-09-30,11.89,12.40,11.89,12.17,5500,12.17
2008-09-29,11.6999,11.90,11.36,11.63,4300,11.63
2008-09-26,11.65,12.21,11.65,12.21,7000,12.21
2008-09-25,11.95,12.25,11.95,12.11,6800,12.11
2008-09-24,12.23,12.23,11.72,11.93,5300,11.93
2008-09-23,12.07,12.48,12.02,12.19,12300,12.19
2008-09-22,12.27,12.30,11.56,11.58,19900,11.58
2008-09-19,10.6299,10.85,10.6299,10.85,21900,10.85
2008-09-18,10.40,10.59,10.06,10.29,12400,10.29
2008-09-17,10.89,11.112,10.55,10.65,5600,10.65
2008-09-16,11.16,11.17,10.52,11.08,12900,11.08
2008-09-15,11.04,11.57,11.03,11.16,10200,11.16
2008-09-12,11.26,11.29,11.11,11.20,8200,11.20
2008-09-11,11.41,11.41,11.02,11.06,13100,11.06
2008-09-10,11.77,12.00,11.76,12.00,5000,12.00
2008-09-09,12.00,12.00,11.75,11.75,3200,11.75
2008-09-08,11.81,12.00,11.81,11.91,3700,11.91
2008-09-05,11.28,11.34,11.26,11.33,3200,11.33
2008-09-04,11.91,11.91,11.48,11.5101,7900,11.5101
2008-09-03,11.91,11.95,11.69,11.95,4100,11.95
2008-09-02,12.00,12.29,12.00,12.18,4300,12.18
2008-08-29,11.84,11.96,11.84,11.96,1700,11.96
2008-08-28,11.93,12.00,11.77,11.77,3200,11.77
2008-08-27,12.00,12.53,12.00,12.53,61600,12.53
2008-08-26,11.81,12.00,11.76,11.91,63000,11.91
2008-08-25,11.72,11.89,11.67,11.68,8900,11.68
2008-08-22,11.74,11.82,11.52,11.55,89700,11.55
2008-08-21,11.50,11.70,11.50,11.66,7000,11.66
2008-08-20,11.64,11.65,11.49,11.54,22700,11.54
2008-08-19,11.25,11.25,10.98,11.22,4000,11.22
2008-08-18,11.57,11.75,11.31,11.31,3500,11.31
2008-08-15,11.43,11.5799,11.38,11.4894,900,11.4894
2008-08-14,11.00,11.69,11.00,11.69,15300,11.69
2008-08-13,10.94,11.38,10.94,11.38,83000,11.38
2008-08-12,11.65,11.65,11.598,11.65,2400,11.65
2008-08-11,11.75,11.94,11.52,11.9145,12200,11.9145
2008-08-08,11.99,11.99,11.46,11.62,6100,11.62
2008-08-07,11.33,11.46,11.33,11.42,1500,11.42
2008-08-06,12.00,12.00,11.80,11.86,4300,11.86
2008-08-05,11.46,11.87,11.46,11.86,2300,11.86
2008-08-04,11.64,11.856,11.343,11.856,5600,11.856
2008-08-01,12.83,12.83,11.78,12.13,600,12.13
2008-07-31,11.88,11.99,11.60,11.71,10900,11.71
2008-07-30,11.84,11.85,11.36,11.58,24100,11.58
2008-07-29,11.72,11.75,11.40,11.57,5200,11.57
2008-07-28,11.03,11.60,11.03,11.36,6900,11.36
2008-07-25,11.54,11.79,11.24,11.59,8000,11.59
2008-07-24,11.37,11.46,11.12,11.26,10100,11.26
2008-07-23,11.16,11.29,11.03,11.05,9600,11.05
2008-07-22,10.67,10.80,10.50,10.56,5000,10.56
2008-07-21,9.80,10.65,9.80,10.41,19900,10.41
2008-07-18,9.39,9.70,9.19,9.55,10300,9.55
2008-07-17,9.35,9.46,9.29,9.35,9900,9.35
2008-07-16,9.15,9.65,9.15,9.65,8500,9.65
2008-07-15,9.15,9.27,9.15,9.27,7500,9.27
2008-07-14,9.63,9.63,9.358,9.63,20600,9.63
2008-07-11,10.20,10.20,9.86,9.96,3900,9.96
2008-07-10,10.69,10.69,10.30,10.69,21900,10.69
2008-07-09,11.10,11.39,11.10,11.32,2800,11.32
2008-07-08,10.96,11.00,10.70,10.87,14600,10.87
2008-07-07,10.79,11.07,10.74,10.94,10500,10.94
2008-07-03,12.30,12.31,11.44,11.72,12000,11.72
2008-07-02,12.73,13.10,12.372,13.10,19000,13.10
2008-07-01,12.78,13.48,12.77,13.4166,1200,13.4166
2008-06-30,12.95,13.24,12.64,13.07,12300,13.07
2008-06-27,13.25,13.32,12.97,13.11,3900,13.11
2008-06-26,13.17,13.26,12.95,13.1656,14800,13.1656
2008-06-25,13.30,13.49,13.25,13.25,9700,13.25
2008-06-24,13.31,13.69,13.1101,13.41,24200,13.41
2008-06-23,13.63,13.90,13.60,13.83,4700,13.83
2008-06-20,13.63,13.63,13.51,13.63,10000,13.63
2008-06-19,13.34,13.95,13.25,13.94,11200,13.94
2008-06-18,13.65,13.70,13.50,13.55,20900,13.55
2008-06-17,13.89,13.96,13.80,13.8601,4400,13.8601
2008-06-16,13.87,13.98,13.87,13.98,6400,13.98
2008-06-13,14.27,14.31,14.27,14.31,600,14.31
2008-06-12,14.18,14.56,14.14,14.28,3500,14.28
2008-06-11,14.32,14.48,14.10,14.21,7700,14.21
2008-06-10,14.50,14.75,13.99,14.15,5600,14.15
2008-06-09,14.41,14.47,13.86,14.00,24400,14.00
2008-06-06,14.09,14.09,13.90,13.90,7600,13.90
2008-06-05,13.95,14.20,13.53,14.18,45000,14.18
2008-06-04,13.84,14.11,13.80,13.88,46800,13.88
2008-06-03,14.34,14.49,14.20,14.49,42900,14.49
2008-06-02,14.61,14.83,14.22,14.54,28700,14.54
2008-05-30,14.814,15.20,14.814,15.20,5600,15.20
2008-05-29,15.64,15.64,14.97,15.64,18300,15.64
2008-05-28,15.50,15.77,15.50,15.56,9900,15.56
2008-05-27,16.10,16.10,15.51,15.95,13300,15.95
2008-05-23,16.39,16.39,16.33,16.38,600,16.38
2008-05-22,16.37,16.42,16.30,16.41,14000,16.41
2008-05-21,16.88,17.11,16.25,16.27,77100,16.27
2008-05-20,16.72,16.85,16.52,16.75,10700,16.75
2008-05-19,16.58,16.95,16.58,16.83,10600,16.83
2008-05-16,16.25,16.75,16.25,16.75,2600,16.75
2008-05-15,15.99,16.60,15.99,16.46,14600,16.46
2008-05-14,15.43,15.50,15.33,15.42,5800,15.42
2008-05-13,15.22,15.22,14.91,14.91,3700,14.91
2008-05-12,14.52,14.94,14.50,14.77,13000,14.77
2008-05-09,14.53,14.53,14.35,14.42,500,14.42
2008-05-08,14.59,14.62,14.40,14.43,3400,14.43
2008-05-07,14.69,14.92,14.66,14.74,7700,14.74
2008-05-06,14.6199,14.6199,14.35,14.42,2800,14.42
2008-05-05,14.40,14.40,14.24,14.31,3300,14.31
2008-05-02,14.03,14.07,14.00,14.05,4800,14.05
2008-05-01,14.12,14.14,14.00,14.09,7300,14.09
2008-04-30,14.04,14.23,13.98,14.09,12500,14.09
2008-04-29,13.90,14.01,13.82,13.82,7900,13.82
2008-04-28,14.24,14.24,13.86,13.86,4300,13.86
2008-04-25,14.30,14.57,14.23,14.51,13200,14.51
2008-04-24,14.29,14.54,14.26,14.26,7200,14.26
2008-04-23,14.94,14.94,14.79,14.92,5200,14.92
2008-04-22,15.06,15.06,14.75,15.00,12000,15.00
2008-04-21,14.90,15.00,14.61,14.76,7400,14.76
2008-04-18,14.34,14.59,14.30,14.45,6900,14.45
2008-04-17,15.23,15.23,14.37,14.50,5500,14.50
2008-04-16,14.39,14.68,14.02,14.68,43300,14.68
2008-04-15,14.67,14.67,14.15,14.15,29900,14.15
2008-04-14,14.74,15.12,14.51,14.85,8100,14.85
2008-04-11,14.81,14.81,14.80,14.80,400,14.80
2008-04-10,14.84,15.13,14.84,15.13,3900,15.13
2008-04-09,14.73,15.15,14.40,14.65,25300,14.65
2008-04-08,14.73,14.75,14.55,14.63,4500,14.63
2008-04-07,14.33,14.75,14.04,14.45,15800,14.45
2008-04-04,14.56,14.56,14.33,14.51,26700,14.51
2008-04-03,14.55,14.55,14.10,14.37,18600,14.37
2008-04-02,14.33,14.88,14.32,14.58,15300,14.58
2008-04-01,14.66,15.00,13.84,14.30,21500,14.30
2008-03-31,13.38,14.48,13.13,14.19,35800,14.19
2008-03-28,14.02,14.43,14.02,14.37,21600,14.37
2008-03-27,14.19,14.43,14.03,14.43,17000,14.43
2008-03-26,14.68,14.68,13.81,13.96,16200,13.96
2008-03-25,13.83,14.33,13.83,14.07,16000,14.07
2008-03-24,13.68,13.68,13.01,13.44,35500,13.44
2008-03-20,13.60,13.60,13.08,13.32,14400,13.32
2008-03-19,14.17,14.53,13.67,13.67,4900,13.67
2008-03-18,13.79,13.79,13.48,13.67,12800,13.67
2008-03-17,13.88,13.88,13.29,13.81,16900,13.81
2008-03-14,15.00,15.00,14.69,14.69,6800,14.69
2008-03-13,15.30,15.30,15.08,15.11,1800,15.11
2008-03-12,15.00,15.28,14.86,14.94,9500,14.94
2008-03-11,14.70,14.97,14.50,14.68,14500,14.68
2008-03-10,14.59,14.59,14.14,14.26,7900,14.26
2008-03-07,15.50,15.50,15.17,15.35,2600,15.35
2008-03-06,16.14,16.14,15.37,15.37,5900,15.37
2008-03-05,16.33,16.33,15.71,16.18,2800,16.18
2008-03-04,15.69,15.89,15.69,15.72,5000,15.72
2008-03-03,16.00,16.19,15.76,15.78,4600,15.78
2008-02-29,16.64,16.64,16.62,16.64,4000,16.64
2008-02-28,16.50,17.00,16.50,16.84,11500,16.84
2008-02-27,16.80,17.01,16.53,16.63,3700,16.63
2008-02-26,16.89,17.08,16.87,17.02,2100,17.02
2008-02-25,17.16,17.16,16.80,17.04,17100,17.04
2008-02-22,17.42,17.42,17.12,17.32,6700,17.32
2008-02-21,17.32,17.67,17.13,17.15,7400,17.15
2008-02-20,16.88,17.38,16.88,17.34,16400,17.34
2008-02-19,17.55,17.55,17.24,17.24,5100,17.24
2008-02-15,17.89,17.89,17.29,17.41,5500,17.41
2008-02-14,17.40,18.12,17.12,17.97,61500,17.97
2008-02-13,17.50,17.50,16.96,17.06,14000,17.06
2008-02-12,18.23,18.23,17.44,17.61,23300,17.61
2008-02-11,17.60,18.20,17.60,18.18,7100,18.18
2008-02-08,17.00,17.25,16.95,17.25,15100,17.25
2008-02-07,17.00,17.31,16.77,17.21,4900,17.21
2008-02-06,16.75,17.06,16.67,17.00,5400,17.00
2008-02-05,16.84,16.84,16.58,16.75,27400,16.75
2008-02-04,16.90,17.05,16.75,16.86,19200,16.86
2008-02-01,15.85,15.85,15.73,15.82,1600,15.82
2008-01-31,15.40,15.92,15.40,15.73,4400,15.73
2008-01-30,14.87,15.41,14.80,15.31,25000,15.31
2008-01-29,14.97,15.05,14.80,15.00,112700,15.00
2008-01-28,14.43,14.76,14.43,14.67,23500,14.67
2008-01-25,14.31,14.38,14.02,14.17,36100,14.17
2008-01-24,13.80,14.40,13.77,14.27,7500,14.27
2008-01-23,13.62,13.81,13.54,13.72,7900,13.72
2008-01-22,13.20,13.76,13.018,13.64,13100,13.64
2008-01-18,13.99,14.04,13.91,13.99,10800,13.99
2008-01-17,14.10,14.27,13.95,13.96,24500,13.96
2008-01-16,14.00,14.20,13.67,13.93,235700,13.93
2008-01-15,14.31,14.31,14.06,14.13,330600,14.13
2008-01-14,13.78,14.14,13.78,13.96,369700,13.96
2008-01-11,13.00,13.00,12.76,12.87,32300,12.87
2008-01-10,12.93,13.04,12.83,12.99,27100,12.99
2008-01-09,13.20,13.20,12.82,12.87,56000,12.87
2008-01-08,13.39,13.52,13.12,13.16,28500,13.16
2008-01-07,13.40,13.55,13.31,13.51,115900,13.51
2008-01-04,12.91,13.02,12.83,12.97,53100,12.97
2008-01-03,13.25,13.31,12.82,12.85,154900,12.85
2008-01-02,14.40,14.40,12.97,13.29,392200,13.29
2007-12-31,15.83,16.02,15.15,15.58,135200,15.58
2007-12-28,16.00,16.18,15.86,16.08,42900,16.08
2007-12-27,16.16,16.525,16.11,16.11,39300,16.11
2007-12-26,16.60,16.87,16.29,16.48,37500,16.48
2007-12-24,16.47,16.98,16.47,16.88,51400,16.88
2007-12-21,15.93,16.18,15.66,16.18,86100,16.18
2007-12-20,16.02,16.02,15.76,15.92,22300,15.92
2007-12-19,15.98,16.11,15.80,16.06,23000,16.06
2007-12-18,15.96,16.27,15.96,16.16,22800,16.16
2007-12-17,16.37,16.37,15.71,15.92,61500,15.92
2007-12-14,16.42,16.98,16.36,16.56,11900,16.56
2007-12-13,16.62,16.79,16.36,16.60,54200,16.60
2007-12-12,16.83,16.90,16.69,16.85,16400,16.85
2007-12-11,17.24,17.24,16.65,17.00,29800,17.00
2007-12-10,17.70,17.88,17.38,17.60,16500,17.60
2007-12-07,17.34,17.76,17.34,17.58,6300,17.58
2007-12-06,17.02,17.48,17.02,17.32,8100,17.32
2007-12-05,16.92,17.16,16.64,16.90,47000,16.90
2007-12-04,16.51,16.96,16.43,16.73,9700,16.73
2007-12-03,16.91,17.10,16.46,16.66,35300,16.66
2007-11-30,17.43,17.58,17.15,17.27,13400,17.27
2007-11-29,17.33,17.42,16.90,17.40,11900,17.40
2007-11-28,17.27,17.60,17.23,17.35,13000,17.35
2007-11-27,17.44,17.86,16.94,17.10,156500,17.10
2007-11-26,18.05,18.05,17.30,17.33,18200,17.33
2007-11-23,18.29,18.29,17.80,17.92,11700,17.92
2007-11-21,18.41,18.58,18.02,18.46,9300,18.46
2007-11-20,18.65,19.36,18.48,18.91,39000,18.91
2007-11-19,18.99,19.18,18.24,18.54,29000,18.54
2007-11-16,19.03,19.36,19.03,19.14,12700,19.14
2007-11-15,19.18,19.48,18.54,19.07,21700,19.07
2007-11-14,19.16,19.37,18.90,19.30,23700,19.30
2007-11-13,18.80,19.39,18.80,19.32,25600,19.32
2007-11-12,18.67,19.41,18.63,18.95,6800,18.95
2007-11-09,19.02,19.02,18.60,18.60,4400,18.60
2007-11-08,18.93,19.25,18.85,19.01,8900,19.01
2007-11-07,19.42,19.58,18.80,19.20,58000,19.20
2007-11-06,19.48,19.70,18.85,19.60,60700,19.60
2007-11-05,19.56,19.59,19.07,19.28,22800,19.28
2007-11-02,19.96,19.96,19.53,19.78,25300,19.78
2007-11-01,19.92,20.17,19.92,20.17,13500,20.17
2007-10-31,19.78,20.10,19.56,20.10,7400,20.10
2007-10-30,19.88,20.20,19.75,19.94,18300,19.94
2007-10-29,20.30,20.30,19.87,19.99,38900,19.99
2007-10-26,20.27,20.40,20.03,20.20,9300,20.20
2007-10-25,20.42,20.42,20.20,20.23,5200,20.23
2007-10-24,20.74,20.87,20.22,20.45,9600,20.45
2007-10-23,20.99,20.99,20.3201,20.91,27400,20.91
2007-10-22,19.98,19.98,19.94,19.98,8700,19.98
2007-10-19,19.66,20.30,19.66,19.92,115400,19.92
2007-10-18,19.75,20.31,19.68,19.89,54600,19.89
2007-10-17,19.48,19.69,19.29,19.69,64600,19.69
2007-10-16,19.12,19.50,19.12,19.44,7700,19.44
2007-10-15,19.32,19.32,18.93,19.09,44600,19.09
2007-10-12,19.65,19.95,19.60,19.82,7000,19.82
2007-10-11,19.55,20.00,19.34,19.84,10700,19.84
2007-10-10,19.52,19.70,19.30,19.59,50800,19.59
2007-10-09,19.40,19.75,19.34,19.75,7300,19.75
2007-10-08,19.40,19.71,19.13,19.38,12300,19.38
2007-10-05,19.08,19.35,18.93,19.35,14200,19.35
2007-10-04,19.13,19.25,18.90,19.05,13100,19.05
2007-10-03,19.00,19.29,18.98,19.15,9800,19.15
2007-10-02,19.10,19.16,18.80,18.96,14100,18.96
2007-10-01,18.54,19.00,18.50,18.90,113100,18.90
2007-09-28,18.50,18.54,18.12,18.49,62900,18.49
2007-09-27,18.17,18.60,18.11,18.50,56600,18.50
2007-09-26,18.42,18.52,18.06,18.52,3900,18.52
2007-09-25,18.56,18.61,18.26,18.50,34000,18.50
2007-09-24,18.34,18.54,16.40,18.41,70000,18.41
2007-09-21,18.42,18.60,18.39,18.50,4800,18.50
2007-09-20,18.64,18.70,18.49,18.59,8900,18.59
2007-09-19,18.61,18.79,18.61,18.75,67800,18.75
2007-09-18,18.50,18.68,18.48,18.60,61100,18.60
2007-09-17,18.46,18.55,18.27,18.49,11500,18.49
2007-09-14,18.47,18.78,18.47,18.74,29000,18.74
2007-09-13,18.29,18.57,18.29,18.50,10100,18.50
2007-09-12,18.35,18.61,18.23,18.40,13700,18.40
2007-09-11,18.25,18.57,18.15,18.51,32700,18.51
2007-09-10,17.22,17.47,17.22,17.42,11800,17.42
2007-09-07,17.46,17.46,17.10,17.16,12100,17.16
2007-09-06,17.55,17.55,17.138,17.43,19500,17.43
2007-09-05,17.57,17.77,17.35,17.70,32600,17.70
2007-09-04,16.80,17.63,16.80,17.60,103800,17.60
2007-08-31,15.90,16.15,15.87,15.92,33000,15.92
2007-08-30,15.85,15.90,15.75,15.81,74900,15.81
2007-08-29,15.80,15.89,15.64,15.80,51700,15.80
2007-08-28,15.80,15.82,15.65,15.68,13600,15.68
2007-08-27,16.00,16.00,15.87,15.89,37500,15.89
2007-08-24,15.80,15.90,15.80,15.90,29500,15.90
2007-08-23,16.07,16.07,15.65,15.80,27900,15.80
2007-08-22,15.89,15.90,15.45,15.79,91600,15.79
2007-08-21,15.80,15.90,15.39,15.67,271500,15.67
2007-08-20,18.30,18.60,18.11,18.60,34900,18.60
2007-08-17,18.37,18.72,18.19,18.35,14700,18.35
2007-08-16,18.00,18.52,17.69,18.3999,29000,18.3999
2007-08-15,18.35,18.53,18.32,18.53,47300,18.53
2007-08-14,18.68,18.96,18.67,18.96,21900,18.96
2007-08-13,19.10,19.15,18.65,18.79,52500,18.79
2007-08-10,18.50,18.70,18.50,18.65,54300,18.65
2007-08-09,18.67,19.08,18.43,18.74,41300,18.74
2007-08-08,18.79,18.90,18.26,18.80,32700,18.80
2007-08-07,17.80,17.81,17.52,17.71,9200,17.71
2007-08-06,17.78,17.85,17.57,17.85,25300,17.85
2007-08-03,18.52,18.71,18.12,18.16,8600,18.16
2007-08-02,18.42,18.91,18.31,18.50,8100,18.50
2007-08-01,18.60,18.60,18.50,18.60,15700,18.60
2007-07-31,19.00,19.24,18.803,19.24,25600,19.24
2007-07-30,18.30,18.48,18.14,18.27,40100,18.27
2007-07-27,18.65,18.80,18.65,18.80,77400,18.80
2007-07-26,18.50,19.00,18.43,18.88,25400,18.88
2007-07-25,18.79,19.03,18.79,19.03,37800,19.03
2007-07-24,18.93,19.19,18.91,19.19,5500,19.19
2007-07-23,19.01,19.01,18.831,19.01,38400,19.01
2007-07-20,19.71,19.71,19.20,19.30,5400,19.30
2007-07-19,19.50,19.55,19.31,19.55,16500,19.55
2007-07-18,19.21,19.63,19.15,19.43,11000,19.43
2007-07-17,19.40,19.71,19.24,19.55,7900,19.55
2007-07-16,19.32,19.68,19.30,19.44,22200,19.44
2007-07-13,19.56,19.84,19.46,19.75,10500,19.75
2007-07-12,19.75,19.75,19.70,19.75,8900,19.75
2007-07-11,19.64,19.92,19.61,19.92,8000,19.92
2007-07-10,19.61,19.70,19.36,19.56,10900,19.56
2007-07-09,19.76,20.02,19.76,20.02,6500,20.02
2007-07-06,19.83,20.11,19.69,19.96,7300,19.96
2007-07-05,19.54,20.28,19.54,20.28,6000,20.28
2007-07-03,20.00,20.00,19.66,19.94,2700,19.94
2007-07-02,19.55,19.73,19.55,19.73,16500,19.73
2007-06-29,19.40,19.75,19.21,19.71,17100,19.71
2007-06-28,19.48,19.51,19.36,19.39,4300,19.39
2007-06-27,19.80,19.80,19.40,19.68,9200,19.68
2007-06-26,19.82,20.05,19.66,19.74,10400,19.74
2007-06-25,19.75,20.01,19.61,19.81,8400,19.81
2007-06-22,19.52,19.73,19.29,19.73,8700,19.73
2007-06-21,19.60,19.84,19.39,19.84,12400,19.84
2007-06-20,19.65,19.88,19.65,19.88,13700,19.88
2007-06-19,19.78,19.89,19.60,19.78,11700,19.78
2007-06-18,20.34,20.34,19.87,19.91,5600,19.91
2007-06-15,19.87,20.27,19.87,20.27,27800,20.27
2007-06-14,20.15,20.17,19.79,19.87,8700,19.87
2007-06-13,20.10,20.35,19.99,20.2899,5400,20.2899
2007-06-12,20.20,20.40,20.16,20.40,25400,20.40
2007-06-11,20.42,20.42,20.02,20.28,3000,20.28
2007-06-08,20.36,20.36,19.60,20.17,12700,20.17
2007-06-07,19.96,20.30,19.96,20.30,12400,20.30
2007-06-06,20.50,20.57,20.1001,20.37,11000,20.37
2007-06-05,20.50,20.84,20.38,20.65,7800,20.65
2007-06-04,20.51,20.85,20.51,20.85,10800,20.85
2007-06-01,20.86,20.86,20.38,20.75,6400,20.75
2007-05-31,20.82,21.11,20.55,20.65,6900,20.65
2007-05-30,20.85,20.93,20.82,20.93,7000,20.93
2007-05-29,21.05,21.31,20.60,21.20,21300,21.20
2007-05-25,21.99,21.99,21.39,21.62,4000,21.62
2007-05-24,21.97,21.97,21.46,21.55,20400,21.55
2007-05-23,22.04,22.40,22.04,22.40,13300,22.40
2007-05-22,22.00,22.48,22.00,22.38,28100,22.38
2007-05-21,21.73,21.88,21.16,21.83,58000,21.83
2007-05-18,21.32,21.32,20.75,20.82,24800,20.82
2007-05-17,21.20,21.43,21.20,21.43,19800,21.43
2007-05-16,21.50,21.63,21.20,21.36,8500,21.36
2007-05-15,21.41,21.66,21.30,21.41,15800,21.41
2007-05-14,21.86,21.99,21.69,21.99,7600,21.99
2007-05-11,21.74,22.11,21.74,22.11,8900,22.11
2007-05-10,22.02,22.16,21.72,21.77,14600,21.77
2007-05-09,22.12,22.55,22.08,22.21,24700,22.21
2007-05-08,21.91,22.37,21.91,22.29,17400,22.29
2007-05-07,22.26,22.50,22.08,22.37,25200,22.37
2007-05-04,22.50,22.55,22.37,22.40,20800,22.40
2007-05-03,22.65,22.78,22.13,22.22,22500,22.22
2007-05-02,23.00,23.05,22.79,23.05,48500,23.05
2007-05-01,23.11,23.80,22.93,23.30,180000,23.30
2007-04-30,21.95,22.15,21.89,22.01,78000,22.01
2007-04-27,22.55,22.55,22.01,22.08,17700,22.08
2007-04-26,22.62,22.62,21.95,22.03,29000,22.03
2007-04-25,22.18,22.89,22.18,22.45,85300,22.45
2007-04-24,21.8899,22.00,21.76,21.93,13900,21.93
2007-04-23,21.82,21.93,21.69,21.86,15300,21.86
2007-04-20,20.41,21.50,20.41,21.18,40200,21.18
2007-04-19,20.38,21.40,20.38,21.07,56100,21.07
2007-04-18,20.56,20.87,20.41,20.68,5000,20.68
2007-04-17,20.94,20.94,20.45,20.79,16400,20.79
2007-04-16,21.03,21.18,21.00,21.18,27800,21.18
2007-04-13,20.66,20.94,20.66,20.8201,22800,20.8201
2007-04-12,20.83,20.83,20.51,20.70,41500,20.70
2007-04-11,20.77,20.9799,20.63,20.70,62500,20.70
2007-04-10,20.44,20.5899,20.15,20.50,30300,20.50
2007-04-09,19.80,20.35,19.68,19.90,8300,19.90
2007-04-05,19.56,19.89,19.56,19.71,4700,19.71
2007-04-04,19.05,19.41,19.05,19.41,19300,19.41
2007-04-03,19.08,19.14,19.00,19.14,21000,19.14
2007-04-02,19.18,19.23,19.00,19.23,8400,19.23
2007-03-30,19.39,19.40,19.27,19.40,70200,19.40
2007-03-29,19.43,19.60,19.02,19.29,30200,19.29
2007-03-28,20.16,20.16,19.02,19.30,123200,19.30
2007-03-27,20.11,20.34,19.80,20.23,97700,20.23
2007-03-26,19.28,19.28,18.99,19.28,9000,19.28
2007-03-23,19.34,19.35,19.14,19.35,9100,19.35
2007-03-22,18.96,19.19,18.96,19.19,19500,19.19
2007-03-21,18.99,19.00,18.73,19.00,7000,19.00
2007-03-20,18.96,19.21,18.95,18.99,31500,18.99
2007-03-19,19.07,19.25,18.99,19.25,17800,19.25
2007-03-16,18.99,19.05,18.83,19.00,31000,19.00
2007-03-15,19.23,19.23,18.90,18.99,18700,18.99
2007-03-14,18.95,19.33,18.95,19.33,22100,19.33
2007-03-13,19.62,19.62,19.10,19.18,40600,19.18
2007-03-12,19.83,19.92,19.62,19.69,28400,19.69
2007-03-09,19.95,19.95,19.55,19.65,7700,19.65
2007-03-08,19.91,19.91,19.48,19.5999,16400,19.5999
2007-03-07,19.86,19.93,19.50,19.54,15600,19.54
2007-03-06,19.92,20.36,19.76,20.24,69000,20.24
2007-03-05,19.60,19.70,19.10,19.34,37000,19.34
2007-03-02,19.62,19.94,19.62,19.94,2200,19.94
2007-03-01,19.78,20.20,19.78,20.20,17800,20.20
2007-02-28,19.50,22.40,19.50,20.33,20900,20.33
2007-02-27,19.99,20.03,19.39,19.50,27100,19.50
2007-02-26,20.82,20.82,20.40,20.60,16400,20.60
2007-02-23,21.03,21.18,21.02,21.18,7200,21.18
2007-02-22,21.24,21.56,21.08,21.51,10100,21.51
2007-02-21,21.54,21.54,21.23,21.30,59300,21.30
2007-02-20,21.00,21.84,21.00,21.84,66900,21.84
2007-02-16,20.05,20.26,20.05,20.26,13600,20.26
2007-02-15,20.00,20.77,19.765,20.00,37600,20.00
2007-02-14,19.54,20.05,19.50,19.95,74900,19.95
2007-02-13,18.34,18.74,18.34,18.65,20000,18.65
2007-02-12,18.49,18.77,18.49,18.77,9900,18.77
2007-02-09,18.36,18.61,18.36,18.61,8400,18.61
2007-02-08,17.84,18.75,17.84,18.70,50700,18.70
2007-02-07,17.81,17.91,17.58,17.79,55300,17.79
2007-02-06,18.17,18.30,18.17,18.30,21200,18.30
2007-02-05,18.23,18.33,18.05,18.25,12100,18.25
2007-02-02,18.2401,18.50,18.23,18.3199,8500,18.3199
2007-02-01,18.30,18.38,17.95,18.25,33000,18.25
2007-01-31,17.78,18.17,17.62,18.00,19700,18.00
2007-01-30,18.18,18.18,17.64,17.77,17600,17.77
2007-01-29,18.45,18.96,18.39,18.96,17900,18.96
2007-01-26,19.10,19.26,19.10,19.26,5800,19.26
2007-01-25,19.34,19.35,19.30,19.35,4300,19.35
2007-01-24,19.46,19.46,19.339,19.46,5900,19.46
2007-01-23,19.17,19.44,19.17,19.24,8200,19.24
2007-01-22,18.54,19.17,18.54,19.00,34300,19.00
2007-01-19,18.13,18.57,18.12,18.57,21300,18.57
2007-01-18,18.00,18.30,18.00,18.20,26700,18.20
2007-01-17,17.80,18.28,17.73,17.74,16600,17.74
2007-01-16,18.32,18.32,17.85,18.32,20800,18.32
2007-01-12,17.43,17.75,17.32,17.64,28400,17.64
2007-01-11,17.66,17.81,17.44,17.48,19800,17.48
2007-01-10,18.14,18.14,17.70,17.71,31300,17.71
2007-01-09,18.29,18.52,18.09,18.36,34200,18.36
2007-01-08,17.70,18.50,17.70,18.36,31300,18.36
2007-01-05,17.24,17.46,17.24,17.46,10100,17.46
2007-01-04,17.30,17.63,17.25,17.43,8500,17.43
2007-01-03,16.92,17.16,16.70,17.00,29300,17.00
2006-12-29,16.22,16.46,16.22,16.46,23100,16.46
2006-12-28,15.99,16.47,15.99,16.25,14900,16.25
2006-12-27,16.27,16.27,16.00,16.02,17800,16.02
2006-12-26,16.40,16.50,16.25,16.34,26200,16.34
2006-12-22,16.70,16.73,16.54,16.71,2400,16.71
2006-12-21,16.52,16.86,16.52,16.86,3500,16.86
2006-12-20,16.88,16.92,16.69,16.70,23600,16.70
2006-12-19,16.72,16.97,16.30,16.95,8000,16.95
2006-12-18,16.75,17.05,16.74,16.95,32200,16.95
2006-12-15,16.90,17.00,16.90,16.96,21700,16.96
2006-12-14,16.70,16.97,16.70,16.90,39100,16.90
2006-12-13,16.86,16.94,16.71,16.71,9600,16.71
2006-12-12,16.96,17.00,16.80,16.85,8000,16.85
2006-12-11,17.11,17.27,16.80,16.95,37800,16.95
2006-12-08,17.00,17.00,16.85,16.92,10600,16.92
2006-12-07,17.00,17.13,16.81,17.13,6100,17.13
2006-12-06,17.13,17.34,16.78,16.90,49100,16.90
2006-12-05,17.19,17.20,17.07,17.13,2700,17.13
2006-12-04,16.944,17.10,16.62,17.04,27200,17.04
2006-12-01,16.97,17.09,16.93,17.00,32200,17.00
2006-11-30,16.95,17.31,16.80,16.90,30700,16.90
2006-11-29,16.78,16.87,16.78,16.87,6300,16.87
2006-11-28,16.85,16.99,16.42,16.80,33000,16.80
2006-11-27,17.29,17.45,16.85,17.39,38200,17.39
2006-11-24,16.896,16.97,16.896,16.97,7800,16.97
2006-11-22,16.77,16.98,16.77,16.98,8300,16.98
2006-11-21,16.88,16.88,16.80,16.88,13400,16.88
2006-11-20,16.75,16.78,16.25,16.59,10200,16.59
2006-11-17,16.50,16.64,16.50,16.50,15900,16.50
2006-11-16,16.80,16.80,16.65,16.65,14400,16.65
2006-11-15,16.98,16.98,16.54,16.67,12300,16.67
2006-11-14,16.87,17.25,16.86,17.05,22400,17.05
2006-11-13,17.25,17.47,16.82,16.94,26500,16.94
2006-11-10,17.87,18.00,17.30,17.4199,43400,17.4199
2006-11-09,17.40,18.00,17.35,17.55,90100,17.55
2006-11-08,16.14,16.74,16.13,16.68,68800,16.68
2006-11-07,16.16,16.35,16.10,16.20,32800,16.20
2006-11-06,16.05,16.29,16.05,16.16,48300,16.16
2006-11-03,16.77,16.90,16.36,16.36,99500,16.36
2006-11-02,15.96,16.80,15.93,16.75,58700,16.75
2006-11-01,16.61,16.89,16.08,16.29,517000,16.29
2006-10-31,15.01,16.82,14.78,16.69,688400,16.69
2006-10-30,18.95,18.95,18.51,18.64,37200,18.64
2006-10-27,19.00,19.34,19.00,19.34,3600,19.34
2006-10-26,19.00,19.34,18.84,19.01,9600,19.01
2006-10-25,18.80,19.04,18.31,18.80,64200,18.80
2006-10-24,18.86,18.93,18.74,18.79,3500,18.79
2006-10-23,18.60,18.85,18.60,18.85,3100,18.85
2006-10-20,18.70,18.88,18.65,18.76,14200,18.76
2006-10-19,18.21,18.50,18.20,18.41,15700,18.41
2006-10-18,18.50,18.50,17.90,17.90,8400,17.90
2006-10-17,18.00,18.01,17.85,18.00,4300,18.00
2006-10-16,18.00,18.33,17.96,18.01,7400,18.01
2006-10-13,18.00,18.33,18.00,18.33,1700,18.33
2006-10-12,17.94,17.95,17.93,17.93,4500,17.93
2006-10-11,17.89,17.99,17.74,17.85,10000,17.85
2006-10-10,18.25,18.45,18.05,18.05,4400,18.05
2006-10-09,18.71,18.71,18.21,18.37,5000,18.37
2006-10-06,18.83,18.88,18.79,18.88,3800,18.88
2006-10-05,18.70,18.88,18.56,18.6601,2600,18.6601
2006-10-04,18.34,18.65,18.21,18.65,6000,18.65
2006-10-03,18.29,18.29,17.80,18.07,14100,18.07
2006-10-02,18.26,18.63,18.02,18.26,600,18.26
2006-09-29,17.98,18.30,17.64,18.20,7700,18.20
2006-09-28,18.09,18.09,17.91,17.97,8100,17.97
2006-09-27,17.91,18.00,17.86,18.00,32700,18.00
2006-09-26,17.80,18.21,17.65,17.83,20400,17.83
2006-09-25,17.76,18.00,17.76,17.89,5900,17.89
2006-09-22,18.10,18.10,17.80,17.84,25400,17.84
2006-09-21,18.60,18.82,18.20,18.24,27900,18.24
2006-09-20,18.94,19.19,18.824,18.95,8900,18.95
2006-09-19,19.00,19.22,18.70,18.73,12900,18.73
2006-09-18,18.70,18.76,18.57,18.76,18100,18.76
2006-09-15,18.78,18.78,18.28,18.62,1800,18.62
2006-09-14,18.78,18.78,18.22,18.72,1800,18.72
2006-09-13,18.59,18.59,18.34,18.59,8900,18.59
2006-09-12,18.10,18.16,17.98,18.10,7200,18.10
2006-09-11,17.95,18.19,17.95,18.19,24900,18.19
2006-09-08,18.04,18.46,18.04,18.46,3800,18.46
2006-09-07,18.04,18.56,18.02,18.33,6800,18.33
2006-09-06,18.59,18.59,18.10,18.30,17100,18.30
2006-09-05,18.46,18.85,18.35,18.60,23200,18.60
2006-09-01,17.98,18.50,17.98,18.07,5300,18.07
2006-08-31,18.33,18.52,18.09,18.11,7300,18.11
2006-08-30,18.31,18.66,18.23,18.45,24000,18.45
2006-08-29,18.22,18.42,18.10,18.31,6200,18.31
2006-08-28,17.98,18.10,17.85,18.10,3400,18.10
2006-08-25,18.30,18.38,18.19,18.38,9400,18.38
2006-08-24,18.204,18.30,18.204,18.30,2300,18.30
2006-08-23,18.20,18.57,18.18,18.40,3700,18.40
2006-08-22,18.26,18.41,18.26,18.41,13900,18.41
2006-08-21,18.61,18.74,18.50,18.51,2700,18.51
2006-08-18,19.20,19.20,18.81,18.86,13000,18.86
2006-08-17,18.96,19.24,18.72,18.80,3700,18.80
2006-08-16,18.91,19.04,18.65,19.00,6900,19.00
2006-08-15,19.00,19.31,18.88,19.31,15900,19.31
2006-08-14,18.54,18.94,18.50,18.50,10600,18.50
2006-08-11,18.45,18.50,18.15,18.50,1400,18.50
2006-08-10,18.49,18.49,18.15,18.20,3300,18.20
2006-08-09,18.94,19.08,18.01,18.55,14100,18.55
2006-08-08,19.00,19.32,19.00,19.19,5700,19.19
2006-08-07,19.24,19.24,18.45,18.70,14800,18.70
2006-08-04,19.88,20.11,19.67,19.72,12100,19.72
2006-08-03,19.80,20.12,19.80,20.03,2400,20.03
2006-08-02,19.90,20.25,19.90,19.97,23600,19.97
2006-08-01,19.21,19.46,19.15,19.20,23500,19.20
2006-07-31,18.74,18.74,17.84,18.20,45900,18.20
2006-07-28,16.79,16.79,16.50,16.62,6200,16.62
2006-07-27,16.98,16.98,16.50,16.70,10600,16.70
2006-07-26,16.77,16.77,16.50,16.55,5000,16.55
2006-07-25,17.10,17.10,16.99,17.05,14400,17.05
2006-07-24,16.43,17.21,16.43,17.07,14300,17.07
2006-07-21,16.60,16.73,16.50,16.53,20800,16.53
2006-07-20,16.982,17.00,16.56,16.56,5600,16.56
2006-07-19,17.54,17.54,17.03,17.09,16200,17.09
2006-07-18,17.40,17.905,17.07,17.37,36800,17.37
2006-07-17,17.49,18.00,17.24,17.54,51000,17.54
2006-07-14,16.48,16.70,16.48,16.70,91400,16.70
2006-07-13,16.98,17.06,16.50,17.06,63400,17.06
2006-07-12,17.85,17.92,16.67,17.00,471300,17.00
2006-07-11,20.65,21.22,20.50,20.53,26600,20.53
2006-07-10,22.11,22.11,21.23,21.62,3400,21.62
2006-07-07,22.08,22.19,21.71,22.17,5100,22.17
2006-07-06,22.34,22.35,21.81,22.07,9600,22.07
2006-07-05,22.22,22.669,22.05,22.669,11000,22.669
2006-07-03,21.94,22.3299,21.94,22.10,4700,22.10
2006-06-30,22.48,22.48,22.28,22.31,16500,22.31
2006-06-29,22.21,22.30,22.15,22.30,9100,22.30
2006-06-28,22.19,22.42,22.19,22.42,5700,22.42
2006-06-27,22.38,22.52,22.20,22.31,21000,22.31
2006-06-26,22.40,22.40,22.40,22.40,000,22.40
2006-06-23,22.12,22.40,22.12,22.40,1500,22.40
2006-06-22,22.46,22.57,22.20,22.33,2600,22.33
2006-06-21,22.15,22.34,22.02,22.12,8300,22.12
2006-06-20,21.99,22.43,21.99,22.25,9600,22.25
2006-06-19,22.42,22.77,22.23,22.39,5300,22.39
2006-06-16,22.54,22.57,22.51,22.52,1200,22.52
2006-06-15,21.57,23.0099,21.57,22.86,26400,22.86
2006-06-14,21.04,21.44,20.86,21.19,23600,21.19
2006-06-13,21.92,21.92,20.87,21.03,15400,21.03
2006-06-12,22.67,23.12,22.32,22.48,19300,22.48
2006-06-09,23.10,23.10,22.90,22.90,2700,22.90
2006-06-08,23.08,23.29,22.71,23.03,11400,23.03
2006-06-07,23.87,24.06,23.78,23.93,8400,23.93
2006-06-06,23.90,24.05,23.81,24.00,6200,24.00
2006-06-05,24.02,24.19,23.87,23.87,13700,23.87
2006-06-02,23.35,23.67,23.35,23.65,16700,23.65
2006-06-01,22.84,23.32,22.84,23.29,17700,23.29
2006-05-31,23.79,24.00,22.87,23.16,19400,23.16
2006-05-30,23.98,23.98,23.61,23.68,5900,23.68
2006-05-26,23.74,23.75,23.35,23.72,12200,23.72
2006-05-25,23.74,23.74,23.33,23.33,4200,23.33
2006-05-24,23.48,23.48,22.75,23.18,16400,23.18
2006-05-23,23.82,24.23,23.50,23.60,27600,23.60
2006-05-22,23.83,23.85,22.77,23.34,33100,23.34
2006-05-19,24.05,24.66,24.05,24.57,15600,24.57
2006-05-18,24.88,25.18,24.01,24.58,28000,24.58
2006-05-17,24.75,24.97,24.41,24.53,25900,24.53
2006-05-16,25.80,25.80,25.49,25.79,5500,25.79
2006-05-15,25.60,25.85,25.11,25.59,12300,25.59
2006-05-12,25.88,25.88,25.31,25.60,8900,25.60
2006-05-11,25.88,25.88,25.13,25.74,20500,25.74
2006-05-10,26.23,26.25,25.63,26.25,8300,26.25
2006-05-09,25.25,26.15,25.25,26.07,80300,26.07
2006-05-08,25.10,25.35,24.77,25.35,159600,25.35
2006-05-05,24.70,24.80,24.50,24.60,127000,24.60
2006-05-04,24.79,24.89,24.64,24.64,104500,24.64
2006-05-03,24.51,24.54,24.31,24.50,43400,24.50
2006-05-02,24.66,24.80,24.44,24.51,32400,24.51
2006-05-01,25.37,25.55,24.62,24.68,91300,24.68
2006-04-28,24.69,24.69,24.38,24.58,22900,24.58
2006-04-27,24.71,24.80,24.32,24.65,9700,24.65
2006-04-26,25.63,25.63,24.82,24.92,111500,24.92
2006-04-25,25.22,25.40,24.90,24.94,17900,24.94
2006-04-24,25.97,25.97,25.23,25.25,8800,25.25
2006-04-21,25.63,25.88,25.62,25.86,10700,25.86
2006-04-20,26.01,26.08,25.57,25.86,23400,25.86
2006-04-19,25.95,26.049,25.90,26.00,35900,26.00
2006-04-18,25.55,25.97,25.4301,25.83,21900,25.83
2006-04-17,26.00,26.00,25.27,25.40,15700,25.40
2006-04-13,26.53,26.53,25.98,26.00,3900,26.00
2006-04-12,26.22,26.97,25.75,26.78,11700,26.78
2006-04-11,27.30,27.30,25.62,25.90,19600,25.90
2006-04-10,26.46,27.25,26.46,27.07,40400,27.07
2006-04-07,25.20,25.669,25.07,25.15,26300,25.15
2006-04-06,25.70,25.70,25.04,25.481,12000,25.481
2006-04-05,25.50,25.71,25.50,25.71,24300,25.71
2006-04-04,24.35,25.32,24.35,25.30,34600,25.30
2006-04-03,25.25,25.25,23.89,24.00,57600,24.00
2006-03-31,24.79,24.97,24.65,24.65,4500,24.65
2006-03-30,24.87,25.25,24.5201,25.02,14700,25.02
2006-03-29,24.70,24.91,24.35,24.86,23100,24.86
2006-03-28,25.00,25.16,24.46,24.52,52900,24.52
2006-03-27,24.99,24.99,24.51,24.91,41300,24.91
2006-03-24,24.76,24.76,23.50,23.98,28300,23.98
2006-03-23,23.57,24.59,23.57,24.31,18200,24.31
2006-03-22,23.88,23.88,23.20,23.54,28500,23.54
2006-03-21,24.30,24.45,23.56,23.88,12500,23.88
2006-03-20,24.69,25.00,24.69,25.00,7100,25.00
2006-03-17,24.22,25.27,24.22,25.25,13100,25.25
2006-03-16,25.29,25.29,24.12,24.43,34800,24.43
2006-03-15,25.59,25.59,24.61,25.29,16700,25.29
2006-03-14,25.22,25.24,24.88,25.20,19600,25.20
2006-03-13,25.40,25.40,24.73,24.75,14900,24.75
2006-03-10,26.00,26.00,25.35,25.40,11800,25.40
2006-03-09,25.95,25.95,25.32,25.40,1200,25.40
2006-03-08,25.76,25.76,25.50,25.50,2200,25.50
2006-03-07,25.454,25.91,25.31,25.69,8300,25.69
2006-03-06,24.83,25.56,24.83,25.51,26100,25.51
2006-03-03,25.01,25.01,24.829,24.92,1500,24.92
2006-03-02,25.34,25.35,24.76,24.95,27000,24.95
2006-03-01,25.00,25.50,25.00,25.50,25800,25.50
2006-02-28,24.75,24.87,24.62,24.74,7800,24.74
2006-02-27,24.89,25.60,24.75,25.02,20300,25.02
2006-02-24,25.00,25.10,24.89,25.02,1400,25.02
2006-02-23,25.01,25.24,24.85,25.00,4000,25.00
2006-02-22,24.901,25.24,24.80,25.14,3100,25.14
2006-02-21,25.20,25.20,24.62,24.85,7600,24.85
2006-02-17,25.68,25.68,25.17,25.17,3000,25.17
2006-02-16,25.40,25.95,25.40,25.95,15400,25.95
2006-02-15,25.41,25.57,25.10,25.30,6300,25.30
2006-02-14,25.136,25.20,25.00,25.07,7700,25.07
2006-02-13,25.61,26.00,25.61,25.85,4700,25.85
2006-02-10,25.25,25.78,25.19,25.63,9900,25.63
2006-02-09,26.11,26.11,25.23,25.25,4700,25.25
2006-02-08,25.07,25.56,24.81,25.36,35200,25.36
2006-02-07,24.71,24.71,24.00,24.09,24500,24.09
2006-02-06,25.60,25.60,24.473,24.68,15400,24.68
2006-02-03,25.73,25.95,25.40,25.61,6500,25.61
2006-02-02,25.51,25.95,25.40,25.76,2400,25.76
2006-02-01,25.80,25.80,25.11,25.38,27500,25.38
2006-01-31,26.10,26.10,25.751,25.80,7900,25.80
2006-01-30,26.16,26.25,25.901,26.07,26100,26.07
2006-01-27,25.60,26.40,25.60,26.01,11300,26.01
2006-01-26,26.26,26.50,25.42,25.49,23100,25.49
2006-01-25,26.50,26.56,26.22,26.27,22600,26.27
2006-01-24,25.94,26.604,25.94,26.38,14100,26.38
2006-01-23,25.96,25.96,25.68,25.82,21500,25.82
2006-01-20,26.42,26.64,25.10,25.401,45200,25.401
2006-01-19,26.22,26.99,26.02,26.65,33500,26.65
2006-01-18,25.51,26.10,25.51,26.01,19100,26.01
2006-01-17,25.76,26.44,25.48,25.89,22700,25.89
2006-01-13,26.132,26.42,25.95,26.42,13100,26.42
2006-01-12,25.92,26.21,25.82,26.17,20400,26.17
2006-01-11,25.86,25.88,25.72,25.771,5800,25.771
2006-01-10,25.50,25.77,25.40,25.67,11600,25.67
2006-01-09,25.50,25.836,25.349,25.44,47600,25.44
2006-01-06,25.40,25.40,25.15,25.28,71800,25.28
2006-01-05,25.44,25.47,25.19,25.28,14700,25.28
2006-01-04,26.21,26.49,25.49,25.50,49400,25.50
2006-01-03,25.44,25.94,25.44,25.61,49300,25.61
2005-12-30,24.70,24.70,24.44,24.46,41700,24.46
2005-12-29,25.20,25.38,24.50,24.59,23500,24.59
2005-12-28,25.45,25.45,24.80,25.05,41700,25.05
2005-12-27,25.68,25.68,25.18,25.68,72500,25.68
2005-12-23,26.00,26.44,26.00,26.00,3100,26.00
2005-12-22,26.20,26.20,25.99,26.00,3200,26.00
2005-12-21,26.07,26.84,25.97,26.18,17400,26.18
2005-12-20,25.87,26.05,25.80,25.80,35900,25.80
2005-12-19,26.65,26.65,25.71,25.77,151200,25.77
2005-12-16,26.94,26.94,26.70,26.80,16500,26.80
2005-12-15,26.95,26.95,26.572,26.67,43400,26.67
2005-12-14,26.50,27.26,26.30,26.99,159700,26.99
2005-12-13,25.85,26.13,25.64,25.93,11600,25.93
2005-12-12,25.70,25.85,25.70,25.75,5100,25.75
2005-12-09,25.60,25.90,25.50,25.67,13000,25.67
2005-12-08,26.07,26.07,25.69,25.73,28900,25.73
2005-12-07,25.70,27.55,25.70,26.37,49900,26.37
2005-12-06,26.12,26.12,25.70,25.98,37100,25.98
2005-12-05,25.08,26.39,25.08,26.05,65200,26.05
2005-12-02,24.93,25.12,24.93,25.06,7900,25.06
2005-12-01,25.00,25.11,24.89,25.11,6800,25.11
2005-11-30,25.06,25.06,24.701,24.90,30000,24.90
2005-11-29,24.58,24.957,24.57,24.89,36200,24.89
2005-11-28,24.90,24.99,24.56,24.56,8700,24.56
2005-11-25,24.49,24.84,24.49,24.56,12600,24.56
2005-11-23,24.44,24.71,24.44,24.48,23000,24.48
2005-11-22,24.54,24.54,24.233,24.43,52200,24.43
2005-11-21,24.31,24.369,24.20,24.31,83700,24.31
2005-11-18,24.75,24.75,24.26,24.30,10000,24.30
2005-11-17,24.50,24.50,24.20,24.39,40200,24.39
2005-11-16,24.40,24.40,24.16,24.23,42200,24.23
2005-11-15,24.41,24.81,24.153,24.43,48500,24.43
2005-11-14,24.08,24.13,23.90,24.05,65100,24.05
2005-11-11,24.50,25.04,24.37,24.88,32400,24.88
2005-11-10,24.39,25.10,24.34,24.55,83100,24.55
2005-11-09,25.70,25.70,24.30,24.54,41800,24.54
2005-11-08,25.33,25.80,24.95,25.42,49600,25.42
2005-11-07,25.14,25.44,25.14,25.28,1900,25.28
2005-11-04,25.04,25.28,24.93,24.93,8200,24.93
2005-11-03,25.10,25.93,25.01,25.21,38000,25.21
2005-11-02,25.00,25.40,25.00,25.16,11800,25.16
2005-11-01,25.00,25.28,24.94,25.25,25300,25.25
2005-10-31,24.25,24.51,24.14,24.50,9000,24.50
2005-10-28,24.01,24.05,23.97,24.01,5700,24.01
2005-10-27,23.79,24.14,23.79,23.99,11000,23.99
2005-10-26,23.99,23.99,23.72,23.84,2200,23.84
2005-10-25,24.00,24.00,23.70,23.70,8500,23.70
2005-10-24,23.60,23.92,23.60,23.76,3200,23.76
2005-10-21,23.30,23.35,23.16,23.33,2100,23.33
2005-10-20,23.17,23.35,23.17,23.30,7100,23.30
2005-10-19,23.30,23.47,23.02,23.47,18600,23.47
2005-10-18,23.86,23.86,23.52,23.52,15200,23.52
2005-10-17,23.50,23.79,23.30,23.56,17100,23.56
2005-10-14,23.28,23.59,23.16,23.43,47200,23.43
2005-10-13,23.21,23.36,23.20,23.33,45700,23.33
2005-10-12,23.23,23.41,23.23,23.36,3900,23.36
2005-10-11,23.49,23.49,23.01,23.38,8200,23.38
2005-10-10,24.19,24.19,23.53,23.65,7600,23.65
2005-10-07,23.74,23.77,23.74,23.76,300,23.76
2005-10-06,24.19,24.35,23.74,23.76,12800,23.76
2005-10-05,23.54,23.70,23.50,23.62,3100,23.62
2005-10-04,23.51,23.56,23.40,23.54,4900,23.54
2005-10-03,23.79,23.80,23.51,23.51,8600,23.51
2005-09-30,24.39,24.39,23.99,24.08,9800,24.08
2005-09-29,23.94,24.751,23.81,24.50,16800,24.50
2005-09-28,24.00,24.30,24.00,24.27,4600,24.27
2005-09-27,23.90,24.42,23.87,24.23,22000,24.23
2005-09-26,23.88,24.078,23.72,24.00,59600,24.00
2005-09-23,23.85,24.15,23.81,23.99,27300,23.99
2005-09-22,23.76,24.36,23.54,24.17,55700,24.17
2005-09-21,24.20,24.20,23.96,23.99,8500,23.99
2005-09-20,24.41,24.44,24.26,24.32,5100,24.32
2005-09-19,24.12,24.62,24.02,24.45,47200,24.45
2005-09-16,24.51,24.62,24.50,24.62,7200,24.62
2005-09-15,24.82,24.82,24.51,24.527,1100,24.527
2005-09-14,24.72,24.72,24.51,24.51,300,24.51
2005-09-13,24.61,24.73,24.294,24.39,900,24.39
2005-09-12,24.52,24.92,24.52,24.71,8000,24.71
2005-09-09,23.53,23.95,23.53,23.85,64400,23.85
2005-09-08,23.59,23.86,23.59,23.74,3300,23.74
2005-09-07,24.33,24.40,23.91,23.97,10600,23.97
2005-09-06,24.20,24.54,24.13,24.32,11600,24.32
2005-09-02,23.72,24.31,23.72,24.24,7100,24.24
2005-09-01,23.82,24.00,23.82,23.87,15500,23.87
2005-08-31,23.75,23.90,23.50,23.81,15800,23.81
2005-08-30,23.32,23.72,23.32,23.60,2900,23.60
2005-08-29,23.66,23.70,23.41,23.48,4500,23.48
2005-08-26,23.71,23.72,23.49,23.49,12300,23.49
2005-08-25,23.41,23.63,23.39,23.50,4800,23.50
2005-08-24,24.09,24.32,23.60,23.90,7400,23.90
2005-08-23,24.31,24.56,24.21,24.51,5100,24.51
2005-08-22,24.50,24.76,24.49,24.50,6000,24.50
2005-08-19,24.70,24.83,24.57,24.76,2400,24.76
2005-08-18,24.80,24.989,24.74,24.74,1000,24.74
2005-08-17,24.74,25.10,24.52,25.10,19500,25.10
2005-08-16,24.61,24.69,24.50,24.51,3300,24.51
2005-08-15,24.50,24.97,24.36,24.60,19700,24.60
2005-08-12,25.00,25.02,24.01,24.25,33700,24.25
2005-08-11,25.05,25.33,24.93,25.07,23000,25.07
2005-08-10,24.90,25.77,24.90,25.00,41100,25.00
2005-08-09,24.95,25.55,24.25,24.79,119100,24.79
2005-08-08,23.49,23.78,23.20,23.78,16500,23.78
2005-08-05,24.10,24.12,23.95,23.95,9200,23.95
2005-08-04,24.10,24.10,23.65,23.96,9700,23.96
2005-08-03,23.79,24.30,23.79,24.12,13600,24.12
2005-08-02,23.80,24.14,23.797,24.02,7400,24.02
2005-08-01,23.78,23.78,23.39,23.63,10200,23.63
2005-07-29,24.39,24.40,23.68,23.80,16400,23.80
2005-07-28,23.20,24.38,23.20,24.03,45000,24.03
2005-07-27,23.50,23.58,23.17,23.38,28400,23.38
2005-07-26,22.91,23.39,22.91,23.33,9600,23.33
2005-07-25,23.17,23.20,23.00,23.05,14000,23.05
2005-07-22,23.64,23.67,23.43,23.62,4500,23.62
2005-07-21,23.50,23.90,23.50,23.67,28800,23.67
2005-07-20,23.41,23.70,23.30,23.60,33100,23.60
2005-07-19,23.07,23.40,23.02,23.39,33800,23.39
2005-07-18,23.04,23.05,22.74,23.00,20100,23.00
2005-07-15,23.40,23.48,22.76,23.15,69100,23.15
2005-07-14,22.91,22.91,22.43,22.85,25700,22.85
2005-07-13,23.11,23.44,23.11,23.25,29200,23.25
2005-07-12,22.86,23.18,22.82,23.15,13800,23.15
2005-07-11,22.43,22.78,22.35,22.76,24200,22.76
2005-07-08,21.99,22.09,21.90,21.95,19500,21.95
2005-07-07,21.49,22.00,21.25,21.93,10300,21.93
2005-07-06,22.00,22.23,21.77,21.95,19200,21.95
2005-07-05,22.00,22.20,21.70,21.73,16000,21.73
2005-07-01,21.55,22.21,21.51,21.54,17600,21.54
2005-06-30,21.43,21.76,21.36,21.50,5900,21.50
2005-06-29,21.82,22.00,21.52,21.71,25700,21.71
2005-06-28,20.85,21.71,20.85,21.71,43100,21.71
2005-06-27,20.12,20.38,20.05,20.30,35600,20.30
2005-06-24,20.58,20.89,20.16,20.17,12900,20.17
2005-06-23,20.33,21.07,20.33,20.79,12600,20.79
2005-06-22,20.89,21.55,20.89,21.00,32000,21.00
2005-06-21,21.26,21.38,20.67,21.16,29700,21.16
2005-06-20,20.52,21.47,20.33,20.87,73900,20.87
2005-06-17,21.85,22.60,21.85,22.23,78200,22.23
2005-06-16,22.40,22.77,21.85,22.61,36300,22.61
2005-06-15,22.50,22.51,22.13,22.50,36300,22.50
2005-06-14,23.05,23.05,22.694,22.79,3400,22.79
2005-06-13,23.05,23.06,22.62,22.98,17900,22.98
2005-06-10,22.90,23.22,22.90,23.06,3100,23.06
2005-06-09,22.90,23.12,22.90,23.01,44500,23.01
2005-06-08,23.30,23.64,23.30,23.38,14300,23.38
2005-06-07,23.55,23.55,23.01,23.02,5500,23.02
2005-06-06,23.50,23.76,23.50,23.56,6800,23.56
2005-06-03,23.65,24.00,23.42,23.69,7000,23.69
2005-06-02,23.95,23.98,23.68,23.82,11200,23.82
2005-06-01,24.40,24.40,23.67,23.95,18600,23.95
2005-05-31,23.61,24.25,23.61,24.17,13200,24.17
2005-05-27,23.74,23.74,23.33,23.50,6000,23.50
2005-05-26,23.02,23.54,23.02,23.54,15700,23.54
2005-05-25,23.16,23.26,23.10,23.11,60100,23.11
2005-05-24,23.15,23.30,23.03,23.10,42300,23.10
2005-05-23,23.56,23.56,23.01,23.15,13800,23.15
2005-05-20,23.67,24.00,23.67,23.68,17000,23.68
2005-05-19,23.99,24.17,23.69,24.17,19200,24.17
2005-05-18,24.13,24.15,23.85,24.00,11000,24.00
2005-05-17,24.23,24.29,24.05,24.26,67900,24.26
2005-05-16,24.47,24.47,23.94,24.189,69400,24.189
2005-05-13,24.21,24.38,24.17,24.27,6800,24.27
2005-05-12,24.17,24.19,23.99,24.14,21900,24.14
2005-05-11,24.04,24.25,24.04,24.17,179700,24.17
2005-05-10,24.20,24.30,24.10,24.20,91800,24.20
2005-05-09,24.24,24.49,24.03,24.15,222400,24.15
2005-05-06,23.36,23.73,23.36,23.60,20300,23.60
2005-05-05,23.81,23.81,23.03,23.26,30500,23.26
2005-05-04,23.77,23.99,23.70,23.88,31200,23.88
2005-05-03,23.87,23.88,23.55,23.55,4200,23.55
2005-05-02,23.72,24.00,23.55,23.79,17200,23.79
2005-04-29,23.21,23.50,23.21,23.43,2900,23.43
2005-04-28,23.22,23.30,23.00,23.18,4800,23.18
2005-04-27,23.26,23.50,23.16,23.17,8000,23.17
2005-04-26,23.50,23.50,23.41,23.45,22100,23.45
2005-04-25,23.68,23.78,23.57,23.755,17700,23.755
2005-04-22,23.65,23.689,23.31,23.47,6200,23.47
2005-04-21,23.60,23.82,23.60,23.66,2300,23.66
2005-04-20,23.35,23.47,23.18,23.26,7400,23.26
2005-04-19,23.66,23.80,23.47,23.70,45300,23.70
2005-04-18,23.70,23.75,23.55,23.75,19000,23.75
2005-04-15,23.50,23.50,23.27,23.49,18000,23.49
2005-04-14,23.85,24.00,23.72,23.76,11200,23.76
2005-04-13,24.09,24.10,23.85,23.85,9600,23.85
2005-04-12,23.99,24.00,23.83,23.83,27800,23.83
2005-04-11,24.25,24.25,23.82,24.00,30800,24.00
2005-04-08,23.91,24.00,23.81,23.95,2400,23.95
2005-04-07,24.00,24.00,23.82,23.95,13600,23.95
2005-04-06,23.95,24.09,23.92,24.00,19600,24.00
2005-04-05,23.92,24.00,23.34,23.929,14300,23.929
2005-04-04,23.60,23.85,23.60,23.74,23700,23.74
2005-04-01,24.15,24.15,23.45,23.50,30700,23.50
2005-03-31,24.16,24.16,23.601,23.75,28900,23.75
2005-03-30,23.38,23.75,23.32,23.70,12300,23.70
2005-03-29,24.41,24.41,23.58,23.81,11800,23.81
2005-03-28,24.70,24.85,23.92,24.20,11600,24.20
2005-03-24,23.46,23.87,23.13,23.87,22100,23.87
2005-03-23,24.23,24.23,23.43,23.90,16500,23.90
2005-03-22,25.08,25.08,24.65,24.86,6300,24.86
2005-03-21,25.13,25.25,24.82,25.25,28900,25.25
2005-03-18,24.14,24.27,23.97,24.09,18400,24.09
2005-03-17,24.12,24.60,23.75,23.95,27000,23.95
2005-03-16,24.35,24.37,23.45,23.64,20200,23.64
2005-03-15,24.85,24.85,24.40,24.56,13500,24.56
2005-03-14,25.00,25.13,24.64,24.80,30400,24.80
2005-03-11,25.26,25.61,25.20,25.55,34100,25.55
2005-03-10,26.01,26.20,25.60,25.71,24700,25.71
2005-03-09,26.07,26.51,25.75,25.89,107300,25.89
2005-03-08,25.25,25.80,25.10,25.59,39300,25.59
2005-03-07,24.46,25.06,24.45,25.04,47500,25.04
2005-03-04,24.39,24.45,24.20,24.30,59100,24.30
2005-03-03,23.60,24.60,23.60,24.28,31700,24.28
2005-03-02,23.74,23.89,23.47,23.59,23000,23.59
2005-03-01,23.49,23.69,23.32,23.55,22000,23.55
2005-02-28,22.61,23.30,22.61,23.18,20700,23.18
2005-02-25,22.03,22.39,22.03,22.09,8600,22.09
2005-02-24,21.80,22.14,21.69,22.06,12500,22.06
2005-02-23,22.03,22.03,21.57,21.68,8900,21.68
2005-02-22,21.90,22.50,21.90,22.27,19700,22.27
2005-02-18,22.60,22.60,21.47,21.85,47100,21.85
2005-02-17,22.56,22.56,21.01,21.50,25000,21.50
2005-02-16,22.67,23.32,22.48,22.48,21300,22.48
2005-02-15,23.71,23.71,23.45,23.50,20000,23.50
2005-02-14,23.39,23.89,23.10,23.51,67400,23.51
2005-02-11,22.43,22.43,22.28,22.28,1000,22.28
2005-02-10,21.96,22.24,21.92,22.24,1000,22.24
2005-02-09,22.41,22.41,22.071,22.13,10600,22.13
2005-02-08,22.51,22.62,22.46,22.48,10500,22.48
2005-02-07,23.37,23.37,22.58,22.70,26000,22.70
2005-02-04,23.75,24.00,23.451,23.99,87400,23.99
2005-02-03,23.45,23.77,23.44,23.75,25100,23.75
2005-02-02,22.77,22.91,22.58,22.75,77300,22.75
2005-02-01,22.62,22.73,22.32,22.48,50700,22.48
2005-01-31,22.00,22.499,21.96,22.31,29000,22.31
2005-01-28,21.23,21.57,20.61,20.72,55900,20.72
2005-01-27,22.00,22.00,21.17,21.25,11900,21.25
2005-01-26,22.32,22.32,21.77,22.04,18800,22.04
2005-01-25,22.60,22.65,22.51,22.51,3400,22.51
2005-01-24,23.54,23.99,22.70,22.75,14100,22.75
2005-01-21,23.00,23.00,22.93,22.93,400,22.93
2005-01-20,23.00,23.00,22.96,22.961,1100,22.961
2005-01-19,23.17,23.319,23.10,23.18,5700,23.18
2005-01-18,23.76,23.77,23.06,23.40,7400,23.40
2005-01-14,23.24,23.93,23.24,23.92,2100,23.92
2005-01-13,23.26,24.00,23.26,23.92,18600,23.92
2005-01-12,23.13,23.70,23.13,23.70,45200,23.70
2005-01-11,23.68,23.75,23.568,23.60,36700,23.60
2005-01-10,23.69,23.90,23.52,23.90,22100,23.90
2005-01-07,23.45,23.72,23.45,23.72,13300,23.72
2005-01-06,23.22,23.50,23.22,23.49,26200,23.49
2005-01-05,23.05,23.05,22.24,22.69,21800,22.69
2005-01-04,22.85,23.23,22.811,23.15,37100,23.15
2005-01-03,22.96,23.27,22.51,23.00,53800,23.00
2004-12-31,21.40,21.86,21.40,21.86,6600,21.86
2004-12-30,22.12,22.12,21.62,21.89,5800,21.89
2004-12-29,21.79,21.79,21.37,21.55,20200,21.55
2004-12-28,21.86,22.00,21.25,21.57,11400,21.57
2004-12-27,21.01,21.71,21.00,21.38,16100,21.38
2004-12-23,22.22,22.22,21.50,21.81,15900,21.81
2004-12-22,21.84,21.84,21.07,21.34,11000,21.34
2004-12-21,21.01,21.01,20.35,20.75,4500,20.75
2004-12-20,21.50,21.50,21.26,21.37,5000,21.37
2004-12-17,22.18,22.25,21.96,22.03,8000,22.03
2004-12-16,21.61,22.42,21.61,22.15,9600,22.15
2004-12-15,21.00,21.36,20.85,21.30,13100,21.30
2004-12-14,19.76,20.62,19.76,20.44,20400,20.44
2004-12-13,20.00,20.15,20.00,20.15,14200,20.15
2004-12-10,19.667,19.97,19.667,19.97,9500,19.97
2004-12-09,19.69,19.82,19.68,19.82,5600,19.82
2004-12-08,19.75,19.75,19.65,19.66,9700,19.66
2004-12-07,20.25,20.25,19.77,20.14,20300,20.14
2004-12-06,19.75,20.47,19.75,20.319,50300,20.319
2004-12-03,19.40,19.639,19.17,19.639,3100,19.639
2004-12-02,19.325,19.48,19.325,19.48,800,19.48
2004-12-01,18.96,19.15,18.94,19.10,11100,19.10
2004-11-30,18.92,19.13,18.92,19.00,4100,19.00
2004-11-29,19.76,19.99,19.25,19.60,15800,19.60
2004-11-26,20.66,20.66,20.11,20.15,2900,20.15
2004-11-24,20.00,20.339,19.90,20.21,8500,20.21
2004-11-23,20.40,20.40,19.81,20.07,24100,20.07
2004-11-22,19.55,20.00,19.55,19.80,13000,19.80
2004-11-19,20.02,20.25,19.84,19.99,17000,19.99
2004-11-18,20.13,20.35,19.95,20.00,13700,20.00
2004-11-17,20.30,20.30,20.04,20.04,1900,20.04
2004-11-16,20.23,20.35,20.15,20.35,7500,20.35
2004-11-15,19.78,20.52,19.78,20.22,16400,20.22
2004-11-12,19.70,19.70,19.19,19.48,9200,19.48
2004-11-11,19.32,19.32,18.76,19.16,12100,19.16
2004-11-10,19.25,19.46,19.19,19.19,13100,19.19
2004-11-09,18.98,19.07,18.68,19.06,20800,19.06
2004-11-08,17.35,18.91,17.35,18.69,2600,18.69
2004-11-05,19.41,19.42,18.89,19.00,17100,19.00
2004-11-04,19.14,19.14,18.65,18.70,4000,18.70
2004-11-03,18.95,19.00,18.70,18.79,19600,18.79
2004-11-02,18.01,18.69,18.01,18.15,15200,18.15
2004-11-01,18.14,18.72,18.00,18.72,18300,18.72
2004-10-29,17.73,17.74,17.40,17.74,12200,17.74
2004-10-28,17.95,18.089,17.50,17.50,13300,17.50
2004-10-27,18.08,18.13,17.80,17.94,4200,17.94
2004-10-26,17.76,18.31,17.76,17.90,9900,17.90
2004-10-25,17.18,17.52,17.18,17.34,7400,17.34
2004-10-22,17.24,17.32,17.05,17.05,3400,17.05
2004-10-21,17.24,17.24,17.14,17.24,1000,17.24
2004-10-20,17.05,17.061,17.05,17.06,1200,17.06
2004-10-19,16.89,17.10,16.73,17.08,2200,17.08
2004-10-18,16.50,16.76,16.40,16.72,4700,16.72
2004-10-15,16.97,16.97,16.97,16.97,000,16.97
2004-10-14,17.31,17.31,16.75,16.97,5200,16.97
2004-10-13,17.30,17.30,17.04,17.05,3400,17.05
2004-10-12,17.50,17.50,17.06,17.41,12400,17.41
2004-10-11,18.08,18.10,17.79,17.88,14300,17.88
2004-10-08,18.75,19.00,18.39,18.39,20200,18.39
2004-10-07,18.49,19.19,18.49,18.68,10200,18.68
2004-10-06,18.93,19.13,18.92,18.96,7400,18.96
2004-10-05,18.50,19.19,18.48,19.19,24700,19.19
2004-10-04,18.21,18.85,18.21,18.70,46700,18.70
2004-10-01,18.45,18.45,17.61,17.85,39900,17.85
2004-09-30,18.21,18.50,18.15,18.18,13300,18.18
2004-09-29,18.47,18.51,18.41,18.51,3700,18.51
2004-09-28,18.18,18.69,17.83,18.65,31300,18.65
2004-09-27,18.39,18.39,17.95,18.21,1100,18.21
2004-09-24,18.21,18.21,18.01,18.20,600,18.20
2004-09-23,18.29,18.299,18.02,18.03,3100,18.03
2004-09-22,18.11,18.51,18.11,18.51,2400,18.51
2004-09-21,18.64,18.64,18.26,18.42,2400,18.42
2004-09-20,18.64,18.65,18.42,18.42,700,18.42
2004-09-17,18.551,18.75,18.551,18.658,43500,18.658
2004-09-16,18.70,18.70,18.47,18.55,21400,18.55
2004-09-15,18.65,18.75,18.65,18.70,12400,18.70
2004-09-14,18.70,18.70,18.67,18.70,2400,18.70
2004-09-13,18.70,18.70,18.61,18.65,11100,18.65
2004-09-10,18.26,18.72,18.26,18.72,1300,18.72
2004-09-09,18.411,18.411,18.24,18.411,3400,18.411
2004-09-08,18.56,18.60,18.47,18.47,15200,18.47
2004-09-07,18.78,19.02,18.68,19.02,14100,19.02
2004-09-03,19.00,19.00,18.82,18.99,800,18.99
2004-09-02,19.07,19.20,18.93,19.00,7700,19.00
2004-09-01,18.90,18.90,18.55,18.72,10400,18.72
2004-08-31,18.70,18.76,18.50,18.53,21500,18.53
2004-08-30,19.30,19.30,18.82,18.82,3100,18.82
2004-08-27,19.35,19.50,19.20,19.31,41600,19.31
2004-08-26,18.77,19.34,18.77,19.25,25900,19.25
2004-08-25,18.39,18.78,18.20,18.63,16000,18.63
2004-08-24,18.50,18.74,18.43,18.47,11200,18.47
2004-08-23,18.54,18.72,18.40,18.60,7900,18.60
2004-08-20,18.36,18.79,18.36,18.54,29700,18.54
2004-08-19,17.65,19.16,17.56,18.88,66000,18.88
