Date,Open,High,Low,Close,Volume,Adj Close
2016-04-15,29.469999,29.51,29.360001,29.469999,109800,29.469999
2016-04-14,29.60,29.690001,29.48,29.57,44400,29.57
2016-04-13,29.190001,29.65,29.190001,29.620001,61000,29.620001
2016-04-12,29.030001,29.129999,28.83,29.09,121900,29.09
2016-04-11,29.27,29.57,29.120001,29.129999,61200,29.129999
2016-04-08,29.52,29.540001,29.200001,29.26,31700,29.26
2016-04-07,29.719999,29.719999,29.16,29.26,97100,29.26
2016-04-06,29.32,29.76,29.32,29.74,59300,29.74
2016-04-05,29.299999,29.459999,29.27,29.309999,67000,29.309999
2016-04-04,29.809999,29.809999,29.48,29.610001,52400,29.610001
2016-04-01,29.540001,29.700001,29.280001,29.690001,64800,29.690001
2016-03-31,29.450001,29.65,29.43,29.57,40200,29.57
2016-03-30,29.639999,29.66,29.389999,29.49,70500,29.49
2016-03-29,29.07,29.43,28.85,29.370001,60200,29.370001
2016-03-28,28.969999,29.049999,28.85,28.98,67000,28.98
2016-03-24,28.66,28.92,28.65,28.92,79600,28.92
2016-03-23,29.10,29.209999,28.780001,28.85,56900,28.85
2016-03-22,29.049999,29.35,29.02,29.24,112200,29.214
2016-03-21,29.120001,29.190001,29.02,29.16,49100,29.134071
2016-03-18,29.190001,29.200001,28.99,29.120001,43600,29.094108
2016-03-17,28.83,29.08,28.799999,29.01,67000,28.984205
2016-03-16,28.23,28.860001,28.23,28.799999,71400,28.774391
2016-03-15,28.42,28.50,28.299999,28.40,58900,28.374747
2016-03-14,28.48,28.639999,28.48,28.59,62900,28.564578
2016-03-11,28.049999,28.65,28.049999,28.620001,59000,28.594552
2016-03-10,28.290001,28.42,27.719999,28.040001,37500,28.015068
2016-03-09,27.90,28.26,27.90,28.23,48300,28.204898
2016-03-08,28.00,28.27,27.969999,27.99,44900,27.965112
2016-03-07,28.059999,28.459999,28.059999,28.27,76700,28.244863
2016-03-04,28.25,28.559999,28.00,28.35,152300,28.324792
2016-03-03,28.25,28.309999,27.99,28.299999,65600,28.274835
2016-03-02,28.16,28.190001,27.959999,28.190001,73900,28.164934
2016-03-01,27.65,28.10,27.549999,28.08,63100,28.055032
2016-02-29,27.629999,27.780001,27.43,27.43,42500,27.40561
2016-02-26,27.690001,27.75,27.57,27.620001,44900,27.595442
2016-02-25,27.32,27.57,27.07,27.57,283100,27.545485
2016-02-24,26.60,27.059999,26.379999,27.059999,40300,27.035938
2016-02-23,27.030001,27.25,26.82,26.82,74700,26.796152
2016-02-22,27.290001,27.40,27.219999,27.27,56500,27.245752
2016-02-19,26.49,26.969999,26.49,26.950001,111700,26.926037
2016-02-18,27.030001,27.030001,26.68,26.75,308900,26.726214
2016-02-17,26.139999,26.74,26.139999,26.74,76100,26.716223
2016-02-16,25.90,26.059999,25.690001,26.00,191400,25.976881
2016-02-12,25.24,25.549999,25.18,25.469999,103700,25.447352
2016-02-11,24.719999,25.309999,24.719999,25.16,261100,25.137628
2016-02-10,24.90,25.82,24.90,25.379999,97700,25.357432
2016-02-09,24.889999,25.27,24.50,24.77,119400,24.747975
2016-02-08,25.629999,25.629999,24.530001,24.98,187200,24.957788
2016-02-05,26.870001,26.870001,25.709999,25.82,159200,25.797041
2016-02-04,26.780001,27.17,26.709999,27.07,56200,27.04593
2016-02-03,26.90,26.91,26.33,26.83,143300,26.806143
2016-02-02,27.450001,27.450001,26.690001,26.73,85400,26.706232
2016-02-01,27.00,27.92,27.00,27.42,82500,27.395619
2016-01-29,26.799999,27.34,26.799999,27.299999,249500,27.275725
2016-01-28,26.860001,26.92,26.41,26.719999,220000,26.69624
2016-01-27,27.26,27.26,26.530001,26.629999,93900,26.60632
2016-01-26,27.379999,27.379999,26.889999,27.209999,73000,27.185804
2016-01-25,27.27,27.34,26.940001,26.940001,389700,26.916046
2016-01-22,26.98,27.309999,26.98,27.27,100600,27.245752
2016-01-21,26.870001,27.120001,26.459999,26.709999,175300,26.686249
2016-01-20,26.299999,26.83,25.76,26.620001,187900,26.596331
2016-01-19,27.030001,27.280001,26.59,26.85,124100,26.826126
2016-01-15,27.00,27.15,26.620001,27.059999,181600,27.035938
2016-01-14,27.16,28.02,27.049999,27.780001,107000,27.755299
2016-01-13,28.50,28.50,27.24,27.309999,256600,27.285716
2016-01-12,28.379999,28.40,27.809999,28.120001,133100,28.094997
2016-01-11,28.030001,28.200001,27.620001,27.950001,119900,27.925148
2016-01-08,29.030001,29.030001,27.940001,28.02,179600,27.995086
2016-01-07,28.66,28.91,28.18,28.27,279400,28.244863
2016-01-06,29.00,29.17,28.879999,29.030001,275600,29.004188
2016-01-05,29.10,29.549999,29.10,29.370001,110300,29.343886
2016-01-04,29.950001,29.950001,29.059999,29.43,184100,29.403832
2015-12-31,30.440001,30.440001,30.030001,30.040001,107500,30.01329
2015-12-30,30.57,30.57,30.32,30.33,50000,30.303031
2015-12-29,30.51,30.59,30.389999,30.530001,98200,30.502854
2015-12-28,30.01,30.280001,29.99,30.280001,56900,30.253076
2015-12-24,30.01,30.940001,30.01,30.200001,37400,30.173147
2015-12-23,30.549999,31.280001,30.01,30.200001,59200,30.173147
2015-12-22,29.90,30.040001,29.709999,29.92,81800,29.832449
2015-12-21,29.889999,29.98,29.540001,29.73,62800,29.643004
2015-12-18,30.940001,30.940001,29.76,29.76,88600,29.672917
2015-12-17,31.299999,31.299999,30.129999,30.17,129400,30.081718
2015-12-16,30.299999,30.530001,30.08,30.52,167200,30.430694
2015-12-15,30.32,30.32,30.00,30.040001,88200,29.952099
2015-12-14,29.629999,30.139999,29.26,29.90,74600,29.812507
2015-12-11,30.26,30.26,29.68,29.719999,85800,29.633034
2015-12-10,31.00,31.00,30.40,30.440001,128700,30.350928
2015-12-09,31.280001,31.280001,30.309999,30.469999,101500,30.380839
2015-12-08,30.549999,31.190001,30.120001,30.98,108300,30.889347
2015-12-07,31.700001,31.709999,30.860001,31.01,60300,30.91926
2015-12-04,31.00,31.370001,30.82,31.309999,138900,31.218381
2015-12-03,31.48,31.48,30.73,30.860001,81700,30.769699
2015-12-02,31.440001,31.530001,31.24,31.32,124400,31.228352
2015-12-01,31.18,31.40,31.07,31.379999,119600,31.288176
2015-11-30,31.24,31.24,30.91,31.01,73300,30.91926
2015-11-27,30.940001,31.09,30.889999,31.040001,33400,30.949173
2015-11-25,30.719999,31.030001,30.719999,30.99,72600,30.899318
2015-11-24,30.790001,30.870001,30.42,30.790001,83400,30.699904
2015-11-23,30.68,30.969999,30.68,30.85,66400,30.759728
2015-11-20,30.639999,30.870001,30.639999,30.809999,97700,30.719844
2015-11-19,30.559999,30.77,30.559999,30.610001,86600,30.520431
2015-11-18,30.120001,30.58,30.120001,30.549999,56600,30.460605
2015-11-17,30.07,30.35,30.00,30.08,75200,29.991981
2015-11-16,29.57,30.049999,29.469999,30.040001,68800,29.952099
2015-11-13,30.16,30.16,29.57,29.610001,62800,29.523357
2015-11-12,30.559999,30.709999,30.280001,30.299999,69100,30.211336
2015-11-11,30.74,30.799999,30.59,30.629999,62600,30.540371
2015-11-10,30.530001,30.700001,30.40,30.620001,93100,30.530401
2015-11-09,30.98,30.98,30.41,30.559999,117800,30.470576
2015-11-06,30.809999,31.00,30.700001,30.99,58600,30.899318
2015-11-05,31.059999,31.09,30.73,30.860001,70500,30.769699
2015-11-04,30.959999,31.01,30.84,30.98,70700,30.889347
2015-11-03,30.59,30.950001,30.559999,30.860001,68000,30.769699
2015-11-02,30.48,30.75,30.379999,30.68,110700,30.590225
2015-10-30,30.309999,30.530001,30.290001,30.40,133000,30.311044
2015-10-29,30.209999,30.309999,30.15,30.25,62600,30.161483
2015-10-28,30.23,30.49,30.110001,30.49,98100,30.400781
2015-10-27,30.35,30.42,30.219999,30.32,71800,30.231278
2015-10-26,30.309999,30.48,30.25,30.41,133100,30.321015
2015-10-23,30.309999,30.40,30.18,30.32,104300,30.231278
2015-10-22,29.530001,30.02,29.530001,29.860001,65100,29.772625
2015-10-21,29.860001,29.860001,29.360001,29.360001,46700,29.274088
2015-10-20,29.99,30.15,29.799999,29.93,80200,29.84242
2015-10-19,30.02,30.17,29.91,30.120001,91300,30.031865
2015-10-16,29.98,30.07,29.85,30.049999,36100,29.962068
2015-10-15,29.610001,29.950001,29.610001,29.950001,133600,29.862362
2015-10-14,29.799999,29.83,29.60,29.610001,45600,29.523357
2015-10-13,29.82,30.030001,29.73,29.790001,199900,29.70283
2015-10-12,29.889999,29.940001,29.74,29.870001,140500,29.782596
2015-10-09,29.83,29.99,29.75,29.99,66100,29.902244
2015-10-08,29.43,29.809999,29.360001,29.75,42300,29.662946
2015-10-07,29.370001,29.530001,29.10,29.49,51500,29.403707
2015-10-06,29.360001,29.49,29.16,29.34,57800,29.254146
2015-10-05,28.83,29.469999,28.83,29.40,56500,29.31397
2015-10-02,27.790001,28.66,27.790001,28.65,44000,28.566165
2015-10-01,28.389999,28.389999,27.83,28.209999,34900,28.127452
2015-09-30,27.90,28.07,27.709999,28.049999,57600,27.96792
2015-09-29,27.700001,27.799999,27.379999,27.530001,144300,27.449443
2015-09-28,28.15,28.209999,27.629999,27.690001,60900,27.608975
2015-09-25,28.700001,28.700001,28.200001,28.360001,68900,28.277014
2015-09-24,28.299999,28.50,28.049999,28.50,33200,28.416604
2015-09-23,28.549999,28.620001,28.280001,28.450001,73300,28.366751
2015-09-22,28.629999,28.65,28.32,28.559999,70100,28.458481
2015-09-21,28.99,29.219999,28.82,29.040001,30600,28.936776
2015-09-18,29.030001,29.139999,28.799999,28.879999,48000,28.777343
2015-09-17,29.309999,29.700001,29.24,29.299999,47600,29.19585
2015-09-16,29.120001,29.40,29.10,29.40,105900,29.295495
2015-09-15,28.82,29.25,28.76,29.15,59700,29.046384
2015-09-14,28.91,28.91,28.639999,28.719999,30100,28.617912
2015-09-11,28.700001,28.879999,28.58,28.879999,41900,28.777343
2015-09-10,28.469999,28.92,28.459999,28.780001,34200,28.6777
2015-09-09,29.040001,29.129999,28.50,28.559999,39100,28.458481
2015-09-08,28.549999,28.83,28.450001,28.809999,48300,28.707592
2015-09-04,28.10,28.299999,28.01,28.190001,56600,28.089797
2015-09-03,28.59,28.860001,28.469999,28.59,50300,28.488375
2015-09-02,28.530001,28.57,28.07,28.57,53400,28.468445
2015-09-01,28.440001,28.620001,27.969999,28.16,101200,28.059903
2015-08-31,29.059999,29.16,28.85,28.99,71800,28.886952
2015-08-28,28.940001,29.24,28.940001,29.18,54500,29.076278
2015-08-27,28.92,29.389999,28.52,29.059999,74100,28.956703
2015-08-26,27.84,28.559999,27.49,28.49,93300,28.38873
2015-08-25,27.969999,28.49,27.280001,27.32,133900,27.222888
2015-08-24,26.93,28.57,26.01,27.459999,218400,27.36239
2015-08-21,29.110001,29.52,28.67,28.709999,103400,28.607947
2015-08-20,30.290001,30.290001,29.549999,29.549999,54500,29.444961
2015-08-19,30.60,30.610001,30.209999,30.389999,48700,30.281976
2015-08-18,30.690001,30.700001,30.540001,30.620001,56000,30.51116
2015-08-17,30.51,30.700001,30.34,30.700001,47200,30.590875
2015-08-14,30.48,30.620001,30.379999,30.620001,32500,30.51116
2015-08-13,30.40,30.629999,30.33,30.450001,34000,30.341764
2015-08-12,30.110001,30.450001,29.82,30.42,62200,30.31187
2015-08-11,30.639999,30.639999,30.139999,30.379999,49700,30.272011
2015-08-10,30.639999,30.82,30.57,30.700001,56900,30.590875
2015-08-07,30.42,30.43,30.16,30.379999,49900,30.272011
2015-08-06,30.870001,30.91,30.299999,30.370001,75000,30.262048
2015-08-05,30.870001,31.110001,30.860001,30.870001,100300,30.760271
2015-08-04,30.540001,30.77,30.540001,30.65,45500,30.541052
2015-08-03,30.74,30.74,30.48,30.65,46800,30.541052
2015-07-31,30.91,30.959999,30.700001,30.790001,64800,30.680555
2015-07-30,30.459999,30.90,30.34,30.889999,51700,30.780198
2015-07-29,30.219999,30.450001,30.030001,30.440001,49800,30.331799
2015-07-28,30.25,30.389999,29.959999,30.360001,152400,30.252083
2015-07-27,30.25,30.32,30.10,30.129999,49400,30.0229
2015-07-24,30.82,30.82,30.379999,30.469999,35500,30.361691
2015-07-23,30.52,30.65,30.290001,30.360001,71800,30.252083
2015-07-22,30.25,30.48,30.25,30.34,57200,30.232154
2015-07-21,30.450001,30.58,30.370001,30.370001,50100,30.262048
2015-07-20,30.540001,30.559999,30.40,30.450001,57700,30.341764
2015-07-17,30.43,30.549999,30.370001,30.48,71000,30.371656
2015-07-16,30.17,30.32,30.110001,30.32,64500,30.212225
2015-07-15,30.07,30.08,29.799999,29.879999,47600,29.773788
2015-07-14,29.85,30.049999,29.85,30.01,52800,29.903327
2015-07-13,29.799999,29.99,29.629999,29.799999,59900,29.694073
2015-07-10,29.42,29.459999,29.27,29.440001,32600,29.335354
2015-07-09,29.23,29.41,29.030001,29.030001,58600,28.926811
2015-07-08,29.27,29.27,28.950001,28.98,65100,28.876988
2015-07-07,29.190001,29.370001,28.75,29.33,76000,29.225744
2015-07-06,29.25,29.370001,29.049999,29.139999,51500,29.036419
2015-07-02,29.629999,29.629999,29.40,29.51,45700,29.405104
2015-07-01,29.75,29.75,29.450001,29.549999,58400,29.444961
2015-06-30,29.540001,29.610001,29.360001,29.52,110900,29.415069
2015-06-29,29.620001,30.00,29.389999,29.41,83500,29.30546
2015-06-26,30.370001,30.370001,29.91,30.030001,64400,29.923257
2015-06-25,30.52,30.52,30.24,30.379999,50000,30.272011
2015-06-24,30.67,30.82,30.42,30.42,45200,30.31187
2015-06-23,30.700001,30.780001,30.59,30.77,75500,30.626748
2015-06-22,30.68,30.74,30.59,30.65,46000,30.507305
2015-06-19,30.68,30.790001,30.469999,30.540001,45200,30.397819
2015-06-18,30.530001,30.74,30.530001,30.690001,58000,30.54712
2015-06-17,30.530001,30.610001,30.360001,30.530001,89700,30.387865
2015-06-16,30.23,30.48,30.23,30.41,60100,30.268423
2015-06-15,30.25,30.290001,29.959999,30.200001,67300,30.059402
2015-06-12,30.41,30.549999,30.41,30.50,51400,30.358004
2015-06-11,30.709999,30.82,30.60,30.60,58800,30.457539
2015-06-10,30.27,30.780001,30.27,30.66,50900,30.517259
2015-06-09,30.219999,30.299999,30.030001,30.190001,223300,30.049448
2015-06-08,30.58,30.610001,30.200001,30.299999,45500,30.158935
2015-06-05,30.49,30.629999,30.32,30.610001,144000,30.467493
2015-06-04,30.719999,30.76,30.440001,30.530001,59100,30.387865
2015-06-03,30.73,30.860001,30.610001,30.799999,42700,30.656607
2015-06-02,30.40,30.73,30.33,30.59,64400,30.447585
2015-06-01,31.08,31.08,30.299999,30.530001,53400,30.387865
2015-05-29,30.68,30.709999,30.49,30.60,45300,30.457539
2015-05-28,30.799999,30.83,30.690001,30.780001,53100,30.636701
2015-05-27,30.610001,30.870001,30.57,30.82,136500,30.676514
2015-05-26,30.870001,30.870001,30.40,30.530001,80800,30.387865
2015-05-22,30.860001,31.02,30.860001,30.959999,47200,30.815862
2015-05-21,31.10,31.10,30.75,30.92,77200,30.776049
2015-05-20,31.01,31.040001,30.83,31.01,68300,30.86563
2015-05-19,31.02,31.049999,30.92,30.98,52100,30.835769
2015-05-18,30.99,31.049999,30.870001,31.030001,49100,30.885537
2015-05-15,31.07,31.07,30.870001,30.959999,70900,30.815862
2015-05-14,30.74,31.030001,30.700001,31.030001,49900,30.885537
2015-05-13,30.639999,30.74,30.530001,30.610001,61200,30.467493
2015-05-12,30.66,30.66,30.309999,30.57,48800,30.427678
2015-05-11,30.98,31.040001,30.90,30.91,70200,30.766095
2015-05-08,30.85,31.07,30.85,30.99,112500,30.845723
2015-05-07,30.620001,30.73,30.40,30.690001,60000,30.54712
2015-05-06,30.68,30.68,30.32,30.540001,242700,30.397819
2015-05-05,30.85,30.85,30.440001,30.58,57100,30.437632
2015-05-04,30.75,30.940001,30.690001,30.860001,74200,30.716329
2015-05-01,30.84,30.84,30.50,30.66,55300,30.517259
2015-04-30,30.84,30.84,30.440001,30.540001,170600,30.397819
2015-04-29,30.610001,31.110001,30.52,30.90,275800,30.756142
2015-04-28,30.780001,30.92,30.629999,30.84,75600,30.696421
2015-04-27,30.799999,30.98,30.73,30.780001,249200,30.636701
2015-04-24,30.75,30.85,30.700001,30.719999,63200,30.576979
2015-04-23,30.33,30.59,30.299999,30.48,52600,30.338097
2015-04-22,30.190001,30.469999,30.17,30.42,41900,30.278377
2015-04-21,30.190001,30.25,30.110001,30.190001,42000,30.049448
2015-04-20,29.85,30.049999,29.85,29.969999,194500,29.830471
2015-04-17,29.950001,29.950001,29.60,29.709999,54500,29.571681
2015-04-16,29.870001,30.200001,29.870001,30.110001,148600,29.969821
2015-04-15,29.77,29.959999,29.67,29.91,69400,29.770751
2015-04-14,29.59,29.709999,29.50,29.639999,116100,29.502007
2015-04-13,29.75,29.879999,29.620001,29.629999,41400,29.492054
2015-04-10,29.60,29.690001,29.559999,29.690001,49800,29.551776
2015-04-09,29.50,29.60,29.379999,29.50,44400,29.36266
2015-04-08,29.66,29.790001,29.58,29.67,47200,29.531868
2015-04-07,29.65,29.780001,29.440001,29.559999,65500,29.42238
2015-04-06,29.110001,29.50,29.07,29.440001,56300,29.30294
2015-04-02,29.200001,29.27,29.08,29.200001,28900,29.064057
2015-04-01,29.24,29.24,28.99,29.110001,43200,28.974476
2015-03-31,29.309999,29.49,29.24,29.27,70500,29.133731
2015-03-30,29.33,29.469999,29.23,29.459999,90400,29.322845
2015-03-27,29.030001,29.219999,29.02,29.200001,47100,29.064057
2015-03-26,29.049999,29.200001,28.879999,29.110001,49500,28.974476
2015-03-25,29.809999,29.809999,29.059999,29.09,69600,28.954569
2015-03-24,29.85,29.959999,29.700001,29.700001,82400,29.552772
2015-03-23,29.74,29.91,29.74,29.809999,58200,29.662225
2015-03-20,29.85,29.950001,29.74,29.85,48400,29.702028
2015-03-19,29.50,29.73,29.50,29.57,60000,29.423415
2015-03-18,29.190001,29.76,29.190001,29.620001,40500,29.473169
2015-03-17,29.08,29.34,29.08,29.26,55500,29.114953
2015-03-16,28.969999,29.280001,28.950001,29.23,89200,29.085101
2015-03-13,29.25,29.25,28.860001,28.969999,48900,28.826389
2015-03-12,28.98,29.24,28.940001,29.219999,50000,29.07515
2015-03-11,29.07,29.07,28.809999,28.91,49600,28.766687
2015-03-10,29.23,29.280001,28.98,29.030001,69700,28.886093
2015-03-09,29.60,29.60,29.370001,29.530001,72600,29.383615
2015-03-06,29.809999,29.809999,29.450001,29.469999,85500,29.323911
2015-03-05,29.790001,29.85,29.60,29.83,75200,29.682127
2015-03-04,29.93,29.93,29.540001,29.67,34700,29.52292
2015-03-03,29.91,29.98,29.709999,29.790001,57100,29.642326
2015-03-02,29.700001,30.08,29.700001,30.08,87600,29.930887
2015-02-27,29.84,29.959999,29.780001,29.809999,57900,29.662225
2015-02-26,29.91,29.99,29.68,29.84,75400,29.692077
2015-02-25,29.48,29.75,29.35,29.74,59100,29.592573
2015-02-24,29.51,29.51,29.370001,29.50,57100,29.353763
2015-02-23,29.790001,29.790001,29.41,29.50,79000,29.353763
2015-02-20,29.540001,29.76,29.41,29.719999,55800,29.572671
2015-02-19,29.50,29.59,29.360001,29.540001,37900,29.393565
2015-02-18,29.33,29.48,29.25,29.459999,47200,29.31396
2015-02-17,29.34,29.360001,29.200001,29.33,61000,29.184605
2015-02-13,29.75,29.75,29.190001,29.40,117600,29.254258
2015-02-12,28.90,29.280001,28.90,29.219999,55700,29.07515
2015-02-11,28.709999,28.870001,28.66,28.799999,51100,28.657232
2015-02-10,28.290001,28.67,28.290001,28.639999,64500,28.498025
2015-02-09,28.24,28.379999,28.219999,28.26,59400,28.11991
2015-02-06,28.290001,28.559999,28.23,28.32,43600,28.179612
2015-02-05,28.07,28.280001,28.030001,28.27,46000,28.12986
2015-02-04,28.110001,28.25,28.030001,28.049999,57900,27.91095
2015-02-03,27.799999,28.190001,27.799999,28.18,62600,28.040306
2015-02-02,27.58,27.799999,27.27,27.799999,61100,27.662189
2015-01-30,27.91,27.92,27.59,27.59,52000,27.453231
2015-01-29,27.74,27.940001,27.43,27.92,294700,27.781595
2015-01-28,28.110001,28.110001,27.60,27.639999,94400,27.502982
2015-01-27,28.16,28.209999,27.68,28.01,124300,27.871149
2015-01-26,28.42,28.450001,28.16,28.43,86700,28.289067
2015-01-23,28.08,28.469999,28.08,28.360001,108200,28.219414
2015-01-22,27.690001,28.200001,27.540001,28.18,82000,28.040306
2015-01-21,27.719999,27.879999,27.57,27.76,72300,27.622388
2015-01-20,27.719999,27.719999,27.32,27.60,182400,27.463182
2015-01-16,27.00,27.549999,27.00,27.540001,62100,27.40348
2015-01-15,27.60,27.60,27.049999,27.049999,46000,26.915907
2015-01-14,27.459999,27.52,27.16,27.49,118300,27.353726
2015-01-13,27.83,28.129999,27.40,27.65,87500,27.512933
2015-01-12,27.950001,27.950001,27.530001,27.67,378800,27.532834
2015-01-09,28.15,28.15,27.76,27.950001,56300,27.811447
2015-01-08,27.879999,28.129999,27.84,28.02,49700,27.8811
2015-01-07,27.67,27.709999,27.450001,27.629999,63100,27.493032
2015-01-06,27.879999,28.040001,27.360001,27.50,150000,27.363677
2015-01-05,28.58,28.58,27.889999,27.969999,133600,27.831346
2015-01-02,28.68,28.709999,28.26,28.49,45100,28.348769
2014-12-31,28.84,28.84,28.450001,28.450001,35800,28.308968
2014-12-30,28.76,28.91,28.65,28.719999,28000,28.577629
2014-12-29,29.07,29.07,28.870001,28.91,33400,28.766687
2014-12-26,29.00,29.15,29.00,29.07,36000,28.925894
2014-12-24,29.459999,29.459999,28.98,29.02,38700,28.876143
2014-12-23,28.92,29.129999,28.92,28.98,42100,28.83634
2014-12-22,28.860001,28.98,28.85,28.93,54800,28.755741
2014-12-19,28.209999,28.799999,28.209999,28.790001,88600,28.616585
2014-12-18,28.00,28.209999,27.85,28.190001,58900,28.020199
2014-12-17,27.00,27.530001,27.00,27.49,27300,27.324415
2014-12-16,27.059999,27.469999,26.950001,26.950001,44800,26.787668
2014-12-15,27.58,27.67,27.190001,27.34,32100,27.175319
2014-12-12,27.629999,27.66,27.42,27.42,33900,27.254837
2014-12-11,27.85,28.09,27.74,27.77,35400,27.602729
2014-12-10,27.98,28.120001,27.59,27.59,57800,27.423813
2014-12-09,27.58,28.15,27.52,28.15,49900,27.980439
2014-12-08,28.440001,28.440001,27.82,27.940001,32800,27.771705
2014-12-05,28.40,28.48,28.27,28.41,34700,28.238873
2014-12-04,28.32,28.35,28.190001,28.290001,30200,28.119597
2014-12-03,28.18,28.32,28.01,28.290001,50900,28.119597
2014-12-02,28.190001,28.190001,28.00,28.07,69900,27.900921
2014-12-01,28.40,28.40,28.030001,28.07,36500,27.900921
2014-11-28,28.43,28.549999,28.40,28.41,27900,28.238873
2014-11-26,28.379999,28.42,28.26,28.41,67700,28.238873
2014-11-25,28.280001,28.35,28.17,28.24,33000,28.069897
2014-11-24,28.24,28.25,28.09,28.25,51600,28.079837
2014-11-21,28.17,28.40,28.00,28.059999,46200,27.890981
2014-11-20,28.01,28.18,27.950001,28.15,85500,27.980439
2014-11-19,28.290001,28.35,28.02,28.10,83200,27.930741
2014-11-18,28.41,28.52,28.370001,28.389999,50200,28.218993
2014-11-17,28.280001,28.43,28.190001,28.33,50200,28.159355
2014-11-14,28.00,28.42,28.00,28.389999,51600,28.218993
2014-11-13,28.139999,28.27,28.00,28.049999,39500,27.881041
2014-11-12,28.07,28.139999,27.91,28.10,33200,27.930741
2014-11-11,28.00,28.07,27.92,28.030001,41500,27.861163
2014-11-10,27.73,27.860001,27.58,27.82,47600,27.652427
2014-11-07,27.530001,27.74,27.51,27.700001,67500,27.533151
2014-11-06,27.549999,27.59,27.450001,27.59,65600,27.423813
2014-11-05,27.719999,27.719999,27.34,27.41,31700,27.244897
2014-11-04,27.59,27.59,27.32,27.49,42500,27.324415
2014-11-03,27.530001,27.65,27.370001,27.540001,64100,27.374115
2014-10-31,27.17,27.49,27.17,27.469999,56100,27.304535
2014-10-30,26.559999,26.959999,26.459999,26.959999,35200,26.797606
2014-10-29,26.700001,26.83,26.52,26.559999,39400,26.400016
2014-10-28,26.43,26.870001,26.43,26.860001,88700,26.69821
2014-10-27,26.379999,26.40,26.200001,26.33,90100,26.171402
2014-10-24,26.17,26.360001,26.09,26.360001,36100,26.201222
2014-10-23,26.040001,26.26,25.91,26.120001,136100,25.962668
2014-10-22,26.00,26.190001,25.780001,25.780001,86400,25.624716
2014-10-21,25.799999,26.209999,25.799999,26.190001,85900,26.032246
2014-10-20,25.540001,25.76,25.50,25.73,104000,25.575016
2014-10-17,25.57,25.940001,25.57,25.809999,47400,25.654534
2014-10-16,25.00,25.559999,24.82,25.40,93100,25.247004
2014-10-15,25.440001,25.799999,25.059999,25.700001,81800,25.545198
2014-10-14,25.68,25.959999,25.58,25.74,119900,25.584956
2014-10-13,25.84,26.09,25.559999,25.59,83200,25.43586
2014-10-10,26.700001,26.780001,25.93,25.98,82700,25.82351
2014-10-09,27.10,27.25,26.709999,26.83,64000,26.66839
2014-10-08,26.85,27.290001,26.549999,27.26,48900,27.095801
2014-10-07,27.26,27.26,26.85,26.85,42800,26.68827
2014-10-06,27.530001,27.549999,27.23,27.309999,47000,27.145499
2014-10-03,27.23,27.43,27.120001,27.370001,56500,27.205139
2014-10-02,27.01,27.07,26.610001,27.040001,66800,26.877126
2014-10-01,27.42,27.42,26.809999,26.93,54400,26.767788
2014-09-30,27.450001,27.450001,27.25,27.40,48100,27.234957
2014-09-29,27.08,27.32,26.969999,27.32,144500,27.155439
2014-09-26,26.92,27.18,26.92,27.17,65100,27.006342
2014-09-25,27.50,27.50,26.93,26.969999,101900,26.807546
2014-09-24,27.50,27.559999,27.17,27.559999,113300,27.393993
2014-09-23,27.469999,27.50,27.290001,27.35,46000,27.185259
2014-09-22,27.82,27.82,27.360001,27.450001,52200,27.278693
2014-09-19,27.940001,28.00,27.68,27.780001,56800,27.606633
2014-09-18,28.01,28.09,27.950001,28.059999,60700,27.884885
2014-09-17,28.030001,28.030001,27.82,27.85,50800,27.676196
2014-09-16,27.84,28.110001,27.709999,28.059999,50300,27.884885
2014-09-15,28.219999,28.219999,27.690001,27.85,24400,27.676196
2014-09-12,28.35,28.35,28.129999,28.190001,41500,28.014074
2014-09-11,28.280001,28.370001,28.139999,28.35,33700,28.173076
2014-09-10,28.01,28.280001,28.01,28.25,78900,28.0737
2014-09-09,28.34,28.34,28.01,28.049999,77800,27.874947
2014-09-08,28.16,28.379999,28.16,28.27,40500,28.093575
2014-09-05,28.00,28.18,28.00,28.18,37000,28.004137
2014-09-04,28.33,28.33,28.01,28.030001,40600,27.855073
2014-09-03,28.200001,28.290001,28.09,28.16,327200,27.984261
2014-09-02,28.059999,28.190001,28.00,28.190001,41900,28.014074
2014-08-29,27.860001,28.07,27.790001,27.99,117300,27.815322
2014-08-28,27.74,27.940001,27.690001,27.860001,233100,27.686134
2014-08-27,28.200001,28.200001,27.93,27.969999,34900,27.795446
2014-08-26,27.93,27.98,27.860001,27.950001,28000,27.775572
2014-08-25,28.00,28.00,27.76,27.85,47200,27.676196
2014-08-22,27.870001,27.98,27.77,27.91,41700,27.735821
2014-08-21,27.700001,27.85,27.700001,27.83,33400,27.656321
2014-08-20,27.700001,27.77,27.629999,27.76,44700,27.586758
2014-08-19,27.60,27.790001,27.60,27.76,50000,27.586758
2014-08-18,27.559999,27.58,27.219999,27.57,65300,27.397943
2014-08-15,27.43,27.43,27.01,27.219999,30900,27.050127
2014-08-14,27.219999,27.219999,27.07,27.219999,39600,27.050127
2014-08-13,27.02,27.129999,26.93,27.09,36700,26.920939
2014-08-12,26.90,26.99,26.719999,26.83,21400,26.662561
2014-08-11,26.90,27.07,26.90,27.01,31200,26.841438
2014-08-08,26.65,26.809999,26.549999,26.809999,26200,26.642686
2014-08-07,26.77,26.879999,26.49,26.620001,34100,26.453873
2014-08-06,26.43,26.76,26.43,26.68,51200,26.513498
2014-08-05,26.57,26.76,26.48,26.559999,49700,26.394246
2014-08-04,26.629999,26.76,26.49,26.690001,65500,26.523436
2014-08-01,26.74,26.940001,26.35,26.530001,189300,26.364434
2014-07-31,26.99,27.120001,26.73,26.77,86200,26.602936
2014-07-30,27.040001,27.17,26.940001,27.15,40600,26.980564
2014-07-29,27.01,27.049999,26.85,26.85,27600,26.682437
2014-07-28,26.85,26.98,26.719999,26.950001,40800,26.781813
2014-07-25,26.90,26.92,26.76,26.879999,82900,26.712248
2014-07-24,27.139999,27.530001,27.139999,27.52,42300,27.348256
2014-07-23,27.33,27.34,27.16,27.23,76400,27.060065
2014-07-22,27.02,27.360001,27.02,27.290001,48200,27.119692
2014-07-21,26.950001,27.10,26.90,27.049999,37500,26.881188
2014-07-18,26.92,26.959999,26.73,26.940001,39300,26.771875
2014-07-17,26.76,26.93,26.60,26.66,39300,26.493622
2014-07-16,27.08,27.08,26.77,26.799999,27400,26.632748
2014-07-15,27.09,27.09,26.639999,26.780001,39800,26.612874
2014-07-14,26.959999,27.040001,26.879999,26.940001,44200,26.771875
2014-07-11,26.549999,26.77,26.549999,26.75,52100,26.583061
2014-07-10,26.309999,26.799999,26.309999,26.639999,37400,26.473746
2014-07-09,26.74,26.83,26.639999,26.719999,40000,26.553247
2014-07-08,27.620001,27.620001,26.469999,26.639999,68000,26.473746
2014-07-07,27.40,27.40,27.15,27.200001,144400,27.030253
2014-07-03,27.41,27.50,27.360001,27.42,53400,27.248879
2014-07-02,27.33,27.51,27.33,27.35,74800,27.179317
2014-07-01,27.07,27.450001,27.07,27.35,52600,27.179317
2014-06-30,26.889999,27.110001,26.889999,27.040001,35200,26.871252
2014-06-27,26.84,27.07,26.84,26.969999,30700,26.801687
2014-06-26,27.059999,27.110001,26.77,26.91,44900,26.742062
2014-06-25,27.02,27.02,26.75,26.93,47700,26.761938
2014-06-24,27.059999,27.200001,26.799999,26.83,43900,26.662561
2014-06-23,27.02,27.08,26.85,27.049999,29600,26.871249
2014-06-20,26.98,27.120001,26.77,26.93,46500,26.752043
2014-06-19,27.530001,27.530001,27.01,27.10,56500,26.92092
2014-06-18,27.200001,27.309999,27.00,27.26,129500,27.079863
2014-06-17,27.01,27.139999,26.85,27.07,62100,26.891118
2014-06-16,26.700001,26.940001,26.66,26.940001,96200,26.761978
2014-06-13,26.65,26.85,26.50,26.809999,49100,26.632836
2014-06-12,26.690001,26.879999,26.549999,26.629999,64400,26.454025
2014-06-11,26.639999,26.870001,26.559999,26.860001,36700,26.682506
2014-06-10,26.610001,26.82,26.610001,26.809999,60900,26.632836
2014-06-09,26.559999,26.76,26.549999,26.639999,50300,26.463959
2014-06-06,26.459999,26.68,26.459999,26.610001,56000,26.434158
2014-06-05,26.309999,26.450001,26.139999,26.440001,58400,26.265282
2014-06-04,26.139999,26.27,26.030001,26.200001,50000,26.026868
2014-06-03,26.35,26.379999,26.18,26.25,69700,26.076537
2014-06-02,26.51,26.51,26.25,26.42,48100,26.245413
2014-05-30,26.75,26.82,26.379999,26.51,38900,26.334819
2014-05-29,26.57,26.719999,26.469999,26.719999,51500,26.54343
2014-05-28,26.559999,26.620001,26.370001,26.469999,84900,26.295082
2014-05-27,26.450001,26.58,26.33,26.58,59200,26.404356
2014-05-23,26.139999,26.299999,25.99,26.280001,50500,26.106339
2014-05-22,25.950001,26.299999,25.93,26.16,89000,25.987131
2014-05-21,25.90,26.01,25.799999,26.00,43400,25.828189
2014-05-20,26.040001,26.040001,25.68,25.780001,32000,25.609643
2014-05-19,25.639999,26.01,25.50,26.01,43900,25.838123
2014-05-16,25.67,25.68,25.360001,25.66,39400,25.490435
2014-05-15,25.549999,25.58,25.120001,25.40,50100,25.232153
2014-05-14,25.709999,25.709999,25.450001,25.50,41500,25.331493
2014-05-13,25.85,25.870001,25.58,25.629999,48600,25.460633
2014-05-12,25.15,25.700001,25.110001,25.65,60600,25.480501
2014-05-09,24.870001,25.110001,24.75,25.09,92800,24.924202
2014-05-08,25.120001,25.389999,24.870001,24.99,60300,24.824863
2014-05-07,25.48,25.48,24.879999,25.120001,116300,24.954005
2014-05-06,25.700001,25.76,25.379999,25.43,84300,25.261956
2014-05-05,25.73,25.860001,25.50,25.84,36200,25.669246
2014-05-02,25.91,26.07,25.73,25.73,74300,25.559972
2014-05-01,25.969999,26.209999,25.85,25.90,44900,25.728849
2014-04-30,25.559999,25.84,25.42,25.790001,52300,25.619577
2014-04-29,25.41,25.620001,25.25,25.58,171600,25.410964
2014-04-28,25.700001,25.700001,24.809999,25.190001,95800,25.023542
2014-04-25,26.08,26.08,25.49,25.530001,72600,25.361295
2014-04-24,26.549999,26.549999,25.85,26.120001,66100,25.947397
2014-04-23,26.639999,26.639999,26.139999,26.18,92700,26.006999
2014-04-22,26.68,26.84,26.57,26.67,95400,26.493761
2014-04-21,26.440001,26.549999,26.219999,26.459999,120300,26.285148
2014-04-17,26.32,26.43,26.00,26.360001,114500,26.18581
2014-04-16,26.299999,26.379999,25.950001,26.379999,79500,26.205677
2014-04-15,25.99,26.08,25.34,26.00,72800,25.828189
2014-04-14,25.74,26.07,25.610001,25.85,101200,25.67918
2014-04-11,25.719999,26.059999,25.459999,25.58,143900,25.410964
2014-04-10,26.93,26.93,25.93,26.01,150500,25.838123
2014-04-09,26.620001,26.90,26.42,26.90,115800,26.722241
2014-04-08,26.059999,26.440001,26.00,26.440001,183500,26.265282
2014-04-07,26.27,26.52,25.860001,26.129999,272200,25.957329
2014-04-04,27.16,27.16,26.209999,26.42,180900,26.245413
2014-04-03,27.459999,27.459999,26.799999,26.91,94200,26.732175
2014-04-02,27.60,27.60,27.26,27.389999,224300,27.209003
2014-04-01,27.17,27.50,27.110001,27.459999,196700,27.27854
2014-03-31,27.030001,27.129999,26.90,27.040001,255600,26.861317
2014-03-28,26.790001,27.08,26.60,26.76,136500,26.583167
2014-03-27,27.02,27.049999,26.559999,26.809999,247700,26.632836
2014-03-26,27.67,27.67,26.92,26.950001,360500,26.771912
2014-03-25,27.49,27.809999,27.16,27.48,456700,27.298408
2014-03-24,27.790001,27.809999,26.950001,27.27,1739000,27.089797
2014-03-21,28.190001,28.190001,27.57,27.610001,81700,27.42755
2014-03-20,27.91,28.09,27.66,27.98,43400,27.795104
2014-03-19,28.17,28.17,27.709999,27.940001,47900,27.755369
2014-03-18,27.799999,28.129999,27.790001,28.120001,56100,27.93418
2014-03-17,27.65,27.879999,27.65,27.719999,50900,27.536822
2014-03-14,27.469999,27.73,27.469999,27.50,39200,27.318276
2014-03-13,28.389999,28.41,27.459999,27.59,136200,27.407682
2014-03-12,28.030001,28.280001,27.84,28.280001,44800,28.093123
2014-03-11,28.309999,28.50,28.059999,28.08,50600,27.894444
2014-03-10,28.559999,28.559999,28.129999,28.33,62200,28.142792
2014-03-07,28.84,28.84,28.40,28.530001,96800,28.341471
2014-03-06,28.83,28.85,28.620001,28.700001,125500,28.510347
2014-03-05,28.75,28.76,28.60,28.719999,111100,28.530214
2014-03-04,28.41,28.639999,28.35,28.60,101100,28.411008
2014-03-03,27.98,28.02,27.639999,27.99,219500,27.805038
2014-02-28,28.639999,28.639999,27.91,28.23,159300,28.043452
2014-02-27,28.35,28.559999,28.209999,28.52,113800,28.331537
2014-02-26,28.200001,28.41,28.09,28.309999,88000,28.122923
2014-02-25,28.25,28.27,28.00,28.01,49200,27.824907
2014-02-24,27.98,28.27,27.92,28.129999,117900,27.944113
2014-02-21,28.299999,28.299999,27.91,27.92,46100,27.735501
2014-02-20,28.00,28.030001,27.719999,28.030001,65100,27.844775
2014-02-19,28.059999,28.059999,27.780001,27.799999,75000,27.616293
2014-02-18,27.99,27.99,27.709999,27.959999,118500,27.775236
2014-02-14,27.790001,27.85,27.65,27.780001,62600,27.596427
2014-02-13,27.190001,27.68,27.18,27.68,81000,27.497087
2014-02-12,27.75,27.75,27.280001,27.389999,106300,27.209003
2014-02-11,27.440001,27.549999,27.26,27.450001,112700,27.268608
2014-02-10,27.25,27.379999,27.17,27.299999,199100,27.119597
2014-02-07,27.00,27.25,26.85,27.25,129300,27.069928
2014-02-06,26.610001,26.799999,26.610001,26.780001,86900,26.603035
2014-02-05,26.299999,26.370001,25.879999,26.33,36100,26.156008
2014-02-04,26.219999,26.50,26.17,26.360001,44200,26.18581
2014-02-03,26.83,26.90,25.99,26.129999,120500,25.957329
2014-01-31,26.73,26.959999,26.67,26.809999,84600,26.632836
2014-01-30,26.74,27.10,26.74,27.040001,52400,26.861317
2014-01-29,26.629999,26.780001,26.41,26.50,84600,26.324885
2014-01-28,26.51,26.90,26.51,26.860001,53000,26.682506
2014-01-27,27.00,27.00,26.360001,26.60,83600,26.424224
2014-01-24,27.34,27.34,26.92,26.92,95300,26.742109
2014-01-23,27.34,27.43,27.08,27.299999,82600,27.119597
2014-01-22,27.309999,27.309999,27.09,27.139999,59900,26.960655
2014-01-21,27.610001,27.610001,27.059999,27.25,109100,27.069928
2014-01-17,27.200001,27.23,27.030001,27.059999,60900,26.881184
2014-01-16,27.209999,27.209999,27.08,27.129999,48200,26.950721
2014-01-15,26.700001,27.23,26.700001,27.09,287700,26.910986
2014-01-14,26.379999,26.700001,26.299999,26.700001,61800,26.523564
2014-01-13,26.57,26.67,26.18,26.25,62600,26.076537
2014-01-10,26.50,26.50,26.190001,26.40,25700,26.225545
2014-01-09,26.700001,26.73,26.26,26.389999,42400,26.215611
2014-01-08,26.59,26.67,26.450001,26.58,55100,26.404356
2014-01-07,26.290001,26.59,26.27,26.51,66800,26.334819
2014-01-06,26.52,26.52,26.049999,26.200001,142700,26.026868
2014-01-03,26.389999,26.450001,26.26,26.42,36100,26.245413
2014-01-02,26.48,26.48,26.200001,26.299999,48400,26.126205
2013-12-31,26.469999,26.559999,26.43,26.549999,57600,26.374553
2013-12-30,26.389999,26.43,26.200001,26.360001,53400,26.18581
2013-12-27,26.67,26.67,26.32,26.35,62900,26.175876
2013-12-26,26.549999,26.549999,26.40,26.440001,38500,26.265282
2013-12-24,26.58,26.620001,26.33,26.370001,104400,26.195744
2013-12-23,26.690001,26.690001,26.219999,26.379999,85700,26.205677
2013-12-20,25.83,26.129999,25.83,26.129999,104800,25.957329
2013-12-19,25.530001,25.77,25.530001,25.73,41700,25.559972
2013-12-18,25.41,25.66,25.15,25.610001,44700,25.440766
2013-12-17,25.309999,25.43,25.24,25.389999,22800,25.222219
2013-12-16,25.129999,25.26,25.120001,25.26,97500,25.093079
2013-12-13,25.01,25.08,24.950001,25.030001,27700,24.864599
2013-12-12,24.92,24.99,24.75,24.91,29500,24.745391
2013-12-11,25.389999,25.389999,24.870001,24.90,52200,24.735457
2013-12-10,25.360001,25.450001,25.26,25.35,33300,25.182484
2013-12-09,25.33,25.389999,25.27,25.370001,22300,25.202353
2013-12-06,25.41,25.469999,25.200001,25.309999,33500,25.142748
2013-12-05,25.17,25.299999,25.17,25.23,13700,25.063276
2013-12-04,24.950001,25.280001,24.950001,25.25,34900,25.083145
2013-12-03,25.049999,25.08,24.940001,25.07,22400,24.904334
2013-12-02,25.379999,25.379999,25.09,25.09,42700,24.924202
2013-11-29,25.299999,25.42,25.23,25.280001,51400,25.112947
2013-11-27,25.08,25.25,25.08,25.18,80100,25.013608
2013-11-26,24.969999,25.15,24.85,25.00,57700,24.834797
2013-11-25,25.16,25.16,24.809999,24.959999,28100,24.79506
2013-11-22,25.17,25.200001,25.059999,25.07,34200,24.904334
2013-11-21,24.85,25.08,24.85,25.059999,51400,24.8944
2013-11-20,24.809999,24.959999,24.68,24.74,51200,24.576515
2013-11-19,24.950001,24.99,24.65,24.709999,39100,24.546712
2013-11-18,25.49,25.51,24.870001,24.879999,37500,24.715589
2013-11-15,25.139999,25.43,25.139999,25.43,52500,25.261956
2013-11-14,25.24,25.24,25.08,25.209999,34200,25.043408
2013-11-13,24.940001,25.379999,24.91,25.379999,62400,25.212285
2013-11-12,24.92,25.129999,24.809999,24.950001,25600,24.785128
2013-11-11,24.90,25.040001,24.82,25.030001,23600,24.864599
2013-11-08,24.68,24.879999,24.629999,24.879999,25100,24.715589
2013-11-07,25.040001,25.27,24.549999,24.60,78400,24.43744
2013-11-06,25.190001,25.290001,25.049999,25.190001,77600,25.023542
2013-11-05,24.92,25.10,24.799999,25.08,32500,24.914268
2013-11-04,24.93,24.959999,24.76,24.959999,46300,24.79506
2013-11-01,25.030001,25.10,24.75,24.889999,32400,24.725523
2013-10-31,24.85,25.08,24.690001,24.93,33700,24.76526
2013-10-30,25.280001,25.299999,24.83,24.93,28700,24.76526
2013-10-29,25.23,25.370001,25.07,25.219999,40800,25.053342
2013-10-28,25.280001,25.280001,24.969999,25.23,45100,25.063276
2013-10-25,25.48,25.549999,25.10,25.26,102700,25.093079
2013-10-24,25.040001,25.110001,24.91,25.09,38600,24.924202
2013-10-23,25.219999,25.219999,24.889999,24.99,85600,24.824863
2013-10-22,25.719999,25.84,25.110001,25.209999,120200,25.043408
2013-10-21,25.530001,25.559999,25.35,25.459999,86900,25.291756
2013-10-18,25.040001,25.280001,25.00,25.27,66300,25.103013
2013-10-17,24.67,24.799999,24.559999,24.799999,68100,24.636118
2013-10-16,24.549999,24.74,24.549999,24.74,46200,24.576515
2013-10-15,24.75,24.75,24.370001,24.40,46700,24.238761
2013-10-14,24.59,24.870001,24.48,24.870001,258300,24.705657
2013-10-11,24.450001,24.75,24.450001,24.709999,60400,24.546712
2013-10-10,24.10,24.48,24.10,24.40,113600,24.238761
2013-10-09,23.959999,24.07,23.50,23.870001,63500,23.712265
2013-10-08,24.709999,24.719999,23.950001,23.98,55700,23.821537
2013-10-07,24.780001,24.959999,24.709999,24.719999,34500,24.556646
2013-10-04,24.719999,25.040001,24.719999,24.98,20700,24.814928
2013-10-03,25.120001,25.120001,24.52,24.639999,35800,24.477175
2013-10-02,24.870001,25.120001,24.83,25.110001,54800,24.94407
2013-10-01,24.68,25.00,24.66,25.00,35800,24.834797
2013-09-30,24.43,24.75,24.40,24.639999,39600,24.477175
2013-09-27,24.790001,24.860001,24.690001,24.790001,33600,24.626185
2013-09-26,24.870001,25.049999,24.82,24.90,42800,24.735457
2013-09-25,24.700001,24.93,24.68,24.799999,29400,24.636118
2013-09-24,24.75,24.879999,24.60,24.690001,42000,24.526846
2013-09-23,25.17,25.17,24.66,24.799999,45200,24.636118
2013-09-20,25.26,25.35,25.07,25.139999,34600,24.973871
2013-09-19,25.10,25.200001,25.049999,25.16,30900,24.993739
2013-09-18,24.65,25.09,24.65,25.059999,32100,24.8944
2013-09-17,24.43,24.639999,24.41,24.639999,34600,24.477175
2013-09-16,24.700001,24.76,24.33,24.33,64500,24.169224
2013-09-13,24.540001,24.60,24.34,24.48,27000,24.318233
2013-09-12,24.60,24.66,24.48,24.51,63000,24.348035
2013-09-11,24.40,24.58,24.32,24.559999,48600,24.397704
2013-09-10,24.25,24.40,24.23,24.40,51400,24.238761
2013-09-09,23.84,24.139999,23.84,24.08,29400,23.920876
2013-09-06,23.77,23.84,23.49,23.73,30800,23.573189
2013-09-05,23.610001,23.73,23.59,23.690001,125200,23.533454
2013-09-04,23.309999,23.66,23.309999,23.610001,24000,23.453983
2013-09-03,23.27,23.459999,23.27,23.32,71200,23.165898
2013-08-30,23.370001,23.370001,23.049999,23.049999,39200,22.897682
2013-08-29,22.950001,23.299999,22.950001,23.23,18900,23.076493
2013-08-28,22.91,23.129999,22.91,22.99,14200,22.838079
2013-08-27,23.26,23.299999,22.860001,22.889999,103800,22.738739
2013-08-26,23.530001,23.66,23.469999,23.49,32700,23.334775
2013-08-23,23.559999,23.559999,23.370001,23.549999,31200,23.394378
2013-08-22,23.190001,23.280001,23.030001,23.27,18000,23.116229
2013-08-21,23.26,23.33,23.10,23.129999,22400,22.977153
2013-08-20,23.200001,23.32,23.129999,23.280001,12700,23.126163
2013-08-19,23.370001,23.41,23.10,23.15,41200,22.997021
2013-08-16,23.290001,23.440001,23.290001,23.309999,35000,23.155964
2013-08-15,23.51,23.530001,23.26,23.309999,46600,23.155964
2013-08-14,24.030001,24.049999,23.879999,23.91,37600,23.751999
2013-08-13,23.98,24.049999,23.780001,24.00,37200,23.841405
2013-08-12,24.00,24.00,23.85,23.940001,24900,23.781802
2013-08-09,23.959999,24.02,23.780001,23.860001,34100,23.702331
2013-08-08,23.719999,23.860001,23.65,23.860001,29800,23.702331
2013-08-07,23.75,23.75,23.559999,23.690001,9400,23.533454
2013-08-06,23.92,23.92,23.65,23.73,36300,23.573189
2013-08-05,23.719999,23.940001,23.719999,23.93,39200,23.771868
2013-08-02,23.940001,23.940001,23.700001,23.799999,50000,23.642726
2013-08-01,23.629999,23.82,23.629999,23.799999,51200,23.642726
2013-07-31,23.549999,23.610001,23.42,23.450001,41100,23.29504
2013-07-30,23.42,23.58,23.360001,23.52,30300,23.364577
2013-07-29,23.48,23.530001,23.33,23.40,21100,23.245369
2013-07-26,23.26,23.459999,23.16,23.450001,39200,23.29504
2013-07-25,23.17,23.51,23.17,23.48,83900,23.324841
2013-07-24,23.049999,23.10,22.93,22.950001,23200,22.798344
2013-07-23,22.799999,22.809999,22.709999,22.75,25700,22.599665
2013-07-22,22.82,22.82,22.68,22.77,29400,22.619533
2013-07-19,22.940001,22.940001,22.76,22.82,29500,22.669202
2013-07-18,23.08,23.18,22.940001,22.99,41800,22.838079
2013-07-17,22.84,23.02,22.84,22.950001,42900,22.798344
2013-07-16,22.959999,22.959999,22.790001,22.84,26000,22.68907
2013-07-15,22.84,22.92,22.719999,22.889999,27800,22.738739
2013-07-12,22.92,22.92,22.629999,22.75,37600,22.599665
2013-07-11,22.49,22.59,22.290001,22.57,33400,22.420854
2013-07-10,21.92,22.00,21.84,21.959999,21500,21.814885
2013-07-09,21.83,21.91,21.690001,21.90,20300,21.755282
2013-07-08,21.790001,21.799999,21.639999,21.68,29800,21.536736
2013-07-05,21.84,21.84,21.43,21.66,33500,21.516868
2013-07-03,21.25,21.530001,21.25,21.48,20700,21.338057
2013-07-02,21.34,21.42,21.139999,21.24,23400,21.099643
2013-07-01,21.370001,21.43,21.219999,21.24,18400,21.099643
2013-06-28,21.15,21.190001,20.969999,21.15,13600,21.010238
2013-06-27,21.040001,21.25,21.02,21.23,23700,21.089709
2013-06-26,20.809999,20.93,20.809999,20.889999,17100,20.751956
2013-06-25,20.610001,20.639999,20.42,20.60,15700,20.463873
2013-06-24,20.57,20.57,20.219999,20.43,126100,20.294996
2013-06-21,21.129999,21.129999,20.629999,20.83,48600,20.692353
2013-06-20,21.42,21.49,21.08,21.139999,37700,21.000304
2013-06-19,21.74,21.83,21.610001,21.65,49800,21.506934
2013-06-18,21.67,21.82,21.67,21.77,34000,21.626141
2013-06-17,21.530001,21.76,21.530001,21.610001,18300,21.467199
2013-06-14,21.389999,21.50,21.27,21.290001,13000,21.149314
2013-06-13,21.129999,21.469999,21.110001,21.440001,42300,21.298322
2013-06-12,21.57,21.57,21.15,21.17,14500,21.030106
2013-06-11,21.379999,21.620001,21.35,21.42,20400,21.278454
2013-06-10,21.68,21.700001,21.620001,21.66,4100,21.516868
2013-06-07,21.33,21.59,21.23,21.59,26400,21.447331
2013-06-06,21.299999,21.35,21.059999,21.290001,53700,21.149314
2013-06-05,21.32,21.40,21.219999,21.23,25500,21.089709
2013-06-04,21.50,21.59,21.280001,21.35,35400,21.208917
2013-06-03,21.709999,21.709999,21.32,21.50,18500,21.357925
2013-05-31,21.860001,21.99,21.719999,21.719999,19500,21.576471
2013-05-30,21.68,21.950001,21.68,21.91,25700,21.765216
2013-05-29,21.530001,21.68,21.469999,21.620001,51200,21.477133
2013-05-28,21.790001,22.00,21.610001,21.67,15000,21.526802
2013-05-24,21.559999,21.559999,21.360001,21.549999,11300,21.407594
2013-05-23,21.450001,21.780001,21.41,21.709999,59900,21.566537
2013-05-22,22.200001,22.24,21.57,21.66,49900,21.516868
2013-05-21,22.32,22.32,22.049999,22.120001,29200,21.973829
2013-05-20,22.23,22.27,22.129999,22.190001,14900,22.043366
2013-05-17,22.15,22.26,22.00,22.25,25300,22.102969
2013-05-16,22.18,22.379999,22.18,22.219999,48600,22.073167
2013-05-15,21.93,22.110001,21.93,22.049999,39000,21.90429
2013-05-14,21.82,21.940001,21.82,21.91,21500,21.765216
2013-05-13,21.620001,21.790001,21.620001,21.790001,10200,21.64601
2013-05-10,21.51,21.66,21.51,21.65,8100,21.506934
2013-05-09,21.459999,21.58,21.309999,21.42,17400,21.278454
2013-05-08,21.26,21.620001,21.26,21.620001,16200,21.477133
2013-05-07,21.40,21.48,21.27,21.290001,19000,21.149314
2013-05-06,21.43,21.52,21.40,21.52,19600,21.377794
2013-05-03,21.32,21.459999,21.32,21.41,17300,21.26852
2013-05-02,21.040001,21.209999,21.040001,21.18,20100,21.04004
2013-05-01,20.99,21.24,20.959999,20.959999,25100,20.821493
2013-04-30,20.870001,21.059999,20.870001,21.040001,8800,20.900966
2013-04-29,20.82,21.00,20.82,20.950001,18100,20.81156
2013-04-26,20.709999,20.85,20.690001,20.82,21500,20.682418
2013-04-25,20.48,20.77,20.48,20.66,13900,20.523476
2013-04-24,20.360001,20.50,20.32,20.42,31300,20.285062
2013-04-23,20.290001,20.549999,20.290001,20.459999,27100,20.324797
2013-04-22,19.799999,19.959999,19.700001,19.93,67100,19.7983
2013-04-19,19.92,19.92,19.639999,19.75,30900,19.619489
2013-04-18,20.290001,20.290001,19.799999,19.889999,58300,19.758564
2013-04-17,20.48,20.540001,20.18,20.26,17100,20.12612
2013-04-16,20.459999,20.68,20.43,20.68,21200,20.543344
2013-04-15,20.690001,20.73,20.35,20.370001,29100,20.235393
2013-04-12,20.690001,20.790001,20.530001,20.790001,14200,20.652618
2013-04-11,20.84,20.84,20.74,20.780001,98600,20.642684
2013-04-10,20.549999,20.90,20.549999,20.85,16200,20.712221
2013-04-09,20.32,20.540001,20.280001,20.49,91900,20.354599
2013-04-08,20.379999,20.379999,20.209999,20.32,14300,20.185723
2013-04-05,20.16,20.370001,19.99,20.360001,45000,20.225459
2013-04-04,20.639999,20.639999,20.51,20.60,162000,20.463873
2013-04-03,20.93,20.93,20.629999,20.68,37700,20.543344
2013-04-02,20.99,21.00,20.790001,20.84,14200,20.702287
2013-04-01,21.26,21.26,20.83,20.870001,16100,20.732089
2013-03-28,21.10,21.200001,21.08,21.200001,26800,21.059908
2013-03-27,20.940001,21.16,20.940001,21.120001,11200,20.980437
2013-03-26,21.01,21.07,20.950001,21.02,17400,20.881098
2013-03-25,21.110001,21.139999,20.84,20.940001,29900,20.801626
2013-03-22,21.09,21.09,20.950001,21.08,11200,20.940701
2013-03-21,21.200001,21.26,21.00,21.15,23800,21.010238
2013-03-20,21.360001,21.40,21.33,21.360001,12100,21.218851
2013-03-19,21.48,21.48,21.07,21.27,34500,21.129446
2013-03-18,21.379999,21.530001,21.25,21.459999,30400,21.318189
2013-03-15,21.780001,21.780001,21.549999,21.610001,15900,21.467199
2013-03-14,21.66,21.719999,21.620001,21.719999,12200,21.576471
2013-03-13,21.51,21.700001,21.50,21.610001,11900,21.467199
2013-03-12,21.709999,21.709999,21.459999,21.559999,28400,21.417528
2013-03-11,21.67,21.75,21.639999,21.74,18700,21.596339
2013-03-08,21.68,21.68,21.51,21.639999,14600,21.496999
2013-03-07,21.59,21.610001,21.50,21.58,39700,21.437397
2013-03-06,21.50,21.60,21.49,21.549999,75400,21.407594
2013-03-05,21.469999,21.469999,21.280001,21.360001,32300,21.218851
2013-03-04,21.08,21.190001,21.040001,21.18,10700,21.04004
2013-03-01,20.889999,21.139999,20.780001,21.129999,11600,20.990369
2013-02-28,20.950001,21.10,20.950001,20.98,14100,20.841361
2013-02-27,20.799999,21.09,20.77,21.00,176400,20.861229
2013-02-26,20.82,20.860001,20.629999,20.82,19000,20.682418
2013-02-25,21.209999,21.33,20.799999,20.799999,30700,20.66255
2013-02-22,20.959999,21.08,20.889999,21.08,26900,20.940701
2013-02-21,20.950001,21.00,20.59,20.74,30200,20.602947
2013-02-20,21.540001,21.610001,21.00,21.00,23600,20.861229
2013-02-19,21.370001,21.48,21.309999,21.48,28600,21.338057
2013-02-15,21.40,21.43,21.26,21.299999,28100,21.159246
2013-02-14,21.17,21.49,21.07,21.27,35200,21.129446
2013-02-13,21.209999,21.280001,21.049999,21.15,30000,21.010238
2013-02-12,21.48,21.49,21.27,21.32,16400,21.179114
2013-02-11,21.440001,21.440001,21.299999,21.360001,99300,21.218851
2013-02-08,21.33,21.450001,21.33,21.42,17300,21.278454
2013-02-07,21.51,21.51,21.049999,21.219999,25400,21.079775
2013-02-06,21.50,21.700001,21.389999,21.52,43800,21.377794
2013-02-05,21.389999,21.52,21.309999,21.459999,24700,21.318189
2013-02-04,21.309999,21.43,21.200001,21.24,154000,21.099643
2013-02-01,21.58,21.58,21.290001,21.299999,75000,21.159246
2013-01-31,21.25,21.440001,21.209999,21.33,23500,21.189049
2013-01-30,21.35,21.50,21.25,21.26,40700,21.119511
2013-01-29,21.32,21.49,20.90,21.33,92000,21.189049
2013-01-28,22.00,22.10,21.719999,21.74,41900,21.596339
2013-01-25,21.50,21.790001,21.48,21.719999,78800,21.576471
2013-01-24,21.15,21.32,21.059999,21.219999,45000,21.079775
2013-01-23,20.950001,20.950001,20.610001,20.76,34800,20.622815
2013-01-22,20.719999,20.799999,20.469999,20.57,41400,20.43407
2013-01-18,20.66,20.66,20.52,20.639999,33300,20.503608
2013-01-17,20.68,20.77,20.629999,20.709999,35200,20.573145
2013-01-16,20.68,20.719999,20.610001,20.639999,14000,20.503608
2013-01-15,20.85,20.85,20.629999,20.73,33300,20.593013
2013-01-14,20.93,20.93,20.76,20.870001,59700,20.732089
2013-01-11,20.66,20.82,20.610001,20.82,54700,20.682418
2013-01-10,20.65,20.65,20.33,20.549999,77500,20.414202
2013-01-09,20.34,20.469999,20.34,20.42,34700,20.285062
2013-01-08,20.389999,20.52,20.139999,20.280001,21100,20.145988
2013-01-07,20.440001,20.48,20.33,20.389999,15400,20.25526
2013-01-04,20.25,20.469999,20.24,20.440001,22000,20.30493
2013-01-03,20.59,20.59,20.139999,20.16,42200,20.02678
2013-01-02,20.66,20.66,20.24,20.440001,119000,20.30493
2012-12-31,19.549999,19.950001,19.34,19.870001,21100,19.738697
2012-12-28,19.60,19.66,19.540001,19.559999,13100,19.430744
2012-12-27,19.84,19.84,19.48,19.77,14400,19.639358
2012-12-26,19.99,20.08,19.799999,19.860001,12500,19.728763
2012-12-24,20.08,20.08,19.879999,19.940001,21100,19.808234
2012-12-21,19.90,20.02,19.75,20.01,57400,19.877772
2012-12-20,20.139999,20.17,19.969999,20.110001,163300,19.974131
2012-12-19,20.23,20.280001,20.07,20.07,37800,19.934401
2012-12-18,19.690001,20.120001,19.690001,20.10,46700,19.964199
2012-12-17,19.530001,19.67,19.49,19.66,13000,19.527171
2012-12-14,19.389999,19.59,19.389999,19.49,116300,19.358319
2012-12-13,19.549999,19.629999,19.379999,19.469999,23800,19.338454
2012-12-12,19.530001,19.639999,19.469999,19.50,18200,19.368252
2012-12-11,19.26,19.530001,19.26,19.469999,54400,19.338454
2012-12-10,19.059999,19.24,19.059999,19.17,47300,19.040482
2012-12-07,19.17,19.17,18.98,19.08,14800,18.95109
2012-12-06,18.91,19.120001,18.91,19.10,11500,18.970955
2012-12-05,19.02,19.02,18.68,18.860001,20200,18.732577
2012-12-04,19.01,19.120001,18.60,19.110001,19200,18.980888
2012-12-03,19.200001,19.200001,19.00,19.00,17300,18.87163
2012-11-30,19.15,19.15,18.99,19.120001,32500,18.99082
2012-11-29,19.08,19.209999,19.059999,19.200001,12700,19.07028
2012-11-28,18.76,19.00,18.60,19.00,55200,18.87163
2012-11-27,18.83,18.959999,18.799999,18.83,10300,18.702779
2012-11-26,18.84,18.870001,18.709999,18.85,19900,18.722644
2012-11-23,18.620001,18.870001,18.620001,18.84,6700,18.712711
2012-11-21,18.43,18.60,18.43,18.59,18900,18.4644
2012-11-20,18.42,18.450001,18.280001,18.35,7100,18.226022
2012-11-19,18.32,18.49,18.32,18.49,12900,18.365076
2012-11-16,18.27,18.27,17.91,18.200001,21400,18.077036
2012-11-15,18.10,18.17,17.969999,18.16,29600,18.037305
2012-11-14,18.309999,18.379999,17.90,18.01,23800,17.888319
2012-11-13,18.129999,18.280001,18.00,18.139999,30300,18.01744
2012-11-12,18.32,18.360001,18.17,18.24,14300,18.116765
2012-11-09,18.25,18.42,18.190001,18.27,29800,18.146563
2012-11-08,18.58,18.610001,18.26,18.26,44300,18.13663
2012-11-07,18.74,18.82,18.469999,18.559999,43300,18.434602
2012-11-06,18.790001,18.98,18.790001,18.91,14500,18.782238
2012-11-05,18.67,18.76,18.59,18.73,22900,18.603454
2012-11-02,18.90,18.90,18.690001,18.690001,7300,18.563725
2012-11-01,18.610001,18.91,18.549999,18.91,41400,18.782238
2012-10-31,18.60,18.60,18.370001,18.59,39100,18.4644
2012-10-26,18.34,18.59,18.290001,18.49,30300,18.365076
2012-10-25,18.48,18.48,18.200001,18.24,41500,18.116765
2012-10-24,18.66,18.700001,18.299999,18.360001,26800,18.235955
2012-10-23,18.540001,18.66,18.40,18.629999,12600,18.504129
2012-10-22,18.700001,18.76,18.370001,18.66,43900,18.533927
2012-10-19,19.08,19.08,18.60,18.65,30000,18.523995
2012-10-18,19.25,19.290001,19.00,19.049999,29300,18.921292
2012-10-17,19.40,19.40,19.190001,19.26,19300,19.129874
2012-10-16,19.24,19.52,19.23,19.51,24100,19.378185
2012-10-15,19.129999,19.139999,18.98,19.139999,20600,19.010684
2012-10-12,19.08,19.10,18.959999,19.040001,15300,18.911361
2012-10-11,19.190001,19.280001,19.00,19.02,15300,18.891496
2012-10-10,19.200001,19.23,18.91,19.00,34800,18.87163
2012-10-09,19.610001,19.610001,19.18,19.219999,33100,19.090143
2012-10-08,19.700001,19.85,19.620001,19.68,60600,19.547036
2012-10-05,19.959999,19.969999,19.690001,19.76,25500,19.626496
2012-10-04,19.780001,19.90,19.59,19.879999,43900,19.745684
2012-10-03,19.83,20.00,19.809999,19.93,10400,19.795347
2012-10-02,19.84,19.889999,19.68,19.790001,65000,19.656294
2012-10-01,19.959999,20.07,19.73,19.77,24500,19.636428
2012-09-28,19.83,19.93,19.790001,19.879999,14000,19.745684
2012-09-27,19.690001,19.98,19.66,19.950001,20500,19.815212
2012-09-26,19.639999,19.639999,19.299999,19.52,24200,19.388117
2012-09-25,20.120001,20.129999,19.67,19.67,19400,19.537104
2012-09-24,20.129999,20.139999,19.950001,20.01,17300,19.874807
2012-09-21,20.35,20.40,20.25,20.26,29600,20.123117
2012-09-20,20.280001,20.280001,20.120001,20.17,16400,20.033725
2012-09-19,20.280001,20.389999,20.190001,20.360001,17500,20.222442
2012-09-18,20.25,20.35,20.209999,20.26,7100,20.123117
2012-09-17,20.450001,20.450001,20.25,20.309999,14300,20.172779
2012-09-14,20.24,20.559999,20.24,20.459999,37000,20.321765
2012-09-13,19.91,20.24,19.860001,20.18,71900,20.043658
2012-09-12,19.73,19.879999,19.700001,19.870001,24100,19.735753
2012-09-11,19.66,19.76,19.459999,19.690001,11400,19.556969
2012-09-10,19.85,19.889999,19.690001,19.700001,24300,19.566902
2012-09-07,19.799999,20.01,19.799999,19.940001,34000,19.80528
2012-09-06,19.549999,19.90,19.549999,19.90,175600,19.765549
2012-09-05,19.299999,19.379999,19.23,19.35,27500,19.219266
2012-09-04,19.299999,19.379999,19.120001,19.32,22900,19.189468
2012-08-31,19.379999,19.50,19.09,19.309999,24200,19.179535
2012-08-30,19.389999,19.389999,19.17,19.190001,46600,19.060347
2012-08-29,19.290001,19.530001,19.290001,19.48,37300,19.348387
2012-08-28,19.219999,19.360001,19.209999,19.299999,10800,19.169603
2012-08-27,19.27,19.32,19.18,19.23,14800,19.100076
2012-08-24,19.08,19.32,18.809999,19.23,23000,19.100076
2012-08-23,19.190001,19.219999,19.07,19.09,15900,18.961022
2012-08-22,19.049999,19.27,19.00,19.24,13600,19.110008
2012-08-21,19.27,19.40,19.129999,19.190001,19200,19.060347
2012-08-20,19.25,19.33,19.049999,19.16,11800,19.030549
2012-08-17,19.219999,19.290001,19.219999,19.290001,22700,19.159672
2012-08-16,18.870001,19.25,18.870001,19.200001,33000,19.07028
2012-08-15,18.60,18.83,18.60,18.809999,9200,18.682913
2012-08-14,18.959999,18.959999,18.60,18.60,9800,18.474333
2012-08-13,19.01,19.02,18.809999,18.889999,9900,18.762373
2012-08-10,18.870001,18.98,18.82,18.98,9600,18.851765
2012-08-09,18.77,18.940001,18.00,18.940001,27900,18.812036
2012-08-08,18.790001,18.870001,18.73,18.76,11400,18.633252
2012-08-07,18.57,18.92,18.57,18.75,50600,18.623319
2012-08-06,18.190001,18.540001,17.82,18.49,22400,18.365076
2012-08-03,18.08,18.120001,17.85,18.059999,15300,17.937981
2012-08-02,17.50,17.790001,17.370001,17.50,166500,17.381765
2012-08-01,17.99,18.030001,17.629999,17.67,9900,17.550616
2012-07-31,17.950001,18.07,17.860001,17.91,28200,17.788994
2012-07-30,18.309999,18.309999,17.92,17.969999,14700,17.848589
2012-07-27,17.85,18.360001,17.85,18.32,13300,18.196224
2012-07-26,17.75,17.77,17.549999,17.73,16100,17.61021
2012-07-25,17.51,17.780001,17.42,17.469999,24700,17.351967
2012-07-24,17.82,17.82,17.440001,17.559999,14000,17.441359
2012-07-23,17.77,17.84,17.49,17.84,19100,17.719468
2012-07-20,18.35,18.35,18.110001,18.129999,16100,18.007507
2012-07-19,18.190001,18.50,18.190001,18.440001,54800,18.315414
2012-07-18,17.530001,18.17,17.530001,18.049999,35900,17.928048
2012-07-17,17.620001,17.620001,17.25,17.459999,16800,17.342034
2012-07-16,17.60,17.60,17.43,17.50,13100,17.381765
2012-07-13,17.450001,17.66,17.450001,17.629999,25600,17.510885
2012-07-12,17.280001,17.43,17.059999,17.379999,23700,17.262575
2012-07-11,17.50,17.66,17.290001,17.459999,31800,17.342034
2012-07-10,17.85,17.950001,17.42,17.49,114800,17.371832
2012-07-09,18.049999,18.049999,17.700001,17.75,35800,17.630076
2012-07-06,18.549999,18.549999,17.870001,18.040001,64900,17.918117
2012-07-05,18.84,19.049999,18.780001,18.98,30600,18.851765
2012-07-03,18.68,18.93,18.66,18.92,10300,18.792171
2012-07-02,18.73,18.73,18.540001,18.66,10600,18.533927
2012-06-29,18.40,18.690001,18.379999,18.690001,16800,18.563725
2012-06-28,18.030001,18.110001,17.67,17.91,27100,17.788994
2012-06-27,18.15,18.309999,18.110001,18.25,16300,18.126697
2012-06-26,18.08,18.23,17.99,18.139999,15100,18.01744
2012-06-25,18.290001,18.290001,17.950001,18.059999,45700,17.937981
2012-06-22,18.209999,18.48,18.200001,18.469999,9100,18.34521
2012-06-21,18.719999,18.719999,18.049999,18.07,40500,17.947913
2012-06-20,18.790001,18.790001,18.66,18.76,8400,18.633252
2012-06-19,18.75,18.83,18.73,18.76,19000,18.633252
2012-06-18,18.26,18.59,18.26,18.52,9600,18.394874
2012-06-15,17.93,18.389999,17.93,18.389999,20300,18.265751
2012-06-14,17.879999,17.93,17.68,17.90,56000,17.779062
2012-06-13,17.969999,18.120001,17.83,17.889999,16200,17.769129
2012-06-12,17.959999,18.059999,17.790001,18.059999,10400,17.937981
2012-06-11,18.49,18.49,17.870001,17.870001,86500,17.749266
2012-06-08,18.01,18.309999,17.99,18.280001,23700,18.156495
2012-06-07,18.57,18.60,18.139999,18.17,49400,18.047238
2012-06-06,17.950001,18.379999,17.950001,18.34,24700,18.21609
2012-06-05,17.48,17.84,17.48,17.83,23900,17.709535
2012-06-04,17.52,17.66,17.33,17.559999,90200,17.441359
2012-06-01,17.66,17.74,17.469999,17.50,98600,17.381765
2012-05-31,18.23,18.23,17.82,18.059999,28700,17.937981
2012-05-30,18.120001,18.290001,18.120001,18.209999,22700,18.086967
2012-05-29,18.469999,18.629999,18.35,18.51,27200,18.384941
2012-05-25,18.40,18.40,18.24,18.27,21400,18.146563
2012-05-24,18.709999,18.709999,18.190001,18.32,43500,18.196224
2012-05-23,18.379999,18.809999,18.299999,18.75,29400,18.623319
2012-05-22,18.73,18.860001,18.540001,18.629999,22900,18.504129
2012-05-21,18.110001,18.690001,17.959999,18.68,33300,18.553793
2012-05-18,18.48,18.51,18.049999,18.120001,80000,17.997577
2012-05-17,18.719999,18.76,18.40,18.41,56200,18.285616
2012-05-16,19.00,19.139999,18.700001,18.719999,42000,18.593521
2012-05-15,18.969999,19.290001,18.969999,19.02,266500,18.891496
2012-05-14,19.030001,19.120001,18.93,18.98,37000,18.851765
2012-05-11,19.00,19.35,19.00,19.129999,21000,19.000751
2012-05-10,19.60,19.639999,19.040001,19.07,58000,18.941157
2012-05-09,19.299999,19.629999,19.17,19.57,31700,19.437779
2012-05-08,19.58,19.58,19.09,19.49,74300,19.358319
2012-05-07,19.799999,19.889999,19.709999,19.780001,102900,19.646361
2012-05-04,20.25,20.25,19.870001,19.90,86500,19.765549
2012-05-03,20.639999,20.709999,20.290001,20.35,297500,20.21251
2012-05-02,20.459999,20.639999,20.370001,20.620001,26000,20.480686
2012-05-01,20.549999,20.790001,20.48,20.559999,66000,20.42109
2012-04-30,20.719999,20.719999,20.459999,20.48,42000,20.34163
2012-04-27,20.76,20.82,20.549999,20.719999,27900,20.580009
2012-04-26,20.389999,20.690001,20.389999,20.65,31600,20.510482
2012-04-25,20.219999,20.379999,20.18,20.379999,27600,20.242306
2012-04-24,20.190001,20.190001,19.85,20.00,83900,19.864874
2012-04-23,20.379999,20.379999,20.02,20.280001,90100,20.142983
2012-04-20,20.889999,20.90,20.540001,20.60,66100,20.46082
2012-04-19,20.90,21.25,20.68,20.780001,53500,20.639605
2012-04-18,20.83,20.98,20.82,20.91,47200,20.768725
2012-04-17,20.59,20.99,20.59,20.959999,125900,20.818387
2012-04-16,20.870001,20.870001,20.370001,20.42,26500,20.282036
2012-04-13,20.85,20.889999,20.59,20.709999,32400,20.570076
2012-04-12,20.620001,20.879999,20.540001,20.879999,225000,20.738928
2012-04-11,20.379999,20.620001,20.360001,20.50,45000,20.361496
2012-04-10,20.870001,20.91,20.360001,20.379999,113200,20.242306
2012-04-09,20.83,20.870001,20.67,20.82,43000,20.679333
2012-04-05,21.02,21.139999,20.940001,21.07,30100,20.927644
2012-04-04,21.35,21.35,20.950001,21.10,67000,20.957442
2012-04-03,21.360001,21.629999,21.360001,21.52,107400,21.374605
2012-04-02,21.42,21.58,21.23,21.51,40200,21.364672
2012-03-30,21.559999,21.559999,21.24,21.360001,75300,21.215686
2012-03-29,21.200001,21.450001,21.059999,21.42,53800,21.27528
2012-03-28,21.459999,21.49,21.110001,21.23,46600,21.086563
2012-03-27,21.57,21.57,21.370001,21.379999,68100,21.235549
2012-03-26,21.190001,21.469999,21.190001,21.469999,60900,21.324941
2012-03-23,20.99,21.07,20.790001,21.040001,65100,20.897848
2012-03-22,20.98,21.01,20.84,20.940001,68800,20.798523
2012-03-21,21.01,21.23,20.889999,21.139999,64000,20.997171
2012-03-20,20.85,20.969999,20.68,20.940001,33400,20.798523
2012-03-19,20.860001,21.07,20.799999,20.98,36700,20.838252
2012-03-16,20.99,20.99,20.799999,20.83,43000,20.689266
2012-03-15,20.75,20.92,20.68,20.889999,65900,20.74886
2012-03-14,20.799999,20.799999,20.60,20.68,38000,20.54028
2012-03-13,20.530001,20.799999,20.50,20.799999,56300,20.659468
2012-03-12,20.469999,20.52,20.34,20.41,31600,20.272104
2012-03-09,20.379999,20.57,20.360001,20.530001,57700,20.391294
2012-03-08,20.25,20.41,20.209999,20.370001,144800,20.232375
2012-03-07,19.91,20.110001,19.91,20.08,43300,19.944333
2012-03-06,20.00,20.01,19.709999,19.84,200500,19.705955
2012-03-05,20.65,20.65,20.190001,20.24,38100,20.103252
2012-03-02,20.629999,20.75,20.48,20.549999,66200,20.411157
2012-03-01,20.50,20.66,20.389999,20.60,53200,20.46082
2012-02-29,20.66,20.709999,20.370001,20.42,156300,20.282036
2012-02-28,20.66,20.73,20.50,20.60,29800,20.46082
2012-02-27,20.530001,20.709999,20.34,20.610001,41100,20.470753
2012-02-24,20.559999,20.690001,20.559999,20.629999,35700,20.490617
2012-02-23,20.389999,20.440001,20.02,20.43,29800,20.291969
2012-02-22,20.33,20.379999,20.219999,20.299999,25500,20.162846
2012-02-21,20.50,20.559999,20.25,20.33,64000,20.192644
2012-02-17,20.60,20.709999,20.360001,20.450001,48600,20.311834
2012-02-16,20.450001,20.67,20.34,20.66,38500,20.520415
2012-02-15,20.50,20.629999,20.290001,20.290001,72400,20.152915
2012-02-14,20.23,20.40,20.200001,20.40,38300,20.262171
2012-02-13,20.26,20.26,20.059999,20.200001,29400,20.063523
2012-02-10,20.26,20.26,20.00,20.040001,38500,19.904605
2012-02-09,20.16,20.32,20.07,20.309999,68500,20.172779
2012-02-08,20.129999,20.190001,19.870001,20.030001,59200,19.894672
2012-02-07,19.969999,20.10,19.85,20.049999,28500,19.914535
2012-02-06,19.98,19.98,19.809999,19.969999,37900,19.835076
2012-02-03,19.68,20.030001,19.67,19.959999,66800,19.825143
2012-02-02,19.389999,19.540001,19.379999,19.48,29300,19.348387
2012-02-01,19.01,19.27,18.889999,19.209999,105700,19.08021
2012-01-31,19.10,19.10,18.85,18.969999,26700,18.841832
2012-01-30,19.059999,19.059999,18.879999,19.01,47500,18.881563
2012-01-27,18.860001,19.16,18.809999,19.15,37800,19.020616
2012-01-26,19.02,19.25,18.84,18.940001,72100,18.812036
2012-01-25,18.780001,18.84,18.620001,18.83,41900,18.702779
2012-01-24,18.51,18.700001,18.43,18.700001,19300,18.573658
2012-01-23,18.50,18.639999,18.35,18.469999,28400,18.34521
2012-01-20,18.540001,18.610001,18.50,18.57,20000,18.444535
2012-01-19,18.299999,18.610001,18.25,18.59,180300,18.4644
2012-01-18,17.73,18.049999,17.629999,18.030001,38400,17.908184
2012-01-17,17.74,17.85,17.59,17.66,16800,17.540683
2012-01-13,17.549999,17.58,17.42,17.57,45800,17.451291
2012-01-12,17.790001,17.790001,17.52,17.690001,16000,17.570481
2012-01-11,17.610001,17.709999,17.60,17.68,17000,17.560549
2012-01-10,17.790001,17.790001,17.549999,17.59,33900,17.471157
2012-01-09,17.52,17.610001,17.35,17.540001,42100,17.421495
2012-01-06,17.27,17.459999,17.27,17.41,40800,17.292373
2012-01-05,17.16,17.379999,17.139999,17.309999,70400,17.193048
2012-01-04,17.309999,17.309999,17.040001,17.26,86500,17.143386
2012-01-03,17.50,17.68,17.40,17.440001,35900,17.322171
2011-12-30,17.17,17.32,17.17,17.200001,31900,17.083792
2011-12-29,17.059999,17.290001,17.059999,17.290001,30900,17.173184
2011-12-28,17.309999,17.309999,17.09,17.110001,65600,16.9944
2011-12-27,17.219999,17.459999,17.219999,17.41,20200,17.292373
2011-12-23,17.24,17.33,17.200001,17.33,17900,17.212913
2011-12-22,17.059999,17.24,17.059999,17.23,47900,17.113588
2011-12-21,17.40,17.40,16.639999,16.85,52300,16.736157
2011-12-20,17.450001,17.59,17.27,17.59,29800,17.457251
2011-12-19,17.42,17.42,17.00,17.02,31100,16.891553
2011-12-16,17.35,17.60,17.32,17.35,21700,17.219063
2011-12-15,17.59,17.59,17.280001,17.299999,14400,17.169439
2011-12-14,17.790001,18.030001,17.24,17.389999,94500,17.25876
2011-12-13,18.219999,18.24,17.690001,17.73,18900,17.596194
2011-12-12,18.09,18.09,17.950001,18.040001,46400,17.903856
2011-12-09,18.10,18.40,18.09,18.389999,44000,18.251213
2011-12-08,18.129999,18.309999,17.959999,18.030001,35600,17.893931
2011-12-07,18.450001,18.459999,18.110001,18.379999,24700,18.241288
2011-12-06,18.52,18.66,18.379999,18.459999,52600,18.320684
2011-12-05,18.540001,18.73,18.50,18.549999,26700,18.410005
2011-12-02,18.209999,18.360001,18.139999,18.190001,19100,18.052723
2011-12-01,18.030001,18.27,17.879999,18.10,49400,17.963403
2011-11-30,17.82,18.040001,17.82,17.99,65700,17.854232
2011-11-29,17.51,17.51,17.25,17.290001,20100,17.159516
2011-11-28,17.33,17.51,17.309999,17.43,30400,17.298459
2011-11-25,16.799999,17.040001,16.799999,16.799999,13700,16.673212
2011-11-23,17.309999,17.379999,16.940001,16.950001,40100,16.822082
2011-11-22,17.389999,17.52,17.200001,17.370001,28700,17.238912
2011-11-21,17.74,17.74,17.24,17.51,55200,17.377855
2011-11-18,18.25,18.27,17.860001,17.889999,33200,17.754986
2011-11-17,18.75,18.75,18.07,18.10,19900,17.963403
2011-11-16,18.969999,19.030001,18.700001,18.76,23600,18.618421
2011-11-15,18.879999,19.07,18.700001,19.02,68700,18.87646
2011-11-14,18.790001,18.92,18.690001,18.83,28400,18.687893
2011-11-11,18.58,18.83,18.58,18.76,37500,18.618421
2011-11-10,18.629999,18.629999,18.139999,18.290001,32300,18.151969
2011-11-09,18.780001,18.780001,18.299999,18.540001,43900,18.400082
2011-11-08,19.040001,19.15,18.700001,19.030001,28700,18.886384
2011-11-07,18.75,18.93,18.450001,18.76,21700,18.618421
2011-11-04,18.77,18.870001,18.52,18.860001,53700,18.717667
2011-11-03,18.559999,18.780001,18.200001,18.780001,26300,18.638271
2011-11-02,18.389999,18.68,18.10,18.32,24200,18.181742
2011-11-01,18.15,18.17,17.870001,18.02,50000,17.884006
2011-10-31,18.83,18.83,18.540001,18.549999,71700,18.410005
2011-10-28,18.709999,18.98,18.68,18.98,57700,18.83676
2011-10-27,18.52,18.84,18.35,18.68,241200,18.539025
2011-10-26,18.00,18.00,17.50,17.85,30200,17.715289
2011-10-25,18.219999,18.24,17.799999,17.799999,48800,17.665665
2011-10-24,18.01,18.35,17.879999,18.33,91100,18.191666
2011-10-21,17.67,18.01,17.50,17.59,30200,17.457251
2011-10-20,18.00,18.00,17.129999,17.43,28500,17.298459
2011-10-19,18.01,18.01,17.459999,17.459999,29700,17.328231
2011-10-18,17.58,18.09,17.40,18.049999,77600,17.913779
2011-10-17,17.870001,18.00,17.620001,17.709999,100300,17.576345
2011-10-14,17.940001,18.07,17.85,18.07,35000,17.933628
2011-10-13,17.299999,17.690001,17.27,17.639999,14300,17.506873
2011-10-12,17.440001,17.57,17.370001,17.370001,135000,17.238912
2011-10-11,17.110001,17.370001,17.02,17.309999,55400,17.179364
2011-10-10,17.01,17.309999,16.99,17.17,41200,17.040421
2011-10-07,16.92,17.00,16.610001,16.719999,11300,16.593816
2011-10-06,16.459999,16.84,16.35,16.84,23100,16.712911
2011-10-05,15.92,16.48,15.82,16.43,18000,16.306006
2011-10-04,15.19,15.92,15.19,15.92,80200,15.799854
2011-10-03,15.76,15.94,15.42,15.42,98800,15.303628
2011-09-30,16.139999,16.26,15.94,15.94,24400,15.819703
2011-09-29,16.76,16.76,15.96,16.290001,39700,16.167063
2011-09-28,16.709999,16.85,16.389999,16.43,29000,16.306006
2011-09-27,16.870001,17.049999,16.66,16.73,66600,16.603741
2011-09-26,16.10,16.50,16.00,16.50,117900,16.375477
2011-09-23,15.80,16.209999,15.80,16.190001,28100,16.067817
2011-09-22,16.00,16.200001,15.70,15.95,154800,15.829628
2011-09-21,16.85,17.00,16.530001,16.530001,23700,16.405251
2011-09-20,17.16,17.17,16.719999,16.719999,65700,16.593816
2011-09-19,16.90,17.139999,16.719999,17.059999,23600,16.93125
2011-09-16,17.32,17.32,17.07,17.18,100100,17.050346
2011-09-15,17.15,17.190001,16.940001,17.18,46700,17.050346
2011-09-14,16.889999,17.200001,16.60,16.99,74800,16.861779
2011-09-13,16.540001,16.719999,16.40,16.700001,18100,16.573968
2011-09-12,15.88,16.440001,15.88,16.440001,35900,16.31593
2011-09-09,16.52,16.540001,16.040001,16.17,38400,16.047968
2011-09-08,16.68,16.85,16.57,16.620001,17700,16.494572
2011-09-07,16.57,16.780001,16.469999,16.780001,20600,16.653365
2011-09-06,15.97,16.24,15.79,16.24,39700,16.117439
2011-09-02,16.559999,16.559999,16.190001,16.360001,40600,16.236534
2011-09-01,17.059999,17.26,16.809999,16.82,70000,16.693062
2011-08-31,17.110001,17.389999,16.98,17.07,61200,16.941175
2011-08-30,16.82,17.08,16.66,17.00,37200,16.871704
2011-08-29,16.50,16.870001,16.459999,16.860001,80500,16.732761
2011-08-26,15.68,16.309999,15.59,16.26,47600,16.137289
2011-08-25,16.25,16.25,15.69,15.72,42100,15.601364
2011-08-24,16.15,16.190001,15.79,16.110001,53900,15.988421
2011-08-23,15.47,16.049999,15.30,16.030001,45400,15.909025
2011-08-22,15.28,15.60,15.20,15.28,30800,15.164684
2011-08-19,15.40,15.77,15.01,15.16,94000,15.04559
2011-08-18,16.190001,16.190001,15.42,15.56,127700,15.442572
2011-08-17,17.389999,17.389999,16.700001,16.889999,65600,16.762533
2011-08-16,17.530001,17.530001,17.09,17.24,75000,17.109892
2011-08-15,17.360001,17.620001,17.32,17.60,71400,17.467176
2011-08-12,17.34,17.42,17.110001,17.34,48400,17.209138
2011-08-11,16.379999,17.280001,16.379999,17.10,110100,16.970949
2011-08-10,16.719999,16.90,16.370001,16.379999,60700,16.256382
2011-08-09,16.469999,17.00,15.98,16.950001,232000,16.822082
2011-08-08,16.65,16.90,16.120001,16.15,138300,16.028118
2011-08-05,17.98,17.98,16.809999,17.379999,199700,17.248835
2011-08-04,18.35,18.35,17.59,17.59,179500,17.457251
2011-08-03,18.40,18.530001,17.92,18.52,220300,18.380233
2011-08-02,18.700001,18.780001,18.200001,18.209999,145300,18.072571
2011-08-01,19.25,19.25,18.51,18.75,122200,18.608497
2011-07-29,18.75,19.07,18.60,18.860001,163100,18.717667
2011-07-28,18.91,19.190001,18.860001,18.98,158800,18.83676
2011-07-27,19.52,19.52,18.93,18.98,216600,18.83676
2011-07-26,19.66,19.719999,19.459999,19.690001,118300,19.541403
2011-07-25,19.68,19.73,19.50,19.58,96500,19.432233
2011-07-22,19.51,19.809999,19.469999,19.75,153700,19.60095
2011-07-21,19.639999,19.66,19.360001,19.40,185500,19.253591
2011-07-20,20.139999,20.139999,19.58,19.610001,240800,19.462007
2011-07-19,19.639999,20.040001,19.639999,20.040001,273900,19.888762
2011-07-18,19.629999,19.629999,19.26,19.41,212000,19.263516
2011-07-15,19.780001,19.780001,19.450001,19.620001,156100,19.471932
2011-07-14,19.959999,19.959999,19.379999,19.450001,173100,19.303215
2011-07-13,19.90,20.049999,19.75,19.84,332900,19.690271
2011-07-12,19.98,19.98,19.65,19.690001,233900,19.541403
2011-07-11,20.32,20.32,19.84,19.91,317300,19.759742
2011-07-08,20.309999,20.42,20.17,20.42,779000,20.265894
2011-07-07,20.52,20.58,20.40,20.51,730600,20.355214
2011-07-06,20.200001,20.309999,20.059999,20.290001,339000,20.136875
