Date,Open,High,Low,Close,Volume,Adj Close
2013-04-30,5.95,5.95,5.00,5.25,153800,5.25
2013-04-29,5.02,5.19,4.83,5.06,87300,5.06
2013-04-26,4.90,5.02,4.4601,4.86,70700,4.86
2013-04-25,4.75,5.1628,4.75,4.98,100300,4.98
2013-04-24,4.70,4.849,4.65,4.70,51000,4.70
2013-04-23,4.55,4.70,4.45,4.65,16500,4.65
2013-04-22,4.52,4.67,4.4201,4.58,26800,4.58
2013-04-19,4.58,4.70,4.46,4.55,53900,4.55
2013-04-18,4.63,4.74,4.53,4.64,43700,4.64
2013-04-17,4.81,4.85,4.24,4.57,36000,4.57
2013-04-16,4.68,4.8388,4.67,4.79,43300,4.79
2013-04-15,4.40,4.82,4.40,4.68,168000,4.68
2013-04-12,3.85,4.49,3.85,4.41,126000,4.41
2013-04-11,3.75,3.9499,3.71,3.90,90100,3.90
2013-04-10,3.63,3.81,3.60,3.765,61800,3.765
2013-04-09,3.70,3.7228,3.58,3.63,43400,3.63
2013-04-08,3.66,3.73,3.52,3.70,43900,3.70
2013-04-05,3.61,3.71,3.51,3.65,63200,3.65
2013-04-04,3.59,3.67,3.52,3.64,49100,3.64
2013-04-03,3.63,3.73,3.49,3.52,99900,3.52
2013-04-02,3.64,3.77,3.49,3.64,90500,3.64
2013-04-01,3.86,4.0699,3.64,3.68,82800,3.68
2013-03-29,3.87,3.87,3.87,3.87,000,3.87
2013-03-28,3.71,4.065,3.615,3.87,65600,3.87
2013-03-27,3.60,3.78,3.46,3.68,82700,3.68
2013-03-26,3.63,3.64,3.45,3.52,132600,3.52
2013-03-25,3.98,3.98,3.55,3.60,132000,3.60
2013-03-22,4.10,4.19,3.75,3.89,198100,3.89
2013-03-21,4.40,4.46,4.03,4.05,326500,4.05
2013-03-20,4.99,5.09,4.32,4.32,300700,4.32
2013-03-19,5.15,5.4699,4.56,5.00,297900,5.00
2013-03-18,4.40,5.26,4.00,4.88,322500,4.88
2013-03-15,4.43,4.53,4.20,4.41,216100,4.41
2013-03-14,5.06,5.06,4.35,4.49,137400,4.49
2013-03-13,5.06,5.23,4.87,4.97,78500,4.97
2013-03-12,5.22,5.63,5.02,5.08,210800,5.08
2013-03-11,4.70,5.29,4.51,5.21,357800,5.21
2013-03-08,4.08,4.72,4.08,4.65,98000,4.65
2013-03-07,4.24,4.26,4.00,4.17,25500,4.17
2013-03-06,4.33,4.36,4.16,4.21,62100,4.21
2013-03-05,4.00,5.32,4.00,4.28,237100,4.28
2013-03-04,3.97,4.02,3.83,3.92,32800,3.92
2013-03-01,4.00,4.0599,3.91,3.97,31700,3.97
2013-02-28,4.00,4.08,3.96,4.00,29000,4.00
2013-02-27,3.99,4.0299,3.85,4.00,103000,4.00
2013-02-26,3.86,3.95,3.76,3.90,31300,3.90
2013-02-25,3.85,3.89,3.79,3.87,15700,3.87
2013-02-22,3.83,3.90,3.83,3.87,2800,3.87
2013-02-21,4.08,4.08,3.85,3.87,32500,3.87
2013-02-20,4.07,4.16,4.04,4.12,47500,4.12
2013-02-19,3.86,4.0891,3.86,4.06,49200,4.06
2013-02-18,3.84,3.84,3.84,3.84,000,3.84
2013-02-15,3.61,3.89,3.61,3.84,16700,3.84
2013-02-14,3.58,3.70,3.36,3.65,44300,3.65
2013-02-13,3.70,3.81,3.56,3.60,22300,3.60
2013-02-12,3.70,3.88,3.70,3.71,25400,3.71
2013-02-11,3.84,3.95,3.76,3.76,36000,3.76
2013-02-08,3.84,3.95,3.82,3.87,14100,3.87
2013-02-07,3.89,3.94,3.79,3.88,11300,3.88
2013-02-06,3.99,4.00,3.851,3.91,26000,3.91
2013-02-05,3.96,4.02,3.75,3.99,95800,3.99
2013-02-04,3.75,4.14,3.73,3.92,103300,3.92
2013-02-01,3.74,3.769,3.52,3.73,114800,3.73
2013-01-31,3.82,3.82,3.57,3.74,75000,3.74
2013-01-30,4.06,4.09,3.6701,3.85,148200,3.85
2013-01-29,4.16,4.21,4.04,4.11,29800,4.11
2013-01-28,4.13,4.25,4.07,4.18,54500,4.18
2013-01-25,4.25,4.30,4.07,4.15,45900,4.15
2013-01-24,4.25,4.30,4.02,4.28,26200,4.28
2013-01-23,4.24,4.35,4.125,4.28,33800,4.28
2013-01-22,4.19,4.39,4.19,4.27,82300,4.27
2013-01-21,4.22,4.22,4.22,4.22,000,4.22
2013-01-18,4.40,4.40,4.02,4.22,115700,4.22
2013-01-17,4.39,4.40,4.2616,4.40,61500,4.40
2013-01-16,4.15,4.50,4.01,4.39,195900,4.39
2013-01-15,3.80,4.15,3.7001,4.10,76700,4.10
2013-01-14,3.87,4.00,3.75,3.90,71300,3.90
2013-01-11,3.77,3.90,3.77,3.83,24200,3.83
2013-01-10,3.80,3.80,3.6901,3.79,40000,3.79
2013-01-09,3.84,3.86,3.6201,3.81,16700,3.81
2013-01-08,3.66,3.84,3.5601,3.80,47700,3.80
2013-01-07,3.63,3.71,3.48,3.55,68600,3.55
2013-01-04,3.48,3.63,3.4588,3.62,60400,3.62
2013-01-03,3.45,3.50,3.40,3.42,31600,3.42
2013-01-02,3.54,3.56,3.38,3.41,30800,3.41
2013-01-01,3.42,3.42,3.42,3.42,000,3.42
2012-12-31,3.34,3.45,3.25,3.42,58400,3.42
2012-12-28,3.50,3.50,3.26,3.36,43700,3.36
2012-12-27,3.67,3.67,3.16,3.42,341600,3.42
2012-12-26,3.27,3.75,3.27,3.67,95200,3.67
2012-12-25,3.24,3.24,3.24,3.24,000,3.24
2012-12-24,3.08,3.32,3.08,3.24,16700,3.24
2012-12-21,3.24,3.45,3.00,3.04,224900,3.04
2012-12-20,3.40,3.45,3.07,3.28,169200,3.28
2012-12-19,3.27,3.45,3.19,3.40,297500,3.40
2012-12-18,3.13,3.37,3.12,3.28,710300,3.28
2012-12-17,2.81,3.18,2.56,3.13,47500,3.13
2012-12-14,3.40,3.50,2.82,3.0399,137900,3.0399
2012-12-13,2.64,3.45,2.57,3.3901,327400,3.3901
2012-12-12,2.39,2.70,2.3124,2.69,97100,2.69
2012-12-11,2.30,2.36,2.25,2.35,57400,2.35
2012-12-10,2.38,2.43,2.27,2.31,28500,2.31
2012-12-07,2.31,2.385,2.18,2.30,46300,2.30
2012-12-06,2.15,2.66,2.11,2.28,222700,2.28
2012-12-05,1.99,2.06,1.90,2.00,15200,2.00
2012-12-04,2.07,2.1399,1.96,1.99,65500,1.99
2012-12-03,2.13,2.21,2.01,2.11,25000,2.11
2012-11-30,2.15,2.21,2.01,2.16,21800,2.16
2012-11-29,2.27,2.34,2.15,2.15,55700,2.15
2012-11-28,1.87,2.37,1.7701,2.23,220400,2.23
2012-11-27,1.72,1.91,1.61,1.85,49300,1.85
2012-11-26,1.51,1.70,1.51,1.68,38700,1.68
2012-11-23,1.61,1.61,1.51,1.51,11400,1.51
2012-11-22,1.55,1.55,1.55,1.55,000,1.55
2012-11-21,1.55,1.56,1.51,1.55,13300,1.55
2012-11-20,1.57,1.71,1.57,1.58,42700,1.58
2012-11-19,1.80,1.84,1.58,1.58,121800,1.58
2012-11-16,1.86,1.89,1.80,1.82,15300,1.82
2012-11-15,1.85,1.9399,1.83,1.88,10300,1.88
2012-11-14,1.87,1.88,1.80,1.87,1500,1.87
2012-11-13,1.80,1.89,1.80,1.84,14700,1.84
2012-11-12,1.80,1.9115,1.70,1.81,29400,1.81
2012-11-09,1.88,1.91,1.80,1.82,26100,1.82
2012-11-08,1.87,1.97,1.86,1.91,16200,1.91
2012-11-07,1.96,1.96,1.87,1.90,25200,1.90
2012-11-06,2.20,2.34,1.90,1.93,97600,1.93
2012-11-05,2.15,2.2899,2.10,2.15,17300,2.15
2012-11-02,2.20,2.25,2.1795,2.20,17500,2.20
2012-11-01,2.42,2.4207,2.25,2.30,29600,2.30
2012-10-31,2.59,2.59,2.26,2.55,57600,2.55
2012-10-30,2.52,2.52,2.52,2.52,000,2.52
2012-10-29,2.52,2.52,2.52,2.52,000,2.52
2012-10-26,2.51,2.56,2.51,2.52,19800,2.52
2012-10-25,2.85,2.85,2.5001,2.53,79300,2.53
2012-10-24,2.72,3.00,2.72,2.96,20600,2.96
2012-10-23,2.93,2.95,2.73,2.77,10900,2.77
2012-10-22,2.78,2.89,2.78,2.82,8200,2.82
2012-10-19,2.86,2.87,2.7973,2.84,10400,2.84
2012-10-18,3.01,3.05,2.74,2.861,128200,2.861
2012-10-17,3.22,3.22,3.04,3.09,24900,3.09
2012-10-16,3.03,3.23,3.00,3.17,34100,3.17
2012-10-15,3.09,3.24,2.95,3.00,30900,3.00
2012-10-12,2.96,3.33,2.96,3.125,37300,3.125
2012-10-11,2.89,3.05,2.89,2.97,346200,2.97
2012-10-10,2.77,2.99,2.748,2.91,175400,2.91
2012-10-09,2.78,2.835,2.75,2.81,171500,2.81
2012-10-08,2.68,2.82,2.63,2.81,78000,2.81
2012-10-05,2.59,2.74,2.59,2.71,172500,2.71
2012-10-04,2.60,2.68,2.58,2.61,63800,2.61
2012-10-03,2.57,2.63,2.50,2.61,30600,2.61
2012-10-02,2.60,2.67,2.46,2.60,69700,2.60
2012-10-01,2.63,2.76,2.55,2.63,44700,2.63
2012-09-28,2.38,2.725,2.38,2.66,119500,2.66
2012-09-27,2.65,2.6837,2.31,2.40,258900,2.40
2012-09-26,2.82,2.90,2.57,2.63,68100,2.63
2012-09-25,3.16,3.23,2.75,2.82,168300,2.82
2012-09-24,3.18,3.37,3.08,3.11,291100,3.11
2012-09-21,3.63,3.78,3.26,3.26,200300,3.26
2012-09-20,3.80,3.86,3.55,3.65,70900,3.65
2012-09-19,3.79,4.02,3.79,3.86,90900,3.86
2012-09-18,4.03,4.03,3.6301,3.83,41000,3.83
2012-09-17,4.05,4.15,3.89,4.02,74400,4.02
2012-09-14,3.98,4.13,3.98,4.10,160700,4.10
2012-09-13,4.09,4.09,3.89,3.98,90800,3.98
2012-09-12,3.94,4.00,3.94,3.97,30500,3.97
2012-09-11,3.97,3.99,3.9208,3.97,43500,3.97
2012-09-10,3.91,4.10,3.85,4.02,39800,4.02
2012-09-07,3.98,4.06,3.95,3.99,42800,3.99
2012-09-06,4.34,4.52,3.85,3.90,224500,3.90
2012-09-05,3.93,4.30,3.93,4.29,131600,4.29
2012-09-04,3.67,4.00,3.63,3.97,86100,3.97
2012-09-03,3.70,3.70,3.70,3.70,000,3.70
2012-08-31,3.54,3.72,3.50,3.70,277500,3.70
2012-08-30,3.56,3.67,3.52,3.55,62900,3.55
2012-08-29,3.75,3.83,3.485,3.59,195000,3.59
2012-08-28,3.80,3.89,3.75,3.78,128600,3.78
2012-08-27,3.93,3.94,3.82,3.82,32700,3.82
2012-08-24,3.80,4.00,3.75,3.83,86000,3.83
2012-08-23,3.57,3.95,3.50,3.84,99800,3.84
2012-08-22,3.60,3.61,3.44,3.53,112100,3.53
2012-08-21,3.58,4.20,3.42,3.64,2273700,3.64
2012-08-20,2.57,2.65,2.496,2.58,6500,2.58
2012-08-17,2.54,2.65,2.45,2.64,27900,2.64
2012-08-16,2.46,2.59,2.455,2.55,5800,2.55
2012-08-15,2.49,2.6599,2.45,2.49,39300,2.49
2012-08-14,2.47,2.54,2.45,2.47,6500,2.47
2012-08-13,2.54,2.54,2.46,2.46,3600,2.46
2012-08-10,2.49,2.68,2.46,2.46,7600,2.46
2012-08-09,2.49,2.50,2.41,2.45,2500,2.45
2012-08-08,2.53,2.54,2.43,2.54,600,2.54
2012-08-07,2.54,2.54,2.42,2.49,7900,2.49
2012-08-06,2.79,2.79,2.41,2.48,17700,2.48
2012-08-03,2.30,2.41,2.30,2.41,5200,2.41
2012-08-02,2.26,2.36,2.25,2.30,12900,2.30
2012-08-01,2.32,2.35,2.15,2.30,101600,2.30
2012-07-31,2.24,2.36,2.2101,2.30,11600,2.30
2012-07-30,2.22,2.38,2.16,2.23,17600,2.23
2012-07-27,2.15,2.29,2.15,2.22,19200,2.22
2012-07-26,2.17,2.39,2.09,2.14,37100,2.14
2012-07-25,2.16,2.16,2.10,2.16,9200,2.16
2012-07-24,2.23,2.28,2.11,2.16,6500,2.16
2012-07-23,2.20,2.23,2.14,2.23,9700,2.23
2012-07-20,2.40,2.40,2.1989,2.23,47400,2.23
2012-07-19,2.46,2.47,2.40,2.40,2700,2.40
2012-07-18,2.56,2.56,2.40,2.45,10000,2.45
2012-07-17,2.44,2.59,2.39,2.58,15600,2.58
2012-07-16,2.39,2.49,2.39,2.48,1400,2.48
2012-07-13,2.50,2.50,2.39,2.39,3600,2.39
2012-07-12,2.45,2.46,2.39,2.39,4400,2.39
2012-07-11,2.48,2.48,2.45,2.45,2100,2.45
2012-07-10,2.51,2.51,2.45,2.50,7500,2.50
2012-07-09,2.42,2.50,2.41,2.48,6200,2.48
2012-07-06,2.33,2.44,2.32,2.411,6000,2.411
2012-07-05,2.41,2.44,2.3901,2.41,2600,2.41
2012-07-04,2.47,2.47,2.47,2.47,000,2.47
2012-07-03,2.52,2.52,2.41,2.47,4100,2.47
2012-07-02,2.50,2.53,2.50,2.50,6400,2.50
2012-06-29,2.56,2.57,2.35,2.50,26400,2.50
2012-06-28,2.54,2.54,2.4899,2.496,3800,2.496
2012-06-27,2.56,2.58,2.56,2.58,3400,2.58
2012-06-26,2.62,2.70,2.50,2.55,18100,2.55
2012-06-25,2.56,2.60,2.54,2.58,5500,2.58
2012-06-22,2.56,2.59,2.50,2.59,6100,2.59
2012-06-21,2.36,2.89,2.3101,2.55,109400,2.55
2012-06-20,2.39,2.43,2.29,2.36,9500,2.36
2012-06-19,2.37,2.50,2.37,2.41,9800,2.41
2012-06-18,2.36,2.43,2.3201,2.36,8000,2.36
2012-06-15,2.34,2.45,2.34,2.37,15000,2.37
2012-06-14,2.25,2.4699,2.25,2.35,11700,2.35
2012-06-13,2.23,2.3099,2.22,2.25,3600,2.25
2012-06-12,2.32,2.46,2.20,2.25,47900,2.25
2012-06-11,2.35,2.3699,2.27,2.27,7600,2.27
2012-06-08,2.29,2.385,2.29,2.36,2900,2.36
2012-06-07,2.45,2.45,2.2701,2.30,18200,2.30
2012-06-06,2.46,2.71,2.38,2.52,92900,2.52
2012-06-05,2.34,2.59,2.30,2.40,53300,2.40
2012-06-04,2.49,2.49,2.28,2.2901,12600,2.2901
2012-06-01,2.53,2.53,2.43,2.4468,13800,2.4468
2012-05-31,2.60,2.66,2.47,2.59,49600,2.59
2012-05-30,2.44,2.7986,2.35,2.60,81600,2.60
2012-05-29,2.27,2.55,2.27,2.45,96100,2.45
2012-05-28,2.27,2.27,2.27,2.27,000,2.27
2012-05-25,2.30,2.38,2.21,2.27,37400,2.27
2012-05-24,1.95,2.57,1.85,2.27,411500,2.27
2012-05-23,1.84,1.97,1.79,1.97,17800,1.97
2012-05-22,1.91,1.9304,1.85,1.88,12100,1.88
2012-05-21,1.96,2.114,1.85,1.902,12100,1.902
2012-05-18,2.06,2.0601,1.95,1.95,12100,1.95
2012-05-17,2.29,2.29,2.06,2.12,11700,2.12
2012-05-16,2.20,2.38,2.17,2.19,41900,2.19
2012-05-15,2.07,2.20,1.975,2.19,11700,2.19
2012-05-14,2.06,2.10,1.89,2.04,38000,2.04
2012-05-11,2.22,2.25,2.12,2.12,12200,2.12
2012-05-10,2.24,2.29,2.15,2.233,14400,2.233
2012-05-09,2.29,2.30,2.02,2.25,90200,2.25
2012-05-08,1.85,2.65,1.85,2.30,567700,2.30
2012-05-07,1.76,1.84,1.68,1.7401,16700,1.7401
2012-05-04,1.77,1.77,1.75,1.75,6900,1.75
2012-05-03,1.78,1.80,1.74,1.7801,9500,1.7801
2012-05-02,1.70,1.7724,1.69,1.7599,9800,1.7599
2012-05-01,1.72,1.75,1.66,1.68,51600,1.68
2012-04-30,1.87,1.87,1.71,1.73,49200,1.73
2012-04-27,2.00,2.00,1.87,1.87,13800,1.87
2012-04-26,1.99,1.99,1.95,1.99,2800,1.99
2012-04-25,1.98,2.01,1.9501,1.99,9500,1.99
2012-04-24,2.00,2.03,1.9099,1.96,21200,1.96
2012-04-23,1.68,2.01,1.66,2.00,22300,2.00
2012-04-20,1.78,1.78,1.67,1.71,24800,1.71
2012-04-19,1.96,1.96,1.78,1.79,36300,1.79
2012-04-18,1.97,2.02,1.95,1.95,9900,1.95
2012-04-17,2.04,2.08,1.91,1.9614,16800,1.9614
2012-04-16,2.04,2.09,2.01,2.01,15300,2.01
2012-04-13,2.04,2.0736,2.01,2.05,10600,2.05
2012-04-12,2.01,2.1186,2.0001,2.04,16800,2.04
2012-04-11,2.07,2.0899,1.97,2.03,17700,2.03
2012-04-10,2.07,2.10,2.00,2.07,15700,2.07
2012-04-09,2.09,2.13,2.08,2.10,6900,2.10
2012-04-06,2.10,2.10,2.10,2.10,000,2.10
2012-04-05,2.21,2.21,2.00,2.10,57200,2.10
2012-04-04,2.34,2.35,2.20,2.23,29300,2.23
2012-04-03,2.36,2.3699,2.27,2.32,37400,2.32
2012-04-02,2.38,2.47,2.34,2.3675,31800,2.3675
2012-03-30,2.36,2.42,2.2001,2.39,12800,2.39
2012-03-29,2.48,2.52,2.31,2.37,30200,2.37
2012-03-28,2.49,2.54,2.45,2.50,10800,2.50
2012-03-27,2.40,2.51,2.33,2.51,48200,2.51
2012-03-26,2.56,2.57,2.30,2.41,262600,2.41
2012-03-23,2.64,2.66,2.52,2.55,81800,2.55
2012-03-22,2.64,2.78,2.56,2.64,196500,2.64
2012-03-21,2.69,2.76,2.55,2.71,91700,2.71
2012-03-20,2.61,2.70,2.57,2.68,53600,2.68
2012-03-19,2.71,2.73,2.6101,2.64,38900,2.64
2012-03-16,2.69,2.80,2.66,2.69,323900,2.69
2012-03-15,2.69,2.76,2.6607,2.71,41100,2.71
2012-03-14,2.71,2.77,2.70,2.72,65200,2.72
2012-03-13,2.65,2.77,2.63,2.75,90400,2.75
2012-03-12,2.63,2.79,2.59,2.66,53600,2.66
2012-03-09,2.72,2.74,2.58,2.63,53600,2.63
2012-03-08,2.65,2.80,2.63,2.71,58500,2.71
2012-03-07,2.61,2.71,2.54,2.64,54100,2.64
2012-03-06,2.65,2.65,2.52,2.61,41200,2.61
2012-03-05,2.93,2.93,2.63,2.71,106900,2.71
2012-03-02,2.96,3.08,2.90,2.94,56100,2.94
2012-03-01,2.90,3.05,2.90,2.97,62000,2.97
2012-02-29,3.11,3.16,2.85,2.85,90900,2.85
2012-02-28,3.02,3.19,2.995,3.10,190400,3.10
2012-02-27,2.89,3.05,2.78,3.00,128000,3.00
2012-02-24,2.96,2.9994,2.82,2.87,48400,2.87
2012-02-23,3.00,3.03,2.95,2.99,19500,2.99
2012-02-22,3.04,3.16,2.88,3.02,189100,3.02
2012-02-21,3.01,3.13,2.96,2.99,126600,2.99
2012-02-20,2.98,2.98,2.98,2.98,000,2.98
2012-02-17,3.07,3.08,2.97,2.98,98700,2.98
2012-02-16,2.99,3.10,2.85,3.08,152100,3.08
2012-02-15,2.87,3.00,2.78,2.99,95600,2.99
2012-02-14,2.96,3.00,2.85,2.91,75500,2.91
2012-02-13,2.89,2.99,2.85,2.96,34900,2.96
2012-02-10,2.85,2.95,2.82,2.84,85000,2.84
2012-02-09,3.01,3.01,2.76,2.88,202500,2.88
2012-02-08,2.98,3.19,2.93,3.00,192400,3.00
2012-02-07,2.88,3.04,2.88,2.97,122100,2.97
2012-02-06,3.02,3.04,2.84,2.89,56100,2.89
2012-02-03,3.12,3.12,2.98,3.06,112800,3.06
2012-02-02,2.98,3.15,2.95,3.10,112900,3.10
2012-02-01,2.87,2.97,2.835,2.95,123700,2.95
2012-01-31,3.00,3.01,2.78,2.88,65300,2.88
2012-01-30,3.15,3.15,2.90,2.99,160100,2.99
2012-01-27,2.84,3.27,2.80,3.18,136800,3.18
2012-01-26,3.37,3.37,2.67,2.79,157500,2.79
2012-01-25,3.25,3.4699,3.08,3.38,207700,3.38
2012-01-24,2.82,3.29,2.751,3.29,154500,3.29
2012-01-23,2.73,2.86,2.7201,2.84,43500,2.84
2012-01-20,2.73,2.741,2.60,2.73,55800,2.73
2012-01-19,2.74,2.87,2.7001,2.77,54500,2.77
2012-01-18,2.63,2.74,2.54,2.73,65800,2.73
2012-01-17,2.60,2.73,2.60,2.63,41100,2.63
2012-01-16,2.57,2.57,2.57,2.57,000,2.57
2012-01-13,2.69,2.6999,2.55,2.57,67000,2.57
2012-01-12,2.73,2.75,2.61,2.67,49100,2.67
2012-01-11,2.88,2.96,2.69,2.72,77300,2.72
2012-01-10,3.1785,3.20,2.955,2.98,38500,2.98
2012-01-09,3.25,3.28,3.15,3.1901,21600,3.1901
2012-01-06,3.28,3.29,3.16,3.27,39300,3.27
2012-01-05,3.06,3.3193,2.9912,3.22,46300,3.22
2012-01-04,3.00,3.20,2.87,3.04,76900,3.04
2012-01-03,2.71,3.04,2.71,2.99,44800,2.99
2012-01-02,2.64,2.64,2.64,2.64,000,2.64
2011-12-30,2.70,2.70,2.38,2.64,84900,2.64
2011-12-29,2.84,2.86,2.64,2.70,130500,2.70
2011-12-28,3.02,3.09,2.79,2.87,29100,2.87
2011-12-27,3.23,3.23,2.91,3.06,60700,3.06
2011-12-26,3.28,3.28,3.28,3.28,000,3.28
2011-12-23,3.24,3.37,3.05,3.28,157000,3.28
2011-12-22,2.93,3.22,2.885,3.15,95800,3.15
2011-12-21,2.72,3.08,2.55,2.93,124300,2.93
2011-12-20,2.93,2.99,2.70,2.76,61900,2.76
2011-12-19,3.15,3.30,2.65,2.88,163700,2.88
2011-12-16,3.10,3.18,2.67,3.02,305300,3.02
2011-12-15,2.58,4.2395,2.58,3.10,1167000,3.10
2011-12-14,2.54,2.56,2.4601,2.52,59200,2.52
2011-12-13,2.54,2.59,2.38,2.55,85600,2.55
2011-12-12,2.54,2.55,2.38,2.46,68500,2.46
2011-12-09,2.16,2.49,2.00,2.45,191600,2.45
2011-12-08,2.00,2.25,1.9889,2.17,97600,2.17
2011-12-07,1.85,2.22,1.7801,2.05,247100,2.05
2011-12-06,1.85,1.88,1.8021,1.88,132300,1.88
2011-12-05,1.83,1.91,1.83,1.88,77700,1.88
2011-12-02,2.00,2.0799,1.7812,1.83,70100,1.83
2011-12-01,1.96,2.05,1.91,1.95,82500,1.95
2011-11-30,2.20,2.20,1.88,1.96,115500,1.96
2011-11-29,1.89,2.37,1.71,2.10,352800,2.10
2011-11-28,1.91,2.00,1.82,1.88,78600,1.88
2011-11-25,1.87,1.91,1.8399,1.8798,15900,1.8798
2011-11-24,1.91,1.91,1.91,1.91,000,1.91
2011-11-23,2.00,2.00,1.87,1.91,12300,1.91
2011-11-22,2.02,2.08,1.93,2.00,108400,2.00
2011-11-21,2.33,2.3346,2.01,2.08,80100,2.08
2011-11-18,2.39,2.40,2.32,2.36,32000,2.36
2011-11-17,2.33,2.39,2.27,2.39,70200,2.39
2011-11-16,2.14,2.4099,2.14,2.32,91000,2.32
2011-11-15,2.12,2.19,2.10,2.17,107200,2.17
2011-11-14,2.19,2.20,2.04,2.14,37800,2.14
2011-11-11,2.40,2.43,2.16,2.23,52500,2.23
2011-11-10,2.43,2.44,2.331,2.36,15100,2.36
2011-11-09,2.31,2.48,2.275,2.37,251100,2.37
2011-11-08,2.30,2.40,2.165,2.40,126000,2.40
2011-11-07,2.50,2.51,2.22,2.32,36000,2.32
2011-11-04,2.45,2.66,2.30,2.53,164800,2.53
2011-11-03,1.95,2.53,1.93,2.47,420700,2.47
2011-11-02,1.82,1.87,1.68,1.85,85100,1.85
2011-11-01,1.71,1.92,1.61,1.80,40200,1.80
2011-10-31,1.88,1.88,1.73,1.73,29100,1.73
2011-10-28,1.78,1.97,1.6001,1.89,22600,1.89
2011-10-27,1.95,1.9992,1.73,1.80,57400,1.80
2011-10-26,1.81,2.01,1.81,1.90,76100,1.90
2011-10-25,1.59,1.81,1.51,1.75,80600,1.75
2011-10-24,1.50,1.58,1.40,1.555,53900,1.555
2011-10-21,1.45,1.5893,1.42,1.49,87400,1.49
2011-10-20,1.38,1.44,1.33,1.39,36200,1.39
2011-10-19,1.36,1.43,1.32,1.40,36400,1.40
2011-10-18,1.36,1.40,1.34,1.34,43100,1.34
2011-10-17,1.63,1.63,1.32,1.35,91600,1.35
2011-10-14,1.62,1.645,1.40,1.64,68900,1.64
2011-10-13,1.63,1.65,1.59,1.60,39700,1.60
2011-10-12,1.54,1.66,1.3766,1.61,63100,1.61
2011-10-11,1.53,1.5599,1.48,1.49,17400,1.49
2011-10-10,1.51,1.60,1.47,1.53,67100,1.53
2011-10-07,1.45,1.53,1.43,1.53,80800,1.53
2011-10-06,1.45,1.452,1.26,1.45,38000,1.45
2011-10-05,1.29,1.53,1.25,1.43,82700,1.43
2011-10-04,1.21,1.85,1.20,1.28,126100,1.28
2011-10-03,1.54,1.56,1.155,1.20,114000,1.20
2011-09-30,1.63,1.68,1.49,1.55,74100,1.55
2011-09-29,1.87,1.899,1.63,1.67,158200,1.67
2011-09-28,1.91,1.99,1.86,1.86,18100,1.86
2011-09-27,1.92,2.02,1.87,1.90,61200,1.90
2011-09-26,1.96,2.09,1.82,1.88,33900,1.88
2011-09-23,1.95,1.98,1.88,1.945,20500,1.945
2011-09-22,1.92,2.00,1.80,1.975,94200,1.975
2011-09-21,2.10,2.14,1.90,1.95,55000,1.95
2011-09-20,2.15,2.20,2.08,2.18,38900,2.18
2011-09-19,2.16,2.22,2.11,2.17,44400,2.17
2011-09-16,2.24,2.25,2.15,2.21,38800,2.21
2011-09-15,2.19,2.35,2.15,2.26,105400,2.26
2011-09-14,2.21,2.22,2.1199,2.20,34600,2.20
2011-09-13,2.20,2.30,2.16,2.20,81900,2.20
2011-09-12,2.30,2.30,2.13,2.19,51100,2.19
2011-09-09,2.29,2.43,2.10,2.31,174100,2.31
2011-09-08,2.46,2.61,2.31,2.33,124100,2.33
2011-09-07,2.21,2.84,2.21,2.48,447700,2.48
2011-09-06,1.99,2.39,1.99,2.16,230000,2.16
2011-09-02,2.15,2.15,2.00,2.05,80700,2.05
2011-09-01,2.17,2.23,2.01,2.22,178700,2.22
2011-08-31,2.14,2.22,2.05,2.12,115800,2.12
2011-08-30,2.29,2.30,2.05,2.12,213200,2.12
2011-08-29,2.26,2.41,2.2108,2.27,67500,2.27
2011-08-26,1.99,2.40,1.96,2.24,214900,2.24
2011-08-25,2.00,2.03,1.90,2.02,156800,2.02
2011-08-24,2.01,2.08,1.87,1.98,33700,1.98
2011-08-23,2.05,2.05,1.89,2.03,101800,2.03
2011-08-22,2.02,2.10,1.95,2.05,75700,2.05
2011-08-19,2.08,2.24,1.81,1.98,140000,1.98
2011-08-18,2.10,2.12,2.02,2.10,66600,2.10
2011-08-17,2.10,2.249,2.04,2.19,131500,2.19
2011-08-16,2.16,2.28,2.00,2.06,125900,2.06
2011-08-15,2.32,2.32,2.07,2.18,179700,2.18
2011-08-12,2.48,2.58,2.27,2.27,72900,2.27
2011-08-11,2.34,2.53,2.23,2.46,266200,2.46
2011-08-10,2.45,2.50,2.23,2.34,209100,2.34
2011-08-09,2.56,3.00,2.25,2.43,412100,2.43
2011-08-08,2.98,2.98,2.043,2.20,510500,2.20
2011-08-05,3.03,3.08,2.82,3.06,204500,3.06
2011-08-04,3.10,3.19,2.95,3.03,243500,3.03
2011-08-03,3.11,3.28,2.96,3.13,215400,3.13
2011-08-02,3.65,3.6801,2.93,3.09,218300,3.09
2011-08-01,3.72,3.72,3.50,3.67,58600,3.67
2011-07-29,3.66,3.84,3.65,3.65,31700,3.65
2011-07-28,3.74,3.83,3.65,3.71,37800,3.71
2011-07-27,3.83,3.85,3.65,3.77,85200,3.77
2011-07-26,4.02,4.04,3.77,3.85,77300,3.85
2011-07-25,3.83,4.11,3.82,4.03,79700,4.03
2011-07-22,3.95,3.96,3.76,3.92,63100,3.92
2011-07-21,3.98,4.05,3.91,3.98,77500,3.98
2011-07-20,3.94,4.00,3.89,3.98,31000,3.98
2011-07-19,4.03,4.04,3.91,3.95,49500,3.95
2011-07-18,3.85,3.98,3.82,3.94,65400,3.94
2011-07-15,3.87,3.94,3.60,3.86,58300,3.86
2011-07-14,3.90,3.92,3.75,3.84,81300,3.84
2011-07-13,3.96,4.25,3.80,3.87,296000,3.87
2011-07-12,3.951,3.98,3.90,3.93,44100,3.93
2011-07-11,3.85,3.9999,3.73,3.90,74100,3.90
2011-07-08,3.92,3.9999,3.85,3.89,55700,3.89
2011-07-07,3.86,4.00,3.67,3.95,147000,3.95
2011-07-06,4.04,4.10,3.78,3.82,106100,3.82
2011-07-05,4.00,4.14,3.94,4.05,128200,4.05
2011-07-01,3.86,3.97,3.77,3.91,135000,3.91
2011-06-30,3.70,3.92,3.68,3.75,100600,3.75
2011-06-29,3.73,3.95,3.64,3.67,67200,3.67
2011-06-28,3.66,3.93,3.58,3.69,132500,3.69
2011-06-27,3.62,4.00,3.56,3.63,106000,3.63
2011-06-24,3.81,3.82,3.565,3.62,2013700,3.62
2011-06-23,3.81,3.88,3.76,3.78,99900,3.78
2011-06-22,4.13,4.13,3.81,3.84,112200,3.84
2011-06-21,4.07,4.15,3.89,4.14,131700,4.14
2011-06-20,3.96,4.23,3.88,4.02,210800,4.02
2011-06-17,4.00,4.10,3.79,3.86,148300,3.86
2011-06-16,4.12,4.12,3.91,4.00,93900,4.00
2011-06-15,3.69,4.18,3.65,4.13,163200,4.13
2011-06-14,3.72,3.81,3.64,3.75,105700,3.75
2011-06-13,3.53,3.73,3.53,3.66,112500,3.66
2011-06-10,3.63,3.72,3.46,3.50,209800,3.50
2011-06-09,3.60,3.70,3.54,3.68,147900,3.68
2011-06-08,3.86,3.96,3.71,3.72,144600,3.72
2011-06-07,3.99,4.1291,3.80,3.87,112400,3.87
2011-06-06,3.99,4.03,3.88,3.96,172600,3.96
2011-06-03,3.93,4.17,3.76,4.00,249900,4.00
2011-06-02,4.02,4.36,3.85,4.01,217800,4.01
2011-06-01,4.34,4.34,4.01,4.02,192200,4.02
2011-05-31,4.37,4.39,4.14,4.34,147900,4.34
2011-05-27,4.49,4.5693,4.09,4.33,271600,4.33
2011-05-26,4.33,4.96,4.32,4.42,699400,4.42
2011-05-25,3.57,4.40,3.57,4.36,424000,4.36
2011-05-24,3.65,3.80,3.57,3.59,129500,3.59
2011-05-23,3.89,3.89,3.57,3.64,173100,3.64
2011-05-20,3.88,3.99,3.77,3.95,155500,3.95
2011-05-19,4.09,4.30,3.8965,3.91,121800,3.91
2011-05-18,4.03,4.08,3.815,4.05,133200,4.05
2011-05-17,4.28,4.29,3.91,4.02,288500,4.02
2011-05-16,3.96,4.63,3.91,4.28,831500,4.28
2011-05-13,3.38,3.87,3.31,3.84,578900,3.84
2011-05-12,3.96,3.96,3.33,3.39,721800,3.39
2011-05-11,4.32,4.32,3.91,3.99,414300,3.99
2011-05-10,4.35,4.36,4.17,4.32,206400,4.32
2011-05-09,4.68,4.71,4.23,4.34,202600,4.34
2011-05-06,4.67,4.71,4.60,4.71,218100,4.71
2011-05-05,4.64,4.74,4.42,4.61,242000,4.61
2011-05-04,5.13,5.15,4.64,4.70,339200,4.70
2011-05-03,5.39,5.48,5.09,5.13,500300,5.13
2011-05-02,5.19,5.43,4.98,4.98,391900,4.98
2011-04-29,5.35,5.35,5.11,5.14,373500,5.14
2011-04-28,5.68,5.695,5.27,5.35,228300,5.35
2011-04-27,5.77,5.95,5.64,5.67,214700,5.67
2011-04-26,5.95,5.95,5.75,5.79,94600,5.79
2011-04-25,5.61,6.00,5.38,5.90,217200,5.90
2011-04-21,5.83,5.83,5.55,5.60,138000,5.60
2011-04-20,6.05,6.05,5.63,5.76,169900,5.76
2011-04-19,5.94,6.05,5.7472,5.90,100900,5.90
2011-04-18,6.02,6.1099,5.57,5.88,333000,5.88
2011-04-15,6.23,6.25,6.05,6.15,134200,6.15
2011-04-14,6.08,6.30,6.02,6.25,87600,6.25
2011-04-13,6.10,6.20,6.05,6.18,105000,6.18
2011-04-12,6.07,6.16,5.88,6.05,193900,6.05
2011-04-11,6.29,6.29,6.05,6.17,148400,6.17
2011-04-08,6.32,6.32,6.02,6.27,168200,6.27
2011-04-07,6.43,6.499,6.22,6.27,128900,6.27
2011-04-06,6.52,6.64,6.33,6.39,102700,6.39
2011-04-05,6.42,6.76,6.36,6.50,132300,6.50
2011-04-04,6.26,6.60,6.23,6.47,178100,6.47
2011-04-01,6.33,6.40,6.10,6.21,192500,6.21
2011-03-31,6.62,6.64,6.06,6.24,283400,6.24
2011-03-30,6.98,7.11,6.67,6.68,118300,6.68
2011-03-29,7.16,7.22,6.90,6.91,104700,6.91
2011-03-28,7.10,7.33,7.00,7.13,123900,7.13
2011-03-25,7.13,7.35,6.91,7.07,183000,7.07
2011-03-24,6.97,7.35,6.79,7.09,225000,7.09
2011-03-23,6.50,6.99,6.3901,6.92,168900,6.92
2011-03-22,6.79,6.84,6.30,6.52,204800,6.52
2011-03-21,6.75,7.11,6.55,6.74,393100,6.74
2011-03-18,5.88,6.86,5.775,6.81,951800,6.81
2011-03-17,5.91,6.07,5.61,5.74,250100,5.74
2011-03-16,5.89,6.10,5.71,5.78,200700,5.78
2011-03-15,5.53,5.96,5.40,5.86,314100,5.86
2011-03-14,6.32,6.37,5.81,5.91,398600,5.91
2011-03-11,6.44,6.64,6.17,6.41,183000,6.41
2011-03-10,6.84,6.87,6.37,6.46,355300,6.46
2011-03-09,6.69,7.38,6.56,6.75,629100,6.75
2011-03-08,6.08,6.89,6.03,6.73,852200,6.73
2011-03-07,6.29,6.45,5.98,6.02,476300,6.02
2011-03-04,6.37,6.82,6.25,6.29,455600,6.29
2011-03-03,7.26,7.42,6.33,6.38,628300,6.38
2011-03-02,7.77,8.09,7.06,7.10,429700,7.10
2011-03-01,8.44,8.75,7.78,7.82,336700,7.82
2011-02-28,9.11,9.20,8.40,8.42,247900,8.42
2011-02-25,8.93,9.28,8.54,8.82,404100,8.82
2011-02-24,8.07,8.79,8.07,8.70,598200,8.70
2011-02-23,8.10,8.40,7.90,8.08,327500,8.08
2011-02-22,8.12,8.59,7.83,8.08,381600,8.08
2011-02-18,8.16,8.65,8.16,8.28,288100,8.28
2011-02-17,8.14,8.45,8.03,8.17,148900,8.17
2011-02-16,8.43,8.43,7.95,8.18,310100,8.18
2011-02-15,8.53,8.78,8.20,8.40,267700,8.40
2011-02-14,8.03,8.89,7.91,8.45,468200,8.45
2011-02-11,7.60,8.20,7.57,8.03,303200,8.03
2011-02-10,7.65,7.88,7.43,7.60,229900,7.60
2011-02-09,7.57,7.95,7.34,7.62,417900,7.62
2011-02-08,7.03,7.79,6.98,7.56,540800,7.56
2011-02-07,6.92,7.16,6.91,7.02,204100,7.02
2011-02-04,7.03,7.03,6.83,6.89,182200,6.89
2011-02-03,7.07,7.23,6.90,7.03,266900,7.03
2011-02-02,7.45,7.45,6.8098,7.06,667100,7.06
2011-02-01,7.08,7.42,7.03,7.22,351900,7.22
2011-01-31,7.60,7.729,7.05,7.11,491800,7.11
2011-01-28,8.49,8.6042,7.52,7.5699,507200,7.5699
2011-01-27,8.45,8.90,8.38,8.47,207400,8.47
2011-01-26,8.12,8.78,8.10,8.47,233500,8.47
2011-01-25,8.11,8.48,8.02,8.11,293400,8.11
2011-01-24,8.72,8.83,8.11,8.24,386200,8.24
2011-01-21,8.88,9.13,8.65,8.69,244800,8.69
2011-01-20,9.02,9.15,8.59,8.77,272300,8.77
2011-01-19,9.42,9.60,8.88,8.98,464200,8.98
2011-01-18,10.01,10.25,8.95,9.07,634200,9.07
2011-01-14,9.52,10.29,9.52,9.91,625400,9.91
2011-01-13,9.19,10.18,9.0734,9.42,691800,9.42
2011-01-12,9.67,9.77,8.7901,9.09,566100,9.09
2011-01-11,10.30,10.31,9.42,9.50,430600,9.50
2011-01-10,10.60,10.67,10.05,10.16,367300,10.16
2011-01-07,11.37,11.6192,10.33,10.77,531200,10.77
2011-01-06,11.41,12.38,11.13,11.40,793300,11.40
2011-01-05,10.12,12.63,10.00,11.43,1331400,11.43
2011-01-04,10.28,10.3501,9.62,10.18,699200,10.18
2011-01-03,8.86,10.50,8.74,10.13,1207500,10.13
2010-12-31,8.36,8.97,8.20,8.71,263000,8.71
2010-12-30,8.19,9.10,8.05,8.44,369400,8.44
2010-12-29,8.31,8.40,7.88,8.23,180600,8.23
2010-12-28,8.45,8.48,8.22,8.25,179300,8.25
2010-12-27,8.35,8.559,8.1101,8.48,138100,8.48
2010-12-24,8.35,8.35,8.35,8.35,000,8.35
2010-12-23,8.16,8.70,8.05,8.35,266600,8.35
2010-12-22,8.57,8.62,7.951,8.10,228800,8.10
2010-12-21,7.68,8.88,7.53,8.49,691600,8.49
2010-12-20,8.09,8.22,7.62,7.68,282600,7.68
2010-12-17,8.60,8.64,7.99,8.08,352500,8.08
2010-12-16,8.59,8.87,8.41,8.56,286200,8.56
2010-12-15,8.55,8.97,8.30,8.45,354100,8.45
2010-12-14,8.87,9.08,7.86,8.60,818300,8.60
2010-12-13,9.42,10.19,8.22,8.80,2216800,8.80
2010-12-10,7.23,9.12,6.97,9.03,1548600,9.03
2010-12-09,6.63,7.75,6.52,7.25,940800,7.25
2010-12-08,6.74,6.90,6.30,6.54,468400,6.54
2010-12-07,6.21,7.38,5.84,6.75,1511900,6.75
2010-12-06,6.75,6.9675,5.94,6.08,625000,6.08
2010-12-03,5.67,7.63,5.67,6.79,1287200,6.79
2010-12-02,4.83,5.69,4.71,5.65,314200,5.65
2010-12-01,4.62,4.84,4.33,4.82,515700,4.82
2010-11-30,4.89,4.89,4.38,4.52,709400,4.52
2010-11-29,5.10,5.39,4.60,4.96,462300,4.96
2010-11-26,5.25,5.30,5.14,5.16,23500,5.16
2010-11-25,5.28,5.28,5.28,5.28,000,5.28
2010-11-24,5.79,5.92,5.27,5.28,146100,5.28
2010-11-23,5.86,5.86,5.55,5.73,156900,5.73
2010-11-22,5.95,5.98,5.80,5.96,92200,5.96
2010-11-19,6.10,6.24,5.85,5.93,156600,5.93
2010-11-18,5.48,6.42,5.48,6.09,272000,6.09
2010-11-17,5.30,5.62,5.30,5.38,138800,5.38
2010-11-16,5.45,5.49,5.23,5.38,119700,5.38
2010-11-15,5.64,5.75,5.27,5.49,158000,5.49
2010-11-12,5.70,5.955,5.55,5.62,154300,5.62
2010-11-11,6.04,6.04,5.76,5.77,136900,5.77
2010-11-10,6.11,6.21,5.90,6.12,86100,6.12
2010-11-09,6.23,6.26,6.00,6.08,89500,6.08
2010-11-08,6.29,6.29,6.08,6.25,126700,6.25
2010-11-05,6.31,6.34,6.10,6.22,206800,6.22
2010-11-04,6.65,6.67,6.15,6.22,151500,6.22
2010-11-03,6.70,6.95,6.38,6.43,83800,6.43
2010-11-02,7.11,7.16,6.55,6.67,77600,6.67
2010-11-01,6.63,7.715,6.59,7.00,237700,7.00
2010-10-29,6.99,7.04,6.16,6.58,375300,6.58
2010-10-28,7.33,7.39,6.82,7.06,218300,7.06
2010-10-27,8.20,8.25,7.14,7.23,263400,7.23
2010-10-26,8.24,8.34,8.12,8.20,215300,8.20
2010-10-25,8.35,8.46,8.17,8.32,185600,8.32
2010-10-22,8.25,8.425,8.11,8.25,149000,8.25
2010-10-21,8.45,8.68,8.1506,8.24,165300,8.24
2010-10-20,8.72,9.01,8.30,8.41,149500,8.41
2010-10-19,8.77,8.80,8.42,8.70,186200,8.70
2010-10-18,8.92,9.01,8.68,8.86,161700,8.86
2010-10-15,9.07,9.23,8.83,8.86,47800,8.86
2010-10-14,9.55,9.55,8.76,9.00,242500,9.00
2010-10-13,9.08,9.89,8.8701,9.69,180000,9.69
2010-10-12,8.75,9.07,8.66,8.99,56500,8.99
2010-10-11,8.80,8.89,8.15,8.82,153300,8.82
2010-10-08,9.08,9.33,8.82,8.83,92600,8.83
2010-10-07,9.54,9.62,9.09,9.09,99400,9.09
2010-10-06,9.71,9.86,9.37,9.40,98100,9.40
2010-10-05,10.44,10.95,9.25,9.57,290000,9.57
2010-10-04,10.79,10.95,10.26,10.37,75800,10.37
2010-10-01,10.71,11.09,10.31,10.86,133600,10.86
2010-09-30,10.33,10.719,10.30,10.57,83100,10.57
2010-09-29,10.35,10.55,10.10,10.20,52700,10.20
2010-09-28,10.64,10.88,10.15,10.35,97900,10.35
2010-09-27,11.13,11.40,10.5001,10.64,185200,10.64
2010-09-24,11.03,11.43,10.96,11.21,61500,11.21
2010-09-23,10.97,11.02,10.501,10.86,70700,10.86
2010-09-22,11.49,11.83,10.65,11.09,167400,11.09
2010-09-21,11.58,11.75,11.01,11.53,122000,11.53
2010-09-20,11.27,11.92,11.20,11.56,170100,11.56
2010-09-17,11.10,11.2801,10.73,11.22,138600,11.22
2010-09-16,11.44,11.97,10.40,10.95,144200,10.95
2010-09-15,11.43,11.64,10.80,11.53,122300,11.53
2010-09-14,10.81,11.6142,10.20,11.43,180000,11.43
2010-09-13,10.36,10.91,10.2241,10.82,76200,10.82
2010-09-10,10.83,10.90,10.00,10.20,106400,10.20
2010-09-09,10.66,11.39,10.56,10.81,195000,10.81
2010-09-08,10.47,10.585,10.19,10.45,71700,10.45
2010-09-07,10.06,10.55,9.34,10.40,222600,10.40
2010-09-06,10.03,10.03,10.03,10.03,000,10.03
2010-09-03,10.47,10.60,9.60,10.03,258100,10.03
2010-09-02,10.05,10.92,9.81,10.30,360800,10.30
2010-09-01,9.28,10.07,9.28,10.04,300600,10.04
2010-08-31,9.54,9.54,8.97,9.05,354900,9.05
2010-08-30,10.67,10.85,9.44,9.54,207800,9.54
2010-08-27,9.35,11.16,9.15,10.76,393900,10.76
2010-08-26,9.50,9.561,8.91,9.26,452400,9.26
2010-08-25,9.68,9.70,8.87,9.43,469900,9.43
2010-08-24,10.99,11.0001,9.56,9.77,517100,9.77
2010-08-23,11.99,11.99,10.94,11.02,234200,11.02
2010-08-20,12.39,12.50,11.84,11.94,214200,11.94
2010-08-19,13.08,13.08,12.02,12.41,148200,12.41
2010-08-18,13.21,13.4192,12.78,13.14,186300,13.14
2010-08-17,14.04,14.04,13.28,13.51,124900,13.51
2010-08-16,14.27,14.65,13.50,13.84,188000,13.84
2010-08-13,15.61,15.71,14.26,14.36,247300,14.36
2010-08-12,16.14,16.28,15.32,15.70,219000,15.70
2010-08-11,17.54,18.01,16.21,16.23,152400,16.23
2010-08-10,18.10,18.14,17.54,17.77,277800,17.77
2010-08-09,17.98,18.71,17.88,18.37,125300,18.37
2010-08-06,18.63,19.00,17.19,17.91,199300,17.91
2010-08-05,20.33,20.74,18.90,19.00,182600,19.00
2010-08-04,20.96,21.42,20.42,20.54,120000,20.54
2010-08-03,21.22,21.68,20.85,20.87,150100,20.87
2010-08-02,21.51,21.83,20.98,21.10,92400,21.10
2010-07-30,20.31,21.36,19.73,21.09,158100,21.09
2010-07-29,20.90,21.21,20.31,20.63,210600,20.63
2010-07-28,20.76,21.19,20.34,20.66,222500,20.66
2010-07-27,20.83,22.50,20.61,20.84,313200,20.84
2010-07-26,19.25,20.04,18.72,20.03,186900,20.03
2010-07-23,18.42,19.19,18.33,19.11,72700,19.11
2010-07-22,17.98,18.74,17.36,18.46,125400,18.46
2010-07-21,18.19,18.19,17.60,17.68,67800,17.68
2010-07-20,17.33,18.04,17.13,18.02,72600,18.02
2010-07-19,17.55,17.60,16.73,17.59,114800,17.59
2010-07-16,17.69,18.11,17.20,17.50,102600,17.50
2010-07-15,18.22,18.39,17.51,17.76,72400,17.76
2010-07-14,18.39,18.39,17.82,18.15,79500,18.15
2010-07-13,17.51,18.72,17.28,18.39,187900,18.39
2010-07-12,17.66,17.77,17.00,17.22,46900,17.22
2010-07-09,17.44,17.9699,17.292,17.70,83900,17.70
2010-07-08,17.62,17.97,17.30,17.42,208800,17.42
2010-07-07,16.68,17.64,16.40,17.38,163300,17.38
2010-07-06,17.29,17.4299,16.53,16.64,222500,16.64
2010-07-05,17.05,17.05,17.05,17.05,000,17.05
2010-07-02,17.58,17.645,16.87,17.05,131400,17.05
2010-07-01,18.40,18.85,16.45,17.40,355700,17.40
2010-06-30,19.68,20.39,18.05,18.29,438300,18.29
2010-06-29,22.92,22.99,19.37,19.62,309600,19.62
2010-06-28,24.07,24.84,22.83,23.34,187100,23.34
2010-06-25,24.96,25.01,23.58,24.12,2151000,24.12
2010-06-24,25.08,25.77,24.54,24.65,121400,24.65
2010-06-23,26.27,26.90,25.00,25.10,156100,25.10
2010-06-22,27.04,27.54,26.22,26.39,75100,26.39
2010-06-21,29.33,29.33,27.09,27.16,72300,27.16
2010-06-18,27.08,28.80,26.92,28.49,125900,28.49
2010-06-17,27.00,27.214,26.34,26.88,51200,26.88
2010-06-16,25.81,28.10,25.81,26.89,110400,26.89
2010-06-15,24.42,26.25,24.42,25.96,107900,25.96
2010-06-14,24.62,25.08,23.86,24.43,79300,24.43
2010-06-11,25.09,25.09,23.83,24.29,118600,24.29
2010-06-10,25.35,25.9099,24.47,25.21,160400,25.21
2010-06-09,25.25,25.79,25.02,25.02,201600,25.02
2010-06-08,26.14,26.20,24.26,25.10,266500,25.10
2010-06-07,26.49,27.05,26.12,26.15,127000,26.15
2010-06-04,26.79,27.4026,26.1816,26.31,105000,26.31
2010-06-03,27.12,27.74,26.15,27.495,254200,27.495
2010-06-02,27.85,27.925,26.54,27.30,232800,27.30
2010-06-01,30.00,31.11,27.29,27.39,304900,27.39
2010-05-31,30.13,30.13,30.13,30.13,000,30.13
2010-05-28,29.85,30.66,28.87,30.13,211600,30.13
2010-05-27,28.43,30.36,28.13,29.85,360800,29.85
2010-05-26,26.69,28.73,26.67,27.58,656900,27.58
2010-05-25,28.12,28.12,25.00,26.52,505000,26.52
2010-05-24,31.96,31.97,28.15,28.45,356000,28.45
2010-05-21,32.91,33.00,31.20,31.85,237300,31.85
2010-05-20,33.30,33.49,31.79,32.98,92900,32.98
2010-05-19,33.94,34.64,33.06,33.70,275200,33.70
2010-05-18,35.94,36.84,33.52,34.20,248000,34.20
2010-05-17,37.70,38.08,34.61,35.80,271500,35.80
2010-05-14,39.13,39.13,36.38,37.87,93000,37.87
2010-05-13,39.29,40.59,37.98,38.83,301200,38.83
2010-05-12,40.01,40.54,39.39,39.65,226700,39.65
2010-05-11,40.00,40.765,38.50,40.02,162700,40.02
2010-05-10,39.92,40.5999,38.96,40.17,173700,40.17
2010-05-07,42.81,42.81,39.88,40.28,53000,40.28
2010-05-06,43.83,44.00,39.05,42.99,120200,42.99
2010-05-05,44.60,45.12,43.20,44.00,458800,44.00
2010-05-04,44.69,45.16,43.55,45.05,91100,45.05
2010-05-03,44.82,45.61,43.38,45.15,116800,45.15
2010-04-30,46.12,46.12,43.94,44.90,131800,44.90
2010-04-29,46.14,46.57,45.67,46.00,155100,46.00
2010-04-28,46.16,46.76,44.111,45.80,77500,45.80
2010-04-27,46.94,46.94,45.35,45.99,114100,45.99
2010-04-26,46.94,47.61,46.14,46.90,93100,46.90
2010-04-23,46.76,47.97,46.41,46.58,79600,46.58
2010-04-22,46.77,47.1385,45.736,46.46,95000,46.46
2010-04-21,44.47,48.88,44.3101,46.75,536100,46.75
2010-04-20,44.61,44.61,44.08,44.45,88700,44.45
2010-04-19,44.58,44.74,43.52,44.34,178200,44.34
2010-04-16,44.29,44.75,43.80,44.37,112300,44.37
2010-04-15,43.24,44.50,42.955,44.30,76000,44.30
2010-04-14,43.00,43.25,42.8501,43.24,107800,43.24
2010-04-13,42.15,42.88,42.15,42.76,18000,42.76
2010-04-12,41.95,42.39,41.15,42.25,82300,42.25
2010-04-09,41.21,42.10,40.925,42.10,85400,42.10
2010-04-08,40.25,41.24,40.07,40.90,46300,40.90
2010-04-07,41.21,41.60,40.25,40.48,150100,40.48
2010-04-06,41.30,41.435,40.5901,41.12,161400,41.12
2010-04-05,40.59,41.058,40.47,40.59,46300,40.59
2010-04-02,40.39,40.39,40.39,40.39,000,40.39
2010-04-01,41.00,41.2999,40.05,40.39,149800,40.39
2010-03-31,40.83,41.25,40.68,40.68,101800,40.68
2010-03-30,41.18,41.45,40.36,41.01,70300,41.01
2010-03-29,40.78,41.23,40.08,40.80,54300,40.80
2010-03-26,40.69,41.07,38.75,39.36,41000,39.36
2010-03-25,40.84,42.00,39.42,40.31,271000,40.31
2010-03-24,41.50,41.68,40.50,40.7425,7600,40.7425
2010-03-23,41.87,42.50,41.37,41.37,147300,41.37
2010-03-22,40.89,41.99,39.075,41.16,324600,41.16
2010-03-19,40.39,41.25,40.38,40.59,61900,40.59
2010-03-18,40.90,41.90,40.76,41.13,71400,41.13
2010-03-17,39.00,40.28,38.76,39.64,150600,39.64
2010-03-16,37.64,39.10,36.80,38.56,440300,38.56
2010-03-15,38.21,39.30,37.25,37.72,149300,37.72
2010-03-12,39.25,39.56,37.861,37.975,58400,37.975
2010-03-11,39.70,39.91,39.17,39.4075,13400,39.4075
2010-03-10,38.91,39.66,38.65,39.40,48500,39.40
2010-03-09,40.99,40.99,38.89,39.25,104700,39.25
2010-03-08,42.44,42.44,40.34,40.50,23200,40.50
2010-03-05,42.01,42.01,40.50,40.996,70000,40.996
2010-03-04,42.36,42.38,41.62,41.75,69000,41.75
2010-03-03,42.03,42.75,41.21,41.81,140400,41.81
2010-03-02,42.99,43.00,42.53,42.55,69500,42.55
2010-03-01,42.00,43.50,41.77,42.53,96900,42.53
2010-02-26,41.45,42.75,40.81,42.00,107600,42.00
2010-02-25,37.99,41.00,37.785,40.50,837300,40.50
2010-02-24,37.47,38.31,37.20,37.75,294400,37.75
2010-02-23,37.94,37.94,36.33,36.53,173300,36.53
2010-02-22,37.98,38.00,37.14,37.50,166800,37.50
2010-02-19,34.99,37.00,33.98,36.92,258400,36.92
2010-02-18,34.73,35.77,34.17,34.88,97300,34.88
2010-02-17,33.90,35.00,33.17,34.9999,115500,34.9999
2010-02-16,35.36,35.39,33.92,34.04,55900,34.04
2010-02-15,34.49,34.49,34.49,34.49,000,34.49
2010-02-12,35.30,35.605,33.06,34.49,98800,34.49
2010-02-11,35.71,36.01,35.00,35.44,52600,35.44
2010-02-10,35.99,36.10,35.25,35.67,74500,35.67
2010-02-09,36.70,36.70,36.00,36.00,74300,36.00
2010-02-08,36.99,37.50,36.17,36.17,82600,36.17
2010-02-05,37.01,39.30,36.18,36.63,183700,36.63
2010-02-04,36.51,37.04,35.27,36.91,220700,36.91
2010-02-03,35.33,36.98,35.33,36.77,132900,36.77
2010-02-02,36.85,36.90,36.00,36.50,25600,36.50
2010-02-01,36.76,38.00,35.50,35.90,54500,35.90
2010-01-29,36.75,37.94,36.01,36.31,40900,36.31
2010-01-28,36.76,37.69,35.80,36.25,52800,36.25
2010-01-27,37.25,39.71,35.06,36.50,255200,36.50
2010-01-26,40.00,40.15,38.25,38.64,101600,38.64
2010-01-25,41.29,41.30,39.92,40.01,87900,40.01
2010-01-22,42.32,43.00,40.34,40.78,163700,40.78
2010-01-21,42.32,43.30,42.10,42.21,112300,42.21
2010-01-20,45.00,45.00,41.00,43.19,101600,43.19
2010-01-19,43.87,45.39,41.85,44.45,115700,44.45
2010-01-18,43.80,43.80,43.80,43.80,000,43.80
2010-01-15,40.40,44.50,39.80,43.80,119300,43.80
2010-01-14,40.89,42.80,39.52,40.00,101500,40.00
2010-01-13,39.26,40.88,38.85,40.88,284900,40.88
2010-01-12,39.96,40.00,38.575,39.00,124000,39.00
2010-01-11,37.00,39.60,36.81,39.00,60800,39.00
2010-01-08,37.23,38.49,36.05,37.99,35900,37.99
2010-01-07,41.00,41.00,41.00,41.00,000,41.00
2010-01-06,40.00,44.99,35.00,41.00,65900,41.00
2010-01-05,35.00,35.00,35.00,35.00,100,35.00
