Date,Open,High,Low,Close,Volume,Adj Close
2013-05-29,16.59,16.64,16.59,16.59,253800,16.59
2013-05-28,16.59,16.65,16.59,16.59,103800,16.59
2013-05-27,16.59,16.59,16.59,16.59,000,16.59
2013-05-24,16.55,16.66,16.55,16.59,278300,16.59
2013-05-23,16.53,16.64,16.53,16.58,64100,16.58
2013-05-22,16.54,16.66,16.53,16.56,138000,16.56
2013-05-21,16.55,16.59,16.54,16.56,241300,16.56
2013-05-20,16.70,16.70,16.501,16.58,68100,16.58
2013-05-17,16.60,16.66,16.56,16.59,87800,16.59
2013-05-16,16.59,16.59,16.54,16.57,103200,16.57
2013-05-15,16.531,16.5901,16.531,16.59,31700,16.59
2013-05-14,16.55,16.57,16.53,16.56,62900,16.56
2013-05-13,16.54,16.54,16.51,16.51,27700,16.51
2013-05-10,16.55,16.55,16.50,16.53,19700,16.53
2013-05-09,16.52,16.53,16.50,16.53,39900,16.53
2013-05-08,16.50,16.53,16.50,16.50,67500,16.50
2013-05-07,16.49,16.56,16.49,16.51,61800,16.51
2013-05-06,16.45,16.524,16.45,16.51,31600,16.51
2013-05-03,16.54,16.545,16.48,16.49,23700,16.49
2013-05-02,16.50,16.54,16.48,16.52,114800,16.52
2013-05-01,16.49,16.54,16.46,16.47,150400,16.47
2013-04-30,16.51,16.55,16.49,16.51,206100,16.51
2013-04-29,16.53,16.55,16.48,16.55,62800,16.55
2013-04-26,16.49,16.50,16.48,16.48,82900,16.48
2013-04-25,16.49,16.52,16.485,16.51,87000,16.51
2013-04-24,16.32,16.53,16.32,16.52,310000,16.52
2013-04-23,16.29,16.36,16.25,16.32,333300,16.32
2013-04-22,15.14,16.36,15.09,16.27,791700,16.27
2013-04-19,15.16,15.21,15.05,15.19,274200,15.19
2013-04-18,15.12,15.15,15.04,15.14,213600,15.14
2013-04-17,15.19,15.21,15.06,15.08,139500,15.08
2013-04-16,15.16,15.20,15.12,15.17,42200,15.17
2013-04-15,15.15,15.20,14.98,15.09,359200,15.09
2013-04-12,15.16,15.30,15.16,15.20,260700,15.20
2013-04-11,15.15,15.22,15.15,15.18,174700,15.18
2013-04-10,15.24,15.25,15.15,15.16,431900,15.16
2013-04-09,15.29,15.35,15.19,15.21,948700,15.21
2013-04-08,15.23,15.2799,15.20,15.25,145400,15.25
2013-04-05,15.20,15.24,15.19,15.22,141800,15.22
2013-04-04,15.21,15.23,15.17,15.21,90500,15.21
2013-04-03,15.19,15.22,15.15,15.19,91700,15.19
2013-04-02,15.23,15.24,15.13,15.24,180100,15.24
2013-04-01,15.20,15.24,15.19,15.21,33500,15.21
2013-03-29,15.20,15.20,15.20,15.20,000,15.20
2013-03-28,15.19,15.24,15.18,15.20,28600,15.20
2013-03-27,15.20,15.25,15.15,15.24,41500,15.24
2013-03-26,15.20,15.25,15.02,15.21,106300,15.21
2013-03-25,15.00,15.20,14.99,15.145,270200,15.145
2013-03-22,14.92,14.99,14.87,14.98,61500,14.98
2013-03-21,14.90,14.95,14.87,14.91,124100,14.91
2013-03-20,14.89,14.93,14.88,14.91,108800,14.91
2013-03-19,14.88,14.94,14.86,14.88,196000,14.88
2013-03-18,14.93,14.94,14.88,14.90,61200,14.90
2013-03-15,15.00,15.00,14.91,15.00,256300,15.00
2013-03-14,14.92,15.00,14.92,14.99,33300,14.99
2013-03-13,14.93,14.93,14.87,14.92,84900,14.92
2013-03-12,14.92,14.96,14.90,14.925,106700,14.925
2013-03-11,14.92,14.95,14.90,14.90,52800,14.90
2013-03-08,14.90,14.99,14.82,14.92,85900,14.92
2013-03-07,14.88,14.90,14.86,14.88,51200,14.88
2013-03-06,14.85,14.93,14.80,14.86,34100,14.86
2013-03-05,14.84,14.92,14.72,14.82,223600,14.82
2013-03-04,14.80,14.85,14.70,14.75,275300,14.75
2013-03-01,14.90,14.90,14.76,14.85,80900,14.85
2013-02-28,14.75,15.05,14.74,14.90,217900,14.90
2013-02-27,14.74,14.75,14.711,14.74,99100,14.74
2013-02-26,14.72,14.74,14.65,14.74,315700,14.74
2013-02-25,14.73,14.75,14.68,14.69,263100,14.69
2013-02-22,14.70,14.75,14.673,14.69,267800,14.69
2013-02-21,14.70,14.73,14.69,14.72,340500,14.72
2013-02-20,14.77,14.78,14.72,14.73,238800,14.73
2013-02-19,14.78,14.82,14.75,14.79,246900,14.79
2013-02-18,14.80,14.80,14.80,14.80,000,14.80
2013-02-15,14.79,14.80,14.77,14.80,280600,14.80
2013-02-14,14.81,14.82,14.75,14.79,294700,14.79
2013-02-13,14.83,14.87,14.75,14.81,92000,14.81
2013-02-12,14.78,14.88,14.75,14.86,251000,14.86
2013-02-11,14.64,14.81,14.64,14.79,152200,14.79
2013-02-08,14.10,15.00,14.10,14.74,1189900,14.74
2013-02-07,13.85,13.90,13.71,13.79,72600,13.79
2013-02-06,13.74,14.00,13.55,13.84,278000,13.84
2013-02-05,13.69,13.78,13.51,13.77,79800,13.77
2013-02-04,13.76,13.76,13.60,13.66,143600,13.66
2013-02-01,13.23,13.93,13.23,13.71,98500,13.71
2013-01-31,13.15,13.30,13.14,13.30,90300,13.30
2013-01-30,12.95,13.34,12.90,13.13,623900,13.13
2013-01-29,13.05,13.06,12.94,12.94,105200,12.94
2013-01-28,13.15,13.15,12.92,13.04,150800,13.04
2013-01-25,13.32,13.39,13.10,13.14,56400,13.14
2013-01-24,13.30,13.40,13.25,13.30,34600,13.30
2013-01-23,13.30,13.40,13.20,13.23,32500,13.23
2013-01-22,13.36,13.45,13.2101,13.30,90100,13.30
2013-01-21,13.345,13.345,13.345,13.345,000,13.345
2013-01-18,13.37,13.45,13.24,13.345,40300,13.345
2013-01-17,13.23,13.49,13.09,13.34,77600,13.34
2013-01-16,13.20,13.45,13.05,13.22,369200,13.22
2013-01-15,13.31,13.54,13.175,13.20,156700,13.20
2013-01-14,13.35,13.84,13.35,13.41,31500,13.41
2013-01-11,13.44,13.45,13.37,13.40,85300,13.40
2013-01-10,13.55,13.60,13.38,13.45,125100,13.45
2013-01-09,13.53,13.85,13.48,13.50,118700,13.50
2013-01-08,13.67,13.70,13.46,13.50,64800,13.50
2013-01-07,13.56,13.68,13.50,13.63,94300,13.63
2013-01-04,13.60,13.70,13.50,13.64,86200,13.64
2013-01-03,13.54,13.66,13.52,13.52,31200,13.52
2013-01-02,13.71,13.89,13.56,13.70,35100,13.70
2013-01-01,13.64,13.64,13.64,13.64,000,13.64
2012-12-31,13.64,13.76,13.51,13.64,51000,13.64
2012-12-28,13.70,13.89,13.51,13.64,58100,13.64
2012-12-27,13.80,13.86,13.64,13.69,36600,13.69
2012-12-26,13.75,13.89,13.66,13.79,38900,13.79
2012-12-25,13.76,13.76,13.76,13.76,000,13.76
2012-12-24,13.72,13.92,13.611,13.76,13800,13.76
2012-12-21,13.57,13.9599,13.57,13.88,25200,13.88
2012-12-20,13.80,13.84,13.621,13.74,15600,13.74
2012-12-19,13.40,13.96,13.38,13.88,61200,13.88
2012-12-18,13.35,13.45,13.26,13.38,31000,13.38
2012-12-17,13.38,13.38,13.21,13.34,66100,13.34
2012-12-14,13.23,13.43,13.17,13.362,46500,13.362
2012-12-13,13.40,13.48,13.20,13.30,42900,13.30
2012-12-12,13.43,13.46,13.10,13.34,73200,13.34
2012-12-11,13.37,13.42,13.3081,13.35,26000,13.35
2012-12-10,13.30,13.42,13.06,13.38,37700,13.38
2012-12-07,13.36,13.38,13.13,13.38,4300,13.38
2012-12-06,13.20,13.42,12.85,13.26,22700,13.26
2012-12-05,13.39,13.42,13.2601,13.31,12800,13.31
2012-12-04,13.38,13.48,13.28,13.33,18700,13.33
2012-12-03,13.14,13.50,13.14,13.31,32900,13.31
2012-11-30,13.26,13.30,13.15,13.20,27500,13.20
2012-11-29,12.97,13.30,12.92,13.23,105200,13.23
2012-11-28,12.91,13.016,12.89,12.91,14800,12.91
2012-11-27,12.99,13.03,12.92,12.92,37200,12.92
2012-11-26,13.17,13.17,12.99,12.9905,43400,12.9905
2012-11-23,13.13,13.54,13.10,13.20,31500,13.20
2012-11-22,13.06,13.06,13.06,13.06,000,13.06
2012-11-21,13.01,13.11,13.00,13.06,39000,13.06
2012-11-20,13.02,13.05,13.00,13.02,23200,13.02
2012-11-19,13.05,13.09,12.904,12.99,75300,12.99
2012-11-16,13.08,13.15,12.98,13.08,74100,13.08
2012-11-15,13.21,13.3099,13.062,13.11,55000,13.11
2012-11-14,13.12,13.2899,13.12,13.24,19300,13.24
2012-11-13,13.40,13.40,13.11,13.12,30700,13.12
2012-11-12,13.42,13.42,13.30,13.36,12700,13.36
2012-11-09,13.33,13.45,13.33,13.39,14100,13.39
2012-11-08,13.48,13.48,13.36,13.36,7900,13.36
2012-11-07,13.31,13.43,13.30,13.39,28300,13.39
2012-11-06,13.43,13.45,13.35,13.37,18500,13.37
2012-11-05,13.31,13.64,13.31,13.40,39300,13.40
2012-11-02,13.37,13.49,13.30,13.43,47900,13.43
2012-11-01,13.33,13.53,13.30,13.31,57800,13.31
2012-10-31,13.34,13.45,13.3301,13.41,36600,13.41
2012-10-30,13.40,13.40,13.40,13.40,000,13.40
2012-10-29,13.40,13.40,13.40,13.40,000,13.40
2012-10-26,13.40,13.46,13.30,13.40,17700,13.40
2012-10-25,13.53,13.53,13.32,13.40,16800,13.40
2012-10-24,13.50,13.501,13.36,13.41,83100,13.41
2012-10-23,13.50,13.54,13.45,13.49,56500,13.49
2012-10-22,13.51,13.59,13.50,13.54,76500,13.54
2012-10-19,13.56,13.58,13.33,13.45,20500,13.45
2012-10-18,13.70,13.81,13.56,13.66,12200,13.66
2012-10-17,13.86,13.96,13.646,13.75,30100,13.75
2012-10-16,13.52,14.25,13.52,14.02,49900,14.02
2012-10-15,13.57,13.84,13.31,13.57,145100,13.57
2012-10-12,13.26,13.50,13.26,13.48,9200,13.48
2012-10-11,13.55,13.55,13.30,13.33,12300,13.33
2012-10-10,13.47,13.61,13.28,13.60,20700,13.60
2012-10-09,13.50,13.55,13.30,13.34,14900,13.34
2012-10-08,13.43,13.50,13.40,13.40,18900,13.40
2012-10-05,13.27,13.38,13.26,13.28,17200,13.28
2012-10-04,13.13,13.36,13.13,13.26,6400,13.26
2012-10-03,13.25,13.26,13.10,13.16,30000,13.16
2012-10-02,13.39,13.50,13.14,13.27,32500,13.27
2012-10-01,12.99,13.46,12.95,13.36,43800,13.36
2012-09-28,12.95,13.04,12.95,12.99,93500,12.99
2012-09-27,12.95,13.135,12.95,12.98,119300,12.98
2012-09-26,13.21,13.32,12.91,13.00,189100,13.00
2012-09-25,13.43,13.43,12.92,13.07,173900,13.07
2012-09-24,13.55,13.55,13.26,13.31,36600,13.31
2012-09-21,13.49,13.50,13.35,13.44,23400,13.44
2012-09-20,13.56,13.56,13.28,13.32,63000,13.32
2012-09-19,13.67,13.97,13.37,13.38,79800,13.38
2012-09-18,13.70,13.78,13.251,13.41,51200,13.41
2012-09-17,13.65,13.81,13.3801,13.63,53800,13.63
2012-09-14,13.30,13.55,13.30,13.50,42400,13.50
2012-09-13,13.35,13.50,13.11,13.35,93200,13.35
2012-09-12,13.87,14.00,13.25,13.42,584000,13.42
2012-09-11,11.60,11.64,11.26,11.59,40500,11.59
2012-09-10,11.62,11.70,11.5102,11.54,19200,11.54
2012-09-07,11.48,11.70,11.25,11.55,17400,11.55
2012-09-06,11.20,11.62,11.20,11.38,33600,11.38
2012-09-05,11.20,11.33,11.20,11.20,144000,11.20
2012-09-04,11.13,11.40,11.13,11.23,20600,11.23
2012-09-03,11.19,11.19,11.19,11.19,000,11.19
2012-08-31,11.35,11.39,11.121,11.19,33300,11.19
2012-08-30,11.22,11.40,11.20,11.31,25200,11.31
2012-08-29,11.36,11.795,11.22,11.29,35700,11.29
2012-08-28,11.11,11.2793,11.021,11.12,27200,11.12
2012-08-27,11.77,11.78,11.10,11.12,37300,11.12
2012-08-24,11.78,11.80,11.72,11.77,9100,11.77
2012-08-23,11.84,11.855,11.72,11.74,29500,11.74
2012-08-22,11.84,11.918,11.711,11.75,10400,11.75
2012-08-21,11.95,11.98,11.70,11.84,44100,11.84
2012-08-20,12.20,12.30,11.96,11.98,75500,11.98
2012-08-17,12.00,12.20,11.988,12.08,92600,12.08
2012-08-16,11.50,12.1899,11.50,11.86,209400,11.86
2012-08-15,12.40,12.40,11.02,11.35,235400,11.35
2012-08-14,10.51,11.35,10.51,11.25,55200,11.25
2012-08-13,11.20,11.33,11.08,11.231,17000,11.231
2012-08-10,11.28,11.46,11.195,11.21,62300,11.21
2012-08-09,11.40,11.485,11.3102,11.35,23800,11.35
2012-08-08,11.10,11.46,11.10,11.25,33000,11.25
2012-08-07,11.00,11.16,11.00,11.12,23000,11.12
2012-08-06,11.20,11.25,10.95,10.95,28500,10.95
2012-08-03,11.15,11.15,10.99,11.13,16600,11.13
2012-08-02,10.90,11.13,10.82,11.08,17200,11.08
2012-08-01,11.08,11.15,11.00,11.06,22900,11.06
2012-07-31,11.09,11.16,10.15,11.07,55000,11.07
2012-07-30,10.95,11.11,10.95,11.04,15600,11.04
2012-07-27,11.45,11.54,10.82,11.00,37600,11.00
2012-07-26,11.39,11.42,11.35,11.42,13600,11.42
2012-07-25,11.96,11.97,11.22,11.30,70800,11.30
2012-07-24,11.98,12.18,11.85,11.855,28300,11.855
2012-07-23,11.99,12.23,11.7001,12.03,15000,12.03
2012-07-20,12.37,12.37,12.11,12.21,10500,12.21
2012-07-19,12.71,12.7899,12.48,12.52,22100,12.52
2012-07-18,12.47,12.88,12.47,12.78,12500,12.78
2012-07-17,12.71,12.79,12.445,12.58,20900,12.58
2012-07-16,12.11,12.62,12.05,12.57,63800,12.57
2012-07-13,12.21,12.21,11.85,12.01,96800,12.01
2012-07-12,12.47,12.60,11.84,12.00,153900,12.00
2012-07-11,12.77,13.00,12.55,12.65,40600,12.65
2012-07-10,13.49,13.49,12.78,12.90,13400,12.90
2012-07-09,12.72,13.50,12.72,13.49,30200,13.49
2012-07-06,13.18,13.18,12.641,12.90,231600,12.90
2012-07-05,13.26,13.3391,12.90,13.06,38000,13.06
2012-07-04,13.10,13.10,13.10,13.10,000,13.10
2012-07-03,13.41,13.41,13.0605,13.10,10000,13.10
2012-07-02,13.59,13.59,12.69,13.13,52900,13.13
2012-06-29,13.87,13.90,13.60,13.65,28200,13.65
2012-06-28,13.45,13.7695,13.43,13.60,21000,13.60
2012-06-27,13.40,13.65,13.27,13.40,19700,13.40
2012-06-26,13.10,13.44,12.86,13.30,18400,13.30
2012-06-25,12.82,13.18,12.82,13.11,27500,13.11
2012-06-22,13.14,13.28,12.59,13.12,28400,13.12
2012-06-21,13.02,13.10,12.81,12.98,18600,12.98
2012-06-20,12.64,13.00,12.50,12.95,88700,12.95
2012-06-19,12.84,12.84,12.41,12.55,34500,12.55
2012-06-18,12.10,12.7799,12.04,12.73,44800,12.73
2012-06-15,11.74,12.19,11.69,12.15,104500,12.15
2012-06-14,12.13,12.23,11.86,11.89,75700,11.89
2012-06-13,12.14,12.40,12.04,12.14,24600,12.14
2012-06-12,12.24,12.39,11.95,12.24,40900,12.24
2012-06-11,12.13,12.28,12.00,12.18,41600,12.18
2012-06-08,12.32,12.40,12.00,12.22,19300,12.22
2012-06-07,12.42,12.73,12.27,12.37,45700,12.37
2012-06-06,12.31,12.70,12.30,12.33,78900,12.33
2012-06-05,12.36,12.442,12.00,12.07,43200,12.07
2012-06-04,12.40,12.50,12.23,12.41,55700,12.41
2012-06-01,12.40,12.41,12.07,12.30,49800,12.30
2012-05-31,12.60,12.96,12.26,12.49,73700,12.49
2012-05-30,13.10,13.15,12.37,12.55,72400,12.55
2012-05-29,13.19,13.30,12.97,13.05,27600,13.05
2012-05-28,13.04,13.04,13.04,13.04,000,13.04
2012-05-25,12.91,13.15,12.91,13.04,32800,13.04
2012-05-24,13.10,13.19,12.951,13.01,25600,13.01
2012-05-23,13.65,13.68,12.871,13.05,270700,13.05
2012-05-22,13.75,13.765,13.5501,13.62,137300,13.62
2012-05-21,13.70,13.85,13.60,13.75,139100,13.75
2012-05-18,13.88,13.88,13.51,13.70,52300,13.70
2012-05-17,13.88,13.88,13.50,13.70,32800,13.70
2012-05-16,13.55,13.89,13.55,13.76,114900,13.76
2012-05-15,14.09,14.09,13.31,13.64,196000,13.64
2012-05-14,13.31,13.96,13.10,13.86,255300,13.86
2012-05-11,13.00,13.11,12.85,12.95,159300,12.95
2012-05-10,13.17,13.17,12.85,13.05,108500,13.05
2012-05-09,13.09,13.2599,13.01,13.20,27900,13.20
2012-05-08,13.10,13.20,12.99,13.20,61000,13.20
2012-05-07,13.19,13.19,13.00,13.16,31000,13.16
2012-05-04,13.13,13.13,12.99,13.13,18000,13.13
2012-05-03,13.06,13.18,12.96,13.13,72400,13.13
2012-05-02,13.00,13.14,12.92,13.00,97100,13.00
2012-05-01,12.91,13.20,12.91,13.20,28400,13.20
2012-04-30,13.22,13.23,13.00,13.08,40200,13.08
2012-04-27,13.42,13.435,12.81,13.07,68000,13.07
2012-04-26,13.20,13.3272,13.10,13.21,13400,13.21
2012-04-25,13.47,13.539,13.1099,13.18,23200,13.18
2012-04-24,13.11,13.25,13.07,13.20,53500,13.20
2012-04-23,13.13,13.20,12.81,13.14,117200,13.14
2012-04-20,13.25,13.70,12.91,13.19,255800,13.19
2012-04-19,13.25,13.25,13.13,13.19,74900,13.19
2012-04-18,13.11,13.182,12.92,13.15,23800,13.15
2012-04-17,13.15,13.21,13.10,13.14,19500,13.14
2012-04-16,13.25,13.25,13.01,13.10,13900,13.10
2012-04-13,13.40,13.40,13.02,13.25,31600,13.25
2012-04-12,13.05,14.089,13.05,13.81,55300,13.81
2012-04-11,13.22,13.30,12.83,13.07,64600,13.07
2012-04-10,14.24,14.24,13.33,13.47,52400,13.47
2012-04-09,13.35,14.06,13.20,13.97,23700,13.97
2012-04-06,13.61,13.61,13.61,13.61,000,13.61
2012-04-05,13.85,13.8699,13.55,13.61,59000,13.61
2012-04-04,14.15,14.15,13.76,13.78,52400,13.78
2012-04-03,14.68,14.7492,14.25,14.38,101900,14.38
2012-04-02,14.75,14.84,14.51,14.56,219200,14.56
2012-03-30,15.11,15.142,14.702,14.8001,55600,14.8001
2012-03-29,14.67,15.33,14.67,15.03,166200,15.03
2012-03-28,14.60,14.65,14.44,14.57,21300,14.57
2012-03-27,14.40,14.55,14.24,14.46,63900,14.46
2012-03-26,14.51,14.67,14.3519,14.47,66600,14.47
2012-03-23,14.00,14.70,13.95,14.35,72900,14.35
2012-03-22,13.71,14.05,13.62,13.99,43000,13.99
2012-03-21,13.98,13.98,13.63,13.71,44400,13.71
2012-03-20,13.62,14.00,13.51,13.92,21600,13.92
2012-03-19,13.60,13.86,13.35,13.77,400200,13.77
2012-03-16,13.70,13.70,13.60,13.60,45500,13.60
2012-03-15,14.05,14.154,13.68,13.75,52900,13.75
2012-03-14,14.16,14.24,13.69,13.75,115900,13.75
2012-03-13,13.98,14.02,13.82,14.00,39100,14.00
2012-03-12,14.25,14.59,13.75,13.89,70800,13.89
2012-03-09,13.00,14.59,13.00,14.19,241600,14.19
2012-03-08,11.90,12.44,11.82,12.00,39100,12.00
2012-03-07,11.76,11.87,11.75,11.755,43500,11.755
2012-03-06,11.83,11.83,11.75,11.77,37500,11.77
2012-03-05,11.75,11.95,11.75,11.90,10700,11.90
2012-03-02,12.00,12.0081,11.75,11.75,58400,11.75
2012-03-01,11.75,12.05,11.75,11.94,57000,11.94
2012-02-29,11.61,11.79,11.52,11.67,33600,11.67
2012-02-28,11.51,11.69,11.50,11.61,9400,11.61
2012-02-27,11.53,11.68,11.50,11.65,28900,11.65
2012-02-24,11.91,11.9208,11.52,11.69,37400,11.69
2012-02-23,12.02,12.06,11.79,11.97,21400,11.97
2012-02-22,11.70,12.07,11.70,12.02,29400,12.02
2012-02-21,11.75,11.76,11.559,11.65,21300,11.65
2012-02-20,11.65,11.65,11.65,11.65,000,11.65
2012-02-17,11.82,11.85,11.56,11.65,20200,11.65
2012-02-16,11.89,11.90,11.72,11.72,17700,11.72
2012-02-15,11.84,11.979,11.78,11.80,36600,11.80
2012-02-14,11.83,11.86,11.79,11.83,28700,11.83
2012-02-13,11.70,11.83,11.66,11.80,30600,11.80
2012-02-10,11.49,11.70,11.49,11.60,21300,11.60
2012-02-09,11.25,11.64,11.25,11.53,33500,11.53
2012-02-08,10.90,11.56,10.76,11.23,46100,11.23
2012-02-07,10.73,10.90,10.42,10.71,118400,10.71
2012-02-06,11.00,11.18,10.50,10.72,68200,10.72
2012-02-03,11.23,11.25,10.91,10.97,100900,10.97
2012-02-02,11.68,11.68,11.04,11.10,75500,11.10
2012-02-01,11.71,11.742,11.60,11.62,63700,11.62
2012-01-31,11.77,11.77,11.50,11.58,61600,11.58
2012-01-30,11.72,11.735,11.60,11.61,27400,11.61
2012-01-27,11.53,11.99,11.41,11.84,99500,11.84
2012-01-26,11.39,11.60,11.39,11.52,50800,11.52
2012-01-25,11.10,11.50,11.08,11.37,43600,11.37
2012-01-24,11.11,11.11,10.86,11.02,37800,11.02
2012-01-23,10.66,11.2284,10.60,11.19,54600,11.19
2012-01-20,10.28,10.50,10.00,10.44,32000,10.44
2012-01-19,10.00,10.39,10.00,10.30,51900,10.30
2012-01-18,9.79,10.00,9.78,9.80,83300,9.80
2012-01-17,9.46,9.68,9.37,9.47,103200,9.47
2012-01-16,9.48,9.48,9.48,9.48,000,9.48
2012-01-13,9.40,9.65,9.26,9.48,74800,9.48
2012-01-12,9.79,9.90,9.39,9.51,134300,9.51
2012-01-11,10.07,10.09,9.73,9.89,60400,9.89
2012-01-10,10.15,10.20,10.00,10.085,23200,10.085
2012-01-09,10.00,10.22,9.98,10.07,31200,10.07
2012-01-06,10.03,10.04,9.99,10.00,8000,10.00
2012-01-05,10.06,10.19,9.941,10.10,27800,10.10
2012-01-04,10.21,10.37,10.09,10.17,24900,10.17
2012-01-03,10.33,10.43,10.20,10.26,16100,10.26
2012-01-02,10.22,10.22,10.22,10.22,000,10.22
2011-12-30,9.93,10.75,9.93,10.22,122100,10.22
2011-12-29,10.17,10.30,9.9076,10.03,33700,10.03
2011-12-28,10.08,10.29,10.02,10.25,64700,10.25
2011-12-27,10.27,10.64,10.14,10.20,32700,10.20
2011-12-26,10.40,10.40,10.40,10.40,000,10.40
2011-12-23,10.66,10.77,10.31,10.40,23600,10.40
2011-12-22,10.33,10.66,10.33,10.58,39700,10.58
2011-12-21,10.77,10.99,10.08,10.23,56200,10.23
2011-12-20,10.13,10.79,10.05,10.77,68400,10.77
2011-12-19,9.74,10.16,9.62,10.05,285400,10.05
2011-12-16,10.05,10.11,9.50,9.60,178900,9.60
2011-12-15,10.26,10.33,9.98,10.05,115600,10.05
2011-12-14,10.45,10.64,10.13,10.16,99300,10.16
2011-12-13,10.80,11.00,10.28,10.44,78900,10.44
2011-12-12,11.50,11.51,10.78,10.79,58200,10.79
2011-12-09,11.82,11.84,11.50,11.53,40000,11.53
2011-12-08,12.21,12.21,11.76,11.85,69900,11.85
2011-12-07,12.23,12.39,12.05,12.24,53400,12.24
2011-12-06,12.38,12.38,12.15,12.30,26700,12.30
2011-12-05,12.50,12.73,12.26,12.41,100700,12.41
2011-12-02,13.30,13.30,12.07,12.18,42600,12.18
2011-12-01,13.23,13.41,12.98,13.17,24300,13.17
2011-11-30,13.07,13.25,12.87,13.24,87700,13.24
2011-11-29,12.12,12.89,12.12,12.72,71000,12.72
2011-11-28,11.93,12.24,11.36,12.18,135900,12.18
2011-11-25,12.00,12.33,11.54,11.69,51800,11.69
2011-11-24,12.00,12.00,12.00,12.00,000,12.00
2011-11-23,12.00,12.35,12.00,12.00,58100,12.00
2011-11-22,12.03,12.20,12.00,12.07,19800,12.07
2011-11-21,11.86,12.07,11.86,12.00,43900,12.00
2011-11-18,12.11,12.35,12.06,12.09,17400,12.09
2011-11-17,12.25,12.4299,12.00,12.05,111300,12.05
2011-11-16,11.90,12.41,11.90,12.25,32000,12.25
2011-11-15,12.30,12.46,12.0208,12.10,56200,12.10
2011-11-14,12.81,12.89,12.06,12.35,160000,12.35
2011-11-11,12.01,12.77,12.00,12.67,164800,12.67
2011-11-10,11.54,11.61,11.24,11.61,26200,11.61
2011-11-09,11.43,11.82,11.22,11.37,36500,11.37
2011-11-08,11.23,11.5452,11.15,11.42,127400,11.42
2011-11-07,11.20,11.24,10.82,11.13,32800,11.13
2011-11-04,11.25,11.49,10.79,11.13,47600,11.13
2011-11-03,11.75,12.51,11.37,11.49,34500,11.49
2011-11-02,11.31,11.71,11.15,11.56,39400,11.56
2011-11-01,11.14,11.52,10.96,11.21,34300,11.21
2011-10-31,12.11,12.11,11.40,11.51,56800,11.51
2011-10-28,12.35,12.67,12.14,12.20,37200,12.20
2011-10-27,12.11,12.50,11.84,12.48,37400,12.48
2011-10-26,10.88,11.84,10.82,11.84,50800,11.84
2011-10-25,11.21,11.46,10.50,10.66,50500,10.66
2011-10-24,10.36,11.40,10.36,11.40,25600,11.40
2011-10-21,10.70,10.70,10.25,10.42,125200,10.42
2011-10-20,10.42,10.80,10.40,10.45,190400,10.45
2011-10-19,11.05,11.05,10.36,10.41,21300,10.41
2011-10-18,10.89,11.02,10.49,11.02,14100,11.02
2011-10-17,11.33,11.48,10.75,10.89,28300,10.89
2011-10-14,11.06,11.80,11.011,11.42,19900,11.42
2011-10-13,10.39,11.165,10.13,10.94,23900,10.94
2011-10-12,10.36,10.52,10.01,10.51,55200,10.51
2011-10-11,10.32,10.57,10.21,10.31,74200,10.31
2011-10-10,10.98,10.98,10.08,10.35,244000,10.35
2011-10-07,11.00,11.03,10.63,10.76,33800,10.76
2011-10-06,10.90,11.25,10.84,11.00,52500,11.00
2011-10-05,11.42,11.42,10.646,11.05,127900,11.05
2011-10-04,11.06,11.30,11.00,11.20,83400,11.20
2011-10-03,11.88,12.00,11.08,11.14,75000,11.14
2011-09-30,11.97,12.23,11.66,11.93,189800,11.93
2011-09-29,12.81,13.09,12.18,12.18,37500,12.18
2011-09-28,13.19,13.54,12.50,12.63,109700,12.63
2011-09-27,13.30,13.39,13.03,13.38,41400,13.38
2011-09-26,12.75,13.23,12.47,13.16,53400,13.16
2011-09-23,12.10,12.63,12.07,12.60,48400,12.60
2011-09-22,12.44,12.62,11.80,12.07,124600,12.07
2011-09-21,13.34,13.48,12.83,12.84,34300,12.84
2011-09-20,13.52,13.67,13.16,13.27,37100,13.27
2011-09-19,13.41,13.715,13.03,13.21,56100,13.21
2011-09-16,14.04,14.04,13.62,13.81,51800,13.81
2011-09-15,13.89,14.06,13.60,13.93,60100,13.93
2011-09-14,13.16,13.83,13.14,13.74,59700,13.74
2011-09-13,12.54,13.20,12.42,13.19,53900,13.19
2011-09-12,12.83,13.17,12.83,12.93,12600,12.93
2011-09-09,13.33,13.41,13.00,13.02,19300,13.02
2011-09-08,13.43,13.62,13.19,13.55,21600,13.55
2011-09-07,13.015,13.46,12.87,13.46,35500,13.46
2011-09-06,12.97,13.08,12.79,12.82,95000,12.82
2011-09-02,12.97,13.73,12.97,12.97,92000,12.97
2011-09-01,14.44,14.499,12.97,13.01,125100,13.01
2011-08-31,13.50,14.18,13.35,14.06,73700,14.06
2011-08-30,13.37,13.55,12.971,13.51,14100,13.51
2011-08-29,13.21,13.60,13.05,13.58,40600,13.58
2011-08-26,12.97,13.10,12.97,13.07,17400,13.07
2011-08-25,13.07,13.15,12.97,13.01,10800,13.01
2011-08-24,13.05,13.38,12.97,13.05,63700,13.05
2011-08-23,13.30,13.30,12.97,13.03,179200,13.03
2011-08-22,14.00,14.00,13.05,13.14,66800,13.14
2011-08-19,14.26,14.36,13.70,13.83,94900,13.83
2011-08-18,15.01,15.17,13.83,13.87,76800,13.87
2011-08-17,15.03,15.31,14.89,15.03,53500,15.03
2011-08-16,15.24,15.24,14.50,15.00,97000,15.00
2011-08-15,13.47,14.67,13.47,14.59,46900,14.59
2011-08-12,14.16,14.88,13.95,14.12,52700,14.12
2011-08-11,12.97,14.20,12.97,14.13,131000,14.13
2011-08-10,13.50,13.77,12.97,12.97,103600,12.97
2011-08-09,13.00,13.81,12.62,13.79,153400,13.79
2011-08-08,13.47,13.75,12.04,12.62,257200,12.62
2011-08-05,14.50,14.50,14.00,14.01,56200,14.01
2011-08-04,16.08,16.09,14.36,14.51,231100,14.51
2011-08-03,17.00,17.49,15.70,16.15,241400,16.15
2011-08-02,16.75,17.05,16.13,16.26,92300,16.26
2011-08-01,16.12,16.98,15.90,16.77,51600,16.77
2011-07-29,15.70,16.29,15.70,16.10,59000,16.10
2011-07-28,15.48,16.01,15.48,15.90,123700,15.90
2011-07-27,15.98,15.98,15.27,15.67,76200,15.67
2011-07-26,15.97,16.0275,15.80,15.99,28000,15.99
2011-07-25,16.01,16.226,15.97,15.99,24900,15.99
2011-07-22,16.57,16.65,16.18,16.24,27700,16.24
2011-07-21,16.60,16.82,16.39,16.47,16300,16.47
2011-07-20,17.54,17.54,16.31,16.58,48600,16.58
2011-07-19,17.63,17.83,16.48,16.74,109300,16.74
2011-07-18,17.96,18.08,17.601,17.63,13900,17.63
2011-07-15,18.15,18.15,17.75,17.96,39700,17.96
2011-07-14,18.36,18.50,17.90,17.90,67700,17.90
2011-07-13,18.29,18.50,18.19,18.36,77300,18.36
2011-07-12,18.03,18.75,17.7308,18.10,89500,18.10
2011-07-11,18.44,18.50,17.77,17.86,113600,17.86
2011-07-08,18.63,18.76,18.46,18.57,41600,18.57
2011-07-07,18.00,19.00,17.77,18.69,151200,18.69
2011-07-06,17.95,18.29,17.62,18.18,19900,18.18
2011-07-05,18.60,18.60,17.65,18.05,80500,18.05
2011-07-01,17.24,18.70,17.24,18.49,90800,18.49
2011-06-30,17.29,17.61,16.64,17.43,93000,17.43
2011-06-29,17.05,17.28,17.02,17.26,40300,17.26
2011-06-28,16.40,17.07,16.40,17.00,60200,17.00
2011-06-27,15.18,16.46,15.18,16.36,124600,16.36
2011-06-24,15.25,15.53,15.13,15.14,47500,15.14
2011-06-23,15.40,15.47,15.18,15.42,46600,15.42
2011-06-22,16.32,16.45,15.64,15.68,47600,15.68
2011-06-21,15.75,16.47,15.533,16.28,52900,16.28
2011-06-20,15.45,15.72,15.09,15.66,57600,15.66
2011-06-17,15.37,15.69,15.37,15.64,90900,15.64
2011-06-16,15.04,15.54,15.00,15.51,111100,15.51
2011-06-15,15.35,15.52,15.17,15.36,151700,15.36
2011-06-14,16.80,16.80,14.60,15.62,470900,15.62
2011-06-13,17.20,17.79,16.60,16.80,448000,16.80
2011-06-10,17.64,17.89,17.46,17.83,64700,17.83
2011-06-09,17.70,17.86,17.60,17.77,128600,17.77
2011-06-08,17.75,18.02,17.55,17.70,76300,17.70
2011-06-07,17.80,17.80,17.56,17.69,27100,17.69
2011-06-06,17.59,17.76,17.58,17.67,63600,17.67
2011-06-03,17.40,17.77,17.378,17.65,31700,17.65
2011-06-02,18.00,18.00,17.65,17.79,33700,17.79
2011-06-01,18.33,18.34,17.71,18.03,39400,18.03
2011-05-31,18.10,18.63,17.965,18.55,45200,18.55
2011-05-27,17.81,17.99,17.761,17.97,31800,17.97
2011-05-26,17.40,18.01,17.22,17.89,114800,17.89
2011-05-25,17.28,17.71,16.94,17.59,153100,17.59
2011-05-24,17.63,17.73,17.35,17.57,24000,17.57
2011-05-23,18.00,18.00,17.37,17.50,60900,17.50
2011-05-20,18.22,18.22,17.90,18.18,52200,18.18
2011-05-19,18.51,18.79,18.181,18.25,59600,18.25
2011-05-18,18.50,19.00,18.28,18.87,40200,18.87
2011-05-17,18.50,18.77,17.85,18.58,92600,18.58
2011-05-16,19.90,19.90,18.50,18.63,203500,18.63
2011-05-13,18.90,20.00,18.90,19.99,262500,19.99
2011-05-12,18.10,18.94,18.10,18.84,42800,18.84
2011-05-11,18.98,18.98,18.03,18.15,41100,18.15
2011-05-10,18.87,18.94,18.70,18.87,138000,18.87
2011-05-09,18.42,18.889,18.07,18.76,81700,18.76
2011-05-06,19.00,19.10,18.22,18.34,76600,18.34
2011-05-05,18.79,19.00,17.60,19.00,98000,19.00
2011-05-04,18.00,19.00,18.00,18.92,159200,18.92
2011-05-03,18.01,18.29,18.00,18.21,89600,18.21
2011-05-02,17.96,18.19,17.81,18.05,109200,18.05
2011-04-29,17.67,18.00,17.52,17.99,122800,17.99
2011-04-28,17.50,17.80,17.2916,17.72,45900,17.72
2011-04-27,17.60,17.75,17.59,17.70,85600,17.70
2011-04-26,17.49,17.82,17.49,17.55,261100,17.55
2011-04-25,17.50,17.63,17.29,17.36,19400,17.36
2011-04-21,17.28,17.63,16.8962,17.50,222300,17.50
2011-04-20,16.58,16.97,16.44,16.97,56000,16.97
2011-04-19,16.28,16.63,16.28,16.60,38700,16.60
2011-04-18,16.58,16.6399,16.38,16.50,39000,16.50
2011-04-15,16.05,16.69,16.05,16.68,55500,16.68
2011-04-14,16.04,16.57,15.955,16.49,59900,16.49
2011-04-13,16.48,16.48,15.8801,16.13,82100,16.13
2011-04-12,16.75,16.78,16.3701,16.48,45000,16.48
2011-04-11,16.85,16.93,16.69,16.73,14000,16.73
2011-04-08,16.71,16.919,16.58,16.83,41000,16.83
2011-04-07,16.77,16.85,16.30,16.65,52200,16.65
2011-04-06,17.73,17.73,16.77,16.90,68900,16.90
2011-04-05,18.00,18.019,17.68,17.72,75900,17.72
2011-04-04,17.90,18.21,17.60,17.87,156100,17.87
2011-04-01,17.30,18.00,17.30,17.90,247000,17.90
2011-03-31,17.29,17.30,17.20,17.29,79300,17.29
2011-03-30,17.15,17.27,17.04,17.21,100100,17.21
2011-03-29,17.00,17.15,16.81,17.15,87200,17.15
2011-03-28,16.70,17.09,16.70,16.96,156100,16.96
2011-03-25,16.58,16.70,16.45,16.68,101800,16.68
2011-03-24,15.95,16.32,15.84,16.31,38600,16.31
2011-03-23,15.91,16.05,15.7699,15.93,24300,15.93
2011-03-22,16.20,16.20,15.64,15.85,35400,15.85
2011-03-21,17.00,17.00,16.11,16.23,111800,16.23
2011-03-18,16.19,16.70,15.92,16.70,256800,16.70
2011-03-17,15.61,16.05,15.61,15.96,89000,15.96
2011-03-16,14.86,15.629,14.86,15.45,83300,15.45
2011-03-15,15.35,15.36,15.15,15.30,52300,15.30
2011-03-14,15.45,15.46,15.09,15.40,50800,15.40
2011-03-11,15.24,15.4385,15.24,15.40,66100,15.40
2011-03-10,15.30,15.41,15.18,15.35,86400,15.35
2011-03-09,14.97,15.49,14.95,15.23,141100,15.23
2011-03-08,15.00,15.00,14.76,14.90,94300,14.90
2011-03-07,15.00,15.019,14.76,14.78,50400,14.78
2011-03-04,14.95,15.00,14.85,14.90,44000,14.90
2011-03-03,15.00,15.00,14.96,14.98,82200,14.98
2011-03-02,15.20,15.23,14.92,15.00,80600,15.00
2011-03-01,15.40,15.40,15.15,15.18,86700,15.18
2011-02-28,15.34,15.50,15.27,15.40,119600,15.40
2011-02-25,15.60,15.80,15.58,15.64,26900,15.64
2011-02-24,15.90,16.00,15.56,15.65,55800,15.65
2011-02-23,16.00,16.13,15.70,15.90,55000,15.90
2011-02-22,16.03,16.30,15.98,15.98,114600,15.98
2011-02-18,16.09,16.30,15.88,16.01,73700,16.01
2011-02-17,15.45,15.96,15.15,15.70,222300,15.70
2011-02-16,15.06,15.21,14.71,15.05,51000,15.05
2011-02-15,15.00,15.22,14.91,15.09,76100,15.09
2011-02-14,15.63,15.66,15.06,15.10,47800,15.10
2011-02-11,15.26,15.26,15.11,15.18,6700,15.18
2011-02-10,15.25,15.35,15.00,15.13,21500,15.13
2011-02-09,15.78,15.82,15.26,15.26,39500,15.26
2011-02-08,15.63,15.73,15.42,15.52,20400,15.52
2011-02-07,15.85,15.90,15.62,15.73,18800,15.73
2011-02-04,16.19,16.30,15.70,15.85,47700,15.85
2011-02-03,16.04,16.2099,16.00,16.08,7900,16.08
2011-02-02,16.05,16.19,15.47,15.96,37800,15.96
2011-02-01,16.08,16.31,15.91,15.99,12600,15.99
2011-01-31,15.29,16.16,15.02,16.09,61700,16.09
2011-01-28,15.65,15.65,15.02,15.20,20800,15.20
2011-01-27,16.00,16.00,15.52,15.73,17700,15.73
2011-01-26,16.27,16.27,15.75,15.90,33800,15.90
2011-01-25,16.14,16.18,15.78,16.17,34200,16.17
2011-01-24,16.11,16.15,15.95,16.10,63400,16.10
2011-01-21,16.13,16.26,15.86,16.05,96500,16.05
2011-01-20,16.06,16.11,15.98,16.10,18600,16.10
2011-01-19,15.90,16.05,15.70,16.00,45600,16.00
2011-01-18,15.94,15.99,15.79,15.90,40800,15.90
2011-01-14,16.20,16.20,15.86,16.08,27200,16.08
2011-01-13,16.38,16.38,16.1501,16.28,38900,16.28
2011-01-12,16.40,16.50,16.19,16.40,55000,16.40
2011-01-11,16.09,16.37,15.72,16.37,53600,16.37
2011-01-10,16.32,16.32,15.86,16.21,66300,16.21
2011-01-07,16.28,16.7699,16.02,16.45,226700,16.45
2011-01-06,16.00,16.23,16.00,16.17,16100,16.17
2011-01-05,15.82,16.03,15.67,16.03,33000,16.03
2011-01-04,15.86,16.05,15.82,15.94,251500,15.94
2011-01-03,15.30,15.80,15.28,15.76,66900,15.76
2010-12-31,14.93,15.24,14.89,15.18,35300,15.18
2010-12-30,14.85,15.21,14.82,14.98,184700,14.98
2010-12-29,15.07,15.11,14.8775,14.95,34600,14.95
2010-12-28,14.89,15.11,14.88,14.97,14400,14.97
2010-12-27,14.93,15.10,14.80,14.97,7800,14.97
2010-12-23,15.23,15.2899,14.92,15.05,6800,15.05
2010-12-22,15.25,15.39,15.205,15.30,22500,15.30
2010-12-21,15.33,15.35,15.13,15.33,10100,15.33
2010-12-20,15.01,15.28,14.94,15.21,20400,15.21
2010-12-17,15.00,15.07,14.71,14.99,49100,14.99
2010-12-16,14.81,15.06,14.72,15.00,40100,15.00
2010-12-15,14.73,15.07,14.59,14.72,101100,14.72
2010-12-14,15.32,15.32,14.29,14.81,121500,14.81
2010-12-13,15.31,15.31,14.96,15.22,37000,15.22
2010-12-10,14.97,15.46,14.85,15.30,138400,15.30
2010-12-09,14.74,14.96,14.62,14.87,31900,14.87
2010-12-08,14.47,14.99,14.27,14.74,79100,14.74
2010-12-07,14.17,14.81,13.83,14.54,303000,14.54
2010-12-06,15.00,15.211,13.02,14.14,402300,14.14
2010-12-03,14.97,15.12,14.86,15.02,79100,15.02
2010-12-02,15.22,15.22,14.93,15.05,215500,15.05
2010-12-01,15.38,15.49,15.06,15.06,55600,15.06
2010-11-30,15.49,15.49,15.08,15.35,84000,15.35
2010-11-29,16.00,16.26,15.28,15.68,157900,15.68
2010-11-26,16.03,16.29,16.01,16.17,114200,16.17
2010-11-24,16.13,16.18,15.9001,16.03,97700,16.03
2010-11-23,16.10,16.21,16.05,16.13,38800,16.13
2010-11-22,16.10,16.29,16.07,16.25,96400,16.25
2010-11-19,16.29,16.47,16.09,16.15,39800,16.15
2010-11-18,16.22,16.25,16.01,16.21,105400,16.21
2010-11-17,15.79,16.44,15.62,16.01,263800,16.01
2010-11-16,15.90,15.9001,15.06,15.79,292500,15.79
2010-11-15,16.19,16.36,16.12,16.20,197000,16.20
2010-11-12,16.20,16.41,15.90,16.13,107800,16.13
2010-11-11,15.75,16.44,15.60,16.00,97000,16.00
2010-11-10,15.85,15.85,15.50,15.84,54400,15.84
2010-11-09,15.88,15.88,15.5901,15.81,84100,15.81
2010-11-08,16.13,16.1419,15.80,15.93,117500,15.93
2010-11-05,16.00,16.23,15.77,16.07,134700,16.07
2010-11-04,15.68,16.36,15.68,16.00,419300,16.00
2010-11-03,15.48,15.74,15.38,15.61,243300,15.61
2010-11-02,15.26,15.40,14.98,15.39,224100,15.39
2010-11-01,15.12,15.23,15.00,15.10,93600,15.10
2010-10-29,14.65,15.11,14.602,15.05,123700,15.05
2010-10-28,14.40,14.92,14.37,14.65,73300,14.65
2010-10-27,14.00,14.45,13.99,14.40,71700,14.40
2010-10-26,13.91,14.40,13.662,14.20,239600,14.20
2010-10-25,13.78,14.03,13.66,13.97,213700,13.97
2010-10-22,13.99,13.99,13.28,13.59,61700,13.59
2010-10-21,14.00,14.05,13.86,13.95,99800,13.95
2010-10-20,13.73,14.00,13.54,13.90,69000,13.90
2010-10-19,13.66,13.73,13.5108,13.64,29200,13.64
2010-10-18,13.90,14.06,13.70,13.84,46000,13.84
2010-10-15,13.61,13.94,13.53,13.93,31400,13.93
2010-10-14,13.80,14.00,13.52,13.58,43300,13.58
2010-10-13,13.65,13.92,13.50,13.87,69000,13.87
2010-10-12,12.80,13.67,12.80,13.33,99500,13.33
2010-10-11,12.34,12.89,12.34,12.70,103100,12.70
2010-10-08,12.79,12.85,12.65,12.65,46600,12.65
2010-10-07,12.92,12.93,12.56,12.82,69900,12.82
2010-10-06,12.92,13.01,12.68,12.76,129100,12.76
2010-10-05,12.90,13.01,12.54,12.80,76500,12.80
2010-10-04,12.94,12.94,12.73,12.85,82500,12.85
2010-10-01,13.04,13.04,12.83,12.90,100900,12.90
2010-09-30,13.23,13.245,12.95,12.98,98500,12.98
2010-09-29,13.52,13.5999,12.93,13.16,107200,13.16
2010-09-28,13.94,13.97,13.61,13.75,18600,13.75
2010-09-27,13.99,14.06,13.91,14.01,37700,14.01
2010-09-24,14.32,14.32,13.9619,14.05,36700,14.05
2010-09-23,13.84,14.00,13.64,13.98,29000,13.98
2010-09-22,14.06,14.09,13.90,14.06,57500,14.06
2010-09-21,13.93,14.20,13.89,13.95,65700,13.95
2010-09-20,13.75,13.90,13.70,13.90,46500,13.90
2010-09-17,13.60,13.79,13.56,13.76,98300,13.76
2010-09-16,13.21,13.70,13.21,13.70,31400,13.70
2010-09-15,13.55,13.715,13.37,13.47,33700,13.47
2010-09-14,13.30,13.41,13.09,13.28,38800,13.28
2010-09-13,13.80,13.82,13.08,13.37,79100,13.37
2010-09-10,13.67,13.735,13.30,13.61,104100,13.61
2010-09-09,13.51,13.70,13.37,13.59,59300,13.59
2010-09-08,13.51,13.66,13.36,13.50,49300,13.50
2010-09-07,13.57,13.57,13.50,13.56,22800,13.56
2010-09-03,13.50,13.65,13.40,13.57,44800,13.57
2010-09-02,13.34,13.55,13.20,13.47,78500,13.47
2010-09-01,12.92,13.54,12.92,13.27,107900,13.27
2010-08-31,12.10,12.83,12.10,12.73,113100,12.73
2010-08-30,12.17,12.33,12.17,12.24,53100,12.24
2010-08-27,12.12,12.27,11.98,12.25,11500,12.25
2010-08-26,11.94,12.35,11.94,12.06,28500,12.06
2010-08-25,12.18,12.19,11.89,11.99,168000,11.99
2010-08-24,12.80,12.80,12.19,12.47,86900,12.47
2010-08-23,13.07,13.07,12.74,12.84,69300,12.84
2010-08-20,12.74,13.15,12.74,12.90,102800,12.90
2010-08-19,12.85,12.94,12.43,12.81,140800,12.81
2010-08-18,13.68,13.75,12.7001,12.80,132000,12.80
2010-08-17,14.10,14.32,13.9501,14.04,53600,14.04
2010-08-16,13.78,14.26,13.565,13.98,26500,13.98
2010-08-13,13.98,14.05,13.71,13.85,45600,13.85
2010-08-12,13.51,14.09,13.51,13.97,40900,13.97
2010-08-11,13.60,14.14,13.43,13.92,38300,13.92
2010-08-10,13.82,13.92,13.43,13.83,93400,13.83
2010-08-09,14.88,14.96,13.8801,14.01,163400,14.01
2010-08-06,14.86,14.96,14.79,14.88,66700,14.88
2010-08-05,15.00,15.00,14.9001,14.95,48900,14.95
2010-08-04,15.00,15.00,14.90,14.94,27800,14.94
2010-08-03,14.95,15.01,14.78,15.00,107500,15.00
2010-08-02,15.10,15.30,14.95,14.95,108300,14.95
2010-07-30,14.92,15.09,14.85,15.05,98600,15.05
2010-07-29,14.75,15.10,14.64,14.93,255600,14.93
2010-07-28,14.68,14.80,14.51,14.67,66800,14.67
2010-07-27,14.50,14.89,14.39,14.67,177500,14.67
2010-07-26,13.90,14.63,13.90,14.34,226400,14.34
2010-07-23,13.80,13.98,13.62,13.91,32600,13.91
2010-07-22,13.85,14.00,13.65,13.74,39500,13.74
2010-07-21,13.79,13.79,13.55,13.58,94100,13.58
2010-07-20,13.33,13.87,13.33,13.56,98600,13.56
2010-07-19,12.51,13.49,12.51,13.34,63300,13.34
2010-07-16,12.47,12.61,12.22,12.55,15400,12.55
2010-07-15,12.48,12.719,12.15,12.57,45700,12.57
2010-07-14,12.42,12.60,12.19,12.53,49200,12.53
2010-07-13,12.50,12.50,12.3001,12.48,27700,12.48
2010-07-12,12.47,12.47,12.40,12.45,3600,12.45
2010-07-09,12.68,12.68,12.31,12.47,14600,12.47
2010-07-08,12.48,12.67,12.10,12.62,72500,12.62
2010-07-07,11.90,12.42,11.83,12.36,21300,12.36
2010-07-06,12.60,12.84,11.89,11.89,111400,11.89
2010-07-02,11.40,11.54,11.06,11.45,24700,11.45
2010-07-01,11.61,11.83,11.05,11.31,67000,11.31
2010-06-30,11.60,11.84,11.50,11.63,58600,11.63
2010-06-29,11.73,11.93,11.5301,11.69,165400,11.69
2010-06-28,12.29,12.29,11.87,12.00,72800,12.00
2010-06-25,12.41,12.51,12.17,12.35,32500,12.35
2010-06-24,12.43,12.56,12.32,12.42,19600,12.42
2010-06-23,12.60,12.60,12.00,12.58,36400,12.58
2010-06-22,12.69,12.92,12.63,12.72,88000,12.72
2010-06-21,13.20,13.25,12.56,12.60,163700,12.60
2010-06-18,13.70,13.73,13.12,13.24,98700,13.24
2010-06-17,14.30,14.31,13.70,13.75,73700,13.75
2010-06-16,12.95,14.46,12.90,14.33,346800,14.33
2010-06-15,13.00,13.00,12.95,12.97,53900,12.97
2010-06-14,12.75,13.06,12.75,13.00,129600,13.00
2010-06-11,12.47,12.83,12.44,12.71,46100,12.71
2010-06-10,12.56,12.89,12.53,12.67,68700,12.67
2010-06-09,12.51,12.68,12.20,12.395,47200,12.395
2010-06-08,12.37,12.69,12.31,12.48,62400,12.48
2010-06-07,12.49,12.87,11.87,12.50,93100,12.50
2010-06-04,12.80,12.96,12.35,12.48,55600,12.48
2010-06-03,12.62,13.00,12.62,12.98,193100,12.98
2010-06-02,12.48,12.7599,12.13,12.67,128700,12.67
2010-06-01,12.36,12.58,12.195,12.39,45900,12.39
2010-05-28,12.84,12.84,12.30,12.41,65000,12.41
2010-05-27,12.89,12.96,12.72,12.94,87900,12.94
2010-05-26,12.33,12.93,12.215,12.72,179800,12.72
2010-05-25,12.17,12.32,12.06,12.22,222900,12.22
2010-05-24,12.23,12.45,12.15,12.45,55900,12.45
2010-05-21,11.99,12.394,11.99,12.21,154600,12.21
2010-05-20,12.33,12.60,12.11,12.26,115900,12.26
2010-05-19,12.53,12.76,12.191,12.61,77100,12.61
2010-05-18,12.02,13.00,12.01,12.69,207300,12.69
2010-05-17,12.00,12.10,11.47,12.02,125200,12.02
2010-05-14,12.11,12.11,11.67,11.96,89600,11.96
2010-05-13,12.05,12.33,12.035,12.16,410500,12.16
2010-05-12,11.77,11.99,11.77,11.99,32600,11.99
2010-05-11,11.77,11.97,11.77,11.87,21200,11.87
2010-05-10,11.65,12.25,11.458,11.97,146400,11.97
2010-05-07,11.51,11.77,11.42,11.55,188900,11.55
2010-05-06,11.46,11.70,11.18,11.53,209000,11.53
2010-05-05,11.61,11.73,11.54,11.57,146500,11.57
2010-05-04,11.96,11.96,11.69,11.78,80100,11.78
2010-05-03,11.88,12.03,11.88,12.00,85700,12.00
2010-04-30,11.80,11.95,10.92,11.92,83300,11.92
2010-04-29,11.80,11.84,11.60,11.76,132700,11.76
2010-04-28,11.44,11.66,11.435,11.62,207900,11.62
2010-04-27,11.23,11.52,11.23,11.40,148100,11.40
2010-04-26,10.94,11.39,10.94,11.31,100500,11.31
2010-04-23,10.90,11.02,10.68,10.99,50900,10.99
2010-04-22,10.74,10.89,10.74,10.83,80300,10.83
2010-04-21,10.70,10.99,10.70,10.89,82800,10.89
2010-04-20,10.57,11.00,10.57,10.70,152700,10.70
2010-04-19,10.13,10.4332,10.10,10.38,211300,10.38
2010-04-16,10.50,10.51,10.00,10.02,123700,10.02
2010-04-15,10.89,10.89,10.40,10.58,167900,10.58
2010-04-14,11.12,11.37,10.87,10.91,73100,10.91
2010-04-13,10.90,11.25,10.90,11.13,91100,11.13
2010-04-12,10.93,11.00,10.73,10.90,59500,10.90
2010-04-09,11.05,11.11,10.71,10.80,51100,10.80
2010-04-08,11.06,11.15,10.74,11.02,110800,11.02
2010-04-07,11.85,11.86,11.11,11.34,88900,11.34
2010-04-06,11.98,12.0294,11.76,11.94,35200,11.94
2010-04-05,11.99,12.16,11.91,12.05,49000,12.05
2010-04-01,12.37,12.47,11.99,12.00,75700,12.00
2010-03-31,12.25,12.38,12.06,12.38,37100,12.38
2010-03-30,12.50,12.54,12.12,12.37,80900,12.37
2010-03-29,12.40,12.55,12.35,12.45,16200,12.45
2010-03-26,12.33,12.45,12.31,12.35,17900,12.35
2010-03-25,12.49,12.54,12.30,12.34,11100,12.34
2010-03-24,12.46,12.50,12.30,12.50,26800,12.50
2010-03-23,12.44,12.44,12.30,12.44,29700,12.44
2010-03-22,12.49,12.53,12.30,12.33,95900,12.33
2010-03-19,12.43,12.55,12.35,12.46,36800,12.46
2010-03-18,12.45,12.503,12.21,12.46,26800,12.46
2010-03-17,12.63,12.75,12.17,12.37,88200,12.37
2010-03-16,12.33,12.57,12.3201,12.52,45600,12.52
2010-03-15,12.29,12.47,12.14,12.20,16800,12.20
2010-03-12,12.50,12.50,12.17,12.18,20200,12.18
2010-03-11,12.57,12.57,12.42,12.51,45100,12.51
2010-03-10,12.06,12.59,12.06,12.50,34200,12.50
2010-03-09,12.06,12.29,12.06,12.29,100200,12.29
2010-03-08,12.28,12.44,12.02,12.06,53100,12.06
2010-03-05,12.21,12.31,12.20,12.28,39400,12.28
2010-03-04,12.35,12.44,12.11,12.20,62700,12.20
2010-03-03,12.36,12.77,12.28,12.55,84500,12.55
2010-03-02,12.12,12.47,12.12,12.24,19900,12.24
2010-03-01,12.45,12.45,12.03,12.11,30100,12.11
2010-02-26,12.51,12.52,11.9201,12.4501,28900,12.4501
2010-02-25,12.00,12.50,12.00,12.49,71100,12.49
2010-02-24,12.05,12.24,11.97,12.06,47900,12.06
2010-02-23,12.28,12.28,11.57,12.02,19400,12.02
2010-02-22,11.94,12.28,11.91,12.28,50700,12.28
2010-02-19,12.38,12.38,11.85,11.98,43900,11.98
2010-02-18,12.27,12.55,12.07,12.48,61100,12.48
2010-02-17,12.04,12.50,12.03,12.38,160200,12.38
2010-02-16,11.15,12.02,11.05,11.97,121500,11.97
2010-02-12,11.11,11.21,10.95,11.15,82700,11.15
2010-02-11,10.71,11.00,10.63,10.99,56900,10.99
2010-02-10,10.29,10.87,10.19,10.76,189600,10.76
2010-02-09,10.25,10.35,10.155,10.18,165400,10.18
2010-02-08,10.00,10.33,10.00,10.25,208600,10.25
2010-02-05,10.10,10.31,9.84,10.01,115700,10.01
2010-02-04,10.96,10.99,10.08,10.22,190500,10.22
2010-02-03,11.075,11.18,10.91,10.97,100700,10.97
2010-02-02,10.99,11.28,10.89,11.09,172700,11.09
2010-02-01,11.29,11.35,10.82,10.986,170300,10.986
2010-01-29,11.64,11.69,10.25,11.44,263300,11.44
2010-01-28,11.93,12.05,11.62,11.92,130300,11.92
2010-01-27,12.44,12.55,11.80,11.94,56000,11.94
2010-01-26,12.54,12.63,11.82,12.37,103800,12.37
2010-01-25,11.30,12.95,11.20,12.67,177100,12.67
2010-01-22,12.16,12.22,11.54,11.61,244100,11.61
2010-01-21,13.00,13.2699,12.10,12.15,127500,12.15
2010-01-20,12.99,13.40,12.95,12.98,42900,12.98
2010-01-19,13.19,13.38,12.87,13.00,104700,13.00
2010-01-15,13.315,13.49,13.20,13.38,52400,13.38
2010-01-14,13.10,13.50,12.99,13.40,47000,13.40
2010-01-13,13.23,13.27,12.98,13.25,14800,13.25
2010-01-12,13.19,13.35,13.0601,13.2699,31000,13.2699
2010-01-11,13.31,13.34,13.17,13.24,17400,13.24
2010-01-08,13.17,13.35,13.07,13.20,23200,13.20
2010-01-07,12.82,13.4399,12.80,13.23,57000,13.23
2010-01-06,13.03,13.26,13.00,13.16,36300,13.16
2010-01-05,13.31,13.50,13.00,13.16,87100,13.16
2010-01-04,13.43,13.75,13.32,13.50,170600,13.50
2009-12-31,13.43,13.75,13.31,13.69,52200,13.69
2009-12-30,13.41,13.5981,13.13,13.40,40100,13.40
2009-12-29,13.53,13.72,13.33,13.42,16900,13.42
2009-12-28,14.23,14.34,13.66,13.72,47600,13.72
2009-12-24,13.97,14.20,13.97,14.20,21700,14.20
2009-12-23,14.04,14.20,13.76,14.10,39100,14.10
2009-12-22,13.84,13.995,13.70,13.87,36100,13.87
2009-12-21,13.90,14.02,13.62,13.82,30900,13.82
2009-12-18,13.51,14.02,13.51,13.76,34100,13.76
2009-12-17,13.29,13.75,12.7008,13.61,63500,13.61
2009-12-16,12.68,13.43,12.59,13.35,103200,13.35
2009-12-15,13.00,13.05,12.78,13.02,128000,13.02
2009-12-14,12.97,13.44,12.75,13.09,150500,13.09
2009-12-11,13.30,13.41,12.94,13.05,69700,13.05
2009-12-10,13.26,13.34,13.00,13.26,68200,13.26
2009-12-09,13.67,13.67,13.16,13.22,62000,13.22
2009-12-08,13.85,14.26,13.40,13.48,70800,13.48
2009-12-07,13.82,14.33,13.80,14.20,61800,14.20
2009-12-04,13.90,14.02,13.71,13.85,47500,13.85
2009-12-03,13.98,14.00,13.75,13.77,73000,13.77
2009-12-02,14.02,14.15,13.66,14.01,60000,14.01
2009-12-01,14.12,14.26,13.78,14.05,101400,14.05
2009-11-30,14.10,14.23,13.88,13.90,124500,13.90
2009-11-27,12.78,14.45,12.5601,14.02,99900,14.02
2009-11-25,13.60,13.68,13.36,13.57,137800,13.57
2009-11-24,13.57,13.74,13.01,13.51,123500,13.51
2009-11-23,13.20,13.72,12.83,13.53,311000,13.53
2009-11-20,12.20,13.01,12.11,12.83,211900,12.83
2009-11-19,11.98,12.15,11.85,12.10,47100,12.10
2009-11-18,12.02,12.21,11.95,12.17,119800,12.17
2009-11-17,11.96,12.02,11.37,11.97,83600,11.97
2009-11-16,11.33,12.38,11.11,11.79,193600,11.79
2009-11-13,11.84,11.84,10.9501,11.29,157200,11.29
2009-11-12,11.07,11.28,10.57,10.89,96600,10.89
2009-11-11,11.58,11.58,11.20,11.27,37700,11.27
2009-11-10,11.50,11.6693,11.1667,11.41,132800,11.41
2009-11-09,11.29,11.46,11.19,11.32,58300,11.32
2009-11-06,10.59,10.99,10.35,10.87,37100,10.87
2009-11-05,10.31,10.95,10.1999,10.74,48100,10.74
2009-11-04,10.33,10.33,10.051,10.27,17200,10.27
2009-11-03,10.01,10.32,9.94,10.23,40900,10.23
2009-11-02,10.25,10.30,9.9413,10.15,56800,10.15
2009-10-30,10.56,10.5801,10.13,10.33,47500,10.33
2009-10-29,10.37,11.10,9.91,10.62,214200,10.62
2009-10-28,10.38,10.49,9.72,10.38,184600,10.38
2009-10-27,11.05,11.10,9.95,10.49,137800,10.49
2009-10-26,11.35,11.49,11.01,11.13,68100,11.13
2009-10-23,11.69,12.00,11.11,11.38,76200,11.38
2009-10-22,12.45,12.49,11.12,11.67,175600,11.67
2009-10-21,12.50,12.71,12.37,12.41,85900,12.41
2009-10-20,12.35,12.81,12.28,12.34,107100,12.34
2009-10-19,12.15,12.49,12.10,12.41,80200,12.41
2009-10-16,12.00,12.15,11.94,12.09,41400,12.09
2009-10-15,11.55,12.18,11.36,12.10,146600,12.10
2009-10-14,11.56,11.97,11.3415,11.67,312200,11.67
2009-10-13,11.49,11.72,11.49,11.56,55700,11.56
2009-10-12,11.36,11.70,11.3101,11.53,144300,11.53
2009-10-09,11.36,11.70,11.3125,11.465,337800,11.465
2009-10-08,11.17,11.74,11.17,11.57,360300,11.57
2009-10-07,10.78,11.99,10.78,11.46,320300,11.46
2009-10-06,10.86,11.25,10.45,10.71,88600,10.71
2009-10-05,10.86,11.06,10.61,10.95,102600,10.95
2009-10-02,10.75,10.99,10.4035,10.7901,60400,10.7901
2009-10-01,10.86,10.86,10.452,10.79,44700,10.79
2009-09-30,10.51,11.23,10.51,11.00,285500,11.00
2009-09-29,10.19,10.63,10.19,10.49,57300,10.49
2009-09-28,10.31,10.31,10.04,10.25,23200,10.25
2009-09-25,9.99,10.38,9.97,10.01,64700,10.01
2009-09-24,10.28,10.29,9.88,10.07,74500,10.07
2009-09-23,10.59,10.68,10.34,10.34,28300,10.34
2009-09-22,10.22,10.41,10.04,10.35,73100,10.35
2009-09-21,9.90,10.23,9.90,10.05,32400,10.05
2009-09-18,10.32,10.32,9.90,10.08,25000,10.08
2009-09-17,10.02,10.25,10.00,10.17,14600,10.17
2009-09-16,10.18,10.28,9.80,10.11,67200,10.11
2009-09-15,10.30,10.35,9.808,10.21,38500,10.21
2009-09-14,10.48,10.65,10.0432,10.38,21600,10.38
2009-09-11,10.86,10.86,10.48,10.63,25900,10.63
2009-09-10,10.75,10.84,10.43,10.80,40900,10.80
2009-09-09,10.49,10.78,10.30,10.62,47100,10.62
2009-09-08,10.12,10.49,10.12,10.4899,47900,10.4899
2009-09-04,9.72,10.03,9.72,9.96,29000,9.96
2009-09-03,9.69,9.77,9.56,9.77,48400,9.77
2009-09-02,9.84,10.00,9.6201,9.70,63500,9.70
2009-09-01,9.95,10.05,9.65,9.95,63600,9.95
2009-08-31,9.98,10.22,9.98,10.06,31000,10.06
2009-08-28,10.09,10.25,10.09,10.15,17800,10.15
2009-08-27,9.87,10.01,9.65,10.00,16900,10.00
2009-08-26,9.90,9.9101,9.64,9.75,17100,9.75
2009-08-25,9.94,10.10,9.73,9.84,33400,9.84
2009-08-24,10.23,10.23,9.83,9.84,40600,9.84
2009-08-21,9.47,10.03,9.44,9.96,102700,9.96
2009-08-20,9.58,9.66,9.38,9.47,78900,9.47
2009-08-19,9.40,9.43,9.30,9.43,70400,9.43
2009-08-18,9.74,9.74,9.46,9.48,95700,9.48
2009-08-17,10.30,10.38,9.75,9.75,129700,9.75
2009-08-14,10.73,10.85,10.42,10.63,41900,10.63
2009-08-13,11.03,11.03,10.77,10.8399,97500,10.8399
2009-08-12,11.09,11.19,10.75,10.85,496500,10.85
2009-08-11,10.33,10.65,10.13,10.50,206300,10.50
2009-08-10,10.25,10.35,10.10,10.33,127900,10.33
2009-08-07,10.10,10.28,10.10,10.18,77300,10.18
2009-08-06,10.27,10.30,10.10,10.18,47400,10.18
2009-08-05,10.50,10.50,10.14,10.39,47300,10.39
2009-08-04,10.76,10.76,10.09,10.28,100200,10.28
2009-08-03,10.25,11.00,10.00,10.64,269400,10.64
2009-07-31,10.00,10.28,9.30,9.71,432900,9.71
2009-07-30,8.54,8.75,8.38,8.53,12600,8.53
2009-07-29,8.60,8.60,8.50,8.55,2500,8.55
2009-07-28,8.55,8.60,8.42,8.60,17000,8.60
2009-07-27,8.35,8.60,8.2901,8.55,39900,8.55
2009-07-24,8.18,8.5899,7.9358,8.40,15800,8.40
2009-07-23,8.50,8.8602,8.4408,8.61,44100,8.61
2009-07-22,8.25,8.50,8.1355,8.49,38700,8.49
2009-07-21,8.20,8.25,8.12,8.25,16900,8.25
2009-07-20,8.00,8.1409,7.75,8.07,23700,8.07
2009-07-17,8.186,8.24,8.1201,8.20,3000,8.20
2009-07-16,8.45,8.45,8.20,8.38,21700,8.38
2009-07-15,8.29,8.29,8.08,8.217,11300,8.217
2009-07-14,8.06,8.06,7.3936,7.85,41800,7.85
2009-07-13,7.65,8.31,7.61,7.8199,11000,7.8199
2009-07-10,7.95,8.07,7.61,7.61,15000,7.61
2009-07-09,7.35,7.99,7.3165,7.69,22300,7.69
2009-07-08,7.82,7.89,7.055,7.18,83600,7.18
2009-07-07,8.49,8.49,7.97,7.99,6700,7.99
2009-07-06,8.14,8.50,8.13,8.50,13400,8.50
2009-07-02,7.8101,8.48,7.8101,8.47,14200,8.47
2009-07-01,8.45,8.50,8.095,8.3125,71600,8.3125
2009-06-30,8.23,8.40,7.80,8.24,39400,8.24
2009-06-29,8.47,8.48,8.00,8.00,21400,8.00
2009-06-26,8.51,8.51,8.04,8.21,52000,8.21
2009-06-25,7.79,8.515,7.77,8.50,25500,8.50
2009-06-24,8.29,8.36,7.847,7.99,10200,7.99
2009-06-23,7.88,8.0699,7.82,7.95,24000,7.95
2009-06-22,8.60,8.60,8.07,8.10,21300,8.10
2009-06-19,8.43,8.68,8.35,8.59,24600,8.59
2009-06-18,8.33,8.50,7.89,8.35,39700,8.35
2009-06-17,7.99,8.79,7.91,8.49,29200,8.49
2009-06-16,8.01,8.66,8.0001,8.08,17900,8.08
2009-06-15,8.59,8.6356,8.00,8.01,20900,8.01
2009-06-12,8.50,8.9199,8.50,8.54,30500,8.54
2009-06-11,8.95,9.05,8.74,8.75,24600,8.75
2009-06-10,8.97,9.18,8.57,8.76,30100,8.76
2009-06-09,8.77,8.90,8.60,8.85,17400,8.85
2009-06-08,9.00,9.14,8.78,8.806,35900,8.806
2009-06-05,8.86,9.12,8.85,9.12,42800,9.12
2009-06-04,8.75,8.80,8.65,8.70,27200,8.70
2009-06-03,8.85,8.85,8.67,8.76,13100,8.76
2009-06-02,8.63,8.972,8.63,8.85,78900,8.85
2009-06-01,8.51,8.88,8.51,8.73,27700,8.73
2009-05-29,8.41,8.57,8.3924,8.57,39200,8.57
2009-05-28,8.39,8.50,8.18,8.47,26100,8.47
2009-05-27,8.34,8.50,8.34,8.44,22200,8.44
2009-05-26,8.16,8.39,8.15,8.30,28600,8.30
2009-05-22,7.66,8.31,7.65,8.22,47500,8.22
2009-05-21,7.6986,7.95,7.638,7.78,26400,7.78
2009-05-20,7.35,8.22,7.34,7.87,47800,7.87
2009-05-19,8.17,8.3399,8.00,8.01,49400,8.01
2009-05-18,7.95,8.30,7.49,8.17,59000,8.17
2009-05-15,7.98,8.00,7.77,7.85,15500,7.85
2009-05-14,8.2301,8.261,8.01,8.01,40100,8.01
2009-05-13,8.08,8.50,8.07,8.39,39900,8.39
2009-05-12,8.45,8.45,7.99,8.20,79100,8.20
2009-05-11,8.14,8.60,8.1101,8.50,38100,8.50
2009-05-08,8.12,8.35,7.90,8.25,47100,8.25
2009-05-07,7.82,8.1499,7.82,8.02,34300,8.02
2009-05-06,8.00,8.00,7.548,7.85,37800,7.85
2009-05-05,7.92,8.102,7.78,8.02,63000,8.02
2009-05-04,7.70,8.0399,7.40,7.94,59200,7.94
2009-05-01,7.19,7.77,7.19,7.64,106100,7.64
2009-04-30,7.10,7.12,6.95,7.08,27800,7.08
2009-04-29,7.05,7.13,6.98,7.0699,26400,7.0699
2009-04-28,7.00,7.28,7.00,7.07,24000,7.07
2009-04-27,7.01,7.21,6.70,6.92,49800,6.92
2009-04-24,6.83,6.97,6.80,6.90,37700,6.90
2009-04-23,7.00,7.0101,6.70,6.79,74700,6.79
2009-04-22,6.85,7.09,6.70,7.03,67500,7.03
2009-04-21,6.71,6.80,6.69,6.80,71100,6.80
2009-04-20,6.84,6.90,6.64,6.78,60200,6.78
2009-04-17,6.69,6.77,6.26,6.77,44400,6.77
2009-04-16,7.22,7.22,6.42,6.60,258900,6.60
2009-04-15,7.30,7.30,7.05,7.13,52400,7.13
2009-04-14,7.83,7.83,7.14,7.30,81000,7.30
2009-04-13,8.14,8.50,7.70,7.85,207400,7.85
2009-04-09,7.81,8.2193,7.49,8.08,72400,8.08
2009-04-08,7.47,7.77,7.3225,7.77,56000,7.77
2009-04-07,7.65,7.68,7.28,7.305,44500,7.305
2009-04-06,7.58,7.88,7.49,7.75,212900,7.75
2009-04-03,7.33,7.60,7.33,7.50,85100,7.50
2009-04-02,6.82,7.65,6.72,7.50,119900,7.50
2009-04-01,6.67,6.90,6.47,6.75,101300,6.75
2009-03-31,6.76,6.9901,6.672,6.77,67000,6.77
2009-03-30,6.51,6.78,6.30,6.77,45100,6.77
2009-03-27,6.76,6.79,6.514,6.65,87000,6.65
2009-03-26,6.59,6.74,6.1701,6.705,61400,6.705
2009-03-25,6.44,6.74,6.39,6.56,96600,6.56
2009-03-24,6.00,6.49,5.82,6.45,158300,6.45
2009-03-23,5.50,6.26,5.47,6.06,135800,6.06
2009-03-20,5.20,5.48,5.19,5.45,216900,5.45
2009-03-19,5.15,5.51,5.092,5.22,65200,5.22
2009-03-18,5.13,5.27,5.00,5.17,30300,5.17
2009-03-17,5.00,5.11,5.00,5.07,26400,5.07
2009-03-16,5.02,5.265,4.92,5.00,22200,5.00
2009-03-13,4.66,5.05,4.58,5.05,135600,5.05
2009-03-12,5.23,5.29,4.18,4.51,379600,4.51
2009-03-11,5.20,5.432,4.93,5.00,143100,5.00
2009-03-10,5.05,5.34,5.05,5.1699,51500,5.1699
2009-03-09,5.01,5.25,5.00,5.06,50500,5.06
2009-03-06,4.96,5.23,4.888,5.1475,51500,5.1475
2009-03-05,4.96,4.99,4.71,4.80,52800,4.80
2009-03-04,5.02,5.05,4.91,4.95,32800,4.95
2009-03-03,5.04,5.115,4.92,5.03,116500,5.03
2009-03-02,5.08,5.24,4.88,5.17,184600,5.17
2009-02-27,5.61,5.61,5.00,5.00,50800,5.00
2009-02-26,5.39,5.45,5.25,5.4499,38100,5.4499
2009-02-25,5.25,5.30,5.00,5.30,30400,5.30
2009-02-24,5.0501,5.25,5.0501,5.25,19500,5.25
2009-02-23,5.42,5.42,5.04,5.12,9200,5.12
2009-02-20,5.20,5.30,5.055,5.24,63300,5.24
2009-02-19,5.20,5.2899,5.16,5.22,22100,5.22
2009-02-18,5.18,5.25,5.12,5.24,15800,5.24
2009-02-17,5.07,5.25,5.00,5.17,29600,5.17
2009-02-13,5.25,5.27,5.15,5.18,8900,5.18
2009-02-12,5.18,5.24,5.15,5.20,116200,5.20
2009-02-11,5.15,5.34,5.15,5.30,161900,5.30
2009-02-10,5.39,5.39,5.11,5.17,35200,5.17
2009-02-09,5.32,5.53,5.22,5.26,32200,5.26
2009-02-06,5.41,5.4999,5.18,5.38,32300,5.38
2009-02-05,5.4499,5.4499,5.24,5.29,21700,5.29
2009-02-04,5.59,5.59,5.43,5.45,14800,5.45
2009-02-03,5.49,5.54,5.45,5.50,30100,5.50
2009-02-02,5.26,5.4699,5.18,5.43,15800,5.43
2009-01-30,5.05,5.49,5.00,5.49,29500,5.49
2009-01-29,5.54,5.54,5.10,5.16,71200,5.16
2009-01-28,5.57,5.57,5.42,5.50,28000,5.50
2009-01-27,5.46,5.61,5.36,5.37,27600,5.37
2009-01-26,5.50,5.60,5.37,5.43,27500,5.43
2009-01-23,5.33,5.58,5.33,5.50,9300,5.50
2009-01-22,5.5699,5.64,5.47,5.55,22900,5.55
2009-01-21,5.66,5.70,5.21,5.45,72100,5.45
2009-01-20,5.85,5.85,5.476,5.51,14400,5.51
2009-01-16,5.70,6.068,5.654,5.85,11200,5.85
2009-01-15,5.88,5.88,5.42,5.7299,56100,5.7299
2009-01-14,6.00,6.05,5.76,5.863,21400,5.863
2009-01-13,6.15,6.18,5.66,5.90,84500,5.90
2009-01-12,6.50,6.55,6.13,6.13,36600,6.13
2009-01-09,6.64,6.8799,6.50,6.50,16100,6.50
2009-01-08,6.50,6.70,6.50,6.61,38200,6.61
2009-01-07,6.78,6.78,6.25,6.58,75300,6.58
2009-01-06,6.97,7.0499,6.90,6.912,35600,6.912
2009-01-05,7.40,7.67,6.84,6.92,88000,6.92
2009-01-02,7.80,7.80,7.10,7.46,49700,7.46
2008-12-31,6.90,7.80,6.64,7.80,62500,7.80
2008-12-30,6.33,6.89,6.21,6.84,50200,6.84
2008-12-29,6.65,6.68,6.09,6.29,53300,6.29
2008-12-26,6.89,6.89,6.6885,6.71,23600,6.71
2008-12-24,7.25,7.25,6.841,6.92,6600,6.92
2008-12-23,7.34,7.34,7.00,7.17,31300,7.17
2008-12-22,7.52,7.61,6.99,7.22,32800,7.22
2008-12-19,7.42,7.5999,7.42,7.52,25400,7.52
2008-12-18,7.33,7.70,7.15,7.23,119200,7.23
2008-12-17,7.01,7.22,6.58,7.11,106200,7.11
2008-12-16,6.73,7.01,6.51,7.01,44600,7.01
2008-12-15,6.57,6.78,6.41,6.57,38100,6.57
2008-12-12,6.17,6.65,6.01,6.45,44800,6.45
2008-12-11,5.84,6.47,5.70,6.34,70100,6.34
2008-12-10,5.89,6.16,5.76,5.84,43700,5.84
2008-12-09,5.96,5.98,5.71,5.92,22400,5.92
2008-12-08,5.89,6.14,5.62,5.87,48900,5.87
2008-12-05,6.04,6.09,5.80,5.85,30900,5.85
2008-12-04,5.75,6.18,5.75,6.09,9000,6.09
2008-12-03,5.92,5.97,5.77,5.87,14400,5.87
2008-12-02,6.03,6.07,5.70,5.90,10500,5.90
2008-12-01,5.81,6.29,5.50,5.94,24800,5.94
2008-11-28,6.11,6.24,5.72,5.98,45600,5.98
2008-11-26,5.59,6.25,5.30,6.19,42900,6.19
2008-11-25,5.23,5.70,5.10,5.59,293000,5.59
2008-11-24,5.02,5.38,4.73,5.20,67600,5.20
2008-11-21,5.25,5.25,4.73,5.02,160600,5.02
2008-11-20,5.39,5.40,4.93,4.97,159600,4.97
2008-11-19,5.65,5.68,5.18,5.51,90800,5.51
2008-11-18,5.95,5.95,5.63,5.69,76700,5.69
2008-11-17,5.84,5.96,5.80,5.89,34700,5.89
2008-11-14,5.87,6.06,5.75,5.81,74400,5.81
2008-11-13,5.97,6.08,5.75,5.84,121100,5.84
2008-11-12,5.90,6.06,5.86,5.86,41100,5.86
2008-11-11,6.01,6.04,5.85,5.86,31700,5.86
2008-11-10,6.20,6.48,6.02,6.08,57100,6.08
2008-11-07,5.91,6.25,5.91,6.00,31800,6.00
2008-11-06,5.92,6.25,5.85,5.85,18600,5.85
2008-11-05,6.21,6.21,5.93,6.00,37800,6.00
2008-11-04,6.19,6.25,6.00,6.14,62800,6.14
2008-11-03,6.33,6.587,5.76,6.00,130600,6.00
2008-10-31,6.01,6.49,5.97,6.24,39700,6.24
2008-10-30,5.75,5.92,5.63,5.90,36400,5.90
2008-10-29,5.51,5.75,5.34,5.68,103300,5.68
2008-10-28,5.67,5.67,5.25,5.43,96900,5.43
2008-10-27,5.70,5.7001,5.46,5.58,88800,5.58
2008-10-24,5.41,5.98,5.40,5.59,49200,5.59
2008-10-23,5.80,6.40,5.41,5.82,102800,5.82
2008-10-22,6.08,6.23,5.41,5.90,211900,5.90
2008-10-21,6.58,6.84,6.41,6.41,43000,6.41
2008-10-20,6.35,6.90,6.26,6.60,78400,6.60
2008-10-17,6.00,6.34,6.00,6.34,47900,6.34
2008-10-16,6.50,6.50,5.55,6.09,102100,6.09
2008-10-15,6.62,6.74,6.03,6.14,51900,6.14
2008-10-14,6.60,7.10,6.40,6.62,135600,6.62
2008-10-13,6.06,6.86,6.06,6.25,91300,6.25
2008-10-10,5.78,5.97,5.38,5.80,103700,5.80
2008-10-09,6.41,7.00,5.87,6.10,131500,6.10
2008-10-08,6.22,6.39,5.80,6.25,141800,6.25
2008-10-07,6.44,6.99,6.05,6.25,77300,6.25
2008-10-06,6.53,6.58,6.20,6.49,109000,6.49
2008-10-03,5.95,7.32,5.95,6.66,68900,6.66
2008-10-02,6.51,6.70,6.29,6.70,60800,6.70
2008-10-01,6.51,6.87,6.50,6.50,61300,6.50
2008-09-30,6.28,6.48,5.59,6.43,147800,6.43
2008-09-29,7.15,7.1699,5.156,6.15,233400,6.15
2008-09-26,7.10,7.38,7.10,7.21,67700,7.21
2008-09-25,8.23,8.23,7.10,7.26,122800,7.26
2008-09-24,7.54,7.56,7.19,7.46,118100,7.46
2008-09-23,7.70,8.04,7.05,7.45,153200,7.45
2008-09-22,8.50,8.58,7.67,7.67,71100,7.67
2008-09-19,8.28,8.74,8.00,8.40,105100,8.40
2008-09-18,8.04,8.37,7.11,7.62,192800,7.62
2008-09-17,9.20,9.26,7.88,8.03,153000,8.03
2008-09-16,9.26,9.58,9.04,9.21,89500,9.21
2008-09-15,9.41,9.82,9.40,9.41,88800,9.41
2008-09-12,9.45,9.82,9.34,9.72,71600,9.72
2008-09-11,9.54,9.82,9.54,9.64,86100,9.64
2008-09-10,9.62,9.83,9.61,9.66,82500,9.66
2008-09-09,9.7301,9.90,9.58,9.65,86300,9.65
2008-09-08,9.80,9.94,9.80,9.82,103300,9.82
2008-09-05,9.75,9.85,9.73,9.80,119300,9.80
2008-09-04,9.75,9.81,9.66,9.80,99500,9.80
2008-09-03,9.75,9.82,9.59,9.80,54900,9.80
2008-09-02,9.81,9.89,9.70,9.80,84200,9.80
2008-08-29,9.76,9.80,9.16,9.79,144000,9.79
2008-08-28,9.75,9.80,9.67,9.70,25100,9.70
2008-08-27,10.00,10.00,9.71,9.80,89500,9.80
2008-08-26,9.33,10.11,9.33,10.11,60600,10.11
2008-08-25,9.59,9.60,9.26,9.35,31600,9.35
2008-08-22,9.23,9.59,9.23,9.42,32600,9.42
2008-08-21,9.39,9.44,9.20,9.20,12700,9.20
2008-08-20,9.21,9.56,9.20,9.27,19900,9.27
2008-08-19,9.52,9.56,9.23,9.28,47100,9.28
2008-08-18,10.06,10.06,9.21,9.44,91000,9.44
2008-08-15,10.09,10.14,10.00,10.06,31200,10.06
2008-08-14,9.98,10.20,9.90,10.07,59100,10.07
2008-08-13,10.01,10.18,9.74,10.0001,106000,10.0001
2008-08-12,10.40,10.54,10.30,10.34,93600,10.34
2008-08-11,9.90,10.53,9.90,10.42,89100,10.42
2008-08-08,9.72,9.98,9.59,9.95,37600,9.95
2008-08-07,9.99,9.99,9.56,9.56,19400,9.56
2008-08-06,9.78,9.93,9.55,9.92,43300,9.92
2008-08-05,9.48,9.64,9.2501,9.62,34700,9.62
2008-08-04,9.29,9.29,9.02,9.25,42700,9.25
2008-08-01,9.35,9.35,8.9501,9.1399,32800,9.1399
2008-07-31,9.00,9.37,9.00,9.25,16100,9.25
2008-07-30,9.03,9.39,9.03,9.24,27000,9.24
2008-07-29,9.26,9.26,8.99,9.0699,33900,9.0699
2008-07-28,9.56,9.56,9.21,9.23,32500,9.23
2008-07-25,9.48,9.74,9.35,9.54,43800,9.54
2008-07-24,9.85,9.85,9.25,9.34,91400,9.34
2008-07-23,9.74,9.95,9.70,9.79,29000,9.79
2008-07-22,9.65,9.76,9.50,9.70,25900,9.70
2008-07-21,9.91,10.00,9.63,9.76,34600,9.76
2008-07-18,9.69,9.92,9.51,9.74,30300,9.74
2008-07-17,9.45,9.64,9.22,9.59,19200,9.59
2008-07-16,8.99,9.46,8.9525,9.46,33600,9.46
2008-07-15,9.00,9.24,8.68,9.02,60200,9.02
2008-07-14,8.81,9.09,8.68,9.01,27100,9.01
2008-07-11,9.00,9.15,8.68,8.85,70600,8.85
2008-07-10,9.13,9.40,8.86,9.05,39900,9.05
2008-07-09,8.89,9.32,8.89,9.15,44000,9.15
2008-07-08,8.4272,8.95,8.36,8.9301,31600,8.9301
2008-07-07,8.60,8.824,8.37,8.40,29000,8.40
2008-07-03,8.7101,8.746,8.40,8.53,42800,8.53
2008-07-02,8.92,8.98,8.67,8.73,58000,8.73
2008-07-01,9.06,9.1501,8.75,8.95,78400,8.95
2008-06-30,9.11,9.43,9.00,9.06,42000,9.06
2008-06-27,9.41,9.42,9.02,9.10,33500,9.10
2008-06-26,9.71,9.82,9.23,9.40,50800,9.40
2008-06-25,9.53,9.74,9.53,9.73,28600,9.73
2008-06-24,9.11,9.55,9.07,9.55,65700,9.55
2008-06-23,9.21,9.36,9.0516,9.17,71800,9.17
2008-06-20,9.34,9.34,9.16,9.21,31500,9.21
2008-06-19,9.28,9.49,9.028,9.43,39200,9.43
2008-06-18,9.61,9.74,9.00,9.31,66300,9.31
2008-06-17,9.73,9.84,9.61,9.61,25000,9.61
2008-06-16,9.50,10.05,9.33,9.79,66400,9.79
2008-06-13,9.62,9.64,9.47,9.55,35700,9.55
2008-06-12,9.42,9.80,9.40,9.56,117500,9.56
2008-06-11,9.87,10.22,9.20,9.40,261000,9.40
2008-06-10,10.22,10.26,9.75,9.85,198200,9.85
2008-06-09,10.86,10.86,10.20,10.25,123000,10.25
2008-06-06,10.93,11.10,10.73,10.82,140100,10.82
2008-06-05,10.88,11.093,10.83,10.99,158400,10.99
2008-06-04,10.74,11.00,10.74,10.89,133300,10.89
2008-06-03,10.60,10.86,10.55,10.74,125700,10.74
2008-06-02,10.85,10.86,10.46,10.55,74100,10.55
2008-05-30,10.60,10.97,10.34,10.82,168400,10.82
2008-05-29,10.86,10.86,10.49,10.60,74600,10.60
2008-05-28,10.24,10.67,10.19,10.66,96600,10.66
2008-05-27,10.32,10.32,10.07,10.19,149400,10.19
2008-05-23,10.25,10.35,10.00,10.25,49000,10.25
2008-05-22,10.18,10.25,10.02,10.21,99900,10.21
2008-05-21,10.10,10.25,9.97,10.10,105900,10.10
2008-05-20,10.34,10.34,10.11,10.15,93700,10.15
2008-05-19,10.56,10.56,9.913,10.34,174700,10.34
2008-05-16,10.90,11.05,9.91,10.055,233000,10.055
2008-05-15,11.25,11.45,10.52,10.85,567800,10.85
2008-05-14,10.18,10.95,10.15,10.86,284200,10.86
2008-05-13,10.162,10.1999,9.94,10.14,63300,10.14
2008-05-12,9.91,10.43,9.91,10.13,89300,10.13
2008-05-09,9.83,10.29,9.83,9.99,72500,9.99
2008-05-08,9.74,9.98,9.74,9.86,52500,9.86
2008-05-07,9.76,9.912,9.65,9.69,59700,9.69
2008-05-06,10.07,10.07,9.64,9.71,84200,9.71
2008-05-05,10.56,10.56,10.00,10.14,183100,10.14
2008-05-02,10.4699,10.66,10.2201,10.55,36400,10.55
2008-05-01,10.50,10.50,10.15,10.41,95000,10.41
2008-04-30,10.55,10.642,10.1625,10.45,50400,10.45
2008-04-29,10.86,10.86,10.48,10.51,59800,10.51
2008-04-28,10.24,10.85,10.24,10.84,73000,10.84
2008-04-25,10.45,10.45,10.19,10.20,82900,10.20
2008-04-24,10.50,10.90,10.152,10.59,134700,10.59
2008-04-23,9.96,10.50,9.80,10.45,250000,10.45
2008-04-22,9.20,9.99,9.20,9.80,230700,9.80
2008-04-21,9.00,9.25,8.97,9.23,47300,9.23
2008-04-18,9.10,9.10,8.96,9.05,59400,9.05
2008-04-17,8.90,9.08,8.79,9.08,43200,9.08
2008-04-16,8.92,8.92,8.71,8.92,34300,8.92
2008-04-15,8.75,8.85,8.50,8.85,73100,8.85
2008-04-14,8.85,8.99,8.50,8.68,69800,8.68
2008-04-11,8.97,9.04,8.90,8.93,31200,8.93
2008-04-10,8.90,9.09,8.83,9.04,77100,9.04
2008-04-09,8.72,8.96,8.72,8.82,45000,8.82
2008-04-08,8.60,8.93,8.58,8.79,66600,8.79
2008-04-07,8.62,8.98,8.50,8.64,124100,8.64
2008-04-04,8.69,8.86,8.40,8.62,114400,8.62
2008-04-03,8.78,8.938,8.60,8.61,103000,8.61
2008-04-02,8.90,8.98,8.60,8.90,150600,8.90
2008-04-01,8.75,8.96,8.75,8.88,74500,8.88
2008-03-31,8.86,8.98,8.74,8.74,39700,8.74
2008-03-28,8.94,9.06,8.75,8.92,75700,8.92
2008-03-27,8.93,9.19,8.71,8.90,166500,8.90
2008-03-26,8.75,9.10,8.52,9.00,140000,9.00
2008-03-25,8.94,9.25,8.50,8.73,135000,8.73
2008-03-24,9.30,9.30,8.7645,8.87,176200,8.87
2008-03-20,8.00,8.78,8.00,8.65,290200,8.65
2008-03-19,7.59,7.97,7.49,7.60,109200,7.60
2008-03-18,7.38,7.62,7.38,7.55,71300,7.55
2008-03-17,7.59,7.70,7.29,7.32,100000,7.32
2008-03-14,7.74,7.74,7.56,7.70,75100,7.70
2008-03-13,7.50,7.63,7.44,7.60,156300,7.60
2008-03-12,7.47,7.77,7.41,7.50,109900,7.50
2008-03-11,7.90,7.90,7.44,7.49,179200,7.49
2008-03-10,8.15,8.20,7.60,7.68,161300,7.68
2008-03-07,7.90,8.15,7.78,8.06,137200,8.06
2008-03-06,8.15,8.25,8.02,8.05,48300,8.05
2008-03-05,8.04,8.30,8.04,8.10,50900,8.10
2008-03-04,8.49,8.59,8.04,8.09,186300,8.09
2008-03-03,8.17,8.79,8.17,8.67,169400,8.67
2008-02-29,8.04,8.23,8.00,8.17,91000,8.17
2008-02-28,8.05,8.24,7.95,8.05,42900,8.05
2008-02-27,7.88,8.22,7.52,8.07,244600,8.07
2008-02-26,7.80,7.98,7.46,7.81,255400,7.81
2008-02-25,8.35,8.35,7.79,7.89,290600,7.89
2008-02-22,8.36,8.59,8.06,8.35,125400,8.35
2008-02-21,7.75,8.92,7.57,8.39,1735000,8.39
2008-02-20,11.26,11.78,10.61,11.70,140000,11.70
2008-02-19,11.50,11.80,11.45,11.64,15700,11.64
2008-02-15,11.55,11.55,11.02,11.27,23800,11.27
2008-02-14,11.44,11.79,11.30,11.54,96200,11.54
2008-02-13,10.98,11.50,10.98,11.30,58500,11.30
2008-02-12,10.50,11.17,10.50,11.10,91700,11.10
2008-02-11,10.43,10.70,10.27,10.48,70700,10.48
2008-02-08,10.65,10.96,10.36,10.49,76400,10.49
2008-02-07,10.75,11.26,10.62,10.78,85700,10.78
2008-02-06,11.48,11.50,10.80,10.97,24700,10.97
2008-02-05,11.50,11.87,11.09,11.29,44500,11.29
2008-02-04,11.97,12.00,11.51,11.81,97000,11.81
2008-02-01,11.30,12.07,11.09,11.87,114500,11.87
2008-01-31,11.27,11.38,10.82,11.14,152100,11.14
2008-01-30,11.34,12.05,11.00,11.57,74500,11.57
2008-01-29,11.92,11.92,11.25,11.52,67500,11.52
2008-01-28,11.75,12.00,11.28,11.60,100100,11.60
2008-01-25,12.69,13.00,11.88,11.93,157200,11.93
2008-01-24,11.71,12.18,11.37,12.15,120000,12.15
2008-01-23,10.80,11.60,10.0501,11.49,196900,11.49
2008-01-22,9.65,11.98,9.08,11.36,315200,11.36
2008-01-18,11.38,11.99,11.16,11.43,203900,11.43
2008-01-17,12.26,12.37,11.36,11.54,202000,11.54
2008-01-16,12.98,13.1599,12.05,12.40,188900,12.40
2008-01-15,13.50,13.962,12.70,13.34,195800,13.34
2008-01-14,13.25,13.96,12.80,13.75,111600,13.75
2008-01-11,13.30,13.64,13.04,13.33,76700,13.33
2008-01-10,13.50,13.77,12.98,13.32,128500,13.32
2008-01-09,13.50,13.76,12.50,13.42,298400,13.42
2008-01-08,13.32,14.42,13.1001,13.95,193500,13.95
2008-01-07,13.60,14.21,13.00,13.53,313300,13.53
2008-01-04,14.01,14.012,13.16,13.85,188000,13.85
2008-01-03,14.46,14.81,14.27,14.63,131400,14.63
2008-01-02,14.66,15.18,14.34,14.50,139400,14.50
2007-12-31,14.71,15.16,14.42,14.88,104900,14.88
2007-12-28,14.77,14.77,14.28,14.56,191000,14.56
2007-12-27,15.12,15.36,14.51,14.63,157800,14.63
2007-12-26,14.99,15.60,14.76,15.55,155400,15.55
2007-12-24,14.63,14.90,14.41,14.90,72700,14.90
2007-12-21,14.25,14.75,14.24,14.38,143100,14.38
2007-12-20,14.06,14.81,14.00,14.27,172600,14.27
2007-12-19,13.56,14.57,13.25,14.13,202600,14.13
2007-12-18,13.83,13.85,13.20,13.61,217300,13.61
2007-12-17,14.05,14.09,13.03,13.57,296100,13.57
2007-12-14,14.40,14.79,14.25,14.54,102200,14.54
2007-12-13,14.57,15.17,14.22,14.68,210800,14.68
2007-12-12,15.00,15.75,14.50,14.95,214000,14.95
2007-12-11,16.26,16.40,14.31,15.03,325600,15.03
2007-12-10,16.88,16.88,16.0501,16.37,297600,16.37
2007-12-07,16.61,16.62,15.56,16.20,228500,16.20
2007-12-06,16.15,16.98,15.9501,16.43,387700,16.43
2007-12-05,14.92,16.35,14.92,16.20,377500,16.20
2007-12-04,15.23,15.43,14.72,14.97,159800,14.97
2007-12-03,16.21,16.27,15.1001,15.23,274000,15.23
2007-11-30,16.89,16.89,15.11,15.69,474200,15.69
2007-11-29,13.20,15.66,13.08,15.66,588900,15.66
2007-11-28,13.30,13.48,12.85,13.13,482500,13.13
2007-11-27,13.25,13.642,12.548,13.01,474900,13.01
2007-11-26,13.47,14.57,13.15,13.35,282200,13.35
2007-11-23,13.54,14.33,13.54,13.93,156100,13.93
2007-11-21,13.00,13.59,12.53,13.54,304400,13.54
2007-11-20,13.60,13.7199,12.18,13.62,779200,13.62
2007-11-19,15.04,15.46,13.10,13.34,605100,13.34
2007-11-16,15.24,15.96,15.08,15.37,397900,15.37
2007-11-15,16.50,16.70,15.01,15.37,479500,15.37
2007-11-14,16.89,17.35,15.65,16.68,1562300,16.68
2007-11-13,16.33,16.88,13.50,14.40,1395200,14.40
2007-11-12,16.01,18.24,15.21,15.68,622100,15.68
2007-11-09,15.75,16.70,15.71,16.32,382400,16.32
2007-11-08,18.09,18.70,15.6612,16.7499,836400,16.7499
2007-11-07,18.65,19.00,17.88,18.2799,214000,18.2799
2007-11-06,19.00,19.55,18.14,19.00,385600,19.00
2007-11-05,18.37,19.38,17.76,18.96,526800,18.96
2007-11-02,20.00,20.00,18.50,18.91,577300,18.91
2007-11-01,20.35,20.42,18.80,19.50,716500,19.50
2007-10-31,21.51,22.75,20.00,20.54,1528500,20.54
2007-10-30,19.09,22.44,18.75,21.21,2262800,21.21
2007-10-29,19.19,19.88,18.40,18.60,1579400,18.60
2007-10-26,16.22,16.58,15.66,16.02,228600,16.02
2007-10-25,16.00,16.56,15.95,16.26,184900,16.26
2007-10-24,15.80,16.90,15.50,16.17,297800,16.17
2007-10-23,16.40,17.7323,15.82,16.11,374300,16.11
2007-10-22,15.85,17.29,15.00,16.62,565200,16.62
2007-10-19,18.29,18.80,16.50,16.78,375700,16.78
2007-10-18,17.50,18.40,17.1401,18.14,344500,18.14
2007-10-17,18.54,19.14,17.50,18.05,408300,18.05
2007-10-16,19.25,19.71,18.06,18.26,488400,18.26
2007-10-15,19.80,20.00,18.80,19.65,741300,19.65
2007-10-12,17.68,19.3899,17.37,18.68,862400,18.68
2007-10-11,20.07,20.50,16.25,17.58,1275900,17.58
2007-10-10,20.30,21.37,19.10,19.74,968100,19.74
2007-10-09,19.38,20.49,18.85,20.0001,594900,20.0001
2007-10-08,19.28,20.50,18.25,19.10,1535500,19.10
2007-10-05,17.29,19.47,16.00,18.60,1474500,18.60
2007-10-04,19.50,19.50,16.75,16.88,1243100,16.88
2007-10-03,18.60,20.39,18.20,19.99,2399700,19.99
2007-10-02,15.50,17.77,15.34,17.34,1461500,17.34
2007-10-01,15.34,15.75,14.80,14.98,350300,14.98
2007-09-28,14.11,14.50,13.85,14.43,122200,14.43
2007-09-27,13.43,14.10,13.38,13.95,293200,13.95
2007-09-26,14.73,14.73,13.3701,13.50,230000,13.50
2007-09-25,14.73,15.40,13.87,13.92,281400,13.92
2007-09-24,14.81,15.22,14.10,15.00,207300,15.00
2007-09-21,14.95,15.00,13.38,14.45,208600,14.45
2007-09-20,11.85,14.94,11.80,14.35,352700,14.35
2007-09-19,11.74,11.86,11.51,11.6486,314000,11.6486
2007-09-18,11.30,11.85,10.68,11.58,73100,11.58
2007-09-17,11.14,11.43,10.942,11.02,93100,11.02
2007-09-14,11.08,11.12,10.51,11.12,9500,11.12
2007-09-13,11.33,11.50,10.46,11.15,88000,11.15
2007-09-12,10.56,11.44,10.28,11.00,38700,11.00
2007-09-11,11.01,11.45,10.21,10.76,75500,10.76
2007-09-10,10.38,11.00,10.21,10.87,49200,10.87
2007-09-07,10.11,10.35,9.98,10.31,12900,10.31
2007-09-06,10.459,10.55,9.60,10.02,20700,10.02
2007-09-05,10.28,10.4799,10.05,10.40,34600,10.40
2007-09-04,9.95,10.38,9.81,10.24,23000,10.24
2007-08-31,9.70,9.98,9.69,9.90,14900,9.90
2007-08-30,9.70,9.79,9.62,9.72,10600,9.72
2007-08-29,9.50,9.80,9.50,9.616,8300,9.616
2007-08-28,9.74,9.74,9.50,9.50,9600,9.50
2007-08-27,9.59,9.85,9.4401,9.669,19400,9.669
2007-08-24,9.55,9.60,9.50,9.56,13500,9.56
2007-08-23,9.50,9.65,9.50,9.52,23700,9.52
2007-08-22,9.75,9.87,9.62,9.69,13900,9.69
2007-08-21,9.97,10.00,9.68,9.82,23900,9.82
2007-08-20,9.60,9.89,9.4895,9.89,24100,9.89
2007-08-17,9.57,9.751,9.23,9.41,71700,9.41
2007-08-16,9.51,9.75,9.05,9.22,51200,9.22
2007-08-15,9.60,9.96,9.5833,9.66,42800,9.66
2007-08-14,9.55,9.55,9.37,9.5005,24900,9.5005
2007-08-13,10.55,10.64,9.39,9.49,63400,9.49
2007-08-10,10.91,10.94,10.08,10.56,40500,10.56
2007-08-09,10.71,11.40,10.69,10.86,180900,10.86
2007-08-08,9.60,10.38,9.51,10.22,70400,10.22
2007-08-07,9.51,9.60,9.40,9.60,19300,9.60
2007-08-06,9.25,9.54,9.09,9.50,9900,9.50
2007-08-03,9.11,9.29,9.07,9.29,54500,9.29
2007-08-02,8.79,9.20,8.79,9.16,20200,9.16
2007-08-01,9.01,9.05,8.70,9.02,15600,9.02
2007-07-31,8.9995,9.50,8.70,8.97,91400,8.97
2007-07-30,9.04,9.15,8.94,8.97,12500,8.97
2007-07-27,9.1305,9.23,8.58,8.94,44200,8.94
2007-07-26,8.85,8.88,8.70,8.88,66900,8.88
2007-07-25,9.03,9.03,8.71,8.81,33000,8.81
2007-07-24,8.92,9.12,8.92,8.97,31800,8.97
2007-07-23,9.32,9.44,9.01,9.01,23500,9.01
2007-07-20,9.46,9.46,9.13,9.32,22200,9.32
2007-07-19,9.19,9.40,9.00,9.30,61900,9.30
2007-07-18,9.00,9.37,8.74,9.10,34200,9.10
2007-07-17,9.07,9.07,9.00,9.015,19400,9.015
2007-07-16,8.89,9.13,8.88,9.04,56600,9.04
2007-07-13,8.68,8.92,8.18,8.811,261400,8.811
2007-07-12,9.23,9.23,8.66,8.82,148700,8.82
2007-07-11,9.31,9.45,9.20,9.20,26100,9.20
2007-07-10,9.46,9.58,9.18,9.34,22700,9.34
2007-07-09,9.57,9.57,9.40,9.41,62400,9.41
2007-07-06,9.54,9.68,9.44,9.57,64500,9.57
2007-07-05,9.50,9.7272,9.3201,9.43,35000,9.43
2007-07-03,9.50,9.80,9.35,9.54,43700,9.54
2007-07-02,9.68,9.73,9.38,9.571,50700,9.571
2007-06-29,9.72,9.78,9.57,9.64,21000,9.64
2007-06-28,9.72,9.81,9.51,9.72,97000,9.72
2007-06-27,9.96,9.96,9.699,9.72,16200,9.72
2007-06-26,9.84,9.84,9.50,9.80,22100,9.80
2007-06-25,9.90,10.18,9.75,9.75,25300,9.75
2007-06-22,10.12,10.12,9.75,9.95,56000,9.95
2007-06-21,10.09,10.26,9.97,10.141,27500,10.141
2007-06-20,10.655,10.95,10.10,10.20,61400,10.20
2007-06-19,10.20,10.76,10.20,10.76,39700,10.76
2007-06-18,10.59,11.00,10.06,10.08,34400,10.08
2007-06-15,10.1199,10.45,9.86,10.35,57100,10.35
2007-06-14,9.91,9.99,9.90,9.95,16500,9.95
2007-06-13,10.34,10.41,9.81,9.97,51300,9.97
2007-06-12,10.20,10.27,10.08,10.18,16700,10.18
2007-06-11,10.20,10.28,9.89,10.20,59500,10.20
2007-06-08,10.46,10.50,10.28,10.32,21500,10.32
2007-06-07,10.40,10.95,10.33,10.36,81500,10.36
2007-06-06,10.77,10.795,10.30,10.38,21500,10.38
2007-06-05,11.26,11.2616,10.65,10.66,25200,10.66
2007-06-04,11.69,11.69,10.67,11.22,107200,11.22
2007-06-01,11.61,11.80,11.29,11.60,386800,11.60
2007-05-31,9.50,11.90,9.45,11.1399,754200,11.1399
2007-05-30,9.15,9.43,9.10,9.43,104500,9.43
2007-05-29,9.21,9.35,9.10,9.17,75100,9.17
2007-05-25,9.25,9.66,9.05,9.20,89500,9.20
2007-05-24,9.50,9.53,9.20,9.25,55600,9.25
2007-05-23,9.60,9.663,9.50,9.55,30000,9.55
2007-05-22,9.80,9.80,9.51,9.60,56600,9.60
2007-05-21,9.80,9.98,9.75,9.82,69000,9.82
2007-05-18,9.86,10.08,9.80,9.80,141500,9.80
2007-05-17,10.20,10.21,9.82,9.92,79700,9.92
2007-05-16,10.18,10.32,10.11,10.24,118000,10.24
2007-05-15,10.28,10.34,10.17,10.21,64200,10.21
2007-05-14,10.44,10.49,10.20,10.37,172700,10.37
2007-05-11,10.34,10.49,10.17,10.20,85200,10.20
2007-05-10,10.01,10.45,9.96,10.41,187700,10.41
2007-05-09,10.20,10.20,10.00,10.14,46500,10.14
2007-05-08,10.15,10.15,9.76,9.94,46400,9.94
2007-05-07,10.40,10.40,9.92,10.01,22300,10.01
2007-05-04,9.90,10.26,9.90,10.20,74500,10.20
2007-05-03,10.40,10.40,10.00,10.35,98400,10.35
2007-05-02,9.80,10.60,9.51,10.44,500500,10.44
2007-05-01,10.10,10.63,9.88,10.13,126500,10.13
2007-04-30,9.98,10.291,9.84,10.11,130600,10.11
2007-04-27,9.62,9.89,9.4499,9.85,138600,9.85
2007-04-26,9.20,9.49,9.20,9.38,123800,9.38
2007-04-25,9.23,9.57,9.06,9.22,202900,9.22
2007-04-24,10.07,10.1444,9.20,9.56,201100,9.56
2007-04-23,10.20,10.31,10.06,10.0999,632200,10.0999
2007-04-20,10.1501,10.49,10.05,10.20,45300,10.20
2007-04-19,10.41,10.41,10.05,10.06,72500,10.06
2007-04-18,10.60,10.65,10.22,10.22,60700,10.22
2007-04-17,11.04,11.04,10.60,10.692,29400,10.692
2007-04-16,11.00,11.04,10.72,11.00,144400,11.00
2007-04-13,11.05,11.10,10.976,11.01,26000,11.01
2007-04-12,10.76,11.22,10.47,10.98,184200,10.98
2007-04-11,10.45,10.69,10.39,10.69,46900,10.69
2007-04-10,10.29,10.59,10.13,10.3986,204800,10.3986
2007-04-09,10.50,10.78,10.28,10.41,145100,10.41
2007-04-05,10.50,10.55,10.35,10.50,96200,10.50
2007-04-04,10.60,10.73,10.32,10.50,109200,10.50
2007-04-03,11.00,11.07,10.14,10.22,351100,10.22
2007-04-02,11.30,11.55,11.07,11.07,118800,11.07
2007-03-30,11.28,11.28,10.88,11.02,95300,11.02
2007-03-29,11.50,11.50,11.01,11.05,81700,11.05
2007-03-28,11.65,11.65,11.25,11.48,28000,11.48
2007-03-27,11.80,11.99,11.54,11.90,18700,11.90
2007-03-26,11.94,12.28,11.61,11.83,13900,11.83
2007-03-23,12.12,12.21,11.52,11.85,80600,11.85
2007-03-22,12.50,12.50,12.00,12.04,79100,12.04
2007-03-21,12.32,12.50,11.92,12.28,178300,12.28
2007-03-20,11.34,12.40,11.30,12.40,292600,12.40
2007-03-19,11.05,11.53,10.82,11.31,320900,11.31
2007-03-16,11.00,11.02,10.60,10.92,32500,10.92
2007-03-15,11.20,11.35,10.94,10.96,93400,10.96
2007-03-14,11.126,11.25,10.64,11.24,137700,11.24
2007-03-13,11.50,11.84,11.00,11.14,80600,11.14
2007-03-12,11.00,11.55,10.78,11.40,254200,11.40
2007-03-09,10.68,11.18,10.33,10.99,439200,10.99
2007-03-08,11.71,11.9518,10.58,10.90,981400,10.90
2007-03-07,12.50,12.50,11.65,11.65,60100,11.65
2007-03-06,12.85,12.85,12.47,12.59,36200,12.59
2007-03-05,12.47,13.00,11.66,12.33,92800,12.33
2007-03-02,13.92,13.92,12.25,12.65,501600,12.65
2007-03-01,14.23,14.24,13.56,13.70,67200,13.70
2007-02-28,14.51,14.88,14.10,14.16,77400,14.16
2007-02-27,15.77,15.825,14.00,14.31,667800,14.31
2007-02-26,16.01,16.20,16.00,16.02,75000,16.02
2007-02-23,16.11,16.16,16.04,16.05,93700,16.05
2007-02-22,16.06,16.41,16.03,16.11,73400,16.11
2007-02-21,16.21,16.34,16.05,16.08,156600,16.08
2007-02-20,16.56,16.85,16.01,16.21,273900,16.21
2007-02-16,17.00,17.00,16.60,16.65,110300,16.65
2007-02-15,16.75,17.15,16.47,16.79,239700,16.79
2007-02-14,16.50,16.74,16.30,16.74,107900,16.74
2007-02-13,16.30,16.75,16.00,16.35,456100,16.35
2007-02-12,16.00,16.47,15.75,16.30,596300,16.30
2007-02-09,16.10,16.35,15.89,16.00,638500,16.00
2007-02-08,14.81,16.40,14.71,16.13,1487700,16.13
2007-02-07,17.50,18.10,14.64,14.85,6370400,14.85
