Date,Open,High,Low,Close,Volume,Adj Close
2016-04-15,23.76,23.76,23.450001,23.50,1100,23.50
2016-04-14,24.00,24.00,24.00,24.00,100,24.00
2016-04-13,24.00,24.00,24.00,24.00,2000,24.00
2016-04-12,24.299999,24.299999,24.299999,24.299999,000,24.299999
2016-04-11,24.299999,24.299999,24.299999,24.299999,000,24.299999
2016-04-08,24.299999,24.299999,24.299999,24.299999,000,24.299999
2016-04-07,24.299999,24.299999,24.299999,24.299999,000,24.299999
2016-04-06,24.299999,24.299999,24.299999,24.299999,000,24.299999
2016-04-05,24.299999,24.299999,24.299999,24.299999,000,24.299999
2016-04-04,24.299999,24.299999,24.299999,24.299999,000,24.299999
2016-04-01,24.299999,24.299999,24.299999,24.299999,000,24.299999
2016-03-31,24.299999,24.299999,24.299999,24.299999,100,24.299999
2016-03-30,24.00,24.00,24.00,24.00,100,24.00
2016-03-29,24.299999,24.299999,24.299999,24.299999,200,24.299999
2016-03-28,24.299999,24.299999,24.299999,24.299999,000,24.299999
2016-03-24,24.299999,24.299999,24.299999,24.299999,000,24.299999
2016-03-23,24.299999,24.299999,24.299999,24.299999,200,24.299999
2016-03-22,24.50,24.50,24.50,24.50,000,24.50
2016-03-21,24.50,24.50,24.50,24.50,000,24.50
2016-03-18,24.50,24.50,24.50,24.50,400,24.50
2016-03-17,24.299999,24.299999,24.299999,24.299999,10000,24.299999
2016-03-16,24.50,24.50,24.50,24.50,000,24.50
2016-03-15,24.50,24.50,24.50,24.50,000,24.50
2016-03-14,24.50,24.75,24.50,24.50,800,24.50
2016-03-11,24.75,24.75,24.75,24.75,000,24.75
2016-03-10,24.50,24.75,24.50,24.75,1200,24.75
2016-03-09,24.25,24.25,24.25,24.25,000,24.25
2016-03-08,24.25,24.25,24.25,24.25,000,24.25
2016-03-07,24.25,24.25,24.25,24.25,000,24.25
2016-03-04,24.25,24.25,24.25,24.25,000,24.25
2016-03-03,24.25,24.25,24.25,24.25,200,24.25
2016-03-02,24.00,24.00,24.00,24.00,000,24.00
2016-03-01,24.75,24.75,23.450001,24.00,1700,24.00
2016-02-29,24.799999,25.25,23.450001,25.25,3500,25.25
2016-02-26,25.25,25.25,25.25,25.25,900,25.25
2016-02-25,24.75,24.75,24.75,24.75,500,24.75
2016-02-24,24.700001,24.75,24.700001,24.75,1000,24.75
2016-02-23,24.90,24.90,24.700001,24.700001,500,24.700001
2016-02-22,24.75,24.75,24.75,24.75,400,24.75
2016-02-19,24.50,24.77,24.50,24.77,5900,24.77
2016-02-18,24.60,24.60,24.40,24.40,46400,24.40
2016-02-17,23.549999,23.549999,23.549999,23.549999,100,23.549999
2016-02-16,24.40,24.40,24.00,24.00,600,24.00
2016-02-12,24.50,24.50,24.50,24.50,000,24.50
2016-02-11,24.75,24.75,24.50,24.50,5800,24.50
2016-02-10,25.00,25.00,25.00,25.00,000,25.00
2016-02-09,25.00,25.00,25.00,25.00,46700,25.00
2016-02-08,25.50,25.50,25.50,25.50,600,25.50
2016-02-05,25.75,25.75,25.75,25.75,100,25.75
2016-02-04,26.25,26.25,26.25,26.25,000,26.25
2016-02-03,26.25,26.25,26.25,26.25,000,26.25
2016-02-02,26.25,26.25,26.25,26.25,000,26.25
2016-02-01,26.25,26.25,26.25,26.25,500,26.139999
2016-01-29,26.50,26.50,26.50,26.50,000,26.388952
2016-01-28,26.50,26.50,26.50,26.50,000,26.388952
2016-01-27,26.50,26.50,26.50,26.50,200,26.388952
2016-01-26,26.25,26.25,26.25,26.25,000,26.139999
2016-01-25,26.25,26.25,26.25,26.25,000,26.139999
2016-01-22,26.25,26.25,26.25,26.25,800,26.139999
2016-01-21,26.10,26.25,26.10,26.25,200,26.139999
2016-01-20,26.25,26.25,26.00,26.00,38000,25.891047
2016-01-19,26.50,26.50,26.50,26.50,3100,26.388952
2016-01-15,26.01,26.01,26.00,26.00,1000,25.891047
2016-01-14,26.40,26.40,26.40,26.40,000,26.28937
2016-01-13,26.01,26.40,26.01,26.40,800,26.28937
2016-01-12,26.25,26.25,26.25,26.25,200,26.139999
2016-01-11,25.50,26.25,25.50,26.25,2700,26.139999
2016-01-08,26.00,26.00,26.00,26.00,57000,25.891047
2016-01-07,26.00,26.00,25.700001,25.700001,6600,25.592305
2016-01-06,25.75,26.00,25.700001,26.00,1700,25.891047
2016-01-05,25.50,25.50,25.50,25.50,500,25.393142
2016-01-04,26.25,26.25,25.25,25.25,1100,25.14419
2015-12-31,25.50,25.50,25.50,25.50,600,25.393142
2015-12-30,25.299999,25.50,25.299999,25.50,300,25.393142
2015-12-29,25.75,25.75,25.75,25.75,000,25.642095
2015-12-28,25.75,25.75,25.75,25.75,000,25.642095
2015-12-24,25.110001,25.75,25.00,25.75,1100,25.642095
2015-12-23,26.00,26.00,26.00,26.00,000,25.891047
2015-12-22,26.00,26.00,26.00,26.00,600,25.891047
2015-12-21,25.700001,25.75,25.10,25.65,1000,25.542513
2015-12-18,26.00,26.00,26.00,26.00,000,25.891047
2015-12-17,26.00,26.00,26.00,26.00,000,25.891047
2015-12-16,26.00,26.00,26.00,26.00,300,25.891047
2015-12-15,26.00,26.00,26.00,26.00,900,25.891047
2015-12-14,26.00,26.00,26.00,26.00,600,25.891047
2015-12-11,26.25,26.25,26.25,26.25,000,26.139999
2015-12-10,26.25,26.25,26.25,26.25,600,26.139999
2015-12-09,26.280001,26.950001,25.700001,26.950001,1200,26.837067
2015-12-08,26.950001,26.950001,26.950001,26.950001,000,26.837067
2015-12-07,26.950001,26.950001,26.950001,26.950001,000,26.837067
2015-12-04,26.950001,26.950001,26.950001,26.950001,100,26.837067
2015-12-03,26.40,26.75,26.40,26.75,1900,26.637904
2015-12-02,26.950001,26.950001,26.950001,26.950001,000,26.837067
2015-12-01,26.950001,26.950001,26.950001,26.950001,400,26.837067
2015-11-30,26.950001,26.950001,26.40,26.889999,400,26.777317
2015-11-27,26.90,26.90,26.90,26.90,100,26.787275
2015-11-25,26.85,26.85,26.85,26.85,200,26.737485
2015-11-24,26.700001,26.700001,26.700001,26.700001,900,26.588114
2015-11-23,26.40,26.799999,26.40,26.75,2500,26.637904
2015-11-20,26.25,26.25,26.25,26.25,2900,26.139999
2015-11-19,26.00,26.40,26.00,26.40,600,26.28937
2015-11-18,26.00,26.00,26.00,26.00,100,25.891047
2015-11-17,25.85,25.85,25.75,25.75,800,25.642095
2015-11-16,25.809999,25.809999,25.809999,25.809999,000,25.701843
2015-11-13,25.809999,25.809999,25.809999,25.809999,000,25.701843
2015-11-12,25.809999,25.809999,25.809999,25.809999,000,25.701843
2015-11-11,26.00,26.00,25.75,25.809999,14000,25.701843
2015-11-10,26.40,26.40,26.10,26.10,1100,25.990628
2015-11-09,26.450001,26.549999,26.450001,26.450001,400,26.339162
2015-11-06,26.40,26.40,26.40,26.40,1600,26.28937
2015-11-05,26.35,26.40,26.25,26.40,6500,26.28937
2015-11-04,26.25,26.25,26.25,26.25,000,26.139999
2015-11-03,26.299999,26.299999,26.200001,26.25,2500,26.139999
2015-11-02,26.35,26.35,26.200001,26.200001,1200,26.005567
2015-10-30,26.25,26.25,26.25,26.25,700,26.055195
2015-10-29,25.90,26.200001,25.90,26.200001,3100,26.005567
2015-10-28,25.90,25.99,25.90,25.99,2300,25.797124
2015-10-27,25.00,25.75,25.00,25.50,900,25.310761
2015-10-26,24.50,25.00,24.50,25.00,2400,24.814472
2015-10-23,24.00,24.25,24.00,24.25,700,24.070037
2015-10-22,24.50,24.50,24.50,24.50,2300,24.318182
2015-10-21,24.50,24.50,24.50,24.50,000,24.318182
2015-10-20,24.50,24.50,24.50,24.50,000,24.318182
2015-10-19,24.299999,24.50,23.41,24.50,2400,24.318182
2015-10-16,24.50,24.50,24.50,24.50,200,24.318182
2015-10-15,24.50,24.50,24.50,24.50,100,24.318182
2015-10-14,24.50,24.50,24.50,24.50,000,24.318182
2015-10-13,24.50,24.50,24.50,24.50,1200,24.318182
2015-10-12,24.75,25.00,24.50,24.50,700,24.318182
2015-10-09,23.75,24.200001,23.75,24.200001,800,24.020409
2015-10-08,24.049999,24.049999,24.049999,24.049999,000,23.871521
2015-10-07,24.049999,24.049999,24.049999,24.049999,000,23.871521
2015-10-06,24.049999,24.049999,24.049999,24.049999,000,23.871521
2015-10-05,24.50,24.50,24.049999,24.049999,200,23.871521
2015-10-02,24.00,24.00,24.00,24.00,000,23.821893
2015-10-01,24.00,24.00,24.00,24.00,200,23.821893
2015-09-30,22.610001,23.50,22.60,23.50,600,23.325603
2015-09-29,23.00,23.00,23.00,23.00,100,22.829314
2015-09-28,22.299999,22.299999,22.299999,22.299999,500,22.134508
2015-09-25,22.74,22.74,22.74,22.74,100,22.571243
2015-09-24,22.299999,22.299999,22.299999,22.299999,100,22.134508
2015-09-23,22.75,22.75,22.75,22.75,000,22.581169
2015-09-22,22.75,22.75,22.75,22.75,200,22.581169
2015-09-21,23.00,23.00,23.00,23.00,400,22.829314
2015-09-18,22.25,23.00,22.25,23.00,1300,22.829314
2015-09-17,22.00,22.00,22.00,22.00,200,21.836735
2015-09-16,23.50,23.50,23.50,23.50,000,23.325603
2015-09-15,23.50,23.50,23.50,23.50,100,23.325603
2015-09-14,23.50,23.50,23.50,23.50,000,23.325603
2015-09-11,23.50,23.50,23.50,23.50,000,23.325603
2015-09-10,23.50,23.50,23.50,23.50,000,23.325603
2015-09-09,22.459999,23.50,22.17,23.50,1000,23.325603
2015-09-08,22.00,22.10,22.00,22.10,3300,21.935993
2015-09-04,22.00,22.049999,22.00,22.049999,4000,21.886363
2015-09-03,22.00,22.00,22.00,22.00,300,21.836735
2015-09-02,22.00,22.00,22.00,22.00,000,21.836735
2015-09-01,22.00,22.00,22.00,22.00,000,21.836735
2015-08-31,21.60,22.049999,21.60,22.00,10200,21.836735
2015-08-28,21.549999,21.549999,21.51,21.549999,7000,21.390074
2015-08-27,21.65,21.65,21.65,21.65,1500,21.489332
2015-08-26,21.799999,21.799999,21.51,21.65,7600,21.489332
2015-08-25,22.00,22.00,22.00,22.00,1500,21.836735
2015-08-24,22.10,22.10,22.049999,22.049999,1100,21.886363
2015-08-21,22.00,22.00,22.00,22.00,200,21.836735
2015-08-20,21.75,21.75,21.75,21.75,400,21.58859
2015-08-19,21.799999,21.799999,21.75,21.75,600,21.58859
2015-08-18,22.00,22.00,22.00,22.00,000,21.836735
2015-08-17,21.799999,22.00,21.799999,22.00,10400,21.836735
2015-08-14,21.75,21.75,21.75,21.75,100,21.58859
2015-08-13,21.50,21.50,21.50,21.50,200,21.340446
2015-08-12,21.50,21.50,21.299999,21.299999,1200,21.141929
2015-08-11,21.50,21.629999,21.50,21.629999,300,21.46948
2015-08-10,21.75,22.200001,21.75,22.200001,1300,22.035252
2015-08-07,21.40,21.75,21.40,21.75,900,21.58859
2015-08-06,21.75,21.75,21.40,21.40,1200,21.241187
2015-08-05,22.00,22.00,22.00,22.00,000,21.836735
2015-08-04,22.00,22.00,22.00,22.00,1200,21.836735
2015-08-03,21.450001,22.00,21.450001,22.00,13400,21.77718
2015-07-31,21.35,21.35,21.35,21.35,100,21.133763
2015-07-30,21.190001,21.190001,21.16,21.16,200,20.945687
2015-07-29,21.15,21.15,21.15,21.15,500,20.935788
2015-07-28,21.200001,21.200001,21.15,21.15,8200,20.935788
2015-07-27,21.25,21.25,21.200001,21.200001,6100,20.985283
2015-07-24,21.299999,21.40,21.299999,21.299999,10100,21.084269
2015-07-23,21.35,21.35,21.110001,21.25,600,21.034776
2015-07-22,21.299999,21.299999,21.299999,21.299999,1300,21.084269
2015-07-21,21.200001,21.200001,21.200001,21.200001,500,20.985283
2015-07-20,21.450001,21.450001,21.450001,21.450001,000,21.232751
2015-07-17,21.450001,21.450001,21.450001,21.450001,200,21.232751
2015-07-16,21.35,21.35,21.35,21.35,000,21.133763
2015-07-15,21.35,21.35,21.35,21.35,000,21.133763
2015-07-14,21.35,21.35,21.35,21.35,400,21.133763
2015-07-13,21.200001,21.200001,21.200001,21.200001,500,20.985283
2015-07-10,21.10,21.200001,21.10,21.200001,1800,20.985283
2015-07-09,21.25,21.25,21.25,21.25,000,21.034776
2015-07-08,21.35,21.35,21.200001,21.25,2000,21.034776
2015-07-07,21.25,21.25,21.25,21.25,000,21.034776
2015-07-06,21.25,21.25,21.25,21.25,2000,21.034776
2015-07-02,21.040001,21.040001,21.040001,21.040001,000,20.826904
2015-07-01,21.040001,21.040001,21.040001,21.040001,000,20.826904
2015-06-30,21.040001,21.040001,21.040001,21.040001,400,20.826904
2015-06-29,21.07,21.07,21.01,21.040001,3600,20.826904
2015-06-26,21.15,21.15,21.15,21.15,000,20.935788
2015-06-25,21.15,21.15,21.15,21.15,100,20.935788
2015-06-24,21.049999,21.049999,21.049999,21.049999,400,20.836801
2015-06-23,21.15,21.15,21.049999,21.049999,300,20.836801
2015-06-22,21.16,21.16,21.16,21.16,000,20.945687
2015-06-19,21.25,21.299999,21.16,21.16,2500,20.945687
2015-06-18,21.25,21.25,21.25,21.25,100,21.034776
2015-06-17,21.25,21.25,21.25,21.25,300,21.034776
2015-06-16,21.24,21.25,21.24,21.25,700,21.034776
2015-06-15,21.15,21.15,21.15,21.15,100,20.935788
2015-06-12,21.25,21.25,21.25,21.25,000,21.034776
2015-06-11,21.25,21.25,21.25,21.25,000,21.034776
2015-06-10,21.25,21.25,21.25,21.25,000,21.034776
2015-06-09,21.25,21.25,21.25,21.25,000,21.034776
2015-06-08,21.25,21.25,21.25,21.25,000,21.034776
2015-06-05,21.25,21.25,21.25,21.25,500,21.034776
2015-06-04,21.15,21.15,21.15,21.15,000,20.935788
2015-06-03,21.15,21.15,21.15,21.15,200,20.935788
2015-06-02,21.15,21.15,21.15,21.15,200,20.935788
2015-06-01,21.049999,21.049999,21.049999,21.049999,000,20.836801
2015-05-29,21.049999,21.049999,21.049999,21.049999,100,20.836801
2015-05-28,20.90,20.90,20.799999,20.799999,4000,20.589333
2015-05-27,20.85,20.85,20.85,20.85,200,20.638827
2015-05-26,21.110001,21.110001,21.00,21.00,33200,20.787308
2015-05-22,21.110001,21.110001,21.110001,21.110001,300,20.896194
2015-05-21,21.25,21.25,21.25,21.25,000,21.034776
2015-05-20,21.15,21.25,21.15,21.25,400,21.034776
2015-05-19,21.25,21.25,21.25,21.25,200,21.034776
2015-05-18,21.200001,21.200001,21.200001,21.200001,000,20.985283
2015-05-15,21.200001,21.200001,21.200001,21.200001,100,20.985283
2015-05-14,21.25,21.25,21.25,21.25,600,21.034776
2015-05-13,21.25,21.25,21.25,21.25,3900,21.034776
2015-05-12,21.48,21.48,21.48,21.48,000,21.262446
2015-05-11,21.48,21.48,21.48,21.48,200,21.262446
2015-05-08,21.50,21.50,21.50,21.50,1200,21.282244
2015-05-07,22.459999,22.459999,21.50,21.50,1300,21.282244
2015-05-06,21.50,22.00,21.50,22.00,600,21.77718
2015-05-05,21.40,21.40,21.40,21.40,300,21.183256
2015-05-04,21.34,21.40,21.34,21.40,2000,21.123864
2015-05-01,21.299999,21.34,21.299999,21.34,200,21.064639
2015-04-30,21.00,21.00,21.00,21.00,2000,20.729026
2015-04-29,21.15,21.15,21.10,21.10,200,20.827736
2015-04-28,21.200001,21.25,21.200001,21.25,400,20.9758
2015-04-27,21.200001,21.200001,21.200001,21.200001,000,20.926446
2015-04-24,21.00,21.200001,21.00,21.200001,7900,20.926446
2015-04-23,20.950001,20.950001,20.950001,20.950001,200,20.679672
2015-04-22,20.75,20.75,20.75,20.75,300,20.482252
2015-04-21,20.950001,20.950001,20.950001,20.950001,000,20.679672
2015-04-20,20.950001,20.950001,20.950001,20.950001,000,20.679672
2015-04-17,20.75,20.950001,20.75,20.950001,6100,20.679672
2015-04-16,21.00,21.01,21.00,21.01,1200,20.738897
2015-04-15,21.25,21.35,21.00,21.01,4900,20.738897
2015-04-14,21.00,21.00,21.00,21.00,300,20.729026
2015-04-13,20.799999,20.799999,20.799999,20.799999,000,20.531606
2015-04-10,20.799999,20.799999,20.799999,20.799999,400,20.531606
2015-04-09,21.00,21.00,21.00,21.00,000,20.729026
2015-04-08,21.00,21.00,21.00,21.00,000,20.729026
2015-04-07,21.00,21.00,21.00,21.00,1000,20.729026
2015-04-06,21.00,21.00,21.00,21.00,000,20.729026
2015-04-02,21.00,21.00,21.00,21.00,500,20.729026
2015-04-01,21.00,21.00,21.00,21.00,300,20.729026
2015-03-31,20.90,21.00,20.90,21.00,1400,20.729026
2015-03-30,20.75,20.75,20.75,20.75,100,20.482252
2015-03-27,20.75,20.75,20.75,20.75,600,20.482252
2015-03-26,20.75,20.75,20.75,20.75,000,20.482252
2015-03-25,20.85,20.90,20.75,20.75,3800,20.482252
2015-03-24,20.75,20.75,20.75,20.75,000,20.482252
2015-03-23,20.90,20.90,20.75,20.75,1600,20.482252
2015-03-20,20.76,21.00,20.75,20.799999,3400,20.531606
2015-03-19,21.00,21.00,21.00,21.00,000,20.729026
2015-03-18,21.00,21.00,21.00,21.00,000,20.729026
2015-03-17,20.91,21.00,20.91,21.00,200,20.729026
2015-03-16,20.82,20.82,20.77,20.799999,6000,20.531606
2015-03-13,20.90,21.10,20.90,21.00,900,20.729026
2015-03-12,21.00,21.00,21.00,21.00,100,20.729026
2015-03-11,20.85,20.85,20.85,20.85,000,20.580962
2015-03-10,20.860001,20.860001,20.780001,20.85,1800,20.580962
2015-03-09,20.90,20.90,20.90,20.90,100,20.630316
2015-03-06,21.00,21.00,21.00,21.00,1000,20.729026
2015-03-05,21.00,21.00,20.90,20.90,4200,20.630316
2015-03-04,21.00,21.00,21.00,21.00,000,20.729026
2015-03-03,21.00,21.00,21.00,21.00,1000,20.729026
2015-03-02,21.00,21.00,21.00,21.00,1200,20.729026
2015-02-27,21.00,21.00,21.00,21.00,000,20.729026
2015-02-26,21.00,21.00,21.00,21.00,000,20.729026
2015-02-25,21.049999,21.049999,20.940001,21.00,4300,20.729026
2015-02-24,21.10,21.10,21.00,21.00,17600,20.729026
2015-02-23,21.15,21.15,21.00,21.00,8800,20.729026
2015-02-20,21.200001,21.25,21.10,21.129999,21200,20.857348
2015-02-19,21.299999,21.40,21.10,21.15,68400,20.87709
2015-02-18,21.35,21.35,21.00,21.299999,18100,21.025154
2015-02-17,21.40,21.40,21.299999,21.299999,3200,21.025154
2015-02-13,21.35,21.35,21.35,21.35,000,21.07451
2015-02-12,21.35,21.35,21.35,21.35,300,21.07451
2015-02-11,21.35,21.35,21.35,21.35,200,21.07451
2015-02-10,21.35,21.35,21.299999,21.35,2500,21.07451
2015-02-09,21.35,21.35,21.35,21.35,300,21.07451
2015-02-06,21.35,21.35,21.35,21.35,700,21.07451
2015-02-05,21.35,21.35,21.35,21.35,000,21.07451
2015-02-04,21.35,21.35,21.35,21.35,400,21.07451
2015-02-03,21.35,21.35,21.35,21.35,000,21.07451
2015-02-02,21.35,21.35,21.35,21.35,300,21.015284
2015-01-30,21.299999,21.299999,21.299999,21.299999,200,20.966067
2015-01-29,21.299999,21.299999,21.299999,21.299999,000,20.966067
2015-01-28,21.299999,21.299999,21.299999,21.299999,000,20.966067
2015-01-27,21.35,21.35,21.299999,21.299999,800,20.966067
2015-01-26,21.450001,21.450001,21.450001,21.450001,000,21.113717
2015-01-23,21.450001,21.450001,21.450001,21.450001,500,21.113717
2015-01-22,21.450001,21.450001,21.450001,21.450001,000,21.113717
2015-01-21,21.450001,21.450001,21.450001,21.450001,000,21.113717
2015-01-20,21.450001,21.450001,21.450001,21.450001,100,21.113717
2015-01-16,21.51,21.51,21.51,21.51,000,21.172776
2015-01-15,21.60,21.60,21.450001,21.51,40500,21.172776
2015-01-14,21.60,21.65,21.60,21.65,40500,21.31058
2015-01-13,21.65,21.700001,21.65,21.65,40700,21.31058
2015-01-12,21.75,21.75,21.75,21.75,500,21.409013
2015-01-09,21.75,21.75,21.75,21.75,300,21.409013
2015-01-08,21.65,21.75,21.65,21.75,900,21.409013
2015-01-07,21.75,21.75,21.75,21.75,200,21.409013
2015-01-06,21.75,21.75,21.75,21.75,500,21.409013
2015-01-05,21.75,21.75,21.75,21.75,500,21.409013
2015-01-02,21.75,21.799999,21.75,21.77,21200,21.4287
2014-12-31,21.75,21.75,21.75,21.75,400,21.409013
2014-12-30,21.75,21.75,21.75,21.75,000,21.409013
2014-12-29,21.75,21.75,21.75,21.75,000,21.409013
2014-12-26,21.75,21.75,21.75,21.75,000,21.409013
2014-12-24,21.75,21.75,21.75,21.75,600,21.409013
2014-12-23,21.75,21.75,21.65,21.65,3600,21.31058
2014-12-22,21.719999,21.719999,21.719999,21.719999,000,21.379482
2014-12-19,21.610001,21.719999,21.610001,21.719999,1600,21.379482
2014-12-18,21.75,21.75,21.75,21.75,8100,21.409013
2014-12-17,21.75,21.75,21.75,21.75,000,21.409013
2014-12-16,21.799999,21.799999,21.700001,21.75,4000,21.409013
2014-12-15,21.75,21.75,21.75,21.75,7000,21.409013
2014-12-12,21.75,21.75,21.299999,21.299999,8400,20.966067
2014-12-11,21.75,21.75,21.75,21.75,10500,21.409013
2014-12-10,21.75,21.75,21.75,21.75,200,21.409013
2014-12-09,21.75,21.75,21.75,21.75,1500,21.409013
2014-12-08,21.50,21.75,21.50,21.75,800,21.409013
2014-12-05,21.799999,21.799999,21.25,21.25,3600,20.916852
2014-12-04,21.799999,21.799999,21.50,21.75,7800,21.409013
2014-12-03,21.950001,21.950001,21.75,21.799999,2300,21.458228
2014-12-02,21.549999,22.00,21.549999,22.00,5700,21.655093
2014-12-01,22.00,22.00,22.00,22.00,6400,21.655093
2014-11-28,21.60,21.700001,21.549999,21.700001,2600,21.359797
2014-11-26,21.50,21.50,21.50,21.50,000,21.162932
2014-11-25,21.50,21.50,21.50,21.50,000,21.162932
2014-11-24,21.50,21.50,21.50,21.50,000,21.162932
2014-11-21,21.50,21.50,21.50,21.50,1000,21.162932
2014-11-20,21.450001,21.50,21.450001,21.50,400,21.162932
2014-11-19,21.25,21.25,21.25,21.25,000,20.916852
2014-11-18,21.50,21.50,21.25,21.25,1300,20.916852
2014-11-17,21.50,21.50,21.50,21.50,000,21.162932
2014-11-14,21.50,21.50,21.450001,21.450001,700,21.113717
2014-11-13,21.07,21.07,21.07,21.07,000,20.739673
2014-11-12,21.07,21.07,21.07,21.07,100,20.739673
2014-11-11,21.75,21.75,21.75,21.75,000,21.409013
2014-11-10,21.75,21.75,21.75,21.75,300,21.409013
2014-11-07,21.75,21.75,21.75,21.75,000,21.409013
2014-11-06,21.75,21.75,21.75,21.75,000,21.409013
2014-11-05,21.75,21.75,21.75,21.75,1100,21.409013
2014-11-04,21.879999,21.90,21.879999,21.90,300,21.556661
2014-11-03,21.950001,21.950001,21.90,21.90,1500,21.556661
2014-10-31,21.25,22.459999,21.25,22.459999,700,22.107881
2014-10-30,21.00,21.00,20.799999,20.90,4000,20.572338
2014-10-29,21.00,21.00,21.00,21.00,500,20.670771
2014-10-28,21.25,21.25,21.25,21.25,100,20.916852
2014-10-27,20.75,20.75,20.75,20.75,000,20.42469
2014-10-24,20.75,20.75,20.75,20.75,000,20.42469
2014-10-23,20.75,20.75,20.75,20.75,000,20.42469
2014-10-22,21.00,22.00,20.75,20.75,900,20.42469
2014-10-21,21.00,21.00,21.00,21.00,000,20.670771
2014-10-20,21.00,21.00,21.00,21.00,000,20.670771
2014-10-17,21.00,21.00,21.00,21.00,000,20.670771
2014-10-16,21.00,21.00,21.00,21.00,000,20.670771
2014-10-15,21.00,21.00,21.00,21.00,000,20.670771
2014-10-14,21.15,21.15,21.00,21.00,600,20.670771
2014-10-13,21.139999,21.139999,21.139999,21.139999,200,20.808576
2014-10-10,21.52,21.52,21.52,21.52,100,21.182619
2014-10-09,21.75,21.75,21.75,21.75,000,21.409013
2014-10-08,21.799999,21.799999,21.75,21.75,800,21.409013
2014-10-07,21.959999,21.98,21.959999,21.98,1000,21.635407
2014-10-06,21.50,21.50,21.50,21.50,000,21.162932
2014-10-03,21.50,21.50,21.50,21.50,500,21.162932
2014-10-02,20.700001,22.889999,20.700001,22.50,2900,22.147255
2014-10-01,20.549999,22.889999,20.549999,20.75,3600,20.42469
2014-09-30,20.549999,20.549999,20.549999,20.549999,500,20.227825
2014-09-29,20.549999,20.549999,20.50,20.549999,2600,20.227825
2014-09-26,20.549999,20.549999,20.450001,20.549999,4300,20.227825
2014-09-25,20.60,20.60,20.549999,20.549999,300,20.227825
2014-09-24,21.00,21.00,21.00,21.00,100,20.670771
2014-09-23,21.00,21.00,21.00,21.00,000,20.670771
2014-09-22,21.00,21.00,21.00,21.00,100,20.670771
2014-09-19,21.25,21.25,21.25,21.25,100,20.916852
2014-09-18,21.50,21.50,21.50,21.50,000,21.162932
2014-09-17,21.25,21.50,21.25,21.50,600,21.162932
2014-09-16,21.40,21.40,21.40,21.40,000,21.0645
2014-09-15,21.40,21.40,21.40,21.40,100,21.0645
2014-09-12,21.49,21.49,21.49,21.49,000,21.153089
2014-09-11,21.49,21.49,21.49,21.49,000,21.153089
2014-09-10,21.49,21.49,21.49,21.49,000,21.153089
2014-09-09,21.49,21.49,21.49,21.49,000,21.153089
2014-09-08,21.25,21.49,21.25,21.49,400,21.153089
2014-09-05,21.25,21.25,21.25,21.25,000,20.916852
2014-09-04,21.25,21.25,21.25,21.25,000,20.916852
2014-09-03,21.25,21.25,21.25,21.25,000,20.916852
2014-09-02,21.25,21.299999,21.25,21.25,1000,20.916852
2014-08-29,21.700001,21.700001,21.700001,21.700001,000,21.359797
2014-08-28,21.700001,21.700001,21.700001,21.700001,000,21.359797
2014-08-27,21.700001,21.700001,21.700001,21.700001,000,21.359797
2014-08-26,22.00,22.00,21.700001,21.700001,700,21.359797
2014-08-25,20.75,20.75,20.75,20.75,000,20.42469
2014-08-22,20.75,20.75,20.75,20.75,000,20.42469
2014-08-21,20.75,20.75,20.75,20.75,100,20.42469
2014-08-20,19.799999,19.799999,19.799999,19.799999,000,19.489583
2014-08-19,19.950001,19.950001,19.799999,19.799999,1700,19.489583
2014-08-18,19.950001,20.00,19.950001,20.00,3200,19.686449
2014-08-15,20.00,20.00,20.00,20.00,000,19.686449
2014-08-14,20.00,20.00,20.00,20.00,000,19.686449
2014-08-13,20.00,20.00,20.00,20.00,000,19.686449
2014-08-12,20.00,20.00,20.00,20.00,83600,19.686449
2014-08-11,20.00,20.00,19.950001,19.950001,400,19.637233
2014-08-08,19.90,19.90,19.90,19.90,100,19.588016
2014-08-07,20.00,20.00,20.00,20.00,400,19.686449
2014-08-06,20.00,20.00,20.00,20.00,300,19.686449
2014-08-05,20.00,20.00,20.00,20.00,300,19.686449
2014-08-04,19.940001,20.00,19.75,19.75,3200,19.440368
2014-08-01,19.75,19.90,19.75,19.90,600,19.588016
2014-07-31,19.40,19.780001,19.40,19.75,3100,19.440368
2014-07-30,19.60,19.60,19.40,19.40,200,19.095855
2014-07-29,19.50,19.60,19.50,19.60,3800,19.29272
2014-07-28,19.50,19.52,19.50,19.50,500,19.194287
2014-07-25,19.50,19.50,19.50,19.50,2000,19.194287
2014-07-24,19.50,19.50,19.50,19.50,000,19.194287
2014-07-23,19.50,19.50,19.50,19.50,000,19.194287
2014-07-22,19.50,19.50,19.50,19.50,000,19.194287
2014-07-21,19.459999,19.50,19.459999,19.50,1300,19.194287
2014-07-18,19.25,19.450001,19.25,19.450001,500,19.145072
2014-07-17,19.25,19.25,19.25,19.25,200,18.948207
2014-07-16,19.23,19.23,19.23,19.23,000,18.92852
2014-07-15,19.00,19.23,19.00,19.23,400,18.92852
2014-07-14,19.49,19.49,19.49,19.49,000,19.184444
2014-07-11,19.49,19.49,19.49,19.49,000,19.184444
2014-07-10,19.49,19.49,19.49,19.49,000,19.184444
2014-07-09,19.49,19.49,19.49,19.49,500,19.184444
2014-07-08,19.49,19.49,19.49,19.49,000,19.184444
2014-07-07,19.49,19.49,19.49,19.49,000,19.184444
2014-07-03,19.49,19.49,19.49,19.49,000,19.184444
2014-07-02,19.49,19.49,19.49,19.49,000,19.184444
2014-07-01,19.49,19.49,19.49,19.49,000,19.184444
2014-06-30,19.25,19.49,19.25,19.49,400,19.184444
2014-06-27,19.25,19.25,19.25,19.25,7700,18.948207
2014-06-26,19.25,19.25,19.25,19.25,6600,18.948207
2014-06-25,19.25,19.25,19.25,19.25,000,18.948207
2014-06-24,19.25,19.25,19.25,19.25,4300,18.948207
2014-06-23,19.25,19.25,19.25,19.25,100,18.948207
2014-06-20,19.49,19.49,19.49,19.49,000,19.184444
2014-06-19,19.49,19.49,19.49,19.49,000,19.184444
2014-06-18,19.49,19.49,19.49,19.49,200,19.184444
2014-06-17,19.00,19.48,19.00,19.48,1700,19.1746
2014-06-16,19.00,19.00,19.00,19.00,1100,18.702126
2014-06-13,18.90,19.00,18.90,19.00,1000,18.702126
2014-06-12,18.799999,18.799999,18.799999,18.799999,000,18.505261
2014-06-11,18.799999,18.799999,18.799999,18.799999,100,18.505261
2014-06-10,18.90,18.90,18.90,18.90,000,18.603694
2014-06-09,18.90,18.90,18.90,18.90,1400,18.603694
2014-06-06,18.90,18.90,18.85,18.85,2100,18.554478
2014-06-05,18.799999,18.799999,18.799999,18.799999,000,18.505261
2014-06-04,18.799999,18.799999,18.799999,18.799999,000,18.505261
2014-06-03,18.90,18.90,18.799999,18.799999,500,18.505261
2014-06-02,19.00,19.00,19.00,19.00,100,18.702126
2014-05-30,19.00,19.00,18.51,18.799999,3400,18.505261
2014-05-29,19.00,19.00,18.90,18.90,1000,18.603694
2014-05-28,19.48,19.48,18.90,18.90,1000,18.603694
2014-05-27,19.00,19.00,19.00,19.00,200,18.702126
2014-05-23,19.00,19.00,19.00,19.00,1800,18.702126
2014-05-22,19.00,19.00,19.00,19.00,000,18.702126
2014-05-21,19.00,19.00,19.00,19.00,2800,18.702126
2014-05-20,19.00,19.00,19.00,19.00,000,18.702126
2014-05-19,19.00,19.00,19.00,19.00,000,18.702126
2014-05-16,19.00,19.00,19.00,19.00,000,18.702126
2014-05-15,19.00,19.00,19.00,19.00,1000,18.702126
2014-05-14,18.98,19.00,18.98,19.00,3000,18.702126
2014-05-13,18.75,18.75,18.75,18.75,500,18.456046
2014-05-12,18.75,18.75,18.75,18.75,000,18.456046
2014-05-09,18.75,18.75,18.75,18.75,300,18.456046
2014-05-08,18.75,18.75,18.75,18.75,000,18.456046
2014-05-07,18.75,18.75,18.75,18.75,600,18.456046
2014-05-06,18.75,18.75,18.75,18.75,000,18.456046
2014-05-05,18.75,18.75,18.75,18.75,800,18.456046
2014-05-02,18.75,18.75,18.75,18.75,700,18.456046
2014-05-01,18.51,18.51,18.51,18.51,500,18.219808
2014-04-30,18.700001,18.700001,18.700001,18.700001,000,18.40683
2014-04-29,18.700001,18.700001,18.700001,18.700001,000,18.40683
2014-04-28,18.700001,18.700001,18.700001,18.700001,000,18.40683
2014-04-25,18.700001,18.700001,18.700001,18.700001,000,18.40683
2014-04-24,18.700001,18.700001,18.700001,18.700001,000,18.40683
2014-04-23,19.00,19.00,18.700001,18.700001,700,18.40683
2014-04-22,19.00,19.00,18.799999,18.799999,500,18.505261
2014-04-21,19.00,19.00,19.00,19.00,100,18.702126
2014-04-17,19.450001,19.450001,19.450001,19.450001,200,19.145072
2014-04-16,19.50,19.50,19.50,19.50,000,19.194287
2014-04-15,18.75,20.00,18.75,19.50,2400,19.194287
2014-04-14,18.65,18.65,18.65,18.65,000,18.357613
2014-04-11,18.50,18.65,18.50,18.65,9100,18.357613
2014-04-10,18.50,18.50,18.50,18.50,3700,18.209965
2014-04-09,18.50,18.50,18.50,18.50,1700,18.209965
2014-04-08,18.50,18.50,18.50,18.50,500,18.209965
2014-04-07,18.50,18.50,18.50,18.50,1300,18.209965
2014-04-04,18.60,18.60,18.50,18.50,200,18.209965
2014-04-03,18.65,18.65,18.65,18.65,000,18.357613
2014-04-02,18.65,18.65,18.65,18.65,000,18.357613
2014-04-01,18.65,18.65,18.65,18.65,300,18.357613
2014-03-31,18.50,18.67,18.50,18.67,6100,18.3773
2014-03-28,18.50,18.75,18.50,18.75,7200,18.456046
2014-03-27,18.50,18.50,18.50,18.50,000,18.209965
2014-03-26,18.50,18.50,18.50,18.50,000,18.209965
2014-03-25,18.50,18.50,18.50,18.50,30400,18.209965
2014-03-24,18.60,18.700001,18.50,18.50,5500,18.209965
2014-03-21,18.549999,18.549999,18.549999,18.549999,000,18.25918
2014-03-20,18.549999,18.549999,18.549999,18.549999,500,18.25918
2014-03-19,18.59,18.60,18.59,18.60,1200,18.308398
2014-03-18,18.700001,18.700001,18.129999,18.60,6700,18.308398
2014-03-17,18.50,18.50,18.50,18.50,800,18.209965
2014-03-14,18.50,18.50,18.50,18.50,500,18.209965
2014-03-13,18.700001,18.700001,18.700001,18.700001,000,18.40683
2014-03-12,18.700001,18.700001,18.700001,18.700001,000,18.40683
2014-03-11,18.700001,18.700001,18.700001,18.700001,500,18.40683
2014-03-10,18.50,18.50,18.50,18.50,000,18.209965
2014-03-07,18.50,18.50,18.50,18.50,000,18.209965
2014-03-06,18.50,18.50,18.50,18.50,4000,18.209965
2014-03-05,18.50,18.50,18.50,18.50,1800,18.209965
2014-03-04,18.700001,18.700001,18.50,18.50,1200,18.209965
2014-03-03,18.50,18.50,18.50,18.50,500,18.209965
2014-02-28,18.700001,18.700001,18.700001,18.700001,000,18.40683
2014-02-27,18.700001,18.700001,18.700001,18.700001,000,18.40683
2014-02-26,18.700001,18.700001,18.700001,18.700001,600,18.40683
2014-02-25,18.700001,18.700001,18.700001,18.700001,300,18.40683
2014-02-24,18.790001,18.790001,18.790001,18.790001,400,18.495419
2014-02-21,18.790001,18.790001,18.790001,18.790001,000,18.495419
2014-02-20,18.790001,18.790001,18.790001,18.790001,4200,18.495419
2014-02-19,18.700001,18.790001,18.700001,18.790001,1100,18.495419
2014-02-18,18.700001,18.700001,18.700001,18.700001,200,18.40683
2014-02-14,18.50,18.50,18.50,18.50,000,18.209965
2014-02-13,18.50,18.50,18.50,18.50,000,18.209965
2014-02-12,18.50,18.50,18.50,18.50,300,18.209965
2014-02-11,18.50,18.700001,18.50,18.700001,2000,18.40683
2014-02-10,18.50,18.50,18.50,18.50,100,18.209965
2014-02-07,18.639999,18.639999,18.639999,18.639999,000,18.347769
2014-02-06,18.639999,18.639999,18.639999,18.639999,000,18.347769
2014-02-05,18.639999,18.639999,18.639999,18.639999,000,18.347769
2014-02-04,18.639999,18.639999,18.639999,18.639999,300,18.347769
2014-02-03,18.65,18.65,18.65,18.65,000,18.357613
2014-01-31,18.65,18.65,18.65,18.65,300,18.357613
2014-01-30,18.65,18.65,18.65,18.65,300,18.357613
2014-01-29,18.58,18.58,18.58,18.58,000,18.288711
2014-01-28,18.58,18.60,18.58,18.58,1200,18.288711
2014-01-27,18.50,18.50,18.50,18.50,600,18.209965
2014-01-24,18.60,18.60,18.50,18.50,99900,18.209965
2014-01-23,18.51,18.51,18.49,18.49,2100,18.200121
2014-01-22,18.700001,18.700001,18.700001,18.700001,000,18.40683
2014-01-21,18.700001,18.700001,18.700001,18.700001,200,18.40683
2014-01-17,18.75,18.75,18.75,18.75,000,18.456046
2014-01-16,18.75,18.75,18.75,18.75,000,18.456046
2014-01-15,18.75,18.75,18.75,18.75,000,18.456046
2014-01-14,18.75,18.75,18.75,18.75,000,18.456046
2014-01-13,18.75,18.75,18.75,18.75,000,18.456046
2014-01-10,18.75,18.75,18.75,18.75,100,18.456046
2014-01-09,18.50,18.50,18.50,18.50,000,18.209965
2014-01-08,18.50,18.50,18.50,18.50,100,18.209965
2014-01-07,18.049999,18.75,18.049999,18.75,600,18.456046
2014-01-06,18.790001,18.790001,18.790001,18.790001,200,18.495419
2014-01-03,18.700001,18.700001,18.700001,18.700001,000,18.40683
2014-01-02,18.700001,18.700001,18.700001,18.700001,000,18.40683
2013-12-31,18.65,18.790001,18.65,18.700001,600,18.40683
2013-12-30,18.780001,18.790001,18.780001,18.790001,3200,18.495419
2013-12-27,18.780001,18.780001,18.780001,18.780001,100,18.485576
2013-12-26,18.60,18.60,18.60,18.60,500,18.308398
2013-12-24,18.50,18.50,18.50,18.50,15000,18.209965
2013-12-23,18.65,18.65,18.65,18.65,000,18.357613
2013-12-20,18.65,18.65,18.65,18.65,100,18.357613
2013-12-19,18.40,18.40,18.40,18.40,000,18.111532
2013-12-18,18.40,18.40,18.40,18.40,000,18.111532
2013-12-17,18.40,18.40,18.40,18.40,000,18.111532
2013-12-16,18.40,18.50,18.049999,18.40,2900,18.111532
2013-12-13,18.50,18.50,18.50,18.50,000,18.209965
2013-12-12,18.50,18.50,18.50,18.50,000,18.209965
2013-12-11,18.50,18.50,18.50,18.50,20000,18.209965
2013-12-10,18.75,18.75,18.75,18.75,100,18.456046
2013-12-09,18.75,18.75,18.700001,18.700001,26600,18.40683
2013-12-06,18.50,18.84,18.50,18.84,8800,18.544635
2013-12-05,18.50,18.50,18.50,18.50,20200,18.209965
2013-12-04,18.40,18.40,18.40,18.40,200,18.111532
2013-12-03,18.50,18.50,18.50,18.50,000,18.209965
2013-12-02,18.50,18.50,18.50,18.50,100,18.209965
2013-11-29,18.50,18.50,18.50,18.50,300,18.209965
2013-11-27,18.50,18.50,18.50,18.50,200,18.209965
2013-11-26,18.35,18.50,18.059999,18.50,1400,18.209965
2013-11-25,18.639999,18.639999,18.549999,18.549999,1400,18.25918
2013-11-22,18.700001,18.700001,18.549999,18.68,600,18.387143
2013-11-21,18.700001,18.700001,18.700001,18.700001,000,18.40683
2013-11-20,18.700001,18.700001,18.700001,18.700001,100,18.40683
2013-11-19,18.60,18.60,18.60,18.60,000,18.308398
2013-11-18,18.549999,18.60,18.549999,18.60,1200,18.308398
2013-11-15,18.549999,18.549999,18.549999,18.549999,300,18.25918
2013-11-14,18.549999,18.549999,18.549999,18.549999,000,18.25918
2013-11-13,18.549999,18.549999,18.549999,18.549999,000,18.25918
2013-11-12,18.549999,18.549999,18.549999,18.549999,000,18.25918
2013-11-11,18.549999,18.549999,18.549999,18.549999,000,18.25918
2013-11-08,18.549999,18.549999,18.549999,18.549999,000,18.25918
2013-11-07,18.549999,18.549999,18.549999,18.549999,1000,18.25918
2013-11-06,18.549999,18.549999,18.549999,18.549999,000,18.25918
2013-11-05,18.549999,18.549999,18.549999,18.549999,1000,18.25918
2013-11-04,18.549999,18.549999,18.549999,18.549999,000,18.25918
2013-11-01,18.60,18.60,18.549999,18.549999,400,18.25918
2013-10-31,18.780001,18.889999,18.780001,18.889999,1400,18.59385
2013-10-30,18.75,18.780001,18.60,18.60,1600,18.308398
2013-10-29,18.780001,18.780001,18.75,18.75,35200,18.411751
2013-10-28,18.780001,18.780001,18.780001,18.780001,500,18.441211
2013-10-25,18.450001,18.700001,18.450001,18.549999,4700,18.215358
2013-10-24,18.40,18.40,18.40,18.40,1200,18.068065
2013-10-23,18.35,18.35,18.35,18.35,000,18.018967
2013-10-22,18.27,18.35,18.27,18.35,500,18.018967
2013-10-21,18.299999,18.299999,18.299999,18.299999,100,17.969868
2013-10-18,18.299999,18.299999,18.299999,18.299999,000,17.969868
2013-10-17,18.299999,18.299999,18.299999,18.299999,000,17.969868
2013-10-16,18.299999,18.299999,18.299999,18.299999,400,17.969868
2013-10-15,18.34,18.34,18.26,18.26,11100,17.930591
2013-10-14,18.280001,18.450001,18.16,18.450001,1000,18.117164
2013-10-11,18.25,18.25,18.25,18.25,13000,17.920771
2013-10-10,18.299999,18.299999,18.25,18.25,3700,17.920771
2013-10-09,18.299999,18.299999,18.299999,18.299999,300,17.969868
2013-10-08,18.50,18.50,18.50,18.50,000,18.166261
2013-10-07,18.27,18.50,18.25,18.50,40900,18.166261
2013-10-04,18.700001,18.700001,18.700001,18.700001,3400,18.362654
2013-10-03,18.50,18.799999,18.43,18.799999,23900,18.460848
2013-10-02,18.290001,18.40,18.290001,18.32,2900,17.989508
2013-10-01,18.25,18.290001,18.25,18.27,5900,17.940411
2013-09-30,18.25,18.25,18.25,18.25,200,17.920771
2013-09-27,18.25,18.25,18.25,18.25,1500,17.920771
2013-09-26,18.26,18.26,18.25,18.25,1500,17.920771
2013-09-25,18.50,18.610001,17.950001,18.610001,37800,18.274277
2013-09-24,18.50,18.52,18.469999,18.51,4600,18.176081
2013-09-23,18.50,18.50,18.50,18.50,300,18.166261
2013-09-20,18.879999,18.879999,18.879999,18.879999,1200,18.539405
2013-09-19,18.50,18.75,18.50,18.549999,3800,18.215358
2013-09-18,18.50,18.50,18.50,18.50,000,18.166261
2013-09-17,18.469999,18.52,18.469999,18.50,2200,18.166261
2013-09-16,18.469999,18.719999,18.469999,18.50,3900,18.166261
2013-09-13,18.67,18.67,18.40,18.40,1200,18.068065
2013-09-12,18.48,18.48,18.48,18.48,000,18.146621
2013-09-11,18.66,18.73,18.48,18.48,3000,18.146621
2013-09-10,19.00,19.00,18.799999,18.82,1000,18.480488
2013-09-09,19.00,19.00,18.879999,18.950001,1800,18.608144
2013-09-06,18.91,19.10,18.74,19.10,4500,18.755437
2013-09-05,19.200001,19.200001,19.200001,19.200001,200,18.853634
2013-09-04,19.10,19.10,19.10,19.10,000,18.755437
2013-09-03,19.09,19.10,19.09,19.10,200,18.755437
2013-08-30,19.09,19.09,18.950001,18.950001,700,18.608144
2013-08-29,19.10,19.10,19.08,19.08,300,18.735798
2013-08-28,19.08,19.08,19.08,19.08,100,18.735798
2013-08-27,18.92,18.92,18.889999,18.92,1100,18.578684
2013-08-26,18.92,18.92,18.92,18.92,000,18.578684
2013-08-23,18.92,18.92,18.92,18.92,000,18.578684
2013-08-22,18.950001,18.950001,18.92,18.92,200,18.578684
2013-08-21,19.00,19.00,19.00,19.00,000,18.657241
2013-08-20,19.07,19.07,18.889999,19.00,800,18.657241
2013-08-19,19.040001,19.040001,18.99,18.99,300,18.647421
2013-08-16,18.99,19.02,18.99,19.02,10700,18.676881
2013-08-15,18.879999,18.879999,18.879999,18.879999,000,18.539405
2013-08-14,18.879999,18.879999,18.879999,18.879999,100,18.539405
2013-08-13,18.889999,18.889999,18.889999,18.889999,100,18.549225
2013-08-12,18.73,18.73,18.73,18.73,000,18.392111
2013-08-09,19.139999,19.139999,18.73,18.73,400,18.392111
2013-08-08,19.15,19.15,19.15,19.15,000,18.804535
2013-08-07,19.49,19.49,19.15,19.15,600,18.804535
2013-08-06,19.17,19.17,19.17,19.17,000,18.824174
2013-08-05,19.17,19.17,19.17,19.17,100,18.824174
2013-08-02,19.33,19.33,19.33,19.33,000,18.981288
2013-08-01,19.370001,19.370001,19.25,19.33,700,18.981288
2013-07-31,19.26,19.27,19.25,19.25,500,18.902731
2013-07-30,19.18,19.18,19.18,19.18,100,18.833994
2013-07-29,19.209999,19.389999,19.200001,19.389999,1100,18.996017
2013-07-26,19.23,19.469999,19.209999,19.469999,75500,19.074391
2013-07-25,19.299999,19.48,19.219999,19.48,9100,19.084188
2013-07-24,19.23,19.440001,19.200001,19.440001,400,19.045002
2013-07-23,19.23,19.49,19.23,19.49,300,19.093985
2013-07-22,19.00,19.50,19.00,19.48,5600,19.084188
2013-07-19,18.75,19.10,18.75,19.00,5000,18.613942
2013-07-18,18.700001,19.00,18.700001,19.00,2200,18.613942
2013-07-17,19.02,19.02,19.02,19.02,000,18.633536
2013-07-16,19.02,19.02,19.02,19.02,000,18.633536
2013-07-15,19.02,19.02,19.02,19.02,000,18.633536
2013-07-12,19.02,19.02,19.02,19.02,000,18.633536
2013-07-11,19.02,19.02,19.02,19.02,300,18.633536
2013-07-10,19.10,19.10,19.10,19.10,000,18.71191
2013-07-09,19.10,19.10,19.10,19.10,000,18.71191
2013-07-08,19.190001,19.190001,19.10,19.10,6100,18.71191
2013-07-05,19.049999,19.049999,19.049999,19.049999,000,18.662925
2013-07-03,19.049999,19.049999,19.049999,19.049999,000,18.662925
2013-07-02,19.049999,19.049999,19.049999,19.049999,000,18.662925
2013-07-01,19.049999,19.049999,19.049999,19.049999,000,18.662925
2013-06-28,19.10,19.10,19.00,19.049999,7300,18.662925
2013-06-27,19.07,19.10,19.02,19.10,600,18.71191
2013-06-26,19.10,19.10,19.08,19.09,1800,18.702113
2013-06-25,19.10,19.10,19.10,19.10,000,18.71191
2013-06-24,19.040001,19.33,19.00,19.10,10800,18.71191
2013-06-21,18.99,19.290001,18.93,19.290001,3200,18.89805
2013-06-20,18.85,18.85,18.85,18.85,2300,18.46699
2013-06-19,18.73,18.92,18.50,18.92,700,18.535567
2013-06-18,18.65,18.66,18.65,18.65,1200,18.271053
2013-06-17,18.549999,18.74,18.549999,18.74,200,18.359224
2013-06-14,18.549999,18.549999,18.549999,18.549999,1100,18.173084
2013-06-13,18.549999,18.559999,18.549999,18.559999,1500,18.182881
2013-06-12,18.58,18.58,18.58,18.58,200,18.202475
2013-06-11,18.559999,18.559999,18.559999,18.559999,200,18.182881
2013-06-10,18.799999,18.799999,18.549999,18.549999,700,18.173084
2013-06-07,18.459999,18.52,18.459999,18.52,400,18.143695
2013-06-06,18.450001,18.450001,18.450001,18.450001,100,18.075118
2013-06-05,18.549999,18.549999,18.549999,18.549999,100,18.173084
2013-06-04,18.60,18.60,18.60,18.60,100,18.222069
2013-06-03,18.75,18.75,18.65,18.65,1100,18.271053
2013-05-31,18.709999,18.799999,18.700001,18.700001,1000,18.320038
2013-05-30,18.700001,18.870001,18.700001,18.85,5900,18.46699
2013-05-29,18.67,18.85,18.67,18.85,1400,18.46699
2013-05-28,18.73,18.90,18.709999,18.84,3900,18.457193
2013-05-24,18.860001,18.860001,18.860001,18.860001,300,18.476787
2013-05-23,18.75,18.93,18.75,18.93,200,18.545364
2013-05-22,18.50,18.50,18.50,18.50,000,18.124101
2013-05-21,18.50,18.50,18.50,18.50,000,18.124101
2013-05-20,18.90,18.90,18.50,18.50,200,18.124101
2013-05-17,19.00,19.00,18.82,18.83,800,18.447396
2013-05-16,19.00,19.00,18.83,18.83,1300,18.447396
2013-05-15,18.90,18.90,18.889999,18.889999,300,18.506176
2013-05-14,18.99,18.99,18.860001,18.860001,1000,18.476787
2013-05-13,18.99,18.99,18.77,18.83,1000,18.447396
2013-05-10,18.90,18.90,18.90,18.90,000,18.515973
2013-05-09,18.90,18.90,18.90,18.90,000,18.515973
2013-05-08,18.90,18.90,18.90,18.90,100,18.515973
2013-05-07,18.98,18.98,18.98,18.98,000,18.594347
2013-05-06,18.98,18.98,18.98,18.98,000,18.594347
2013-05-03,18.719999,18.98,18.719999,18.98,1100,18.594347
2013-05-02,18.90,18.90,18.90,18.90,200,18.515973
2013-05-01,18.99,18.99,18.99,18.99,000,18.604145
2013-04-30,18.75,18.99,18.75,18.99,1100,18.604145
2013-04-29,18.90,18.90,18.90,18.90,000,18.515973
2013-04-26,18.90,18.90,18.90,18.90,200,18.471888
2013-04-25,18.780001,19.00,18.50,18.50,1600,18.080948
2013-04-24,18.82,18.82,18.82,18.82,100,18.3937
2013-04-23,18.870001,18.870001,18.870001,18.870001,100,18.442568
2013-04-22,18.84,18.84,18.84,18.84,000,18.413247
2013-04-19,19.26,19.26,18.84,18.84,500,18.413247
2013-04-18,19.389999,19.389999,19.389999,19.389999,100,18.950788
2013-04-17,19.02,19.379999,19.02,19.379999,200,18.941014
2013-04-16,19.10,19.10,18.99,19.00,4300,18.569623
2013-04-15,19.309999,19.309999,19.00,19.040001,3000,18.608718
2013-04-12,18.870001,19.200001,18.85,19.200001,1400,18.765093
2013-04-11,19.23,19.24,19.15,19.24,1400,18.804186
2013-04-10,19.01,19.459999,18.98,19.24,7100,18.804186
2013-04-09,19.219999,19.49,19.219999,19.26,2600,18.823734
2013-04-08,19.049999,19.25,19.049999,19.25,2100,18.81396
2013-04-05,19.00,19.25,18.860001,19.25,1200,18.81396
2013-04-04,19.049999,19.50,18.93,19.50,5600,19.058297
2013-04-03,19.10,19.50,19.10,19.50,400,19.058297
2013-04-02,19.200001,19.50,19.200001,19.50,700,19.058297
2013-04-01,19.25,19.50,19.00,19.50,3600,19.058297
2013-03-28,20.00,20.00,19.50,19.50,6100,19.058297
2013-03-27,19.40,19.40,19.40,19.40,000,18.960562
2013-03-26,19.40,19.40,19.40,19.40,000,18.960562
2013-03-25,19.40,19.40,19.40,19.40,100,18.960562
2013-03-22,19.40,19.40,19.40,19.40,700,18.960562
2013-03-21,19.549999,19.549999,18.67,19.40,6000,18.960562
2013-03-20,19.91,19.91,19.91,19.91,000,19.45901
2013-03-19,19.860001,19.950001,19.860001,19.91,2300,19.45901
2013-03-18,19.969999,20.120001,19.969999,20.120001,1700,19.664254
2013-03-15,19.99,20.26,19.50,20.030001,6300,19.576292
2013-03-14,20.17,20.450001,20.00,20.00,189400,19.546971
2013-03-13,20.200001,20.200001,20.200001,20.200001,100,19.742442
2013-03-12,20.00,20.00,20.00,20.00,000,19.546971
2013-03-11,19.51,20.00,19.50,20.00,4300,19.546971
2013-03-08,18.280001,19.540001,18.280001,19.50,1000,19.058297
2013-03-07,19.969999,20.00,19.969999,20.00,500,19.546971
2013-03-06,19.50,19.50,19.50,19.50,200,19.058297
2013-03-05,19.07,19.469999,19.07,19.469999,300,19.028976
2013-03-04,18.969999,18.99,18.969999,18.99,800,18.559849
2013-03-01,18.709999,18.799999,18.700001,18.799999,1900,18.374152
2013-02-28,18.17,18.17,18.17,18.17,400,17.758424
2013-02-27,18.43,18.43,18.049999,18.17,1600,17.758424
2013-02-26,18.40,18.40,18.40,18.40,000,17.983213
2013-02-25,18.620001,18.620001,18.40,18.40,300,17.983213
2013-02-22,18.700001,18.719999,18.700001,18.719999,500,18.295964
2013-02-21,18.700001,18.700001,18.700001,18.700001,000,18.276419
2013-02-20,18.65,18.75,18.65,18.700001,5800,18.276419
2013-02-19,18.90,18.90,18.65,18.65,300,18.22755
2013-02-15,18.379999,18.379999,18.379999,18.379999,000,17.963666
2013-02-14,18.379999,18.379999,18.379999,18.379999,000,17.963666
2013-02-13,18.379999,18.379999,18.379999,18.379999,300,17.963666
2013-02-12,18.190001,18.59,18.190001,18.59,600,18.16891
2013-02-11,18.00,18.50,18.00,18.200001,1100,17.787745
2013-02-08,18.00,18.040001,17.950001,17.950001,6500,17.543408
2013-02-07,18.110001,18.110001,18.110001,18.110001,300,17.699783
2013-02-06,18.049999,18.049999,18.049999,18.049999,200,17.641141
2013-02-05,18.209999,18.209999,17.950001,17.950001,200,17.543408
2013-02-04,18.200001,18.200001,18.200001,18.200001,1000,17.787745
2013-02-01,18.120001,18.120001,18.120001,18.120001,000,17.709557
2013-01-31,18.120001,18.120001,18.120001,18.120001,100,17.709557
2013-01-30,18.10,18.10,18.10,18.10,200,17.690009
2013-01-29,18.049999,18.049999,18.049999,18.049999,000,17.597161
2013-01-28,18.049999,18.120001,18.049999,18.049999,700,17.597161
2013-01-25,18.00,18.00,18.00,18.00,000,17.548416
2013-01-24,18.00,18.00,18.00,18.00,000,17.548416
2013-01-23,18.00,18.00,18.00,18.00,000,17.548416
2013-01-22,17.940001,18.00,17.940001,18.00,300,17.548416
2013-01-18,17.879999,17.879999,17.879999,17.879999,000,17.431426
2013-01-17,17.809999,17.879999,17.809999,17.879999,1300,17.431426
2013-01-16,17.66,18.82,17.620001,18.82,6100,18.347843
2013-01-15,17.65,17.75,17.65,17.719999,1400,17.27544
2013-01-14,17.809999,17.809999,17.809999,17.809999,200,17.363182
2013-01-11,17.50,17.50,17.50,17.50,000,17.06096
2013-01-10,17.620001,17.620001,17.50,17.50,400,17.06096
2013-01-09,17.52,17.52,17.50,17.50,1000,17.06096
2013-01-08,17.690001,17.690001,17.690001,17.690001,000,17.246194
2013-01-07,17.690001,17.690001,17.690001,17.690001,000,17.246194
2013-01-04,17.40,17.75,17.40,17.690001,2600,17.246194
2013-01-03,17.59,17.59,17.59,17.59,000,17.148702
2013-01-02,17.59,17.59,17.59,17.59,200,17.148702
2012-12-31,17.65,17.65,17.41,17.42,1400,16.982967
2012-12-28,17.41,17.65,17.41,17.57,600,17.129203
2012-12-27,17.35,17.65,17.35,17.40,5100,16.963468
2012-12-26,17.50,17.50,17.50,17.50,000,17.06096
2012-12-24,17.50,17.50,17.50,17.50,000,17.06096
2012-12-21,17.25,17.50,17.25,17.50,4900,17.06096
2012-12-20,17.799999,17.799999,17.26,17.49,700,17.05121
2012-12-19,17.200001,17.200001,17.200001,17.200001,000,16.768487
2012-12-18,17.200001,17.200001,17.200001,17.200001,3700,16.768487
2012-12-17,17.35,17.35,17.33,17.35,44300,16.914723
2012-12-14,17.35,17.35,17.35,17.35,000,16.914723
2012-12-13,17.35,17.35,17.35,17.35,100,16.914723
2012-12-12,17.35,17.35,17.35,17.35,700,16.914723
2012-12-11,17.360001,17.360001,17.360001,17.360001,100,16.924473
2012-12-10,17.50,17.50,17.25,17.25,800,16.817232
2012-12-07,17.50,17.50,17.50,17.50,1500,17.06096
2012-12-06,17.450001,17.58,17.450001,17.58,10000,17.138953
2012-12-05,17.50,17.51,17.40,17.51,2800,17.070709
2012-12-04,17.60,17.60,17.60,17.60,1000,17.158451
2012-12-03,17.629999,17.629999,17.629999,17.629999,100,17.187698
2012-11-30,17.60,17.60,17.60,17.60,000,17.158451
2012-11-29,17.75,17.75,17.50,17.60,4400,17.158451
2012-11-28,17.790001,17.790001,17.700001,17.700001,16100,17.255943
2012-11-27,17.84,17.84,17.84,17.84,000,17.39243
2012-11-26,17.84,17.84,17.84,17.84,000,17.39243
2012-11-23,17.809999,17.84,17.809999,17.84,600,17.39243
2012-11-21,17.450001,17.450001,17.450001,17.450001,600,17.012215
2012-11-20,17.389999,17.51,17.25,17.51,1200,17.070709
2012-11-19,17.290001,17.51,17.00,17.51,3700,17.070709
2012-11-16,17.450001,17.450001,17.450001,17.450001,000,17.012215
2012-11-15,17.40,17.450001,16.370001,17.450001,2800,17.012215
2012-11-14,17.40,17.41,17.40,17.41,2500,16.973218
2012-11-13,17.450001,17.450001,17.450001,17.450001,000,17.012215
2012-11-12,17.49,17.49,17.43,17.450001,10400,17.012215
2012-11-09,17.469999,17.469999,17.299999,17.40,56200,16.963468
2012-11-08,17.469999,17.469999,17.25,17.469999,900,17.031712
2012-11-07,17.74,17.75,17.309999,17.50,5800,17.06096
2012-11-06,17.75,17.75,17.75,17.75,000,17.304688
2012-11-05,17.75,17.75,17.75,17.75,000,17.304688
2012-11-02,17.75,17.790001,17.75,17.75,1600,17.304688
2012-11-01,17.790001,17.790001,17.790001,17.790001,200,17.343685
2012-10-31,17.68,17.790001,17.67,17.76,1000,17.314437
2012-10-26,17.709999,17.709999,17.709999,17.709999,000,17.221819
2012-10-25,17.709999,17.709999,17.709999,17.709999,300,17.221819
2012-10-24,17.379999,17.76,17.35,17.76,3600,17.270442
2012-10-23,17.66,17.66,17.35,17.35,1800,16.871743
2012-10-22,17.68,17.700001,17.68,17.700001,400,17.212096
2012-10-19,17.67,17.84,17.67,17.84,400,17.348236
2012-10-18,17.610001,17.610001,17.549999,17.610001,4100,17.124577
2012-10-17,17.25,17.49,17.25,17.49,10600,17.007884
2012-10-16,17.450001,17.450001,17.450001,17.450001,000,16.968987
2012-10-15,17.34,17.450001,17.34,17.450001,1300,16.968987
2012-10-12,17.49,17.49,17.23,17.25,2900,16.7745
2012-10-11,16.99,17.25,16.99,17.25,5600,16.7745
2012-10-10,16.82,17.190001,16.82,16.99,1200,16.521666
2012-10-09,16.83,17.02,16.83,16.90,3000,16.434147
2012-10-08,17.190001,17.190001,17.190001,17.190001,700,16.716154
2012-10-05,16.860001,16.870001,16.860001,16.870001,2100,16.404975
2012-10-04,16.77,16.77,16.75,16.75,1000,16.288282
2012-10-03,16.879999,16.879999,16.879999,16.879999,000,16.414698
2012-10-02,16.77,16.889999,16.77,16.879999,900,16.414698
2012-10-01,16.85,16.85,16.85,16.85,000,16.385526
2012-09-28,16.91,16.91,16.75,16.85,3200,16.385526
2012-09-27,16.91,16.940001,16.719999,16.889999,5500,16.424422
2012-09-26,16.860001,16.860001,16.860001,16.860001,000,16.395251
2012-09-25,16.860001,16.90,16.860001,16.860001,1800,16.395251
2012-09-24,16.889999,16.889999,16.889999,16.889999,000,16.424422
2012-09-21,16.889999,16.889999,16.889999,16.889999,000,16.424422
2012-09-20,16.889999,16.889999,16.889999,16.889999,000,16.424422
2012-09-19,16.780001,16.93,16.780001,16.889999,1300,16.424422
2012-09-18,16.90,16.90,16.85,16.85,600,16.385526
2012-09-17,16.780001,16.950001,16.780001,16.950001,700,16.48277
2012-09-14,16.790001,16.90,16.790001,16.860001,1300,16.395251
2012-09-13,16.790001,16.790001,16.780001,16.790001,2900,16.32718
2012-09-12,16.83,16.84,16.83,16.84,700,16.375801
2012-09-11,16.610001,16.610001,16.610001,16.610001,3000,16.152142
2012-09-10,16.66,16.66,16.66,16.66,100,16.200763
2012-09-07,16.98,17.00,16.98,17.00,600,16.531391
2012-09-06,16.90,16.90,16.90,16.90,800,16.434147
2012-09-05,16.91,16.91,16.60,16.65,2200,16.191038
2012-09-04,16.92,16.92,16.90,16.90,700,16.434147
2012-08-31,17.00,17.00,16.90,16.90,7100,16.434147
2012-08-30,17.10,17.10,17.10,17.10,000,16.628635
2012-08-29,17.10,17.10,17.10,17.10,600,16.628635
2012-08-28,17.00,17.00,17.00,17.00,1000,16.531391
2012-08-27,17.00,17.00,17.00,17.00,000,16.531391
2012-08-24,17.00,17.00,17.00,17.00,000,16.531391
2012-08-23,17.00,17.00,17.00,17.00,000,16.531391
2012-08-22,17.00,17.00,17.00,17.00,000,16.531391
2012-08-21,17.00,17.00,16.99,17.00,3400,16.531391
2012-08-20,16.950001,16.950001,16.950001,16.950001,100,16.48277
2012-08-17,17.25,17.25,17.25,17.25,200,16.7745
2012-08-16,17.00,17.00,17.00,17.00,000,16.531391
2012-08-15,17.00,17.00,17.00,17.00,200,16.531391
2012-08-14,16.950001,16.950001,16.950001,16.950001,100,16.48277
2012-08-13,17.02,17.02,17.00,17.00,800,16.531391
2012-08-10,17.25,17.25,17.25,17.25,700,16.7745
2012-08-09,16.85,16.85,16.85,16.85,000,16.385526
2012-08-08,17.00,17.25,16.85,16.85,2100,16.385526
2012-08-07,16.85,17.00,16.85,17.00,1000,16.531391
2012-08-06,16.75,16.75,16.74,16.75,1300,16.288282
2012-08-03,16.360001,17.00,16.360001,16.85,56800,16.385526
2012-08-02,16.450001,16.450001,16.450001,16.450001,000,15.996553
2012-08-01,16.450001,16.450001,16.450001,16.450001,000,15.996553
2012-07-31,16.450001,16.450001,16.450001,16.450001,1100,15.996553
2012-07-30,16.67,16.700001,16.60,16.60,6800,16.098658
2012-07-27,16.99,16.99,16.780001,16.780001,5100,16.273222
2012-07-26,16.50,16.549999,16.40,16.549999,8300,16.050166
2012-07-25,16.35,16.50,16.35,16.50,5600,16.001677
2012-07-24,16.35,16.35,16.35,16.35,5000,15.856208
2012-07-23,16.09,16.35,16.07,16.35,19200,15.856208
2012-07-20,16.200001,16.27,16.200001,16.27,8500,15.778624
2012-07-19,16.209999,16.27,16.209999,16.27,7600,15.778624
2012-07-18,16.27,16.309999,16.27,16.27,3700,15.778624
2012-07-17,16.27,16.27,16.27,16.27,000,15.778624
2012-07-16,16.27,16.27,16.27,16.27,1100,15.778624
2012-07-13,16.27,16.27,16.27,16.27,100,15.778624
2012-07-12,16.00,16.50,16.00,16.25,4500,15.759228
2012-07-11,16.049999,16.290001,16.049999,16.049999,500,15.565267
2012-07-10,16.049999,16.07,16.049999,16.049999,700,15.565267
2012-07-09,16.200001,16.200001,16.200001,16.200001,300,15.710738
2012-07-06,16.219999,16.219999,16.219999,16.219999,000,15.730133
2012-07-05,16.219999,16.219999,16.219999,16.219999,000,15.730133
2012-07-03,16.110001,16.34,16.110001,16.219999,2700,15.730133
2012-07-02,16.219999,16.65,16.190001,16.35,2600,15.856208
2012-06-29,16.10,16.15,16.10,16.15,1000,15.662247
2012-06-28,16.049999,16.049999,16.049999,16.049999,700,15.565267
2012-06-27,16.15,16.15,16.15,16.15,000,15.662247
2012-06-26,16.18,16.18,16.15,16.15,400,15.662247
2012-06-25,16.200001,16.200001,16.200001,16.200001,000,15.710738
2012-06-22,16.200001,16.200001,16.200001,16.200001,100,15.710738
2012-06-21,16.200001,16.200001,16.200001,16.200001,000,15.710738
2012-06-20,16.200001,16.200001,16.190001,16.200001,15200,15.710738
2012-06-19,15.96,16.200001,15.96,16.200001,2000,15.710738
2012-06-18,16.00,16.00,15.31,16.00,300,15.516778
2012-06-15,16.15,16.15,16.15,16.15,000,15.662247
2012-06-14,16.15,16.15,16.15,16.15,000,15.662247
2012-06-13,16.15,16.15,16.15,16.15,000,15.662247
2012-06-12,16.15,16.15,16.15,16.15,000,15.662247
2012-06-11,16.15,16.15,16.15,16.15,000,15.662247
2012-06-08,16.25,16.25,16.00,16.15,1100,15.662247
2012-06-07,16.50,16.50,16.50,16.50,000,16.001677
2012-06-06,16.50,16.50,16.50,16.50,000,16.001677
2012-06-05,16.50,16.50,16.50,16.50,000,16.001677
2012-06-04,16.50,16.50,16.50,16.50,000,16.001677
2012-06-01,16.50,16.50,16.50,16.50,600,16.001677
2012-05-31,16.690001,16.690001,16.50,16.50,6300,16.001677
2012-05-30,16.700001,16.700001,16.700001,16.700001,100,16.195638
2012-05-29,16.75,16.75,16.75,16.75,000,16.244127
2012-05-25,16.75,16.75,16.700001,16.75,1300,16.244127
2012-05-24,16.700001,16.700001,16.700001,16.700001,000,16.195638
2012-05-23,16.549999,16.700001,16.50,16.700001,1500,16.195638
2012-05-22,16.57,16.57,16.57,16.57,400,16.069563
2012-05-21,16.00,16.52,14.11,16.52,300,16.021074
2012-05-18,16.52,16.52,16.52,16.52,500,16.021074
2012-05-17,16.75,16.75,16.75,16.75,000,16.244127
2012-05-16,16.75,16.75,16.75,16.75,000,16.244127
2012-05-15,16.75,16.75,16.75,16.75,000,16.244127
2012-05-14,16.75,16.75,16.75,16.75,000,16.244127
2012-05-11,16.75,16.75,16.75,16.75,000,16.244127
2012-05-10,16.75,16.75,16.75,16.75,000,16.244127
2012-05-09,16.75,16.75,16.75,16.75,000,16.244127
2012-05-08,16.75,16.75,16.75,16.75,200,16.244127
2012-05-07,16.75,16.75,16.75,16.75,000,16.244127
2012-05-04,16.75,16.75,16.75,16.75,1400,16.244127
2012-05-03,16.75,16.75,16.75,16.75,400,16.244127
2012-05-02,16.68,16.68,16.68,16.68,400,16.176241
2012-05-01,16.50,16.75,16.50,16.75,400,16.244127
2012-04-30,16.48,16.50,16.35,16.35,1800,15.856208
2012-04-27,16.200001,16.200001,16.200001,16.200001,000,15.667098
2012-04-26,16.35,16.35,16.200001,16.200001,4600,15.667098
2012-04-25,16.35,16.35,16.35,16.35,000,15.812164
2012-04-24,16.35,16.35,16.35,16.35,100,15.812164
2012-04-23,16.26,16.40,16.26,16.40,500,15.860518
2012-04-20,16.299999,16.299999,16.280001,16.280001,3100,15.744467
2012-04-19,16.280001,16.299999,16.23,16.299999,6000,15.763807
2012-04-18,16.01,16.450001,16.01,16.450001,1000,15.908875
2012-04-17,16.02,16.02,16.02,16.02,000,15.493019
2012-04-16,16.02,16.02,16.02,16.02,2500,15.493019
2012-04-13,16.02,16.02,16.02,16.02,000,15.493019
2012-04-12,16.01,16.02,16.01,16.02,1400,15.493019
2012-04-11,16.02,16.15,16.02,16.15,700,15.618742
2012-04-10,16.030001,16.030001,16.01,16.01,700,15.483348
2012-04-09,16.280001,16.280001,16.280001,16.280001,100,15.744467
2012-04-05,16.290001,16.290001,16.09,16.09,300,15.560716
2012-04-04,16.379999,16.379999,16.27,16.299999,3000,15.763807
2012-04-03,16.00,16.00,16.00,16.00,800,15.473677
2012-04-02,15.87,15.87,15.87,15.87,000,15.347953
2012-03-30,15.83,15.87,15.81,15.87,9900,15.347953
2012-03-29,15.80,15.80,15.80,15.80,700,15.280256
2012-03-28,16.209999,16.209999,16.00,16.00,3900,15.473677
2012-03-27,16.15,16.15,16.120001,16.139999,4600,15.609071
2012-03-26,16.110001,16.15,16.10,16.15,2100,15.618742
2012-03-23,16.18,16.18,16.18,16.18,000,15.647756
2012-03-22,16.18,16.18,16.18,16.18,000,15.647756
2012-03-21,16.18,16.18,16.18,16.18,300,15.647756
2012-03-20,16.10,16.15,16.00,16.15,3400,15.618742
2012-03-19,16.17,16.17,16.059999,16.059999,1200,15.531702
2012-03-16,16.15,16.49,16.129999,16.450001,11500,15.908875
2012-03-15,16.110001,16.110001,16.110001,16.110001,100,15.580059
2012-03-14,16.15,16.15,16.15,16.15,000,15.618742
2012-03-13,16.15,16.15,16.15,16.15,100,15.618742
2012-03-12,15.75,16.00,15.75,15.96,8200,15.434993
2012-03-09,16.23,16.23,16.23,16.23,000,15.69611
2012-03-08,16.450001,16.450001,16.17,16.23,6700,15.69611
2012-03-07,16.110001,16.450001,16.110001,16.450001,400,15.908875
2012-03-06,16.00,16.10,16.00,16.10,5900,15.570388
2012-03-05,16.00,16.10,15.90,15.90,3900,15.376966
2012-03-02,16.00,16.00,16.00,16.00,000,15.473677
2012-03-01,16.00,16.00,16.00,16.00,000,15.473677
2012-02-29,16.00,16.00,16.00,16.00,000,15.473677
2012-02-28,16.00,16.00,16.00,16.00,000,15.473677
2012-02-27,16.00,16.00,16.00,16.00,600,15.473677
2012-02-24,15.80,15.80,15.80,15.80,000,15.280256
2012-02-23,15.80,15.80,15.80,15.80,000,15.280256
2012-02-22,15.80,15.80,15.80,15.80,100,15.280256
2012-02-21,15.75,15.76,15.75,15.75,1000,15.2319
2012-02-17,16.00,16.00,16.00,16.00,000,15.473677
2012-02-16,16.02,16.02,16.00,16.00,700,15.473677
2012-02-15,16.00,16.00,16.00,16.00,1600,15.473677
2012-02-14,15.69,15.69,15.69,15.69,000,15.173874
2012-02-13,15.69,15.69,15.69,15.69,000,15.173874
2012-02-10,15.50,15.69,15.49,15.69,4300,15.173874
2012-02-09,15.50,15.50,15.50,15.50,2200,14.990124
2012-02-08,15.44,15.50,15.42,15.50,3300,14.990124
2012-02-07,15.41,15.55,15.41,15.41,1600,14.903085
2012-02-06,15.40,15.40,15.32,15.32,13800,14.816045
2012-02-03,15.40,15.40,15.30,15.40,4700,14.893413
2012-02-02,15.40,15.40,15.40,15.40,800,14.893413
2012-02-01,15.40,15.40,15.40,15.40,000,14.893413
2012-01-31,15.40,15.40,15.40,15.40,000,14.893413
2012-01-30,15.40,15.40,15.40,15.40,000,14.849893
2012-01-27,15.40,15.40,15.40,15.40,000,14.849893
2012-01-26,15.39,15.40,15.39,15.40,600,14.849893
2012-01-25,15.38,15.40,15.38,15.40,300,14.849893
2012-01-24,15.33,15.33,15.02,15.24,700,14.695609
2012-01-23,15.40,15.40,15.04,15.40,1300,14.849893
2012-01-20,15.38,15.40,15.38,15.40,300,14.849893
2012-01-19,15.25,15.25,15.25,15.25,000,14.705252
2012-01-18,15.25,15.25,15.25,15.25,6300,14.705252
2012-01-17,15.30,15.36,15.30,15.36,2300,14.811322
2012-01-13,15.25,15.25,15.25,15.25,000,14.705252
2012-01-12,15.25,15.25,15.25,15.25,000,14.705252
2012-01-11,15.28,15.40,15.25,15.25,600,14.705252
2012-01-10,15.42,15.42,15.25,15.25,700,14.705252
2012-01-09,15.25,15.25,15.25,15.25,800,14.705252
2012-01-06,15.41,15.41,15.36,15.36,700,14.811322
2012-01-05,15.15,15.15,15.15,15.15,1000,14.608824
2012-01-04,15.15,15.15,15.15,15.15,000,14.608824
2012-01-03,15.42,15.42,15.15,15.15,1800,14.608824
2011-12-30,15.20,15.30,15.10,15.30,1200,14.753466
2011-12-29,15.05,15.19,15.05,15.19,14000,14.647395
2011-12-28,15.00,15.00,15.00,15.00,000,14.464182
2011-12-27,15.01,15.01,15.00,15.00,2800,14.464182
2011-12-23,15.01,15.01,15.01,15.01,000,14.473825
2011-12-22,15.02,15.03,15.00,15.01,2300,14.473825
2011-12-21,15.10,15.10,15.10,15.10,10900,14.560611
2011-12-20,15.18,15.18,14.90,15.10,600,14.560611
2011-12-19,14.90,15.00,14.90,14.90,2800,14.367754
2011-12-16,14.84,15.25,14.84,15.04,4100,14.502753
2011-12-15,15.05,15.05,14.85,14.85,1100,14.319541
2011-12-14,15.02,15.02,15.00,15.00,6200,14.464182
2011-12-13,15.10,15.23,15.10,15.10,21700,14.560611
2011-12-12,14.79,14.79,14.79,14.79,000,14.261684
2011-12-09,14.79,14.79,14.79,14.79,100,14.261684
2011-12-08,14.83,14.83,14.83,14.83,000,14.300255
2011-12-07,14.82,14.83,14.82,14.83,2700,14.300255
2011-12-06,14.78,14.78,14.78,14.78,000,14.252041
2011-12-05,14.78,14.78,14.78,14.78,000,14.252041
2011-12-02,14.76,14.78,14.76,14.78,400,14.252041
2011-12-01,14.75,14.75,14.75,14.75,400,14.223113
2011-11-30,14.77,14.77,14.75,14.75,600,14.223113
2011-11-29,15.00,15.00,15.00,15.00,000,14.464182
2011-11-28,15.11,15.11,15.00,15.00,900,14.464182
2011-11-25,15.01,15.01,15.00,15.00,800,14.464182
2011-11-23,14.90,14.90,14.90,14.90,100,14.367754
2011-11-22,14.75,14.75,14.75,14.75,000,14.223113
2011-11-21,14.75,14.75,14.75,14.75,000,14.223113
2011-11-18,14.90,14.90,14.75,14.75,400,14.223113
2011-11-17,15.00,15.00,15.00,15.00,000,14.464182
2011-11-16,15.00,15.00,15.00,15.00,000,14.464182
2011-11-15,15.00,15.00,15.00,15.00,000,14.464182
2011-11-14,15.00,15.00,15.00,15.00,1000,14.464182
2011-11-11,14.98,15.00,14.98,15.00,6900,14.464182
2011-11-10,14.79,14.79,14.79,14.79,900,14.261684
2011-11-09,14.82,14.82,14.82,14.82,000,14.290612
2011-11-08,14.70,14.82,14.70,14.82,3500,14.290612
2011-11-07,14.77,14.79,14.77,14.79,1600,14.261684
2011-11-04,14.70,14.70,14.70,14.70,1000,14.174898
2011-11-03,14.70,14.71,14.69,14.70,9100,14.174898
2011-11-02,14.51,14.51,14.50,14.50,1000,13.982043
2011-11-01,14.70,14.70,14.70,14.70,000,14.174898
2011-10-31,14.70,14.70,14.70,14.70,1500,14.174898
2011-10-28,14.90,14.90,14.80,14.80,14900,14.227934
2011-10-27,14.91,14.91,14.91,14.91,5400,14.333682
2011-10-26,14.67,14.67,14.65,14.65,200,14.083731
2011-10-25,14.85,14.85,14.85,14.85,000,14.276001
2011-10-24,14.85,14.85,14.85,14.85,100,14.276001
2011-10-21,14.49,14.84,14.49,14.84,1800,14.266388
2011-10-20,14.29,14.29,14.29,14.29,000,13.737647
2011-10-19,14.20,14.29,14.15,14.29,2400,13.737647
2011-10-18,14.25,14.25,14.25,14.25,400,13.699193
2011-10-17,14.25,14.25,14.25,14.25,000,13.699193
2011-10-14,14.00,14.25,14.00,14.25,4400,13.699193
2011-10-13,13.97,13.98,13.97,13.98,5600,13.439629
2011-10-12,13.99,14.00,13.79,13.91,6300,13.372335
2011-10-11,13.95,13.95,13.95,13.95,1000,13.410789
2011-10-10,14.30,14.30,13.55,13.55,300,13.02625
2011-10-07,13.83,13.90,13.49,13.90,3200,13.362721
2011-10-06,14.00,14.00,14.00,14.00,000,13.458856
2011-10-05,14.00,14.00,14.00,14.00,100,13.458856
2011-10-04,14.25,14.25,14.25,14.25,000,13.699193
2011-10-03,14.25,14.25,14.25,14.25,300,13.699193
2011-09-30,14.68,14.68,14.68,14.68,000,14.112572
2011-09-29,14.68,14.68,14.68,14.68,000,14.112572
2011-09-28,14.68,14.68,14.68,14.68,000,14.112572
2011-09-27,14.68,14.68,14.68,14.68,200,14.112572
2011-09-26,14.50,14.50,14.40,14.42,3200,13.862622
2011-09-23,14.49,14.50,14.44,14.44,6200,13.881848
2011-09-22,14.25,14.25,14.25,14.25,1000,13.699193
2011-09-21,14.45,14.45,14.45,14.45,000,13.891462
2011-09-20,14.30,14.45,14.29,14.45,300,13.891462
2011-09-19,14.68,14.68,14.68,14.68,000,14.112572
2011-09-16,14.68,14.68,14.68,14.68,200,14.112572
2011-09-15,14.45,14.45,14.40,14.40,1900,13.843394
2011-09-14,14.45,14.45,14.45,14.45,000,13.891462
2011-09-13,14.34,14.45,14.34,14.45,200,13.891462
2011-09-12,14.75,14.75,14.59,14.59,700,14.026051
2011-09-09,14.94,14.94,14.75,14.75,400,14.179866
2011-09-08,14.45,14.52,14.45,14.52,300,13.958757
2011-09-07,14.45,14.45,14.45,14.45,700,13.891462
2011-09-06,14.25,14.45,14.25,14.45,1100,13.891462
2011-09-02,14.75,14.75,14.75,14.75,300,14.179866
2011-09-01,14.69,15.19,14.69,15.19,400,14.602858
2011-08-31,14.63,14.75,14.55,14.55,16600,13.987597
2011-08-30,14.97,14.97,14.76,14.76,400,14.18948
2011-08-29,15.08,15.08,15.08,15.08,000,14.497111
2011-08-26,15.08,15.08,15.08,15.08,000,14.497111
2011-08-25,15.08,15.08,15.08,15.08,000,14.497111
2011-08-24,15.08,15.08,15.08,15.08,000,14.497111
2011-08-23,15.15,15.19,15.08,15.08,1400,14.497111
2011-08-22,14.60,14.73,14.60,14.73,1300,14.160639
2011-08-19,14.50,14.50,14.50,14.50,200,13.93953
2011-08-18,14.51,14.53,14.51,14.53,500,13.96837
2011-08-17,14.61,14.61,14.61,14.61,500,14.045277
2011-08-16,14.50,14.54,14.50,14.54,1000,13.977983
2011-08-15,14.55,14.55,14.55,14.55,000,13.987597
2011-08-12,14.55,14.55,14.55,14.55,000,13.987597
2011-08-11,14.49,14.55,14.49,14.55,5500,13.987597
2011-08-10,15.02,15.02,15.02,15.02,000,14.43943
2011-08-09,15.02,15.02,15.02,15.02,000,14.43943
2011-08-08,15.02,15.02,15.02,15.02,300,14.43943
2011-08-05,15.20,15.20,15.20,15.20,000,14.612472
2011-08-04,15.21,15.21,14.01,15.20,61500,14.612472
2011-08-03,15.40,15.40,15.25,15.30,9400,14.708607
2011-08-02,15.40,15.40,15.40,15.40,1300,14.804741
2011-08-01,15.40,15.40,15.40,15.40,300,14.804741
2011-07-29,15.44,15.44,15.38,15.38,2200,14.785515
2011-07-28,15.44,15.44,15.40,15.40,2700,14.804741
2011-07-27,15.43,15.56,15.40,15.42,1800,14.823969
2011-07-26,15.51,15.69,15.50,15.50,7200,14.900876
2011-07-25,15.38,15.58,15.38,15.49,6200,14.891263
2011-07-22,15.35,15.40,15.29,15.40,1400,14.804741
2011-07-21,15.35,15.35,15.25,15.29,900,14.698994
2011-07-20,15.38,15.38,15.38,15.38,400,14.785515
2011-07-19,15.26,15.26,15.26,15.26,000,14.670153
2011-07-18,15.26,15.38,15.26,15.26,3800,14.670153
2011-07-15,15.34,15.34,15.34,15.34,000,14.747061
2011-07-14,15.35,15.35,15.25,15.34,2700,14.747061
2011-07-13,15.34,15.35,15.33,15.35,500,14.756675
2011-07-12,15.32,15.32,15.32,15.32,000,14.727834
2011-07-11,15.32,15.32,15.32,15.32,200,14.727834
2011-07-08,15.15,15.15,15.15,15.15,000,14.564405
2011-07-07,15.15,15.15,15.15,15.15,000,14.564405
2011-07-06,15.15,15.15,15.15,15.15,700,14.564405
2011-07-05,15.20,15.20,15.20,15.20,000,14.612472
2011-07-01,15.20,15.20,15.20,15.20,400,14.612472
2011-06-30,15.21,15.21,15.15,15.20,2800,14.612472
2011-06-29,15.27,15.39,15.27,15.39,1100,14.795129
2011-06-28,15.15,15.15,15.15,15.15,000,14.564405
2011-06-27,15.20,15.20,15.15,15.15,2600,14.564405
2011-06-24,15.26,15.27,15.26,15.27,300,14.679767
2011-06-23,15.28,15.28,15.28,15.28,000,14.68938
2011-06-22,15.28,15.28,15.28,15.28,100,14.68938
2011-06-21,15.19,15.19,15.19,15.19,000,14.602858
2011-06-20,15.21,15.21,15.18,15.19,1500,14.602858
2011-06-17,15.13,15.28,15.10,15.28,3200,14.68938
2011-06-16,15.10,15.13,15.09,15.10,3200,14.516338
2011-06-15,15.13,15.17,15.10,15.15,9700,14.564405
2011-06-14,15.00,15.17,14.96,15.15,13000,14.564405
2011-06-13,15.07,15.19,14.99,15.19,900,14.602858
2011-06-10,14.91,14.91,14.91,14.91,500,14.333682
2011-06-09,15.10,15.24,15.09,15.24,10900,14.650926
2011-06-08,15.18,15.18,14.99,15.10,1500,14.516338
2011-06-07,15.35,15.35,15.16,15.16,900,14.574018
2011-06-06,15.40,15.40,15.40,15.40,000,14.804741
2011-06-03,15.35,15.40,15.35,15.40,3400,14.804741
2011-06-02,15.35,15.37,15.34,15.37,900,14.775901
2011-06-01,15.35,15.36,15.35,15.35,1300,14.756675
2011-05-31,15.36,15.36,15.36,15.36,700,14.766288
2011-05-27,15.38,15.38,15.36,15.36,600,14.766288
2011-05-26,15.35,15.35,15.35,15.35,500,14.756675
2011-05-25,15.40,15.40,15.35,15.36,7100,14.766288
2011-05-24,15.40,15.40,15.40,15.40,400,14.804741
2011-05-23,15.40,15.40,15.39,15.40,4300,14.804741
2011-05-20,15.31,15.40,15.30,15.40,1200,14.804741
2011-05-19,15.45,15.45,15.40,15.40,400,14.804741
2011-05-18,15.43,15.43,15.43,15.43,200,14.833582
2011-05-17,15.45,15.45,15.40,15.45,1000,14.852809
2011-05-16,15.40,15.40,15.40,15.40,000,14.804741
2011-05-13,15.40,15.40,15.40,15.40,500,14.804741
2011-05-12,15.30,15.45,15.30,15.45,4100,14.852809
2011-05-11,15.40,15.40,15.40,15.40,100,14.804741
2011-05-10,15.04,15.39,15.04,15.32,1200,14.727834
2011-05-09,15.34,15.34,15.34,15.34,000,14.747061
2011-05-06,15.14,15.40,15.14,15.34,1600,14.747061
2011-05-05,15.07,15.44,15.07,15.17,300,14.583632
2011-05-04,15.48,15.48,15.48,15.48,000,14.881649
2011-05-03,15.48,15.48,15.48,15.48,000,14.881649
2011-05-02,15.05,15.48,15.05,15.48,1100,14.881649
2011-04-29,15.33,15.33,15.33,15.33,000,14.737447
2011-04-28,15.33,15.33,15.33,15.33,000,14.737447
2011-04-27,14.87,15.33,14.87,15.33,11600,14.737447
2011-04-26,15.48,15.48,15.48,15.48,400,14.881649
2011-04-25,15.50,15.50,15.50,15.50,000,14.900876
2011-04-21,15.47,15.50,15.29,15.50,1400,14.900876
2011-04-20,15.37,15.48,15.15,15.23,2700,14.641312
2011-04-19,15.15,15.49,15.15,15.39,2000,14.795129
2011-04-18,15.30,15.30,15.15,15.15,2700,14.564405
2011-04-15,15.31,15.31,15.31,15.31,200,14.718221
2011-04-14,15.47,15.47,15.37,15.37,500,14.775901
2011-04-13,15.40,15.40,15.40,15.40,200,14.804741
2011-04-12,15.13,15.51,15.13,15.51,700,14.91049
2011-04-11,15.14,15.33,15.14,15.15,900,14.564405
2011-04-08,15.45,15.45,15.35,15.35,400,14.756675
2011-04-07,15.13,15.15,15.10,15.15,5500,14.564405
2011-04-06,15.69,15.69,15.07,15.10,4000,14.516338
2011-04-05,15.25,15.25,15.00,15.06,4200,14.477884
2011-04-04,15.52,15.52,15.25,15.25,3400,14.66054
2011-04-01,15.74,15.75,15.74,15.75,700,15.141213
2011-03-31,15.49,15.80,15.49,15.70,1300,15.093146
2011-03-30,14.99,15.02,14.90,14.99,9400,14.410589
2011-03-29,14.90,14.99,14.90,14.99,4000,14.410589
2011-03-28,15.00,15.01,14.90,14.90,11500,14.324068
2011-03-25,15.26,17.030001,15.15,15.15,12500,14.564405
2011-03-24,14.98,15.27,14.98,15.27,3800,14.679767
2011-03-23,14.89,14.89,14.89,14.89,000,14.314455
2011-03-22,14.77,14.89,14.77,14.89,2200,14.314455
2011-03-21,14.85,14.85,14.81,14.85,5100,14.276001
2011-03-18,14.84,14.84,14.84,14.84,100,14.266388
2011-03-17,14.88,14.90,14.88,14.90,4200,14.324068
2011-03-16,14.92,14.92,14.92,14.92,100,14.343295
2011-03-15,14.76,14.81,14.75,14.81,1300,14.237547
2011-03-14,14.84,14.85,14.80,14.80,1800,14.227934
2011-03-11,14.80,14.83,14.77,14.81,3600,14.237547
2011-03-10,14.78,14.80,14.78,14.80,10200,14.227934
2011-03-09,14.85,14.85,14.84,14.84,1000,14.266388
2011-03-08,14.76,14.76,14.76,14.76,5300,14.18948
2011-03-07,14.65,14.65,14.65,14.65,500,14.083731
2011-03-04,14.80,14.81,14.80,14.81,300,14.237547
2011-03-03,14.45,14.70,14.45,14.62,7300,14.054891
2011-03-02,14.65,14.65,14.60,14.62,21900,14.054891
2011-03-01,14.57,14.86,14.57,14.62,5300,14.054891
2011-02-28,14.75,14.75,14.50,14.63,5800,14.064505
2011-02-25,14.64,14.67,14.53,14.67,7300,14.102959
2011-02-24,14.70,14.70,14.70,14.70,000,14.131799
2011-02-23,14.75,14.75,14.55,14.70,9500,14.131799
2011-02-22,14.67,14.72,14.66,14.72,600,14.151026
2011-02-18,14.90,14.90,14.82,14.82,600,14.24716
2011-02-17,14.90,14.90,14.90,14.90,000,14.324068
2011-02-16,14.91,14.92,14.78,14.90,3400,14.324068
2011-02-15,14.89,14.90,14.89,14.90,1000,14.324068
2011-02-14,14.80,14.93,14.65,14.80,2800,14.227934
2011-02-11,14.50,14.57,14.50,14.57,1100,14.006824
2011-02-10,14.70,14.80,14.55,14.65,4700,14.083731
2011-02-09,14.50,14.50,14.50,14.50,000,13.93953
2011-02-08,14.39,14.50,14.39,14.50,13000,13.93953
2011-02-07,14.05,14.05,14.05,14.05,2500,13.506924
2011-02-04,14.18,14.22,14.18,14.22,2100,13.670353
2011-02-03,14.06,14.06,14.05,14.05,7800,13.506924
2011-02-02,14.07,14.16,14.04,14.16,11000,13.612671
2011-02-01,14.21,14.21,14.21,14.21,000,13.660739
2011-01-31,14.12,14.21,14.12,14.21,600,13.660739
2011-01-28,14.13,14.13,14.13,14.13,100,13.583831
2011-01-27,14.26,14.26,14.26,14.26,000,13.708807
2011-01-26,14.14,14.26,14.14,14.26,300,13.708807
2011-01-25,14.13,14.13,14.02,14.02,5500,13.478083
2011-01-24,14.20,14.22,14.03,14.22,2300,13.670353
2011-01-21,13.94,14.20,13.94,14.20,2800,13.651125
2011-01-20,14.14,14.14,13.85,13.95,11500,13.410789
2011-01-19,14.16,14.26,14.02,14.20,2600,13.651125
2011-01-18,14.15,14.15,13.81,13.81,1100,13.276201
2011-01-14,14.09,14.10,13.95,13.95,9500,13.410789
2011-01-13,14.13,14.13,14.13,14.13,000,13.583831
2011-01-12,14.05,14.16,14.04,14.13,1700,13.583831
2011-01-11,14.03,14.03,14.03,14.03,300,13.487696
2011-01-10,14.03,14.15,14.03,14.15,300,13.603058
2011-01-07,14.11,14.18,14.10,14.10,2700,13.554991
2011-01-06,14.10,14.10,14.09,14.10,1800,13.554991
2011-01-05,13.90,14.25,13.90,14.25,8200,13.699193
2011-01-04,13.90,13.90,13.88,13.90,6400,13.362721
2011-01-03,13.85,13.90,13.85,13.90,3200,13.362721
2010-12-31,13.85,13.90,13.85,13.85,1200,13.314654
2010-12-30,13.94,13.94,13.94,13.94,000,13.401175
2010-12-29,13.80,13.94,13.80,13.94,1600,13.401175
2010-12-28,13.80,13.80,13.80,13.80,1000,13.266587
2010-12-27,13.70,13.75,13.64,13.75,18800,13.218519
2010-12-23,13.55,13.60,13.55,13.60,1700,13.074318
2010-12-22,13.22,13.40,13.22,13.40,6200,12.882048
2010-12-21,12.81,13.26,12.50,13.25,15600,12.737846
2010-12-20,13.00,13.00,12.70,12.92,13400,12.420602
2010-12-17,13.11,13.11,13.00,13.00,2100,12.497509
2010-12-16,13.15,13.15,13.13,13.13,800,12.622484
2010-12-15,13.34,13.36,13.30,13.30,4600,12.785913
2010-12-14,13.31,13.31,13.31,13.31,3000,12.795527
2010-12-13,13.30,13.39,13.30,13.39,200,12.872435
2010-12-10,13.59,13.59,13.35,13.51,3300,12.987796
2010-12-09,13.58,13.58,13.24,13.37,11600,12.853207
2010-12-08,13.61,13.64,13.51,13.51,10000,12.987796
2010-12-07,13.65,13.66,13.60,13.60,6300,13.074318
2010-12-06,13.51,13.64,13.50,13.64,3900,13.112772
2010-12-03,13.64,13.64,13.62,13.63,2600,13.103158
2010-12-02,13.69,13.69,13.52,13.68,6600,13.151225
2010-12-01,13.65,13.70,13.52,13.68,12700,13.151225
2010-11-30,13.69,13.70,13.52,13.65,11100,13.122384
2010-11-29,13.60,13.60,13.44,13.59,4300,13.064704
2010-11-26,13.56,13.56,13.56,13.56,000,13.035864
2010-11-24,13.56,13.58,13.56,13.56,4100,13.035864
2010-11-23,13.50,13.64,13.11,13.56,2200,13.035864
2010-11-22,13.34,13.66,13.21,13.55,3300,13.02625
2010-11-19,13.80,13.80,13.31,13.32,27700,12.80514
2010-11-18,13.80,13.80,13.75,13.75,1600,13.218519
2010-11-17,13.89,13.90,13.66,13.80,6100,13.266587
2010-11-16,13.73,13.85,13.65,13.85,15900,13.314654
2010-11-15,13.70,13.73,13.65,13.73,10700,13.199292
2010-11-12,13.73,13.75,13.71,13.73,8000,13.199292
2010-11-11,13.75,13.75,13.60,13.70,4700,13.170452
2010-11-10,13.75,13.75,13.67,13.70,8400,13.170452
2010-11-09,13.20,13.54,13.20,13.50,36900,12.978183
2010-11-08,13.01,13.45,13.01,13.30,28300,12.785913
2010-11-05,12.93,12.95,12.93,12.95,1400,12.449442
2010-11-04,12.80,13.04,12.79,12.91,17400,12.410988
2010-11-03,12.62,12.70,12.59,12.70,15100,12.209105
2010-11-02,12.62,12.64,12.60,12.61,14100,12.122584
2010-11-01,12.51,12.62,12.45,12.60,37000,12.112971
2010-10-29,12.44,12.48,12.35,12.44,7300,11.959155
2010-10-28,12.24,12.60,12.24,12.44,53400,11.959155
2010-10-27,12.15,12.25,12.15,12.21,24400,11.738045
2010-10-26,12.19,12.19,12.19,12.19,23000,11.718818
2010-10-25,12.30,12.30,12.24,12.25,3800,11.776499
2010-10-22,12.25,12.35,12.25,12.35,10700,11.872634
2010-10-21,12.30,12.30,12.18,12.18,23500,11.709205
2010-10-20,12.20,12.25,12.07,12.25,28900,11.776499
2010-10-19,12.10,12.19,12.07,12.19,32000,11.718818
2010-10-18,11.90,12.18,11.90,12.15,107600,11.680364
2010-10-15,11.90,11.95,11.85,11.95,12400,11.488095
2010-10-14,11.85,11.89,11.80,11.89,74000,11.430415
2010-10-13,11.87,11.88,11.82,11.85,51600,11.391961
2010-10-12,11.89,11.89,11.81,11.85,29500,11.391961
2010-10-11,11.99,11.99,11.86,11.90,32100,11.440027
2010-10-08,11.90,11.98,11.75,11.89,53600,11.430415
2010-10-07,11.00,12.00,10.90,11.90,1139500,11.440027
