Date,Open,High,Low,Close,Volume,Adj Close
2012-12-03,8.46,8.51,8.45,8.51,394600,8.51
2012-11-30,8.46,8.46,8.44,8.455,122700,8.455
2012-11-28,8.42,8.46,8.42,8.45,187600,8.45
2012-11-27,8.44,8.44,8.43,8.43,44700,8.43
2012-11-26,8.42,8.44,8.41,8.43,199600,8.43
2012-11-23,8.44,8.44,8.42,8.44,22400,8.44
2012-11-22,8.43,8.43,8.43,8.43,000,8.43
2012-11-21,8.44,8.44,8.41,8.43,131600,8.43
2012-11-20,8.42,8.44,8.31,8.43,221900,8.43
2012-11-19,8.43,8.44,8.41,8.44,107800,8.44
2012-11-16,8.43,8.438,8.41,8.43,279300,8.43
2012-11-15,8.43,8.44,8.42,8.43,109200,8.43
2012-11-14,8.44,8.45,8.42,8.43,287900,8.43
2012-11-13,8.43,8.46,8.43,8.45,111400,8.45
2012-11-12,8.44,8.45,8.43,8.43,78300,8.43
2012-11-09,8.42,8.45,8.42,8.44,116100,8.44
2012-11-08,8.46,8.46,8.43,8.43,110600,8.43
2012-11-07,8.47,8.47,8.44,8.45,250300,8.45
2012-11-06,8.47,8.48,8.46,8.47,168900,8.47
2012-11-05,8.46,8.48,8.46,8.47,313800,8.47
2012-11-02,8.47,8.47,8.44,8.47,153900,8.47
2012-11-01,8.47,8.47,8.43,8.46,315800,8.46
2012-10-31,8.48,8.48,8.45,8.4695,208900,8.4695
2012-10-30,8.47,8.47,8.47,8.47,000,8.47
2012-10-29,8.47,8.47,8.47,8.47,000,8.47
2012-10-26,8.49,8.49,8.46,8.47,208500,8.47
2012-10-25,8.47,8.49,8.47,8.49,143400,8.49
2012-10-24,8.48,8.48,8.46,8.47,76600,8.47
2012-10-23,8.46,8.48,8.45,8.47,137600,8.47
2012-10-22,8.46,8.47,8.45,8.46,142400,8.46
2012-10-19,8.47,8.48,8.45,8.46,326700,8.46
2012-10-18,8.48,8.49,8.46,8.47,267200,8.47
2012-10-17,8.49,8.49,8.47,8.49,302500,8.49
2012-10-16,8.49,8.49,8.48,8.49,141900,8.49
2012-10-15,8.47,8.49,8.47,8.49,130700,8.49
2012-10-12,8.47,8.48,8.47,8.47,427900,8.47
2012-10-11,8.48,8.48,8.47,8.48,86300,8.48
2012-10-10,8.47,8.48,8.47,8.48,79500,8.48
2012-10-09,8.47,8.49,8.46,8.46,242000,8.46
2012-10-08,8.47,8.47,8.46,8.46,58700,8.46
2012-10-05,8.47,8.47,8.46,8.47,86800,8.47
2012-10-04,8.46,8.47,8.46,8.47,53400,8.47
2012-10-03,8.47,8.47,8.46,8.465,75200,8.465
2012-10-02,8.47,8.47,8.46,8.47,126500,8.47
2012-10-01,8.46,8.47,8.46,8.47,57700,8.47
2012-09-28,8.47,8.47,8.46,8.465,179300,8.465
2012-09-27,8.46,8.47,8.46,8.465,101000,8.465
2012-09-26,8.46,8.47,8.45,8.47,238300,8.47
2012-09-25,8.46,8.47,8.45,8.45,195800,8.45
2012-09-24,8.47,8.47,8.46,8.47,143700,8.47
2012-09-21,8.48,8.4949,8.46,8.48,252200,8.48
2012-09-20,8.47,8.4701,8.46,8.46,53800,8.46
2012-09-19,8.46,8.48,8.46,8.465,104200,8.465
2012-09-18,8.47,8.48,8.46,8.48,122500,8.48
2012-09-17,8.46,8.49,8.45,8.46,179200,8.46
2012-09-14,8.46,8.48,8.45,8.48,227400,8.48
2012-09-13,8.47,8.47,8.45,8.46,141400,8.46
2012-09-12,8.46,8.47,8.45,8.46,93100,8.46
2012-09-11,8.45,8.48,8.45,8.48,120900,8.48
2012-09-10,8.43,8.46,8.43,8.46,117000,8.46
2012-09-07,8.45,8.46,8.43,8.45,486600,8.45
2012-09-06,8.47,8.47,8.44,8.44,230700,8.44
2012-09-05,8.47,8.47,8.44,8.45,335900,8.45
2012-09-04,8.46,8.47,8.44,8.47,164700,8.47
2012-09-03,8.45,8.45,8.45,8.45,000,8.45
2012-08-31,8.47,8.47,8.45,8.45,147100,8.45
2012-08-30,8.45,8.47,8.44,8.46,140900,8.46
2012-08-29,8.46,8.47,8.45,8.46,210800,8.46
2012-08-28,8.47,8.49,8.44,8.45,324800,8.45
2012-08-27,8.49,8.49,8.4601,8.47,166200,8.47
2012-08-24,8.45,8.50,8.445,8.49,395600,8.49
2012-08-23,8.44,8.47,8.43,8.47,250800,8.47
2012-08-22,8.44,8.45,8.43,8.44,129800,8.44
2012-08-21,8.44,8.45,8.43,8.44,279200,8.44
2012-08-20,8.44,8.45,8.43,8.44,145500,8.44
2012-08-17,8.44,8.45,8.44,8.45,225300,8.45
2012-08-16,8.44,8.45,8.44,8.45,217800,8.45
2012-08-15,8.44,8.45,8.43,8.45,255500,8.45
2012-08-14,8.44,8.44,8.43,8.44,308400,8.44
2012-08-13,8.44,8.45,8.415,8.44,328000,8.44
2012-08-10,8.41,8.45,8.41,8.45,493900,8.45
2012-08-09,8.38,8.41,8.37,8.40,640700,8.40
2012-08-08,8.36,8.39,8.36,8.375,484900,8.375
2012-08-07,8.35,8.38,8.35,8.37,685100,8.37
2012-08-06,8.34,8.37,8.34,8.355,748300,8.355
2012-08-03,8.34,8.36,8.33,8.35,452600,8.35
2012-08-02,8.33,8.36,8.31,8.33,1242900,8.33
2012-08-01,8.37,8.37,8.36,8.36,361500,8.36
2012-07-31,8.37,8.38,8.35,8.36,338800,8.36
2012-07-30,8.38,8.39,8.37,8.37,250000,8.37
2012-07-27,8.36,8.37,8.33,8.36,331300,8.36
2012-07-26,8.35,8.36,8.33,8.345,306500,8.345
2012-07-25,8.38,8.38,8.31,8.33,430800,8.33
2012-07-24,8.35,8.38,8.33,8.37,749100,8.37
2012-07-23,8.26,8.36,8.26,8.35,358500,8.35
2012-07-20,8.36,8.37,8.33,8.35,807000,8.35
2012-07-19,8.36,8.37,8.34,8.37,188200,8.37
2012-07-18,8.36,8.38,8.34,8.36,650300,8.36
2012-07-17,8.31,8.37,8.31,8.36,459300,8.36
2012-07-16,8.36,8.37,8.33,8.36,375900,8.36
2012-07-13,8.37,8.39,8.36,8.37,544800,8.37
2012-07-12,8.39,8.41,8.36,8.37,926700,8.37
2012-07-11,8.40,8.42,8.38,8.40,530400,8.40
2012-07-10,8.38,8.46,8.37,8.41,507900,8.41
2012-07-09,8.34,8.39,8.34,8.38,641000,8.38
2012-07-06,8.37,8.40,8.35,8.35,843700,8.35
2012-07-05,8.36,8.43,8.36,8.39,969900,8.39
2012-07-04,8.36,8.36,8.36,8.36,000,8.36
2012-07-03,8.36,8.50,8.34,8.36,952900,8.36
2012-07-02,8.37,8.41,8.34,8.35,1521300,8.35
2012-06-29,8.38,8.40,8.355,8.37,742800,8.37
2012-06-28,8.35,8.40,8.35,8.38,644000,8.38
2012-06-27,8.35,8.36,8.33,8.36,1232800,8.36
2012-06-26,8.35,8.36,8.34,8.345,1264600,8.345
2012-06-25,8.34,8.37,8.34,8.35,1829300,8.35
2012-06-22,8.38,8.44,8.335,8.34,3395400,8.34
2012-06-21,8.34,8.49,8.34,8.40,23419300,8.40
2012-06-20,5.97,6.21,5.86,6.14,436100,6.14
2012-06-19,6.03,6.28,5.75,5.94,202200,5.94
2012-06-18,6.30,6.3766,5.95,5.96,279900,5.96
2012-06-15,5.91,6.40,5.83,6.37,399600,6.37
2012-06-14,5.83,5.95,5.72,5.91,167500,5.91
2012-06-13,5.73,5.85,5.58,5.83,251600,5.83
2012-06-12,5.81,5.81,5.30,5.76,205800,5.76
2012-06-11,5.82,5.94,5.74,5.76,200900,5.76
2012-06-08,5.66,5.93,5.65,5.79,266700,5.79
2012-06-07,5.62,5.89,5.58,5.67,330600,5.67
2012-06-06,4.86,5.5799,4.84,5.49,185200,5.49
2012-06-05,4.67,4.89,4.49,4.80,104300,4.80
2012-06-04,4.47,4.96,4.47,4.72,278400,4.72
2012-06-01,4.70,4.77,4.39,4.40,235800,4.40
2012-05-31,4.89,4.95,4.70,4.85,199600,4.85
2012-05-30,5.05,5.11,4.87,4.87,231500,4.87
2012-05-29,4.94,5.08,4.89,5.07,175400,5.07
2012-05-28,4.93,4.93,4.93,4.93,000,4.93
2012-05-25,4.88,4.98,4.85,4.93,128600,4.93
2012-05-24,4.99,5.01,4.79,4.90,270900,4.90
2012-05-23,5.04,5.20,4.90,4.97,291900,4.97
2012-05-22,4.95,5.17,4.94,5.11,349900,5.11
2012-05-21,4.92,4.99,4.8301,4.94,282700,4.94
2012-05-18,5.53,5.54,4.90,4.92,385900,4.92
2012-05-17,5.51,5.60,5.45,5.53,191300,5.53
2012-05-16,5.57,5.759,5.51,5.52,199100,5.52
2012-05-15,5.53,5.61,5.46,5.55,202600,5.55
2012-05-14,5.45,5.55,5.45,5.51,225200,5.51
2012-05-11,5.61,5.72,5.48,5.56,252800,5.56
2012-05-10,5.62,5.80,5.48,5.72,351600,5.72
2012-05-09,5.71,5.88,5.49,5.53,384900,5.53
2012-05-08,6.50,6.59,5.77,5.82,1254000,5.82
2012-05-07,6.78,7.01,6.50,7.00,255400,7.00
2012-05-04,7.12,7.18,6.81,6.84,410800,6.84
2012-05-03,7.23,7.32,7.07,7.14,398400,7.14
2012-05-02,7.05,7.31,6.89,7.21,527000,7.21
2012-05-01,7.25,7.25,7.07,7.08,600200,7.08
2012-04-30,7.25,7.39,7.22,7.23,398700,7.23
2012-04-27,7.18,7.34,7.16,7.25,503100,7.25
2012-04-26,6.83,7.17,6.76,7.13,348900,7.13
2012-04-25,6.84,6.95,6.81,6.83,218800,6.83
2012-04-24,6.58,6.86,6.58,6.74,255900,6.74
2012-04-23,6.61,6.62,6.44,6.56,153800,6.56
2012-04-20,6.83,6.83,6.67,6.70,122600,6.70
2012-04-19,6.73,6.90,6.68,6.75,193100,6.75
2012-04-18,6.48,6.85,6.44,6.74,296400,6.74
2012-04-17,6.56,6.6999,6.47,6.50,424100,6.50
2012-04-16,6.57,6.62,6.49,6.51,217000,6.51
2012-04-13,6.60,6.63,6.31,6.55,196100,6.55
2012-04-12,6.49,6.69,6.49,6.64,356400,6.64
2012-04-11,6.32,6.68,6.32,6.49,411900,6.49
2012-04-10,6.50,6.518,6.00,6.27,512300,6.27
2012-04-09,6.71,6.71,6.495,6.50,453600,6.50
2012-04-06,6.75,6.75,6.75,6.75,000,6.75
2012-04-05,6.80,7.00,6.75,6.75,257700,6.75
2012-04-04,6.80,6.88,6.63,6.84,259000,6.84
2012-04-03,6.92,6.99,6.81,6.87,355800,6.87
2012-04-02,6.86,7.00,6.52,6.94,322900,6.94
2012-03-30,6.66,6.95,6.50,6.84,305400,6.84
2012-03-29,6.68,6.68,6.32,6.61,285300,6.61
2012-03-28,6.71,6.80,6.66,6.72,210600,6.72
2012-03-27,6.88,6.895,6.71,6.74,281900,6.74
2012-03-26,6.43,6.87,6.41,6.86,503600,6.86
2012-03-23,6.45,6.50,6.28,6.35,490000,6.35
2012-03-22,6.57,6.575,6.25,6.40,437000,6.40
2012-03-21,6.48,6.69,6.35,6.65,495500,6.65
2012-03-20,6.33,6.73,6.25,6.46,1446500,6.46
2012-03-19,6.66,6.67,6.31,6.34,629600,6.34
2012-03-16,6.27,6.79,6.08,6.72,1028100,6.72
2012-03-15,5.97,6.25,5.83,6.24,393000,6.24
2012-03-14,5.92,6.07,5.82,5.96,498500,5.96
2012-03-13,5.55,5.95,5.55,5.90,706200,5.90
2012-03-12,5.36,5.565,5.275,5.54,774300,5.54
2012-03-09,4.87,5.15,4.84,5.13,1259700,5.13
2012-03-08,4.90,4.99,4.76,4.85,324200,4.85
2012-03-07,4.59,4.91,4.59,4.87,680800,4.87
2012-03-06,4.80,4.80,4.48,4.55,615500,4.55
2012-03-05,4.94,5.03,4.71,4.85,530600,4.85
2012-03-02,4.74,4.98,4.74,4.92,347600,4.92
2012-03-01,4.50,4.84,4.44,4.75,486600,4.75
2012-02-29,4.64,4.92,4.46,4.46,1009900,4.46
2012-02-28,4.38,4.44,4.31,4.36,218800,4.36
2012-02-27,4.26,4.50,4.25,4.37,333000,4.37
2012-02-24,4.43,4.46,4.28,4.28,323700,4.28
2012-02-23,4.42,4.50,4.34,4.40,234500,4.40
2012-02-22,4.46,4.52,4.35,4.44,286600,4.44
2012-02-21,4.53,4.72,4.36,4.47,291500,4.47
2012-02-20,4.52,4.52,4.52,4.52,000,4.52
2012-02-17,4.75,4.76,4.49,4.52,253500,4.52
2012-02-16,4.55,4.78,4.45,4.75,333400,4.75
2012-02-15,4.58,4.64,4.46,4.56,521200,4.56
2012-02-14,4.54,4.61,4.42,4.58,417600,4.58
2012-02-13,4.54,4.63,4.54,4.56,172300,4.56
2012-02-10,4.65,4.71,4.47,4.49,244900,4.49
2012-02-09,4.99,5.00,4.62,4.69,391400,4.69
2012-02-08,5.01,5.07,4.93,4.98,210000,4.98
2012-02-07,5.02,5.10,5.00,5.03,139400,5.03
2012-02-06,5.03,5.08,4.93,5.04,191200,5.04
2012-02-03,4.97,5.12,4.95,5.02,386000,5.02
2012-02-02,4.83,5.00,4.80,4.91,511600,4.91
2012-02-01,4.58,4.89,4.56,4.82,528200,4.82
2012-01-31,4.55,4.56,4.40,4.54,240100,4.54
2012-01-30,4.54,4.66,4.42,4.49,487300,4.49
2012-01-27,4.30,4.61,4.271,4.56,798600,4.56
2012-01-26,3.98,4.33,3.98,4.32,1057500,4.32
2012-01-25,3.99,4.05,3.90,3.95,308500,3.95
2012-01-24,4.10,4.22,3.96,3.97,392900,3.97
2012-01-23,4.20,4.25,4.09,4.12,118100,4.12
2012-01-20,4.09,4.26,4.06,4.19,345100,4.19
2012-01-19,3.97,4.15,3.94,4.09,317600,4.09
2012-01-18,3.88,4.005,3.80,3.97,200100,3.97
2012-01-17,4.00,4.00,3.86,3.90,193300,3.90
2012-01-16,3.95,3.95,3.95,3.95,000,3.95
2012-01-13,3.95,3.97,3.94,3.95,194200,3.95
2012-01-12,4.00,4.07,3.95,3.96,276800,3.96
2012-01-11,3.95,4.12,3.93,4.00,643800,4.00
2012-01-10,3.99,4.04,3.93,3.95,290700,3.95
2012-01-09,3.90,4.05,3.8901,3.94,445300,3.94
2012-01-06,3.93,4.07,3.91,3.94,242700,3.94
2012-01-05,4.00,4.17,3.88,3.95,949900,3.95
2012-01-04,3.71,3.76,3.61,3.73,167600,3.73
2012-01-03,3.69,3.89,3.61,3.75,371900,3.75
2012-01-02,3.88,3.88,3.88,3.88,000,3.88
2011-12-30,3.65,3.96,3.65,3.88,398200,3.88
2011-12-29,3.58,3.70,3.58,3.67,284200,3.67
2011-12-28,3.68,3.71,3.57,3.58,174100,3.58
2011-12-27,3.67,3.72,3.62,3.68,106200,3.68
2011-12-26,3.69,3.69,3.69,3.69,000,3.69
2011-12-23,3.70,3.75,3.62,3.69,161100,3.69
2011-12-22,3.52,3.75,3.46,3.69,331800,3.69
2011-12-21,3.37,3.51,3.37,3.50,305900,3.50
2011-12-20,3.30,3.44,3.30,3.39,274200,3.39
2011-12-19,3.43,3.47,3.23,3.23,125100,3.23
2011-12-16,3.38,3.44,3.27,3.41,209900,3.41
2011-12-15,3.43,3.46,3.25,3.35,270100,3.35
2011-12-14,3.44,3.53,3.37,3.41,481300,3.41
2011-12-13,3.65,3.70,3.41,3.45,485600,3.45
2011-12-12,3.09,3.72,3.07,3.69,1105400,3.69
2011-12-09,3.02,3.15,2.9801,3.14,492500,3.14
2011-12-08,3.10,3.14,2.96,3.00,245400,3.00
2011-12-07,3.01,3.15,2.97,3.12,447400,3.12
2011-12-06,3.01,3.05,2.92,3.03,144800,3.03
2011-12-05,3.07,3.07,2.90,3.01,410800,3.01
2011-12-02,3.12,3.12,2.99,3.03,306100,3.03
2011-12-01,3.07,3.14,3.01,3.08,182200,3.08
2011-11-30,3.00,3.09,2.97,3.08,344200,3.08
2011-11-29,2.96,3.00,2.91,2.96,77400,2.96
2011-11-28,3.07,3.08,2.90,2.97,255800,2.97
2011-11-25,2.94,3.04,2.86,2.96,77400,2.96
2011-11-24,3.00,3.00,3.00,3.00,000,3.00
2011-11-23,3.04,3.04,2.85,3.00,309000,3.00
2011-11-22,3.13,3.13,2.96,3.07,379500,3.07
2011-11-21,3.07,3.29,3.05,3.13,571000,3.13
2011-11-18,3.10,3.19,3.0524,3.18,160400,3.18
2011-11-17,3.16,3.16,3.01,3.10,183200,3.10
2011-11-16,3.14,3.21,3.08,3.10,143500,3.10
2011-11-15,3.12,3.19,2.99,3.17,203900,3.17
2011-11-14,3.09,3.15,2.98,3.15,170600,3.15
2011-11-11,3.21,3.25,3.09,3.11,330400,3.11
2011-11-10,3.07,3.23,2.98,3.21,487700,3.21
2011-11-09,2.94,3.05,2.85,2.98,266500,2.98
2011-11-08,2.95,3.05,2.82,3.00,320300,3.00
2011-11-07,2.93,2.97,2.80,2.92,165300,2.92
2011-11-04,2.86,2.96,2.77,2.93,242400,2.93
2011-11-03,2.77,2.92,2.571,2.90,744800,2.90
2011-11-02,2.53,2.77,2.51,2.73,417100,2.73
2011-11-01,2.53,2.64,2.50,2.50,371200,2.50
2011-10-31,2.54,2.67,2.37,2.62,299600,2.62
2011-10-28,2.70,2.83,2.59,2.60,357400,2.60
2011-10-27,2.77,2.805,2.66,2.72,404500,2.72
2011-10-26,2.65,2.69,2.55,2.68,169400,2.68
2011-10-25,2.72,2.85,2.59,2.64,160900,2.64
2011-10-24,2.61,2.80,2.56,2.73,274300,2.73
2011-10-21,2.64,2.67,2.54,2.59,112000,2.59
2011-10-20,2.53,2.59,2.35,2.57,253200,2.57
2011-10-19,2.76,2.78,2.41,2.51,372100,2.51
2011-10-18,2.80,2.87,2.65,2.78,203000,2.78
2011-10-17,2.90,2.95,2.72,2.79,235600,2.79
2011-10-14,2.91,2.94,2.83,2.91,203100,2.91
2011-10-13,2.79,2.93,2.70,2.87,190800,2.87
2011-10-12,2.82,2.94,2.75,2.78,419000,2.78
2011-10-11,2.55,2.75,2.40,2.75,296500,2.75
2011-10-10,2.48,2.69,2.48,2.58,311100,2.58
2011-10-07,2.60,2.70,2.31,2.45,600800,2.45
2011-10-06,2.30,2.57,2.29,2.53,666600,2.53
2011-10-05,2.19,2.34,2.11,2.30,572000,2.30
2011-10-04,2.24,2.29,2.06,2.15,1050200,2.15
2011-10-03,2.69,2.8069,2.26,2.26,810600,2.26
2011-09-30,2.76,3.03,2.67,2.70,1163000,2.70
2011-09-29,3.13,3.13,3.00,3.08,288800,3.08
2011-09-28,3.23,3.23,3.04,3.06,216800,3.06
2011-09-27,3.14,3.29,3.07,3.23,626500,3.23
2011-09-26,3.15,3.15,3.01,3.08,229400,3.08
2011-09-23,3.10,3.21,3.07,3.11,254600,3.11
2011-09-22,3.08,3.16,3.00,3.12,431700,3.12
2011-09-21,3.29,3.41,3.18,3.20,314500,3.20
2011-09-20,3.48,3.52,3.29,3.29,386700,3.29
2011-09-19,3.56,3.59,3.45,3.46,361100,3.46
2011-09-16,3.75,3.83,3.60,3.63,443300,3.63
2011-09-15,3.73,3.76,3.60,3.75,271800,3.75
2011-09-14,3.78,3.8099,3.6195,3.69,338200,3.69
2011-09-13,3.60,3.81,3.56,3.74,516300,3.74
2011-09-12,3.58,3.67,3.45,3.57,376800,3.57
2011-09-09,3.74,3.88,3.56,3.64,608200,3.64
2011-09-08,3.99,4.02,3.70,3.77,932800,3.77
2011-09-07,3.94,4.14,3.91,4.00,742100,4.00
2011-09-06,3.71,3.955,3.65,3.89,443300,3.89
2011-09-02,3.94,4.05,3.80,3.93,546100,3.93
2011-09-01,4.31,4.3493,4.00,4.03,888000,4.03
2011-08-31,4.40,4.49,4.20,4.26,909200,4.26
2011-08-30,4.05,4.49,3.99,4.34,1975700,4.34
2011-08-29,3.89,4.09,3.85,4.03,1584300,4.03
2011-08-26,3.62,3.89,3.58,3.84,604200,3.84
2011-08-25,3.93,3.97,3.72,3.75,650800,3.75
2011-08-24,3.84,4.00,3.75,3.87,1782000,3.87
2011-08-23,3.61,3.87,3.56,3.84,1135400,3.84
2011-08-22,3.67,3.71,3.38,3.64,1130800,3.64
2011-08-19,3.32,3.63,3.31,3.53,903800,3.53
2011-08-18,3.44,3.688,3.37,3.50,1602000,3.50
2011-08-17,3.60,3.8805,3.55,3.66,1503200,3.66
2011-08-16,3.62,3.67,3.47,3.58,1386100,3.58
2011-08-15,3.43,3.85,3.362,3.70,3250400,3.70
2011-08-12,3.07,3.4601,3.0603,3.28,1510900,3.28
2011-08-11,3.07,3.19,2.95,3.06,1079600,3.06
2011-08-10,3.16,3.23,3.01,3.13,988800,3.13
2011-08-09,2.96,3.30,2.8791,3.27,1499100,3.27
2011-08-08,3.11,3.24,2.75,2.81,1541400,2.81
2011-08-05,3.47,3.47,3.09,3.29,1319100,3.29
2011-08-04,3.67,3.67,3.26,3.30,1692400,3.30
2011-08-03,3.63,3.88,3.51,3.69,3886800,3.69
2011-08-02,3.36,3.72,3.34,3.60,7444400,3.60
2011-08-01,3.24,3.49,2.99,3.35,25134500,3.35
2011-07-29,6.84,7.07,6.78,7.00,891600,7.00
2011-07-28,6.95,7.00,6.79,6.93,746900,6.93
2011-07-27,7.37,7.4501,6.85,6.96,378700,6.96
2011-07-26,7.49,7.49,7.305,7.42,305200,7.42
2011-07-25,7.62,7.70,7.4499,7.51,147200,7.51
2011-07-22,7.85,7.85,7.66,7.70,208300,7.70
2011-07-21,7.78,7.85,7.73,7.83,168300,7.83
2011-07-20,7.83,7.83,7.64,7.77,197700,7.77
2011-07-19,7.65,7.83,7.60,7.82,418200,7.82
2011-07-18,7.81,7.95,7.65,7.89,183400,7.89
2011-07-15,7.86,7.90,7.63,7.87,384200,7.87
2011-07-14,8.05,8.19,7.85,7.89,253100,7.89
2011-07-13,7.86,8.28,7.86,8.02,471800,8.02
2011-07-12,7.94,7.98,7.80,7.82,283400,7.82
2011-07-11,8.14,8.1599,7.93,7.96,362800,7.96
2011-07-08,8.46,8.4901,8.15,8.25,363400,8.25
2011-07-07,8.50,8.77,8.40,8.59,513400,8.59
2011-07-06,8.36,8.65,8.329,8.50,325200,8.50
2011-07-05,8.33,8.49,8.32,8.33,233500,8.33
2011-07-01,8.03,8.33,7.85,8.31,319100,8.31
2011-06-30,8.00,8.05,7.86,8.02,232200,8.02
2011-06-29,8.00,8.0097,7.94,8.00,167400,8.00
2011-06-28,8.04,8.05,7.88,8.00,200200,8.00
2011-06-27,8.08,8.099,7.90,8.00,285800,8.00
2011-06-24,7.99,8.18,7.97,8.05,421500,8.05
2011-06-23,7.94,8.28,7.69,7.97,758800,7.97
2011-06-22,8.04,8.14,7.90,7.99,411200,7.99
2011-06-21,8.41,8.4372,8.03,8.08,329600,8.08
2011-06-20,8.57,8.77,8.32,8.33,229100,8.33
2011-06-17,8.91,9.075,8.56,8.56,291100,8.56
2011-06-16,9.10,9.39,8.81,8.83,342500,8.83
2011-06-15,9.21,9.45,8.99,9.10,161600,9.10
2011-06-14,8.96,9.57,8.96,9.30,367600,9.30
2011-06-13,9.13,9.19,8.80,8.90,222700,8.90
2011-06-10,9.18,9.31,8.85,9.11,275300,9.11
2011-06-09,9.31,9.43,9.20,9.22,206400,9.22
2011-06-08,9.62,9.63,9.21,9.29,273200,9.29
2011-06-07,9.61,9.71,9.40,9.66,280700,9.66
2011-06-06,9.75,9.83,9.47,9.55,332700,9.55
2011-06-03,9.88,9.97,9.62,9.74,196700,9.74
2011-06-02,9.71,10.05,9.71,10.00,160500,10.00
2011-06-01,9.90,10.00,9.65,9.71,176000,9.71
2011-05-31,9.91,10.05,9.74,9.97,232100,9.97
2011-05-27,10.00,10.00,9.68,9.85,289600,9.85
2011-05-26,10.03,10.03,9.88,9.95,115200,9.95
2011-05-25,9.92,10.10,9.91,10.04,176500,10.04
2011-05-24,10.05,10.24,9.88,9.92,198200,9.92
2011-05-23,9.97,10.14,9.835,10.05,204800,10.05
2011-05-20,10.53,10.54,10.07,10.08,161200,10.08
2011-05-19,10.44,10.69,10.30,10.595,175000,10.595
2011-05-18,10.54,10.57,10.2201,10.38,203900,10.38
2011-05-17,10.67,10.72,10.44,10.56,147100,10.56
2011-05-16,10.92,11.02,10.71,10.74,125500,10.74
2011-05-13,11.01,11.04,10.64,10.955,224200,10.955
2011-05-12,11.01,11.0716,10.87,10.98,143800,10.98
2011-05-11,11.28,11.30,11.00,11.05,86000,11.05
2011-05-10,11.35,11.40,11.22,11.34,147000,11.34
2011-05-09,11.31,11.38,11.12,11.33,202600,11.33
2011-05-06,11.45,11.62,11.18,11.35,191300,11.35
2011-05-05,11.31,11.64,11.06,11.37,414400,11.37
2011-05-04,12.21,12.23,11.59,11.59,276300,11.59
2011-05-03,11.88,12.11,11.74,11.84,315300,11.84
2011-05-02,11.79,12.08,11.79,11.87,383500,11.87
2011-04-29,11.51,11.96,11.08,11.79,1551400,11.79
2011-04-28,13.74,13.78,13.49,13.64,87700,13.64
2011-04-27,13.70,13.81,13.68,13.74,90400,13.74
2011-04-26,13.41,13.93,13.3276,13.72,360700,13.72
2011-04-25,13.54,13.58,12.90,13.35,198000,13.35
2011-04-21,13.55,13.70,13.4275,13.59,136100,13.59
2011-04-20,13.58,13.62,13.36,13.49,181300,13.49
2011-04-19,13.77,13.77,13.38,13.45,158800,13.45
2011-04-18,13.91,13.91,13.3925,13.77,102900,13.77
2011-04-15,13.77,14.16,13.77,14.04,104200,14.04
2011-04-14,13.79,13.97,13.63,13.84,140100,13.84
2011-04-13,14.00,14.00,13.67,13.93,77200,13.93
2011-04-12,13.88,14.13,13.71,13.93,166400,13.93
2011-04-11,14.00,14.19,13.50,13.97,158600,13.97
2011-04-08,14.09,14.25,13.85,14.03,118100,14.03
2011-04-07,14.11,14.25,13.78,14.00,85400,14.00
2011-04-06,14.13,14.16,13.84,14.05,57600,14.05
2011-04-05,14.00,14.20,13.82,14.07,299300,14.07
2011-04-04,14.16,14.33,13.84,14.00,131000,14.00
2011-04-01,14.13,14.32,13.72,14.12,340400,14.12
2011-03-31,13.95,14.31,13.86,14.07,305500,14.07
2011-03-30,13.95,14.08,13.76,13.99,132000,13.99
2011-03-29,13.83,13.93,13.78,13.91,82700,13.91
2011-03-28,14.07,14.25,13.76,13.86,139400,13.86
2011-03-25,13.67,14.14,13.583,14.03,124700,14.03
2011-03-24,13.56,13.94,13.43,13.57,98900,13.57
2011-03-23,13.70,14.05,13.37,13.51,165500,13.51
2011-03-22,13.95,14.01,13.58,13.73,76500,13.73
2011-03-21,13.36,13.98,13.36,13.91,117200,13.91
2011-03-18,13.45,13.67,13.21,13.33,318500,13.33
2011-03-17,13.51,13.58,13.38,13.39,129400,13.39
2011-03-16,13.80,13.96,13.30,13.32,159400,13.32
2011-03-15,13.68,13.87,13.36,13.85,164600,13.85
2011-03-14,13.65,14.01,13.381,13.91,183900,13.91
2011-03-11,14.06,14.06,13.60,13.76,95300,13.76
2011-03-10,14.47,14.64,14.02,14.03,224100,14.03
2011-03-09,14.60,14.65,14.41,14.60,101300,14.60
2011-03-08,14.40,14.75,13.70,14.67,74700,14.67
2011-03-07,14.55,14.65,13.95,14.40,239400,14.40
2011-03-04,14.76,14.83,14.44,14.48,109000,14.48
2011-03-03,14.74,14.99,14.67,14.78,210900,14.78
2011-03-02,14.65,14.70,14.07,14.65,148600,14.65
2011-03-01,14.70,14.88,14.01,14.70,182800,14.70
2011-02-28,14.61,14.83,14.57,14.70,106000,14.70
2011-02-25,14.16,14.67,13.99,14.59,72500,14.59
2011-02-24,14.40,14.64,14.14,14.20,81700,14.20
2011-02-23,14.45,14.62,14.12,14.34,143600,14.34
2011-02-22,14.70,14.70,14.07,14.45,173400,14.45
2011-02-18,14.54,14.87,14.46,14.74,145300,14.74
2011-02-17,14.22,14.55,14.07,14.46,188300,14.46
2011-02-16,14.20,14.755,14.11,14.20,549000,14.20
2011-02-15,13.99,14.20,13.77,14.19,533100,14.19
2011-02-14,13.96,14.12,13.87,13.97,277900,13.97
2011-02-11,14.66,14.665,13.89,14.00,379000,14.00
2011-02-10,14.69,15.01,14.49,14.66,279100,14.66
2011-02-09,14.77,14.92,13.97,14.79,260800,14.79
2011-02-08,13.95,14.89,13.95,14.88,493200,14.88
2011-02-07,13.36,13.87,13.3101,13.77,219500,13.77
2011-02-04,13.60,13.73,13.26,13.40,245000,13.40
2011-02-03,13.04,13.75,12.85,13.56,231700,13.56
2011-02-02,12.70,13.25,12.70,13.02,121100,13.02
2011-02-01,12.53,13.10,12.275,12.77,155800,12.77
2011-01-31,12.43,12.60,12.31,12.495,104100,12.495
2011-01-28,12.42,12.61,12.06,12.45,123700,12.45
2011-01-27,12.13,12.50,12.01,12.50,228700,12.50
2011-01-26,12.01,12.41,11.905,12.19,146400,12.19
2011-01-25,12.15,12.33,11.90,12.01,351500,12.01
2011-01-24,12.34,12.50,12.23,12.25,149700,12.25
2011-01-21,12.48,12.49,12.29,12.39,148800,12.39
2011-01-20,12.64,12.64,12.403,12.43,212900,12.43
2011-01-19,12.87,12.88,12.39,12.71,218100,12.71
2011-01-18,13.00,13.00,12.53,12.93,139100,12.93
2011-01-14,13.12,13.12,12.80,12.97,82700,12.97
2011-01-13,13.05,13.18,12.83,13.09,108400,13.09
2011-01-12,13.41,13.41,12.82,13.13,126700,13.13
2011-01-11,13.48,13.5075,13.1501,13.34,162500,13.34
2011-01-10,13.50,13.615,13.10,13.47,140300,13.47
2011-01-07,13.58,13.65,13.44,13.51,140700,13.51
2011-01-06,13.40,13.97,13.20,13.60,227700,13.60
2011-01-05,13.08,13.42,13.08,13.30,262100,13.30
2011-01-04,13.00,13.1975,12.72,13.05,274500,13.05
2011-01-03,12.74,13.25,12.55,12.94,155700,12.94
2010-12-31,12.63,12.77,12.50,12.66,48400,12.66
2010-12-30,12.66,12.99,12.64,12.65,29100,12.65
2010-12-29,12.63,12.81,12.488,12.69,33900,12.69
2010-12-28,12.57,12.75,11.52,12.65,145200,12.65
2010-12-27,12.72,12.79,12.32,12.54,80900,12.54
2010-12-23,12.66,12.975,12.29,12.745,59700,12.745
2010-12-22,12.47,12.86,12.16,12.57,188200,12.57
2010-12-21,12.46,12.64,11.81,12.39,215100,12.39
2010-12-17,12.63,12.64,12.46,12.49,221200,12.49
2010-12-16,12.64,12.6599,12.355,12.59,235900,12.59
2010-12-15,12.09,12.2734,11.98,12.21,97500,12.21
2010-12-14,11.93,12.335,11.58,12.14,111800,12.14
2010-12-13,11.95,12.41,11.81,12.01,261800,12.01
2010-12-10,11.20,12.043,11.00,11.89,381700,11.89
2010-12-09,11.04,11.10,10.86,11.09,227200,11.09
2010-12-08,11.08,11.11,10.90,11.04,722200,11.04
2010-12-07,10.78,11.29,10.68,11.03,812500,11.03
2010-12-06,9.95,10.63,9.95,10.59,347200,10.59
2010-12-03,9.67,9.95,9.41,9.90,990700,9.90
2010-12-02,9.69,10.00,9.58,9.75,299000,9.75
2010-12-01,9.91,10.00,9.60,9.66,336500,9.66
2010-11-30,9.40,9.94,9.37,9.80,391100,9.80
2010-11-29,9.87,10.25,9.40,9.53,276300,9.53
2010-11-26,9.92,10.0999,9.73,9.97,70900,9.97
2010-11-25,10.00,10.00,10.00,10.00,000,10.00
2010-11-24,9.80,10.50,9.72,10.00,119700,10.00
2010-11-23,9.98,10.25,9.38,9.83,285600,9.83
2010-11-22,10.15,10.33,9.80,10.05,392300,10.05
2010-11-19,9.97,10.87,9.56,10.18,417700,10.18
2010-11-18,10.61,11.40,10.00,10.02,136600,10.02
2010-11-17,11.41,11.41,10.23,10.55,341600,10.55
2010-11-16,12.00,12.00,11.05,11.37,68700,11.37
2010-11-15,10.60,11.34,10.55,11.34,9500,11.34
2010-11-12,10.50,10.70,10.36,10.50,7200,10.50
2010-11-11,10.50,10.94,10.49,10.50,25500,10.50
2010-11-10,11.25,11.25,10.36,10.60,9300,10.60
2010-11-09,12.19,12.19,11.29,11.50,34600,11.50
2010-11-08,12.25,12.40,11.76,12.40,32200,12.40
