Date,Open,High,Low,Close,Volume,Adj Close
2016-01-08,0.0004,0.0004,0.0004,0.0004,000,0.0004
2016-01-07,0.0004,0.0004,0.0004,0.0004,10000,0.0004
2016-01-06,0.0004,0.0005,0.0004,0.0005,60000,0.0005
2016-01-05,0.00032,0.00032,0.0003,0.0003,25400,0.0003
2016-01-04,0.0003,0.0003,0.0003,0.0003,000,0.0003
2016-01-01,0.0003,0.0003,0.0003,0.0003,000,0.0003
2015-12-31,0.0004,0.0004,0.0003,0.0003,206600,0.0003
2015-12-30,0.0004,0.00044,0.0004,0.0004,176900,0.0004
2015-12-29,0.0004,0.00044,0.0004,0.0004,34100,0.0004
2015-12-28,0.0004,0.0005,0.0004,0.0004,45300,0.0004
2015-12-25,0.0004,0.0004,0.0004,0.0004,000,0.0004
2015-12-24,0.0004,0.00044,0.0004,0.0004,370100,0.0004
2015-12-23,0.0004,0.00044,0.0004,0.00044,3200,0.00044
2015-12-22,0.0004,0.0004,0.0004,0.0004,6300,0.0004
2015-12-21,0.0004,0.0004,0.0004,0.0004,1600,0.0004
2015-12-18,0.0004,0.0004,0.0004,0.0004,000,0.0004
2015-12-17,0.0004,0.0005,0.0004,0.0004,538800,0.0004
2015-12-16,0.00045,0.00045,0.00045,0.00045,000,0.00045
2015-12-15,0.0004,0.0005,0.0004,0.00045,32700,0.00045
2015-12-14,0.0004,0.0004,0.0004,0.0004,105000,0.0004
2015-12-11,0.0004,0.0004,0.0004,0.0004,25000,0.0004
2015-12-10,0.0004,0.0004,0.0004,0.0004,000,0.0004
2015-12-09,0.0004,0.0004,0.0004,0.0004,358500,0.0004
2015-12-08,0.0004,0.0005,0.0004,0.0005,166500,0.0005
2015-12-07,0.0005,0.0005,0.0005,0.0005,410800,0.0005
2015-12-04,0.0005,0.0005,0.0005,0.0005,000,0.0005
2015-12-03,0.0007,0.0007,0.0005,0.0005,18900,0.0005
2015-12-02,0.0007,0.0007,0.0007,0.0007,000,0.0007
2015-12-01,0.0007,0.0007,0.0007,0.0007,16800,0.0007
2015-11-30,0.0009,0.0009,0.0009,0.0009,100000,0.0009
2015-11-27,0.0006,0.0006,0.0006,0.0006,10000,0.0006
2015-11-26,0.0005,0.0005,0.0005,0.0005,000,0.0005
2015-11-25,0.0005,0.0005,0.0005,0.0005,18400,0.0005
2015-11-24,0.0006,0.0006,0.0006,0.0006,000,0.0006
2015-11-23,0.0006,0.0006,0.0006,0.0006,365000,0.0006
2015-11-20,0.0008,0.0008,0.0008,0.0008,000,0.0008
2015-11-19,0.0008,0.0008,0.0008,0.0008,000,0.0008
2015-11-18,0.0008,0.0008,0.0008,0.0008,000,0.0008
2015-11-17,0.0008,0.0008,0.0008,0.0008,000,0.0008
2015-11-16,0.0008,0.0008,0.0008,0.0008,10000,0.0008
2015-11-13,0.0008,0.0008,0.0008,0.0008,000,0.0008
2015-11-12,0.0008,0.0008,0.0008,0.0008,000,0.0008
2015-11-11,0.0009,0.0009,0.0008,0.0008,102000,0.0008
2015-11-10,0.00082,0.00082,0.0008,0.0008,65000,0.0008
2015-11-09,0.0008,0.0008,0.0008,0.0008,10500,0.0008
2015-11-06,0.0008,0.0008,0.0008,0.0008,2700,0.0008
2015-11-05,0.0008,0.0008,0.0008,0.0008,000,0.0008
2015-11-04,0.0008,0.0008,0.0008,0.0008,000,0.0008
2015-11-03,0.0008,0.0008,0.0006,0.0008,74600,0.0008
2015-11-02,0.0008,0.0008,0.0008,0.0008,23400,0.0008
2015-10-30,0.0009,0.0009,0.0009,0.0009,000,0.0009
2015-10-29,0.0009,0.0009,0.0009,0.0009,000,0.0009
2015-10-28,0.0009,0.0009,0.0009,0.0009,000,0.0009
2015-10-27,0.001,0.001,0.0009,0.0009,1220100,0.0009
2015-10-26,0.0009,0.0009,0.0009,0.0009,5000,0.0009
2015-10-23,0.0009,0.0009,0.0009,0.0009,75200,0.0009
2015-10-22,0.0005,0.0006,0.0005,0.0006,5100,0.0006
2015-10-21,0.0005,0.0005,0.0005,0.0005,10100,0.0005
2015-10-20,0.0008,0.0008,0.0008,0.0008,000,0.0008
2015-10-19,0.0008,0.0009,0.0008,0.0008,812900,0.0008
2015-10-16,0.0003,0.0003,0.0003,0.0003,000,0.0003
2015-10-15,0.0003,0.0003,0.0003,0.0003,100,0.0003
2015-10-14,0.0003,0.0003,0.0003,0.0003,100,0.0003
2015-10-13,0.0003,0.0003,0.0003,0.0003,28100,0.0003
2015-10-12,0.0003,0.0003,0.0003,0.0003,4000,0.0003
2015-10-09,0.0003,0.0003,0.0003,0.0003,1500,0.0003
2015-10-08,0.0003,0.0003,0.0003,0.0003,000,0.0003
2015-10-07,0.0003,0.0003,0.0003,0.0003,000,0.0003
2015-10-06,0.0003,0.0003,0.0003,0.0003,000,0.0003
2015-10-05,0.0003,0.0003,0.0003,0.0003,000,0.0003
2015-10-02,0.0003,0.0003,0.0003,0.0003,000,0.0003
2015-10-01,0.0003,0.0003,0.0003,0.0003,000,0.0003
2015-09-30,0.0003,0.0003,0.0003,0.0003,000,0.0003
2015-09-29,0.0003,0.0003,0.0003,0.0003,44200,0.0003
2015-09-28,0.0003,0.0003,0.0003,0.0003,000,0.0003
2015-09-25,0.0003,0.0003,0.0003,0.0003,000,0.0003
2015-09-24,0.0003,0.0003,0.0003,0.0003,000,0.0003
2015-09-23,0.0003,0.0003,0.0003,0.0003,1640000,0.0003
2015-09-22,0.0003,0.0003,0.0003,0.0003,000,0.0003
2015-09-21,0.0003,0.0003,0.0003,0.0003,200,0.0003
2015-09-18,0.0008,0.0008,0.0008,0.0008,000,0.0008
2015-09-17,0.0008,0.0008,0.0008,0.0008,100000,0.0008
2015-09-16,0.0003,0.0008,0.0003,0.0004,71500,0.0004
2015-09-15,0.0008,0.0008,0.0008,0.0008,10000,0.0008
2015-09-14,0.0007,0.0007,0.0007,0.0007,000,0.0007
2015-09-11,0.0007,0.0007,0.0007,0.0007,000,0.0007
2015-09-10,0.0007,0.0007,0.0007,0.0007,3100,0.0007
2015-09-09,0.0004,0.0008,0.0004,0.0008,76700,0.0008
2015-09-08,0.0004,0.0004,0.0004,0.0004,700,0.0004
2015-09-07,0.0004,0.0004,0.0004,0.0004,000,0.0004
2015-09-04,0.0004,0.0004,0.0004,0.0004,20000,0.0004
2015-09-03,0.0004,0.0004,0.0004,0.0004,7000,0.0004
2015-09-02,0.0004,0.0005,0.0004,0.0004,5300,0.0004
2015-09-01,0.0004,0.0004,0.0004,0.0004,000,0.0004
2015-08-31,0.0004,0.0004,0.0004,0.0004,000,0.0004
2015-08-28,0.0004,0.0004,0.0004,0.0004,300,0.0004
2015-08-27,0.0004,0.0004,0.0004,0.0004,200,0.0004
2015-08-26,0.0004,0.0008,0.0004,0.0008,1500,0.0008
2015-08-25,0.0004,0.0004,0.0004,0.0004,000,0.0004
2015-08-24,0.0004,0.0004,0.0004,0.0004,15900,0.0004
2015-08-21,0.0004,0.0004,0.0004,0.0004,000,0.0004
2015-08-20,0.0004,0.0004,0.0004,0.0004,000,0.0004
2015-08-19,0.0004,0.0004,0.0004,0.0004,000,0.0004
2015-08-18,0.0004,0.0004,0.0004,0.0004,1000,0.0004
2015-08-17,0.0004,0.0004,0.0004,0.0004,100,0.0004
2015-08-14,0.0004,0.0004,0.0004,0.0004,25100,0.0004
2015-08-13,0.0004,0.0004,0.0004,0.0004,000,0.0004
2015-08-12,0.0004,0.0004,0.0004,0.0004,000,0.0004
2015-08-11,0.0004,0.0004,0.0004,0.0004,52700,0.0004
2015-08-10,0.0004,0.0004,0.0004,0.0004,50200,0.0004
2015-08-07,0.0004,0.0004,0.0004,0.0004,25500,0.0004
2015-08-06,0.0005,0.0005,0.0005,0.0005,000,0.0005
2015-08-05,0.0005,0.0005,0.0005,0.0005,50000,0.0005
2015-08-04,0.0005,0.0005,0.0005,0.0005,000,0.0005
2015-08-03,0.0005,0.0005,0.0005,0.0005,259300,0.0005
2015-07-31,0.0005,0.0005,0.0005,0.0005,000,0.0005
2015-07-30,0.0005,0.0005,0.0005,0.0005,000,0.0005
2015-07-29,0.0004,0.0005,0.0004,0.0005,2200,0.0005
2015-07-28,0.0004,0.0004,0.0004,0.0004,000,0.0004
2015-07-27,0.0004,0.0004,0.0004,0.0004,000,0.0004
2015-07-24,0.0004,0.0004,0.0004,0.0004,000,0.0004
2015-07-23,0.0004,0.0004,0.0004,0.0004,3200,0.0004
2015-07-22,0.0004,0.0004,0.0004,0.0004,000,0.0004
2015-07-21,0.0004,0.0004,0.0004,0.0004,100,0.0004
2015-07-20,0.0005,0.0005,0.0005,0.0005,000,0.0005
2015-07-17,0.0005,0.0005,0.0005,0.0005,3500,0.0005
2015-07-16,0.0005,0.0008,0.0005,0.0005,83000,0.0005
2015-07-15,0.0004,0.0004,0.0004,0.0004,72600,0.0004
2015-07-14,0.0004,0.0004,0.0004,0.0004,000,0.0004
2015-07-13,0.0004,0.0004,0.0004,0.0004,500,0.0004
2015-07-10,0.0004,0.0004,0.0004,0.0004,500000,0.0004
2015-07-09,0.0004,0.0004,0.0004,0.0004,2000,0.0004
2015-07-08,0.0004,0.0004,0.0004,0.0004,5000,0.0004
2015-07-07,0.0004,0.0004,0.0004,0.0004,000,0.0004
2015-07-06,0.0004,0.0004,0.0004,0.0004,40100,0.0004
2015-07-03,0.0004,0.0004,0.0004,0.0004,000,0.0004
2015-07-02,0.0004,0.0004,0.0004,0.0004,100,0.0004
2015-07-01,0.0004,0.0004,0.0004,0.0004,100,0.0004
2015-06-30,0.0005,0.0005,0.0004,0.0004,850000,0.0004
2015-06-29,0.0005,0.0005,0.0005,0.0005,000,0.0005
2015-06-26,0.0004,0.001,0.0004,0.0005,1141000,0.0005
2015-06-25,0.0007,0.0007,0.0007,0.0007,1300,0.0007
2015-06-24,0.0007,0.0007,0.0007,0.0007,000,0.0007
2015-06-23,0.0007,0.0007,0.0007,0.0007,4100,0.0007
2015-06-22,0.0007,0.0007,0.0007,0.0007,200,0.0007
2015-06-19,0.0007,0.0007,0.0007,0.0007,102000,0.0007
2015-06-18,0.0007,0.0007,0.0007,0.0007,1000,0.0007
2015-06-17,0.0007,0.0007,0.0007,0.0007,000,0.0007
2015-06-16,0.0007,0.0007,0.0007,0.0007,000,0.0007
2015-06-15,0.0007,0.0007,0.0007,0.0007,8400,0.0007
2015-06-12,0.0008,0.0008,0.0008,0.0008,000,0.0008
2015-06-11,0.0008,0.0008,0.0008,0.0008,200,0.0008
2015-06-10,0.0012,0.0012,0.0007,0.0007,39100,0.0007
2015-06-09,0.0012,0.0012,0.0012,0.0012,300,0.0012
2015-06-08,0.0012,0.0012,0.0012,0.0012,000,0.0012
2015-06-05,0.0012,0.0012,0.0012,0.0012,100,0.0012
2015-06-04,0.0012,0.0012,0.0012,0.0012,000,0.0012
2015-06-03,0.0012,0.0012,0.0012,0.0012,9500,0.0012
2015-06-02,0.0012,0.0012,0.0012,0.0012,50200,0.0012
2015-06-01,0.0012,0.0012,0.0012,0.0012,6500,0.0012
2015-05-29,0.001,0.001,0.001,0.001,000,0.001
2015-05-28,0.001,0.001,0.001,0.001,000,0.001
2015-05-27,0.001,0.001,0.001,0.001,100,0.001
2015-05-26,0.0015,0.0015,0.0015,0.0015,000,0.0015
2015-05-25,0.0015,0.0015,0.0015,0.0015,000,0.0015
2015-05-22,0.00162,0.00162,0.0015,0.0015,15100,0.0015
2015-05-21,0.0014,0.0014,0.0014,0.0014,000,0.0014
2015-05-20,0.0014,0.0014,0.0014,0.0014,000,0.0014
2015-05-19,0.002,0.002,0.0014,0.0014,12200,0.0014
2015-05-18,0.002,0.002,0.002,0.002,000,0.002
2015-05-15,0.002,0.002,0.002,0.002,000,0.002
2015-05-14,0.002,0.002,0.002,0.002,000,0.002
2015-05-13,0.0024,0.0024,0.002,0.002,34000,0.002
2015-05-12,0.002,0.002,0.002,0.002,000,0.002
2015-05-11,0.002,0.002,0.002,0.002,000,0.002
2015-05-08,0.002,0.002,0.002,0.002,6200,0.002
2015-05-07,0.002,0.002,0.002,0.002,000,0.002
2015-05-06,0.002,0.002,0.002,0.002,400,0.002
2015-05-05,0.002,0.002,0.002,0.002,100,0.002
2015-05-04,0.002,0.002,0.002,0.002,100,0.002
2015-05-01,0.002,0.002,0.002,0.002,000,0.002
2015-04-30,0.002,0.002,0.002,0.002,100,0.002
2015-04-29,0.002,0.002,0.002,0.002,000,0.002
2015-04-28,0.002,0.002,0.002,0.002,000,0.002
2015-04-27,0.002,0.002,0.002,0.002,000,0.002
2015-04-24,0.002,0.002,0.002,0.002,200,0.002
2015-04-23,0.002,0.0025,0.002,0.0025,33100,0.0025
2015-04-22,0.002,0.002,0.002,0.002,1800,0.002
2015-04-21,0.002,0.0021,0.002,0.0021,4400,0.0021
2015-04-20,0.002,0.002,0.002,0.002,21400,0.002
2015-04-17,0.002,0.002,0.002,0.002,1100,0.002
2015-04-16,0.002,0.002,0.002,0.002,38000,0.002
2015-04-15,0.002,0.002,0.002,0.002,100,0.002
2015-04-14,0.0025,0.0025,0.0025,0.0025,35000,0.0025
2015-04-13,0.002,0.002,0.002,0.002,6000,0.002
2015-04-10,0.002,0.0026,0.002,0.0026,52000,0.0026
2015-04-09,0.0026,0.0026,0.002,0.002,1500,0.002
2015-04-08,0.0017,0.0025,0.0015,0.0025,305000,0.0025
2015-04-07,0.0017,0.0017,0.0017,0.0017,000,0.0017
2015-04-06,0.0017,0.0017,0.0017,0.0017,000,0.0017
2015-04-03,0.0017,0.0017,0.0017,0.0017,000,0.0017
2015-04-02,0.0018,0.0026,0.0017,0.0017,31000,0.0017
2015-04-01,0.0018,0.0018,0.0018,0.0018,000,0.0018
2015-03-31,0.0018,0.0018,0.0018,0.0018,200,0.0018
2015-03-30,0.0017,0.0018,0.0016,0.0018,81800,0.0018
2015-03-27,0.0017,0.0017,0.0017,0.0017,1700,0.0017
2015-03-26,0.0026,0.0026,0.0026,0.0026,000,0.0026
2015-03-25,0.0016,0.0026,0.0016,0.0026,150600,0.0026
2015-03-24,0.0015,0.0015,0.0015,0.0015,000,0.0015
2015-03-23,0.0015,0.0015,0.0015,0.0015,89500,0.0015
2015-03-20,0.0015,0.0015,0.0015,0.0015,7300,0.0015
2015-03-19,0.0015,0.0015,0.0015,0.0015,000,0.0015
2015-03-18,0.0014,0.0015,0.0014,0.0015,60100,0.0015
2015-03-17,0.0016,0.0016,0.0016,0.0016,84100,0.0016
2015-03-16,0.0016,0.002,0.0016,0.002,6600,0.002
2015-03-13,0.0016,0.0016,0.0016,0.0016,6900,0.0016
2015-03-12,0.0016,0.0016,0.0016,0.0016,10000,0.0016
2015-03-11,0.0018,0.0018,0.0018,0.0018,60000,0.0018
2015-03-10,0.0016,0.002,0.0016,0.0018,351400,0.0018
2015-03-09,0.0015,0.0015,0.0015,0.0015,900,0.0015
2015-03-06,0.0016,0.002,0.0015,0.002,62000,0.002
2015-03-05,0.0016,0.0016,0.0016,0.0016,000,0.0016
2015-03-04,0.0022,0.0022,0.0015,0.0016,465200,0.0016
2015-03-03,0.0022,0.0022,0.0022,0.0022,000,0.0022
2015-03-02,0.0022,0.0022,0.0022,0.0022,000,0.0022
2015-02-27,0.0022,0.0022,0.0022,0.0022,22100,0.0022
2015-02-26,0.0024,0.0024,0.0024,0.0024,000,0.0024
2015-02-25,0.0024,0.0024,0.0024,0.0024,100000,0.0024
2015-02-24,0.0023,0.0024,0.002,0.0024,347800,0.0024
2015-02-23,0.0018,0.0018,0.0018,0.0018,000,0.0018
2015-02-20,0.0018,0.0018,0.0018,0.0018,64600,0.0018
2015-02-19,0.0018,0.0018,0.0016,0.0017,72700,0.0017
2015-02-18,0.0014,0.0018,0.0014,0.0018,436900,0.0018
2015-02-17,0.0016,0.0016,0.0014,0.0014,50700,0.0014
2015-02-16,0.0016,0.0016,0.0016,0.0016,000,0.0016
2015-02-13,0.0016,0.0016,0.0016,0.0016,100100,0.0016
2015-02-12,0.0013,0.0018,0.0013,0.0018,185200,0.0018
2015-02-11,0.0014,0.0014,0.0013,0.0013,110000,0.0013
2015-02-10,0.0025,0.0025,0.0025,0.0025,10000,0.0025
2015-02-09,0.0014,0.0014,0.0014,0.0014,100,0.0014
2015-02-06,0.001,0.0014,0.001,0.0014,281200,0.0014
2015-02-05,0.00135,0.00135,0.00135,0.00135,000,0.00135
2015-02-04,0.00135,0.00135,0.00135,0.00135,000,0.00135
2015-02-03,0.00135,0.00135,0.00135,0.00135,000,0.00135
2015-02-02,0.001,0.00135,0.001,0.00135,2900,0.00135
2015-01-30,0.001,0.001,0.001,0.001,93100,0.001
2015-01-29,0.0013,0.0013,0.0013,0.0013,000,0.0013
2015-01-28,0.0013,0.002,0.0011,0.0013,1103600,0.0013
2015-01-27,0.0012,0.0021,0.001,0.002,179800,0.002
2015-01-26,0.0033,0.0033,0.0025,0.0025,246400,0.0025
2015-01-23,0.0034,0.0034,0.0033,0.0033,186000,0.0033
2015-01-22,0.0033,0.0034,0.0033,0.0034,20200,0.0034
2015-01-21,0.0033,0.0033,0.0033,0.0033,5000,0.0033
2015-01-20,0.0033,0.0033,0.0033,0.0033,32600,0.0033
2015-01-19,0.0033,0.0033,0.0033,0.0033,000,0.0033
2015-01-16,0.0033,0.0033,0.0033,0.0033,322500,0.0033
2015-01-15,0.0024,0.0037,0.0024,0.0033,855200,0.0033
2015-01-14,0.0009,0.0024,0.0009,0.0024,223500,0.0024
2015-01-13,0.001,0.001,0.001,0.001,40000,0.001
2015-01-12,0.001,0.001,0.0009,0.0009,269400,0.0009
2015-01-09,0.0009,0.001,0.0009,0.001,3300,0.001
2015-01-08,0.0015,0.0015,0.0015,0.0015,40000,0.0015
2015-01-07,0.0019,0.0019,0.0014,0.0014,347600,0.0014
2015-01-06,0.001,0.0019,0.001,0.001,45300,0.001
2015-01-05,0.001,0.0011,0.001,0.0011,700,0.0011
2015-01-02,0.0008,0.0027,0.0008,0.0009,410000,0.0009
2015-01-01,0.003,0.003,0.003,0.003,000,0.003
2014-12-31,0.0032,0.0039,0.0008,0.003,5372900,0.003
2014-12-30,0.011,0.013,0.0025,0.00392,5915300,0.00392
2014-12-29,0.013,0.0135,0.011,0.0132,267200,0.0132
2014-12-26,0.013,0.0145,0.013,0.013,57300,0.013
2014-12-25,0.013,0.013,0.013,0.013,000,0.013
2014-12-24,0.0151,0.0151,0.013,0.013,15300,0.013
2014-12-23,0.01355,0.0155,0.0111,0.0126,90000,0.0126
2014-12-22,0.01395,0.016,0.0116,0.0155,47800,0.0155
2014-12-19,0.0169,0.0169,0.0111,0.0111,124700,0.0111
2014-12-18,0.011,0.013,0.011,0.0128,374300,0.0128
2014-12-17,0.011,0.01275,0.011,0.012,18200,0.012
2014-12-16,0.01,0.0137,0.01,0.01215,483500,0.01215
2014-12-15,0.0105,0.0108,0.0105,0.0105,45300,0.0105
2014-12-12,0.01,0.012,0.01,0.0105,337700,0.0105
2014-12-11,0.0128,0.013,0.01,0.01,1403600,0.01
2014-12-10,0.0136,0.0136,0.013,0.013,62900,0.013
2014-12-09,0.0136,0.0136,0.0125,0.0125,150300,0.0125
2014-12-08,0.015,0.015,0.0123,0.013,192100,0.013
2014-12-05,0.0158,0.0159,0.0123,0.0155,518200,0.0155
2014-12-04,0.01284,0.0158,0.0106,0.0122,380600,0.0122
2014-12-03,0.0128,0.0159,0.0128,0.013,197700,0.013
2014-12-02,0.0164,0.0164,0.0128,0.0128,62400,0.0128
2014-12-01,0.0165,0.0166,0.0164,0.0164,159300,0.0164
2014-11-28,0.017,0.017,0.017,0.017,108900,0.017
2014-11-27,0.0121,0.0121,0.0121,0.0121,000,0.0121
2014-11-26,0.0101,0.018,0.0101,0.0121,853800,0.0121
2014-11-25,0.0115,0.0125,0.0081,0.0121,315300,0.0121
2014-11-24,0.01,0.0115,0.01,0.0115,200000,0.0115
2014-11-21,0.008,0.0115,0.008,0.0105,768100,0.0105
2014-11-20,0.0146,0.0146,0.01,0.0128,842700,0.0128
2014-11-19,0.012,0.012,0.011,0.0113,429700,0.0113
2014-11-18,0.016,0.0161,0.012,0.012,457600,0.012
2014-11-17,0.016,0.019,0.016,0.016,556800,0.016
2014-11-14,0.0165,0.0165,0.0149,0.016,103300,0.016
2014-11-13,0.0165,0.0165,0.0149,0.0155,343400,0.0155
2014-11-12,0.0165,0.0165,0.0148,0.015,182600,0.015
2014-11-11,0.0168,0.0176,0.0165,0.0165,145000,0.0165
2014-11-10,0.0194,0.0194,0.0165,0.0167,35000,0.0167
2014-11-07,0.0155,0.0196,0.015,0.0175,299200,0.0175
2014-11-06,0.02,0.02,0.0153,0.0153,46200,0.0153
2014-11-05,0.018,0.0181,0.0152,0.0152,322500,0.0152
2014-11-04,0.019,0.019,0.0175,0.0175,111800,0.0175
2014-11-03,0.02,0.021,0.0176,0.019,116900,0.019
2014-10-31,0.018,0.02,0.0175,0.02,52600,0.02
2014-10-30,0.02,0.02,0.018,0.02,132600,0.02
2014-10-29,0.0181,0.02,0.018,0.02,43900,0.02
2014-10-28,0.0177,0.021,0.0177,0.018,152700,0.018
2014-10-27,0.02,0.021,0.0177,0.02,569200,0.02
2014-10-24,0.018,0.023,0.0175,0.02,391300,0.02
2014-10-23,0.015,0.044,0.015,0.016,2279500,0.016
2014-10-22,0.02,0.02,0.02,0.02,000,0.02
2014-10-21,0.019,0.02,0.0175,0.02,225900,0.02
2014-10-20,0.017,0.018,0.0155,0.0155,45800,0.0155
2014-10-17,0.018,0.018,0.0155,0.0155,130300,0.0155
2014-10-16,0.015,0.0185,0.015,0.0152,480100,0.0152
2014-10-15,0.0187,0.0189,0.0153,0.0153,214600,0.0153
2014-10-14,0.0151,0.025,0.015,0.0151,172400,0.0151
2014-10-13,0.022,0.024,0.02,0.02,138600,0.02
2014-10-10,0.027,0.027,0.02,0.02,370300,0.02
2014-10-09,0.031,0.031,0.025,0.0299,265800,0.0299
2014-10-08,0.026,0.0399,0.026,0.031,412500,0.031
2014-10-07,0.0486,0.0487,0.0251,0.03,590800,0.03
2014-10-06,0.0478,0.05,0.0478,0.0486,7900,0.0486
2014-10-03,0.0495,0.05,0.0485,0.0485,82000,0.0485
2014-10-02,0.0471,0.05,0.0471,0.05,223500,0.05
2014-10-01,0.051,0.0525,0.047,0.0471,383600,0.0471
2014-09-30,0.051,0.0536,0.051,0.0536,127600,0.0536
2014-09-29,0.051,0.051,0.051,0.051,11100,0.051
2014-09-26,0.055,0.055,0.051,0.051,151600,0.051
2014-09-25,0.0555,0.0559,0.0555,0.0555,2100,0.0555
2014-09-24,0.0571,0.0578,0.0558,0.0572,71700,0.0572
2014-09-23,0.061,0.065,0.0555,0.0599,83800,0.0599
2014-09-22,0.059,0.062,0.0575,0.061,207900,0.061
2014-09-19,0.059,0.059,0.0565,0.059,71900,0.059
2014-09-18,0.0565,0.06,0.0565,0.06,19600,0.06
2014-09-17,0.0575,0.0575,0.0575,0.0575,1200,0.0575
2014-09-16,0.06,0.06,0.06,0.06,200,0.06
2014-09-15,0.06,0.06,0.06,0.06,50900,0.06
2014-09-12,0.065,0.065,0.06,0.0625,28700,0.0625
2014-09-11,0.06,0.07,0.06,0.065,46100,0.065
2014-09-10,0.06,0.06,0.05,0.06,43900,0.06
2014-09-09,0.055,0.06,0.05,0.06,82700,0.06
2014-09-08,0.056,0.06,0.05,0.06,324600,0.06
2014-09-05,0.06,0.06,0.06,0.06,13500,0.06
2014-09-04,0.0575,0.06,0.055,0.06,168700,0.06
2014-09-03,0.0685,0.07,0.05,0.06,698400,0.06
2014-09-02,0.0825,0.09,0.067,0.07,399900,0.07
2014-09-01,0.09,0.09,0.09,0.09,000,0.09
2014-08-29,0.0837,0.09,0.0825,0.09,36900,0.09
2014-08-28,0.085,0.09,0.085,0.09,20500,0.09
2014-08-27,0.09,0.09,0.0825,0.0825,85000,0.0825
2014-08-26,0.08,0.09,0.08,0.0821,141500,0.0821
2014-08-25,0.09,0.09,0.08,0.08,88800,0.08
2014-08-22,0.0766,0.09,0.0766,0.08,333500,0.08
2014-08-21,0.08,0.08,0.0765,0.08,239500,0.08
2014-08-20,0.075,0.08,0.0746,0.08,407600,0.08
2014-08-19,0.085,0.085,0.0746,0.08,54500,0.08
2014-08-18,0.09,0.10,0.08,0.085,139100,0.085
2014-08-15,0.10,0.10,0.086,0.086,26300,0.086
2014-08-14,0.12,0.12,0.095,0.10,378600,0.10
2014-08-13,0.10,0.128,0.10,0.104,223700,0.104
2014-08-12,0.14,0.14,0.089,0.10,405300,0.10
2014-08-11,0.15,0.15,0.102,0.14,207500,0.14
2014-08-08,0.15,0.15,0.1475,0.1475,81400,0.1475
2014-08-07,0.148,0.16,0.148,0.16,43200,0.16
2014-08-06,0.15,0.155,0.15,0.15,20000,0.15
2014-08-05,0.155,0.155,0.1481,0.1481,28900,0.1481
2014-08-04,0.15,0.155,0.15,0.155,63200,0.155
2014-08-01,0.145,0.155,0.145,0.1475,93200,0.1475
2014-07-31,0.162,0.169,0.145,0.145,264200,0.145
2014-07-30,0.16,0.17,0.16,0.17,4100,0.17
2014-07-29,0.16,0.17,0.16,0.17,7300,0.17
2014-07-28,0.163,0.17,0.16,0.16,27600,0.16
2014-07-25,0.1681,0.17,0.161,0.163,33000,0.163
2014-07-24,0.179,0.179,0.16,0.161,40500,0.161
2014-07-23,0.18,0.18,0.18,0.18,000,0.18
2014-07-22,0.18,0.18,0.173,0.18,11100,0.18
2014-07-21,0.173,0.1845,0.173,0.173,26800,0.173
2014-07-18,0.185,0.185,0.185,0.185,3400,0.185
2014-07-17,0.172,0.18,0.172,0.18,3200,0.18
2014-07-16,0.172,0.18,0.172,0.172,12700,0.172
2014-07-15,0.174,0.18,0.1607,0.18,44800,0.18
2014-07-14,0.1712,0.174,0.17,0.17,30100,0.17
2014-07-11,0.174,0.174,0.165,0.1712,32800,0.1712
2014-07-10,0.17,0.174,0.17,0.174,7600,0.174
2014-07-09,0.1676,0.174,0.1619,0.17,66300,0.17
2014-07-08,0.17,0.175,0.1607,0.161,67300,0.161
2014-07-07,0.19,0.19,0.17,0.17,33100,0.17
2014-07-04,0.18,0.18,0.18,0.18,000,0.18
2014-07-03,0.19,0.19,0.18,0.18,37200,0.18
2014-07-02,0.175,0.19,0.1705,0.19,34400,0.19
2014-07-01,0.18,0.19,0.179,0.179,123000,0.179
2014-06-30,0.19,0.195,0.175,0.175,38400,0.175
2014-06-27,0.19,0.195,0.19,0.195,66200,0.195
2014-06-26,0.19,0.195,0.19,0.19,26100,0.19
2014-06-25,0.19,0.20,0.19,0.20,68100,0.20
2014-06-24,0.19,0.195,0.19,0.19,45500,0.19
2014-06-23,0.19,0.19,0.18,0.18,27000,0.18
2014-06-20,0.1879,0.188,0.18,0.185,40900,0.185
2014-06-19,0.1879,0.1879,0.1879,0.1879,000,0.1879
2014-06-18,0.188,0.188,0.16,0.1879,27800,0.1879
2014-06-17,0.1899,0.1899,0.18,0.1899,26400,0.1899
2014-06-16,0.1755,0.1899,0.1755,0.1899,19700,0.1899
2014-06-13,0.1751,0.19,0.1751,0.1751,75500,0.1751
2014-06-12,0.1751,0.1751,0.1751,0.1751,2100,0.1751
2014-06-11,0.18,0.18,0.1751,0.1751,18000,0.1751
2014-06-10,0.17,0.18,0.17,0.18,39200,0.18
2014-06-09,0.176,0.18,0.175,0.175,34500,0.175
2014-06-06,0.1701,0.1796,0.1701,0.176,24300,0.176
2014-06-05,0.1701,0.1797,0.1701,0.1701,8800,0.1701
2014-06-04,0.1798,0.1799,0.1725,0.1725,17700,0.1725
2014-06-03,0.172,0.19,0.17,0.1899,127500,0.1899
2014-06-02,0.1801,0.1801,0.17,0.1727,19900,0.1727
2014-05-30,0.1603,0.17,0.16,0.1605,36100,0.1605
2014-05-29,0.17,0.18,0.16,0.177,80400,0.177
2014-05-28,0.188,0.188,0.16,0.16,32400,0.16
2014-05-27,0.1825,0.1825,0.1711,0.1825,21600,0.1825
2014-05-26,0.188,0.188,0.188,0.188,000,0.188
2014-05-23,0.18,0.188,0.18,0.188,22000,0.188
2014-05-22,0.1825,0.1825,0.178,0.178,28100,0.178
2014-05-21,0.18,0.18,0.1725,0.1725,38500,0.1725
2014-05-20,0.172,0.182,0.165,0.18,61000,0.18
2014-05-19,0.1751,0.179,0.1604,0.179,209200,0.179
2014-05-16,0.18,0.1939,0.172,0.1751,39500,0.1751
2014-05-15,0.17,0.19,0.17,0.171,56500,0.171
2014-05-14,0.20,0.205,0.155,0.19,235200,0.19
2014-05-13,0.2001,0.2001,0.20,0.20,13600,0.20
2014-05-12,0.20,0.2044,0.20,0.203,16800,0.203
2014-05-09,0.19,0.20,0.1821,0.1821,75800,0.1821
2014-05-08,0.1832,0.195,0.183,0.19,42400,0.19
2014-05-07,0.20,0.20,0.183,0.183,137700,0.183
2014-05-06,0.19,0.205,0.1833,0.205,48300,0.205
2014-05-05,0.19,0.19,0.181,0.181,20800,0.181
2014-05-02,0.20,0.20,0.183,0.19,61100,0.19
2014-05-01,0.20,0.20,0.1952,0.20,13400,0.20
2014-04-30,0.20,0.205,0.1951,0.20,146300,0.20
2014-04-29,0.20,0.20,0.1951,0.20,34300,0.20
2014-04-28,0.205,0.205,0.1951,0.20,29400,0.20
2014-04-25,0.205,0.205,0.194,0.205,15400,0.205
2014-04-24,0.20,0.2075,0.194,0.20,128500,0.20
2014-04-23,0.194,0.20,0.19,0.20,218300,0.20
2014-04-22,0.20,0.20,0.181,0.195,174500,0.195
2014-04-21,0.183,0.20,0.183,0.20,20900,0.20
2014-04-18,0.1905,0.1905,0.1905,0.1905,000,0.1905
2014-04-17,0.18,0.20,0.18,0.1905,41400,0.1905
2014-04-16,0.198,0.198,0.1747,0.18,63300,0.18
2014-04-15,0.19,0.20,0.165,0.1999,126500,0.1999
2014-04-14,0.185,0.20,0.1522,0.1856,325000,0.1856
2014-04-11,0.195,0.20,0.185,0.20,127000,0.20
2014-04-10,0.205,0.21,0.185,0.21,161500,0.21
2014-04-09,0.20,0.214,0.199,0.20,67100,0.20
2014-04-08,0.203,0.22,0.1843,0.20,260600,0.20
2014-04-07,0.1937,0.225,0.19,0.203,379700,0.203
2014-04-04,0.1851,0.1949,0.185,0.1851,146800,0.1851
2014-04-03,0.2005,0.2005,0.1801,0.1999,158200,0.1999
2014-04-02,0.20,0.21,0.195,0.20,198000,0.20
2014-04-01,0.208,0.21,0.195,0.20,102400,0.20
2014-03-31,0.2115,0.22,0.195,0.201,176700,0.201
2014-03-28,0.2001,0.219,0.2001,0.2051,85200,0.2051
2014-03-27,0.202,0.22,0.199,0.20,546800,0.20
2014-03-26,0.23,0.23,0.2001,0.202,435400,0.202
2014-03-25,0.227,0.23,0.195,0.20,783500,0.20
2014-03-24,0.248,0.248,0.22,0.22,1038200,0.22
2014-03-21,0.2509,0.264,0.24,0.25,482000,0.25
2014-03-20,0.26,0.264,0.245,0.25,511700,0.25
2014-03-19,0.26,0.264,0.24,0.24,577000,0.24
2014-03-18,0.264,0.28,0.251,0.255,661200,0.255
2014-03-17,0.298,0.298,0.256,0.26,683000,0.26
2014-03-14,0.24,0.298,0.235,0.27,3601900,0.27
2014-03-13,0.24,0.24,0.229,0.232,188700,0.232
2014-03-12,0.244,0.2479,0.229,0.2365,273400,0.2365
2014-03-11,0.23,0.26,0.226,0.233,1435600,0.233
2014-03-10,0.24,0.245,0.21,0.228,781600,0.228
2014-03-07,0.25,0.25,0.232,0.235,830600,0.235
2014-03-06,0.26,0.276,0.232,0.239,1520800,0.239
2014-03-05,0.2101,0.3101,0.2101,0.26,4817500,0.26
2014-03-04,0.21,0.238,0.21,0.21,108700,0.21
2014-03-03,0.232,0.232,0.22,0.225,39600,0.225
2014-02-28,0.23,0.235,0.2102,0.22,169700,0.22
2014-02-27,0.2001,0.23,0.20,0.23,132700,0.23
2014-02-26,0.22,0.22,0.20,0.2001,65500,0.2001
2014-02-25,0.21,0.239,0.21,0.22,157000,0.22
2014-02-24,0.19,0.22,0.185,0.22,93300,0.22
2014-02-21,0.20,0.20,0.188,0.188,78700,0.188
2014-02-20,0.19,0.19,0.188,0.188,71300,0.188
2014-02-19,0.19,0.2202,0.1875,0.1876,82700,0.1876
2014-02-18,0.20,0.20,0.19,0.19,102200,0.19
2014-02-17,0.193,0.193,0.193,0.193,000,0.193
2014-02-14,0.20,0.21,0.193,0.193,241900,0.193
2014-02-13,0.195,0.20,0.195,0.20,62000,0.20
2014-02-12,0.20,0.21,0.195,0.195,62900,0.195
2014-02-11,0.20,0.20,0.195,0.195,99200,0.195
2014-02-10,0.215,0.215,0.1802,0.195,952200,0.195
2014-02-07,0.22,0.22,0.211,0.215,197300,0.215
2014-02-06,0.2104,0.225,0.2104,0.225,65600,0.225
2014-02-05,0.22,0.23,0.22,0.23,27400,0.23
2014-02-04,0.2056,0.24,0.2056,0.2275,237500,0.2275
2014-02-03,0.21,0.21,0.198,0.21,921600,0.21
2014-01-31,0.225,0.23,0.21,0.225,254000,0.225
2014-01-30,0.22,0.23,0.22,0.23,109000,0.23
2014-01-29,0.235,0.236,0.22,0.22,122600,0.22
2014-01-28,0.2325,0.235,0.215,0.235,138500,0.235
2014-01-27,0.2395,0.2395,0.223,0.225,66600,0.225
2014-01-24,0.23,0.24,0.23,0.24,189600,0.24
2014-01-23,0.35,0.35,0.21,0.23,111300,0.23
2014-01-22,0.24,0.24,0.223,0.23,199700,0.23
2014-01-21,0.24,0.24,0.215,0.23,591100,0.23
2014-01-20,0.22,0.22,0.22,0.22,000,0.22
2014-01-17,0.22,0.27,0.21,0.22,284100,0.22
2014-01-16,0.27,0.27,0.21,0.22,813900,0.22
2014-01-15,0.268,0.29,0.24,0.27,1356100,0.27
2014-01-14,0.23,0.245,0.22,0.23,839700,0.23
2014-01-13,0.22,0.2599,0.22,0.22,1149300,0.22
2014-01-10,0.2001,0.215,0.195,0.215,378400,0.215
2014-01-09,0.27,0.27,0.1967,0.1967,153400,0.1967
2014-01-08,0.2101,0.22,0.2101,0.2199,10500,0.2199
2014-01-07,0.25,0.25,0.1968,0.205,165700,0.205
2014-01-06,0.249,0.25,0.24,0.25,59800,0.25
2014-01-03,0.24,0.24,0.23,0.23,30400,0.23
2014-01-02,0.22,0.249,0.22,0.249,39700,0.249
2014-01-01,0.2476,0.2476,0.2476,0.2476,000,0.2476
2013-12-31,0.26,0.268,0.2009,0.2476,227600,0.2476
2013-12-30,0.2501,0.285,0.2406,0.2601,79300,0.2601
2013-12-27,0.2899,0.2899,0.2701,0.2701,41600,0.2701
2013-12-26,0.24,0.2899,0.24,0.2899,9000,0.2899
2013-12-25,0.27,0.27,0.27,0.27,000,0.27
2013-12-24,0.27,0.27,0.27,0.27,3200,0.27
2013-12-23,0.28,0.29,0.27,0.27,68700,0.27
2013-12-20,0.28,0.2995,0.28,0.28,7600,0.28
2013-12-19,0.28,0.28,0.28,0.28,35400,0.28
2013-12-18,0.285,0.2998,0.28,0.28,304700,0.28
2013-12-17,0.2801,0.32,0.2801,0.30,299200,0.30
2013-12-16,0.28,0.31,0.28,0.30,108800,0.30
2013-12-13,0.285,0.31,0.28,0.31,31600,0.31
2013-12-12,0.2801,0.285,0.2801,0.285,20300,0.285
2013-12-11,0.3096,0.3099,0.28,0.28,8400,0.28
2013-12-10,0.30,0.33,0.28,0.3097,78900,0.3097
2013-12-09,0.31,0.31,0.30,0.30,46500,0.30
2013-12-06,0.33,0.33,0.30,0.30,16400,0.30
2013-12-05,0.33,0.33,0.30,0.30,17000,0.30
2013-12-04,0.30,0.33,0.30,0.30,32000,0.30
2013-12-03,0.325,0.325,0.30,0.30,23100,0.30
2013-12-02,0.33,0.33,0.312,0.33,64500,0.33
2013-11-29,0.39,0.39,0.30,0.34,357600,0.34
2013-11-28,0.389,0.389,0.389,0.389,000,0.389
2013-11-27,0.4201,0.429,0.36,0.389,131900,0.389
2013-11-26,0.49,0.50,0.4201,0.4201,8000,0.4201
2013-11-25,0.405,0.4201,0.405,0.4201,5800,0.4201
2013-11-22,0.43,0.43,0.3901,0.4001,4700,0.4001
2013-11-21,0.47,0.47,0.409,0.4107,3700,0.4107
2013-11-20,0.4027,0.47,0.4027,0.465,8300,0.465
2013-11-19,0.39,0.47,0.39,0.4008,14300,0.4008
2013-11-18,0.41,0.4399,0.39,0.39,19800,0.39
2013-11-15,0.4699,0.4699,0.41,0.4101,9200,0.4101
2013-11-14,0.44,0.4995,0.44,0.47,7600,0.47
2013-11-13,0.42,0.50,0.42,0.44,3400,0.44
2013-11-12,0.4799,0.5979,0.41,0.41,1600,0.41
2013-11-11,0.42,0.4549,0.41,0.4549,13100,0.4549
2013-11-08,0.45,0.4599,0.42,0.4599,9800,0.4599
2013-11-07,0.43,0.43,0.43,0.43,000,0.43
2013-11-06,0.47,0.47,0.405,0.43,67400,0.43
2013-11-05,0.518,0.518,0.4101,0.46,16500,0.46
2013-11-04,0.45,0.5189,0.4001,0.5189,30100,0.5189
2013-11-01,0.517,0.517,0.45,0.45,11800,0.45
2013-10-31,0.45,0.45,0.45,0.45,000,0.45
2013-10-30,0.45,0.45,0.45,0.45,1000,0.45
2013-10-29,0.52,0.56,0.455,0.5156,27900,0.5156
2013-10-28,0.55,0.58,0.52,0.52,62900,0.52
2013-10-25,0.52,0.5856,0.52,0.55,19100,0.55
2013-10-24,0.55,0.55,0.45,0.50,54000,0.50
2013-10-23,0.57,0.57,0.45,0.55,27500,0.55
2013-10-22,0.51,0.59,0.51,0.57,20800,0.57
2013-10-21,0.42,0.60,0.4001,0.46,152400,0.46
2013-10-18,0.429,0.43,0.39,0.43,38800,0.43
2013-10-17,0.40,0.44,0.40,0.429,16100,0.429
2013-10-16,0.43,0.43,0.31,0.42,136800,0.42
2013-10-15,0.45,0.47,0.4001,0.46,108700,0.46
2013-10-14,0.46,0.50,0.45,0.45,27900,0.45
2013-10-11,0.46,0.50,0.46,0.48,44600,0.48
2013-10-10,0.46,0.49,0.46,0.46,20800,0.46
2013-10-09,0.52,0.52,0.48,0.48,18900,0.48
2013-10-08,0.585,0.585,0.4643,0.48,61600,0.48
2013-10-07,0.48,0.60,0.48,0.60,6800,0.60
2013-10-04,0.45,0.51,0.45,0.51,58100,0.51
2013-10-03,0.48,0.49,0.456,0.48,39600,0.48
2013-10-02,0.51,0.51,0.45,0.45,178900,0.45
2013-10-01,0.54,0.58,0.46,0.53,56200,0.53
2013-09-30,0.65,0.65,0.52,0.54,15300,0.54
2013-09-27,0.70,0.70,0.60,0.66,21200,0.66
2013-09-26,0.665,0.75,0.601,0.66,83700,0.66
2013-09-25,0.65,0.70,0.65,0.70,3600,0.70
2013-09-24,0.70,0.80,0.68,0.68,13000,0.68
2013-09-23,0.69,0.69,0.67,0.69,8000,0.69
2013-09-20,0.69,0.69,0.67,0.67,11500,0.67
2013-09-19,0.69,0.69,0.69,0.69,300,0.69
2013-09-18,0.69,0.70,0.67,0.695,5900,0.695
2013-09-17,0.70,0.70,0.675,0.70,20300,0.70
2013-09-16,0.67,0.685,0.67,0.685,25700,0.685
2013-09-13,0.67,0.70,0.67,0.69,4300,0.69
2013-09-12,0.67,0.71,0.67,0.71,2000,0.71
2013-09-11,0.73,0.73,0.66,0.71,3400,0.71
2013-09-10,0.75,0.75,0.66,0.75,6100,0.75
2013-09-09,0.74,0.75,0.74,0.75,3000,0.75
2013-09-06,0.72,0.74,0.65,0.74,3500,0.74
2013-09-05,0.65,0.71,0.65,0.71,2700,0.71
2013-09-04,0.63,0.73,0.63,0.65,5200,0.65
2013-09-03,0.70,0.70,0.63,0.63,17000,0.63
2013-09-02,0.70,0.70,0.70,0.70,000,0.70
2013-08-30,0.73,0.73,0.6301,0.70,9500,0.70
2013-08-29,0.70,0.78,0.63,0.63,17500,0.63
2013-08-28,0.68,0.725,0.63,0.63,11600,0.63
2013-08-27,0.68,0.68,0.68,0.68,1500,0.68
2013-08-26,0.76,0.76,0.65,0.68,32400,0.68
2013-08-23,0.76,0.76,0.75,0.75,7300,0.75
2013-08-22,0.78,0.78,0.73,0.76,8700,0.76
2013-08-21,0.79,0.79,0.78,0.78,6100,0.78
2013-08-20,0.78,0.79,0.73,0.79,6500,0.79
2013-08-19,0.76,0.79,0.76,0.79,11700,0.79
2013-08-16,0.73,0.73,0.73,0.73,3500,0.73
2013-08-15,0.73,0.77,0.73,0.73,25900,0.73
2013-08-14,0.77,0.779,0.73,0.73,24100,0.73
2013-08-13,0.705,0.77,0.705,0.77,9900,0.77
2013-08-12,0.76,0.7799,0.75,0.76,28300,0.76
2013-08-09,0.82,0.82,0.78,0.78,15900,0.78
2013-08-08,0.8799,0.8799,0.79,0.8231,14600,0.8231
2013-08-07,0.78,0.8888,0.78,0.79,30800,0.79
2013-08-06,0.80,0.80,0.70,0.7899,46900,0.7899
2013-08-05,0.751,0.83,0.75,0.82,71500,0.82
2013-08-02,0.87,0.87,0.75,0.81,56000,0.81
2013-08-01,0.80,0.8899,0.72,0.82,60700,0.82
2013-07-31,0.96,1.00,0.7108,0.80,251900,0.80
2013-07-30,0.95,1.00,0.90,0.96,18200,0.96
2013-07-29,0.95,1.03,0.95,0.99,101100,0.99
2013-07-26,0.89,1.04,0.89,0.979,182100,0.979
2013-07-25,0.86,0.92,0.84,0.88,56000,0.88
2013-07-24,1.01,1.04,0.85,0.85,183900,0.85
2013-07-23,1.05,1.10,0.95,1.04,111300,1.04
2013-07-22,1.175,1.27,1.00,1.10,254700,1.10
2013-07-19,1.26,1.32,1.05,1.22,259300,1.22
2013-07-18,0.84,1.39,0.835,1.31,646400,1.31
2013-07-17,0.76,0.84,0.76,0.84,95000,0.84
2013-07-16,0.75,0.75,0.72,0.75,125700,0.75
2013-07-15,0.66,0.80,0.63,0.70,145900,0.70
2013-07-12,0.59,0.70,0.55,0.67,77800,0.67
2013-07-11,0.51,0.59,0.50,0.57,145000,0.57
2013-07-10,0.54,0.54,0.51,0.51,17900,0.51
2013-07-09,0.525,0.56,0.52,0.56,60300,0.56
2013-07-08,0.50,0.52,0.43,0.52,45700,0.52
2013-07-05,0.5199,0.5199,0.405,0.51,3700,0.51
2013-07-04,0.5199,0.5199,0.5199,0.5199,000,0.5199
2013-07-03,0.65,0.65,0.3501,0.5199,27500,0.5199
2013-07-02,0.64,0.70,0.64,0.64,208900,0.64
2013-07-01,0.45,0.94,0.2906,0.59,49600,0.59
2013-06-28,0.3061,0.3061,0.3061,0.3061,000,0.3061
2013-06-27,0.2853,0.3061,0.2853,0.3061,400,0.3061
2013-06-26,0.46,0.46,0.46,0.46,000,0.46
2013-06-25,0.46,0.46,0.46,0.46,200,0.46
2013-06-24,0.47,0.47,0.47,0.47,1200,0.47
2013-06-21,0.48,0.48,0.48,0.48,300,0.48
2013-06-20,0.2749,0.52,0.2649,0.2814,9100,0.2814
2013-06-19,0.54,0.54,0.54,0.54,800,0.54
2013-06-18,0.5457,0.5465,0.54,0.54,5600,0.54
2013-06-17,0.55,0.55,0.55,0.55,000,0.55
2013-06-14,0.55,0.55,0.55,0.55,600,0.55
2013-06-13,0.5425,0.55,0.5425,0.55,4100,0.55
2013-06-12,0.5425,0.5425,0.5425,0.5425,1000,0.5425
2013-06-11,0.5499,0.5499,0.52,0.52,4000,0.52
2013-06-10,0.55,0.55,0.52,0.52,12000,0.52
2013-06-07,0.5101,0.5101,0.5101,0.5101,000,0.5101
2013-06-06,0.5101,0.5101,0.5101,0.5101,100,0.5101
2013-06-05,0.6149,0.6149,0.5101,0.5101,3100,0.5101
2013-06-04,0.6149,0.6149,0.58,0.58,5600,0.58
2013-06-03,0.58,0.5995,0.58,0.5995,3600,0.5995
2013-05-31,0.56,0.56,0.56,0.56,3300,0.56
2013-05-30,0.62,0.62,0.56,0.56,5700,0.56
2013-05-29,0.5503,0.6296,0.5503,0.6296,1700,0.6296
2013-05-28,0.60,0.6299,0.5502,0.5503,14000,0.5503
2013-05-27,0.61,0.61,0.61,0.61,000,0.61
2013-05-24,0.6001,0.61,0.6001,0.61,300,0.61
2013-05-23,0.60,0.6598,0.60,0.6001,5700,0.6001
2013-05-22,0.6899,0.6899,0.60,0.60,25800,0.60
2013-05-21,0.61,0.6999,0.61,0.6992,5700,0.6992
2013-05-20,0.70,0.70,0.70,0.70,4000,0.70
2013-05-17,0.68,0.68,0.60,0.60,2000,0.60
2013-05-16,0.72,0.72,0.72,0.72,400,0.72
2013-05-15,0.6801,0.7499,0.65,0.7399,14900,0.7399
2013-05-14,0.6778,0.70,0.6778,0.70,3400,0.70
2013-05-13,0.6758,0.75,0.6758,0.6778,400,0.6778
2013-05-10,0.75,0.75,0.6746,0.75,3100,0.75
2013-05-09,0.75,0.75,0.75,0.75,8000,0.75
2013-05-08,0.75,0.75,0.75,0.75,1000,0.75
2013-05-07,0.6706,0.75,0.6706,0.75,1800,0.75
2013-05-06,0.749,0.749,0.749,0.749,100,0.749
2013-05-03,0.70,0.75,0.70,0.75,600,0.75
2013-05-02,0.75,0.75,0.75,0.75,1000,0.75
2013-05-01,0.74,0.74,0.74,0.74,000,0.74
2013-04-30,0.74,0.74,0.74,0.74,000,0.74
2013-04-29,0.6702,0.74,0.6702,0.74,200,0.74
2013-04-26,0.6701,0.75,0.6701,0.75,200,0.75
2013-04-25,0.67,0.75,0.67,0.75,900,0.75
2013-04-24,0.6602,0.6602,0.6602,0.6602,100,0.6602
2013-04-23,0.74,0.75,0.74,0.75,3000,0.75
2013-04-22,0.75,0.75,0.75,0.75,000,0.75
2013-04-19,0.75,0.75,0.75,0.75,1000,0.75
2013-04-18,0.75,0.75,0.6512,0.75,500,0.75
2013-04-17,0.651,0.75,0.651,0.75,600,0.75
2013-04-16,0.6501,0.75,0.65,0.75,600,0.75
2013-04-15,0.75,0.75,0.75,0.75,13900,0.75
2013-04-12,0.75,0.75,0.75,0.75,4100,0.75
2013-04-11,0.70,0.75,0.65,0.65,1800,0.65
2013-04-10,0.75,0.75,0.71,0.75,3600,0.75
2013-04-09,0.70,0.75,0.70,0.75,1500,0.75
2013-04-08,0.70,0.75,0.70,0.75,200,0.75
2013-04-05,0.70,0.75,0.70,0.75,8500,0.75
2013-04-04,0.75,0.75,0.75,0.75,1300,0.75
2013-04-03,0.655,0.75,0.655,0.75,900,0.75
2013-04-02,0.96,0.96,0.56,0.75,13900,0.75
2013-04-01,0.7199,0.7199,0.71,0.71,2800,0.71
2013-03-29,0.75,0.75,0.75,0.75,000,0.75
2013-03-28,0.70,0.7799,0.70,0.75,1200,0.75
2013-03-27,0.75,0.7899,0.55,0.7848,12300,0.7848
2013-03-26,0.70,0.7899,0.65,0.75,65400,0.75
2013-03-25,0.85,0.85,0.65,0.65,41400,0.65
2013-03-22,0.89,0.89,0.7603,0.8499,12500,0.8499
2013-03-21,0.90,0.92,0.80,0.89,7000,0.89
2013-03-20,0.82,1.04,0.74,0.96,37100,0.96
2013-03-19,1.01,1.04,0.80,0.80,18600,0.80
2013-03-18,1.00,1.10,1.00,1.05,7800,1.05
2013-03-15,1.16,1.16,1.16,1.16,000,1.16
2013-03-14,1.18,1.18,1.00,1.16,9300,1.16
2013-03-13,1.16,1.24,1.04,1.18,5500,1.18
2013-03-12,1.11,1.11,1.11,1.11,2100,1.11
2013-03-11,1.20,1.20,1.15,1.16,7100,1.16
2013-03-08,1.35,1.35,1.11,1.11,21600,1.11
2013-03-07,1.20,1.35,1.16,1.35,1800,1.35
2013-03-06,1.20,1.25,1.19,1.19,5400,1.19
2013-03-05,1.25,1.25,1.25,1.25,000,1.25
2013-03-04,1.15,1.25,1.15,1.25,2300,1.25
2013-03-01,1.18,1.25,1.18,1.25,3800,1.25
2013-02-28,1.15,1.24,1.15,1.24,7000,1.24
2013-02-27,1.19,1.25,1.15,1.18,19700,1.18
2013-02-26,1.18,1.19,1.16,1.19,1100,1.19
2013-02-25,1.21,1.27,1.15,1.19,9800,1.19
2013-02-22,1.26,1.26,1.26,1.26,100,1.26
2013-02-21,1.26,1.27,1.26,1.27,900,1.27
2013-02-20,1.17,1.28,1.17,1.26,3800,1.26
2013-02-19,1.28,1.31,1.16,1.31,6100,1.31
2013-02-18,1.28,1.28,1.28,1.28,000,1.28
2013-02-15,1.29,1.29,1.28,1.28,1100,1.28
2013-02-14,1.28,1.29,1.28,1.29,2000,1.29
2013-02-13,1.25,1.32,1.11,1.29,47700,1.29
2013-02-12,1.30,1.30,1.30,1.30,000,1.30
2013-02-11,1.31,1.32,1.20,1.30,1900,1.30
2013-02-08,1.20,1.29,1.18,1.29,1100,1.29
2013-02-07,1.28,1.44,1.16,1.30,55100,1.30
2013-02-06,1.30,1.39,1.08,1.38,45000,1.38
2013-02-05,1.40,1.40,1.20,1.25,16300,1.25
2013-02-04,1.45,1.45,1.36,1.36,4600,1.36
2013-02-01,1.08,1.49,1.08,1.41,15700,1.41
2013-01-31,1.38,1.39,1.34,1.35,16600,1.35
2013-01-30,1.30,1.39,1.30,1.36,5100,1.36
2013-01-29,1.35,1.42,1.30,1.40,6900,1.40
2013-01-28,1.29,1.35,1.20,1.35,12800,1.35
2013-01-25,1.35,1.35,1.30,1.30,1100,1.30
2013-01-24,1.38,1.38,1.37,1.37,600,1.37
2013-01-23,1.39,1.44,1.30,1.38,12800,1.38
2013-01-22,1.36,1.47,1.36,1.39,31300,1.39
2013-01-21,1.40,1.40,1.40,1.40,000,1.40
2013-01-18,1.30,1.40,1.30,1.40,3500,1.40
2013-01-17,1.26,1.43,1.24,1.35,27200,1.35
2013-01-16,1.25,1.45,1.25,1.32,16500,1.32
2013-01-15,1.08,1.40,1.08,1.25,61200,1.25
2013-01-14,1.05,1.09,1.00,1.08,6800,1.08
2013-01-11,1.08,1.08,1.05,1.05,4400,1.05
2013-01-10,1.08,1.08,1.00,1.05,3600,1.05
2013-01-09,1.07,1.07,1.01,1.07,1500,1.07
2013-01-08,1.07,1.07,1.06,1.06,1100,1.06
2013-01-07,1.01,1.05,1.01,1.05,800,1.05
2013-01-04,1.00,1.01,0.99,1.00,6800,1.00
2013-01-03,1.04,1.05,1.04,1.05,2800,1.05
2013-01-02,1.01,1.05,1.01,1.04,8500,1.04
2013-01-01,0.99,0.99,0.99,0.99,000,0.99
2012-12-31,1.00,1.04,0.99,0.99,8100,0.99
2012-12-28,1.00,1.04,1.00,1.00,3000,1.00
2012-12-27,1.00,1.02,1.00,1.00,5200,1.00
2012-12-26,0.98,1.00,0.98,1.00,7400,1.00
2012-12-25,1.00,1.00,1.00,1.00,000,1.00
2012-12-24,1.00,1.00,1.00,1.00,1000,1.00
2012-12-21,1.01,1.01,1.01,1.01,300,1.01
2012-12-20,1.01,1.01,1.00,1.00,2800,1.00
2012-12-19,1.00,1.00,1.00,1.00,1000,1.00
2012-12-18,0.91,1.03,0.91,1.03,5800,1.03
2012-12-17,1.00,1.00,1.00,1.00,1000,1.00
2012-12-14,1.01,1.01,1.00,1.00,3800,1.00
2012-12-13,1.05,1.05,1.05,1.05,200,1.05
2012-12-12,1.01,1.05,1.01,1.05,400,1.05
2012-12-11,1.08,1.08,1.01,1.01,3000,1.01
2012-12-10,1.03,1.08,1.03,1.08,5100,1.08
2012-12-07,1.00,1.03,1.00,1.03,1300,1.03
2012-12-06,1.05,1.10,1.00,1.10,1300,1.10
2012-12-05,1.00,1.05,1.00,1.05,2800,1.05
2012-12-04,1.04,1.06,1.03,1.05,1200,1.05
2012-12-03,1.07,1.07,1.00,1.04,3500,1.04
2012-11-30,0.9001,1.07,0.9001,1.07,5900,1.07
2012-11-29,1.08,1.08,0.9001,0.9001,4400,0.9001
2012-11-28,1.00,1.00,0.92,1.00,7300,1.00
2012-11-27,0.97,1.00,0.97,1.00,3800,1.00
2012-11-26,0.89,0.999,0.89,0.90,9900,0.90
2012-11-23,0.882,0.8821,0.882,0.8821,1000,0.8821
2012-11-22,0.882,0.882,0.882,0.882,000,0.882
2012-11-21,0.8819,0.9899,0.8819,0.882,500,0.882
2012-11-20,0.88,0.9899,0.88,0.9899,1100,0.9899
2012-11-19,0.895,0.9899,0.8901,0.92,6500,0.92
2012-11-16,0.89,0.89,0.89,0.89,3600,0.89
2012-11-15,0.9101,0.9101,0.91,0.91,2100,0.91
2012-11-14,1.00,1.00,0.91,0.91,4200,0.91
2012-11-13,1.01,1.07,1.01,1.04,1200,1.04
2012-11-12,1.00,1.03,1.00,1.03,3000,1.03
2012-11-09,1.09,1.09,1.00,1.00,200,1.00
2012-11-08,1.05,1.05,0.9002,0.9002,400,0.9002
2012-11-07,1.10,1.10,1.08,1.09,1200,1.09
2012-11-06,0.99,0.99,0.99,0.99,3600,0.99
2012-11-05,1.10,1.10,0.90,0.90,5400,0.90
2012-11-02,0.90,1.10,0.90,1.05,400,1.05
2012-11-01,1.10,1.10,0.90,1.10,1500,1.10
2012-10-31,0.90,1.10,0.90,1.10,3100,1.10
2012-10-30,1.08,1.08,1.08,1.08,000,1.08
2012-10-29,1.08,1.08,1.08,1.08,000,1.08
2012-10-26,0.91,1.09,0.90,1.08,700,1.08
2012-10-25,1.05,1.05,1.05,1.05,000,1.05
2012-10-24,1.01,1.08,1.01,1.05,4500,1.05
2012-10-23,1.15,1.15,1.15,1.15,000,1.15
2012-10-22,1.15,1.15,1.15,1.15,4700,1.15
2012-10-19,1.18,1.18,0.95,1.18,500,1.18
2012-10-18,1.20,1.20,1.19,1.19,400,1.19
2012-10-17,1.01,1.20,0.90,1.20,14900,1.20
2012-10-16,0.90,1.01,0.90,1.01,2500,1.01
2012-10-15,1.01,1.01,0.90,1.01,1900,1.01
2012-10-12,1.01,1.01,1.01,1.01,1000,1.01
2012-10-11,0.92,1.01,0.87,1.00,13800,1.00
2012-10-10,1.03,1.03,1.03,1.03,1900,1.03
2012-10-09,1.02,1.05,0.99,1.05,21600,1.05
2012-10-08,1.01,1.02,0.90,1.02,15000,1.02
2012-10-05,1.03,1.07,1.01,1.01,19700,1.01
2012-10-04,1.32,1.47,1.01,1.07,309200,1.07
2012-10-03,1.40,1.47,1.15,1.35,12700,1.35
2012-10-02,1.40,1.47,1.40,1.47,700,1.47
2012-10-01,1.35,1.49,1.35,1.49,10300,1.49
2012-09-28,1.41,1.41,1.31,1.35,4500,1.35
2012-09-27,1.45,1.46,1.31,1.41,7000,1.41
2012-09-26,1.54,1.54,1.45,1.46,1700,1.46
2012-09-25,1.52,1.53,1.45,1.53,3600,1.53
2012-09-24,1.40,1.59,1.31,1.53,2800,1.53
2012-09-21,1.41,1.53,1.30,1.37,12800,1.37
2012-09-20,1.75,1.97,1.35,1.41,29900,1.41
2012-09-19,1.66,1.97,1.66,1.85,3200,1.85
2012-09-18,1.85,2.00,1.80,1.97,3800,1.97
2012-09-17,2.00,2.05,1.80,2.00,9200,2.00
2012-09-14,2.00,2.17,1.75,2.00,22000,2.00
2012-09-13,2.18,2.18,1.75,2.00,8700,2.00
2012-09-12,1.78,2.25,1.78,2.01,35600,2.01
2012-09-11,1.30,1.78,1.19,1.78,35600,1.78
2012-09-10,1.65,1.65,1.65,1.65,000,1.65
2012-09-07,1.65,1.65,1.65,1.65,000,1.65
2012-09-06,1.65,1.65,1.65,1.65,000,1.65
2012-09-05,1.82,1.946,1.33,1.65,56100,1.65
2012-09-04,1.7743,1.8865,1.7743,1.88,2000,1.88
2012-09-03,1.87,1.87,1.87,1.87,000,1.87
2012-08-31,1.96,1.96,1.87,1.87,1800,1.87
2012-08-30,1.96,1.96,1.89,1.90,5300,1.90
2012-08-29,2.02,2.1099,2.00,2.09,5800,2.09
2012-08-28,1.98,2.12,1.78,2.12,22000,2.12
2012-08-27,1.95,2.06,1.89,1.90,2200,1.90
2012-08-24,2.10,2.10,1.80,2.02,4600,2.02
2012-08-23,2.00,2.10,1.91,1.92,3300,1.92
2012-08-22,2.07,2.07,2.01,2.04,3400,2.04
2012-08-21,1.86,2.14,1.80,2.08,21200,2.08
2012-08-20,1.82,1.8883,1.7101,1.84,13600,1.84
2012-08-17,1.80,1.9568,1.70,1.78,19100,1.78
2012-08-16,2.17,2.17,1.81,1.81,37200,1.81
2012-08-15,2.45,2.54,2.0201,2.15,18000,2.15
2012-08-14,3.30,3.40,2.50,2.63,34000,2.63
2012-08-13,2.95,3.10,2.94,3.10,10100,3.10
2012-08-10,2.40,2.86,2.34,2.72,14700,2.72
2012-08-09,2.26,2.44,2.26,2.3605,1900,2.3605
2012-08-08,2.46,2.46,2.2505,2.42,3100,2.42
2012-08-07,2.40,2.40,2.22,2.39,7300,2.39
2012-08-06,2.27,2.42,1.985,2.375,12200,2.375
2012-08-03,2.10,2.42,1.905,2.17,10900,2.17
2012-08-02,2.10,2.32,1.99,2.25,2900,2.25
2012-08-01,2.36,2.41,1.70,2.25,17300,2.25
2012-07-31,2.28,2.44,2.27,2.29,3600,2.29
2012-07-30,2.51,2.51,2.35,2.44,3200,2.44
2012-07-27,2.62,2.64,2.52,2.53,1300,2.53
2012-07-26,2.71,2.89,2.49,2.70,14000,2.70
2012-07-25,2.64,2.79,2.60,2.78,3700,2.78
2012-07-24,2.74,2.74,2.60,2.74,4200,2.74
2012-07-23,2.69,2.85,2.615,2.71,2500,2.71
2012-07-20,3.09,3.09,2.60,2.79,25300,2.79
2012-07-19,3.14,3.15,3.00,3.12,3100,3.12
2012-07-18,2.99,3.15,2.95,3.14,3000,3.14
2012-07-17,3.04,3.04,2.92,3.03,900,3.03
2012-07-16,2.99,3.04,2.80,2.91,2800,2.91
2012-07-13,2.90,3.0699,2.73,2.8701,7400,2.8701
2012-07-12,2.89,2.89,2.7501,2.8389,4300,2.8389
2012-07-11,2.90,3.07,2.76,2.8899,2700,2.8899
2012-07-10,2.83,2.83,2.72,2.82,5400,2.82
2012-07-09,2.85,2.96,2.74,2.92,6700,2.92
2012-07-06,2.70,2.95,2.70,2.95,7100,2.95
2012-07-05,2.77,2.78,2.70,2.71,5500,2.71
2012-07-04,2.79,2.79,2.79,2.79,000,2.79
2012-07-03,2.80,2.8799,2.79,2.79,11000,2.79
2012-07-02,2.8667,2.9499,2.8667,2.88,6300,2.88
2012-06-29,3.01,3.08,2.85,2.9488,14800,2.9488
2012-06-28,3.10,3.17,3.00,3.00,10500,3.00
2012-06-27,3.45,3.45,3.04,3.24,13900,3.24
2012-06-26,3.37,3.62,3.1495,3.50,49700,3.50
2012-06-25,3.08,3.35,3.05,3.30,9800,3.30
2012-06-22,3.12,3.31,3.03,3.05,43600,3.05
2012-06-21,3.69,3.79,3.23,3.23,15900,3.23
2012-06-20,4.46,4.46,3.80,3.80,22000,3.80
2012-06-19,5.20,5.20,4.4001,4.41,15000,4.41
2012-06-18,5.25,5.25,4.25,5.24,51600,5.24
2012-06-15,4.81,5.22,3.845,5.20,32700,5.20
2012-06-14,3.75,4.77,3.50,4.76,9400,4.76
2012-06-13,0.40,0.40,0.355,0.3651,14200,3.651
2012-06-12,0.39,0.41,0.35,0.41,10800,4.10
2012-06-11,0.36,0.40,0.333,0.39,13100,3.90
2012-06-08,0.33,0.35,0.3203,0.35,6900,3.50
2012-06-07,0.349,0.40,0.3221,0.33,6000,3.30
2012-06-06,0.36,0.36,0.3002,0.33,5700,3.30
2012-06-05,0.3001,0.34,0.30,0.33,4000,3.30
2012-06-04,0.42,0.42,0.2825,0.29,9500,2.90
2012-06-01,0.29,0.35,0.274,0.34,6800,3.40
2012-05-31,0.30,0.33,0.27,0.285,8200,2.85
2012-05-30,0.35,0.36,0.3008,0.325,18100,3.25
2012-05-29,0.30,0.33,0.25,0.32,6800,3.20
2012-05-28,0.295,0.295,0.295,0.295,000,2.95
2012-05-25,0.32,0.35,0.295,0.295,25300,2.95
2012-05-24,0.32,0.32,0.30,0.32,7900,3.20
2012-05-23,0.35,0.38,0.30,0.3401,6500,3.401
2012-05-22,0.38,0.38,0.35,0.35,2800,3.50
2012-05-21,0.40,0.40,0.3357,0.36,1500,3.60
2012-05-18,0.3512,0.37,0.34,0.37,6500,3.70
2012-05-17,0.38,0.38,0.35,0.37,5800,3.70
2012-05-16,0.38,0.41,0.3515,0.38,9600,3.80
2012-05-15,0.4279,0.4279,0.38,0.40,8200,4.00
2012-05-14,0.4026,0.43,0.40,0.40,1000,4.00
2012-05-11,0.4202,0.45,0.4035,0.43,1800,4.30
2012-05-10,0.44,0.47,0.40,0.42,3600,4.20
2012-05-09,0.44,0.48,0.42,0.455,7100,4.55
2012-05-08,0.42,0.468,0.42,0.43,5600,4.30
2012-05-07,0.4299,0.46,0.4221,0.46,1800,4.60
2012-05-04,0.45,0.4501,0.42,0.42,5700,4.20
2012-05-03,0.47,0.47,0.45,0.46,1200,4.60
2012-05-02,0.47,0.50,0.4602,0.47,7900,4.70
2012-05-01,0.4303,0.46,0.43,0.46,2200,4.60
2012-04-30,0.42,0.4636,0.42,0.45,2600,4.50
2012-04-27,0.42,0.4609,0.40,0.44,4500,4.40
2012-04-26,0.42,0.43,0.403,0.42,6400,4.20
2012-04-25,0.46,0.46,0.4499,0.45,200,4.50
2012-04-24,0.4437,0.4548,0.425,0.449,2200,4.49
2012-04-23,0.412,0.4455,0.412,0.425,1800,4.25
2012-04-20,0.45,0.48,0.41,0.432,6200,4.32
2012-04-19,0.4401,0.45,0.41,0.45,2400,4.50
2012-04-18,0.44,0.485,0.4111,0.4401,8700,4.401
2012-04-17,0.46,0.47,0.45,0.4699,6000,4.699
2012-04-16,0.50,0.52,0.4619,0.48,2000,4.80
2012-04-13,0.44,0.4999,0.44,0.49,7100,4.90
2012-04-12,0.45,0.50,0.4424,0.45,3800,4.50
2012-04-11,0.45,0.48,0.44,0.4799,1300,4.799
2012-04-10,0.4662,0.4817,0.43,0.48,5200,4.80
2012-04-09,0.44,0.47,0.439,0.4613,4800,4.613
2012-04-06,0.46,0.46,0.46,0.46,000,4.60
2012-04-05,0.5035,0.54,0.4336,0.46,22500,4.60
2012-04-04,0.55,0.58,0.5025,0.5035,14500,5.035
2012-04-03,0.59,0.59,0.56,0.588,2800,5.88
2012-04-02,0.57,0.63,0.551,0.56,1900,5.60
2012-03-30,0.58,0.5941,0.5403,0.5575,4100,5.575
2012-03-29,0.5812,0.60,0.58,0.5875,4600,5.875
2012-03-28,0.615,0.615,0.58,0.6096,1500,6.096
2012-03-27,0.60,0.63,0.59,0.615,8600,6.15
2012-03-26,0.63,0.675,0.58,0.60,18900,6.00
2012-03-23,0.57,0.64,0.55,0.63,13100,6.30
2012-03-22,0.57,0.598,0.54,0.5672,5500,5.672
2012-03-21,0.56,0.5992,0.55,0.5979,3400,5.979
2012-03-20,0.56,0.62,0.54,0.5702,16600,5.702
2012-03-19,0.56,0.56,0.53,0.54,7500,5.40
2012-03-16,0.56,0.575,0.55,0.55,8200,5.50
2012-03-15,0.60,0.645,0.55,0.56,18200,5.60
2012-03-14,0.5736,0.6252,0.5736,0.62,3700,6.20
2012-03-13,0.57,0.5897,0.55,0.58,1900,5.80
2012-03-12,0.595,0.595,0.5599,0.5768,2100,5.768
2012-03-09,0.5947,0.5947,0.56,0.5899,3000,5.899
2012-03-08,0.56,0.5935,0.56,0.588,4700,5.88
2012-03-07,0.56,0.57,0.555,0.5698,2100,5.698
2012-03-06,0.5605,0.5987,0.53,0.555,9600,5.55
2012-03-05,0.5988,0.60,0.56,0.59,4800,5.90
2012-03-02,0.63,0.63,0.5601,0.59,8600,5.90
2012-03-01,0.66,0.66,0.592,0.624,5000,6.24
2012-02-29,0.66,0.66,0.61,0.6399,1600,6.399
2012-02-28,0.6599,0.6699,0.62,0.64,3000,6.40
2012-02-27,0.62,0.6679,0.6001,0.66,5000,6.60
2012-02-24,0.6949,0.6949,0.62,0.62,6400,6.20
2012-02-23,0.689,0.69,0.6325,0.6585,8400,6.585
2012-02-22,0.641,0.7005,0.63,0.66,6300,6.60
2012-02-21,0.64,0.70,0.6035,0.66,6600,6.60
2012-02-20,0.64,0.64,0.64,0.64,000,6.40
2012-02-17,0.64,0.66,0.621,0.64,3600,6.40
2012-02-16,0.65,0.6599,0.64,0.6416,8700,6.416
2012-02-15,0.66,0.67,0.64,0.64,4200,6.40
2012-02-14,0.709,0.7299,0.64,0.65,21300,6.50
2012-02-13,0.64,0.73,0.621,0.715,61700,7.15
2012-02-10,0.61,0.635,0.59,0.635,18200,6.35
2012-02-09,0.62,0.63,0.6061,0.62,8800,6.20
2012-02-08,0.61,0.62,0.5525,0.61,10400,6.10
2012-02-07,0.63,0.63,0.56,0.61,14900,6.10
2012-02-06,0.59,0.65,0.5515,0.6099,26000,6.099
2012-02-03,0.61,0.61,0.5698,0.59,10500,5.90
2012-02-02,0.6116,0.63,0.563,0.61,19200,6.10
2012-02-01,0.6492,0.6498,0.61,0.611,5600,6.11
2012-01-31,0.6675,0.67,0.61,0.62,16800,6.20
2012-01-30,0.595,0.73,0.59,0.66,45300,6.60
2012-01-27,0.5799,0.60,0.5599,0.60,6600,6.00
2012-01-26,0.6199,0.6199,0.53,0.5799,16400,5.799
2012-01-25,0.59,0.66,0.55,0.6199,30700,6.199
2012-01-24,0.63,0.63,0.5225,0.58,36200,5.80
2012-01-23,0.67,0.6789,0.5813,0.61,20200,6.10
2012-01-20,0.6727,0.6789,0.66,0.663,12600,6.63
2012-01-19,0.635,0.725,0.6201,0.68,20300,6.80
2012-01-18,0.69,0.69,0.6118,0.635,26400,6.35
2012-01-17,0.75,0.77,0.6815,0.70,30500,7.00
2012-01-16,0.725,0.725,0.725,0.725,000,7.25
2012-01-13,0.69,0.73,0.652,0.725,42000,7.25
2012-01-12,0.72,0.75,0.651,0.68,41500,6.80
2012-01-11,0.8387,0.8498,0.6508,0.7392,110200,7.392
2012-01-10,1.01,1.07,0.764,0.78,219000,7.80
2012-01-09,0.80,0.92,0.701,0.9199,178600,9.199
2012-01-06,0.5799,0.6999,0.57,0.68,111800,6.80
2012-01-05,0.589,0.589,0.55,0.5768,15700,5.768
2012-01-04,0.5899,0.5899,0.52,0.579,17700,5.79
2012-01-03,0.45,0.57,0.45,0.57,33000,5.70
2012-01-02,0.47,0.47,0.47,0.47,000,4.70
2011-12-30,0.47,0.48,0.45,0.47,12800,4.70
2011-12-29,0.41,0.48,0.40,0.48,18900,4.80
2011-12-28,0.4492,0.45,0.38,0.395,16700,3.95
2011-12-27,0.40,0.40,0.35,0.40,17200,4.00
2011-12-26,0.375,0.375,0.375,0.375,000,3.75
2011-12-23,0.43,0.43,0.37,0.375,11000,3.75
2011-12-22,0.35,0.39,0.33,0.39,19400,3.90
2011-12-21,0.39,0.39,0.34,0.35,17500,3.50
2011-12-20,0.3415,0.38,0.3415,0.365,7600,3.65
2011-12-19,0.39,0.40,0.35,0.37,14400,3.70
2011-12-16,0.40,0.4679,0.38,0.395,7000,3.95
2011-12-15,0.40,0.43,0.40,0.41,10700,4.10
2011-12-14,0.45,0.48,0.40,0.41,20600,4.10
2011-12-13,0.41,0.49,0.41,0.485,11900,4.85
2011-12-12,0.47,0.47,0.40,0.4021,14100,4.021
2011-12-09,0.47,0.5096,0.45,0.475,15700,4.75
2011-12-08,0.47,0.47,0.42,0.43,4400,4.30
2011-12-07,0.48,0.48,0.45,0.48,5500,4.80
2011-12-06,0.45,0.49,0.421,0.49,14900,4.90
2011-12-05,0.40,0.42,0.40,0.40,18600,4.00
2011-12-02,0.43,0.4795,0.37,0.40,10200,4.00
2011-12-01,0.46,0.47,0.42,0.43,12900,4.30
2011-11-30,0.505,0.505,0.46,0.468,9800,4.68
2011-11-29,0.54,0.54,0.49,0.5051,23900,5.051
2011-11-28,0.46,0.54,0.4518,0.52,7700,5.20
2011-11-25,0.50,0.5466,0.482,0.509,6100,5.09
2011-11-24,0.528,0.528,0.528,0.528,000,5.28
2011-11-23,0.53,0.553,0.50,0.528,4600,5.28
2011-11-22,0.57,0.57,0.5015,0.548,3300,5.48
2011-11-21,0.57,0.60,0.55,0.57,900,5.70
2011-11-18,0.57,0.60,0.57,0.592,7300,5.92
2011-11-17,0.59,0.63,0.525,0.56,11600,5.60
2011-11-16,0.55,0.63,0.501,0.59,29800,5.90
2011-11-15,0.52,0.55,0.50,0.545,9300,5.45
2011-11-14,0.51,0.5188,0.49,0.505,4000,5.05
2011-11-11,0.51,0.51,0.50,0.5045,3100,5.045
2011-11-10,0.51,0.52,0.4873,0.5149,3900,5.149
2011-11-09,0.51,0.52,0.4875,0.52,10600,5.20
2011-11-08,0.4536,0.5173,0.4536,0.505,4500,5.05
2011-11-07,0.4544,0.51,0.445,0.455,7400,4.55
2011-11-04,0.539,0.539,0.4985,0.52,7500,5.20
2011-11-03,0.49,0.517,0.4694,0.5169,19100,5.169
2011-11-02,0.49,0.50,0.4801,0.50,1600,5.00
2011-11-01,0.46,0.49,0.445,0.49,3900,4.90
2011-10-31,0.48,0.5179,0.4699,0.489,14300,4.89
2011-10-28,0.49,0.5201,0.47,0.519,11600,5.19
2011-10-27,0.50,0.5002,0.455,0.493,10800,4.93
2011-10-26,0.4825,0.51,0.4617,0.49,7900,4.90
2011-10-25,0.51,0.51,0.4411,0.489,10200,4.89
2011-10-24,0.51,0.53,0.48,0.51,10600,5.10
2011-10-21,0.50,0.50,0.4817,0.50,9000,5.00
2011-10-20,0.50,0.5231,0.47,0.50,17100,5.00
2011-10-19,0.4697,0.538,0.447,0.498,71300,4.98
2011-10-18,0.43,0.447,0.425,0.447,4200,4.47
2011-10-17,0.44,0.45,0.42,0.445,6800,4.45
2011-10-14,0.40,0.44,0.40,0.4319,41000,4.319
2011-10-13,0.44,0.44,0.43,0.44,14600,4.40
2011-10-12,0.431,0.45,0.423,0.45,6100,4.50
2011-10-11,0.46,0.48,0.41,0.4401,30800,4.401
2011-10-10,0.48,0.548,0.468,0.47,4500,4.70
2011-10-07,0.50,0.56,0.467,0.48,30400,4.80
2011-10-06,0.50,0.50,0.45,0.49,82700,4.90
2011-10-05,0.46,0.50,0.46,0.469,8200,4.69
2011-10-04,0.50,0.50,0.42,0.44,27600,4.40
2011-10-03,0.58,0.58,0.51,0.51,4500,5.10
2011-09-30,0.59,0.65,0.53,0.54,19500,5.40
2011-09-29,0.673,0.6804,0.61,0.6379,2900,6.379
2011-09-28,0.65,0.69,0.60,0.6899,4600,6.899
2011-09-27,0.66,0.69,0.5735,0.60,7600,6.00
2011-09-26,0.68,0.7199,0.604,0.65,6800,6.50
2011-09-23,0.65,0.6801,0.65,0.67,5200,6.70
2011-09-22,0.70,0.70,0.65,0.67,7800,6.70
2011-09-21,0.70,0.70,0.6528,0.70,6500,7.00
2011-09-20,0.785,0.7979,0.685,0.70,14900,7.00
2011-09-19,0.80,0.80,0.7681,0.779,2400,7.79
2011-09-16,0.80,0.80,0.77,0.784,6700,7.84
2011-09-15,0.80,0.82,0.75,0.80,7000,8.00
2011-09-14,0.82,0.83,0.74,0.79,7000,7.90
2011-09-13,0.8516,0.8516,0.7597,0.77,15000,7.70
2011-09-12,0.85,0.85,0.80,0.82,2100,8.20
2011-09-09,0.849,0.8499,0.80,0.83,6200,8.30
2011-09-08,0.97,0.97,0.8036,0.8348,92900,8.348
2011-09-07,0.85,0.90,0.82,0.90,22400,9.00
2011-09-06,0.83,0.87,0.80,0.85,6900,8.50
2011-09-02,0.80,0.83,0.75,0.83,6500,8.30
2011-09-01,0.868,0.868,0.75,0.80,14400,8.00
2011-08-31,0.91,0.91,0.85,0.852,10100,8.52
2011-08-30,0.90,0.9001,0.8311,0.86,23600,8.60
2011-08-29,0.98,0.98,0.88,0.8925,18900,8.925
2011-08-26,0.98,0.98,0.90,0.93,3500,9.30
2011-08-25,0.988,0.99,0.9475,0.962,600,9.62
2011-08-24,0.91,0.985,0.90,0.94,4100,9.40
2011-08-23,1.00,1.00,0.8649,0.90,11500,9.00
2011-08-22,1.06,1.07,0.95,0.9799,7900,9.799
2011-08-19,1.10,1.16,1.00,1.00,8000,10.00
2011-08-18,1.14,1.16,1.03,1.10,2800,11.00
2011-08-17,1.15,1.18,1.15,1.17,1100,11.70
2011-08-16,1.22,1.25,1.11,1.13,3100,11.30
2011-08-15,1.10,1.20,1.0501,1.20,5700,12.00
2011-08-12,1.09,1.09,0.98,1.04,2500,10.40
2011-08-11,1.00,1.10,1.00,1.06,2200,10.60
2011-08-10,1.17,1.17,0.96,1.00,9500,10.00
2011-08-09,0.95,1.15,0.95,1.15,9900,11.50
2011-08-08,1.10,1.1699,0.92,1.00,11600,10.00
2011-08-05,1.21,1.24,1.06,1.14,15700,11.40
2011-08-04,1.20,1.21,1.17,1.21,9000,12.10
2011-08-03,1.32,1.32,1.17,1.19,5100,11.90
2011-08-02,1.46,1.46,1.2506,1.29,11100,12.90
2011-08-01,1.29,1.60,1.29,1.40,51400,14.00
2011-07-29,1.25,1.26,1.20,1.2348,3100,12.348
2011-07-28,1.26,1.2796,1.25,1.25,800,12.50
2011-07-27,1.32,1.33,1.26,1.26,4700,12.60
2011-07-26,1.36,1.39,1.30,1.30,9200,13.00
2011-07-25,1.38,1.39,1.35,1.36,4900,13.60
2011-07-22,1.36,1.39,1.33,1.38,3500,13.80
2011-07-21,1.39,1.39,1.36,1.38,3300,13.80
2011-07-20,1.33,1.3899,1.315,1.37,7600,13.70
2011-07-19,1.33,1.3401,1.29,1.31,2900,13.10
2011-07-18,1.36,1.39,1.32,1.33,1700,13.30
2011-07-15,1.33,1.35,1.30,1.33,1700,13.30
2011-07-14,1.36,1.38,1.30,1.30,3800,13.00
2011-07-13,1.25,1.34,1.22,1.34,13900,13.40
2011-07-12,1.18,1.34,1.1705,1.22,10300,12.20
2011-07-11,1.16,1.22,1.16,1.17,7400,11.70
2011-07-08,1.19,1.19,1.16,1.16,4700,11.60
2011-07-07,1.20,1.22,1.18,1.19,6400,11.90
2011-07-06,1.04,1.27,1.00,1.22,34500,12.20
2011-07-05,1.09,1.1356,1.03,1.05,13800,10.50
2011-07-01,1.20,1.20,1.05,1.09,25100,10.90
2011-06-30,1.35,1.35,1.11,1.20,32700,12.00
2011-06-29,1.35,1.35,1.295,1.35,4200,13.50
2011-06-28,1.35,1.36,1.25,1.36,9200,13.60
2011-06-27,1.35,1.36,1.32,1.34,13300,13.40
2011-06-24,1.31,1.35,1.31,1.35,3600,13.50
2011-06-23,1.31,1.32,1.28,1.30,2800,13.00
2011-06-22,1.31,1.37,1.28,1.30,6700,13.00
2011-06-21,1.36,1.36,1.31,1.31,3900,13.10
2011-06-20,1.27,1.39,1.27,1.37,18600,13.70
2011-06-17,1.31,1.34,1.21,1.34,17100,13.40
2011-06-16,1.30,1.33,1.19,1.31,13200,13.10
2011-06-15,1.24,1.40,1.17,1.31,16500,13.10
2011-06-14,1.19,1.35,1.13,1.28,46000,12.80
2011-06-13,1.10,1.24,1.04,1.17,27700,11.70
2011-06-10,1.22,1.33,1.08,1.1315,52800,11.315
2011-06-09,1.16,1.56,1.16,1.20,101100,12.00
2011-06-08,1.30,1.33,1.13,1.17,23400,11.70
2011-06-07,1.40,1.40,1.30,1.31,11900,13.10
2011-06-06,1.45,1.45,1.38,1.40,13600,14.00
2011-06-03,1.46,1.46,1.41,1.42,3500,14.20
2011-06-02,1.40,1.46,1.39,1.44,9900,14.40
2011-06-01,1.41,1.466,1.40,1.41,6800,14.10
2011-05-31,1.54,1.54,1.40,1.43,6500,14.30
2011-05-27,1.54,1.54,1.43,1.49,8300,14.90
2011-05-26,1.50,1.56,1.43,1.44,20100,14.40
2011-05-25,1.49,1.53,1.4315,1.50,8000,15.00
2011-05-24,1.46,1.53,1.439,1.4488,8700,14.488
2011-05-23,1.48,1.5794,1.4001,1.50,22800,15.00
2011-05-20,1.58,1.58,1.42,1.48,15300,14.80
2011-05-19,1.52,1.54,1.44,1.52,24500,15.20
2011-05-18,1.45,1.57,1.36,1.53,48200,15.30
2011-05-17,1.73,1.7599,1.36,1.46,55800,14.60
2011-05-16,1.85,1.96,1.67,1.75,26200,17.50
2011-05-13,2.14,2.16,1.63,1.85,93500,18.50
2011-05-12,2.25,2.34,2.10,2.20,20100,22.00
2011-05-11,2.53,2.55,2.3701,2.42,9300,24.20
2011-05-10,2.46,2.57,2.4499,2.48,3700,24.80
2011-05-09,2.54,2.55,2.43,2.46,2700,24.60
2011-05-06,2.55,2.56,2.45,2.53,9600,25.30
2011-05-05,2.54,2.58,2.52,2.53,7900,25.30
2011-05-04,2.61,2.61,2.53,2.58,1900,25.80
2011-05-03,2.67,2.75,2.5701,2.61,4900,26.10
2011-05-02,2.60,2.70,2.579,2.65,8700,26.50
2011-04-29,2.54,2.59,2.52,2.58,2600,25.80
2011-04-28,2.50,2.62,2.50,2.60,4800,26.00
2011-04-27,2.57,2.60,2.51,2.51,5200,25.10
2011-04-26,2.65,2.65,2.53,2.60,3600,26.00
2011-04-25,2.66,2.70,2.58,2.63,4500,26.30
2011-04-21,2.59,2.70,2.50,2.70,8700,27.00
2011-04-20,2.67,2.73,2.59,2.59,6500,25.90
2011-04-19,2.76,2.76,2.6001,2.65,9900,26.50
2011-04-18,2.60,2.81,2.5772,2.7599,8500,27.599
2011-04-15,2.55,2.60,2.48,2.55,5600,25.50
2011-04-14,2.59,2.61,2.46,2.47,7200,24.70
2011-04-13,2.61,2.62,2.55,2.59,5400,25.90
2011-04-12,2.72,2.75,2.61,2.62,3900,26.20
2011-04-11,2.80,2.80,2.63,2.70,2800,27.00
2011-04-08,2.79,2.82,2.63,2.79,8000,27.90
2011-04-07,2.80,2.80,2.70,2.79,4900,27.90
2011-04-06,2.79,2.79,2.63,2.71,9200,27.10
2011-04-05,2.57,2.7401,2.55,2.72,11300,27.20
2011-04-04,2.50,2.5999,2.50,2.55,7300,25.50
2011-04-01,2.60,2.60,2.48,2.52,4100,25.20
2011-03-31,2.64,2.64,2.47,2.55,3400,25.50
2011-03-30,2.63,2.63,2.45,2.50,6700,25.00
2011-03-29,2.51,2.56,2.45,2.54,11600,25.40
2011-03-28,3.00,3.00,2.50,2.54,13400,25.40
2011-03-25,2.89,2.89,2.51,2.65,15300,26.50
2011-03-24,2.89,2.89,2.73,2.88,10200,28.80
2011-03-23,2.87,2.90,2.82,2.89,5800,28.90
2011-03-22,2.90,2.90,2.81,2.86,7500,28.60
2011-03-21,2.91,2.95,2.84,2.89,8900,28.90
2011-03-18,2.89,2.89,2.80,2.89,9400,28.90
2011-03-17,2.77,2.83,2.65,2.78,9400,27.80
2011-03-16,2.65,2.81,2.64,2.64,14200,26.40
2011-03-15,2.67,2.70,2.60,2.63,8200,26.30
2011-03-14,2.90,2.90,2.64,2.74,12600,27.40
2011-03-11,2.72,2.75,2.58,2.64,20600,26.40
2011-03-10,2.85,2.85,2.7177,2.77,10700,27.70
2011-03-09,2.98,2.98,2.80,2.84,14000,28.40
2011-03-08,2.98,2.98,2.70,2.9101,29600,29.101
2011-03-07,2.75,2.87,2.66,2.84,40800,28.40
2011-03-04,2.56,2.60,2.50,2.60,16500,26.00
2011-03-03,2.60,2.60,2.51,2.52,11700,25.20
2011-03-02,2.58,2.60,2.47,2.57,11600,25.70
2011-03-01,2.60,2.63,2.46,2.49,41500,24.90
2011-02-28,2.95,2.98,2.65,2.72,21700,27.20
2011-02-25,2.50,2.85,2.46,2.80,27300,28.00
2011-02-24,2.50,2.54,2.40,2.46,18300,24.60
2011-02-23,2.83,2.83,2.36,2.54,40000,25.40
2011-02-22,2.96,2.98,2.75,2.79,26300,27.90
2011-02-18,3.00,3.00,2.90,2.91,36500,29.10
2011-02-17,2.97,3.09,2.85,2.97,110600,29.70
2011-02-16,4.43,4.43,2.76,2.845,352700,28.45
2011-02-15,5.46,6.24,5.221,5.51,37100,55.10
2011-02-14,4.25,5.24,4.25,5.12,13900,51.20
2011-02-11,4.00,4.32,3.90,4.17,6900,41.70
2011-02-10,3.45,3.999,3.36,3.86,4600,38.60
2011-02-09,3.44,3.52,3.321,3.42,2400,34.20
2011-02-08,3.16,3.45,3.14,3.45,3000,34.50
2011-02-07,3.15,3.25,3.14,3.21,1500,32.10
2011-02-04,3.25,3.25,3.10,3.12,700,31.20
2011-02-03,2.88,3.27,2.83,3.20,4100,32.00
2011-02-02,3.00,3.12,2.79,2.96,3700,29.60
2011-02-01,3.12,3.24,3.11,3.11,1600,31.10
2011-01-31,3.40,3.4492,3.051,3.11,3600,31.10
2011-01-28,3.57,3.57,3.36,3.37,1500,33.70
2011-01-27,3.50,3.63,3.464,3.55,1200,35.50
2011-01-26,3.32,3.55,3.32,3.49,1500,34.90
2011-01-25,3.48,3.55,3.28,3.34,2300,33.40
2011-01-24,3.50,3.69,3.30,3.4762,3400,34.762
2011-01-21,3.59,3.59,3.40,3.4875,3400,34.875
2011-01-20,3.41,3.53,3.243,3.44,4200,34.40
2011-01-19,3.26,3.37,3.21,3.34,6200,33.40
2011-01-18,3.33,3.39,3.10,3.20,7800,32.00
2011-01-14,3.15,3.15,2.99,3.00,700,30.00
2011-01-13,3.13,3.17,3.03,3.14,4500,31.40
2011-01-12,3.25,3.25,2.97,3.07,6000,30.70
2011-01-11,3.03,3.30,2.99,3.02,9500,30.20
2011-01-10,3.00,3.32,2.91,2.9999,3900,29.999
2011-01-07,2.91,3.06,2.82,3.02,3100,30.20
2011-01-06,2.85,2.91,2.77,2.91,3400,29.10
2011-01-05,2.80,2.84,2.80,2.8384,2200,28.384
2011-01-04,2.89,3.00,2.62,2.82,6300,28.20
2011-01-03,2.65,3.00,2.65,2.7565,2600,27.565
2010-12-31,2.88,2.89,2.54,2.54,1900,25.40
2010-12-30,2.74,2.779,2.61,2.74,2000,27.40
2010-12-29,2.40,2.75,2.40,2.60,3900,26.00
2010-12-28,2.38,2.51,2.30,2.37,2800,23.70
2010-12-27,2.39,2.41,2.16,2.40,1100,24.00
2010-12-23,2.30,2.39,2.21,2.38,1400,23.80
2010-12-22,2.40,2.41,2.256,2.37,800,23.70
2010-12-21,2.30,2.32,2.16,2.31,600,23.10
2010-12-20,2.12,2.4499,2.12,2.25,1100,22.50
2010-12-17,2.25,2.2501,2.11,2.11,1100,21.10
2010-12-16,2.32,2.32,2.04,2.25,1000,22.50
2010-12-15,2.49,2.53,2.24,2.2499,1200,22.499
2010-12-14,2.38,2.49,2.25,2.49,200,24.90
2010-12-13,2.43,2.53,2.25,2.42,1200,24.20
2010-12-10,2.36,2.45,2.2899,2.35,3200,23.50
2010-12-09,2.79,2.79,2.21,2.35,5200,23.50
2010-12-08,2.82,2.82,2.60,2.6001,1300,26.001
2010-12-07,2.81,2.82,2.765,2.80,3000,28.00
2010-12-06,2.39,2.855,2.39,2.67,2600,26.70
2010-12-03,2.145,2.40,2.145,2.3699,300,23.699
2010-12-02,2.12,2.39,2.03,2.13,4100,21.30
2010-12-01,2.14,2.199,2.04,2.12,3200,21.20
2010-11-30,2.27,2.28,2.15,2.20,3500,22.00
2010-11-29,2.45,2.45,2.27,2.27,2100,22.70
2010-11-26,2.48,2.48,2.39,2.39,200,23.90
2010-11-24,2.31,2.494,2.31,2.41,3000,24.10
2010-11-23,2.43,2.43,2.35,2.35,900,23.50
2010-11-22,2.44,2.5399,2.25,2.39,1100,23.90
2010-11-19,2.50,2.7299,2.35,2.40,600,24.00
2010-11-18,2.20,2.50,2.20,2.45,2600,24.50
2010-11-17,2.55,2.69,2.14,2.15,2500,21.50
2010-11-16,2.80,2.80,2.43,2.50,1700,25.00
2010-11-15,2.80,2.82,2.71,2.81,200,28.10
2010-11-12,2.88,2.89,2.70,2.89,400,28.90
2010-11-11,2.99,2.99,2.77,2.89,400,28.90
2010-11-10,2.90,3.00,2.80,3.00,2200,30.00
2010-11-09,2.99,3.00,2.82,2.98,1700,29.80
2010-11-08,2.90,3.00,2.80,2.92,1100,29.20
2010-11-05,2.91,3.00,2.81,2.89,1100,28.90
2010-11-04,2.80,3.00,2.80,2.95,900,29.50
2010-11-03,2.85,2.90,2.76,2.85,400,28.50
2010-11-02,2.9944,2.9944,2.85,2.85,300,28.50
2010-11-01,2.99,2.9992,2.895,2.895,700,28.95
2010-10-29,2.85,2.955,2.80,2.85,100,28.50
2010-10-28,3.00,3.00,2.85,2.85,200,28.50
2010-10-27,2.90,3.00,2.90,2.932,300,29.32
2010-10-26,2.85,2.90,2.80,2.89,400,28.90
2010-10-25,3.04,3.04,2.80,2.90,700,29.00
2010-10-22,2.95,3.00,2.95,2.96,200,29.60
2010-10-21,2.92,3.05,2.85,2.85,900,28.50
2010-10-20,3.00,3.00,2.95,2.95,500,29.50
2010-10-19,3.05,3.06,2.98,2.981,500,29.81
2010-10-18,3.00,3.05,2.89,2.94,200,29.40
2010-10-15,2.91,3.00,2.90,2.99,500,29.90
2010-10-14,2.92,3.05,2.85,2.98,500,29.80
2010-10-13,3.05,3.05,2.86,2.92,1400,29.20
2010-10-12,3.18,3.18,2.98,3.03,3300,30.30
2010-10-11,3.00,3.20,2.97,2.97,900,29.70
2010-10-08,2.97,3.01,2.97,2.97,800,29.70
2010-10-07,3.00,3.10,2.95,2.95,900,29.50
2010-10-06,3.05,3.20,2.91,2.95,1500,29.50
2010-10-05,3.21,3.23,3.00,3.00,700,30.00
2010-10-04,3.29,3.299,3.125,3.25,600,32.50
2010-10-01,3.26,3.3199,3.12,3.12,1600,31.20
2010-09-30,3.20,3.315,3.05,3.12,300,31.20
2010-09-29,3.34,3.3499,3.08,3.12,1400,31.20
2010-09-28,3.37,3.38,3.06,3.06,400,30.60
2010-09-27,3.01,3.292,3.01,3.22,200,32.20
2010-09-24,3.14,3.15,3.01,3.02,300,30.20
2010-09-23,3.11,3.15,3.10,3.10,100,31.00
2010-09-22,3.10,3.14,3.10,3.10,000,31.00
2010-09-21,3.36,3.39,3.11,3.12,500,31.20
2010-09-20,3.30,3.39,3.25,3.25,1500,32.50
2010-09-17,3.34,3.40,3.29,3.29,800,32.90
2010-09-16,3.11,3.25,3.00,3.25,600,32.50
2010-09-15,3.13,3.13,3.10,3.10,300,31.00
2010-09-14,2.95,3.01,2.80,3.01,600,30.10
2010-09-13,3.13,3.27,3.00,3.00,1900,30.00
2010-09-10,2.87,3.224,2.87,3.09,400,30.90
2010-09-09,3.08,3.09,2.85,2.85,400,28.50
2010-09-08,3.11,3.11,3.05,3.05,000,30.50
2010-09-07,3.05,3.05,3.05,3.05,400,30.50
2010-09-06,3.05,3.05,3.05,3.05,000,30.50
2010-09-03,3.22,3.22,2.90,3.05,400,30.50
2010-09-02,3.25,3.25,3.2186,3.25,300,32.50
2010-09-01,3.10,3.25,3.0999,3.25,800,32.50
2010-08-31,2.92,3.08,2.80,3.08,800,30.80
2010-08-30,2.84,2.92,2.78,2.92,200,29.20
2010-08-27,2.76,2.9161,2.76,2.79,500,27.90
2010-08-26,3.03,3.28,2.75,2.76,1600,27.60
2010-08-25,3.20,3.20,3.00,3.03,100,30.30
2010-08-24,3.16,3.29,3.08,3.10,1700,31.00
2010-08-23,3.04,3.25,2.9501,3.10,1100,31.00
2010-08-20,2.95,3.02,2.89,2.98,1300,29.80
2010-08-19,2.95,3.01,2.89,3.01,000,30.10
2010-08-18,3.12,3.12,2.95,3.0099,200,30.099
2010-08-17,2.99,3.14,2.99,3.00,400,30.00
2010-08-16,3.01,3.2875,2.985,2.99,1100,29.90
2010-08-13,3.36,3.36,2.85,3.01,2800,30.10
2010-08-12,3.51,3.55,3.25,3.39,800,33.90
2010-08-11,3.68,3.775,3.50,3.50,400,35.00
2010-08-10,3.73,3.73,3.53,3.69,200,36.90
2010-08-09,3.65,3.69,3.65,3.6824,100,36.824
2010-08-06,3.77,3.78,3.69,3.69,100,36.90
2010-08-05,3.68,3.77,3.50,3.50,600,35.00
2010-08-04,3.70,3.7013,3.70,3.7013,000,37.013
2010-08-03,3.89,3.95,3.75,3.75,800,37.50
2010-08-02,3.65,3.75,3.50,3.673,200,36.73
2010-07-30,3.50,3.78,3.50,3.50,000,35.00
2010-07-29,3.65,3.65,3.50,3.50,100,35.00
2010-07-28,3.69,3.81,3.68,3.68,400,36.80
2010-07-27,4.00,4.00,3.55,3.60,1900,36.00
2010-07-26,3.87,4.00,3.87,3.9925,700,39.925
2010-07-23,3.81,3.81,3.72,3.74,000,37.40
2010-07-22,4.00,4.00,3.53,3.73,400,37.30
2010-07-21,3.95,3.96,3.88,3.90,100,39.00
2010-07-20,4.00,4.24,3.91,3.92,800,39.20
2010-07-19,3.99,4.00,3.56,3.9099,700,39.099
2010-07-16,4.10,4.15,3.76,3.93,400,39.30
2010-07-15,3.92,3.92,3.92,3.92,000,39.20
2010-07-14,4.10,4.10,3.95,3.96,100,39.60
2010-07-13,4.19,4.19,3.995,3.995,000,39.95
2010-07-12,4.12,4.12,3.80,3.95,600,39.50
2010-07-09,3.66,3.78,3.66,3.66,000,36.60
2010-07-08,3.44,3.75,3.44,3.58,000,35.80
2010-07-07,3.72,3.75,3.43,3.43,1300,34.30
2010-07-06,3.77,3.92,3.635,3.6361,000,36.361
2010-07-05,3.75,3.75,3.75,3.75,000,37.50
2010-07-02,4.06,4.06,3.625,3.75,200,37.50
2010-07-01,3.62,3.99,3.60,3.91,1300,39.10
2010-06-30,3.78,3.83,3.585,3.72,800,37.20
2010-06-29,3.80,4.05,3.75,3.75,200,37.50
2010-06-28,3.88,3.95,3.75,3.775,900,37.75
2010-06-25,4.32,4.32,3.80,3.95,400,39.50
2010-06-24,3.76,4.39,3.76,4.05,300,40.50
2010-06-23,3.92,4.055,3.75,3.78,700,37.80
2010-06-22,4.09,4.25,3.8901,4.00,300,40.00
2010-06-21,4.20,4.36,3.93,4.05,1600,40.50
2010-06-18,4.20,4.47,4.03,4.18,1000,41.80
2010-06-17,4.16,4.40,4.15,4.31,400,43.10
2010-06-16,4.15,4.29,4.07,4.16,100,41.60
2010-06-15,4.42,4.48,4.10,4.10,200,41.00
2010-06-14,4.09,4.405,4.09,4.25,200,42.50
2010-06-11,4.22,4.40,4.0301,4.05,800,40.50
2010-06-10,4.14,4.4001,4.03,4.17,600,41.70
2010-06-09,4.49,4.5005,4.14,4.14,600,41.40
2010-06-08,4.51,4.59,4.30,4.55,1600,45.50
2010-06-07,4.75,4.75,4.45,4.45,4800,44.50
2010-06-04,4.60,4.79,4.32,4.60,2500,46.00
2010-06-03,4.90,4.90,4.30,4.53,2500,45.30
2010-06-02,4.15,4.41,4.125,4.14,200,41.40
2010-06-01,4.21,4.49,4.00,4.11,1500,41.10
2010-05-31,4.24,4.24,4.24,4.24,000,42.40
2010-05-28,4.32,4.32,4.20,4.24,300,42.40
2010-05-27,4.17,4.4699,4.13,4.28,1600,42.80
2010-05-26,4.25,4.25,4.01,4.06,800,40.60
2010-05-25,3.80,3.80,3.64,3.80,500,38.00
2010-05-24,3.70,3.92,3.69,3.82,1000,38.20
2010-05-21,4.24,4.31,3.62,3.62,3200,36.20
2010-05-20,4.04,4.29,3.895,4.24,1000,42.40
2010-05-19,4.07,4.11,3.82,3.99,1000,39.90
2010-05-18,4.39,4.4001,4.0165,4.06,1000,40.60
2010-05-17,4.48,4.48,4.075,4.39,1800,43.90
2010-05-14,4.00,4.22,4.00,4.03,700,40.30
2010-05-13,4.09,4.10,4.052,4.09,600,40.90
2010-05-12,3.70,3.96,3.66,3.96,1400,39.60
2010-05-11,3.71,3.85,3.60,3.85,1900,38.50
2010-05-10,3.75,3.86,3.65,3.85,2800,38.50
2010-05-07,3.88,3.88,3.4101,3.65,1600,36.50
2010-05-06,3.89,3.895,3.51,3.5601,1700,35.601
2010-05-05,3.78,3.99,3.33,3.80,4900,38.00
2010-05-04,4.19,4.19,3.73,3.76,4200,37.60
2010-05-03,4.75,4.75,4.05,4.10,4300,41.00
2010-04-30,4.60,4.7501,4.39,4.65,2300,46.50
2010-04-29,4.45,4.74,4.45,4.70,1900,47.00
2010-04-28,4.40,4.50,4.36,4.4001,800,44.001
2010-04-27,4.53,4.53,4.22,4.35,1600,43.50
2010-04-26,4.35,4.545,4.35,4.4324,1300,44.324
2010-04-23,4.69,4.69,4.35,4.40,1900,44.00
2010-04-22,4.73,4.73,4.4001,4.5101,3300,45.101
2010-04-21,4.92,4.92,4.45,4.58,5000,45.80
2010-04-20,5.05,5.05,4.80,4.86,2300,48.60
2010-04-19,4.99,5.00,4.86,4.97,9200,49.70
2010-04-16,4.88,4.95,4.75,4.88,151800,48.80
2010-04-15,4.78,5.00,4.50,4.72,146500,47.20
2010-04-14,5.04,5.04,4.56,4.67,135300,46.70
2010-04-13,5.13,5.13,5.00,5.02,128200,50.20
2010-04-12,5.06,5.17,5.06,5.08,120400,50.80
2010-04-09,5.00,5.24,5.00,5.02,64900,50.20
