Date,Open,High,Low,Close,Volume,Adj Close
2016-04-15,87.739998,87.739998,87.370003,87.50,24400,87.50
2016-04-14,87.690002,87.790001,87.459999,87.709999,17100,87.709999
2016-04-13,87.190002,87.68,87.089996,87.68,13700,87.68
2016-04-12,85.849998,86.75,85.709999,86.57,16000,86.57
2016-04-11,86.150002,86.470001,85.690002,85.690002,13900,85.690002
2016-04-08,85.959999,86.309998,85.580002,85.739998,51600,85.739998
2016-04-07,85.900002,85.959999,85.00,85.370003,29700,85.370003
2016-04-06,85.730003,86.360001,85.459999,86.339996,12700,86.339996
2016-04-05,85.93,85.93,85.43,85.43,9500,85.43
2016-04-04,86.910004,86.910004,86.389999,86.43,36700,86.43
2016-04-01,86.040001,86.980003,85.860001,86.760002,226400,86.760002
2016-03-31,86.669998,86.860001,86.470001,86.57,243800,86.57
2016-03-30,86.989998,87.00,86.660004,86.730003,9400,86.730003
2016-03-29,85.25,86.309998,85.25,86.279999,8800,86.279999
2016-03-28,85.889999,85.889999,85.449997,85.730003,12200,85.730003
2016-03-24,85.110001,85.629997,84.980003,85.629997,12800,85.629997
2016-03-23,86.209999,86.330002,85.75,85.760002,23300,85.760002
2016-03-22,86.110001,86.800003,86.110001,86.50,20100,86.50
2016-03-21,86.459999,86.709999,86.32,86.639999,32400,86.639999
2016-03-18,87.019997,87.300003,86.830002,87.099998,14500,86.614001
2016-03-17,86.129997,86.849998,85.690002,86.709999,15300,86.226177
2016-03-16,85.190002,85.989998,85.169998,85.830002,18200,85.35109
2016-03-15,85.019997,85.309998,84.870003,85.309998,21600,84.833987
2016-03-14,85.620003,85.790001,85.300003,85.660004,7300,85.182041
2016-03-11,85.110001,85.860001,85.110001,85.849998,25000,85.370975
2016-03-10,84.540001,84.93,83.540001,84.459999,13400,83.988732
2016-03-09,84.269997,84.580002,84.190002,84.260002,11300,83.789851
2016-03-08,84.730003,84.730003,83.849998,83.870003,16300,83.402027
2016-03-07,84.510002,85.18,84.32,85.160004,18100,84.68483
2016-03-04,84.639999,85.139999,84.120003,84.68,25000,84.207505
2016-03-03,83.839996,84.32,83.519997,84.279999,20000,83.809736
2016-03-02,82.879997,83.790001,82.800003,83.760002,34100,83.292641
2016-03-01,81.769997,82.970001,81.519997,82.919998,25400,82.457324
2016-02-29,81.93,82.190002,81.160004,81.169998,63600,80.717088
2016-02-26,82.370003,82.400002,81.809998,81.93,8700,81.47285
2016-02-25,81.379997,81.860001,80.82,81.860001,7200,81.403241
2016-02-24,79.709999,81.040001,79.339996,80.940002,35400,80.488376
2016-02-23,81.339996,81.43,80.470001,80.650002,20500,80.199993
2016-02-22,81.330002,81.68,81.330002,81.669998,26200,81.214298
2016-02-19,80.209999,80.440002,79.809998,80.379997,22100,79.931495
2016-02-18,81.00,81.00,80.470001,80.580002,48900,80.130384
2016-02-17,80.190002,80.970001,80.169998,80.800003,25800,80.349158
2016-02-16,79.239998,79.519997,78.839996,79.519997,10600,79.076293
2016-02-12,77.110001,78.290001,77.110001,78.290001,58200,77.853161
2016-02-11,76.470001,76.779999,75.839996,76.580002,10600,76.152703
2016-02-10,78.389999,78.739998,77.800003,77.800003,11500,77.365897
2016-02-09,77.440002,78.470001,77.440002,77.989998,13100,77.554832
2016-02-08,78.730003,78.730003,77.339996,78.290001,20400,77.853161
2016-02-05,80.379997,80.379997,79.089996,79.129997,34100,78.68847
2016-02-04,79.790001,80.830002,79.790001,80.349998,12300,79.901664
2016-02-03,79.690002,80.099998,78.25,79.82,170700,79.374622
2016-02-02,80.00,80.00,79.150002,79.260002,17800,78.81775
2016-02-01,80.720001,81.230003,80.400002,80.980003,15500,80.528154
2016-01-29,79.480003,81.089996,79.480003,81.089996,31200,80.637533
2016-01-28,79.519997,79.580002,78.440002,79.07,15700,78.628807
2016-01-27,78.830002,80.110001,78.349998,78.760002,40800,78.320539
2016-01-26,78.18,79.190002,78.18,79.099998,33200,78.658639
2016-01-25,78.919998,78.919998,77.660004,77.660004,50000,77.226679
2016-01-22,79.080002,79.230003,78.589996,79.169998,53200,78.728248
2016-01-21,77.440002,78.559998,76.860001,77.669998,36500,77.236617
2016-01-20,77.360001,77.769997,75.629997,77.330002,78600,76.898518
2016-01-19,79.529999,79.529999,77.879997,78.589996,15800,78.151482
2016-01-15,78.459999,78.940002,77.790001,78.68,29100,78.240984
2016-01-14,79.559998,80.980003,79.18,80.519997,18300,80.070714
2016-01-13,81.470001,81.550003,79.199997,79.199997,27100,78.758079
2016-01-12,81.25,81.330002,79.970001,80.900002,45100,80.448598
2016-01-11,81.120003,81.120003,79.860001,80.510002,16200,80.060775
2016-01-08,82.089996,82.18,80.440002,80.529999,21600,80.08066
2016-01-07,82.300003,82.889999,81.459999,81.540001,17400,81.085026
2016-01-06,83.550003,83.970001,83.110001,83.309998,19200,82.845147
2016-01-05,84.779999,84.919998,84.260002,84.809998,16200,84.336777
2016-01-04,84.470001,84.529999,83.589996,84.519997,37600,84.048395
2015-12-31,85.93,86.370003,85.650002,85.660004,33300,85.182041
2015-12-30,86.809998,86.82,86.25,86.290001,42600,85.808523
2015-12-29,86.82,87.010002,86.599998,86.919998,176600,86.435005
2015-12-28,86.139999,86.139999,85.709999,86.089996,42100,85.609634
2015-12-24,86.620003,86.82,86.389999,86.550003,9600,86.067074
2015-12-23,85.839996,86.68,85.839996,86.650002,31800,86.166514
2015-12-22,84.739998,85.470001,84.480003,85.120003,695600,84.645053
2015-12-21,84.419998,84.480003,83.790001,84.349998,17100,83.879345
2015-12-18,85.650002,85.650002,84.419998,84.419998,123000,83.312524
2015-12-17,87.440002,87.440002,86.00,86.00,25600,84.871798
2015-12-16,86.610001,87.389999,86.199997,87.279999,37700,86.135005
2015-12-15,85.550003,86.459999,85.550003,86.18,18500,85.049437
2015-12-14,84.639999,84.949997,83.910004,84.790001,23900,83.677673
2015-12-11,85.330002,85.470001,84.599998,84.650002,24500,83.53951
2015-12-10,86.150002,86.82,86.099998,86.32,17100,85.1876
2015-12-09,86.300003,87.419998,85.75,86.080002,22900,84.950751
2015-12-08,86.529999,86.800003,86.209999,86.50,11200,85.365239
2015-12-07,87.849998,87.849998,86.989998,87.400002,12100,86.253434
2015-12-04,86.790001,88.339996,86.790001,88.190002,40700,87.033071
2015-12-03,88.18,88.199997,86.550003,86.769997,24800,85.631694
2015-12-02,89.139999,89.139999,87.900002,87.949997,10700,86.796214
2015-12-01,88.57,89.139999,88.559998,89.139999,56300,87.970605
2015-11-30,88.43,88.559998,88.220001,88.290001,14300,87.131758
2015-11-27,88.360001,88.50,88.209999,88.489998,41800,87.329131
2015-11-25,88.540001,88.559998,88.309998,88.379997,15300,87.220573
2015-11-24,87.800003,88.629997,87.68,88.449997,31200,87.289655
2015-11-23,88.139999,88.540001,88.019997,88.139999,27000,86.983724
2015-11-20,88.559998,88.690002,88.150002,88.279999,11900,87.121887
2015-11-19,88.309998,88.32,88.050003,88.150002,12200,86.993595
2015-11-18,87.330002,88.00,87.290001,88.00,12300,86.845561
2015-11-17,87.589996,87.690002,86.900002,87.129997,63000,85.986972
2015-11-16,85.739998,87.18,85.739998,87.18,4300,86.036319
2015-11-13,86.300003,86.389999,85.830002,85.860001,16500,84.733635
2015-11-12,87.459999,87.529999,86.669998,86.669998,13800,85.533007
2015-11-11,88.190002,88.239998,87.949997,88.029999,4200,86.875166
2015-11-10,87.959999,88.449997,87.860001,88.300003,6500,87.141628
2015-11-09,88.75,88.75,87.739998,88.239998,10400,87.08241
2015-11-06,89.120003,89.120003,88.43,88.910004,13500,87.743627
2015-11-05,89.089996,89.269997,88.68,88.959999,12900,87.792966
2015-11-04,89.699997,89.699997,89.010002,89.040001,8900,87.871919
2015-11-03,88.970001,89.75,88.940002,89.470001,11200,88.296278
2015-11-02,88.169998,89.209999,88.160004,89.080002,7700,87.911395
2015-10-30,88.360001,88.419998,87.879997,87.879997,34200,86.727133
2015-10-29,88.25,88.489998,88.099998,88.230003,14400,87.072547
2015-10-28,87.43,88.43,87.339996,88.43,10600,87.26992
2015-10-27,87.419998,87.419998,86.870003,87.139999,10100,85.996842
2015-10-26,88.040001,88.040001,87.540001,87.610001,14100,86.460678
2015-10-23,88.019997,88.209999,87.830002,88.07,12500,86.914642
2015-10-22,86.610001,87.580002,86.610001,87.440002,13300,86.29291
2015-10-21,86.889999,86.919998,86.18,86.18,4100,85.049437
2015-10-20,86.480003,87.019997,86.480003,86.720001,24800,85.582354
2015-10-19,86.459999,86.730003,86.379997,86.699997,21100,85.562612
2015-10-16,86.769997,86.889999,86.400002,86.889999,12700,85.750122
2015-10-15,85.559998,86.529999,85.43,86.529999,10200,85.394844
2015-10-14,85.550003,85.720001,85.150002,85.269997,12400,84.151372
2015-10-13,85.830002,86.419998,85.760002,85.860001,9500,84.733635
2015-10-12,86.419998,86.419998,86.00,86.169998,14800,85.039566
2015-10-09,86.669998,86.690002,86.050003,86.260002,20900,85.12839
2015-10-08,85.50,86.489998,85.419998,86.480003,61300,85.345505
2015-10-07,85.50,85.68,85.00,85.279999,87500,84.161242
2015-10-06,84.809998,85.040001,84.580002,84.779999,16400,83.667802
2015-10-05,83.690002,84.82,83.690002,84.68,20900,83.569115
2015-10-02,80.879997,82.800003,80.510002,82.800003,51500,81.713781
2015-10-01,82.07,82.07,80.889999,81.690002,13900,80.618342
2015-09-30,81.029999,81.669998,80.779999,81.669998,13300,80.5986
2015-09-29,80.209999,80.580002,79.779999,80.290001,12700,79.236707
2015-09-28,81.559998,81.559998,79.949997,80.029999,32100,78.980115
2015-09-25,82.629997,82.629997,81.639999,81.989998,15900,80.914402
2015-09-24,81.349998,81.910004,80.93,81.910004,10900,80.835457
2015-09-23,82.260002,82.260002,81.709999,81.940002,5600,80.865062
2015-09-22,82.150002,82.339996,81.730003,82.050003,23700,80.97362
2015-09-21,83.269997,83.629997,82.989998,83.239998,23200,82.148004
2015-09-18,83.709999,83.949997,83.150002,83.150002,9400,81.541074
2015-09-17,85.239998,86.00,84.760002,84.760002,11300,83.119922
2015-09-16,84.709999,85.330002,84.529999,85.260002,8100,83.610247
2015-09-15,83.639999,84.580002,83.639999,84.370003,7800,82.737469
2015-09-14,83.610001,83.610001,83.010002,83.260002,10000,81.648947
2015-09-11,83.089996,83.57,82.809998,83.57,13000,81.952946
2015-09-10,83.190002,83.980003,82.970001,83.230003,44200,81.619528
2015-09-09,85.00,85.00,82.959999,82.959999,50500,81.354748
2015-09-08,83.949997,84.209999,83.389999,84.209999,15000,82.580561
2015-09-04,82.769997,82.82,81.900002,82.269997,19500,80.678097
2015-09-03,83.779999,84.50,83.480003,83.660004,111300,82.041208
2015-09-02,83.410004,83.410004,82.279999,82.989998,12800,81.384167
2015-09-01,82.93,83.190002,81.730003,82.260002,96900,80.668296
2015-08-31,84.699997,85.07,84.269997,84.900002,11300,83.257212
2015-08-28,84.82,85.360001,84.760002,85.18,21600,83.531793
2015-08-27,84.120003,85.139999,83.580002,84.959999,22700,83.316049
2015-08-26,81.940002,82.800003,80.50,82.800003,17500,81.197848
2015-08-25,83.099998,83.760002,80.07,80.07,39200,78.52067
2015-08-24,78.220001,83.809998,74.50,81.25,117500,79.677837
2015-08-21,86.639999,86.989998,85.099998,85.099998,20500,83.45334
2015-08-20,88.580002,88.650002,87.550003,87.550003,16000,85.855937
2015-08-19,89.760002,89.809998,88.870003,89.410004,10900,87.679947
2015-08-18,90.330002,90.370003,90.010002,90.110001,10100,88.3664
2015-08-17,89.489998,90.349998,89.489998,90.32,7700,88.572335
2015-08-14,89.610001,90.019997,89.610001,90.00,8800,88.258528
2015-08-13,89.849998,89.919998,89.529999,89.919998,19400,88.180074
2015-08-12,89.00,89.910004,88.610001,89.839996,14900,88.10162
2015-08-11,89.760002,89.769997,89.400002,89.769997,7900,88.032975
2015-08-10,89.68,90.519997,89.68,90.50,25300,88.748853
2015-08-07,89.540001,89.540001,88.980003,89.220001,7200,87.493621
2015-08-06,89.879997,89.879997,89.160004,89.559998,16900,87.827039
2015-08-05,90.120003,90.379997,89.699997,89.809998,7000,88.072202
2015-08-04,89.870003,90.019997,89.449997,89.50,12100,87.768202
2015-08-03,90.199997,90.199997,89.510002,89.720001,6700,87.983947
2015-07-31,90.550003,90.660004,90.139999,90.139999,19300,88.395818
2015-07-30,90.470001,90.599998,90.160004,90.529999,22000,88.778271
2015-07-29,89.949997,90.610001,89.639999,90.589996,4300,88.837108
2015-07-28,88.75,89.800003,88.739998,89.709999,6700,87.974138
2015-07-27,88.800003,88.919998,88.510002,88.510002,11900,86.797361
2015-07-24,90.040001,90.040001,89.040001,89.040001,7400,87.317104
2015-07-23,90.690002,90.690002,89.989998,90.010002,5800,88.268336
2015-07-22,90.629997,90.629997,90.440002,90.610001,4400,88.856725
2015-07-21,90.900002,91.029999,90.389999,90.559998,32400,88.807689
2015-07-20,91.330002,91.330002,90.910004,91.040001,4900,89.278405
2015-07-17,91.449997,91.449997,91.040001,91.18,6700,89.415695
2015-07-16,91.489998,91.580002,91.459999,91.559998,5300,89.78834
2015-07-15,91.269997,91.290001,90.800003,90.980003,5700,89.219568
2015-07-14,90.690002,91.239998,90.690002,91.239998,8000,89.474532
2015-07-13,90.50,90.75,90.480003,90.75,8700,88.994015
2015-07-10,90.269997,90.269997,89.739998,89.959999,6800,88.219301
2015-07-09,89.480003,89.589996,89.040001,89.040001,10800,87.317104
2015-07-08,89.550003,89.550003,88.870003,88.959999,10700,87.23865
2015-07-07,88.980003,90.209999,88.82,90.209999,8900,88.464463
2015-07-06,89.629997,90.110001,89.440002,89.739998,22500,88.003556
2015-07-02,90.68,90.68,90.080002,90.230003,10000,88.48408
2015-07-01,90.459999,90.540001,89.949997,90.260002,12700,88.513499
2015-06-30,90.550003,90.550003,89.550003,89.709999,7100,87.974138
2015-06-29,90.480003,90.910004,89.629997,89.629997,18800,87.895684
2015-06-26,91.519997,91.620003,91.160004,91.510002,16800,89.739312
2015-06-25,91.739998,91.910004,91.360001,91.360001,8900,89.592213
2015-06-24,92.07,92.260002,91.709999,91.709999,9500,89.935439
2015-06-23,92.419998,92.519997,92.239998,92.360001,8100,90.572863
2015-06-22,92.309998,92.519997,92.269997,92.290001,5700,90.504218
2015-06-19,92.669998,92.709999,92.290001,92.290001,9600,90.049193
2015-06-18,92.50,93.00,92.50,92.860001,10100,90.605353
2015-06-17,92.190002,92.269997,91.620003,92.110001,6000,89.873563
2015-06-16,91.099998,91.889999,91.099998,91.879997,46500,89.649144
2015-06-15,91.309998,91.529999,90.93,91.349998,14100,89.132014
2015-06-12,91.910004,92.029999,91.669998,91.82,7200,89.590604
2015-06-11,92.440002,92.589996,92.300003,92.459999,17000,90.215064
2015-06-10,91.489998,92.260002,91.379997,92.199997,6200,89.961374
2015-06-09,90.970001,91.339996,90.800003,91.099998,18600,88.888084
2015-06-08,91.419998,91.419998,91.07,91.07,6500,88.858814
2015-06-05,91.559998,91.75,91.25,91.57,6700,89.346674
2015-06-04,92.07,92.07,91.419998,91.459999,12900,89.239344
2015-06-03,92.370003,92.580002,92.199997,92.309998,3500,90.068704
2015-06-02,91.980003,92.330002,91.980003,92.110001,7200,89.873563
2015-06-01,92.449997,92.470001,91.919998,92.160004,22500,89.922352
2015-05-29,92.580002,92.580002,91.900002,92.279999,313100,90.039434
2015-05-28,92.290001,92.540001,92.169998,92.540001,8700,90.293123
2015-05-27,92.209999,92.50,92.029999,92.50,5700,90.254093
2015-05-26,92.419998,92.419998,91.559998,91.800003,24300,89.571092
2015-05-22,92.870003,92.949997,92.790001,92.879997,11000,90.624864
2015-05-21,92.699997,93.089996,92.699997,93.040001,12300,90.780983
2015-05-20,92.720001,93.080002,92.690002,92.889999,15800,90.634624
2015-05-19,92.790001,93.029999,92.68,92.860001,15200,90.605353
2015-05-18,92.50,92.919998,92.480003,92.860001,9900,90.605353
2015-05-15,92.339996,92.470001,92.300003,92.470001,6400,90.224823
2015-05-14,92.099998,92.360001,92.050003,92.330002,12000,90.088223
2015-05-13,91.839996,91.879997,91.480003,91.629997,11300,89.405214
2015-05-12,91.480003,91.790001,91.129997,91.669998,11000,89.444244
2015-05-11,92.160004,92.349998,91.800003,91.839996,14000,89.610115
2015-05-08,92.00,92.330002,91.949997,92.32,19300,90.078464
2015-05-07,90.989998,91.349998,90.82,91.220001,10400,89.005173
2015-05-06,91.489998,91.610001,90.410004,90.809998,25000,88.605124
2015-05-05,92.059998,92.230003,91.129997,91.220001,10900,89.005173
2015-05-04,91.989998,92.330002,91.989998,92.25,10800,90.010163
2015-05-01,91.449997,91.790001,91.330002,91.739998,24000,89.512544
2015-04-30,91.550003,91.550003,90.650002,90.959999,13800,88.751484
2015-04-29,91.730003,92.010002,91.489998,91.779999,15200,89.551574
2015-04-28,91.559998,92.00,91.169998,92.00,15600,89.766233
2015-04-27,92.239998,92.239998,91.379997,91.379997,10100,89.161284
2015-04-24,91.910004,91.980003,91.75,91.860001,7400,89.629633
2015-04-23,91.580002,92.129997,91.580002,92.00,3500,89.766233
2015-04-22,91.440002,91.720001,90.949997,91.669998,12500,89.444244
2015-04-21,91.949997,91.959999,91.150002,91.230003,8300,89.014932
2015-04-20,91.709999,91.830002,91.550003,91.580002,46400,89.356433
2015-04-17,91.610001,91.610001,90.529999,90.82,9100,88.614884
2015-04-16,91.669998,92.169998,91.650002,91.889999,56200,89.658904
2015-04-15,91.709999,92.239998,91.68,91.989998,11300,89.756474
2015-04-14,91.209999,91.550003,90.919998,91.510002,5600,89.288133
2015-04-13,91.510002,91.660004,91.169998,91.169998,12600,88.956384
2015-04-10,91.199997,91.510002,91.199997,91.510002,26500,89.288133
2015-04-09,90.610001,91.019997,90.489998,90.970001,13700,88.761243
2015-04-08,90.760002,90.860001,90.309998,90.599998,100100,88.400224
2015-04-07,90.699997,90.989998,90.510002,90.540001,22600,88.341683
2015-04-06,89.879997,91.00,89.800003,90.870003,34600,88.663673
2015-04-02,89.68,90.349998,89.68,90.269997,28100,88.078235
2015-04-01,89.839996,90.00,89.50,89.760002,10100,87.580623
2015-03-31,90.480003,90.660004,90.150002,90.160004,12100,87.970912
2015-03-30,90.260002,90.989998,90.260002,90.849998,20000,88.644154
2015-03-27,89.459999,89.639999,89.32,89.639999,7300,87.463534
2015-03-26,89.50,89.839996,89.029999,89.449997,15300,87.278145
2015-03-25,91.010002,91.010002,89.739998,89.739998,11700,87.561104
2015-03-24,91.449997,91.449997,90.970001,90.970001,4600,88.761243
2015-03-23,91.769997,91.970001,91.529999,91.529999,15700,89.307644
2015-03-20,91.629997,92.190002,91.589996,92.00,56700,89.36424
2015-03-19,91.339996,91.540001,91.00,91.150002,14600,88.538593
2015-03-18,90.360001,92.089996,90.269997,91.769997,91900,89.140826
2015-03-17,90.769997,90.779999,90.260002,90.589996,46100,87.994632
2015-03-16,90.300003,91.00,90.269997,90.889999,70400,88.28604
2015-03-13,90.230003,90.230003,89.370003,89.870003,33200,87.295266
2015-03-12,89.809998,90.389999,89.690002,90.379997,36800,87.790649
2015-03-11,89.510002,89.510002,89.129997,89.260002,19000,86.702742
2015-03-10,89.980003,89.980003,89.290001,89.290001,20000,86.731881
2015-03-09,90.43,90.800003,90.379997,90.739998,21900,88.140336
2015-03-06,91.190002,91.32,90.150002,90.199997,30700,87.615806
2015-03-05,91.68,91.68,91.309998,91.599998,27300,88.975698
2015-03-04,91.75,91.75,91.050003,91.440002,127900,88.820286
2015-03-03,92.18,92.18,91.449997,91.809998,390400,89.179681
2015-03-02,91.900002,92.209999,91.68,92.209999,24800,89.568222
2015-02-27,91.93,92.169998,91.839996,91.839996,13500,89.20882
2015-02-26,92.389999,92.389999,91.860001,92.029999,15000,89.393379
2015-02-25,92.620003,92.620003,92.300003,92.300003,41400,89.655648
2015-02-24,92.279999,92.610001,92.279999,92.540001,9800,89.88877
2015-02-23,92.269997,92.269997,91.900002,92.099998,17900,89.461373
2015-02-20,91.699997,92.309998,91.279999,92.290001,8300,89.645932
2015-02-19,91.629997,92.010002,91.629997,91.769997,11600,89.140826
2015-02-18,92.089996,92.099998,91.900002,92.089996,21800,89.451658
2015-02-17,91.980003,92.290001,91.900002,92.169998,30500,89.529367
2015-02-13,91.699997,92.059998,91.699997,91.989998,20600,89.354524
2015-02-12,91.279999,91.82,91.279999,91.760002,27400,89.131118
2015-02-11,90.75,90.989998,90.370003,90.769997,20300,88.169475
2015-02-10,90.690002,91.089996,90.220001,90.970001,80800,88.36375
2015-02-09,90.370003,90.599998,90.169998,90.290001,13100,87.703231
2015-02-06,91.150002,91.360001,90.389999,90.50,44200,87.907214
2015-02-05,90.370003,90.889999,90.300003,90.870003,18000,88.266616
2015-02-04,90.139999,90.370003,89.870003,89.93,18600,87.353545
2015-02-03,89.300003,90.129997,89.300003,90.129997,11500,87.547812
2015-02-02,88.010002,88.809998,87.389999,88.730003,9400,86.187927
2015-01-30,88.339996,88.489998,87.650002,87.650002,8900,85.138867
2015-01-29,88.510002,88.980003,87.650002,88.860001,13100,86.3142
2015-01-28,90.279999,90.279999,88.269997,88.360001,13100,85.828525
2015-01-27,89.93,90.25,89.480003,89.830002,18000,87.256411
2015-01-26,90.379997,90.699997,90.099998,90.629997,15900,88.033487
2015-01-23,91.050003,91.059998,90.519997,90.519997,27500,87.926638
2015-01-22,90.290001,91.160004,89.669998,91.110001,14100,88.499738
2015-01-21,89.25,89.839996,88.870003,89.790001,26600,87.217556
2015-01-20,89.599998,89.599998,88.889999,89.169998,8700,86.615316
2015-01-16,88.129997,89.279999,88.07,89.279999,19400,86.722165
2015-01-15,89.330002,89.330002,88.18,88.18,57000,85.653681
2015-01-14,88.68,88.970001,87.919998,88.970001,22300,86.421049
2015-01-13,90.730003,90.989998,88.959999,89.449997,45700,86.887293
2015-01-12,90.220001,90.220001,89.580002,89.860001,22800,87.28555
2015-01-09,91.559998,91.559998,90.330002,90.540001,11900,87.946069
2015-01-08,90.50,91.360001,90.50,91.290001,11000,88.674582
2015-01-07,89.709999,89.93,89.239998,89.709999,25300,87.139846
2015-01-06,89.82,89.970001,88.360001,88.82,25100,86.275345
2015-01-05,91.050003,91.050003,89.480003,89.599998,24000,87.032997
2015-01-02,91.669998,91.669998,90.779999,91.389999,18700,88.771715
2014-12-31,92.279999,92.349998,91.160004,91.169998,9500,88.558017
2014-12-30,92.489998,92.489998,92.25,92.279999,11500,89.636217
2014-12-29,92.389999,92.739998,92.349998,92.589996,11200,89.937333
2014-12-26,92.480003,92.629997,92.410004,92.470001,6300,89.820776
2014-12-24,92.330002,92.379997,92.239998,92.25,6300,89.607077
2014-12-23,92.269997,92.43,92.190002,92.199997,10100,89.558507
2014-12-22,91.75,91.919998,91.449997,91.900002,39700,89.267106
2014-12-19,91.050003,91.68,91.050003,91.50,26800,88.878564
2014-12-18,90.339996,90.68,89.739998,90.68,59000,88.082057
2014-12-17,88.010002,89.639999,88.010002,89.550003,15200,86.984434
2014-12-16,87.690002,89.290001,87.690002,87.709999,22700,85.197145
2014-12-15,89.309998,89.419998,87.860001,88.239998,12500,85.71196
2014-12-12,89.809998,89.910004,88.830002,88.830002,6900,86.285061
2014-12-11,90.370003,91.220001,90.269997,90.269997,13000,87.6838
2014-12-10,91.190002,91.199997,90.110001,90.110001,9900,87.528388
2014-12-09,90.57,91.459999,90.57,91.360001,5300,88.742576
2014-12-08,91.970001,92.18,91.43,91.57,10200,88.946559
2014-12-05,92.129997,92.330002,92.040001,92.040001,12700,89.403095
2014-12-04,91.959999,92.00,91.50,91.690002,7800,89.063123
2014-12-03,91.779999,92.110001,91.75,92.080002,11400,89.44195
2014-12-02,90.940002,91.709999,90.940002,91.57,11100,88.946559
2014-12-01,90.279999,91.120003,90.279999,91.089996,46000,88.480307
2014-11-28,91.650002,91.669998,91.269997,91.269997,4100,88.655151
2014-11-26,91.709999,91.879997,91.629997,91.879997,8500,89.247675
2014-11-25,91.830002,91.910004,91.449997,91.699997,12800,89.072832
2014-11-24,91.730003,91.800003,91.620003,91.769997,22200,89.140826
2014-11-21,92.00,92.010002,91.489998,91.660004,7200,89.033984
2014-11-20,90.959999,91.150002,90.959999,91.019997,6300,88.412313
2014-11-19,90.970001,91.059998,90.610001,90.900002,5900,88.295756
2014-11-18,90.669998,91.309998,90.669998,91.120003,6800,88.509454
2014-11-17,90.300003,90.660004,90.220001,90.639999,18700,88.043203
2014-11-14,90.419998,90.620003,90.269997,90.349998,17500,87.76151
2014-11-13,90.599998,90.699997,90.160004,90.400002,37900,87.81008
2014-11-12,90.379997,90.540001,90.279999,90.50,22400,87.907214
2014-11-11,90.690002,90.739998,90.559998,90.580002,5900,87.984924
2014-11-10,90.419998,90.580002,90.370003,90.57,13400,87.975208
2014-11-07,90.25,90.449997,90.129997,90.290001,11700,87.703231
2014-11-06,89.970001,90.239998,89.800003,90.239998,8400,87.654661
2014-11-05,89.75,89.900002,89.510002,89.900002,8100,87.324405
2014-11-04,89.190002,89.32,88.790001,89.25,20300,86.693026
2014-11-03,89.739998,89.760002,89.269997,89.400002,9500,86.83873
2014-10-31,89.300003,89.459999,88.980003,89.440002,229000,86.877585
2014-10-30,87.760002,88.599998,87.739998,88.279999,11300,85.750815
2014-10-29,88.32,88.370003,87.400002,88.059998,43000,85.537117
2014-10-28,87.300003,87.830002,87.269997,87.830002,16200,85.31371
2014-10-27,86.620003,87.110001,86.620003,87.040001,25900,84.546342
2014-10-24,86.75,87.209999,86.389999,87.209999,8800,84.71147
2014-10-23,86.629997,86.830002,86.519997,86.559998,5600,84.080091
2014-10-22,86.470001,86.639999,85.699997,85.699997,11100,83.244729
2014-10-21,85.059998,86.230003,85.059998,86.220001,50600,83.749835
2014-10-20,83.660004,84.629997,83.660004,84.629997,70400,82.205384
2014-10-17,84.150002,84.349998,83.699997,83.889999,9100,81.486587
2014-10-16,81.949997,83.410004,81.410004,83.029999,17100,80.651225
2014-10-15,82.769997,82.919998,81.07,82.919998,33400,80.544376
2014-10-14,83.540001,84.489998,83.290001,83.610001,10900,81.21461
2014-10-13,84.699997,84.900002,83.389999,83.400002,13400,81.010627
2014-10-10,85.290001,85.769997,84.809998,84.830002,21800,82.399659
2014-10-09,87.169998,87.169998,85.400002,85.599998,11100,83.147595
2014-10-08,85.959999,86.980003,85.480003,86.980003,68000,84.488064
2014-10-07,87.029999,87.029999,86.129997,86.260002,12200,83.78869
2014-10-06,87.809998,87.870003,87.150002,87.349998,8400,84.847459
2014-10-03,86.919998,87.470001,86.900002,87.43,13900,84.925169
2014-10-02,86.50,86.730003,85.620003,86.50,26900,84.021812
2014-10-01,87.239998,87.239998,86.330002,86.610001,22300,84.128661
2014-09-30,87.529999,88.089996,87.529999,87.550003,4800,85.041733
2014-09-29,87.470001,87.959999,87.410004,87.849998,18400,85.333134
2014-09-26,87.730003,88.290001,87.610001,88.099998,8800,85.575972
2014-09-25,88.529999,88.529999,87.529999,87.620003,9800,85.109727
2014-09-24,88.419998,88.910004,88.419998,88.910004,4100,86.36277
2014-09-23,88.620003,88.980003,88.419998,88.43,9100,85.896519
2014-09-22,89.639999,89.639999,88.949997,89.00,9000,86.450188
2014-09-19,90.610001,90.610001,90.169998,90.309998,6400,87.260291
2014-09-18,90.220001,90.309998,90.099998,90.290001,8700,87.24097
2014-09-17,90.050003,90.160004,89.779999,89.949997,12100,86.912448
2014-09-16,89.25,89.959999,89.139999,89.830002,8300,86.796505
2014-09-15,89.160004,89.260002,89.00,89.18,4300,86.168453
2014-09-12,89.610001,89.610001,88.860001,89.110001,9500,86.100817
2014-09-11,89.050003,89.589996,89.050003,89.57,5700,86.545283
2014-09-10,89.050003,89.410004,88.940002,89.410004,5500,86.39069
2014-09-09,89.360001,89.580002,89.25,89.25,4300,86.236089
2014-09-08,90.160004,90.160004,89.839996,89.839996,5600,86.806162
2014-09-05,89.68,90.099998,89.379997,90.099998,16900,87.057384
2014-09-04,90.029999,90.230003,89.50,89.660004,60200,86.632247
2014-09-03,90.129997,90.160004,89.779999,89.870003,31100,86.835155
2014-09-02,90.010002,90.010002,89.550003,89.669998,8100,86.641904
2014-08-29,89.720001,89.839996,89.620003,89.839996,18900,86.806162
2014-08-28,89.379997,89.589996,89.230003,89.519997,198200,86.496968
2014-08-27,89.599998,89.629997,89.50,89.550003,4600,86.525961
2014-08-26,89.610001,89.830002,89.57,89.57,15500,86.545283
2014-08-25,89.480003,89.559998,89.349998,89.43,4100,86.410011
2014-08-22,89.220001,89.290001,89.019997,89.019997,6600,86.013853
2014-08-21,89.120003,89.360001,89.120003,89.339996,3500,86.323046
2014-08-20,88.510002,88.900002,88.510002,88.889999,4900,85.888245
2014-08-19,88.610001,88.669998,88.370003,88.650002,5300,85.656352
2014-08-18,88.050003,88.290001,88.029999,88.190002,7300,85.211887
2014-08-15,87.970001,87.970001,87.07,87.580002,13400,84.622486
2014-08-14,87.50,87.660004,87.410004,87.660004,6100,84.699786
2014-08-13,87.080002,87.360001,87.010002,87.25,6100,84.303628
2014-08-12,86.790001,86.959999,86.589996,86.599998,4000,83.675576
2014-08-11,86.949997,87.209999,86.900002,86.900002,114000,83.965448
2014-08-08,85.830002,86.730003,85.709999,86.720001,5400,83.791527
2014-08-07,86.419998,86.559998,85.620003,85.620003,28500,82.728674
2014-08-06,85.760002,86.379997,85.760002,86.18,156800,83.269761
2014-08-05,86.809998,86.809998,85.910004,86.07,97300,83.163475
2014-08-04,86.650002,87.099998,86.330002,87.080002,83300,84.13937
2014-08-01,86.550003,86.769997,86.110001,86.519997,10000,83.598276
2014-07-31,87.959999,87.959999,86.709999,86.709999,9400,83.781862
2014-07-30,88.50,88.529999,88.169998,88.169998,2300,85.192558
2014-07-29,88.82,88.940002,88.50,88.50,2200,85.511416
2014-07-28,88.900002,89.019997,88.489998,88.889999,8800,85.888245
2014-07-25,89.059998,89.160004,88.860001,88.919998,27400,85.917231
2014-07-24,89.410004,89.440002,89.309998,89.309998,3400,86.294061
2014-07-23,89.199997,89.339996,89.150002,89.339996,11500,86.323046
2014-07-22,89.18,89.330002,89.150002,89.25,7200,86.236089
2014-07-21,88.540001,88.860001,88.419998,88.830002,6000,85.830274
2014-07-18,88.309998,89.019997,88.309998,88.93,8100,85.926896
2014-07-17,88.970001,89.169998,88.220001,88.239998,8000,85.260194
2014-07-16,89.07,89.199997,88.900002,89.129997,25200,86.120139
2014-07-15,88.720001,88.919998,88.389999,88.690002,5800,85.695002
2014-07-14,88.610001,88.720001,88.57,88.57,5500,85.579052
2014-07-11,88.120003,88.269997,87.93,88.25,11300,85.269858
2014-07-10,87.800003,88.300003,87.769997,88.300003,32400,85.318173
2014-07-09,88.50,88.589996,88.32,88.550003,2200,85.559731
2014-07-08,88.440002,88.440002,88.089996,88.260002,14300,85.279523
2014-07-07,88.93,88.93,88.629997,88.660004,8200,85.666017
2014-07-03,88.970001,89.080002,88.949997,89.059998,5700,86.052503
2014-07-02,88.650002,88.739998,88.559998,88.620003,11700,85.627366
2014-07-01,88.330002,88.919998,88.330002,88.690002,4700,85.695002
2014-06-30,88.199997,88.339996,88.089996,88.089996,38200,85.115258
2014-06-27,87.959999,88.18,87.889999,88.139999,99600,85.163572
2014-06-26,88.209999,88.209999,87.599998,88.059998,14600,85.086272
2014-06-25,87.720001,88.239998,87.720001,88.199997,12100,85.221544
2014-06-24,88.389999,88.709999,87.93,87.93,8000,84.960665
2014-06-23,88.730003,88.730003,88.43,88.559998,27600,85.569388
2014-06-20,89.050003,89.089996,88.860001,89.019997,17700,85.57615
2014-06-19,88.660004,88.739998,88.470001,88.730003,8200,85.297375
2014-06-18,87.93,88.599998,87.870003,88.599998,17500,85.1724
2014-06-17,87.660004,87.900002,87.529999,87.879997,3500,84.480253
2014-06-16,87.529999,87.760002,87.440002,87.50,8700,84.114956
2014-06-13,87.279999,87.559998,87.279999,87.540001,7200,84.15341
2014-06-12,87.620003,87.620003,87.099998,87.160004,17700,83.788113
2014-06-11,87.699997,87.730003,87.540001,87.620003,13200,84.230316
2014-06-10,87.879997,87.940002,87.730003,87.940002,4800,84.537937
2014-06-09,87.830002,88.120003,87.739998,87.889999,8700,84.489868
2014-06-06,87.57,87.879997,87.57,87.75,13400,84.355285
2014-06-05,86.82,87.400002,86.779999,87.400002,8300,84.018826
2014-06-04,86.510002,86.800003,86.510002,86.800003,6500,83.442039
2014-06-03,86.260002,86.650002,86.260002,86.650002,6800,83.297841
2014-06-02,86.25,86.580002,86.18,86.50,11100,83.153642
2014-05-30,86.18,86.419998,86.129997,86.389999,32700,83.047897
2014-05-29,86.150002,86.209999,85.910004,86.209999,7400,82.87486
2014-05-28,86.029999,86.050003,85.809998,85.940002,43500,82.615309
2014-05-27,85.830002,85.970001,85.790001,85.889999,9300,82.56724
2014-05-23,85.290001,85.529999,85.290001,85.519997,10000,82.211552
2014-05-22,85.080002,85.339996,85.040001,85.230003,8300,81.932777
2014-05-21,84.68,85.00,84.68,85.00,15500,81.711672
2014-05-20,84.769997,84.769997,84.220001,84.410004,28000,81.1445
2014-05-19,84.400002,85.00,84.400002,85.00,8500,81.711672
2014-05-16,84.620003,84.620003,84.25,84.599998,7900,81.327145
2014-05-15,85.019997,85.019997,84.18,84.519997,18900,81.250238
2014-05-14,85.580002,85.580002,85.209999,85.209999,8400,81.913547
2014-05-13,85.639999,85.709999,85.599998,85.629997,6900,82.317297
2014-05-12,85.309998,85.57,85.309998,85.57,3400,82.25962
2014-05-09,84.959999,84.959999,84.480003,84.779999,3100,81.500181
2014-05-08,85.330002,85.330002,84.82,84.82,3400,81.538635
2014-05-07,84.690002,84.970001,84.330002,84.970001,102600,81.682833
2014-05-06,84.949997,84.949997,84.32,84.32,8800,81.057978
2014-05-05,84.75,84.980003,84.309998,84.970001,11700,81.682833
2014-05-02,85.279999,85.519997,84.949997,84.989998,4500,81.702056
2014-05-01,85.07,85.220001,84.849998,84.959999,6200,81.673218
2014-04-30,84.830002,85.150002,84.830002,85.110001,4600,81.817417
2014-04-29,84.849998,84.940002,84.830002,84.849998,2400,81.567473
2014-04-28,84.440002,84.779999,83.760002,84.480003,41000,81.211792
2014-04-25,84.690002,84.690002,84.199997,84.290001,12200,81.02914
2014-04-24,85.160004,85.160004,84.599998,84.839996,5100,81.557858
2014-04-23,84.809998,84.870003,84.690002,84.769997,13300,81.490566
2014-04-22,84.650002,85.010002,84.50,84.900002,13700,81.615542
2014-04-21,84.50,84.50,84.309998,84.480003,10800,81.211792
2014-04-17,84.050003,84.489998,84.050003,84.309998,10300,81.048363
2014-04-16,83.879997,84.029999,83.519997,84.029999,16600,80.779196
2014-04-15,82.809998,83.300003,82.300003,83.300003,9900,80.077441
2014-04-14,82.830002,82.830002,82.279999,82.68,13900,79.481424
2014-04-11,82.389999,82.660004,82.07,82.199997,15400,79.01999
2014-04-10,84.389999,84.389999,82.830002,82.830002,22300,79.625622
2014-04-09,83.989998,83.989998,83.650002,83.910004,10200,80.663843
2014-04-08,83.349998,83.75,83.029999,83.690002,11000,80.452353
2014-04-07,84.370003,84.370003,83.300003,83.389999,20300,80.163956
2014-04-04,85.589996,85.610001,84.419998,84.470001,18400,81.202177
2014-04-03,85.239998,85.239998,84.93,85.07,12600,81.778963
2014-04-02,84.610001,85.110001,84.610001,85.00,14700,81.711672
2014-04-01,84.669998,84.769997,84.480003,84.769997,18000,81.490566
2014-03-31,84.059998,84.43,84.059998,84.43,3600,81.163723
2014-03-28,83.510002,83.93,83.410004,83.660004,17000,80.423515
2014-03-27,83.260002,83.260002,83.010002,83.050003,5100,79.837113
2014-03-26,84.260002,84.260002,83.230003,83.25,17500,80.029373
2014-03-25,83.860001,83.870003,83.400002,83.739998,9300,80.500414
2014-03-24,83.849998,83.879997,83.010002,83.400002,10900,80.173571
2014-03-21,84.389999,84.639999,83.93,83.970001,7900,80.348532
2014-03-20,83.209999,83.959999,83.209999,83.860001,13500,80.243275
2014-03-19,83.779999,83.779999,83.230003,83.370003,10700,79.77441
2014-03-18,83.279999,83.769997,83.279999,83.650002,15700,80.042333
2014-03-17,82.919998,83.209999,82.75,83.139999,5300,79.554326
2014-03-14,82.540001,82.82,82.370003,82.440002,14000,78.884519
2014-03-13,83.559998,83.610001,82.50,82.599998,8400,79.037615
2014-03-12,82.949997,83.300003,82.949997,83.239998,8900,79.650012
2014-03-11,83.900002,83.910004,83.220001,83.279999,58900,79.688288
2014-03-10,83.809998,83.82,83.50,83.82,7900,80.205
2014-03-07,84.059998,84.080002,83.580002,83.800003,18800,80.185865
2014-03-06,83.720001,83.839996,83.669998,83.709999,11100,80.099743
2014-03-05,83.389999,83.529999,83.349998,83.470001,11300,79.870096
2014-03-04,83.120003,83.50,83.029999,83.43,17300,79.83182
2014-03-03,82.209999,82.410004,81.809998,82.139999,17900,78.597455
2014-02-28,82.529999,83.160004,82.50,82.699997,24900,79.1333
2014-02-27,82.160004,82.489998,82.019997,82.349998,14100,78.798397
2014-02-26,82.370003,82.419998,82.00,82.239998,12200,78.69314
2014-02-25,82.300003,82.510002,82.089996,82.129997,17600,78.587884
2014-02-24,82.110001,82.919998,82.089996,82.510002,16300,78.9515
2014-02-21,81.989998,82.209999,81.889999,81.940002,16100,78.406083
2014-02-20,81.57,82.099998,81.57,82.010002,12500,78.473064
2014-02-19,81.889999,82.230003,81.449997,81.470001,7900,77.956352
2014-02-18,82.110001,82.110001,81.839996,81.989998,12000,78.453922
2014-02-14,81.300003,82.019997,81.25,81.919998,20100,78.386942
2014-02-13,80.480003,81.32,80.370003,81.300003,5900,77.793686
2014-02-12,81.110001,81.190002,80.739998,80.910004,12800,77.420506
2014-02-11,79.879997,81.099998,79.879997,80.889999,20500,77.401365
2014-02-10,79.879997,80.029999,79.68,79.889999,96000,76.444493
2014-02-07,79.529999,79.940002,79.32,79.940002,12700,76.492339
2014-02-06,78.360001,79.040001,78.360001,79.010002,11600,75.602448
2014-02-05,78.00,78.18,77.660004,78.129997,24500,74.760396
2014-02-04,77.910004,78.290001,77.699997,78.129997,22100,74.760396
2014-02-03,79.370003,79.43,77.580002,77.580002,23800,74.234121
2014-01-31,79.099998,79.849998,79.029999,79.339996,12900,75.91821
2014-01-30,79.779999,80.169998,79.650002,80.010002,15900,76.55932
2014-01-29,79.290001,79.790001,79.00,79.300003,9400,75.879942
2014-01-28,79.589996,80.059998,79.589996,80.00,14600,76.549749
2014-01-27,79.779999,79.940002,79.169998,79.599998,9000,76.166999
2014-01-24,80.910004,80.910004,79.93,80.029999,7600,76.578454
2014-01-23,81.800003,81.800003,81.07,81.349998,14100,77.841525
2014-01-22,82.370003,82.370003,82.07,82.25,19400,78.702711
2014-01-21,82.419998,82.419998,81.82,82.089996,7100,78.549608
2014-01-17,82.230003,82.309998,82.139999,82.169998,9600,78.62616
2014-01-16,82.370003,82.370003,82.120003,82.300003,5000,78.750558
2014-01-15,82.260002,82.629997,82.260002,82.529999,12100,78.970634
2014-01-14,81.50,82.099998,81.489998,82.099998,9000,78.559179
2014-01-13,82.260002,82.269997,81.32,81.360001,7000,77.851096
2014-01-10,82.010002,82.25,82.00,82.25,27400,78.702711
2014-01-09,82.160004,82.190002,81.809998,82.129997,9700,78.587884
2014-01-08,82.110001,82.120003,81.900002,82.040001,6000,78.501769
2014-01-07,82.07,82.129997,82.029999,82.059998,2600,78.520903
2014-01-06,82.150002,82.150002,81.559998,81.650002,15400,78.128589
2014-01-03,81.82,81.940002,81.589996,81.690002,10900,78.166865
2014-01-02,82.139999,82.139999,81.519997,81.650002,5500,78.128589
2013-12-31,82.07,82.349998,82.07,82.32,11600,78.769692
2013-12-30,82.110001,82.110001,81.959999,81.989998,5300,78.453922
2013-12-27,82.389999,82.389999,81.949997,82.110001,9600,78.56875
2013-12-26,81.910004,82.010002,81.830002,82.00,7600,78.463493
2013-12-24,81.410004,81.650002,81.410004,81.629997,7300,78.109448
2013-12-23,81.379997,81.459999,81.339996,81.419998,6000,77.908506
2013-12-20,80.699997,81.190002,80.650002,81.00,23500,77.506621
2013-12-19,81.029999,81.190002,80.919998,81.190002,7100,77.218606
2013-12-18,80.089996,81.110001,79.480003,81.110001,3700,77.142517
2013-12-17,80.269997,80.269997,79.739998,79.889999,5800,75.982192
2013-12-16,80.050003,80.220001,80.050003,80.120003,5800,76.200945
2013-12-13,79.769997,79.769997,79.489998,79.639999,15700,75.744421
2013-12-12,79.720001,79.839996,79.43,79.669998,4400,75.772952
2013-12-11,80.550003,80.550003,79.68,79.690002,7300,75.791978
2013-12-10,80.889999,81.080002,80.800003,80.82,5600,76.866702
2013-12-09,81.07,81.110001,80.989998,81.019997,5400,77.056916
2013-12-06,80.610001,80.879997,80.519997,80.760002,7700,76.809639
2013-12-05,80.199997,80.199997,79.830002,79.830002,6000,75.925129
2013-12-04,80.019997,80.610001,79.82,80.330002,4100,76.400672
2013-12-03,80.379997,80.540001,80.07,80.220001,2800,76.296052
2013-12-02,80.849998,81.089996,80.629997,80.629997,3700,76.685993
2013-11-29,81.160004,81.18,80.940002,80.940002,5400,76.980834
2013-11-27,80.980003,81.010002,80.839996,81.010002,11800,77.04741
2013-11-26,80.970001,81.050003,80.860001,80.860001,5100,76.904746
2013-11-25,81.169998,81.169998,80.849998,80.949997,14100,76.99034
2013-11-22,80.599998,81.059998,80.580002,81.010002,25200,77.04741
2013-11-21,80.269997,80.790001,80.269997,80.709999,2200,76.762082
2013-11-20,80.440002,80.440002,80.25,80.25,5100,76.324583
2013-11-19,80.309998,80.639999,80.18,80.269997,9900,76.343602
2013-11-18,80.620003,80.849998,80.260002,80.389999,9900,76.457735
2013-11-15,80.410004,80.629997,80.349998,80.589996,4400,76.647949
2013-11-14,79.889999,80.209999,79.879997,80.199997,4800,76.277026
2013-11-13,79.07,79.860001,79.07,79.860001,3600,75.953661
2013-11-12,79.440002,79.57,79.07,79.290001,6300,75.411542
2013-11-11,79.629997,79.629997,79.459999,79.529999,9600,75.639801
2013-11-08,78.389999,79.50,78.389999,79.50,6800,75.611269
2013-11-07,79.470001,79.470001,78.300003,78.300003,8800,74.46997
2013-11-06,79.089996,79.309998,79.080002,79.220001,18700,75.344967
2013-11-05,78.989998,79.120003,78.800003,78.919998,15700,75.059638
2013-11-04,79.110001,79.209999,78.919998,79.199997,19800,75.325941
2013-11-01,78.75,78.860001,78.50,78.849998,8900,74.993063
2013-10-31,78.75,78.970001,78.75,78.790001,1900,74.936
2013-10-30,79.540001,79.540001,78.699997,78.919998,42500,75.059638
2013-10-29,79.150002,79.290001,79.089996,79.290001,5300,75.411542
2013-10-28,78.940002,78.989998,78.690002,78.889999,13200,75.031107
2013-10-25,78.650002,78.839996,78.559998,78.839996,12900,74.98355
2013-10-24,78.410004,78.660004,78.410004,78.510002,12100,74.669697
2013-10-23,78.550003,78.550003,78.309998,78.389999,10400,74.555564
2013-10-22,78.709999,79.040001,78.709999,78.919998,11200,75.059638
2013-10-21,78.510002,78.510002,78.309998,78.379997,3800,74.546051
2013-10-18,78.25,78.480003,78.059998,78.370003,55900,74.536546
2013-10-17,77.239998,78.059998,77.239998,78.029999,10400,74.213173
2013-10-16,76.82,77.449997,76.82,77.449997,8300,73.661542
2013-10-15,76.769997,76.949997,76.309998,76.349998,11100,72.61535
2013-10-14,76.099998,76.910004,76.099998,76.910004,13000,73.147962
2013-10-11,76.209999,76.650002,76.190002,76.610001,10100,72.862634
2013-10-10,75.410004,76.129997,75.410004,76.099998,6600,72.377578
2013-10-09,74.559998,74.769997,74.309998,74.57,7700,70.922419
2013-10-08,75.099998,75.099998,74.459999,74.459999,5800,70.817799
2013-10-07,75.290001,75.43,75.07,75.18,3700,71.502582
2013-10-04,75.220001,75.800003,75.220001,75.730003,11100,72.025682
2013-10-03,75.690002,75.690002,74.900002,75.230003,8900,71.550139
2013-10-02,75.629997,75.900002,75.57,75.900002,11400,72.187364
2013-10-01,75.540001,76.010002,75.540001,75.849998,10600,72.139807
2013-09-30,75.129997,75.43,74.760002,75.209999,5700,71.531113
2013-09-27,75.779999,75.860001,75.650002,75.739998,9400,72.035187
2013-09-26,76.300003,76.300003,75.830002,76.080002,16400,72.35856
2013-09-25,76.029999,76.339996,76.029999,76.080002,2700,72.35856
2013-09-24,76.239998,76.470001,76.110001,76.110001,7000,72.387091
2013-09-23,76.360001,76.360001,76.010002,76.239998,279700,72.51073
2013-09-20,77.650002,77.739998,77.050003,77.050003,1800,72.901628
2013-09-19,77.849998,77.849998,77.620003,77.629997,3700,73.450395
2013-09-18,77.00,78.010002,76.760002,77.839996,4000,73.649088
2013-09-17,76.830002,77.019997,76.830002,76.970001,3600,72.825933
2013-09-16,77.059998,77.059998,76.720001,76.720001,8400,72.589393
2013-09-13,76.239998,76.25,76.18,76.190002,10300,72.08793
2013-09-12,76.32,76.32,76.010002,76.040001,1600,71.946004
2013-09-11,76.110001,76.309998,75.970001,76.309998,2500,72.201464
2013-09-10,76.089996,76.129997,75.889999,76.110001,11000,72.012235
2013-09-09,75.120003,75.559998,75.120003,75.540001,55200,71.472924
2013-09-06,75.089996,75.120003,74.50,74.82,4800,70.791688
2013-09-05,74.800003,74.889999,74.779999,74.790001,3500,70.763304
2013-09-04,74.50,74.739998,74.50,74.739998,3400,70.715993
2013-09-03,74.519997,74.580002,73.800003,73.959999,3600,69.97799
2013-08-30,74.269997,74.269997,73.650002,73.650002,2800,69.684682
2013-08-29,74.25,74.440002,74.129997,74.129997,3100,70.138835
2013-08-28,73.779999,74.300003,73.660004,74.150002,2900,70.157762
2013-08-27,74.349998,74.580002,73.800003,73.879997,21900,69.902295
2013-08-26,75.50,75.580002,75.019997,75.099998,45300,71.056611
2013-08-23,75.300003,75.43,75.209999,75.410004,3700,71.349926
2013-08-22,74.589996,75.93,74.589996,75.120003,17900,71.075539
2013-08-21,74.860001,74.870003,74.470001,74.739998,1600,70.715993
2013-08-20,74.57,75.239998,74.57,75.220001,4100,71.170153
2013-08-19,75.059998,75.199997,74.699997,74.699997,19300,70.678146
2013-08-16,75.300003,75.599998,75.300003,75.330002,4200,71.274231
2013-08-15,75.900002,75.900002,75.449997,75.589996,8200,71.520228
2013-08-14,76.800003,76.910004,76.589996,76.650002,11900,72.523162
2013-08-13,76.529999,76.980003,76.529999,76.849998,59500,72.712391
2013-08-12,76.550003,76.790001,76.480003,76.769997,4600,72.636697
2013-08-09,76.779999,76.949997,76.75,76.879997,2200,72.740775
2013-08-08,77.120003,77.199997,76.739998,77.169998,12800,73.015162
2013-08-07,76.809998,76.870003,76.599998,76.830002,7000,72.693471
2013-08-06,77.199997,77.199997,77.010002,77.019997,7600,72.873237
2013-08-05,77.669998,77.669998,77.50,77.57,3700,73.393628
2013-08-02,77.550003,77.709999,77.459999,77.650002,2900,73.469322
2013-08-01,77.709999,77.779999,77.629997,77.779999,1400,73.59232
2013-07-31,77.139999,77.139999,76.800003,76.860001,2700,72.721855
2013-07-30,76.940002,77.029999,76.610001,76.730003,406000,72.598857
2013-07-29,76.769997,76.93,76.610001,76.779999,19300,72.64616
2013-07-26,76.720001,76.940002,76.440002,76.940002,7100,72.79755
2013-07-25,76.669998,76.940002,76.50,76.940002,25400,72.79755
2013-07-24,77.580002,77.580002,76.720001,76.760002,21500,72.62724
2013-07-23,77.419998,77.449997,77.32,77.410004,2500,73.242246
2013-07-22,77.279999,77.410004,77.209999,77.32,4200,73.157088
2013-07-19,76.919998,77.129997,76.809998,77.120003,1800,72.967859
2013-07-18,76.43,76.849998,76.43,76.75,2900,72.617777
2013-07-17,76.239998,76.25,76.190002,76.25,2300,72.144697
2013-07-16,76.400002,76.400002,75.800003,75.879997,6000,71.794615
2013-07-15,76.080002,76.339996,76.080002,76.279999,3700,72.173081
2013-07-12,75.849998,76.029999,75.75,76.029999,13400,71.936541
2013-07-11,75.910004,75.910004,75.480003,75.879997,4100,71.794615
2013-07-10,74.980003,74.980003,74.699997,74.699997,2800,70.678146
2013-07-09,74.790001,75.040001,74.519997,75.040001,4600,70.999844
2013-07-08,74.370003,74.480003,74.199997,74.269997,37300,70.271297
2013-07-05,73.559998,73.879997,73.540001,73.879997,25200,69.902295
2013-07-03,72.839996,72.970001,72.800003,72.970001,700,69.041293
2013-07-02,73.589996,73.589996,72.940002,72.970001,16600,69.041293
2013-07-01,73.589996,73.720001,73.379997,73.410004,4900,69.457606
2013-06-28,73.040001,73.190002,72.699997,72.699997,6000,68.785826
2013-06-27,73.230003,73.349998,73.139999,73.139999,11400,69.202139
2013-06-26,72.169998,72.629997,72.129997,72.470001,8500,68.568213
2013-06-25,71.669998,71.900002,71.449997,71.879997,12500,68.009975
2013-06-24,71.330002,71.529999,70.470001,71.150002,14100,67.319283
2013-06-21,72.839996,72.849998,71.779999,72.410004,54300,68.147178
2013-06-20,73.349998,73.349998,72.019997,72.32,80400,68.062473
2013-06-19,75.050003,75.050003,74.349998,74.519997,14300,70.132954
2013-06-18,74.709999,75.110001,74.709999,74.949997,17400,70.53764
2013-06-17,74.57,74.730003,74.089996,74.459999,8500,70.076489
2013-06-14,74.32,74.32,73.769997,74.019997,14300,69.66239
2013-06-13,73.029999,74.449997,73.029999,74.43,26900,70.048256
2013-06-12,74.239998,74.300003,73.120003,73.139999,16400,68.834198
2013-06-11,73.879997,74.269997,73.699997,73.699997,5300,69.361229
2013-06-10,74.370003,74.68,74.32,74.459999,18200,70.076489
2013-06-07,74.059998,74.480003,73.779999,74.480003,12700,70.095315
2013-06-06,72.809998,73.400002,72.730003,73.400002,6600,69.078894
2013-06-05,73.699997,73.800003,72.839996,72.839996,10900,68.551857
2013-06-04,74.230003,74.230003,73.540001,73.900002,3800,69.549459
2013-06-03,74.059998,74.230003,73.800003,74.209999,7700,69.841206
2013-05-31,74.760002,75.120003,73.779999,73.779999,13700,69.436521
2013-05-30,74.790001,75.32,74.790001,75.150002,56100,70.72587
2013-05-29,74.669998,74.879997,74.209999,74.639999,7600,70.245892
2013-05-28,75.32,75.690002,74.910004,75.089996,7100,70.669398
2013-05-24,74.32,74.559998,74.00,74.559998,5900,70.1706
2013-05-23,74.050003,74.650002,73.940002,74.650002,10900,70.255306
2013-05-22,75.580002,76.209999,74.709999,74.779999,9400,70.37765
2013-05-21,75.489998,75.519997,75.230003,75.519997,5100,71.074084
2013-05-20,75.220001,75.529999,75.220001,75.32,7400,70.885861
2013-05-17,74.790001,75.300003,74.790001,75.260002,2400,70.829395
2013-05-16,74.760002,75.00,74.419998,74.510002,6800,70.123548
2013-05-15,74.290001,74.830002,74.290001,74.830002,5200,70.424709
2013-05-14,73.830002,74.360001,73.830002,74.360001,3400,69.982377
2013-05-13,73.410004,73.599998,73.349998,73.559998,959700,69.229471
2013-05-10,73.239998,73.529999,73.230003,73.529999,3600,69.201238
2013-05-09,73.599998,73.650002,73.199997,73.199997,5800,68.890664
2013-05-08,73.18,73.599998,73.18,73.599998,6100,69.267117
2013-05-07,72.970001,73.230003,72.800003,73.220001,3000,68.90949
2013-05-06,72.669998,72.830002,72.599998,72.830002,6000,68.542451
2013-05-03,72.510002,72.699997,72.440002,72.489998,10100,68.222463
2013-05-02,71.599998,71.889999,71.599998,71.839996,13000,67.610727
2013-05-01,71.849998,71.849998,71.360001,71.360001,16900,67.158989
2013-04-30,71.900002,71.989998,71.639999,71.989998,7200,67.751898
2013-04-29,71.75,72.099998,71.650002,71.989998,4100,67.751898
2013-04-26,71.50,71.510002,71.290001,71.510002,14100,67.30016
2013-04-25,71.580002,72.019997,71.459999,71.519997,53200,67.309566
2013-04-24,71.25,71.489998,71.25,71.449997,4400,67.243688
2013-04-23,71.080002,71.209999,70.650002,71.209999,14000,67.017819
2013-04-22,70.43,70.519997,69.879997,70.489998,10600,66.340204
2013-04-19,69.82,70.160004,69.769997,70.160004,6700,66.029637
2013-04-18,70.050003,70.050003,69.449997,69.57,4900,65.474367
2013-04-17,70.410004,70.419998,69.639999,69.970001,12900,65.85082
2013-04-16,70.589996,70.879997,70.360001,70.879997,17700,66.707244
2013-04-15,71.519997,71.519997,70.339996,70.339996,9600,66.199033
2013-04-12,71.800003,71.93,71.540001,71.75,13800,67.526029
2013-04-11,71.790001,72.309998,71.790001,72.160004,6900,67.911896
2013-04-10,71.360001,71.790001,71.360001,71.769997,1700,67.544849
2013-04-09,70.879997,71.199997,70.709999,71.199997,9400,67.008405
2013-04-08,70.360001,70.75,70.120003,70.75,10900,66.5849
2013-04-05,69.559998,70.269997,69.559998,70.269997,4800,66.133155
2013-04-04,70.160004,70.489998,70.160004,70.489998,3200,66.340204
2013-04-03,70.970001,70.970001,69.970001,70.139999,9700,66.01081
2013-04-02,70.989998,71.110001,70.849998,70.849998,4100,66.679011
2013-04-01,70.93,70.980003,70.599998,70.599998,31700,66.443729
2013-03-28,70.75,71.029999,70.68,70.879997,5200,66.707244
2013-03-27,70.379997,70.769997,70.25,70.769997,7700,66.603719
2013-03-26,70.57,70.709999,70.57,70.709999,1400,66.547254
2013-03-25,70.669998,70.809998,70.089996,70.120003,5300,65.991991
2013-03-22,70.260002,70.459999,70.260002,70.449997,11800,66.302558
2013-03-21,70.669998,70.809998,70.370003,70.370003,48700,65.937404
2013-03-20,70.989998,71.010002,70.879997,71.010002,7100,66.53709
2013-03-19,70.879997,70.949997,70.18,70.50,7000,66.059213
2013-03-18,70.489998,70.989998,70.379997,70.699997,11200,66.246612
2013-03-15,71.099998,71.169998,70.849998,71.129997,8000,66.649527
2013-03-14,70.959999,71.199997,70.940002,71.150002,14000,66.668271
2013-03-13,70.459999,70.790001,70.459999,70.790001,1000,66.330947
2013-03-12,70.769997,70.849998,70.410004,70.510002,3800,66.068585
2013-03-11,70.43,70.75,70.309998,70.739998,6200,66.284093
2013-03-08,70.25,70.389999,70.150002,70.32,7900,65.890551
2013-03-07,70.050003,70.18,70.050003,70.129997,3600,65.712516
2013-03-06,69.879997,70.059998,69.760002,69.980003,45100,65.571971
2013-03-05,69.519997,69.839996,69.519997,69.669998,5600,65.281493
2013-03-04,68.610001,69.00,68.489998,68.970001,2400,64.625588
2013-03-01,68.230003,68.699997,68.050003,68.669998,7800,64.344482
2013-02-28,68.739998,69.059998,68.470001,68.470001,15200,64.157083
2013-02-27,67.68,68.75,67.68,68.739998,8300,64.410073
2013-02-26,67.550003,67.800003,67.540001,67.709999,1300,63.444954
2013-02-25,69.169998,69.169998,67.300003,67.32,47100,63.07952
2013-02-22,68.480003,68.690002,68.290001,68.690002,15300,64.363227
2013-02-21,68.360001,68.360001,68.010002,68.019997,3400,63.735424
2013-02-20,69.559998,69.559998,68.540001,68.580002,12100,64.260155
2013-02-19,69.010002,69.510002,69.010002,69.510002,4100,65.131575
2013-02-15,68.989998,69.010002,68.730003,68.860001,2900,64.522517
2013-02-14,68.75,69.050003,68.739998,69.019997,25300,64.672435
2013-02-13,69.010002,69.050003,68.839996,68.839996,4900,64.503773
2013-02-12,68.589996,68.93,68.589996,68.849998,7300,64.513145
2013-02-11,68.510002,68.589996,68.510002,68.550003,24800,64.232046
2013-02-08,68.379997,68.480003,68.370003,68.459999,8800,64.147711
2013-02-07,68.43,68.440002,67.849998,68.190002,4900,63.894722
2013-02-06,68.07,68.370003,67.989998,68.370003,7100,64.063384
2013-02-05,68.010002,68.400002,68.010002,68.269997,4100,63.969677
2013-02-04,67.849998,67.889999,67.529999,67.550003,12900,63.295036
2013-02-01,68.050003,68.339996,68.050003,68.260002,2500,63.960312
2013-01-31,67.68,67.82,67.620003,67.699997,13600,63.435582
2013-01-30,68.129997,68.129997,67.75,67.769997,6000,63.501172
2013-01-29,67.650002,68.120003,67.650002,68.099998,4100,63.810387
2013-01-28,67.949997,67.949997,67.540001,67.690002,7500,63.426217
2013-01-25,67.650002,67.75,67.50,67.739998,21800,63.473063
2013-01-24,67.389999,67.610001,67.199997,67.459999,7700,63.210701
2013-01-23,66.949997,67.129997,66.839996,67.059998,10000,62.835896
2013-01-22,66.660004,67.07,66.610001,67.07,11600,62.845268
2013-01-18,66.389999,66.650002,66.269997,66.629997,5500,62.432981
2013-01-17,66.269997,66.57,66.260002,66.480003,4500,62.292435
2013-01-16,65.949997,66.07,65.889999,66.050003,8500,61.889521
2013-01-15,65.68,66.089996,65.669998,66.059998,18900,61.898886
2013-01-14,65.809998,65.830002,65.650002,65.790001,4300,61.645896
2013-01-11,65.82,65.82,65.690002,65.790001,3800,61.645896
2013-01-10,65.550003,65.860001,65.400002,65.839996,5800,61.692742
2013-01-09,65.32,65.419998,65.120003,65.199997,44100,61.093056
2013-01-08,65.160004,65.160004,64.919998,65.029999,46700,60.933766
2013-01-07,65.379997,65.379997,65.099998,65.269997,8200,61.158647
2013-01-04,65.230003,65.559998,65.209999,65.540001,69900,61.411643
2013-01-03,65.010002,65.190002,64.889999,65.019997,8000,60.924394
2013-01-02,64.949997,64.949997,64.589996,64.739998,81100,60.662032
2012-12-31,62.630001,63.349998,62.59,63.349998,5000,59.359589
2012-12-28,62.77,63.049999,62.52,62.52,5100,58.581872
2012-12-27,63.360001,63.360001,62.77,63.189999,4200,59.209668
2012-12-26,63.639999,63.639999,63.25,63.310001,27600,59.322111
2012-12-24,63.599998,63.599998,63.400002,63.52,9600,59.518883
2012-12-21,63.720001,63.75,63.48,63.639999,5000,59.631323
2012-12-20,63.970001,64.309998,63.849998,64.309998,142800,60.259118
2012-12-19,64.879997,64.879997,64.580002,64.639999,3300,60.094206
2012-12-18,64.209999,64.879997,64.18,64.879997,12500,60.317326
2012-12-17,63.599998,63.919998,63.599998,63.869999,3100,59.378355
2012-12-14,63.48,63.48,63.349998,63.389999,1700,58.932112
2012-12-13,63.93,63.93,63.459999,63.459999,900,58.997189
2012-12-12,63.950001,64.00,63.91,63.959999,5200,59.462026
2012-12-11,63.75,63.880001,63.68,63.68,1100,59.201718
2012-12-10,63.240002,63.450001,63.240002,63.450001,1900,58.987894
2012-12-07,63.189999,63.299999,63.060001,63.299999,10400,58.848441
2012-12-06,62.75,62.970001,62.73,62.959999,1600,58.532351
2012-12-05,62.220001,62.93,62.220001,62.700001,8100,58.290637
2012-12-04,62.459999,62.540001,62.330002,62.369999,7200,57.983843
2012-12-03,62.900002,62.900002,62.450001,62.470001,5000,58.076812
2012-11-30,62.75,62.849998,62.529999,62.709999,17700,58.299932
2012-11-29,62.59,62.75,62.349998,62.689999,8300,58.281338
2012-11-28,61.669998,62.130001,61.610001,62.130001,900,57.760723
2012-11-27,62.18,62.25,62.07,62.25,1100,57.872283
2012-11-26,62.139999,62.220001,62.040001,62.220001,5400,57.844393
2012-11-23,61.630001,61.630001,61.630001,61.630001,000,57.295885
2012-11-21,61.57,61.630001,61.549999,61.630001,2300,57.295885
2012-11-20,61.360001,61.599998,61.18,61.41,3000,57.091355
2012-11-19,61.209999,61.310001,61.209999,61.240002,2300,56.933312
2012-11-16,60.150002,60.389999,59.93,60.389999,5500,56.143086
2012-11-15,60.200001,60.330002,59.959999,60.119999,2100,55.892073
2012-11-14,61.25,61.25,60.07,60.07,7800,55.84559
2012-11-13,60.98,61.52,60.98,61.00,1800,56.710189
2012-11-12,61.400002,61.400002,61.25,61.369999,1300,57.054167
2012-11-09,61.00,61.75,61.00,61.380001,2200,57.063466
2012-11-08,62.029999,62.049999,61.560001,61.580002,12600,57.249402
2012-11-07,62.990002,62.990002,61.709999,61.959999,8400,57.602676
2012-11-06,63.27,63.599998,63.25,63.529999,2400,59.062266
2012-11-05,62.709999,62.919998,62.630001,62.91,3500,58.485868
2012-11-02,63.650002,63.650002,62.880001,62.889999,4000,58.467274
2012-11-01,62.91,63.439999,62.91,63.360001,15200,58.904223
2012-10-31,62.919998,63.00,62.580002,62.790001,6900,58.374308
2012-10-26,62.610001,62.799999,62.509998,62.700001,3900,58.290637
2012-10-25,63.029999,63.029999,62.48,62.740002,4600,58.327825
2012-10-24,62.720001,62.919998,62.549999,62.59,1400,58.188372
2012-10-23,63.040001,63.040001,62.50,62.720001,3100,58.309231
2012-10-22,63.740002,63.740002,63.27,63.50,4900,59.034377
2012-10-19,64.660004,64.660004,64.190002,64.190002,2300,59.675855
2012-10-18,64.68,64.790001,64.660004,64.75,1800,60.196471
2012-10-17,64.120003,64.459999,64.120003,64.410004,1000,59.880384
2012-10-16,63.700001,64.00,63.700001,63.959999,3300,59.462026
2012-10-15,63.049999,63.380001,62.970001,63.349998,2000,58.894924
2012-10-12,63.25,63.25,62.84,62.900002,900,58.476573
2012-10-11,63.529999,63.619999,63.459999,63.48,2300,59.015783
2012-10-10,63.549999,63.549999,63.110001,63.110001,6400,58.671804
2012-10-09,63.68,63.810001,63.630001,63.650002,2400,59.173829
2012-10-08,64.07,64.150002,64.010002,64.120003,2300,59.610778
2012-10-05,64.559998,64.559998,64.239998,64.239998,9300,59.722334
2012-10-04,63.73,64.089996,63.73,64.07,2200,59.564291
2012-10-03,63.380001,63.389999,63.330002,63.330002,2900,58.876333
2012-10-02,63.529999,63.529999,63.16,63.310001,1600,58.85774
2012-10-01,63.330002,63.459999,63.220001,63.220001,2000,58.774069
2012-09-28,62.919998,63.080002,62.919998,63.080002,2300,58.643915
2012-09-27,62.900002,63.400002,62.900002,63.400002,600,58.94141
2012-09-26,62.950001,62.970001,62.759998,62.759998,2700,58.346415
2012-09-25,63.900002,63.900002,63.09,63.09,4600,58.65321
2012-09-24,63.580002,63.880001,63.549999,63.779999,3100,59.294684
2012-09-21,64.32,64.32,64.279999,64.300003,1700,59.43321
2012-09-20,63.82,64.139999,63.82,64.139999,500,59.285317
2012-09-19,64.129997,64.330002,64.129997,64.25,1100,59.386992
2012-09-18,64.139999,64.169998,64.040001,64.089996,2700,59.239099
2012-09-17,64.529999,64.529999,64.230003,64.300003,1200,59.43321
2012-09-14,64.57,65.089996,64.57,64.769997,2300,59.867631
2012-09-13,63.299999,63.990002,63.299999,63.990002,1100,59.146673
2012-09-12,63.349998,63.389999,63.310001,63.310001,2300,58.518141
2012-09-11,63.209999,63.23,63.119999,63.16,22100,58.379493
2012-09-10,63.18,63.279999,62.919998,62.919998,4500,58.157657
2012-09-07,62.91,63.16,62.91,63.16,1100,58.379493
2012-09-06,62.00,62.00,62.00,62.00,200,57.307292
2012-09-05,61.48,61.59,61.48,61.529999,800,56.872865
2012-09-04,61.529999,61.529999,61.27,61.27,500,56.632545
2012-08-31,61.450001,61.639999,61.400002,61.639999,4600,56.974539
2012-08-30,61.139999,61.310001,61.139999,61.310001,900,56.669519
2012-08-29,61.459999,61.740002,61.450001,61.669998,2100,57.002268
2012-08-28,61.560001,61.650002,61.560001,61.639999,1800,56.974539
2012-08-27,61.59,61.82,61.59,61.619999,8200,56.956053
2012-08-24,61.189999,61.650002,61.189999,61.650002,3500,56.983784
2012-08-23,61.580002,61.580002,61.330002,61.380001,2400,56.73422
2012-08-22,61.799999,61.93,61.700001,61.880001,3000,57.196376
2012-08-21,62.200001,62.470001,61.830002,61.830002,8200,57.150161
2012-08-20,61.860001,61.919998,61.860001,61.900002,700,57.214862
2012-08-17,62.080002,62.080002,61.889999,61.950001,14400,57.261077
2012-08-16,61.75,62.080002,61.73,61.970001,86700,57.279564
2012-08-15,61.400002,61.549999,61.400002,61.490002,800,56.835895
2012-08-14,61.509998,61.540001,61.369999,61.369999,1400,56.724975
2012-08-13,61.630001,61.630001,61.25,61.43,23200,56.780435
2012-08-10,61.380001,61.639999,61.290001,61.630001,19100,56.965298
2012-08-09,61.299999,61.59,61.299999,61.50,2800,56.845136
2012-08-08,61.060001,61.41,61.060001,61.369999,10300,56.724975
2012-08-07,61.32,61.32,61.220001,61.220001,2400,56.58633
2012-08-06,61.00,61.040001,61.00,61.040001,200,56.419954
2012-08-03,60.84,60.849998,60.75,60.779999,1500,56.179631
2012-08-02,59.57,59.57,59.080002,59.16,600,54.682248
2012-08-01,60.400002,60.459999,60.02,60.029999,3000,55.486398
2012-07-31,60.41,60.41,60.189999,60.189999,1600,55.634288
2012-07-30,60.43,60.549999,60.349998,60.41,2900,55.837637
2012-07-27,59.689999,60.52,59.689999,60.490002,5600,55.911584
2012-07-26,59.169998,59.48,59.060001,59.439999,3100,54.941054
2012-07-25,58.59,58.630001,58.34,58.400002,4300,53.979773
2012-07-24,58.32,58.32,58.009998,58.009998,1500,53.619289
2012-07-23,58.580002,59.040001,58.470001,58.939999,12300,54.478899
2012-07-20,59.549999,59.580002,59.41,59.470001,4900,54.968786
2012-07-19,60.119999,60.130001,59.799999,59.939999,10400,55.40321
2012-07-18,59.709999,60.060001,59.709999,60.02,3800,55.477156
2012-07-17,59.360001,59.77,58.990002,59.720001,3200,55.199864
2012-07-16,59.240002,59.290001,59.080002,59.25,2700,54.765436
2012-07-13,59.389999,59.389999,59.330002,59.330002,1100,54.839383
2012-07-12,58.09,58.52,58.09,58.360001,1500,53.9428
2012-07-11,58.509998,58.610001,58.459999,58.459999,3000,54.03523
2012-07-10,58.919998,58.919998,58.610001,58.610001,700,54.173878
2012-07-09,58.880001,58.880001,58.77,58.810001,1100,54.358741
2012-07-06,59.060001,59.189999,58.959999,59.189999,800,54.709976
2012-07-05,59.66,59.73,59.66,59.73,1000,55.209105
2012-07-03,60.139999,60.16,60.139999,60.16,400,55.606559
2012-07-02,59.66,59.66,59.419998,59.619999,2100,55.10743
2012-06-29,59.27,59.27,59.27,59.27,200,54.783923
2012-06-28,57.790001,58.189999,57.790001,58.189999,1700,53.785665
2012-06-27,57.82,57.82,57.82,57.82,200,53.443671
2012-06-26,57.259998,57.259998,57.060001,57.139999,1700,52.815139
2012-06-25,57.139999,57.18,57.09,57.09,500,52.768924
2012-06-22,58.150002,58.240002,58.139999,58.240002,2000,53.545346
2012-06-21,59.18,59.32,58.759998,58.759998,2100,54.023426
2012-06-20,59.34,59.34,59.009998,59.09,1200,54.326827
2012-06-19,58.970001,59.34,58.970001,59.27,3300,54.492318
2012-06-18,58.650002,58.709999,58.639999,58.689999,3100,53.959069
2012-06-15,58.43,58.43,58.43,58.43,100,53.720029
2012-06-14,58.07,58.07,58.07,58.07,500,53.389048
2012-06-13,57.50,57.82,57.50,57.75,2300,53.094843
2012-06-12,57.040001,57.459999,57.029999,57.459999,1300,52.828218
2012-06-11,58.349998,58.349998,57.529999,57.529999,2500,52.892575
2012-06-08,57.299999,57.299999,57.299999,57.299999,000,52.681116
2012-06-07,57.990002,57.990002,57.299999,57.299999,5100,52.681116
2012-06-06,56.75,57.220001,56.75,57.220001,1600,52.607566
2012-06-05,55.369999,55.369999,55.369999,55.369999,000,50.906691
2012-06-04,55.23,55.369999,55.23,55.369999,1000,50.906691
2012-06-01,56.189999,56.189999,55.68,55.689999,3000,51.200895
2012-05-31,57.060001,57.439999,56.639999,57.119999,2200,52.515625
2012-05-30,57.43,57.43,57.110001,57.110001,8400,52.506433
2012-05-29,57.560001,57.869999,57.560001,57.869999,700,53.205169
2012-05-25,57.470001,57.470001,57.310001,57.310001,1100,52.690312
2012-05-24,57.43,57.43,56.919998,57.220001,2600,52.607566
2012-05-23,56.75,57.080002,56.75,57.080002,2700,52.478852
2012-05-22,57.290001,57.48,57.290001,57.369999,2000,52.745473
2012-05-21,56.470001,56.98,56.470001,56.98,1100,52.386911
2012-05-18,57.049999,57.049999,56.419998,56.52,2100,51.963992
2012-05-17,57.50,57.50,56.959999,56.959999,5300,52.368523
2012-05-16,57.84,57.84,57.84,57.84,200,53.177588
2012-05-15,58.259998,58.259998,57.830002,57.860001,4100,53.195976
2012-05-14,58.360001,58.540001,58.18,58.540001,5100,53.821163
2012-05-11,58.700001,59.419998,58.700001,59.119999,4000,54.354408
2012-05-10,59.18,59.400002,59.139999,59.290001,23000,54.510706
2012-05-09,58.860001,59.200001,58.57,58.970001,12500,54.216501
2012-05-08,58.82,59.25,58.82,59.25,5700,54.473929
2012-05-07,59.330002,59.610001,59.330002,59.610001,2400,54.804911
2012-05-04,59.50,59.57,59.459999,59.57,2500,54.768134
2012-05-03,60.73,60.73,60.310001,60.310001,900,55.448485
2012-05-02,60.540001,60.860001,60.540001,60.77,2500,55.871405
2012-05-01,60.650002,61.470001,60.650002,61.240002,9200,56.30352
2012-04-30,60.580002,60.619999,60.470001,60.509998,1900,55.632361
2012-04-27,60.669998,60.880001,60.669998,60.880001,1000,55.972538
2012-04-26,60.459999,60.82,60.459999,60.82,1800,55.917373
2012-04-25,60.18,60.23,60.02,60.119999,7400,55.273799
2012-04-24,59.459999,59.790001,59.450001,59.73,4800,54.915237
2012-04-23,59.09,59.330002,58.959999,59.330002,5100,54.547482
2012-04-20,59.849998,59.860001,59.849998,59.860001,2400,55.034759
2012-04-19,59.779999,59.779999,59.779999,59.779999,200,54.961206
2012-04-18,59.93,59.990002,59.93,59.990002,1100,55.154281
2012-04-17,59.880001,60.220001,59.880001,60.209999,1400,55.356544
2012-04-16,59.490002,59.490002,59.490002,59.490002,200,54.694585
2012-04-13,59.52,59.52,59.50,59.50,200,54.703777
2012-04-12,59.57,59.57,59.560001,59.57,1000,54.768134
2012-04-11,59.32,59.330002,59.110001,59.169998,3900,54.400376
2012-04-10,58.91,58.91,58.639999,58.700001,5200,53.968265
2012-04-09,59.73,59.889999,59.619999,59.880001,1600,55.053147
2012-04-05,60.50,60.720001,60.330002,60.490002,47500,55.613976
2012-04-04,60.900002,60.900002,60.610001,60.779999,57500,55.880597
2012-04-03,61.150002,61.23,61.150002,61.23,1300,56.294324
2012-04-02,61.41,61.790001,61.25,61.790001,4300,56.809184
2012-03-30,61.349998,61.349998,61.349998,61.349998,300,56.40465
2012-03-29,60.689999,60.919998,60.50,60.919998,1300,56.009311
2012-03-28,61.450001,61.450001,60.810001,61.16,9900,56.229967
2012-03-27,61.77,61.810001,61.509998,61.509998,3200,56.551752
2012-03-26,61.43,61.459999,61.43,61.459999,40400,56.505783
2012-03-23,61.040001,61.07,61.040001,61.07,500,55.921971
2012-03-22,60.869999,60.869999,60.779999,60.810001,1000,55.68389
2012-03-21,61.630001,61.630001,61.419998,61.43,55400,56.251625
2012-03-20,61.34,61.59,61.34,61.470001,1100,56.288253
2012-03-19,61.700001,61.93,61.689999,61.860001,3900,56.645377
2012-03-16,61.59,61.610001,61.490002,61.549999,1300,56.361508
2012-03-15,61.02,61.43,61.02,61.389999,5100,56.214996
2012-03-14,60.880001,60.880001,60.880001,60.880001,1500,55.747989
2012-03-13,60.43,61.220001,60.349998,61.220001,2000,56.059328
2012-03-12,60.09,60.09,59.889999,60.02,2300,54.960484
2012-03-09,59.900002,60.16,59.900002,60.060001,2200,54.997113
2012-03-08,59.580002,59.779999,59.549999,59.779999,1100,54.740713
2012-03-07,58.970001,59.299999,58.849998,59.299999,5700,54.301177
2012-03-06,59.02,59.049999,58.700001,58.700001,2000,53.751756
2012-03-05,59.52,59.740002,59.50,59.740002,2300,54.704088
2012-03-02,60.060001,60.119999,59.869999,59.900002,4000,54.8506
2012-03-01,59.900002,60.209999,59.900002,60.07,24900,55.006268
2012-02-29,60.209999,60.299999,59.68,59.68,7500,54.649145
2012-02-28,60.040001,60.07,59.939999,60.07,1000,55.006268
2012-02-27,59.59,60.139999,59.59,60.049999,4300,54.987954
2012-02-24,59.939999,59.98,59.799999,59.799999,2900,54.759028
2012-02-23,59.439999,59.759998,59.389999,59.759998,2900,54.722399
2012-02-22,59.639999,59.799999,59.48,59.630001,18700,54.60336
2012-02-21,60.060001,60.110001,59.73,59.860001,66400,54.813971
2012-02-17,59.869999,59.869999,59.849998,59.860001,900,54.813971
2012-02-16,58.919998,59.639999,58.919998,59.639999,2900,54.612516
2012-02-15,59.330002,59.330002,58.950001,58.950001,1000,53.980682
2012-02-14,58.919998,58.919998,58.919998,58.919998,400,53.953208
2012-02-13,59.200001,59.200001,59.200001,59.200001,200,54.209608
2012-02-10,58.779999,58.84,58.669998,58.810001,1000,53.852484
2012-02-09,59.509998,59.509998,59.349998,59.349998,300,54.346961
2012-02-08,59.279999,59.41,59.049999,59.360001,1500,54.35612
2012-02-07,59.009998,59.189999,58.82,59.139999,16400,54.154664
2012-02-06,58.810001,58.990002,58.810001,58.98,4400,54.008152
2012-02-03,58.849998,59.009998,58.82,59.009998,5300,54.035622
2012-02-02,58.139999,58.34,58.139999,58.200001,2900,53.293905
2012-02-01,57.869999,58.279999,57.869999,58.25,1000,53.339689
2012-01-31,57.419998,57.549999,57.330002,57.549999,9000,52.698697
2012-01-30,57.450001,57.529999,57.029999,57.529999,8600,52.680382
2012-01-27,57.610001,57.900002,57.57,57.869999,10300,52.991721
2012-01-26,58.029999,58.040001,57.669998,57.669998,1300,52.80858
2012-01-25,57.740002,58.220001,57.459999,58.220001,18300,53.312219
2012-01-24,57.610001,57.900002,57.50,57.84,5800,52.964251
2012-01-23,58.119999,58.130001,57.869999,58.040001,4600,53.147393
2012-01-20,57.82,58.040001,57.77,58.040001,5300,53.147393
2012-01-19,57.790001,57.93,57.68,57.860001,7200,52.982566
2012-01-18,56.93,57.66,56.93,57.66,5100,52.799424
2012-01-17,57.57,57.57,56.98,56.98,3100,52.176746
2012-01-13,56.610001,56.950001,56.610001,56.950001,800,52.149276
2012-01-12,57.080002,57.380001,57.029999,57.32,2600,52.488085
2012-01-11,57.09,57.09,57.09,57.09,000,52.277474
2012-01-10,57.139999,57.139999,57.040001,57.09,3400,52.277474
2012-01-09,56.439999,56.529999,56.310001,56.529999,5300,51.764679
2012-01-06,56.43,56.450001,56.330002,56.34,1800,51.590697
2012-01-05,56.060001,56.470001,55.630001,56.459999,33700,51.70058
2012-01-04,56.110001,56.240002,55.970001,56.240002,5500,51.499128
2012-01-03,56.360001,56.610001,56.130001,56.25,68100,51.508284
2011-12-30,55.630001,55.68,55.509998,55.540001,5700,50.858135
2011-12-29,55.290001,55.50,55.290001,55.450001,1400,50.775722
2011-12-28,55.619999,55.619999,54.970001,54.990002,4300,50.3545
2011-12-27,55.799999,55.849998,55.73,55.73,4600,51.032118
2011-12-23,55.400002,55.73,55.400002,55.73,7400,51.032118
2011-12-22,55.00,55.32,55.00,55.290001,1600,50.62921
2011-12-21,54.27,54.52,54.099998,54.52,4400,49.924118
2011-12-20,54.049999,54.599998,54.049999,54.599998,4700,49.679625
2011-12-19,53.880001,53.880001,52.919998,52.919998,12600,48.15102
2011-12-16,53.970001,54.18,53.619999,53.709999,6000,48.869829
2011-12-15,53.950001,53.950001,53.490002,53.490002,3200,48.669657
2011-12-14,53.619999,53.73,53.400002,53.400002,1800,48.587768
2011-12-13,54.59,54.779999,53.580002,53.709999,2100,48.869829
2011-12-12,53.790001,54.23,53.790001,54.23,5400,49.342969
2011-12-09,55.00,55.09,55.00,55.09,800,50.125469
2011-12-08,55.110001,55.110001,54.330002,54.330002,2100,49.433959
2011-12-07,54.84,55.66,54.84,55.66,7100,50.644102
2011-12-06,54.950001,55.419998,54.950001,55.419998,700,50.425729
2011-12-05,55.32,55.529999,54.950001,55.080002,6200,50.116372
2011-12-02,54.810001,54.900002,54.48,54.48,1100,49.57044
2011-12-01,54.380001,54.700001,54.200001,54.50,4600,49.588638
2011-11-30,53.700001,54.630001,53.650002,54.630001,15000,49.706924
2011-11-29,52.099998,52.509998,52.049999,52.220001,9400,47.514105
2011-11-28,52.139999,52.200001,51.619999,51.66,266600,47.004569
2011-11-25,50.709999,50.720001,50.669998,50.669998,3900,46.103783
2011-11-23,51.32,51.32,50.799999,50.810001,1500,46.23117
2011-11-22,51.91,52.18,51.799999,51.830002,3600,47.159251
2011-11-21,52.290001,52.290001,52.23,52.23,500,47.523202
2011-11-18,53.25,53.50,53.200001,53.200001,500,48.40579
2011-11-17,53.84,53.959999,52.98,53.169998,3400,48.378491
2011-11-16,54.16,54.16,53.950001,53.959999,2400,49.0973
2011-11-15,54.59,55.060001,54.59,55.060001,600,50.098174
2011-11-14,54.700001,54.700001,54.57,54.57,1500,49.652329
2011-11-11,55.130001,55.389999,55.130001,55.389999,3400,50.398433
2011-11-10,54.34,54.459999,53.900002,54.279999,3400,49.388462
2011-11-09,54.619999,54.619999,53.700001,53.700001,1800,48.860732
2011-11-08,55.389999,55.880001,55.18,55.880001,2600,50.844278
2011-11-07,54.93,54.93,54.450001,54.84,1800,49.897998
2011-11-04,54.740002,54.759998,54.25,54.73,3200,49.79791
2011-11-03,54.07,54.07,54.07,54.07,000,49.197388
2011-11-02,54.18,54.290001,53.77,54.07,4400,49.197388
2011-11-01,53.57,53.950001,53.169998,53.220001,7200,48.423988
2011-10-31,55.849998,55.849998,54.91,54.91,8700,49.96169
2011-10-28,56.310001,56.470001,56.130001,56.470001,5600,51.381109
2011-10-27,56.099998,56.48,55.759998,56.439999,4500,51.35381
2011-10-26,54.450001,54.450001,53.98,54.43,800,49.524946
2011-10-25,54.07,54.389999,53.630001,53.630001,4500,48.79704
2011-10-24,54.48,54.950001,54.48,54.75,14700,49.816109
2011-10-21,53.779999,54.139999,53.68,53.779999,3000,48.933521
2011-10-20,52.959999,53.16,52.23,53.16,5000,48.369394
2011-10-19,53.27,53.57,52.82,52.849998,6100,48.087329
2011-10-18,52.02,53.549999,52.02,53.549999,1700,48.724248
2011-10-17,52.689999,52.689999,52.049999,52.049999,2900,47.359423
2011-10-14,52.77,53.009998,52.43,53.009998,25600,48.23291
2011-10-13,52.27,52.27,51.68,52.16,4700,47.459511
2011-10-12,52.52,52.82,52.509998,52.509998,3000,47.777968
2011-10-11,51.560001,51.990002,51.540001,51.849998,4500,47.177446
2011-10-10,51.700001,51.860001,51.43,51.860001,2300,47.186546
2011-10-07,50.810001,50.880001,50.279999,50.279999,6700,45.748929
2011-10-06,49.59,49.75,49.59,49.75,300,45.266692
2011-10-05,48.709999,49.790001,48.709999,49.75,3700,45.266692
2011-10-04,47.139999,48.869999,47.029999,48.869999,7600,44.465994
2011-10-03,49.259998,49.490002,47.810001,48.00,9600,43.674397
2011-09-30,49.849998,50.209999,49.34,49.349998,22500,44.902738
2011-09-29,50.880001,50.919998,49.779999,50.57,10100,46.012796
2011-09-28,51.299999,51.299999,49.82,49.82,3500,45.330384
2011-09-27,51.59,51.59,50.720001,51.00,1500,46.404046
2011-09-26,49.689999,50.400002,49.48,50.400002,1200,45.858118
2011-09-23,48.619999,49.18,48.580002,49.130001,5800,44.702566
2011-09-22,49.349998,49.459999,48.549999,48.990002,18100,44.357719
2011-09-21,52.060001,52.060001,50.540001,50.540001,16300,45.761157
2011-09-20,52.470001,52.98,52.380001,52.380001,2300,47.427175
2011-09-19,52.009998,52.599998,52.00,52.599998,3400,47.62637
2011-09-16,53.27,53.27,53.27,53.27,100,48.23302
2011-09-15,52.610001,52.91,52.610001,52.880001,2100,47.879897
2011-09-14,51.450001,52.490002,51.450001,52.080002,4600,47.155542
2011-09-13,51.040001,51.369999,51.02,51.369999,2500,46.512674
2011-09-12,49.990002,50.790001,49.84,50.790001,7100,45.987518
2011-09-09,51.450001,51.450001,50.349998,50.639999,6400,45.8517
2011-09-08,52.16,52.490002,51.939999,51.939999,5200,47.028777
2011-09-07,51.77,52.52,51.77,52.509998,13900,47.54488
2011-09-06,50.43,50.43,50.32,50.330002,500,45.571014
2011-09-02,51.939999,51.939999,51.32,51.560001,5100,46.684711
2011-09-01,53.310001,53.68,53.119999,53.119999,2100,48.097202
2011-08-31,53.669998,53.91,53.400002,53.580002,22300,48.513709
2011-08-30,52.790001,53.529999,52.529999,53.52,1800,48.459381
2011-08-29,52.779999,53.200001,52.779999,53.200001,4100,48.169639
2011-08-26,50.41,51.52,50.099998,51.52,1600,46.648492
2011-08-25,52.490002,52.490002,50.869999,50.990002,3000,46.168608
2011-08-24,50.880001,51.790001,50.75,51.790001,12400,46.892962
2011-08-23,49.540001,50.75,49.48,50.68,15600,45.887919
2011-08-22,50.790001,50.790001,49.389999,49.490002,8300,44.810441
2011-08-19,49.790001,50.580002,49.560001,49.560001,6400,44.873822
2011-08-18,51.380001,51.380001,50.119999,50.450001,21400,45.679667
2011-08-17,52.900002,53.209999,52.439999,52.610001,4500,47.635426
2011-08-16,52.50,52.810001,52.169998,52.330002,5200,47.381903
2011-08-15,52.349998,53.049999,52.349998,53.029999,27500,48.015711
2011-08-12,52.119999,52.209999,51.509998,51.639999,25800,46.757144
2011-08-11,49.419998,52.080002,49.419998,52.049999,4300,47.128376
2011-08-10,50.34,50.75,49.009998,49.139999,16400,44.493534
2011-08-09,49.799999,51.400002,48.310001,51.330002,6000,46.476459
2011-08-08,51.290001,51.630001,48.990002,48.990002,7300,44.357719
2011-08-05,53.709999,53.759998,51.599998,52.759998,12500,47.771241
2011-08-04,54.709999,54.709999,52.970001,52.970001,3700,47.961387
2011-08-03,55.41,55.619999,54.939999,55.619999,3800,50.360812
2011-08-02,56.470001,56.689999,55.549999,55.549999,2200,50.297432
2011-08-01,57.93,57.93,56.59,56.889999,3500,51.510727
2011-07-29,57.630001,57.639999,57.389999,57.48,2500,52.044939
2011-07-28,57.880001,58.25,57.610001,57.610001,3600,52.162648
2011-07-27,58.259998,58.349998,57.740002,57.740002,3500,52.280357
2011-07-26,59.130001,59.130001,58.98,58.98,2800,53.403106
2011-07-25,59.080002,59.41,59.040001,59.41,900,53.792447
2011-07-22,59.57,59.57,59.529999,59.529999,200,53.9011
2011-07-21,59.080002,59.740002,59.080002,59.73,12200,54.082189
2011-07-20,58.66,58.689999,58.540001,58.689999,3100,53.140526
2011-07-19,58.049999,58.34,58.049999,58.34,4200,52.823622
2011-07-18,58.189999,58.189999,57.48,57.68,2000,52.226029
2011-07-15,58.310001,58.310001,58.310001,58.310001,000,52.79646
2011-07-14,58.93,58.93,58.310001,58.310001,4000,52.79646
2011-07-13,58.709999,59.189999,58.709999,58.849998,3700,53.285397
2011-07-12,58.540001,59.02,58.459999,58.459999,14000,52.932274
2011-07-11,59.18,59.18,58.639999,58.639999,11200,53.095255
2011-07-08,59.790001,59.790001,59.529999,59.68,2800,54.036918
2011-07-07,60.189999,60.509998,60.189999,60.50,5100,54.779382
2011-07-06,59.50,59.75,59.50,59.720001,1700,54.073136
2011-07-05,59.830002,59.880001,59.709999,59.830002,12200,54.172736
2011-07-01,59.779999,60.119999,59.779999,60.049999,31600,54.371931
2011-06-30,58.900002,59.16,58.900002,59.16,1400,53.566086
2011-06-29,58.259998,58.610001,58.259998,58.610001,2400,53.068092
2011-06-28,57.939999,57.939999,57.93,57.93,800,52.45239
2011-06-27,57.200001,57.43,57.200001,57.41,3700,51.981559
2011-06-24,57.790001,57.790001,57.07,57.07,18200,51.673707
2011-06-23,57.73,57.73,57.279999,57.720001,7600,51.995143
2011-06-22,58.419998,58.709999,58.220001,58.25,7900,52.472575
2011-06-21,58.130001,58.529999,58.130001,58.450001,4200,52.652739
2011-06-20,57.84,57.939999,57.73,57.73,6200,52.00415
2011-06-17,57.709999,57.709999,57.380001,57.650002,9700,51.932086
2011-06-16,57.16,57.41,57.00,57.130001,8100,51.463661
2011-06-15,57.580002,57.700001,56.970001,56.970001,3200,51.319531
2011-06-14,58.080002,58.32,58.080002,58.130001,30100,52.364478
2011-06-13,57.630001,57.630001,57.400002,57.400002,1900,51.706882
2011-06-10,57.75,57.75,57.490002,57.529999,900,51.823986
2011-06-09,57.77,58.27,57.77,58.27,1700,52.490592
2011-06-08,58.029999,58.029999,57.82,57.860001,1700,52.121257
2011-06-07,58.25,58.380001,57.959999,57.959999,1300,52.211337
2011-06-06,58.529999,58.529999,57.889999,57.889999,3300,52.14828
2011-06-03,58.799999,58.919998,58.630001,58.669998,3400,52.850916
2011-06-02,59.380001,59.380001,59.00,59.279999,8200,53.400415
2011-06-01,59.84,59.84,59.27,59.27,800,53.391409
2011-05-31,60.709999,60.709999,60.240002,60.43,2600,54.436356
2011-05-27,59.970001,60.18,59.970001,60.040001,1800,54.085038
2011-05-26,59.240002,59.700001,59.240002,59.700001,1100,53.77876
2011-05-25,59.50,59.509998,59.50,59.50,1200,53.598596
2011-05-24,59.240002,59.43,59.240002,59.400002,2000,53.508516
2011-05-23,59.419998,59.470001,59.259998,59.389999,6000,53.499506
2011-05-20,60.27,60.369999,60.23,60.23,1000,54.256192
2011-05-19,60.360001,60.509998,60.360001,60.509998,18600,54.508419
2011-05-18,60.060001,60.369999,60.060001,60.360001,1600,54.373299
2011-05-17,59.93,59.959999,59.77,59.939999,5500,53.994954
2011-05-16,60.009998,60.009998,60.009998,60.009998,900,54.058011
2011-05-13,60.700001,60.700001,60.040001,60.189999,600,54.220158
2011-05-12,60.560001,60.560001,60.560001,60.560001,700,54.553463
2011-05-11,60.849998,60.869999,60.220001,60.279999,1300,54.301232
2011-05-10,60.700001,60.990002,60.689999,60.990002,1400,54.940814
2011-05-09,60.349998,60.599998,60.290001,60.580002,1400,54.57148
2011-05-06,60.77,60.77,60.220001,60.299999,2300,54.319249
2011-05-05,60.529999,60.529999,60.02,60.02,2800,54.067021
2011-05-04,61.049999,61.049999,60.41,60.619999,3100,54.60751
2011-05-03,61.189999,61.189999,60.799999,61.029999,6100,54.976844
2011-05-02,61.68,61.68,61.18,61.18,4400,55.111968
2011-04-29,61.279999,61.349998,61.220001,61.349998,3400,55.265106
2011-04-28,61.00,61.119999,61.00,61.119999,3700,55.057918
2011-04-27,60.639999,60.970001,60.400002,60.869999,6000,54.832714
2011-04-26,60.150002,60.540001,60.099998,60.470001,3000,54.472389
2011-04-25,59.919998,59.919998,59.75,59.900002,6000,53.958924
2011-04-21,59.970001,60.220001,59.84,59.919998,30100,53.976937
2011-04-20,59.790001,59.84,59.650002,59.73,3900,53.805783
2011-04-19,58.959999,59.099998,58.790001,59.07,2200,53.211244
2011-04-18,58.98,59.029999,58.549999,58.799999,5400,52.968024
2011-04-15,59.43,59.610001,59.43,59.529999,1400,53.625619
2011-04-14,58.91,59.27,58.84,59.209999,8100,53.337358
2011-04-13,59.619999,59.619999,59.130001,59.18,1500,53.310335
2011-04-12,59.50,59.50,59.130001,59.34,3100,53.454465
2011-04-11,60.110001,60.110001,59.869999,59.869999,800,53.931897
2011-04-08,60.299999,60.299999,59.740002,59.860001,9600,53.922891
2011-04-07,59.990002,60.169998,59.970001,60.07,1000,54.112061
2011-04-06,60.349998,60.349998,60.110001,60.330002,12900,54.346275
2011-04-05,60.189999,60.34,60.139999,60.139999,5300,54.175118
2011-04-04,60.240002,60.240002,60.060001,60.139999,2000,54.175118
2011-04-01,60.189999,60.189999,60.139999,60.139999,700,54.175118
2011-03-31,59.880001,59.880001,59.849998,59.849998,1000,53.91388
2011-03-30,59.830002,60.009998,59.830002,60.009998,200,54.058011
2011-03-29,59.220001,59.220001,59.220001,59.220001,000,53.346368
2011-03-28,59.380001,59.380001,59.169998,59.220001,13400,53.346368
2011-03-25,59.009998,59.32,58.939999,59.169998,17800,53.301325
2011-03-24,58.869999,59.18,58.82,59.18,4500,53.066214
2011-03-23,58.240002,58.860001,58.240002,58.860001,1900,52.779273
2011-03-22,58.799999,58.799999,58.73,58.73,2000,52.662702
2011-03-21,58.639999,59.00,58.639999,58.869999,6400,52.788238
2011-03-18,58.369999,58.380001,58.169998,58.18,3900,52.169522
2011-03-17,57.52,57.889999,57.509998,57.689999,2000,51.730142
2011-03-16,57.639999,57.669998,56.77,57.310001,6400,51.389401
2011-03-15,57.68,58.080002,57.68,58.060001,1700,52.06192
2011-03-14,58.48,58.610001,58.48,58.610001,400,52.5551
2011-03-11,58.549999,59.09,58.549999,59.09,3300,52.985512
2011-03-10,59.139999,59.139999,58.580002,58.580002,1900,52.5282
2011-03-09,59.740002,59.779999,59.720001,59.720001,1500,53.550428
2011-03-08,59.130001,59.630001,59.130001,59.630001,1500,53.469726
2011-03-07,59.599998,59.599998,58.939999,59.169998,2300,53.057245
2011-03-04,59.77,59.77,59.16,59.34,5300,53.209684
2011-03-03,59.439999,59.810001,59.439999,59.799999,2700,53.622162
2011-03-02,58.970001,59.02,58.810001,58.849998,1400,52.770304
2011-03-01,59.490002,59.490002,59.32,59.32,500,53.19175
2011-02-28,59.740002,59.799999,59.740002,59.740002,900,53.568362
2011-02-25,59.00,59.18,59.00,59.18,500,53.066214
2011-02-24,60.200001,60.200001,60.200001,60.200001,000,53.98084
2011-02-23,60.200001,60.200001,60.200001,60.200001,000,53.98084
2011-02-22,60.200001,60.200001,60.200001,60.200001,000,53.98084
2011-02-18,60.310001,60.310001,60.200001,60.200001,400,53.98084
2011-02-17,60.189999,60.220001,60.189999,60.220001,400,53.998774
2011-02-16,59.849998,59.950001,59.830002,59.950001,1000,53.756667
2011-02-15,59.549999,59.639999,59.52,59.529999,1000,53.380055
2011-02-14,59.689999,59.720001,59.689999,59.720001,1000,53.550428
2011-02-11,59.080002,59.689999,59.080002,59.689999,1800,53.523525
2011-02-10,59.110001,59.110001,59.110001,59.110001,000,53.003446
2011-02-09,59.119999,59.119999,59.110001,59.110001,400,53.003446
2011-02-08,59.279999,59.349998,59.279999,59.330002,900,53.200719
2011-02-07,59.169998,59.169998,59.119999,59.119999,1400,53.012411
2011-02-04,58.57,58.57,58.57,58.57,300,52.519231
2011-02-03,58.169998,58.48,58.099998,58.48,2300,52.438529
2011-02-02,58.59,58.68,58.59,58.68,400,52.617868
2011-02-01,58.07,58.720001,58.07,58.709999,2100,52.644768
2011-01-31,57.470001,57.529999,57.470001,57.529999,700,51.586671
2011-01-28,58.330002,58.330002,57.310001,57.310001,6200,51.389401
2011-01-27,58.16,58.220001,58.150002,58.220001,1100,52.205391
2011-01-26,57.779999,57.779999,57.779999,57.779999,000,51.810844
2011-01-25,57.799999,57.799999,57.779999,57.779999,600,51.810844
2011-01-24,57.630001,57.630001,57.630001,57.630001,200,51.676342
2011-01-21,57.68,57.68,57.57,57.639999,5400,51.685308
2011-01-20,57.560001,57.560001,57.560001,57.560001,000,51.613574
2011-01-19,57.93,57.950001,57.560001,57.560001,2300,51.613574
2011-01-18,57.880001,57.990002,57.880001,57.939999,6900,51.954315
2011-01-14,57.689999,57.689999,57.689999,57.689999,200,51.730142
2011-01-13,57.720001,57.720001,57.720001,57.720001,900,51.757045
2011-01-12,57.52,57.689999,57.52,57.689999,4800,51.730142
2011-01-11,57.150002,57.150002,56.939999,57.099998,5600,51.201094
2011-01-10,56.869999,56.959999,56.869999,56.959999,1100,51.075557
2011-01-07,57.330002,57.330002,57.02,57.02,900,51.12936
2011-01-06,57.459999,57.459999,57.459999,57.459999,300,51.523903
2011-01-05,57.07,57.490002,57.07,57.43,3000,51.497003
2011-01-04,56.919998,57.080002,56.810001,57.080002,400,51.183163
2011-01-03,57.02,57.23,56.91,57.110001,6800,51.210062
2010-12-31,56.310001,56.509998,56.310001,56.509998,6100,50.672045
2010-12-30,56.41,56.540001,56.360001,56.41,6000,50.582378
2010-12-29,56.540001,56.549999,56.459999,56.470001,8000,50.63618
2010-12-28,56.470001,56.470001,56.34,56.34,1900,50.519609
2010-12-27,56.240002,56.240002,56.240002,56.240002,300,50.429942
2010-12-23,56.349998,56.349998,56.200001,56.200001,11800,50.394073
2010-12-22,56.130001,56.389999,56.130001,56.34,4000,50.519609
2010-12-21,55.880001,56.119999,55.860001,56.119999,7900,50.24522
2010-12-20,55.560001,55.689999,55.560001,55.669998,1900,49.842327
2010-12-17,55.349998,55.529999,55.310001,55.470001,11600,49.663266
2010-12-16,55.029999,55.470001,55.029999,55.470001,1400,49.663266
2010-12-15,55.48,55.48,55.259998,55.330002,2400,49.537922
2010-12-14,55.639999,55.689999,55.43,55.43,1400,49.627452
2010-12-13,55.540001,55.619999,55.490002,55.610001,3300,49.78861
2010-12-10,55.110001,55.290001,55.02,55.279999,9400,49.493153
2010-12-09,54.82,54.919998,54.610001,54.779999,2700,49.045495
2010-12-08,54.560001,54.630001,54.220001,54.540001,2300,48.83062
2010-12-07,54.860001,54.860001,54.43,54.43,2600,48.732135
2010-12-06,54.290001,54.439999,54.290001,54.41,5600,48.714228
2010-12-03,54.119999,54.27,54.049999,54.23,9900,48.553071
2010-12-02,53.709999,54.18,53.709999,54.18,11400,48.508305
2010-12-01,53.16,53.459999,53.16,53.450001,10400,47.854724
2010-11-30,52.220001,52.689999,52.209999,52.59,11100,47.08475
2010-11-29,52.330002,52.740002,52.099998,52.689999,19100,47.174281
2010-11-26,52.650002,52.889999,52.650002,52.759998,2400,47.236953
2010-11-24,52.849998,53.07,52.740002,53.07,5100,47.514502
2010-11-23,52.599998,52.599998,52.32,52.41,7400,46.923593
2010-11-22,53.18,53.189999,52.720001,53.189999,4400,47.621939
2010-11-19,53.049999,53.360001,53.00,53.34,9000,47.756238
2010-11-18,53.16,53.450001,53.150002,53.299999,5300,47.720425
2010-11-17,52.59,52.68,52.580002,52.630001,43500,47.120564
2010-11-16,52.970001,53.02,52.330002,52.57,1400,47.066844
2010-11-15,53.689999,53.84,53.529999,53.549999,1900,47.944254
2010-11-12,53.630001,53.869999,53.360001,53.450001,1400,47.854724
2010-11-11,53.880001,54.099998,53.810001,53.990002,6300,48.338196
2010-11-10,53.82,54.07,53.82,54.00,2900,48.347148
2010-11-09,54.240002,54.240002,54.040001,54.040001,900,48.382961
2010-11-08,54.389999,54.459999,54.259998,54.360001,52100,48.669463
2010-11-05,54.48,54.599998,54.32,54.41,600,48.714228
2010-11-04,53.810001,54.040001,53.810001,54.040001,1100,48.382961
2010-11-03,52.759998,52.759998,52.759998,52.759998,100,47.236953
2010-11-02,53.02,53.02,52.98,52.990002,1500,47.442879
2010-11-01,52.950001,52.950001,52.380001,52.380001,600,46.896734
2010-10-29,52.540001,52.709999,52.50,52.580002,4900,47.075799
2010-10-28,52.880001,52.880001,52.669998,52.75,700,47.228001
2010-10-27,52.419998,52.509998,52.240002,52.240002,3600,46.771391
2010-10-26,52.529999,52.759998,52.450001,52.759998,57400,47.236953
2010-10-25,52.860001,52.860001,52.860001,52.860001,400,47.326486
2010-10-22,52.610001,52.610001,52.59,52.59,700,47.08475
2010-10-21,52.650002,52.740002,52.369999,52.369999,8400,46.887779
2010-10-20,52.560001,52.75,52.560001,52.740002,1600,47.219049
2010-10-19,52.259998,52.259998,52.259998,52.259998,1700,46.789294
2010-10-18,52.43,52.619999,52.389999,52.459999,1900,46.968358
2010-10-15,52.290001,52.380001,52.23,52.290001,7100,46.816156
2010-10-14,52.68,52.790001,52.189999,52.43,22000,46.9415
2010-10-13,52.73,53.080002,52.639999,52.82,36500,47.290673
2010-10-12,52.110001,52.560001,51.900002,52.560001,16500,47.057892
2010-10-11,52.380001,52.389999,52.27,52.27,2000,46.798249
2010-10-08,51.950001,52.299999,51.950001,52.299999,9800,46.825107
2010-10-07,52.330002,52.330002,51.790001,51.98,40000,46.538606
2010-10-06,52.139999,52.150002,51.970001,52.00,18000,46.556513
2010-10-05,51.610001,52.18,51.610001,52.150002,33100,46.690812
2010-10-04,51.459999,51.459999,50.880001,50.970001,14200,45.634337
2010-10-01,51.360001,51.360001,51.360001,51.360001,1000,45.98351
2010-09-30,51.560001,51.669998,51.200001,51.209999,2700,45.849211
2010-09-29,51.110001,51.360001,51.110001,51.25,26700,45.885025
2010-09-28,51.00,51.41,50.919998,51.41,9800,46.028275
2010-09-27,51.299999,51.43,51.23,51.43,5700,46.046182
2010-09-24,51.310001,51.400002,51.259998,51.369999,129500,45.992462
2010-09-23,50.779999,50.889999,50.419998,50.419998,28300,45.141909
2010-09-22,50.98,51.029999,50.98,51.029999,30000,45.688054
