Date,Open,High,Low,Close,Volume,Adj Close
2016-04-15,12.48,12.48,12.48,12.48,900,12.48
2016-04-14,12.40,12.48,12.40,12.48,2500,12.48
2016-04-13,12.30,12.30,12.30,12.30,1800,12.30
2016-04-12,12.25,12.25,12.21,12.21,200,12.21
2016-04-11,12.30,12.30,12.30,12.30,000,12.30
2016-04-08,12.30,12.30,12.30,12.30,800,12.30
2016-04-07,12.21,12.30,12.21,12.30,10800,12.30
2016-04-06,12.15,12.15,12.15,12.15,000,12.15
2016-04-05,12.15,12.15,12.15,12.15,000,12.15
2016-04-04,12.15,12.15,12.15,12.15,000,12.15
2016-04-01,12.15,12.15,12.15,12.15,000,12.15
2016-03-31,12.15,12.15,12.15,12.15,000,12.15
2016-03-30,12.15,12.15,12.15,12.15,000,12.15
2016-03-29,12.15,12.15,12.15,12.15,000,12.15
2016-03-28,12.15,12.15,12.15,12.15,700,12.15
2016-03-24,12.13,12.13,12.13,12.13,000,12.13
2016-03-23,12.13,12.13,12.13,12.13,900,12.13
2016-03-22,12.13,12.13,12.13,12.13,200,12.13
2016-03-21,12.18,12.18,12.11,12.11,3400,12.11
2016-03-18,12.20,12.20,12.20,12.20,000,12.20
2016-03-17,12.20,12.20,12.20,12.20,000,12.20
2016-03-16,12.20,12.20,12.20,12.20,000,12.20
2016-03-15,12.20,12.20,12.20,12.20,1600,12.13
2016-03-14,12.20,12.20,12.20,12.20,700,12.13
2016-03-11,12.20,12.20,12.20,12.20,000,12.13
2016-03-10,12.20,12.20,12.20,12.20,000,12.13
2016-03-09,12.20,12.20,12.195,12.20,6000,12.13
2016-03-08,12.20,12.20,12.20,12.20,000,12.13
2016-03-07,12.40,12.40,12.20,12.20,800,12.13
2016-03-04,12.15,12.15,12.15,12.15,000,12.080286
2016-03-03,12.15,12.15,12.15,12.15,500,12.080286
2016-03-02,12.35,12.35,12.35,12.35,000,12.27914
2016-03-01,12.35,12.35,12.35,12.35,200,12.27914
2016-02-29,12.12,12.12,12.12,12.12,000,12.050459
2016-02-26,12.16,12.16,12.12,12.12,600,12.050459
2016-02-25,12.45,12.45,12.45,12.45,000,12.378565
2016-02-24,12.45,12.45,12.45,12.45,000,12.378565
2016-02-23,12.45,12.45,12.45,12.45,000,12.378565
2016-02-22,12.45,12.45,12.45,12.45,000,12.378565
2016-02-19,12.45,12.45,12.45,12.45,000,12.378565
2016-02-18,12.45,12.45,12.45,12.45,000,12.378565
2016-02-17,12.45,12.45,12.45,12.45,000,12.378565
2016-02-16,12.45,12.45,12.45,12.45,100,12.378565
2016-02-12,12.20,12.20,12.16,12.16,600,12.090229
2016-02-11,12.20,12.35,12.20,12.35,4800,12.27914
2016-02-10,12.21,12.21,12.21,12.21,700,12.139942
2016-02-09,12.21,12.21,12.21,12.21,500,12.139942
2016-02-08,12.25,12.35,12.25,12.35,1600,12.27914
2016-02-05,12.21,12.21,12.21,12.21,000,12.139942
2016-02-04,12.25,12.25,12.21,12.21,2800,12.139942
2016-02-03,12.21,12.21,12.21,12.21,000,12.139942
2016-02-02,12.21,12.21,12.21,12.21,000,12.139942
2016-02-01,12.21,12.21,12.21,12.21,000,12.139942
2016-01-29,12.21,12.21,12.21,12.21,100,12.139942
2016-01-28,12.21,12.21,12.21,12.21,000,12.139942
2016-01-27,12.21,12.21,12.21,12.21,000,12.139942
2016-01-26,12.25,12.25,12.21,12.21,700,12.139942
2016-01-25,12.99,12.99,12.99,12.99,200,12.915467
2016-01-22,12.25,12.25,12.25,12.25,2000,12.179713
2016-01-21,12.71,12.71,12.41,12.41,600,12.338795
2016-01-20,13.00,13.00,13.00,13.00,000,12.92541
2016-01-19,13.00,13.00,13.00,13.00,000,12.92541
2016-01-15,13.00,13.00,13.00,13.00,000,12.92541
2016-01-14,13.00,13.00,13.00,13.00,000,12.92541
2016-01-13,13.00,13.00,13.00,13.00,000,12.92541
2016-01-12,13.00,13.00,13.00,13.00,000,12.92541
2016-01-11,13.02,13.02,13.00,13.00,500,12.92541
2016-01-08,13.01,13.01,13.01,13.01,000,12.935352
2016-01-07,13.01,13.01,13.01,13.01,1500,12.935352
2016-01-06,13.08,13.08,13.01,13.01,1100,12.935352
2016-01-05,13.08,13.08,13.08,13.08,000,13.004951
2016-01-04,13.08,13.08,13.08,13.08,000,13.004951
2015-12-31,13.08,13.08,13.08,13.08,1100,13.004951
2015-12-30,13.50,13.50,13.50,13.50,400,13.422541
2015-12-29,13.95,13.95,13.95,13.95,100,13.869959
2015-12-28,13.05,13.05,13.05,13.05,000,12.975123
2015-12-24,13.05,13.05,13.05,13.05,000,12.975123
2015-12-23,13.05,13.05,13.05,13.05,000,12.975123
2015-12-22,13.05,13.05,13.05,13.05,200,12.975123
2015-12-21,13.06,13.06,13.06,13.06,000,12.985066
2015-12-18,13.06,13.06,13.06,13.06,000,12.985066
2015-12-17,13.06,13.06,13.06,13.06,000,12.985066
2015-12-16,13.06,13.06,13.06,13.06,000,12.985066
2015-12-15,13.06,13.06,13.06,13.06,000,12.92541
2015-12-14,13.06,13.06,13.06,13.06,000,12.92541
2015-12-11,13.06,13.06,13.06,13.06,000,12.92541
2015-12-10,13.06,13.06,13.06,13.06,000,12.92541
2015-12-09,13.06,13.06,13.06,13.06,900,12.92541
2015-12-08,13.25,13.25,13.25,13.25,000,13.113452
2015-12-07,13.25,13.25,13.25,13.25,000,13.113452
2015-12-04,13.25,13.25,13.25,13.25,000,13.113452
2015-12-03,13.25,13.25,13.25,13.25,000,13.113452
2015-12-02,13.25,13.25,13.25,13.25,000,13.113452
2015-12-01,13.25,13.25,13.25,13.25,000,13.113452
2015-11-30,13.25,13.25,13.25,13.25,000,13.113452
2015-11-27,13.25,13.25,13.25,13.25,000,13.113452
2015-11-25,13.25,13.25,13.25,13.25,000,13.113452
2015-11-24,13.25,13.25,13.25,13.25,000,13.113452
2015-11-23,13.25,13.25,13.25,13.25,000,13.113452
2015-11-20,13.25,13.25,13.25,13.25,200,13.113452
2015-11-19,14.00,14.00,14.00,14.00,000,13.855723
2015-11-18,13.89,14.25,13.89,14.00,2600,13.855723
2015-11-17,13.00,13.00,13.00,13.00,100,12.866028
2015-11-16,12.70,12.70,12.70,12.70,500,12.56912
2015-11-13,12.49,12.49,12.49,12.49,000,12.361284
2015-11-12,12.49,12.49,12.49,12.49,000,12.361284
2015-11-11,12.49,12.49,12.49,12.49,000,12.361284
2015-11-10,12.49,12.49,12.49,12.49,200,12.361284
2015-11-09,12.41,12.41,12.41,12.41,200,12.282108
2015-11-06,12.41,12.41,12.41,12.41,000,12.282108
2015-11-05,12.41,12.41,12.41,12.41,000,12.282108
2015-11-04,12.42,12.42,12.41,12.41,1300,12.282108
2015-11-03,12.40,12.40,12.40,12.40,000,12.272211
2015-11-02,12.40,12.40,12.40,12.40,000,12.272211
2015-10-30,12.40,12.40,12.40,12.40,000,12.272211
2015-10-29,12.40,12.40,12.40,12.40,000,12.272211
2015-10-28,12.40,12.40,12.40,12.40,000,12.272211
2015-10-27,12.40,12.40,12.40,12.40,500,12.272211
2015-10-26,12.40,12.40,12.40,12.40,000,12.272211
2015-10-23,12.40,12.40,12.40,12.40,000,12.272211
2015-10-22,12.40,12.40,12.40,12.40,000,12.272211
2015-10-21,12.40,12.40,12.40,12.40,000,12.272211
2015-10-20,12.40,12.40,12.40,12.40,000,12.272211
2015-10-19,12.409,12.409,12.40,12.40,8100,12.272211
2015-10-16,12.30,12.30,12.30,12.30,800,12.173242
2015-10-15,12.25,12.25,12.25,12.25,000,12.123757
2015-10-14,12.25,12.25,12.25,12.25,1000,12.123757
2015-10-13,12.30,12.30,12.30,12.30,000,12.173242
2015-10-12,12.30,12.30,12.30,12.30,000,12.173242
2015-10-09,12.30,12.30,12.30,12.30,000,12.173242
2015-10-08,12.30,12.30,12.30,12.30,000,12.173242
2015-10-07,12.30,12.30,12.30,12.30,000,12.173242
2015-10-06,12.30,12.30,12.30,12.30,000,12.173242
2015-10-05,12.30,12.30,12.30,12.30,300,12.173242
2015-10-02,12.25,12.25,12.25,12.25,000,12.123757
2015-10-01,12.25,12.25,12.25,12.25,400,12.123757
2015-09-30,12.20,12.20,12.20,12.20,000,12.074272
2015-09-29,12.20,12.20,12.20,12.20,000,12.074272
2015-09-28,12.20,12.20,12.20,12.20,000,12.074272
2015-09-25,12.20,12.20,12.20,12.20,000,12.074272
2015-09-24,12.20,12.20,12.20,12.20,000,12.074272
2015-09-23,12.20,12.20,12.20,12.20,000,12.074272
2015-09-22,12.20,12.20,12.20,12.20,000,12.074272
2015-09-21,12.20,12.20,12.20,12.20,000,12.074272
2015-09-18,12.20,12.20,12.20,12.20,000,12.074272
2015-09-17,12.20,12.20,12.20,12.20,000,12.074272
2015-09-16,12.20,12.20,12.20,12.20,000,12.074272
2015-09-15,12.50,12.50,12.20,12.20,2900,12.01489
2015-09-14,12.23,12.23,12.20,12.20,5200,12.01489
2015-09-11,12.20,12.20,12.20,12.20,000,12.01489
2015-09-10,12.20,12.20,12.20,12.20,000,12.01489
2015-09-09,12.20,12.20,12.20,12.20,200,12.01489
2015-09-08,12.15,12.15,12.15,12.15,000,11.965649
2015-09-04,12.15,12.15,12.15,12.15,000,11.965649
2015-09-03,12.15,12.15,12.15,12.15,000,11.965649
2015-09-02,12.15,12.15,12.15,12.15,000,11.965649
2015-09-01,12.15,12.15,12.15,12.15,000,11.965649
2015-08-31,12.15,12.15,12.15,12.15,000,11.965649
2015-08-28,12.15,12.15,12.15,12.15,000,11.965649
2015-08-27,12.30,12.30,12.15,12.15,400,11.965649
2015-08-26,12.30,12.30,12.30,12.30,000,12.113374
2015-08-25,12.30,12.30,12.30,12.30,000,12.113374
2015-08-24,12.30,12.30,12.30,12.30,100,12.113374
2015-08-21,12.50,12.50,12.50,12.50,000,12.310339
2015-08-20,12.50,12.50,12.50,12.50,000,12.310339
2015-08-19,12.50,12.50,12.50,12.50,000,12.310339
2015-08-18,12.41,12.55,12.40,12.50,3900,12.310339
2015-08-17,12.41,12.60,12.41,12.60,600,12.408822
2015-08-14,12.41,12.41,12.41,12.41,000,12.221704
2015-08-13,12.41,12.41,12.41,12.41,000,12.221704
2015-08-12,12.41,12.41,12.41,12.41,000,12.221704
2015-08-11,12.41,12.41,12.41,12.41,1000,12.221704
2015-08-10,12.41,12.41,12.41,12.41,000,12.221704
2015-08-07,12.41,12.41,12.41,12.41,000,12.221704
2015-08-06,12.41,12.41,12.41,12.41,000,12.221704
2015-08-05,12.41,12.41,12.41,12.41,000,12.221704
2015-08-04,12.41,12.41,12.41,12.41,000,12.221704
2015-08-03,12.41,12.41,12.41,12.41,000,12.221704
2015-07-31,12.41,12.41,12.41,12.41,000,12.221704
2015-07-30,12.41,12.41,12.41,12.41,000,12.221704
2015-07-29,12.40,12.41,12.40,12.41,400,12.221704
2015-07-28,12.41,12.41,12.41,12.41,500,12.221704
2015-07-27,12.47,12.47,12.47,12.47,000,12.280794
2015-07-24,12.47,12.47,12.47,12.47,000,12.280794
2015-07-23,12.47,12.47,12.47,12.47,000,12.280794
2015-07-22,12.47,12.47,12.47,12.47,000,12.280794
2015-07-21,12.47,12.47,12.47,12.47,000,12.280794
2015-07-20,12.47,12.47,12.47,12.47,000,12.280794
2015-07-17,12.47,12.47,12.47,12.47,000,12.280794
2015-07-16,12.47,12.47,12.47,12.47,100,12.280794
2015-07-15,12.40,12.40,12.40,12.40,000,12.211856
2015-07-14,12.40,12.40,12.40,12.40,000,12.211856
2015-07-13,12.40,12.40,12.40,12.40,000,12.211856
2015-07-10,12.40,12.40,12.40,12.40,000,12.211856
2015-07-09,12.40,12.40,12.40,12.40,000,12.211856
2015-07-08,12.40,12.40,12.40,12.40,200,12.211856
2015-07-07,12.40,12.40,12.40,12.40,000,12.211856
2015-07-06,12.40,12.40,12.40,12.40,000,12.211856
2015-07-02,12.40,12.40,12.40,12.40,000,12.211856
2015-07-01,12.40,12.40,12.40,12.40,000,12.211856
2015-06-30,12.40,12.40,12.40,12.40,000,12.211856
2015-06-29,12.40,12.40,12.40,12.40,000,12.211856
2015-06-26,12.40,12.40,12.40,12.40,2600,12.211856
2015-06-25,12.43,12.43,12.43,12.43,5000,12.241401
2015-06-24,12.43,12.43,12.43,12.43,500,12.241401
2015-06-23,12.75,12.75,12.75,12.75,100,12.556546
2015-06-22,12.50,12.75,12.50,12.75,1200,12.556546
2015-06-19,12.47,12.47,12.47,12.47,000,12.280794
2015-06-18,12.50,12.50,12.47,12.47,800,12.280794
2015-06-17,12.50,12.50,12.50,12.50,000,12.310339
2015-06-16,12.50,12.50,12.50,12.50,000,12.25125
2015-06-15,12.50,12.50,12.50,12.50,200,12.25125
2015-06-12,12.50,12.50,12.50,12.50,1300,12.25125
2015-06-11,12.35,12.50,12.15,12.50,43900,12.25125
2015-06-10,12.25,12.25,12.25,12.25,1500,12.006225
2015-06-09,12.25,12.25,12.25,12.25,000,12.006225
2015-06-08,12.25,12.25,12.25,12.25,000,12.006225
2015-06-05,12.35,12.35,12.25,12.25,10600,12.006225
2015-06-04,12.30,12.35,12.30,12.35,7400,12.104235
2015-06-03,12.25,12.25,12.25,12.25,28800,12.006225
2015-06-02,12.35,12.35,12.35,12.35,000,12.104235
2015-06-01,12.35,12.35,12.35,12.35,000,12.104235
2015-05-29,12.35,12.35,12.35,12.35,000,12.104235
2015-05-28,12.35,12.35,12.35,12.35,000,12.104235
2015-05-27,12.35,12.35,12.35,12.35,000,12.104235
2015-05-26,12.35,12.35,12.35,12.35,100,12.104235
2015-05-22,12.20,12.20,12.20,12.20,000,11.95722
2015-05-21,12.20,12.20,12.20,12.20,000,11.95722
2015-05-20,12.20,12.20,12.15,12.20,7200,11.95722
2015-05-19,12.20,12.20,12.20,12.20,000,11.95722
2015-05-18,12.20,12.20,12.20,12.20,000,11.95722
2015-05-15,12.20,12.20,12.20,12.20,000,11.95722
2015-05-14,12.35,12.35,12.20,12.20,1600,11.95722
2015-05-13,12.35,12.35,12.35,12.35,000,12.104235
2015-05-12,12.35,12.35,12.35,12.35,000,12.104235
2015-05-11,12.40,12.40,12.35,12.35,2900,12.104235
2015-05-08,12.40,12.40,12.35,12.35,1200,12.104235
2015-05-07,12.55,12.55,12.55,12.55,200,12.300255
2015-05-06,12.35,12.35,12.35,12.35,000,12.104235
2015-05-05,12.35,12.35,12.35,12.35,100,12.104235
2015-05-04,12.25,12.25,12.25,12.25,000,12.006225
2015-05-01,12.25,12.25,12.25,12.25,000,12.006225
2015-04-30,12.25,12.25,12.25,12.25,000,12.006225
2015-04-29,12.25,12.25,12.25,12.25,000,12.006225
2015-04-28,12.25,12.25,12.25,12.25,000,12.006225
2015-04-27,12.25,12.25,12.25,12.25,000,12.006225
2015-04-24,12.25,12.25,12.25,12.25,000,12.006225
2015-04-23,12.25,12.25,12.25,12.25,000,12.006225
2015-04-22,12.25,12.25,12.25,12.25,000,12.006225
2015-04-21,12.25,12.25,12.25,12.25,000,12.006225
2015-04-20,12.25,12.25,12.25,12.25,000,12.006225
2015-04-17,12.25,12.25,12.25,12.25,000,12.006225
2015-04-16,12.25,12.25,12.25,12.25,000,12.006225
2015-04-15,12.25,12.25,12.25,12.25,000,12.006225
2015-04-14,12.25,12.25,12.25,12.25,2000,12.006225
2015-04-13,12.30,12.30,12.25,12.25,3700,12.006225
2015-04-10,12.30,12.30,12.30,12.30,000,12.05523
2015-04-09,12.30,12.30,12.30,12.30,000,12.05523
2015-04-08,12.30,12.30,12.30,12.30,900,12.05523
2015-04-07,12.30,12.30,12.30,12.30,000,12.05523
2015-04-06,12.30,12.30,12.30,12.30,000,12.05523
2015-04-02,12.50,12.50,12.30,12.30,400,12.05523
2015-04-01,12.50,12.50,12.50,12.50,000,12.25125
2015-03-31,12.50,12.50,12.50,12.50,500,12.25125
2015-03-30,12.25,12.25,12.25,12.25,000,12.006225
2015-03-27,12.25,12.25,12.25,12.25,000,12.006225
2015-03-26,12.25,12.25,12.25,12.25,000,12.006225
2015-03-25,12.25,12.25,12.25,12.25,000,12.006225
2015-03-24,12.25,12.25,12.25,12.25,000,12.006225
2015-03-23,12.25,12.25,12.25,12.25,3200,12.006225
2015-03-20,12.75,12.75,12.75,12.75,000,12.496275
2015-03-19,12.75,12.75,12.75,12.75,100,12.496275
2015-03-18,12.15,12.15,12.15,12.15,000,11.908214
2015-03-17,12.20,12.20,12.15,12.15,5300,11.849408
2015-03-16,12.15,12.15,12.15,12.15,000,11.849408
2015-03-13,12.15,12.15,12.15,12.15,000,11.849408
2015-03-12,12.15,12.15,12.15,12.15,000,11.849408
2015-03-11,12.15,12.15,12.15,12.15,000,11.849408
2015-03-10,12.15,12.15,12.15,12.15,000,11.849408
2015-03-09,12.20,12.20,12.15,12.15,2000,11.849408
2015-03-06,12.06,12.06,12.06,12.06,000,11.761636
2015-03-05,12.06,12.06,12.06,12.06,000,11.761636
2015-03-04,12.06,12.06,12.06,12.06,000,11.761636
2015-03-03,12.06,12.06,12.06,12.06,000,11.761636
2015-03-02,12.06,12.06,12.06,12.06,000,11.761636
2015-02-27,12.06,12.06,12.06,12.06,000,11.761636
2015-02-26,12.06,12.06,12.06,12.06,000,11.761636
2015-02-25,12.06,12.06,12.06,12.06,000,11.761636
2015-02-24,12.06,12.06,12.06,12.06,000,11.761636
2015-02-23,12.06,12.06,12.06,12.06,000,11.761636
2015-02-20,12.06,12.06,12.06,12.06,200,11.761636
2015-02-19,12.00,12.00,12.00,12.00,000,11.70312
2015-02-18,12.00,12.00,12.00,12.00,000,11.70312
2015-02-17,12.00,12.00,12.00,12.00,000,11.70312
2015-02-13,12.00,12.00,12.00,12.00,200,11.70312
2015-02-12,11.858,11.858,11.858,11.858,000,11.564632
2015-02-11,11.858,11.858,11.858,11.858,900,11.564632
2015-02-10,11.85,11.85,11.85,11.85,100,11.556831
2015-02-09,12.10,12.10,12.10,12.10,000,11.800646
2015-02-06,12.10,12.10,12.10,12.10,000,11.800646
2015-02-05,12.10,12.10,12.10,12.10,000,11.800646
2015-02-04,12.10,12.10,12.10,12.10,3200,11.800646
2015-02-03,12.25,12.25,12.25,12.25,100,11.946935
2015-02-02,11.80,11.80,11.80,11.80,000,11.508068
2015-01-30,11.80,11.80,11.80,11.80,100,11.508068
2015-01-29,11.85,12.25,11.85,12.25,1500,11.946935
2015-01-28,11.75,11.75,11.75,11.75,3400,11.459305
2015-01-27,12.00,12.00,12.00,12.00,000,11.70312
2015-01-26,12.00,12.00,12.00,12.00,000,11.70312
2015-01-23,12.00,12.00,12.00,12.00,000,11.70312
2015-01-22,12.00,12.00,12.00,12.00,000,11.70312
2015-01-21,12.24,12.24,12.00,12.00,1600,11.70312
2015-01-20,11.75,11.75,11.75,11.75,000,11.459305
2015-01-16,11.75,11.75,11.75,11.75,000,11.459305
2015-01-15,11.75,11.75,11.75,11.75,000,11.459305
2015-01-14,11.75,11.75,11.75,11.75,100,11.459305
2015-01-13,11.73,11.73,11.73,11.73,000,11.439799
2015-01-12,11.73,11.73,11.73,11.73,000,11.439799
2015-01-09,11.73,11.73,11.73,11.73,1600,11.439799
2015-01-08,11.70,11.70,11.70,11.70,000,11.410541
2015-01-07,11.70,11.70,11.70,11.70,300,11.410541
2015-01-06,12.00,12.00,11.95,11.95,2100,11.654356
2015-01-05,11.65,11.69,11.65,11.69,2000,11.400789
2015-01-02,11.69,11.69,11.69,11.69,000,11.400789
2014-12-31,11.69,11.69,11.69,11.69,000,11.400789
2014-12-30,11.69,11.69,11.69,11.69,000,11.400789
2014-12-29,11.69,11.69,11.69,11.69,000,11.400789
2014-12-26,11.69,11.69,11.69,11.69,000,11.400789
2014-12-24,11.69,11.69,11.69,11.69,000,11.400789
2014-12-23,11.69,11.69,11.69,11.69,000,11.400789
2014-12-22,11.75,11.75,11.69,11.69,600,11.400789
2014-12-19,11.76,11.76,11.76,11.76,000,11.469057
2014-12-18,11.76,11.76,11.76,11.76,000,11.469057
2014-12-17,11.76,11.76,11.76,11.76,000,11.469057
2014-12-16,11.76,11.76,11.76,11.76,000,11.410542
2014-12-15,11.76,11.76,11.76,11.76,000,11.410542
2014-12-12,11.76,11.76,11.76,11.76,000,11.410542
2014-12-11,11.76,11.76,11.76,11.76,000,11.410542
2014-12-10,11.76,11.76,11.76,11.76,000,11.410542
2014-12-09,11.76,11.76,11.76,11.76,000,11.410542
2014-12-08,11.76,11.76,11.76,11.76,000,11.410542
2014-12-05,11.76,11.76,11.76,11.76,000,11.410542
2014-12-04,11.76,11.76,11.76,11.76,000,11.410542
2014-12-03,11.76,11.76,11.76,11.76,000,11.410542
2014-12-02,11.76,11.76,11.76,11.76,000,11.410542
2014-12-01,11.76,11.76,11.76,11.76,000,11.410542
2014-11-28,11.76,11.76,11.76,11.76,000,11.410542
2014-11-26,11.76,11.76,11.76,11.76,000,11.410542
2014-11-25,11.76,11.76,11.76,11.76,000,11.410542
2014-11-24,11.76,11.76,11.76,11.76,000,11.410542
2014-11-21,11.76,11.76,11.76,11.76,000,11.410542
2014-11-20,11.76,11.76,11.76,11.76,000,11.410542
2014-11-19,11.76,11.76,11.76,11.76,000,11.410542
2014-11-18,11.76,11.76,11.76,11.76,000,11.410542
2014-11-17,11.76,11.76,11.76,11.76,000,11.410542
2014-11-14,11.76,11.76,11.76,11.76,000,11.410542
2014-11-13,11.76,11.76,11.76,11.76,000,11.410542
2014-11-12,11.76,11.76,11.76,11.76,000,11.410542
2014-11-11,11.76,11.76,11.76,11.76,000,11.410542
2014-11-10,11.76,11.76,11.76,11.76,000,11.410542
2014-11-07,11.65,11.76,11.65,11.76,1000,11.410542
2014-11-06,11.65,11.65,11.65,11.65,000,11.30381
2014-11-05,11.65,11.65,11.65,11.65,000,11.30381
2014-11-04,11.65,11.65,11.65,11.65,000,11.30381
2014-11-03,11.65,11.65,11.65,11.65,000,11.30381
2014-10-31,11.65,11.65,11.65,11.65,000,11.30381
2014-10-30,11.65,11.65,11.65,11.65,000,11.30381
2014-10-29,11.65,11.65,11.65,11.65,000,11.30381
2014-10-28,11.65,11.65,11.65,11.65,000,11.30381
2014-10-27,11.65,11.65,11.65,11.65,000,11.30381
2014-10-24,11.65,11.65,11.65,11.65,000,11.30381
2014-10-23,11.65,11.65,11.65,11.65,000,11.30381
2014-10-22,11.65,11.65,11.65,11.65,1200,11.30381
2014-10-21,11.65,11.65,11.65,11.65,000,11.30381
2014-10-20,11.65,11.65,11.65,11.65,000,11.30381
2014-10-17,11.65,11.65,11.65,11.65,000,11.30381
2014-10-16,11.65,11.65,11.65,11.65,100,11.30381
2014-10-15,11.50,11.69,11.50,11.65,6200,11.30381
2014-10-14,11.41,11.42,11.41,11.42,5300,11.080645
2014-10-13,11.41,11.47,11.41,11.47,2800,11.12916
2014-10-10,11.41,11.41,11.41,11.41,1400,11.070942
2014-10-09,11.60,11.60,11.60,11.60,000,11.255297
2014-10-08,11.60,11.60,11.60,11.60,000,11.255297
2014-10-07,11.60,11.60,11.60,11.60,000,11.255297
2014-10-06,11.60,11.60,11.60,11.60,000,11.255297
2014-10-03,11.60,11.60,11.60,11.60,000,11.255297
2014-10-02,11.60,11.60,11.60,11.60,000,11.255297
2014-10-01,11.60,11.60,11.60,11.60,000,11.255297
2014-09-30,11.60,11.60,11.60,11.60,000,11.255297
2014-09-29,11.60,11.60,11.60,11.60,1000,11.255297
2014-09-26,11.51,11.51,11.51,11.51,000,11.167971
2014-09-25,11.51,11.51,11.51,11.51,000,11.167971
2014-09-24,11.51,11.51,11.51,11.51,1000,11.167971
2014-09-23,11.58,11.58,11.58,11.58,000,11.235891
2014-09-22,11.58,11.58,11.58,11.58,000,11.235891
2014-09-19,11.58,11.58,11.58,11.58,000,11.235891
2014-09-18,11.58,11.58,11.58,11.58,000,11.235891
2014-09-17,11.58,11.58,11.58,11.58,000,11.235891
2014-09-16,11.58,11.58,11.58,11.58,000,11.235891
2014-09-15,11.58,11.58,11.58,11.58,000,11.235891
2014-09-12,11.58,11.58,11.58,11.58,000,11.235891
2014-09-11,11.58,11.58,11.58,11.58,000,11.235891
2014-09-10,11.58,11.58,11.58,11.58,000,11.235891
2014-09-09,11.58,11.58,11.58,11.58,000,11.235891
2014-09-08,11.58,11.58,11.58,11.58,000,11.235891
2014-09-05,11.58,11.58,11.58,11.58,000,11.235891
2014-09-04,11.58,11.58,11.58,11.58,800,11.235891
2014-09-03,11.60,11.60,11.60,11.60,000,11.255297
2014-09-02,11.60,11.60,11.60,11.60,000,11.255297
2014-08-29,11.60,11.60,11.60,11.60,100,11.255297
2014-08-28,11.41,11.41,11.41,11.41,000,11.070942
2014-08-27,11.41,11.41,11.41,11.41,000,11.070942
2014-08-26,11.41,11.41,11.41,11.41,100,11.070942
2014-08-25,11.41,11.41,11.41,11.41,000,11.070942
2014-08-22,11.41,11.41,11.41,11.41,000,11.070942
2014-08-21,11.41,11.41,11.41,11.41,000,11.070942
2014-08-20,11.41,11.41,11.41,11.41,000,11.070942
2014-08-19,11.56,11.56,11.41,11.41,900,11.070942
2014-08-18,11.68,11.68,11.68,11.68,000,11.332919
2014-08-15,11.68,11.68,11.68,11.68,000,11.332919
2014-08-14,11.68,11.68,11.68,11.68,000,11.332919
2014-08-13,11.60,11.68,11.56,11.68,9300,11.332919
2014-08-12,11.56,11.56,11.56,11.56,000,11.216485
2014-08-11,11.56,11.56,11.56,11.56,000,11.216485
2014-08-08,11.56,11.56,11.56,11.56,000,11.216485
2014-08-07,11.56,11.56,11.56,11.56,000,11.216485
2014-08-06,11.56,11.56,11.56,11.56,000,11.216485
2014-08-05,11.56,11.56,11.56,11.56,300,11.216485
2014-08-04,11.56,11.56,11.56,11.56,400,11.216485
2014-08-01,11.56,11.56,11.56,11.56,1300,11.216485
2014-07-31,11.56,11.56,11.56,11.56,100,11.216485
2014-07-30,11.56,11.56,11.56,11.56,100,11.216485
2014-07-29,11.56,11.56,11.56,11.56,200,11.216485
2014-07-28,11.56,11.56,11.56,11.56,000,11.216485
2014-07-25,11.56,11.56,11.56,11.56,000,11.216485
2014-07-24,11.56,11.56,11.56,11.56,000,11.216485
2014-07-23,11.56,11.56,11.56,11.56,400,11.216485
2014-07-22,11.60,11.60,11.60,11.60,000,11.255297
2014-07-21,11.60,11.60,11.60,11.60,000,11.255297
2014-07-18,11.60,11.60,11.60,11.60,000,11.255297
2014-07-17,11.60,11.60,11.60,11.60,000,11.255297
2014-07-16,11.60,11.60,11.60,11.60,000,11.255297
2014-07-15,11.60,11.60,11.60,11.60,000,11.255297
2014-07-14,11.60,11.60,11.60,11.60,1100,11.255297
2014-07-11,11.56,11.56,11.56,11.56,000,11.216485
2014-07-10,11.57,11.57,11.56,11.56,400,11.216485
2014-07-09,11.55,11.55,11.55,11.55,100,11.206782
2014-07-08,11.40,11.40,11.40,11.40,000,11.061239
2014-07-07,11.40,11.40,11.40,11.40,000,11.061239
2014-07-03,11.40,11.40,11.40,11.40,000,11.061239
2014-07-02,11.40,11.40,11.40,11.40,000,11.061239
2014-07-01,11.40,11.40,11.40,11.40,000,11.061239
2014-06-30,11.40,11.40,11.40,11.40,000,11.061239
2014-06-27,11.40,11.40,11.40,11.40,000,11.061239
2014-06-26,11.40,11.40,11.40,11.40,000,11.061239
2014-06-25,11.40,11.40,11.40,11.40,000,11.061239
2014-06-24,11.40,11.40,11.40,11.40,000,11.061239
2014-06-23,11.40,11.40,11.40,11.40,000,11.061239
2014-06-20,11.40,11.40,11.40,11.40,000,11.061239
2014-06-19,11.40,11.40,11.40,11.40,200,11.061239
2014-06-18,11.40,11.40,11.40,11.40,000,11.061239
2014-06-17,11.40,11.40,11.40,11.40,000,11.061239
2014-06-16,11.40,11.40,11.40,11.40,000,11.061239
2014-06-13,11.40,11.40,11.40,11.40,000,11.061239
2014-06-12,11.40,11.40,11.40,11.40,000,11.061239
2014-06-11,11.65,11.65,11.40,11.40,500,11.061239
2014-06-10,12.00,12.00,12.00,12.00,000,11.64341
2014-06-09,12.00,12.00,12.00,12.00,000,11.64341
2014-06-06,12.00,12.00,12.00,12.00,100,11.64341
2014-06-05,11.49,12.00,11.49,12.00,500,11.64341
2014-06-04,11.46,11.46,11.46,11.46,000,11.119457
2014-06-03,11.46,11.46,11.46,11.46,000,11.119457
2014-06-02,11.35,11.46,11.35,11.46,5900,11.119457
2014-05-30,11.40,11.40,11.40,11.40,100,11.061239
2014-05-29,11.51,11.51,11.51,11.51,000,11.167971
2014-05-28,11.51,11.51,11.51,11.51,000,11.167971
2014-05-27,11.51,11.51,11.51,11.51,000,11.167971
2014-05-23,11.40,11.51,11.40,11.51,2800,11.167971
2014-05-22,11.64,11.64,11.64,11.64,500,11.294108
2014-05-21,11.40,11.40,11.40,11.40,000,11.061239
2014-05-20,11.40,11.40,11.40,11.40,000,11.061239
2014-05-19,11.40,11.40,11.40,11.40,000,11.061239
2014-05-16,11.40,11.40,11.40,11.40,400,11.061239
2014-05-15,11.30,11.30,11.30,11.30,700,10.964211
2014-05-14,11.50,11.50,11.50,11.50,000,11.158268
2014-05-13,11.50,11.50,11.50,11.50,000,11.158268
2014-05-12,11.50,11.50,11.50,11.50,000,11.158268
2014-05-09,11.50,11.50,11.50,11.50,100,11.158268
2014-05-08,11.25,11.25,11.25,11.25,300,10.915697
2014-05-07,11.25,11.25,11.25,11.25,000,10.915697
2014-05-06,11.25,11.25,11.25,11.25,000,10.915697
2014-05-05,11.25,11.25,11.25,11.25,400,10.915697
2014-05-02,12.00,12.00,12.00,12.00,000,11.64341
2014-05-01,11.63,12.00,11.60,12.00,2100,11.64341
2014-04-30,11.20,11.28,11.20,11.28,6700,10.944805
2014-04-29,11.65,11.65,11.65,11.65,000,11.30381
2014-04-28,11.65,11.65,11.65,11.65,000,11.30381
2014-04-25,11.65,11.65,11.65,11.65,000,11.30381
2014-04-24,11.65,11.65,11.65,11.65,100,11.30381
2014-04-23,11.02,11.02,11.02,11.02,000,10.692532
2014-04-22,11.02,11.02,11.02,11.02,000,10.692532
2014-04-21,11.02,11.02,11.02,11.02,000,10.692532
2014-04-17,11.02,11.02,11.02,11.02,600,10.692532
2014-04-16,10.92,10.92,10.92,10.92,000,10.595503
2014-04-15,10.92,10.92,10.92,10.92,000,10.595503
2014-04-14,10.92,10.92,10.92,10.92,1000,10.595503
2014-04-11,10.92,10.92,10.92,10.92,000,10.595503
2014-04-10,10.92,10.92,10.92,10.92,000,10.595503
2014-04-09,10.92,10.92,10.92,10.92,000,10.595503
2014-04-08,10.92,10.92,10.92,10.92,000,10.595503
2014-04-07,10.82,10.92,10.82,10.92,500,10.595503
2014-04-04,11.00,11.00,11.00,11.00,000,10.673126
2014-04-03,11.00,11.00,11.00,11.00,000,10.673126
2014-04-02,11.00,11.00,11.00,11.00,000,10.673126
2014-04-01,11.00,11.00,11.00,11.00,000,10.673126
2014-03-31,11.00,11.00,11.00,11.00,1000,10.673126
2014-03-28,10.92,10.92,10.92,10.92,000,10.595503
2014-03-27,10.81,10.92,10.81,10.92,3100,10.595503
2014-03-26,10.81,10.81,10.81,10.81,000,10.488772
2014-03-25,10.81,10.81,10.81,10.81,000,10.488772
2014-03-24,10.81,10.81,10.81,10.81,000,10.488772
2014-03-21,10.81,10.81,10.81,10.81,000,10.488772
2014-03-20,10.81,10.81,10.81,10.81,000,10.488772
2014-03-19,10.81,10.81,10.81,10.81,000,10.488772
2014-03-18,10.81,10.81,10.81,10.81,000,10.488772
2014-03-17,10.81,10.81,10.81,10.81,000,10.488772
2014-03-14,10.81,10.81,10.81,10.81,1400,10.488772
2014-03-13,10.81,10.81,10.81,10.81,200,10.488772
2014-03-12,10.81,10.81,10.81,10.81,1100,10.488772
2014-03-11,10.75,10.75,10.75,10.75,000,10.430555
2014-03-10,10.75,10.75,10.75,10.75,000,10.430555
2014-03-07,10.75,10.75,10.75,10.75,000,10.430555
2014-03-06,10.75,10.75,10.75,10.75,000,10.430555
2014-03-05,10.75,10.75,10.75,10.75,000,10.430555
2014-03-04,10.75,10.75,10.75,10.75,000,10.430555
2014-03-03,10.75,10.75,10.75,10.75,000,10.430555
2014-02-28,10.75,10.75,10.75,10.75,000,10.430555
2014-02-27,10.75,10.75,10.75,10.75,000,10.430555
2014-02-26,10.75,10.75,10.75,10.75,000,10.430555
2014-02-25,10.75,10.75,10.75,10.75,000,10.430555
2014-02-24,10.63,10.75,10.63,10.75,7400,10.430555
2014-02-21,10.60,10.60,10.60,10.60,000,10.285013
2014-02-20,10.60,10.60,10.60,10.60,000,10.285013
2014-02-19,10.60,10.60,10.60,10.60,000,10.285013
2014-02-18,10.65,10.65,10.60,10.60,1300,10.285013
2014-02-14,10.53,10.63,10.53,10.63,4600,10.314121
