Date,Open,High,Low,Close,Volume,Adj Close
2013-06-25,12.75,12.75,12.75,12.75,000,12.75
2013-06-24,12.57,12.76,12.565,12.75,309100,12.75
2013-06-21,12.59,12.78,12.54,12.64,479100,12.64
2013-06-20,12.55,12.58,12.52,12.54,380100,12.54
2013-06-19,12.56,12.58,12.56,12.56,204400,12.56
2013-06-18,12.59,12.59,12.56,12.56,1670700,12.56
2013-06-17,12.58,12.60,12.57,12.58,479800,12.58
2013-06-14,12.58,12.59,12.57,12.59,261100,12.59
2013-06-13,12.58,12.59,12.57,12.58,174300,12.58
2013-06-12,12.58,12.61,12.57,12.57,88200,12.57
2013-06-11,12.53,12.5801,12.51,12.57,119600,12.57
2013-06-10,12.57,12.58,12.5699,12.58,99300,12.58
2013-06-07,12.58,12.58,12.56,12.57,111700,12.57
2013-06-06,12.58,12.58,12.56,12.57,285700,12.57
2013-06-05,12.54,12.58,12.54,12.56,146000,12.56
2013-06-04,12.54,12.591,12.54,12.58,356200,12.58
2013-06-03,12.54,12.58,12.54,12.55,358300,12.55
2013-05-31,12.54,12.56,12.50,12.54,459700,12.54
2013-05-30,12.59,12.595,12.52,12.54,457900,12.54
2013-05-29,12.58,12.60,12.58,12.58,125600,12.58
2013-05-28,12.62,12.62,12.58,12.58,117800,12.58
2013-05-27,12.61,12.61,12.61,12.61,000,12.61
2013-05-24,12.58,12.62,12.57,12.61,474100,12.61
2013-05-23,12.58,12.61,12.58,12.61,207200,12.61
2013-05-22,12.64,12.68,12.59,12.60,356900,12.60
2013-05-21,12.61,12.66,12.61,12.66,208300,12.66
2013-05-20,12.61,12.65,12.602,12.64,202500,12.64
2013-05-17,12.65,12.66,12.61,12.65,184300,12.65
2013-05-16,12.60,12.69,12.58,12.64,263500,12.64
2013-05-15,12.65,12.74,12.65,12.69,188000,12.69
2013-05-14,12.72,12.79,12.65,12.74,152700,12.74
2013-05-13,12.77,12.79,12.60,12.72,304000,12.72
2013-05-10,12.84,12.84,12.7785,12.81,96500,12.81
2013-05-09,12.82,12.85,12.79,12.79,65200,12.79
2013-05-08,12.76,12.85,12.76,12.85,102700,12.85
2013-05-07,12.73,12.85,12.73,12.84,143100,12.84
2013-05-06,12.68,12.76,12.67,12.74,163500,12.74
2013-05-03,12.78,12.83,12.66,12.72,164600,12.72
2013-05-02,12.76,13.01,12.72,12.75,246300,12.75
2013-05-01,12.75,12.84,12.69,12.74,280600,12.74
2013-04-30,12.63,12.805,12.62,12.77,915500,12.77
2013-04-29,12.55,12.71,12.55,12.67,5439900,12.67
2013-04-26,9.82,9.82,9.63,9.63,39100,9.63
2013-04-25,9.79,9.91,9.77,9.82,44300,9.82
2013-04-24,9.73,9.84,9.60,9.80,35600,9.80
2013-04-23,9.68,9.77,9.62,9.77,35700,9.77
2013-04-22,9.54,9.67,9.46,9.60,40200,9.60
2013-04-19,9.49,9.60,9.42,9.57,34200,9.57
2013-04-18,9.56,9.59,9.40,9.50,43700,9.50
2013-04-17,9.55,9.62,9.46,9.52,64100,9.52
2013-04-16,9.62,9.75,9.50,9.59,45600,9.59
2013-04-15,9.78,9.84,9.48,9.58,75400,9.58
2013-04-12,9.85,9.85,9.75,9.80,31400,9.80
2013-04-11,9.88,9.93,9.77,9.86,26800,9.86
2013-04-10,9.86,9.98,9.83,9.92,42300,9.92
2013-04-09,9.94,9.95,9.70,9.81,35200,9.81
2013-04-08,9.79,9.89,9.72,9.89,33500,9.89
2013-04-05,9.82,9.95,9.72,9.82,28700,9.82
2013-04-04,9.81,9.95,9.7742,9.95,36200,9.95
2013-04-03,10.02,10.08,9.6785,9.83,82800,9.83
2013-04-02,9.91,10.11,9.89,9.98,86100,9.98
2013-04-01,10.01,10.01,9.48,9.89,115900,9.89
2013-03-29,10.06,10.06,10.06,10.06,000,10.06
2013-03-28,10.25,10.31,10.00,10.06,178700,10.06
2013-03-27,10.22,10.40,10.11,10.31,75700,10.31
2013-03-26,10.33,10.45,10.17,10.23,57500,10.23
2013-03-25,10.21,10.40,10.21,10.25,182100,10.25
2013-03-22,10.15,10.21,10.0955,10.21,47600,10.21
2013-03-21,10.12,10.25,10.12,10.15,32700,10.15
2013-03-20,10.14,10.21,10.09,10.20,33300,10.20
2013-03-19,10.18,10.19,9.97,10.02,43400,10.02
2013-03-18,9.92,10.19,9.72,10.17,52800,10.17
2013-03-15,10.12,10.13,9.87,9.93,74200,9.93
2013-03-14,9.94,10.14,9.93,10.12,44500,10.12
2013-03-13,9.69,9.94,9.58,9.89,47300,9.89
2013-03-12,9.92,9.95,9.60,9.68,59300,9.68
2013-03-11,9.91,10.02,9.81,9.91,35300,9.91
2013-03-08,10.10,10.10,9.92,9.96,29600,9.96
2013-03-07,9.96,10.04,9.93,10.04,17000,10.04
2013-03-06,10.06,10.07,9.89,9.99,56000,9.99
2013-03-05,10.07,10.19,9.98,10.06,38600,10.06
2013-03-04,10.01,10.09,9.83,10.00,46700,10.00
2013-03-01,9.88,10.17,9.88,10.00,68100,10.00
2013-02-28,9.99,10.05,9.92,9.96,41400,9.96
2013-02-27,9.96,10.10,9.95,9.97,55300,9.97
2013-02-26,10.11,10.33,9.89,9.94,46000,9.94
2013-02-25,10.40,10.40,10.00,10.04,51300,10.04
2013-02-22,10.38,10.422,10.29,10.38,11600,10.38
2013-02-21,10.25,10.4735,10.20,10.31,38200,10.31
2013-02-20,10.42,10.6774,10.26,10.26,44500,10.26
2013-02-19,10.58,10.655,10.35,10.40,62400,10.40
2013-02-18,10.58,10.58,10.58,10.58,000,10.58
2013-02-15,10.65,10.80,10.56,10.58,36200,10.58
2013-02-14,10.64,11.00,10.58,10.59,81800,10.59
2013-02-13,10.56,10.757,10.5101,10.73,37100,10.61
2013-02-12,10.55,10.63,10.42,10.56,26300,10.4419
2013-02-11,10.65,10.69,10.45,10.57,22200,10.4518
2013-02-08,10.44,10.80,10.418,10.625,35800,10.5062
2013-02-07,10.49,10.49,10.24,10.40,27300,10.2837
2013-02-06,10.50,10.56,10.41,10.50,25700,10.3826
2013-02-05,10.50,10.80,10.35,10.54,79900,10.4221
2013-02-04,10.31,10.8695,10.11,10.54,193600,10.4221
2013-02-01,11.50,11.50,11.00,11.34,169100,11.2132
2013-01-31,11.06,11.11,10.95,11.09,73300,10.966
2013-01-30,11.11,11.15,10.88,11.00,46500,10.877
2013-01-29,11.07,11.20,11.00,11.09,63700,10.966
2013-01-28,10.81,11.10,10.81,11.06,81200,10.9363
2013-01-25,10.80,10.881,10.69,10.77,43000,10.6496
2013-01-24,10.65,11.08,10.65,10.74,31400,10.6199
2013-01-23,10.93,10.93,10.50,10.63,33000,10.5111
2013-01-22,11.00,11.178,10.84,10.93,56200,10.8078
2013-01-21,10.99,10.99,10.99,10.99,000,10.8671
2013-01-18,10.77,10.99,10.77,10.99,45300,10.8671
2013-01-17,10.52,10.84,10.462,10.81,50400,10.6891
2013-01-16,10.45,10.64,10.4198,10.49,68300,10.3727
2013-01-15,10.21,10.54,10.21,10.50,23600,10.3826
2013-01-14,10.54,10.54,10.05,10.26,47400,10.1453
2013-01-11,10.38,10.59,10.21,10.57,51300,10.4518
2013-01-10,10.00,10.45,10.00,10.34,39800,10.2244
2013-01-09,10.02,10.19,9.96,9.99,31300,9.8783
2013-01-08,10.09,10.14,9.83,9.97,22200,9.8585
2013-01-07,10.23,10.2899,9.86,10.04,42700,9.9277
2013-01-04,10.27,10.35,9.90,10.29,33700,10.1749
2013-01-03,10.13,10.28,10.07,10.21,48300,10.0958
2013-01-02,9.65,10.10,9.65,10.09,116900,9.9772
2013-01-01,9.47,9.47,9.47,9.47,000,9.3641
2012-12-31,9.25,9.5299,9.19,9.47,149700,9.3641
2012-12-28,9.49,9.54,9.24,9.34,37700,9.2355
2012-12-27,9.64,9.64,9.36,9.49,50400,9.3839
2012-12-26,9.72,9.81,9.59,9.61,16100,9.5025
2012-12-25,9.67,9.67,9.67,9.67,000,9.5619
2012-12-24,9.76,9.95,9.67,9.67,9200,9.5619
2012-12-21,9.61,9.82,9.00,9.79,162200,9.6805
2012-12-20,10.00,10.00,9.65,9.79,75300,9.6805
2012-12-19,9.90,10.04,9.75,10.03,47700,9.9178
2012-12-18,10.00,10.00,9.76,9.87,42900,9.7596
2012-12-17,9.59,10.02,9.59,10.01,58400,9.8981
2012-12-14,9.64,9.75,9.55,9.59,39600,9.4827
2012-12-13,9.58,9.74,9.36,9.69,257200,9.5816
2012-12-12,9.59,9.74,9.28,9.59,131100,9.4827
2012-12-11,9.67,9.70,9.56,9.60,55000,9.4926
2012-12-10,9.79,9.81,9.28,9.60,87100,9.4926
2012-12-07,10.08,10.08,9.79,9.81,43200,9.7003
2012-12-06,9.92,10.02,9.91,10.02,57300,9.9079
2012-12-05,10.00,10.02,9.80,9.95,48000,9.8387
2012-12-04,10.00,10.00,9.87,10.00,66500,9.8882
2012-12-03,10.04,10.06,9.90,10.02,33300,9.9079
2012-11-30,10.10,10.10,9.75,10.02,65700,9.9079
2012-11-29,10.11,10.12,9.99,10.10,75800,9.987
2012-11-28,10.10,10.15,10.03,10.11,30300,9.9969
2012-11-27,10.15,10.20,9.93,10.10,74700,9.987
2012-11-26,10.01,10.15,9.911,10.12,37800,10.0068
2012-11-23,9.99,10.00,9.91,10.00,22500,9.8882
2012-11-22,9.94,9.94,9.94,9.94,000,9.8288
2012-11-21,9.97,10.00,9.78,9.94,18900,9.8288
2012-11-20,10.27,10.38,9.75,9.97,87800,9.8585
2012-11-19,10.00,10.34,9.99,10.31,149900,10.1947
2012-11-16,9.85,10.23,9.39,9.99,114300,9.8783
2012-11-15,9.83,10.15,9.75,9.99,176400,9.7596
2012-11-14,10.10,10.4399,9.75,9.86,135700,9.6326
2012-11-13,11.14,11.36,10.02,10.14,136000,9.9062
2012-11-12,10.97,11.255,10.91,11.15,46800,10.8929
2012-11-09,10.45,10.95,10.39,10.91,39100,10.6584
2012-11-08,10.72,10.98,10.32,10.50,89700,10.2579
2012-11-07,9.90,10.96,9.50,10.69,209700,10.4435
2012-11-06,9.89,9.9704,9.71,9.82,55400,9.5935
2012-11-05,9.55,9.98,9.55,9.89,122700,9.6619
2012-11-02,9.87,9.90,9.25,9.58,61600,9.3591
2012-11-01,9.97,9.99,9.80,9.86,70300,9.6326
2012-10-31,9.92,10.02,9.67,9.99,71000,9.7596
2012-10-30,10.00,10.00,10.00,10.00,000,9.7694
2012-10-29,10.00,10.00,10.00,10.00,000,9.7694
2012-10-26,9.99,10.02,9.90,10.00,55700,9.7694
2012-10-25,9.90,9.96,9.86,9.96,22400,9.7303
2012-10-24,9.65,9.916,9.55,9.82,40700,9.5935
2012-10-23,9.53,9.68,9.29,9.62,43300,9.3982
2012-10-22,9.45,9.58,9.41,9.56,18000,9.3395
2012-10-19,9.61,9.70,9.37,9.41,29300,9.193
2012-10-18,9.73,9.73,9.46,9.68,17200,9.4568
2012-10-17,9.68,9.73,9.49,9.71,23200,9.4861
2012-10-16,9.69,9.75,9.66,9.70,22000,9.4763
2012-10-15,9.38,9.71,9.38,9.63,35000,9.4079
2012-10-12,9.40,9.45,9.316,9.39,10300,9.1735
2012-10-11,9.37,9.52,9.32,9.42,28500,9.2028
2012-10-10,9.44,9.47,9.29,9.35,37200,9.1344
2012-10-09,9.74,9.74,9.45,9.46,25400,9.2418
2012-10-08,9.80,9.80,9.50,9.72,31000,9.4958
2012-10-05,9.97,10.00,9.81,9.81,20700,9.5838
2012-10-04,9.97,10.01,9.92,9.98,26200,9.7498
2012-10-03,9.96,9.98,9.90,9.98,20100,9.7498
2012-10-02,9.93,9.985,9.8517,9.93,47900,9.701
2012-10-01,10.00,10.00,9.80,9.89,37000,9.6619
2012-09-28,9.85,9.96,9.80,9.90,16100,9.6717
2012-09-27,9.82,9.98,9.82,9.90,16900,9.6717
2012-09-26,9.91,10.00,9.7401,9.85,62000,9.6228
2012-09-25,9.97,10.00,9.82,9.86,45400,9.6326
2012-09-24,9.74,9.97,9.70,9.91,41100,9.6815
2012-09-21,9.92,9.98,9.725,9.74,80200,9.5154
2012-09-20,9.99,9.99,9.62,9.74,47200,9.5154
2012-09-19,9.79,9.85,9.73,9.74,33200,9.5154
2012-09-18,9.87,9.87,9.7044,9.75,39700,9.5252
2012-09-17,9.79,9.86,9.615,9.85,19300,9.6228
2012-09-14,9.80,9.80,9.65,9.79,89600,9.5642
2012-09-13,9.75,9.80,9.6356,9.80,50900,9.574
2012-09-12,9.73,9.76,9.66,9.71,15500,9.4861
2012-09-11,9.66,9.765,9.65,9.76,24100,9.5349
2012-09-10,9.75,9.80,9.61,9.70,25900,9.4763
2012-09-07,9.83,9.93,9.78,9.86,25200,9.6326
2012-09-06,9.61,9.75,9.53,9.75,30900,9.5252
2012-09-05,9.74,9.75,9.50,9.59,31800,9.3688
2012-09-04,9.61,9.77,9.58,9.70,38400,9.4763
2012-09-03,9.57,9.57,9.57,9.57,000,9.3493
2012-08-31,10.04,10.04,9.49,9.57,64000,9.3493
2012-08-30,9.90,10.01,9.90,9.97,46600,9.7401
2012-08-29,9.93,10.00,9.91,9.95,36400,9.7205
2012-08-28,9.88,10.05,9.85,9.93,68100,9.701
2012-08-27,9.71,10.04,9.68,9.84,74100,9.6131
2012-08-24,9.59,9.77,9.45,9.72,50100,9.4958
2012-08-23,9.47,9.76,9.41,9.62,24600,9.3982
2012-08-22,9.64,9.71,9.39,9.50,60000,9.2809
2012-08-21,9.53,9.66,9.4111,9.60,51300,9.3786
2012-08-20,9.46,9.59,9.46,9.53,75600,9.3102
2012-08-17,9.39,9.50,9.26,9.50,91500,9.2809
2012-08-16,9.35,9.46,9.29,9.42,71300,9.2028
2012-08-15,9.10,9.33,8.90,9.28,25300,9.066
2012-08-14,9.34,9.47,9.0701,9.10,95800,8.8901
2012-08-13,9.05,9.36,9.00,9.26,46000,9.0465
2012-08-10,9.13,9.13,8.99,9.08,17600,8.8706
2012-08-09,9.27,9.33,9.25,9.255,21500,8.9341
2012-08-08,9.38,9.38,9.25,9.27,37100,8.9486
2012-08-07,9.21,9.46,9.17,9.34,66800,9.0162
2012-08-06,9.02,9.32,8.93,9.22,68300,8.9003
2012-08-03,9.33,9.38,8.48,9.02,102800,8.7073
2012-08-02,9.29,9.457,9.17,9.41,63400,9.0837
2012-08-01,9.41,9.47,9.29,9.29,51700,8.9679
2012-07-31,9.44,9.484,9.36,9.43,35500,9.103
2012-07-30,9.42,9.48,9.3868,9.42,28300,9.0934
2012-07-27,9.37,9.49,9.35,9.45,50600,9.1223
2012-07-26,9.49,9.50,9.30,9.37,42200,9.0451
2012-07-25,9.30,9.44,9.244,9.41,60500,9.0837
2012-07-24,9.33,9.36,9.19,9.24,71900,8.9196
2012-07-23,9.18,9.43,9.08,9.29,149700,8.9679
2012-07-20,9.09,9.28,9.05,9.26,109900,8.9389
2012-07-19,9.20,9.26,9.11,9.17,65800,8.8521
2012-07-18,9.26,9.38,9.07,9.20,74200,8.881
2012-07-17,9.17,9.33,9.11,9.24,66500,8.9196
2012-07-16,9.20,9.25,8.98,9.12,60500,8.8038
2012-07-13,8.95,9.27,8.88,9.16,81500,8.8424
2012-07-12,9.00,9.03,8.75,8.96,58700,8.6493
2012-07-11,9.01,9.10,8.94,9.07,33900,8.7555
2012-07-10,8.99,9.16,8.9564,9.01,51000,8.6976
2012-07-09,9.36,9.41,8.805,8.95,176200,8.6397
2012-07-06,9.54,9.61,9.20,9.36,78300,9.0355
2012-07-05,9.39,9.70,9.38,9.59,147300,9.2575
2012-07-04,9.47,9.47,9.47,9.47,000,9.1417
2012-07-03,9.41,9.47,9.40,9.47,31500,9.1417
2012-07-02,9.24,9.43,9.24,9.43,122500,9.103
2012-06-29,9.30,9.30,9.14,9.24,132000,8.9196
2012-06-28,9.22,9.22,8.99,9.19,59100,8.8714
2012-06-27,9.17,9.27,9.11,9.25,98100,8.9293
2012-06-26,8.98,9.21,8.87,9.19,193000,8.8714
2012-06-25,8.96,9.08,8.92,8.98,108400,8.6686
2012-06-22,8.83,9.13,8.81,8.99,2412900,8.6783
2012-06-21,8.95,9.00,8.74,8.86,298100,8.5528
2012-06-20,8.89,9.01,8.78,8.97,101000,8.659
2012-06-19,8.52,8.87,8.44,8.84,99800,8.5335
2012-06-18,8.35,8.64,8.26,8.56,92500,8.2632
2012-06-15,8.13,8.39,8.04,8.35,140300,8.0605
2012-06-14,7.73,8.21,7.72,8.14,199100,7.8578
2012-06-13,7.66,7.78,7.62,7.75,86900,7.4813
2012-06-12,7.71,7.755,7.69,7.70,91300,7.433
2012-06-11,7.62,7.75,7.58,7.71,75300,7.4427
2012-06-08,7.58,7.61,7.50,7.58,61300,7.3172
2012-06-07,7.69,7.69,7.50,7.63,86800,7.3654
2012-06-06,7.55,7.69,7.33,7.60,102800,7.3365
2012-06-05,7.50,7.62,7.50,7.52,43000,7.2593
2012-06-04,7.49,7.58,7.34,7.53,87700,7.2689
2012-06-01,7.35,7.57,7.35,7.49,34000,7.2303
2012-05-31,7.21,7.56,7.19,7.50,59200,7.24
2012-05-30,7.41,7.41,7.20,7.21,47000,6.96
2012-05-29,7.44,7.61,7.41,7.44,41700,7.182
2012-05-28,7.49,7.49,7.49,7.49,000,7.2303
2012-05-25,7.42,7.55,7.37,7.49,28600,7.2303
2012-05-24,7.24,7.50,7.05,7.40,41900,7.1434
2012-05-23,7.29,7.339,7.23,7.24,44400,6.989
2012-05-22,7.52,7.55,7.27,7.32,121000,7.0662
2012-05-21,7.38,7.53,7.32,7.4775,90600,7.2182
2012-05-18,7.67,7.67,7.25,7.45,170500,7.1917
2012-05-17,7.76,7.77,7.60,7.70,179300,7.433
2012-05-16,7.88,7.90,7.62,7.75,66000,7.4813
2012-05-15,7.86,7.99,7.84,7.90,43700,7.6261
2012-05-14,8.09,8.12,7.90,7.99,64700,7.713
2012-05-11,8.10,8.21,8.00,8.14,43000,7.8578
2012-05-10,8.23,8.24,8.11,8.13,44300,7.7419
2012-05-09,8.19,8.42,8.15,8.23,68800,7.8372
2012-05-08,8.44,8.77,8.14,8.21,329900,7.8181
2012-05-07,8.85,8.85,8.33,8.47,73800,8.0657
2012-05-04,8.78,8.9791,8.25,8.80,190400,8.3799
2012-05-03,9.02,9.19,9.00,9.10,70600,8.6656
2012-05-02,9.06,9.2292,8.99,9.05,107500,8.618
2012-05-01,9.00,9.09,8.99,9.09,41800,8.6561
2012-04-30,9.00,9.10,8.95,9.02,46000,8.5894
2012-04-27,9.01,9.09,8.93,9.03,18100,8.599
2012-04-26,8.91,9.05,8.91,8.97,26500,8.5418
2012-04-25,9.04,9.17,8.92,8.94,26100,8.5133
2012-04-24,8.95,9.03,8.84,8.97,23300,8.5418
2012-04-23,8.93,9.01,8.80,8.94,26200,8.5133
2012-04-20,9.20,9.37,8.85,9.00,98800,8.5704
2012-04-19,8.53,9.15,8.46,9.09,314200,8.6561
2012-04-18,8.60,8.60,8.44,8.45,23500,8.0467
2012-04-17,8.74,8.74,8.54,8.57,31900,8.1609
2012-04-16,8.60,8.75,8.531,8.70,31000,8.2847
2012-04-13,8.56,8.65,8.54,8.56,20500,8.1514
2012-04-12,8.51,8.66,8.51,8.59,7300,8.18
2012-04-11,8.51,8.68,8.455,8.54,21300,8.1324
2012-04-10,8.70,8.70,8.35,8.49,30000,8.0847
2012-04-09,8.75,8.75,8.51,8.69,19600,8.2752
2012-04-06,8.70,8.70,8.70,8.70,000,8.2847
2012-04-05,8.79,9.00,8.66,8.70,39400,8.2847
2012-04-04,8.64,8.94,8.54,8.81,32800,8.3895
2012-04-03,8.58,8.73,8.58,8.70,35900,8.2847
2012-04-02,8.47,8.59,8.45,8.56,33500,8.1514
2012-03-30,8.44,8.59,8.35,8.46,39100,8.0562
2012-03-29,8.39,8.44,8.28,8.38,57700,7.98
2012-03-28,8.56,8.64,8.30,8.40,46400,7.999
2012-03-27,8.66,8.69,8.59,8.64,27200,8.2276
2012-03-26,8.75,8.85,8.66,8.66,43400,8.2466
2012-03-23,8.69,8.70,8.58,8.67,15500,8.2561
2012-03-22,8.73,8.75,8.64,8.65,22600,8.2371
2012-03-21,8.79,8.87,8.70,8.75,33900,8.3323
2012-03-20,8.88,8.95,8.60,8.82,74300,8.399
2012-03-19,8.95,9.03,8.84,8.92,88500,8.4942
2012-03-16,8.94,9.10,8.90,8.945,93900,8.518
2012-03-15,8.60,8.95,8.35,8.93,111600,8.5037
2012-03-14,8.46,8.65,8.42,8.60,67000,8.1895
2012-03-13,8.20,8.50,8.09,8.50,99200,8.0943
2012-03-12,7.90,8.19,7.90,8.16,68100,7.7705
2012-03-09,7.99,8.16,7.99,8.00,46300,7.6181
2012-03-08,7.96,8.16,7.90,7.98,142100,7.5991
2012-03-07,7.82,8.00,7.765,7.89,74100,7.5134
2012-03-06,7.85,7.85,7.70,7.82,28900,7.4467
2012-03-05,7.79,7.86,7.72,7.80,88000,7.4277
2012-03-02,7.87,7.88,7.78,7.83,25100,7.4562
2012-03-01,7.58,7.88,7.535,7.88,48000,7.5039
2012-02-29,7.50,7.68,7.45,7.52,59300,7.161
2012-02-28,7.73,7.75,7.45,7.52,96700,7.161
2012-02-27,7.89,8.00,7.67,7.71,41700,7.342
2012-02-24,7.88,7.9765,7.88,7.95,25200,7.5705
2012-02-23,7.92,7.94,7.78,7.84,34400,7.4658
2012-02-22,7.84,7.99,7.70,7.87,55000,7.4943
2012-02-21,7.95,7.98,7.83,7.85,44900,7.4753
2012-02-20,7.89,7.89,7.89,7.89,000,7.5134
2012-02-17,7.77,7.9055,7.721,7.89,58100,7.5134
2012-02-16,8.13,8.13,7.59,7.81,228400,7.4372
2012-02-15,8.33,8.35,8.06,8.09,81300,7.7038
2012-02-14,8.08,8.25,8.04,8.25,79900,7.8562
2012-02-13,8.12,8.16,8.03,8.08,67500,7.6943
2012-02-10,8.47,8.47,7.96,8.0499,63700,7.6656
2012-02-09,8.20,8.40,7.91,8.38,234600,7.8752
2012-02-08,8.31,8.36,8.10,8.25,87200,7.7531
2012-02-07,8.65,8.75,8.19,8.25,126400,7.7531
2012-02-06,8.66,8.75,8.50,8.63,45400,8.1102
2012-02-03,8.75,8.75,8.62,8.73,52100,8.2042
2012-02-02,8.83,8.84,8.57,8.70,46500,8.176
2012-02-01,8.47,8.8592,8.4152,8.76,140300,8.2324
2012-01-31,8.59,8.65,8.27,8.36,82000,7.8564
2012-01-30,8.61,8.662,8.28,8.61,96600,8.0914
2012-01-27,8.10,8.73,7.90,8.61,265100,8.0914
2012-01-26,7.98,8.04,7.85,8.01,55600,7.5275
2012-01-25,7.99,8.01,7.73,7.97,51400,7.4899
2012-01-24,7.92,8.03,7.90,7.99,32800,7.5087
2012-01-23,7.93,8.02,7.88,7.98,20400,7.4993
2012-01-20,8.00,8.09,7.95,7.96,22600,7.4805
2012-01-19,8.08,8.10,8.00,8.05,40000,7.5651
2012-01-18,7.88,8.0894,7.88,8.05,15100,7.5651
2012-01-17,8.05,8.05,7.82,7.91,32900,7.4336
2012-01-16,7.95,7.95,7.95,7.95,000,7.4711
2012-01-13,8.01,8.119,7.88,7.95,32800,7.4711
2012-01-12,8.06,8.09,7.8499,8.01,42300,7.5275
2012-01-11,8.11,8.16,7.88,8.01,28200,7.5275
2012-01-10,8.10,8.25,7.86,8.09,90700,7.6027
2012-01-09,7.74,8.08,7.74,8.00,81600,7.5181
2012-01-06,7.45,7.78,7.43,7.74,138400,7.2738
2012-01-05,7.45,7.52,7.35,7.43,57600,6.9825
2012-01-04,7.51,7.585,7.42,7.45,52000,7.0013
2012-01-03,7.54,7.60,7.41,7.50,48200,7.0482
2012-01-02,7.50,7.50,7.50,7.50,000,7.0482
2011-12-30,7.49,7.54,7.41,7.50,23700,7.0482
2011-12-29,7.62,7.62,7.46,7.46,26900,7.0107
2011-12-28,7.66,7.66,7.50,7.57,25800,7.114
2011-12-27,7.62,7.67,7.55,7.67,20500,7.208
2011-12-26,7.63,7.63,7.63,7.63,000,7.1704
2011-12-23,7.55,7.73,7.52,7.63,27400,7.1704
2011-12-22,7.42,7.6592,7.40,7.59,37300,7.1328
2011-12-21,7.78,7.78,7.54,7.60,25700,7.1422
2011-12-20,7.68,7.92,7.61,7.74,28500,7.2738
2011-12-19,7.75,7.84,7.60,7.61,38800,7.1516
2011-12-16,7.51,7.93,7.40,7.75,196300,7.2832
2011-12-15,7.50,7.54,7.44,7.47,20000,7.0201
2011-12-14,7.51,7.52,7.34,7.51,34600,7.0576
2011-12-13,7.35,7.6296,7.34,7.55,110200,7.0952
2011-12-12,7.55,7.55,7.40,7.47,43800,7.0201
2011-12-09,7.50,7.57,7.46,7.47,37600,7.0201
2011-12-08,7.46,7.59,7.46,7.46,54900,7.0107
2011-12-07,7.49,7.54,7.36,7.50,89000,7.0482
2011-12-06,7.26,7.59,7.18,7.48,201200,7.0295
2011-12-05,7.09,7.74,7.09,7.20,564000,6.7663
2011-12-02,7.01,7.04,6.92,6.97,18400,6.5502
2011-12-01,7.09,7.09,6.91,6.94,23200,6.522
2011-11-30,7.12,7.14,7.01,7.04,34500,6.616
2011-11-29,7.03,7.16,7.02,7.09,20300,6.6629
2011-11-28,6.95,7.15,6.93,7.03,57100,6.6066
2011-11-25,6.81,6.81,6.70,6.75,10500,6.3434
2011-11-24,6.83,6.83,6.83,6.83,000,6.4186
2011-11-23,6.98,6.98,6.7001,6.83,27100,6.4186
2011-11-22,6.97,6.99,6.78,6.98,56600,6.5596
2011-11-21,7.25,7.25,6.82,6.97,80400,6.5502
2011-11-18,7.16,7.38,7.16,7.2201,33800,6.7852
2011-11-17,7.29,7.45,7.20,7.30,73600,6.7569
2011-11-16,7.48,7.669,7.15,7.32,107100,6.7754
2011-11-15,6.75,7.67,6.75,7.43,321300,6.8772
2011-11-14,6.50,6.75,6.459,6.75,161800,6.2478
2011-11-11,6.35,6.689,6.22,6.45,174700,5.9702
2011-11-10,6.00,6.12,5.88,6.00,46200,5.5536
2011-11-09,5.97,6.00,5.80,5.82,47100,5.387
2011-11-08,6.14,6.15,5.97,6.00,42100,5.5536
2011-11-07,6.00,6.25,5.91,6.15,36300,5.6925
2011-11-04,5.95,6.01,5.90,6.00,27900,5.5536
2011-11-03,5.94,5.989,5.86,5.94,12900,5.4981
2011-11-02,5.84,5.93,5.78,5.86,11200,5.424
2011-11-01,5.95,5.9892,5.71,5.85,18700,5.4148
2011-10-31,5.85,5.99,5.85,5.99,14600,5.5444
2011-10-28,5.80,6.01,5.80,5.85,11700,5.4148
2011-10-27,5.96,6.00,5.811,5.84,29500,5.4055
2011-10-26,5.84,5.88,5.75,5.87,8100,5.4333
2011-10-25,5.70,5.92,5.60,5.71,35600,5.2852
2011-10-24,5.75,5.78,5.69,5.74,27300,5.313
2011-10-21,5.80,5.80,5.70,5.708,10900,5.2834
2011-10-20,5.75,5.7999,5.70,5.79,9900,5.3593
2011-10-19,5.78,5.83,5.69,5.80,39200,5.3685
2011-10-18,5.74,5.81,5.69,5.78,8800,5.35
2011-10-17,5.85,5.94,5.69,5.73,35500,5.3037
2011-10-14,5.79,5.90,5.75,5.86,16900,5.424
2011-10-13,5.80,5.84,5.69,5.77,16000,5.3407
2011-10-12,5.93,5.95,5.80,5.893,2700,5.4546
2011-10-11,5.95,6.00,5.87,5.91,13000,5.4703
2011-10-10,5.91,6.00,5.88,6.00,37700,5.5536
2011-10-07,5.99,6.00,5.64,5.83,18200,5.3963
2011-10-06,5.65,5.95,5.65,5.95,2500,5.5074
2011-10-05,5.50,5.65,5.471,5.65,4200,5.2297
2011-10-04,5.64,5.7483,5.40,5.47,58800,5.0631
2011-10-03,5.90,5.93,5.69,5.71,18300,5.2852
2011-09-30,5.90,5.96,5.75,5.90,8100,5.4611
2011-09-29,5.96,6.00,5.80,5.96,15300,5.5166
2011-09-28,5.88,5.919,5.80,5.89,5000,5.4518
2011-09-27,5.90,5.935,5.79,5.88,13200,5.4426
2011-09-26,5.75,5.84,5.69,5.84,28900,5.4055
2011-09-23,5.79,5.81,5.511,5.69,36400,5.2667
2011-09-22,5.80,5.801,5.67,5.75,13900,5.3222
2011-09-21,5.91,5.95,5.88,5.89,5000,5.4518
2011-09-20,5.95,5.97,5.80,5.87,26400,5.4333
2011-09-19,5.77,5.97,5.75,5.96,20400,5.5166
2011-09-16,6.00,6.00,5.80,5.80,22400,5.3685
2011-09-15,6.01,6.01,5.92,5.99,15600,5.5444
2011-09-14,5.88,6.01,5.82,5.99,24300,5.5444
2011-09-13,5.79,5.989,5.60,5.84,18500,5.4055
2011-09-12,5.73,5.8384,5.70,5.79,9000,5.3593
2011-09-09,5.77,5.82,5.66,5.70,20500,5.276
2011-09-08,5.96,6.00,5.76,5.77,25200,5.3407
2011-09-07,5.93,6.00,5.90,5.95,9400,5.5074
2011-09-06,5.84,5.89,5.76,5.84,19800,5.4055
2011-09-02,5.95,5.99,5.901,5.96,8300,5.5166
2011-09-01,6.08,6.15,5.97,6.02,25500,5.5721
2011-08-31,6.10,6.15,5.98,6.11,25700,5.6555
2011-08-30,5.98,6.10,5.9535,6.05,33900,5.5999
2011-08-29,6.05,6.15,5.95,6.05,21100,5.5999
2011-08-26,5.90,6.10,5.90,6.06,10400,5.6092
2011-08-25,5.96,5.99,5.8355,5.90,24400,5.4611
2011-08-24,6.00,6.0601,5.9782,6.02,25300,5.5721
2011-08-23,5.90,6.00,5.90,6.00,6400,5.5536
2011-08-22,5.99,6.15,5.8848,5.904,24600,5.4648
2011-08-19,5.96,6.062,5.93,5.94,25600,5.4981
2011-08-18,6.00,6.10,5.95,6.03,28200,5.5814
2011-08-17,6.17,6.17,6.03,6.08,11100,5.6277
2011-08-16,6.03,6.14,6.02,6.10,49100,5.6462
2011-08-15,6.10,6.1464,6.01,6.10,28900,5.6462
2011-08-12,6.10,6.282,6.02,6.0799,60800,5.6276
2011-08-11,6.02,6.15,6.02,6.07,53400,5.6184
2011-08-10,6.12,6.185,6.00,6.09,60500,5.5444
2011-08-09,6.16,6.294,6.12,6.28,53800,5.7174
2011-08-08,6.30,6.30,6.03,6.12,85300,5.5717
2011-08-05,6.39,6.55,5.92,6.38,71900,5.8084
2011-08-04,6.60,6.74,6.31,6.35,42600,5.7811
2011-08-03,6.59,6.6749,6.50,6.67,21500,6.0724
2011-08-02,6.70,6.74,6.51,6.54,30900,5.9541
2011-08-01,6.60,6.75,6.50,6.70,55800,6.0997
2011-07-29,6.60,6.60,6.18,6.38,66300,5.8084
2011-07-28,6.32,6.41,6.15,6.259,41000,5.6982
2011-07-27,6.59,6.59,6.2497,6.33,46200,5.7629
2011-07-26,6.45,6.56,6.4008,6.52,18100,5.9359
2011-07-25,6.26,6.72,6.19,6.43,78300,5.8539
2011-07-22,6.18,6.27,6.18,6.27,31100,5.7083
2011-07-21,6.15,6.27,6.10,6.219,32400,5.6618
2011-07-20,6.14,6.17,6.08,6.15,8800,5.599
2011-07-19,6.10,6.13,6.00,6.13,18700,5.5808
2011-07-18,6.10,6.209,6.03,6.05,36000,5.508
2011-07-15,6.15,6.1732,6.05,6.11,22100,5.5626
2011-07-14,6.06,6.25,6.055,6.14,7200,5.5899
2011-07-13,6.21,6.21,6.05,6.08,59600,5.5353
2011-07-12,6.21,6.23,6.15,6.20,13200,5.6445
2011-07-11,6.21,6.27,6.14,6.27,17600,5.7083
2011-07-08,6.07,6.27,6.07,6.25,21200,5.69
2011-07-07,6.26,6.26,6.08,6.12,43800,5.5717
2011-07-06,6.03,6.21,6.03,6.07,29700,5.5262
2011-07-05,5.99,6.2688,5.97,6.05,36300,5.508
2011-07-01,6.20,6.26,5.95,6.06,34200,5.5171
2011-06-30,6.18,6.20,6.15,6.17,11600,5.6172
2011-06-29,6.15,6.23,6.10,6.15,10600,5.599
2011-06-28,6.11,6.20,6.131,6.15,7200,5.599
2011-06-27,6.27,6.27,6.10,6.12,10500,5.5717
2011-06-24,6.28,6.30,6.21,6.27,40600,5.7083
2011-06-23,6.19,6.48,5.82,6.31,43600,5.7447
2011-06-22,5.99,6.41,5.99,6.23,52100,5.6718
2011-06-21,5.92,6.11,5.86,6.04,62400,5.4989
2011-06-20,5.76,5.89,5.70,5.87,27700,5.3441
2011-06-17,5.95,5.95,5.685,5.79,43000,5.2713
2011-06-16,6.04,6.04,5.90,5.93,49900,5.3987
2011-06-15,6.01,6.09,5.94,6.02,52800,5.4806
2011-06-14,6.16,6.16,6.01,6.05,42100,5.508
2011-06-13,6.13,6.18,6.10,6.11,25900,5.5626
2011-06-10,6.15,6.22,6.13,6.14,21300,5.5899
2011-06-09,6.16,6.259,6.151,6.20,10500,5.6445
2011-06-08,6.15,6.24,6.13,6.16,49200,5.6081
2011-06-07,6.20,6.22,6.15,6.17,29100,5.6172
2011-06-06,6.36,6.40,6.18,6.18,33500,5.6263
2011-06-03,6.65,6.80,6.43,6.47,45400,5.8903
2011-06-02,6.25,6.84,6.25,6.71,60700,6.1088
2011-06-01,6.19,6.45,6.19,6.22,24100,5.6627
2011-05-31,6.31,6.39,6.21,6.23,35000,5.6718
2011-05-27,6.28,6.34,6.24,6.30,18000,5.7356
2011-05-26,6.19,6.27,6.19,6.25,18000,5.69
2011-05-25,6.23,6.25,6.19,6.23,25400,5.6718
2011-05-24,6.31,6.4334,6.21,6.26,25100,5.6991
2011-05-23,6.19,6.32,6.11,6.255,14400,5.6946
2011-05-20,6.26,6.30,6.22,6.25,7100,5.69
2011-05-19,6.34,6.34,6.20,6.25,21800,5.69
2011-05-18,6.17,6.32,6.17,6.28,10500,5.7174
2011-05-17,6.44,6.46,6.10,6.18,43700,5.6263
2011-05-16,6.50,6.50,6.40,6.45,24600,5.8721
2011-05-13,6.55,6.62,6.50,6.50,18900,5.9176
2011-05-12,6.65,6.69,6.50,6.69,42700,6.0906
2011-05-11,6.84,6.90,6.73,6.76,40200,6.0633
2011-05-10,6.6832,6.85,6.68,6.79,15600,6.0902
2011-05-09,6.65,6.84,6.64,6.6799,38300,5.9915
2011-05-06,6.75,6.8058,6.42,6.70,86600,6.0095
2011-05-05,6.80,6.88,6.75,6.80,17400,6.0992
2011-05-04,6.87,7.05,6.62,6.87,93300,6.162
2011-05-03,6.99,7.03,6.80,6.89,82800,6.1799
2011-05-02,6.99,7.04,6.95,7.04,30300,6.3145
2011-04-29,6.90,7.10,6.89,6.9962,38600,6.2752
2011-04-28,6.73,6.885,6.73,6.8798,59200,6.1708
2011-04-27,6.85,6.85,6.60,6.77,62600,6.0723
2011-04-26,6.88,7.00,6.87,6.87,25500,6.162
2011-04-25,6.90,6.9672,6.83,6.8925,20100,6.1822
2011-04-21,7.11,7.11,6.92,6.95,32700,6.2337
2011-04-20,7.00,7.13,6.96,7.05,47900,6.3234
2011-04-19,6.73,6.90,6.68,6.87,32600,6.162
2011-04-18,6.69,6.74,6.582,6.73,19300,6.0364
2011-04-15,6.72,6.7582,6.639,6.74,12500,6.0454
2011-04-14,6.56,6.815,6.52,6.81,27900,6.1082
2011-04-13,6.67,6.67,6.43,6.60,143000,5.9198
2011-04-12,6.95,6.95,6.45,6.49,149500,5.8211
2011-04-11,7.25,7.26,6.90,7.04,96300,6.3145
2011-04-08,7.44,7.499,7.31,7.36,17600,6.6015
2011-04-07,7.49,7.6299,7.41,7.45,24000,6.6822
2011-04-06,7.58,7.61,7.43,7.5099,47300,6.7359
2011-04-05,7.31,7.539,7.31,7.52,49600,6.745
2011-04-04,7.50,7.50,7.21,7.35,104100,6.5925
2011-04-01,7.22,7.67,7.2023,7.50,70100,6.727
2011-03-31,7.58,7.58,7.15,7.26,70000,6.5118
2011-03-30,7.05,7.63,7.05,7.56,90200,6.7809
2011-03-29,6.86,6.98,6.86,6.98,50600,6.2606
2011-03-28,6.75,6.85,6.68,6.85,31900,6.144
2011-03-25,6.63,6.68,6.601,6.68,41300,5.9916
2011-03-24,6.52,6.64,6.5101,6.60,37400,5.9198
2011-03-23,6.50,6.53,6.47,6.519,32200,5.8471
2011-03-22,6.60,6.61,6.49,6.50,17800,5.8301
2011-03-21,6.63,6.63,6.49,6.59,33500,5.9108
2011-03-18,6.59,6.715,6.53,6.55,16100,5.875
2011-03-17,6.56,6.59,6.48,6.52,69400,5.848
2011-03-16,6.51,6.61,6.49,6.56,69800,5.8839
2011-03-15,6.42,6.57,6.40,6.54,104100,5.866
2011-03-14,6.55,6.7097,6.53,6.57,45300,5.8929
2011-03-11,6.55,6.69,6.55,6.63,71100,5.9467
2011-03-10,6.72,6.79,6.48,6.73,126000,6.0364
2011-03-09,6.71,6.91,6.66,6.82,60300,6.1171
2011-03-08,6.62,6.69,6.52,6.65,89600,5.9646
2011-03-07,6.64,6.79,6.44,6.62,108100,5.9377
2011-03-04,6.73,6.7788,6.59,6.64,115700,5.9557
2011-03-03,6.79,6.83,6.71,6.75,59100,6.0543
2011-03-02,6.85,6.87,6.74,6.77,57700,6.0723
2011-03-01,7.00,7.07,6.85,6.85,49300,6.144
2011-02-28,6.93,7.12,6.7601,6.95,119500,6.2337
2011-02-25,6.98,7.0399,6.84,6.96,38400,6.2427
2011-02-24,6.82,6.979,6.75,6.92,200500,6.2068
2011-02-23,7.30,7.47,6.80,7.01,216400,6.2875
2011-02-22,7.56,7.64,7.20,7.339,141900,6.5826
2011-02-18,7.51,7.75,7.51,7.71,75500,6.9154
2011-02-17,7.75,7.8099,7.35,7.46,166300,6.6912
2011-02-16,8.35,8.35,7.70,7.72,243800,6.9244
2011-02-15,8.42,8.42,8.20,8.30,83100,7.4446
2011-02-14,8.90,8.90,8.10,8.45,290000,7.5791
2011-02-11,7.92,8.20,7.91,8.19,203400,7.3459
2011-02-10,7.64,7.89,7.64,7.89,133400,7.0769
2011-02-09,7.65,7.84,7.57,7.80,159700,6.9064
2011-02-08,7.80,7.91,7.45,7.61,289600,6.7382
2011-02-07,6.96,7.85,6.96,7.23,601200,6.4017
2011-02-04,6.92,6.98,6.83,6.86,53300,6.0741
2011-02-03,6.74,6.9692,6.63,6.90,67300,6.1095
2011-02-02,6.74,6.80,6.43,6.77,710300,5.9944
2011-02-01,7.04,7.10,6.68,6.74,184900,5.9679
2011-01-31,7.20,7.2299,7.02,7.03,98200,6.2246
2011-01-28,7.54,7.62,7.12,7.15,159600,6.3309
2011-01-27,7.55,7.73,7.54,7.70,121400,6.8179
2011-01-26,7.40,7.68,7.35,7.54,139600,6.6762
2011-01-25,7.35,7.38,7.29,7.29,39400,6.4549
2011-01-24,7.25,7.38,7.25,7.34,69100,6.4991
2011-01-21,7.34,7.389,7.2393,7.29,32200,6.4549
2011-01-20,7.17,7.25,7.02,7.25,59000,6.4194
2011-01-19,7.38,7.4001,7.19,7.25,64700,6.4194
2011-01-18,7.40,7.40,7.32,7.35,66200,6.508
2011-01-14,7.36,7.36,7.28,7.33,75300,6.4903
2011-01-13,7.30,7.3691,7.22,7.30,89900,6.4637
2011-01-12,7.49,7.49,7.16,7.25,90700,6.4194
2011-01-11,7.49,7.59,7.23,7.38,228800,6.5345
2011-01-10,6.85,7.11,6.80,7.03,151400,6.2246
2011-01-07,6.84,6.84,6.69,6.77,64900,5.9944
2011-01-06,6.79,6.869,6.73,6.78,76200,6.0033
2011-01-05,6.76,6.84,6.725,6.73,87700,5.959
2011-01-04,6.83,6.83,6.65,6.72,38500,5.9502
2011-01-03,6.79,6.92,6.72,6.81,76000,6.0298
2010-12-31,7.17,7.19,6.62,6.69,82800,5.9236
2010-12-30,6.74,6.77,6.61,6.77,32600,5.9944
2010-12-29,6.74,6.74,6.64,6.71,51700,5.9413
2010-12-28,6.84,6.89,6.60,6.68,48900,5.9147
2010-12-27,6.30,6.84,6.30,6.77,116100,5.9944
2010-12-23,6.28,6.34,6.20,6.30,19100,5.5783
2010-12-22,6.36,6.36,6.19,6.28,48700,5.5606
2010-12-21,6.46,6.46,6.22,6.30,55600,5.5783
2010-12-20,6.39,6.44,6.30,6.38,79800,5.6491
2010-12-17,6.46,6.48,6.27,6.32,145500,5.596
2010-12-16,6.69,6.69,6.4401,6.52,59800,5.7731
2010-12-15,6.23,6.72,6.20,6.69,89700,5.9236
2010-12-14,6.27,6.29,6.16,6.23,22500,5.5163
2010-12-13,6.15,6.33,6.07,6.27,54900,5.5517
2010-12-10,6.13,6.21,6.02,6.10,64200,5.4012
2010-12-09,6.30,6.30,6.02,6.12,76300,5.4189
2010-12-08,6.28,6.30,6.13,6.25,59900,5.534
2010-12-07,5.90,6.37,5.71,6.31,342000,5.5871
2010-12-06,5.65,5.90,5.65,5.90,292100,5.2241
2010-12-03,5.64,5.77,5.54,5.72,56800,5.0647
2010-12-02,5.58,5.64,5.433,5.63,78500,4.985
2010-12-01,5.47,5.78,5.4216,5.60,276400,4.9585
2010-11-30,5.26,5.37,5.22,5.35,54300,4.7371
2010-11-29,5.30,5.33,5.12,5.33,130500,4.7194
2010-11-26,5.30,5.41,5.23,5.30,24300,4.6928
2010-11-24,5.34,5.4599,5.28,5.33,77600,4.7194
2010-11-23,5.09,5.21,5.03,5.20,144300,4.6043
2010-11-22,5.21,5.30,5.01,5.13,94700,4.5423
2010-11-19,5.27,5.28,5.16,5.22,95800,4.622
2010-11-18,5.67,5.67,5.261,5.34,58200,4.7282
2010-11-17,5.33,5.63,5.30,5.53,81900,4.8965
2010-11-16,5.44,5.45,5.21,5.35,125400,4.7371
2010-11-15,5.65,5.69,5.44,5.54,219000,4.9053
2010-11-12,5.34,5.5199,5.29,5.49,89700,4.8611
2010-11-11,5.08,5.40,5.08,5.30,123500,4.6928
2010-11-10,5.18,5.34,5.02,5.25,398300,4.6486
2010-11-09,5.80,5.8301,5.60,5.73,221900,4.985
2010-11-08,5.85,5.87,5.62,5.74,426700,4.9937
2010-11-05,5.82,6.12,5.50,5.69,1606300,4.9502
2010-11-04,3.91,4.23,3.725,4.05,333800,3.5234
2010-11-03,3.73,3.93,3.66,3.92,21500,3.4104
2010-11-02,3.65,3.75,3.65,3.6699,7900,3.1928
2010-11-01,3.65,3.65,3.45,3.59,13700,3.1233
2010-10-29,3.60,3.63,3.53,3.61,10900,3.1407
2010-10-28,3.63,3.69,3.59,3.60,23000,3.132
2010-10-27,3.62,3.68,3.60,3.67,7800,3.1929
2010-10-26,3.65,3.68,3.62,3.68,41200,3.2016
2010-10-25,3.69,3.6991,3.64,3.66,26600,3.1842
2010-10-22,3.60,3.63,3.58,3.63,50200,3.1581
2010-10-21,3.49,3.70,3.40,3.57,119600,3.1059
2010-10-20,3.07,3.53,3.07,3.53,29800,3.0711
2010-10-19,3.01,3.0701,3.01,3.07,2900,2.6709
2010-10-18,3.08,3.10,3.07,3.09,7800,2.6883
2010-10-15,3.09,3.11,3.06,3.11,4000,2.7057
2010-10-14,3.09,3.10,3.06,3.09,8000,2.6883
2010-10-13,3.09,3.09,3.06,3.09,11800,2.6883
2010-10-12,3.07,3.07,3.06,3.07,4300,2.6709
2010-10-11,3.11,3.11,3.04,3.07,2400,2.6709
2010-10-08,3.05,3.09,3.04,3.09,2900,2.6883
2010-10-07,3.03,3.08,3.03,3.08,5600,2.6796
2010-10-06,3.03,3.06,3.03,3.05,3000,2.6535
2010-10-05,3.12,3.12,3.01,3.08,2200,2.6796
2010-10-04,3.03,3.12,3.00,3.12,43300,2.7144
2010-10-01,3.05,3.05,3.00,3.04,3400,2.6448
2010-09-30,3.06,3.12,3.06,3.06,7500,2.6622
2010-09-29,3.01,3.10,2.33,3.06,61900,2.6622
2010-09-28,3.05,3.10,3.02,3.10,12900,2.697
2010-09-27,3.06,3.13,3.06,3.06,2500,2.6622
2010-09-24,3.08,3.20,3.07,3.20,7100,2.784
2010-09-23,3.08,3.10,3.08,3.10,700,2.697
2010-09-22,3.12,3.15,3.11,3.11,3500,2.7057
2010-09-21,3.19,3.19,3.09,3.15,7100,2.7405
2010-09-20,3.09,3.23,3.08,3.23,14800,2.8101
2010-09-17,3.07,3.20,3.06,3.20,14400,2.784
2010-09-16,3.09,3.14,3.07,3.11,8200,2.7057
2010-09-15,3.07,3.14,3.07,3.14,8500,2.7318
2010-09-14,3.06,3.11,2.99,3.11,7900,2.7057
2010-09-13,3.07,3.11,3.03,3.06,4700,2.6622
2010-09-10,3.10,3.1001,3.10,3.10,4000,2.697
2010-09-09,3.10,3.10,3.05,3.05,8000,2.6535
2010-09-08,3.09,3.10,3.05,3.05,2100,2.6535
2010-09-07,3.10,3.11,3.00,3.06,5000,2.6622
2010-09-03,3.06,3.12,3.06,3.11,8300,2.7057
2010-09-02,3.00,3.11,3.00,3.11,7000,2.7057
2010-09-01,3.01,3.04,3.00,3.01,10300,2.6187
2010-08-31,3.06,3.14,2.98,2.98,5100,2.5926
2010-08-30,2.96,3.03,2.95,2.99,5300,2.6013
2010-08-27,2.98,3.02,2.97,2.98,51500,2.5926
2010-08-26,2.93,3.03,2.93,2.96,900,2.5752
2010-08-25,2.90,3.01,2.90,2.95,8300,2.5665
2010-08-24,3.00,3.11,2.82,2.90,128200,2.523
2010-08-23,3.03,3.11,3.03,3.11,11000,2.7057
2010-08-20,2.98,3.10,2.98,3.10,6400,2.697
2010-08-19,2.99,3.06,2.98,3.01,7600,2.6187
2010-08-18,3.03,3.06,3.02,3.06,2900,2.6622
2010-08-17,3.05,3.07,3.05,3.05,4600,2.6535
2010-08-16,3.01,3.03,3.00,3.02,5500,2.6274
2010-08-13,3.04,3.10,3.04,3.05,4100,2.6535
2010-08-12,2.96,3.12,2.96,3.10,17100,2.697
2010-08-11,2.97,3.04,2.94,2.94,16100,2.5578
2010-08-10,2.99,3.09,2.99,3.09,2700,2.6883
2010-08-09,3.06,3.15,2.95,3.05,2300,2.6535
2010-08-06,3.00,3.05,3.00,3.04,9400,2.6448
2010-08-05,3.05,3.07,3.01,3.05,8500,2.6535
2010-08-04,3.02,3.12,3.00,3.10,13300,2.697
2010-08-03,3.10,3.10,2.88,3.00,8800,2.61
2010-08-02,3.15,3.1501,2.92,3.07,41900,2.6709
2010-07-30,3.18,3.19,3.10,3.15,18100,2.7405
2010-07-29,2.99,3.18,2.99,3.15,85300,2.7405
2010-07-28,2.81,2.84,2.79,2.84,14700,2.4708
2010-07-27,2.90,2.9075,2.79,2.79,13800,2.4273
2010-07-26,2.86,2.98,2.84,2.93,8200,2.5491
2010-07-23,2.94,2.94,2.84,2.85,14300,2.4795
2010-07-22,2.91,2.97,2.91,2.95,3200,2.5665
2010-07-21,2.94,2.94,2.88,2.93,1000,2.5491
2010-07-20,2.91,2.91,2.831,2.90,1900,2.523
2010-07-19,2.84,2.93,2.84,2.89,3100,2.5143
2010-07-16,2.95,2.95,2.86,2.86,8200,2.4882
2010-07-15,3.03,3.04,3.00,3.01,2500,2.6187
2010-07-14,2.83,2.99,2.80,2.99,3600,2.6013
2010-07-13,2.97,3.011,2.9534,2.98,2500,2.5926
2010-07-12,3.18,3.18,2.96,2.98,9300,2.5926
2010-07-09,2.89,2.96,2.89,2.94,4300,2.5578
2010-07-08,2.83,2.90,2.83,2.86,5900,2.4882
2010-07-07,2.89,2.92,2.85,2.86,4200,2.4882
2010-07-06,2.91,2.95,2.62,2.85,21700,2.4795
2010-07-02,2.98,3.03,2.80,2.90,30900,2.523
2010-07-01,2.99,3.02,2.95,2.9601,6600,2.5752
2010-06-30,3.02,3.07,3.00,3.01,6800,2.6187
2010-06-29,3.05,3.08,2.99,3.04,10100,2.6448
2010-06-28,3.03,3.12,2.99,3.12,17600,2.7144
2010-06-25,3.00,3.05,2.99,3.05,14400,2.6535
2010-06-24,3.00,3.05,3.00,3.03,18400,2.6361
2010-06-23,3.05,3.08,2.99,3.01,15000,2.6187
2010-06-22,3.10,3.10,2.99,3.07,8600,2.6709
2010-06-21,3.14,3.14,3.01,3.13,10500,2.7231
2010-06-18,3.09,3.15,3.05,3.15,8600,2.7405
2010-06-17,3.09,3.13,3.05,3.09,7300,2.6883
2010-06-16,3.11,3.15,3.07,3.11,11000,2.7057
2010-06-15,3.06,3.0908,3.02,3.09,4700,2.6883
2010-06-14,3.04,3.13,3.02,3.10,9700,2.697
2010-06-11,3.05,3.13,3.05,3.08,11700,2.6796
2010-06-10,3.17,3.21,3.04,3.09,15300,2.6883
2010-06-09,3.09,3.14,2.95,3.14,55700,2.7318
2010-06-08,3.08,3.12,3.05,3.09,17400,2.6883
2010-06-07,3.13,3.14,3.05,3.05,24300,2.6535
2010-06-04,3.12,3.20,3.12,3.12,2400,2.7144
2010-06-03,3.16,3.22,3.15,3.22,9300,2.8014
2010-06-02,3.17,3.21,3.13,3.16,38200,2.7492
2010-06-01,3.14,3.16,3.12,3.14,5700,2.7318
2010-05-28,3.14,3.22,3.07,3.13,60700,2.7231
2010-05-27,3.17,3.19,3.14,3.17,2800,2.7579
2010-05-26,3.15,3.2265,3.06,3.12,23500,2.7144
2010-05-25,3.22,3.251,3.10,3.14,16500,2.7318
2010-05-24,3.35,3.35,3.25,3.27,6800,2.8449
2010-05-21,3.30,3.39,3.21,3.35,28600,2.9145
2010-05-20,3.39,3.39,3.35,3.35,16400,2.9145
2010-05-19,3.46,3.4701,3.391,3.422,31500,2.9771
2010-05-18,3.45,3.50,3.40,3.49,28800,3.0363
2010-05-17,3.39,3.47,3.37,3.43,31100,2.9841
2010-05-14,3.46,3.46,3.36,3.37,31800,2.9319
2010-05-13,3.43,3.51,3.38,3.43,35700,2.9841
2010-05-12,3.43,3.495,3.41,3.41,47900,2.9667
2010-05-11,3.49,3.49,3.39,3.44,45400,2.9928
2010-05-10,3.42,3.61,3.42,3.56,121800,3.0972
2010-05-07,3.39,3.4955,3.34,3.37,37200,2.9319
2010-05-06,3.56,3.60,3.45,3.47,136000,3.0189
2010-05-05,3.28,3.64,3.2608,3.56,186600,3.0972
2010-05-04,3.12,3.26,3.07,3.25,128400,2.8275
2010-05-03,3.14,3.1801,2.97,3.08,102500,2.6796
2010-04-30,3.10,3.10,2.99,3.06,48800,2.6622
2010-04-29,3.09,3.10,3.00,3.07,31000,2.6709
2010-04-28,3.13,3.20,3.06,3.16,13500,2.7492
2010-04-27,3.17,3.209,3.124,3.15,13600,2.7405
2010-04-26,3.14,3.25,3.101,3.19,14900,2.7753
2010-04-23,3.15,3.17,3.05,3.16,21700,2.7492
2010-04-22,3.10,3.15,3.08,3.14,29600,2.7318
2010-04-21,3.13,3.14,3.08,3.14,11400,2.7318
2010-04-20,3.02,3.15,3.02,3.10,59300,2.697
2010-04-19,3.12,3.13,3.00,3.02,39800,2.6274
2010-04-16,3.12,3.12,3.05,3.07,8600,2.6709
2010-04-15,3.06,3.12,3.03,3.12,25600,2.7144
2010-04-14,2.98,3.04,2.98,3.04,31300,2.6448
2010-04-13,3.04,3.04,3.00,3.03,30200,2.6361
2010-04-12,3.10,3.10,2.99,3.06,94200,2.6622
2010-04-09,2.99,3.09,2.95,3.08,26500,2.6796
2010-04-08,3.06,3.06,2.96,3.03,43300,2.6361
2010-04-07,3.10,3.10,3.034,3.08,29000,2.6796
2010-04-06,3.10,3.10,3.05,3.06,16500,2.6622
2010-04-05,3.14,3.15,3.04,3.07,30700,2.6709
2010-04-01,3.09,3.15,3.04,3.15,60200,2.7405
2010-03-31,3.08,3.08,3.03,3.04,54100,2.6448
2010-03-30,3.17,3.17,3.02,3.05,5100,2.6535
2010-03-29,2.97,3.125,2.97,3.1123,42800,2.7077
2010-03-26,3.04,3.0598,2.95,2.99,126600,2.6013
2010-03-25,3.03,3.05,3.00,3.00,27500,2.61
2010-03-24,3.09,3.165,3.05,3.05,39900,2.6535
2010-03-23,3.11,3.14,3.09,3.09,16900,2.6883
2010-03-22,3.15,3.19,3.10,3.12,34300,2.7144
2010-03-19,3.04,3.13,2.98,3.13,206500,2.7231
2010-03-18,3.30,3.32,3.0807,3.15,165100,2.7405
2010-03-17,3.25,3.42,2.98,3.20,748400,2.784
2010-03-16,4.46,4.62,4.42,4.62,30100,4.0193
2010-03-15,4.53,4.605,4.42,4.49,18900,3.9062
2010-03-12,4.61,4.64,4.39,4.56,40300,3.9671
2010-03-11,4.64,4.70,4.61,4.63,8200,4.028
2010-03-10,4.72,4.76,4.47,4.65,53100,4.0454
2010-03-09,4.85,4.85,4.69,4.72,21600,4.1063
2010-03-08,4.78,4.88,4.736,4.85,34800,4.2194
2010-03-05,4.63,4.85,4.535,4.82,36000,4.1933
2010-03-04,4.80,4.8393,4.61,4.65,24100,4.0454
2010-03-03,5.09,5.09,4.75,4.8201,127100,4.1934
2010-03-02,4.66,5.14,4.64,5.09,147600,4.4282
2010-03-01,4.53,4.69,4.49,4.64,32400,4.0367
2010-02-26,4.49,4.57,4.40,4.50,7900,3.9149
2010-02-25,4.50,4.52,4.3099,4.5001,43000,3.915
2010-02-24,4.53,4.63,4.52,4.57,11600,3.9758
2010-02-23,4.68,4.7399,4.52,4.60,67900,4.0019
2010-02-22,4.61,4.7285,4.52,4.64,43600,4.0367
2010-02-19,4.68,4.69,4.58,4.67,28800,4.0628
2010-02-18,4.75,4.75,4.61,4.69,39700,4.0802
2010-02-17,4.76,4.77,4.55,4.72,82100,4.1063
2010-02-16,4.61,4.77,4.3764,4.75,167800,4.1324
2010-02-12,4.28,4.56,4.28,4.48,47800,3.8975
2010-02-11,4.34,4.4893,4.30,4.34,40200,3.7757
2010-02-10,4.13,4.46,4.12,4.36,103400,3.7931
2010-02-09,4.51,4.54,4.32,4.45,56800,3.8714
2010-02-08,4.455,4.49,4.37,4.40,75600,3.8279
2010-02-05,4.54,4.63,4.22,4.39,145300,3.8192
2010-02-04,4.54,4.83,4.42,4.53,77200,3.941
2010-02-03,4.96,5.09,4.83,4.83,96800,4.202
2010-02-02,4.46,5.00,4.42,4.86,146100,4.2281
2010-02-01,4.44,4.69,4.32,4.54,65900,3.9497
2010-01-29,3.74,4.65,3.72,4.34,229600,3.7757
2010-01-28,3.42,3.63,3.16,3.63,28700,3.1581
2010-01-27,3.41,3.52,3.34,3.52,11000,3.0624
2010-01-26,3.15,3.51,3.14,3.44,45300,2.9928
2010-01-25,3.52,3.65,3.30,3.37,42600,2.9319
2010-01-22,3.62,3.75,3.56,3.60,12900,3.132
2010-01-21,3.68,3.73,3.5625,3.73,11800,3.2451
2010-01-20,3.56,3.70,3.50,3.66,17700,3.1842
2010-01-19,3.51,3.68,3.50,3.52,22400,3.0624
2010-01-15,3.67,3.68,3.65,3.66,5900,3.1842
2010-01-14,3.66,3.70,3.64,3.68,6800,3.2016
2010-01-13,3.66,3.67,3.6599,3.67,9200,3.1929
2010-01-12,3.65,3.69,3.64,3.67,4100,3.1929
2010-01-11,3.72,3.75,3.64,3.70,13200,3.219
2010-01-08,3.46,3.85,3.46,3.77,7600,3.2799
2010-01-07,3.77,3.81,3.75,3.79,5300,3.2973
2010-01-06,3.75,3.84,3.75,3.81,21400,3.3147
2010-01-05,3.76,3.79,3.75,3.79,37800,3.2973
2010-01-04,3.76,3.78,3.75,3.774,82900,3.2833
2009-12-31,3.78,3.78,3.73,3.75,8500,3.2625
2009-12-30,3.75,3.76,3.7101,3.76,9500,3.2712
2009-12-29,3.69,3.75,3.66,3.74,4500,3.2538
2009-12-28,3.69,3.75,3.49,3.71,54600,3.2277
2009-12-24,3.62,3.70,3.59,3.68,22000,3.2016
2009-12-23,3.54,3.61,3.49,3.59,48700,3.1233
2009-12-22,3.44,3.54,3.4399,3.49,48600,3.0363
2009-12-21,3.30,3.43,3.30,3.43,17000,2.9841
2009-12-18,3.35,3.43,3.35,3.38,25800,2.9406
2009-12-17,3.29,3.43,2.86,3.42,33900,2.9754
2009-12-16,3.38,3.43,3.38,3.41,3500,2.9667
2009-12-15,3.46,3.46,3.32,3.43,1700,2.9841
2009-12-14,3.46,3.50,3.23,3.48,38300,3.0276
2009-12-11,3.40,3.45,3.38,3.415,32300,2.971
2009-12-10,3.40,3.43,3.34,3.43,15500,2.9841
2009-12-09,3.44,3.44,3.43,3.43,100,2.9841
2009-12-08,3.45,3.51,3.40,3.50,31200,3.045
2009-12-07,3.445,3.50,3.3389,3.50,53300,3.045
2009-12-04,3.55,3.55,3.365,3.50,4300,3.045
2009-12-03,3.56,3.58,3.50,3.50,8600,3.045
2009-12-02,3.54,3.55,3.526,3.55,1300,3.0885
2009-12-01,3.49,3.53,3.44,3.53,10400,3.0711
2009-11-30,3.25,3.50,3.23,3.50,43500,3.045
2009-11-27,3.41,3.41,3.36,3.3901,2900,2.9493
2009-11-25,3.36,3.44,3.30,3.40,9800,2.958
2009-11-24,3.37,3.4399,3.31,3.40,34000,2.958
2009-11-23,3.31,3.40,3.27,3.37,27900,2.9319
2009-11-20,3.28,3.31,3.2001,3.28,2900,2.8536
2009-11-19,3.25,3.27,3.16,3.19,7400,2.7753
2009-11-18,3.33,3.35,3.22,3.22,4400,2.8014
2009-11-17,3.25,3.34,3.21,3.34,9600,2.9058
2009-11-16,3.25,3.29,3.25,3.25,5900,2.8275
2009-11-13,3.22,3.29,3.1801,3.20,10600,2.784
2009-11-12,3.24,3.30,3.14,3.16,26500,2.7492
2009-11-11,3.12,3.20,3.12,3.12,4600,2.7144
2009-11-10,3.17,3.20,3.10,3.15,14000,2.7405
2009-11-09,3.16,3.18,3.0833,3.16,8700,2.7492
2009-11-06,3.08,3.20,3.01,3.06,23500,2.6622
2009-11-05,2.99,3.0045,2.9899,3.0045,4500,2.6139
2009-11-04,2.96,3.00,2.90,2.95,10900,2.5665
2009-11-03,3.00,3.00,2.96,3.00,5600,2.61
2009-11-02,2.94,3.00,2.94,2.98,20600,2.5926
2009-10-30,3.05,3.08,2.91,2.97,42000,2.5839
2009-10-29,3.06,3.12,3.03,3.12,13900,2.7144
2009-10-28,3.06,3.18,3.05,3.18,7600,2.7666
2009-10-27,3.07,3.1265,3.06,3.10,20900,2.697
2009-10-26,3.16,3.20,3.13,3.19,16800,2.7753
2009-10-23,3.22,3.27,3.19,3.19,7500,2.7753
2009-10-22,3.25,3.27,3.20,3.27,7600,2.8449
2009-10-21,3.20,3.25,3.20,3.25,1800,2.8275
2009-10-20,3.26,3.2701,3.2301,3.24,2000,2.8188
2009-10-19,3.34,3.35,3.21,3.29,3700,2.8623
2009-10-16,3.29,3.33,3.2728,3.30,12400,2.871
2009-10-15,3.30,3.31,3.20,3.30,30000,2.871
2009-10-14,3.30,3.30,3.2601,3.29,6500,2.8623
2009-10-13,3.20,3.30,3.14,3.30,18500,2.871
2009-10-12,3.20,3.26,3.16,3.25,8500,2.8275
2009-10-09,3.16,3.21,3.16,3.21,1300,2.7927
2009-10-08,3.23,3.29,3.191,3.29,7000,2.8623
2009-10-07,3.07,3.29,3.07,3.27,7100,2.8449
2009-10-06,3.24,3.3199,3.07,3.15,11100,2.7405
2009-10-05,3.11,3.26,3.11,3.20,69700,2.784
2009-10-02,3.15,3.21,3.1435,3.15,8300,2.7405
2009-10-01,3.14,3.21,3.10,3.20,14500,2.784
2009-09-30,3.22,3.26,3.19,3.2301,7900,2.8101
2009-09-29,3.20,3.29,3.19,3.25,7500,2.8275
2009-09-28,3.29,3.34,3.20,3.20,14300,2.784
2009-09-25,3.35,3.36,3.31,3.35,18000,2.9145
2009-09-24,3.29,3.3725,3.29,3.35,31700,2.9145
2009-09-23,3.34,3.39,3.05,3.35,54200,2.9145
2009-09-22,3.33,3.40,3.33,3.38,3800,2.9406
2009-09-21,3.40,3.40,3.25,3.26,10700,2.8362
2009-09-18,3.51,3.51,3.29,3.40,87500,2.958
2009-09-17,3.40,3.58,3.36,3.52,25600,3.0624
2009-09-16,3.49,3.59,3.49,3.50,46000,3.045
2009-09-15,3.37,3.46,3.28,3.44,23500,2.9928
2009-09-14,3.40,3.40,3.2337,3.39,25900,2.9493
2009-09-11,3.37,3.45,3.32,3.45,22500,3.0015
2009-09-10,3.43,3.44,3.23,3.37,29500,2.9319
2009-09-09,3.35,3.40,3.25,3.40,36700,2.958
2009-09-08,3.30,3.35,3.2999,3.35,15700,2.9145
2009-09-04,3.18,3.26,3.18,3.26,19100,2.8362
2009-09-03,3.1317,3.22,3.113,3.20,14700,2.784
2009-09-02,3.10,3.21,2.97,3.20,59200,2.784
2009-09-01,3.12,3.22,3.04,3.10,20400,2.697
2009-08-31,3.01,3.25,3.00,3.25,29000,2.8275
2009-08-28,3.05,3.12,3.01,3.01,18900,2.6187
2009-08-27,3.17,3.17,3.07,3.07,31400,2.6709
2009-08-26,3.20,3.326,3.20,3.25,10600,2.8275
2009-08-25,3.28,3.34,3.21,3.30,9100,2.871
2009-08-24,3.16,3.28,3.12,3.21,16100,2.7927
2009-08-21,3.15,3.25,3.09,3.20,72000,2.784
2009-08-20,3.20,3.30,3.1225,3.1368,88000,2.729
2009-08-19,3.05,3.10,3.02,3.09,30700,2.6883
2009-08-18,2.94,3.09,2.93,3.09,25400,2.6883
2009-08-17,2.76,3.11,2.62,2.95,71300,2.5665
2009-08-14,2.715,2.89,2.715,2.88,23600,2.5056
2009-08-13,2.73,2.93,2.73,2.89,24600,2.5143
2009-08-12,2.60,2.75,2.5999,2.75,30300,2.3925
2009-08-11,2.59,2.69,2.25,2.69,40200,2.3403
2009-08-10,2.63,2.73,2.6135,2.62,15700,2.2794
2009-08-07,2.69,2.77,2.60,2.6101,94800,2.2708
2009-08-06,2.65,2.65,2.45,2.60,19300,2.262
2009-08-05,2.49,2.60,2.4899,2.60,10500,2.262
2009-08-04,2.4896,2.5501,2.4896,2.52,6500,2.1924
2009-08-03,2.55,2.57,2.53,2.54,8600,2.2098
2009-07-31,2.59,2.66,2.50,2.62,24600,2.2794
2009-07-30,2.63,2.65,2.59,2.59,9000,2.2533
2009-07-29,2.61,2.65,2.49,2.5326,19200,2.2033
2009-07-28,2.47,2.75,2.44,2.54,42500,2.2098
2009-07-27,2.38,2.52,2.38,2.51,26500,2.1837
2009-07-24,2.35,2.3784,2.25,2.3784,1900,2.0692
2009-07-23,2.35,2.45,2.349,2.40,29600,2.088
2009-07-22,2.26,2.49,2.26,2.34,37500,2.0358
2009-07-21,2.25,2.31,2.222,2.31,8900,2.0097
2009-07-20,2.14,2.25,2.1368,2.25,18100,1.9575
2009-07-17,2.20,2.24,2.19,2.20,5200,1.914
2009-07-16,2.12,2.20,2.12,2.20,6800,1.914
2009-07-15,2.15,2.151,2.12,2.15,10000,1.8705
2009-07-14,2.07,2.12,2.06,2.11,5300,1.8357
2009-07-13,2.15,2.19,2.0996,2.16,4400,1.8792
2009-07-10,2.1199,2.14,2.1134,2.1134,800,1.8386
2009-07-09,2.07,2.1604,2.07,2.13,8500,1.8531
2009-07-08,2.07,2.1101,2.05,2.09,12100,1.8183
2009-07-07,2.02,2.05,2.00,2.05,6700,1.7835
2009-07-06,2.10,2.10,2.04,2.05,11400,1.7835
2009-07-02,2.0006,2.15,2.0006,2.09,10800,1.8183
2009-07-01,2.19,2.19,2.09,2.14,3600,1.8618
2009-06-30,1.98,2.15,1.98,2.15,42600,1.8705
2009-06-29,2.02,2.03,2.00,2.02,23100,1.7574
2009-06-26,1.99,2.07,1.92,2.06,63700,1.7922
2009-06-25,1.87,2.07,1.8601,2.02,67600,1.7574
2009-06-24,1.95,2.03,1.85,1.85,76800,1.6095
2009-06-23,1.98,2.02,1.95,1.99,119100,1.7313
2009-06-22,2.06,2.07,1.96,1.96,85800,1.7052
2009-06-19,2.02,2.1399,2.02,2.04,36600,1.7748
2009-06-18,2.05,2.133,2.04,2.04,30000,1.7748
2009-06-17,2.00,2.12,1.92,2.06,55100,1.7922
2009-06-16,2.07,2.15,2.00,2.0401,87100,1.7749
2009-06-15,2.06,2.09,2.05,2.07,94100,1.8009
2009-06-12,2.0896,2.10,2.07,2.07,27000,1.8009
2009-06-11,2.115,2.12,2.07,2.10,20100,1.827
2009-06-10,2.10,2.13,2.09,2.09,89400,1.8183
2009-06-09,2.10,2.14,2.08,2.14,52300,1.8618
2009-06-08,2.0801,2.10,2.06,2.09,12200,1.8183
2009-06-05,2.085,2.09,2.08,2.08,13700,1.8096
2009-06-04,2.08,2.09,2.08,2.09,23700,1.8183
2009-06-03,2.08,2.09,2.08,2.09,23700,1.8183
2009-06-02,2.08,2.09,2.07,2.08,37900,1.8096
2009-06-01,2.09,2.10,2.08,2.10,38600,1.827
2009-05-29,2.10,2.12,2.09,2.09,27600,1.8183
2009-05-28,2.09,2.10,2.09,2.09,15500,1.8183
2009-05-27,2.1201,2.13,2.08,2.10,19800,1.827
2009-05-26,2.08,2.14,2.08,2.1201,21300,1.8445
2009-05-22,2.1087,2.11,2.09,2.10,12400,1.827
2009-05-21,2.10,2.1001,2.09,2.10,10900,1.827
2009-05-20,2.10,2.12,2.10,2.12,24200,1.8444
2009-05-19,2.17,2.17,2.09,2.10,17000,1.827
2009-05-18,2.05,2.15,2.05,2.13,107700,1.8531
2009-05-15,1.95,1.95,1.88,1.90,9500,1.653
2009-05-14,1.94,1.94,1.75,1.89,17000,1.6443
2009-05-13,2.03,2.03,1.97,2.00,5800,1.74
2009-05-12,2.00,2.02,1.97,2.02,11400,1.7574
2009-05-11,1.85,2.04,1.85,1.97,17700,1.7139
2009-05-08,1.871,1.90,1.85,1.89,14400,1.6443
2009-05-07,1.79,1.90,1.75,1.90,34000,1.653
2009-05-06,1.89,1.89,1.80,1.83,40000,1.5921
2009-05-05,1.85,1.8725,1.82,1.86,16100,1.6182
2009-05-04,2.03,2.05,1.84,1.88,57300,1.6356
2009-05-01,2.07,2.07,1.95,1.98,36900,1.7226
2009-04-30,1.9801,2.03,1.97,2.00,45000,1.74
2009-04-29,2.01,2.02,1.95,1.95,18800,1.6965
2009-04-28,2.0383,2.0601,2.01,2.03,14700,1.7661
2009-04-27,1.99,2.07,1.99,2.06,16800,1.7922
2009-04-24,2.00,2.00,1.9501,1.99,11100,1.7313
2009-04-23,1.83,1.94,1.804,1.92,57100,1.6704
2009-04-22,1.78,1.84,1.78,1.82,52600,1.5834
2009-04-21,1.75,1.82,1.75,1.81,45600,1.5747
2009-04-20,1.75,1.77,1.75,1.75,8800,1.5225
2009-04-17,1.67,1.7876,1.67,1.73,17500,1.5051
2009-04-16,1.69,1.79,1.69,1.71,26300,1.4877
2009-04-15,1.76,1.78,1.69,1.69,22400,1.4703
2009-04-14,1.7798,1.79,1.75,1.76,47900,1.5312
2009-04-13,1.80,1.80,1.77,1.78,29600,1.5486
2009-04-09,1.79,1.80,1.75,1.78,82500,1.5486
2009-04-08,1.83,1.85,1.77,1.80,31900,1.566
2009-04-07,1.79,1.89,1.77,1.845,54400,1.6051
2009-04-06,1.80,1.85,1.78,1.83,12300,1.5921
2009-04-03,1.87,1.87,1.82,1.85,50200,1.6095
2009-04-02,1.85,1.85,1.80,1.82,36000,1.5834
2009-04-01,1.80,1.86,1.78,1.86,41000,1.6182
2009-03-31,1.66,1.79,1.66,1.78,152700,1.5486
2009-03-30,1.74,1.79,1.59,1.61,197700,1.4007
2009-03-27,1.78,1.78,1.75,1.78,47200,1.5486
2009-03-26,1.71,1.82,1.64,1.82,1081800,1.5834
2009-03-25,1.74,1.74,1.69,1.73,14800,1.5051
2009-03-24,1.70,1.73,1.625,1.69,101500,1.4703
2009-03-23,1.74,1.74,1.62,1.65,7300,1.4355
2009-03-20,1.73,1.76,1.67,1.74,56300,1.5138
2009-03-19,1.61,1.68,1.60,1.67,18600,1.4529
2009-03-18,1.68,1.71,1.49,1.67,53000,1.4529
2009-03-17,1.66,1.68,1.60,1.68,14700,1.4616
2009-03-16,1.61,1.67,1.61,1.62,62600,1.4094
2009-03-13,1.71,1.71,1.59,1.59,61700,1.3833
2009-03-12,1.73,1.73,1.68,1.71,25200,1.4877
2009-03-11,1.74,1.74,1.68,1.72,18300,1.4964
2009-03-10,1.80,1.80,1.67,1.72,32400,1.4964
2009-03-09,1.62,1.74,1.62,1.71,34200,1.4877
2009-03-06,1.67,1.69,1.62,1.65,101800,1.4355
2009-03-05,1.6506,1.71,1.62,1.65,74700,1.4355
2009-03-04,1.67,1.69,1.65,1.65,49200,1.4355
2009-03-03,1.67,1.71,1.65,1.66,73000,1.4442
2009-03-02,1.67,1.68,1.64,1.66,66400,1.4442
2009-02-27,1.74,1.85,1.65,1.69,53600,1.4703
2009-02-26,1.63,1.79,1.63,1.72,143500,1.4964
2009-02-25,1.5998,1.66,1.5998,1.65,31300,1.4355
2009-02-24,1.59,1.64,1.58,1.63,55500,1.4181
2009-02-23,1.65,1.67,1.60,1.63,19400,1.4181
2009-02-20,1.63,1.67,1.56,1.61,41500,1.4007
2009-02-19,1.75,1.75,1.60,1.65,18300,1.4355
2009-02-18,1.58,1.62,1.50,1.60,532700,1.392
2009-02-17,1.6301,1.68,1.51,1.61,29200,1.4007
2009-02-13,1.68,1.73,1.62,1.66,51600,1.4442
2009-02-12,1.61,1.72,1.61,1.63,71500,1.4181
2009-02-11,1.62,1.62,1.55,1.59,35700,1.3833
2009-02-10,1.5712,1.60,1.53,1.56,437300,1.3572
2009-02-09,1.57,1.62,1.53,1.56,24400,1.3572
2009-02-06,1.5301,1.59,1.5301,1.58,19100,1.3746
2009-02-05,1.5501,1.59,1.51,1.58,55700,1.3746
2009-02-04,1.57,1.59,1.55,1.59,24700,1.3833
2009-02-03,1.54,1.59,1.54,1.59,12500,1.3833
2009-02-02,1.60,1.60,1.5501,1.58,15100,1.3746
2009-01-30,1.60,1.60,1.55,1.59,28800,1.3833
2009-01-29,1.50,1.53,1.47,1.51,24800,1.3137
2009-01-28,1.48,1.60,1.48,1.59,89500,1.3833
2009-01-27,1.45,1.51,1.45,1.51,33300,1.3137
2009-01-26,1.47,1.48,1.42,1.45,6800,1.2615
2009-01-23,1.48,1.49,1.42,1.44,39200,1.2528
2009-01-22,1.49,1.50,1.45,1.49,5500,1.2963
2009-01-21,1.50,1.50,1.46,1.4952,4300,1.3008
2009-01-20,1.57,1.80,1.3901,1.42,165700,1.2354
2009-01-16,1.37,1.43,1.36,1.41,63400,1.2267
2009-01-15,1.35,1.47,1.33,1.36,57200,1.1832
2009-01-14,1.40,1.40,1.35,1.38,30700,1.2006
2009-01-13,1.41,1.50,1.41,1.41,41500,1.2267
2009-01-12,1.46,1.54,1.43,1.43,69500,1.2441
2009-01-09,1.61,1.64,1.47,1.51,40500,1.3137
2009-01-08,1.46,1.61,1.46,1.58,56600,1.3746
2009-01-07,1.59,1.60,1.53,1.56,28300,1.3572
2009-01-06,1.39,1.57,1.3808,1.56,101000,1.3572
2009-01-05,1.31,1.39,1.31,1.36,33500,1.1832
2009-01-02,1.34,1.40,1.30,1.315,19500,1.144
2008-12-31,1.3216,1.34,1.27,1.32,72900,1.1484
2008-12-30,1.36,1.39,1.31,1.36,52000,1.1832
2008-12-29,1.36,1.47,1.36,1.36,21900,1.1832
2008-12-26,1.3751,1.42,1.34,1.39,11200,1.2093
2008-12-24,1.36,1.36,1.32,1.33,8400,1.1571
2008-12-23,1.34,1.38,1.32,1.33,20000,1.1571
2008-12-22,1.41,1.41,1.31,1.37,12300,1.1919
2008-12-19,1.50,1.50,1.40,1.41,52400,1.2267
2008-12-18,1.60,1.60,1.534,1.55,7000,1.3485
2008-12-17,1.57,1.67,1.57,1.62,19900,1.4094
2008-12-16,1.60,1.72,1.56,1.625,26100,1.4137
2008-12-15,1.65,1.6699,1.61,1.61,54300,1.4007
2008-12-12,1.71,1.73,1.60,1.70,9100,1.479
2008-12-11,1.91,1.91,1.74,1.74,56400,1.5138
2008-12-10,1.42,1.97,1.42,1.92,155600,1.6704
2008-12-09,1.50,1.50,1.45,1.47,22100,1.2789
2008-12-08,1.37,1.54,1.37,1.48,82900,1.2876
2008-12-05,1.29,1.40,1.29,1.40,334600,1.218
2008-12-04,1.28,1.33,1.27,1.30,69300,1.131
2008-12-03,1.29,1.35,1.25,1.35,527400,1.1745
2008-12-02,1.36,1.38,1.34,1.34,392300,1.1658
2008-12-01,1.3888,1.43,1.36,1.36,69800,1.1832
2008-11-28,1.40,1.45,1.39,1.39,33600,1.2093
2008-11-26,1.24,1.44,1.21,1.38,80000,1.2006
2008-11-25,1.18,1.24,1.17,1.22,20800,1.0614
2008-11-24,1.17,1.24,1.15,1.23,134800,1.0701
2008-11-21,1.25,1.25,1.15,1.15,36000,1.0005
2008-11-20,1.20,1.26,1.16,1.18,86100,1.0266
2008-11-19,1.42,1.42,1.22,1.22,86000,1.0614
2008-11-18,1.30,1.50,1.24,1.38,109600,1.2006
2008-11-17,1.26,1.39,1.20,1.35,118900,1.1745
2008-11-14,1.40,1.40,1.25,1.31,23100,1.1397
2008-11-13,1.45,1.45,1.25,1.34,64100,1.1658
2008-11-12,1.4999,1.52,1.32,1.34,523400,1.1658
2008-11-11,1.59,1.62,1.48,1.53,81600,1.3311
2008-11-10,1.54,1.55,1.45,1.55,33100,1.3485
2008-11-07,1.4027,1.50,1.40,1.48,36600,1.2876
2008-11-06,1.52,1.52,1.37,1.37,12800,1.1919
2008-11-05,1.52,1.552,1.39,1.48,18200,1.2876
2008-11-04,1.68,1.68,1.49,1.49,762000,1.2963
2008-11-03,1.51,1.67,1.45,1.66,68200,1.4442
2008-10-31,1.45,1.51,1.45,1.50,9600,1.305
2008-10-30,1.50,1.50,1.49,1.50,14600,1.305
2008-10-29,1.47,1.51,1.45,1.50,37100,1.305
2008-10-28,1.51,1.53,1.42,1.50,23800,1.305
2008-10-27,1.45,1.51,1.40,1.51,20700,1.3137
2008-10-24,1.48,1.48,1.42,1.48,12600,1.2876
2008-10-23,1.44,1.46,1.37,1.45,218600,1.2615
2008-10-22,1.54,1.54,1.41,1.41,23500,1.2267
2008-10-21,1.49,1.54,1.46,1.51,75500,1.3137
2008-10-20,1.3584,1.49,1.3501,1.49,75900,1.2963
2008-10-17,1.30,1.38,1.28,1.34,107700,1.1658
2008-10-16,1.17,1.38,1.15,1.28,35800,1.1136
2008-10-15,1.20,1.30,1.13,1.14,672700,0.9918
2008-10-14,1.4499,1.50,1.216,1.25,152000,1.0875
2008-10-13,1.56,1.59,1.40,1.59,124800,1.3833
2008-10-10,1.24,1.45,1.09,1.45,154200,1.2615
2008-10-09,1.36,1.50,1.25,1.26,90600,1.0962
2008-10-08,1.36,1.54,1.36,1.38,72500,1.2006
2008-10-07,1.60,1.79,1.43,1.43,166500,1.2441
2008-10-06,1.80,1.84,1.64,1.84,99600,1.6008
2008-10-03,2.00,2.068,1.82,2.068,50700,1.7991
2008-10-02,2.00,2.02,1.84,1.95,79900,1.6965
2008-10-01,2.34,2.398,2.05,2.05,193900,1.7835
2008-09-30,2.76,2.76,2.25,2.41,40200,2.0967
2008-09-29,2.22,2.99,2.0601,2.68,105900,2.3316
2008-09-26,2.10,2.13,2.10,2.10,21300,1.827
2008-09-25,2.05,2.31,2.05,2.10,119800,1.827
2008-09-24,2.19,2.375,1.99,2.07,30800,1.8009
2008-09-23,2.37,2.48,2.13,2.13,80100,1.8531
2008-09-22,2.82,2.82,2.31,2.47,45500,2.1489
2008-09-19,2.31,2.82,2.31,2.75,43600,2.3925
2008-09-18,2.40,2.57,2.31,2.31,36400,2.0097
2008-09-17,2.54,2.58,2.41,2.41,42700,2.0967
2008-09-16,2.56,2.61,2.51,2.55,16900,2.2185
2008-09-15,2.6832,2.71,2.65,2.67,7700,2.3229
2008-09-12,2.60,2.70,2.59,2.64,42700,2.2968
2008-09-11,2.61,2.65,2.55,2.58,23100,2.2446
2008-09-10,2.67,2.77,2.56,2.62,55000,2.2794
2008-09-09,2.55,2.76,2.55,2.65,22000,2.3055
2008-09-08,2.56,2.66,2.50,2.56,53500,2.2272
2008-09-05,2.68,2.82,2.55,2.56,128300,2.2272
2008-09-04,2.82,2.82,2.65,2.70,43800,2.349
2008-09-03,2.80,2.90,2.77,2.77,48200,2.4099
2008-09-02,2.78,2.85,2.75,2.82,31300,2.4534
2008-08-29,2.71,2.93,2.71,2.78,15300,2.4186
2008-08-28,2.80,2.82,2.72,2.81,35500,2.4447
2008-08-27,2.84,2.85,2.70,2.76,31400,2.4012
2008-08-26,2.85,2.88,2.78,2.80,16500,2.436
2008-08-25,2.93,2.95,2.83,2.87,52000,2.4969
2008-08-22,2.92,2.92,2.84,2.90,52500,2.523
2008-08-21,2.79,2.95,2.73,2.88,206300,2.5056
2008-08-20,2.846,2.95,2.77,2.85,111900,2.4795
2008-08-19,2.85,2.90,2.81,2.84,42000,2.4708
2008-08-18,2.99,3.00,2.86,2.89,91100,2.5143
2008-08-15,3.00,3.00,2.95,2.95,54700,2.5665
2008-08-14,3.00,3.00,2.95,2.97,21000,2.5839
2008-08-13,2.95,3.00,2.87,2.97,126600,2.5839
2008-08-12,2.89,2.93,2.89,2.91,65700,2.5317
2008-08-11,2.95,3.03,2.88,2.97,143900,2.5839
2008-08-08,2.91,3.02,2.79,2.99,42000,2.6013
2008-08-07,3.00,3.05,2.90,2.95,413300,2.5665
2008-08-06,2.95,3.03,2.95,3.00,68600,2.61
2008-08-05,3.23,3.28,2.93,2.95,145800,2.5665
2008-08-04,2.94,3.89,2.91,3.01,180100,2.6187
2008-08-01,2.93,2.98,2.71,2.91,92800,2.5317
2008-07-31,2.90,3.19,2.60,2.97,235000,2.5839
2008-07-30,3.447,3.45,3.21,3.32,53000,2.8884
2008-07-29,3.3899,3.45,3.33,3.45,19700,3.0015
2008-07-28,3.55,3.58,3.37,3.49,44600,3.0363
2008-07-25,3.45,3.56,3.30,3.54,28800,3.0798
2008-07-24,3.53,3.53,3.48,3.48,37100,3.0276
2008-07-23,3.55,3.55,3.50,3.50,16400,3.045
2008-07-22,3.56,3.57,3.50,3.56,18400,3.0972
2008-07-21,3.61,3.65,3.55,3.57,10200,3.1059
2008-07-18,3.52,3.63,3.49,3.61,25500,3.1407
2008-07-17,3.64,3.65,3.56,3.56,17600,3.0972
2008-07-16,3.56,3.64,3.34,3.58,27600,3.1146
2008-07-15,3.60,3.65,3.38,3.60,109000,3.132
2008-07-14,3.65,3.67,3.60,3.64,54100,3.1668
2008-07-11,3.66,3.85,3.54,3.61,57100,3.1407
2008-07-10,3.61,3.63,3.50,3.53,69500,3.0711
2008-07-09,3.46,3.65,3.46,3.54,84200,3.0798
2008-07-08,3.43,3.65,3.40,3.42,53200,2.9754
2008-07-07,3.46,3.60,3.37,3.45,57100,3.0015
2008-07-03,3.40,3.46,3.35,3.38,16500,2.9406
2008-07-02,3.52,3.54,3.29,3.32,36300,2.8884
2008-07-01,3.75,3.82,3.54,3.54,60200,3.0798
2008-06-30,3.87,3.87,3.68,3.82,41900,3.3234
2008-06-27,3.76,3.88,3.71,3.87,146200,3.3669
2008-06-26,3.76,3.82,3.76,3.80,45200,3.306
2008-06-25,3.79,3.80,3.74,3.75,25400,3.2625
2008-06-24,3.87,3.88,3.75,3.82,80200,3.3234
2008-06-23,3.85,3.88,3.78,3.86,62200,3.3582
2008-06-20,3.83,3.87,3.74,3.85,28800,3.3495
2008-06-19,3.82,3.88,3.79,3.86,41500,3.3582
2008-06-18,3.82,3.83,3.71,3.79,72800,3.2973
2008-06-17,3.73,3.82,3.69,3.79,88200,3.2973
2008-06-16,3.55,3.72,3.55,3.71,70700,3.2277
2008-06-13,3.52,3.55,3.47,3.55,51400,3.0885
2008-06-12,3.67,3.75,3.52,3.52,115200,3.0624
2008-06-11,3.70,3.74,3.65,3.69,35600,3.2103
2008-06-10,3.62,3.71,3.62,3.67,23200,3.1929
2008-06-09,3.77,3.79,3.68,3.75,51600,3.2625
2008-06-06,3.74,3.85,3.676,3.815,49800,3.319
2008-06-05,3.65,3.77,3.55,3.75,70400,3.2625
2008-06-04,3.64,3.65,3.52,3.63,40000,3.1581
2008-06-03,3.65,3.69,3.60,3.68,53200,3.2016
2008-06-02,3.51,3.70,3.51,3.67,150200,3.1929
2008-05-30,3.55,3.70,3.40,3.63,129800,3.1581
2008-05-29,3.53,3.60,3.50,3.57,138300,3.1059
2008-05-28,3.40,3.53,3.36,3.53,74300,3.0711
2008-05-27,3.12,3.45,3.12,3.39,90800,2.9493
2008-05-23,3.13,3.13,3.08,3.13,43400,2.7231
2008-05-22,3.12,3.17,3.01,3.16,73100,2.7492
2008-05-21,3.24,3.28,3.12,3.17,40200,2.7579
2008-05-20,3.19,3.25,3.15,3.23,87800,2.8101
2008-05-19,3.16,3.27,3.14,3.18,57300,2.7666
2008-05-16,2.93,3.252,2.90,3.13,50100,2.7231
2008-05-15,2.87,2.956,2.78,2.89,141600,2.5143
2008-05-14,3.18,3.18,2.87,2.88,219500,2.5056
2008-05-13,3.10,3.18,3.08,3.18,74200,2.7666
2008-05-12,3.11,3.14,3.04,3.11,56400,2.7057
2008-05-09,3.26,3.35,3.12,3.13,63600,2.7231
2008-05-08,3.38,3.38,3.21,3.25,43600,2.8275
2008-05-07,3.46,3.46,3.30,3.31,75300,2.8797
2008-05-06,3.49,3.49,3.36,3.39,112100,2.9493
2008-05-05,3.38,3.60,3.38,3.53,169300,3.0711
2008-05-02,3.24,3.32,3.24,3.32,82200,2.8884
2008-05-01,3.55,3.55,3.02,3.21,217900,2.7927
2008-04-30,3.245,3.33,3.11,3.22,117400,2.8014
2008-04-29,3.31,3.34,3.16,3.22,53300,2.8014
2008-04-28,3.36,3.39,3.29,3.34,34400,2.9058
2008-04-25,3.34,3.38,3.26,3.35,35500,2.9145
2008-04-24,3.44,3.44,3.35,3.35,29600,2.9145
2008-04-23,3.42,3.42,3.33,3.40,33000,2.958
2008-04-22,3.41,3.48,3.35,3.40,46700,2.958
2008-04-21,3.48,3.50,3.36,3.45,56900,3.0015
2008-04-18,3.50,3.50,3.29,3.46,33700,3.0102
2008-04-17,3.35,3.51,3.28,3.39,48400,2.9493
2008-04-16,3.33,3.44,3.31,3.35,28800,2.9145
2008-04-15,3.32,3.35,3.19,3.32,49100,2.8884
2008-04-14,3.35,3.38,3.31,3.35,23400,2.9145
2008-04-11,3.42,3.46,3.38,3.46,38500,3.0102
2008-04-10,3.47,3.49,3.24,3.42,35500,2.9754
2008-04-09,3.52,3.55,3.41,3.46,71600,3.0102
2008-04-08,3.49,3.50,3.42,3.48,21900,3.0276
2008-04-07,3.33,3.54,3.30,3.51,79900,3.0537
2008-04-04,3.28,3.34,3.25,3.28,156900,2.8536
2008-04-03,3.15,3.29,3.15,3.29,43600,2.8623
2008-04-02,3.30,3.31,3.19,3.29,36300,2.8623
2008-04-01,3.38,3.38,3.18,3.28,83700,2.8536
2008-03-31,3.28,3.34,3.25,3.34,28100,2.9058
2008-03-28,3.31,3.34,3.21,3.30,61700,2.871
2008-03-27,3.27,3.45,3.27,3.45,36500,3.0015
2008-03-26,3.25,3.37,3.24,3.32,69000,2.8884
2008-03-25,3.18,3.39,3.18,3.27,30000,2.8449
2008-03-24,3.0101,3.25,3.00,3.22,43600,2.8014
2008-03-20,3.22,3.22,3.10,3.12,31800,2.7144
2008-03-19,3.40,3.45,3.05,3.25,61200,2.8275
2008-03-18,3.00,3.35,3.00,3.34,65600,2.9058
2008-03-17,3.15,3.16,3.02,3.06,106100,2.6622
2008-03-14,3.30,3.30,3.16,3.17,71200,2.7579
2008-03-13,3.33,3.35,3.20,3.24,80900,2.8188
2008-03-12,3.29,3.45,3.29,3.39,52000,2.9493
2008-03-11,3.29,3.59,3.16,3.25,46900,2.8275
2008-03-10,3.16,3.30,3.16,3.20,47200,2.784
2008-03-07,3.20,3.27,3.07,3.17,108300,2.7579
2008-03-06,3.32,3.321,3.26,3.321,34500,2.8892
2008-03-05,3.52,3.52,3.31,3.33,53900,2.8971
2008-03-04,3.57,3.61,3.45,3.47,42900,3.0189
2008-03-03,3.54,3.62,3.52,3.57,75800,3.1059
2008-02-29,3.68,3.68,3.49,3.52,51300,3.0624
2008-02-28,3.80,3.81,3.58,3.68,95100,3.2016
2008-02-27,3.68,3.97,3.68,3.81,177600,3.3147
2008-02-26,3.69,3.83,3.56,3.68,171900,3.2016
2008-02-25,3.49,3.76,3.44,3.66,252300,3.1842
2008-02-22,3.24,3.58,3.20,3.44,120400,2.9928
2008-02-21,3.24,3.32,3.22,3.27,52700,2.8449
2008-02-20,3.20,3.27,3.20,3.27,128700,2.8449
2008-02-19,3.58,3.58,3.09,3.19,122400,2.7753
2008-02-15,3.70,3.79,3.58,3.62,25800,3.1494
2008-02-14,3.89,3.89,3.70,3.71,63400,3.2277
2008-02-13,3.87,3.95,3.86,3.91,110600,3.4017
2008-02-12,3.79,4.09,3.50,3.77,150200,3.2799
2008-02-11,3.76,4.08,3.68,3.79,141800,3.2973
2008-02-08,3.62,3.73,3.61,3.72,70600,3.2364
2008-02-07,3.82,3.89,3.52,3.60,62600,3.132
2008-02-06,3.95,4.08,3.84,3.88,104200,3.3756
2008-02-05,3.89,4.04,3.84,3.95,101700,3.4364
2008-02-04,3.95,4.05,3.81,3.95,152700,3.4364
2008-02-01,4.04,4.05,3.81,3.95,82600,3.4364
2008-01-31,3.93,4.30,3.55,4.05,35900,3.5234
2008-01-30,4.20,4.24,3.92,4.04,144500,3.5147
2008-01-29,4.20,4.28,4.03,4.15,71900,3.6104
2008-01-28,3.50,4.20,3.45,4.10,23800,3.5669
2008-01-25,3.48,3.65,3.46,3.55,113000,3.0885
2008-01-24,3.29,3.63,3.29,3.40,293400,2.958
2008-01-23,3.57,3.62,2.50,3.22,715400,2.8014
2008-01-22,3.98,3.98,3.65,3.73,165100,3.2451
2008-01-18,4.21,4.26,3.81,4.22,154000,3.6713
2008-01-17,4.38,4.44,4.22,4.44,83400,3.8627
2008-01-16,4.52,4.73,4.41,4.50,123500,3.9149
2008-01-15,4.20,4.56,4.15,4.54,128400,3.9497
2008-01-14,4.55,4.77,4.10,4.28,330000,3.7235
2008-01-11,5.31,5.31,4.24,4.40,527400,3.8279
2008-01-10,5.62,5.65,5.15,5.39,152600,4.6892
2008-01-09,5.80,6.03,5.70,5.73,100800,4.985
2008-01-08,6.03,6.10,5.80,5.83,147500,5.072
2008-01-07,6.16,6.36,6.01,6.19,45400,5.3852
2008-01-04,6.40,6.49,6.20,6.20,30600,5.3939
2008-01-03,6.50,6.55,6.47,6.55,77200,5.6984
2008-01-02,6.81,6.84,6.54,6.56,39200,5.7071
2007-12-31,6.75,6.96,6.75,6.96,76000,6.0551
2007-12-28,6.70,6.75,6.42,6.71,39100,5.8376
2007-12-27,6.84,6.88,6.61,6.71,51300,5.8376
2007-12-26,6.72,6.90,6.72,6.85,65700,5.9594
2007-12-24,6.41,6.89,6.40,6.89,34100,5.9942
2007-12-21,6.69,6.69,6.35,6.38,173700,5.5505
2007-12-20,6.45,6.71,6.45,6.59,36300,5.7332
2007-12-19,6.40,6.71,6.40,6.67,41800,5.8028
2007-12-18,6.54,6.58,6.26,6.42,80400,5.5853
2007-12-17,6.69,6.72,6.49,6.50,56400,5.6549
2007-12-14,6.97,6.97,6.62,6.62,92900,5.7593
2007-12-13,6.92,7.00,6.92,6.95,40400,6.0464
2007-12-12,6.99,7.10,6.83,6.92,86000,6.0203
2007-12-11,6.93,7.18,6.87,6.93,155200,6.029
2007-12-10,6.98,7.01,6.83,6.90,132900,6.0029
2007-12-07,6.99,7.02,6.90,6.97,68300,6.0638
2007-12-06,7.00,7.02,6.89,6.99,219800,6.0812
2007-12-05,6.9099,7.00,6.69,6.87,132500,5.9768
2007-12-04,6.70,6.87,6.62,6.79,70500,5.9072
2007-12-03,6.71,6.86,6.40,6.66,189400,5.7941
2007-11-30,6.24,6.77,6.185,6.73,156700,5.855
2007-11-29,6.29,6.33,6.15,6.21,50600,5.4026
2007-11-28,5.95,6.36,5.95,6.36,161300,5.5331
2007-11-27,5.74,6.04,5.70,5.99,130000,5.2112
2007-11-26,5.92,6.05,5.54,5.78,166500,5.0285
2007-11-23,5.98,5.98,5.95,5.98,14600,5.2025
2007-11-21,5.85,5.85,5.47,5.73,159400,4.985
2007-11-20,5.73,5.946,5.73,5.946,114100,5.1729
2007-11-19,6.04,6.15,5.74,5.77,79100,5.0198
2007-11-16,6.31,6.31,5.95,6.04,77500,5.2547
2007-11-15,6.3499,6.3499,6.05,6.21,96900,5.4026
2007-11-14,6.23,6.40,6.20,6.32,145000,5.4983
2007-11-13,6.57,6.57,6.18,6.24,355100,5.4287
2007-11-12,6.72,6.72,6.22,6.60,151800,5.7419
2007-11-09,6.85,6.88,6.63,6.80,135400,5.9159
2007-11-08,6.66,6.94,6.66,6.94,274200,6.0377
2007-11-07,6.94,6.94,6.64,6.69,83800,5.8202
2007-11-06,6.89,7.05,6.85,6.98,81200,6.0725
2007-11-05,6.78,7.13,6.70,6.92,122400,6.0203
2007-11-02,6.95,7.00,6.75,6.82,147300,5.9333
2007-11-01,8.39,8.5899,6.61,7.00,677500,6.0899
2007-10-31,7.99,8.30,7.99,8.20,227000,7.1339
2007-10-30,8.04,8.14,7.98,7.99,222500,6.9512
2007-10-29,8.07,8.29,8.00,8.06,213900,7.0121
2007-10-26,7.94,8.14,7.60,8.02,458400,6.9773
2007-10-25,7.83,7.88,7.57,7.87,98500,6.8468
2007-10-24,7.24,7.90,7.19,7.88,132800,6.8555
2007-10-23,7.40,7.40,7.17,7.28,47200,6.3335
2007-10-22,6.65,7.40,6.27,7.39,152200,6.4292
2007-10-19,7.70,7.84,6.76,7.05,129800,6.1334
2007-10-18,7.82,7.889,7.73,7.889,96000,6.8633
2007-10-17,7.80,7.96,7.70,7.77,64100,6.7598
2007-10-16,7.88,8.00,7.61,7.83,56200,6.812
2007-10-15,7.88,8.02,7.72,7.93,63100,6.899
2007-10-12,7.72,8.07,7.72,8.07,90400,7.0208
2007-10-11,8.07,8.14,7.77,7.80,113200,6.7859
2007-10-10,8.17,8.38,8.10,8.38,100900,7.2905
2007-10-09,7.80,8.47,7.65,8.11,209400,7.0556
2007-10-08,8.14,8.20,7.70,7.80,250200,6.7859
2007-10-05,7.14,7.90,6.93,7.89,394900,6.8642
2007-10-04,7.00,7.12,6.99,7.08,58400,6.1595
2007-10-03,7.20,7.25,6.90,7.01,78600,6.0986
2007-10-02,7.20,7.30,6.98,7.18,38900,6.2465
2007-10-01,7.00,7.21,6.96,7.17,61400,6.2378
2007-09-28,7.07,7.23,6.8852,6.95,58600,6.0464
2007-09-27,7.23,7.30,7.06,7.07,60800,6.1508
2007-09-26,7.10,7.50,7.00,7.1901,254800,6.2553
2007-09-25,7.12,7.17,7.061,7.17,65300,6.2378
2007-09-24,6.87,7.15,6.87,7.15,116100,6.2204
2007-09-21,7.14,7.21,6.83,6.84,69400,5.9507
2007-09-20,6.94,7.09,6.90,7.054,93700,6.1369
2007-09-19,7.07,7.40,6.91,6.91,227000,6.0116
2007-09-18,6.75,7.00,6.61,6.98,114900,6.0725
2007-09-17,6.75,6.96,6.64,6.65,98900,5.7854
2007-09-14,6.76,7.00,6.64,6.87,219400,5.9768
2007-09-13,6.45,6.78,6.33,6.76,422600,5.8811
2007-09-12,6.00,6.50,5.99,6.31,675200,5.4896
2007-09-11,5.43,5.53,5.42,5.46,28300,4.7501
2007-09-10,5.41,5.55,5.40,5.45,39500,4.7414
2007-09-07,5.62,5.63,5.18,5.48,65400,4.7675
2007-09-06,5.80,5.86,5.601,5.65,30700,4.9154
2007-09-05,5.87,5.87,5.75,5.81,44000,5.0546
2007-09-04,5.61,5.93,5.61,5.93,49300,5.159
2007-08-31,5.70,5.81,5.55,5.60,37000,4.8719
2007-08-30,5.53,5.70,5.50,5.66,58200,4.9241
2007-08-29,5.57,5.85,5.57,5.67,47200,4.9328
2007-08-28,5.73,5.85,5.73,5.81,26200,5.0546
2007-08-27,5.75,5.90,5.75,5.79,39000,5.0372
2007-08-24,5.88,6.00,5.79,5.79,43000,5.0372
2007-08-23,5.87,5.93,5.65,5.866,52200,5.1033
2007-08-22,6.15,6.29,5.83,5.87,93200,5.1068
2007-08-21,6.01,6.25,5.985,6.12,73200,5.3243
2007-08-20,5.93,6.44,5.93,6.05,210800,5.2634
2007-08-17,5.80,5.96,5.80,5.94,46400,5.1677
2007-08-16,5.72,5.75,5.43,5.75,69300,5.0024
2007-08-15,5.99,6.03,5.79,6.03,70700,5.246
2007-08-14,5.81,5.98,5.81,5.98,76200,5.2025
2007-08-13,5.30,5.95,5.30,5.86,132200,5.0981
2007-08-10,5.34,5.34,5.26,5.34,167500,4.6457
2007-08-09,5.55,5.90,5.28,5.38,177600,4.6805
2007-08-08,5.97,6.03,5.72,6.03,138900,5.246
2007-08-07,6.14,6.14,5.78,5.90,75700,5.1329
2007-08-06,6.26,6.50,5.75,6.19,118300,5.3852
2007-08-03,6.64,6.75,6.32,6.75,183500,5.8724
2007-08-02,5.95,6.77,5.95,6.64,480100,5.7767
2007-08-01,6.15,6.16,5.90,6.00,65600,5.2199
2007-07-31,6.11,6.25,6.07,6.20,87000,5.3939
2007-07-30,6.09,6.15,6.00,6.15,119300,5.3504
2007-07-27,5.86,6.20,5.86,6.09,116800,5.2982
2007-07-26,6.15,6.18,5.95,6.09,269200,5.2982
2007-07-25,6.00,6.48,5.75,6.15,590600,5.3504
2007-07-24,5.00,5.95,5.00,5.95,769000,5.1764
2007-07-23,4.81,4.82,4.66,4.66,48200,4.0541
2007-07-20,4.70,4.82,4.60,4.69,13900,4.0802
2007-07-19,4.63,4.80,4.63,4.73,23500,4.115
2007-07-18,4.71,4.84,4.59,4.63,35900,4.028
2007-07-17,4.81,4.85,4.70,4.70,37400,4.0889
2007-07-16,4.86,4.94,4.75,4.78,22300,4.1585
2007-07-13,4.83,4.99,4.83,4.93,23000,4.289
2007-07-12,4.81,4.98,4.80,4.85,48500,4.2194
2007-07-11,4.72,4.85,4.72,4.85,32500,4.2194
2007-07-10,4.69,4.8343,4.55,4.66,41000,4.0541
2007-07-09,4.85,4.85,4.64,4.74,71400,4.1237
2007-07-06,4.83,4.85,4.77,4.83,35900,4.202
2007-07-05,4.85,4.85,4.80,4.85,16700,4.2194
2007-07-03,4.75,4.90,4.75,4.90,13700,4.2629
2007-07-02,4.80,4.91,4.73,4.73,35100,4.115
2007-06-29,4.65,4.68,4.55,4.67,25900,4.0628
2007-06-28,4.73,4.75,4.62,4.65,20500,4.0454
2007-06-27,4.76,4.79,4.66,4.73,52000,4.115
2007-06-26,4.89,4.92,4.73,4.77,19200,4.1498
2007-06-25,4.92,5.04,4.85,4.98,31500,4.3325
2007-06-22,4.86,5.00,4.86,4.90,38900,4.2629
2007-06-21,4.75,4.78,4.75,4.78,31400,4.1585
2007-06-20,4.61,4.80,4.61,4.80,58000,4.1759
2007-06-19,4.68,4.72,4.56,4.72,100300,4.1063
2007-06-18,4.95,5.00,4.67,5.00,134200,4.3499
2007-06-15,4.87,5.10,4.87,4.95,165000,4.3064
2007-06-14,4.76,5.07,4.76,4.97,189900,4.3238
2007-06-13,4.63,4.90,4.63,4.87,177800,4.2368
2007-06-12,4.54,4.79,4.54,4.79,251800,4.1672
2007-06-11,4.32,4.58,4.32,4.52,123500,3.9323
2007-06-08,4.12,4.32,4.10,4.28,80300,3.7235
2007-06-07,4.10,4.19,4.00,4.15,46700,3.6104
2007-06-06,4.184,4.22,4.184,4.22,44100,3.6713
2007-06-05,4.13,4.20,4.09,4.20,87300,3.6539
2007-06-04,4.04,4.10,4.04,4.09,10900,3.5582
2007-06-01,4.06,4.17,4.06,4.17,14300,3.6278
2007-05-31,4.16,4.18,4.07,4.18,52800,3.6365
2007-05-30,4.02,4.20,4.02,4.20,63600,3.6539
2007-05-29,3.92,4.09,3.81,4.06,156500,3.5321
2007-05-25,3.85,3.93,3.85,3.93,15200,3.4191
2007-05-24,3.84,3.89,3.78,3.82,49100,3.3234
2007-05-23,3.75,3.87,3.75,3.87,81500,3.3669
2007-05-22,3.67,3.75,3.67,3.75,132700,3.2625
2007-05-21,3.64,3.71,3.64,3.70,4400,3.219
2007-05-18,3.58,3.70,3.58,3.70,18600,3.219
2007-05-17,3.53,3.61,3.50,3.58,26000,3.1146
2007-05-16,3.52,3.58,3.50,3.57,14100,3.1059
2007-05-15,3.56,3.60,3.54,3.60,8600,3.132
2007-05-14,3.57,3.61,3.57,3.61,10900,3.1407
2007-05-11,3.59,3.60,3.55,3.60,5600,3.132
2007-05-10,3.61,3.66,3.52,3.52,26000,3.0624
2007-05-09,3.63,3.76,3.63,3.76,8800,3.2712
2007-05-08,3.66,3.80,3.64,3.68,12700,3.2016
2007-05-07,3.73,3.80,3.63,3.66,16700,3.1842
2007-05-04,3.71,3.76,3.66,3.72,26900,3.2364
2007-05-03,3.63,3.71,3.63,3.70,20700,3.219
2007-05-02,3.63,3.69,3.51,3.57,22000,3.1059
2007-05-01,3.61,3.70,3.60,3.66,34400,3.1842
2007-04-30,3.60,3.64,3.48,3.64,12000,3.1668
2007-04-27,3.58,3.60,3.55,3.60,17200,3.132
2007-04-26,3.33,3.65,3.33,3.65,70000,3.1755
2007-04-25,3.27,3.42,3.25,3.30,23200,2.871
2007-04-24,3.38,3.46,3.09,3.29,91100,2.8623
2007-04-23,3.36,3.47,3.32,3.47,25200,3.0189
2007-04-20,3.22,3.51,3.17,3.39,45900,2.9493
2007-04-19,3.42,3.44,3.07,3.40,18500,2.958
2007-04-18,3.44,3.44,3.35,3.39,20900,2.9493
2007-04-17,3.48,3.51,3.44,3.51,37100,3.0537
2007-04-16,3.52,3.61,3.45,3.61,25500,3.1407
2007-04-13,3.59,3.69,3.54,3.55,13900,3.0885
2007-04-12,3.51,3.75,3.50,3.60,17700,3.132
2007-04-11,3.73,3.74,3.50,3.62,35500,3.1494
2007-04-10,3.54,3.79,3.51,3.74,36000,3.2538
2007-04-09,3.5699,3.60,3.545,3.57,10300,3.1059
2007-04-05,3.58,3.60,3.47,3.53,17400,3.0711
2007-04-04,3.54,3.55,3.41,3.54,29100,3.0798
2007-04-03,3.50,3.68,3.32,3.59,21900,3.1233
2007-04-02,3.53,3.64,3.43,3.50,8900,3.045
2007-03-30,3.52,3.59,3.52,3.59,46800,3.1233
2007-03-29,3.50,3.58,3.36,3.55,73600,3.0885
2007-03-28,3.63,3.72,3.49,3.52,41900,3.0624
2007-03-27,3.64,3.736,3.64,3.736,54000,3.2503
2007-03-26,3.73,3.80,3.62,3.64,22100,3.1668
2007-03-23,3.88,3.88,3.76,3.76,11300,3.2712
2007-03-22,3.87,3.94,3.86,3.94,22500,3.4278
2007-03-21,3.85,3.93,3.80,3.90,29400,3.393
2007-03-20,3.89,3.91,3.84,3.91,36500,3.4017
2007-03-19,3.84,3.94,3.75,3.94,39500,3.4278
2007-03-16,3.902,3.96,3.83,3.96,39500,3.4451
2007-03-15,3.82,3.99,3.82,3.99,99800,3.4712
2007-03-14,3.99,4.016,3.85,4.016,28700,3.4939
2007-03-13,3.98,4.09,3.96,4.02,42100,3.4973
2007-03-12,3.87,4.00,3.87,4.00,32400,3.4799
2007-03-09,3.656,3.93,3.656,3.93,23200,3.4191
2007-03-08,3.62,3.73,3.35,3.62,71300,3.1494
2007-03-07,3.57,3.68,3.57,3.68,37700,3.2016
2007-03-06,3.49,3.60,3.49,3.54,15700,3.0798
2007-03-05,3.29,3.61,3.29,3.61,67000,3.1407
2007-03-02,3.37,3.49,3.37,3.49,64900,3.0363
2007-03-01,3.45,3.48,3.2252,3.408,71100,2.9649
2007-02-28,3.69,3.69,3.50,3.69,68000,3.2103
2007-02-27,3.69,3.73,3.69,3.73,32800,3.2451
2007-02-26,3.87,3.89,3.68,3.76,58700,3.2712
2007-02-23,3.87,3.98,3.87,3.98,70300,3.4625
2007-02-22,3.91,3.95,3.8701,3.90,11400,3.393
2007-02-21,4.00,4.05,3.84,4.05,29300,3.5234
2007-02-20,4.01,4.07,3.94,4.04,34500,3.5147
2007-02-16,3.823,4.00,3.823,4.00,54200,3.4799
2007-02-15,3.98,3.98,3.62,3.84,34800,3.3408
2007-02-14,4.06,4.06,3.91,4.06,34100,3.5321
2007-02-13,4.03,4.08,4.00,4.05,19800,3.5234
2007-02-12,3.99,4.06,3.91,4.05,50800,3.5234
2007-02-09,4.01,4.09,3.92,4.02,34800,3.4973
2007-02-08,3.94,4.03,3.85,4.00,74200,3.4799
2007-02-07,3.94,4.02,3.85,3.91,44600,3.4017
2007-02-06,3.95,4.06,3.85,3.98,67900,3.4625
2007-02-05,3.87,3.92,3.85,3.92,54000,3.4104
2007-02-02,3.81,3.92,3.67,3.90,89300,3.393
2007-02-01,4.20,4.22,3.59,3.84,401800,3.3408
2007-01-31,4.20,4.27,4.20,4.27,199100,3.7148
2007-01-30,4.18,4.37,4.18,4.37,157800,3.8018
2007-01-29,4.18,4.22,4.18,4.22,41200,3.6713
2007-01-26,4.04,4.19,4.04,4.19,42600,3.6452
2007-01-25,4.10,4.17,4.04,4.10,22500,3.5669
2007-01-24,4.12,4.14,4.01,4.10,31600,3.5669
2007-01-23,3.94,4.15,3.90,4.10,111800,3.5669
2007-01-22,4.10,4.10,3.84,3.95,196500,3.4364
2007-01-19,3.84,4.08,3.83,4.04,143800,3.5147
2007-01-18,3.75,3.90,3.75,3.88,185800,3.3756
2007-01-17,3.77,3.81,3.75,3.78,145200,3.2886
2007-01-16,3.79,3.80,3.75,3.77,673000,3.2799
2007-01-12,3.73,3.78,3.73,3.75,82400,3.2625
2007-01-11,3.75,3.78,3.74,3.75,111900,3.2625
2007-01-10,3.80,3.80,3.76,3.80,34900,3.306
2007-01-09,3.84,3.84,3.74,3.80,47300,3.306
2007-01-08,3.79,3.80,3.72,3.75,40200,3.2625
2007-01-05,3.78,3.80,3.75,3.80,16300,3.306
2007-01-04,3.90,3.90,3.75,3.78,43000,3.2886
2007-01-03,3.71,3.87,3.68,3.87,62400,3.3669
2006-12-29,3.57,3.66,3.55,3.65,58200,3.1755
2006-12-28,3.59,3.69,3.59,3.69,88800,3.2103
2006-12-27,3.75,3.79,3.55,3.60,57000,3.132
2006-12-26,3.68,3.84,3.58,3.80,35800,3.306
2006-12-22,4.01,4.06,3.67,3.71,206700,3.2277
2006-12-21,3.87,4.22,3.87,4.02,299600,3.4973
2006-12-20,3.88,3.90,3.85,3.90,82200,3.393
2006-12-19,3.61,3.97,3.61,3.85,269400,3.3495
2006-12-18,3.57,3.65,3.57,3.65,2146800,3.1755
2006-12-15,3.64,3.64,3.58,3.62,38300,3.1494
2006-12-14,3.64,3.64,3.55,3.60,52700,3.132
2006-12-13,3.59,3.59,3.55,3.58,56200,3.1146
2006-12-12,3.58,3.70,3.55,3.55,41300,3.0885
2006-12-11,3.55,3.74,3.45,3.57,161200,3.1059
2006-12-08,3.67,3.72,3.55,3.55,21400,3.0885
2006-12-07,3.61,3.72,3.56,3.686,53800,3.2068
2006-12-06,3.52,3.78,3.52,3.58,108400,3.1146
2006-12-05,3.66,3.66,3.55,3.55,190800,3.0885
2006-12-04,3.55,3.73,3.55,3.66,57200,3.1842
2006-12-01,3.66,3.78,3.63,3.78,102200,3.2886
2006-11-30,3.80,3.83,3.71,3.73,91100,3.2451
2006-11-29,3.58,3.83,3.58,3.80,116200,3.306
2006-11-28,3.72,3.79,3.58,3.68,117700,3.2016
2006-11-27,3.49,3.76,3.40,3.76,292400,3.2712
2006-11-24,3.53,3.68,3.46,3.55,61700,3.0885
2006-11-22,3.15,3.55,3.15,3.55,353800,3.0885
2006-11-21,2.66,3.10,2.66,3.08,243100,2.6796
2006-11-20,2.76,2.76,2.65,2.69,56200,2.3403
2006-11-17,2.51,2.73,2.51,2.73,209000,2.3751
2006-11-16,2.591,2.65,2.54,2.65,11500,2.3055
2006-11-15,2.63,2.63,2.53,2.53,19400,2.2011
2006-11-14,2.70,2.72,2.54,2.63,42400,2.2881
2006-11-13,2.55,2.71,2.54,2.67,61300,2.3229
2006-11-10,2.43,2.60,2.41,2.60,33600,2.262
2006-11-09,2.42,2.46,2.42,2.46,5100,2.1402
2006-11-08,2.44,2.52,2.30,2.44,37500,2.1228
2006-11-07,2.39,2.47,2.39,2.47,15500,2.1489
2006-11-06,2.41,2.41,2.32,2.38,19000,2.0706
2006-11-03,2.32,2.47,2.27,2.35,55500,2.0445
2006-11-02,2.62,2.62,2.15,2.34,177400,2.0358
2006-11-01,2.54,2.575,2.44,2.5024,38300,2.1771
2006-10-31,2.40,2.62,2.35,2.49,152000,2.1663
2006-10-30,2.43,2.48,2.38,2.39,43400,2.0793
2006-10-27,2.42,2.48,2.39,2.40,8400,2.088
2006-10-26,2.41,2.43,2.40,2.43,12900,2.1141
2006-10-25,2.401,2.46,2.401,2.46,41500,2.1402
2006-10-24,2.46,2.49,2.28,2.39,55900,2.0793
2006-10-23,2.26,2.53,2.23,2.44,70200,2.1228
2006-10-20,2.26,2.33,2.25,2.32,21500,2.0184
2006-10-19,2.28,2.32,2.25,2.29,9600,1.9923
2006-10-18,2.31,2.33,2.25,2.30,23200,2.001
2006-10-17,2.24,2.32,2.20,2.29,18400,1.9923
2006-10-16,2.32,2.32,2.19,2.28,19100,1.9836
2006-10-13,2.21,2.33,2.21,2.30,57500,2.001
2006-10-12,2.291,2.33,2.26,2.33,266100,2.0271
2006-10-11,2.17,2.29,2.13,2.22,12800,1.9314
2006-10-10,2.189,2.22,2.189,2.22,76500,1.9314
2006-10-09,2.11,2.20,2.03,2.15,21000,1.8705
2006-10-06,2.08,2.19,2.08,2.14,20900,1.8618
2006-10-05,2.00,2.14,2.00,2.11,10700,1.8357
2006-10-04,2.10,2.13,2.00,2.08,17700,1.8096
2006-10-03,2.106,2.15,2.106,2.15,4900,1.8705
2006-10-02,2.28,2.28,2.14,2.14,25600,1.8618
2006-09-29,2.03,2.20,2.03,2.20,121300,1.914
2006-09-28,1.99,2.068,1.99,2.068,19500,1.7991
2006-09-27,2.03,2.10,2.022,2.10,13100,1.827
2006-09-26,2.05,2.15,2.029,2.15,11900,1.8705
2006-09-25,2.00,2.05,1.98,2.04,16700,1.7748
2006-09-22,1.99,2.03,1.98,2.02,50300,1.7574
2006-09-21,1.99,2.03,1.91,1.91,2700,1.6617
2006-09-20,1.90,2.02,1.90,1.96,27200,1.7052
2006-09-19,1.92,2.04,1.91,1.92,11300,1.6704
2006-09-18,2.00,2.00,1.93,1.95,8500,1.6965
2006-09-15,1.95,2.02,1.95,2.00,6900,1.74
2006-09-14,1.99,2.02,1.95,1.96,23100,1.7052
2006-09-13,2.01,2.08,2.01,2.08,32200,1.8096
2006-09-12,1.97,2.05,1.96,2.00,13200,1.74
2006-09-11,1.98,2.00,1.91,2.00,11300,1.74
2006-09-08,1.96,2.02,1.95,1.99,64400,1.7313
2006-09-07,1.99,2.04,1.94,2.00,16100,1.74
2006-09-06,1.94,1.98,1.91,1.98,28300,1.7226
2006-09-05,1.94,2.05,1.86,1.91,25800,1.6617
2006-09-01,2.00,2.15,1.91,1.97,55500,1.7139
2006-08-31,1.94,2.00,1.91,2.00,32000,1.74
2006-08-30,1.98,1.98,1.98,1.98,7800,1.7226
2006-08-29,1.90,1.95,1.90,1.95,8600,1.6965
2006-08-28,1.87,1.90,1.82,1.85,8900,1.6095
2006-08-25,1.83,1.88,1.83,1.88,5300,1.6356
2006-08-24,1.84,1.88,1.82,1.85,13500,1.6095
2006-08-23,1.79,1.923,1.79,1.86,30100,1.6182
2006-08-22,1.86,1.90,1.85,1.89,38800,1.6443
2006-08-21,1.98,1.98,1.73,1.82,66600,1.5834
2006-08-18,1.92,1.97,1.92,1.96,11100,1.7052
2006-08-17,2.00,2.06,1.95,2.06,895300,1.7922
2006-08-16,1.99,2.07,1.95,2.01,30400,1.7487
2006-08-15,2.073,2.10,2.01,2.10,11500,1.827
2006-08-14,2.19,2.19,2.06,2.19,51500,1.9053
2006-08-11,2.18,2.45,2.03,2.16,32800,1.8792
2006-08-10,2.11,2.14,2.10,2.13,4500,1.8531
2006-08-09,2.18,2.19,2.15,2.15,11200,1.8705
2006-08-08,2.252,2.26,2.21,2.26,6400,1.9662
2006-08-07,2.41,2.41,2.10,2.23,49500,1.9401
2006-08-04,2.07,2.28,2.07,2.22,41800,1.9314
2006-08-03,2.12,2.12,2.00,2.06,127900,1.7922
2006-08-02,2.16,2.19,1.97,2.09,47300,1.8183
2006-08-01,2.09,2.16,2.09,2.15,5500,1.8705
2006-07-31,2.15,2.18,2.09,2.11,17700,1.8357
2006-07-28,2.17,2.17,2.12,2.17,21400,1.8879
2006-07-27,2.29,2.29,2.10,2.11,67500,1.8357
2006-07-26,2.37,2.40,2.21,2.23,108600,1.9401
2006-07-25,2.06,2.476,2.06,2.476,1288900,2.1541
2006-07-24,2.07,2.07,1.99,2.00,43300,1.74
2006-07-21,2.12,2.14,1.99,2.09,10900,1.8183
2006-07-20,2.02,2.20,2.02,2.20,9300,1.914
2006-07-19,2.05,2.09,2.05,2.05,4700,1.7835
2006-07-18,2.25,2.32,2.00,2.00,417700,1.74
2006-07-17,2.15,2.30,2.15,2.20,15500,1.914
2006-07-14,2.00,2.20,1.96,2.18,71800,1.8966
2006-07-13,2.00,2.08,2.00,2.03,19500,1.7661
2006-07-12,2.03,2.06,2.009,2.06,11100,1.7922
2006-07-11,2.03,2.03,2.00,2.03,6900,1.7661
2006-07-10,2.034,2.168,2.034,2.168,11200,1.8861
2006-07-07,2.09,2.09,2.01,2.03,5800,1.7661
2006-07-06,2.08,2.144,2.07,2.10,4000,1.827
2006-07-05,2.10,2.10,2.06,2.07,23600,1.8009
2006-07-03,2.05,2.12,2.05,2.10,12000,1.827
2006-06-30,2.00,2.04,1.955,2.01,12500,1.7487
2006-06-29,1.95,2.03,1.92,2.00,37700,1.74
2006-06-28,1.90,1.95,1.90,1.91,23400,1.6617
2006-06-27,1.88,1.92,1.71,1.87,35800,1.6269
2006-06-26,1.92,1.971,1.91,1.971,29900,1.7147
2006-06-23,1.97,1.97,1.91,1.93,49000,1.6791
2006-06-22,1.889,1.95,1.889,1.95,26700,1.6965
2006-06-21,1.99,1.99,1.90,1.90,28900,1.653
2006-06-20,1.91,2.00,1.91,1.93,121800,1.6791
2006-06-19,2.04,2.04,1.93,2.04,63000,1.7748
2006-06-16,1.99,2.02,1.94,2.00,162200,1.74
2006-06-15,1.84,2.04,1.84,1.94,78900,1.6878
2006-06-14,1.83,1.94,1.83,1.94,72100,1.6878
2006-06-13,2.05,2.132,1.88,1.92,52800,1.6704
2006-06-12,2.22,2.23,2.06,2.08,14400,1.8096
2006-06-09,2.19,2.20,2.14,2.15,29100,1.8705
2006-06-08,2.22,2.26,2.19,2.26,11200,1.9662
2006-06-07,2.22,2.22,2.19,2.21,6600,1.9227
2006-06-06,2.23,2.27,2.20,2.24,13300,1.9488
2006-06-05,2.41,2.41,2.22,2.25,25700,1.9575
2006-06-02,2.40,2.41,2.25,2.34,14900,2.0358
2006-06-01,2.35,2.40,2.29,2.40,20600,2.088
2006-05-31,2.26,2.30,2.26,2.30,9600,2.001
2006-05-30,2.25,2.31,2.20,2.25,17600,1.9575
2006-05-26,2.37,2.38,2.16,2.29,11900,1.9923
2006-05-25,2.29,2.36,2.15,2.36,27400,2.0532
2006-05-24,2.31,2.40,2.25,2.30,14300,2.001
2006-05-23,2.458,2.458,2.27,2.30,36600,2.001
2006-05-22,2.42,2.42,2.32,2.40,14600,2.088
2006-05-19,2.39,2.44,2.39,2.41,20500,2.0967
2006-05-18,2.43,2.50,2.37,2.39,26100,2.0793
2006-05-17,2.63,2.64,2.40,2.42,39000,2.1054
2006-05-16,2.57,2.69,2.57,2.61,37300,2.2707
2006-05-15,2.68,2.68,2.55,2.62,24800,2.2794
2006-05-12,2.67,2.73,2.62,2.66,10500,2.3142
2006-05-11,2.78,2.83,2.60,2.64,35700,2.2968
2006-05-10,2.88,2.88,2.66,2.75,52300,2.3925
2006-05-09,2.85,2.90,2.76,2.81,29800,2.4447
2006-05-08,2.81,2.88,2.77,2.83,15200,2.4621
2006-05-05,2.92,2.92,2.74,2.81,75000,2.4447
2006-05-04,2.82,2.82,2.73,2.79,22300,2.4273
2006-05-03,2.82,2.90,2.65,2.79,27500,2.4273
2006-05-02,2.88,2.90,2.76,2.85,34300,2.4795
2006-05-01,2.96,3.00,2.82,2.89,27700,2.5143
2006-04-28,2.96,3.05,2.96,2.99,26800,2.6013
2006-04-27,3.15,3.30,2.91,3.00,126600,2.61
2006-04-26,2.95,2.95,2.67,2.91,20000,2.5317
2006-04-25,2.95,2.97,2.80,2.91,29800,2.5317
2006-04-24,2.97,3.00,2.92,2.94,29800,2.5578
2006-04-21,2.78,2.94,2.78,2.90,33700,2.523
2006-04-20,2.73,2.80,2.73,2.78,17900,2.4186
2006-04-19,2.76,2.80,2.65,2.80,30800,2.436
2006-04-18,2.67,2.80,2.63,2.70,50200,2.349
2006-04-17,2.73,2.84,2.65,2.72,20200,2.3664
2006-04-13,2.83,2.90,2.70,2.77,44500,2.4099
2006-04-12,2.90,2.98,2.74,2.83,72300,2.4621
2006-04-11,3.06,3.06,2.86,2.90,109200,2.523
2006-04-10,3.13,3.15,3.05,3.07,25200,2.6709
2006-04-07,3.18,3.24,3.08,3.15,48700,2.7405
2006-04-06,3.20,3.22,3.16,3.21,95600,2.7927
2006-04-05,3.22,3.22,3.13,3.18,154900,2.7666
2006-04-04,3.24,3.30,3.05,3.18,328000,2.7666
2006-04-03,3.14,3.24,3.14,3.24,21200,2.8188
2006-03-31,3.27,3.31,3.23,3.24,37600,2.8188
2006-03-30,3.22,3.32,2.96,3.27,27600,2.8449
2006-03-29,3.25,3.38,3.21,3.31,17200,2.8797
2006-03-28,3.14,3.25,3.14,3.25,4300,2.8275
2006-03-27,3.24,3.26,3.12,3.22,29500,2.8014
2006-03-24,3.16,3.26,3.16,3.23,20100,2.8101
2006-03-23,3.263,3.263,3.25,3.263,3100,2.8388
2006-03-22,3.22,3.30,3.20,3.25,10700,2.8275
2006-03-21,3.26,3.32,3.13,3.26,12700,2.8362
2006-03-20,3.30,3.35,3.23,3.27,20300,2.8449
2006-03-17,3.39,3.39,3.27,3.27,18900,2.8449
2006-03-16,3.35,3.39,3.20,3.34,26300,2.9058
2006-03-15,3.37,3.37,3.23,3.33,11700,2.8971
2006-03-14,3.24,3.35,3.17,3.30,33700,2.871
2006-03-13,3.28,3.34,3.20,3.30,12600,2.871
2006-03-10,3.31,3.31,3.19,3.29,14200,2.8623
2006-03-09,3.30,3.40,3.11,3.25,44800,2.8275
2006-03-08,3.20,3.31,3.20,3.26,9900,2.8362
2006-03-07,3.13,3.45,3.13,3.21,29700,2.7927
2006-03-06,3.11,3.21,3.05,3.11,27400,2.7057
2006-03-03,3.23,3.23,3.10,3.17,33400,2.7579
2006-03-02,3.15,3.25,3.05,3.23,15900,2.8101
2006-03-01,3.11,3.23,3.00,3.13,50600,2.7231
2006-02-28,3.25,3.257,3.08,3.13,56800,2.7231
2006-02-27,3.28,3.28,3.15,3.22,6700,2.8014
2006-02-24,3.20,3.27,3.15,3.27,11300,2.8449
2006-02-23,3.21,3.30,3.16,3.16,65900,2.7492
2006-02-22,3.16,3.26,3.16,3.21,37900,2.7927
2006-02-21,3.20,3.27,3.16,3.19,16300,2.7753
2006-02-17,3.30,3.30,3.20,3.22,45300,2.8014
2006-02-16,3.22,3.37,3.22,3.27,12100,2.8449
2006-02-15,3.30,3.35,3.22,3.26,25000,2.8362
2006-02-14,3.35,3.36,3.25,3.36,32000,2.9232
2006-02-13,3.38,3.38,3.22,3.29,13100,2.8623
2006-02-10,3.37,3.38,3.23,3.36,16400,2.9232
2006-02-09,3.33,3.42,3.24,3.31,36900,2.8797
2006-02-08,3.49,3.49,3.20,3.30,23900,2.871
2006-02-07,3.39,3.443,3.38,3.443,10600,2.9954
2006-02-06,3.40,3.48,3.36,3.432,8500,2.9858
2006-02-03,3.32,3.47,3.28,3.36,52700,2.9232
2006-02-02,3.27,3.46,3.20,3.36,58700,2.9232
2006-02-01,3.60,3.60,3.35,3.35,42200,2.9145
2006-01-31,3.49,3.49,3.23,3.28,35100,2.8536
2006-01-30,3.70,3.74,3.32,3.42,66100,2.9754
2006-01-27,3.55,3.70,3.55,3.70,135500,3.219
2006-01-26,3.58,3.58,3.41,3.51,53000,3.0537
2006-01-25,3.54,3.55,3.37,3.50,67700,3.045
2006-01-24,3.40,3.40,3.33,3.40,37300,2.958
2006-01-23,3.26,3.39,3.26,3.32,28600,2.8884
2006-01-20,3.40,3.40,3.33,3.40,12000,2.958
2006-01-19,3.37,3.39,3.28,3.37,22600,2.9319
2006-01-18,3.36,3.43,3.32,3.40,32500,2.958
2006-01-17,3.50,3.50,3.38,3.40,33000,2.958
2006-01-13,3.32,3.48,3.32,3.48,65500,3.0276
2006-01-12,3.43,3.47,3.35,3.39,19800,2.9493
2006-01-11,3.42,3.47,3.35,3.40,63900,2.958
2006-01-10,3.38,3.45,3.15,3.43,78000,2.9841
2006-01-09,3.34,3.38,3.31,3.38,22400,2.9406
2006-01-06,3.28,3.40,3.28,3.37,83600,2.9319
2006-01-05,3.29,3.37,3.27,3.35,18900,2.9145
2006-01-04,3.28,3.36,3.28,3.29,10500,2.8623
2006-01-03,3.37,3.37,3.22,3.35,17100,2.9145
2005-12-30,3.18,3.34,3.15,3.33,61000,2.8971
2005-12-29,3.18,3.29,3.18,3.25,16500,2.8275
2005-12-28,3.19,3.33,3.12,3.25,41100,2.8275
2005-12-27,3.08,3.25,3.08,3.20,126500,2.784
2005-12-23,3.28,3.38,3.26,3.33,37800,2.8971
2005-12-22,3.293,3.41,3.293,3.35,60000,2.9145
2005-12-21,3.42,3.44,3.30,3.35,205100,2.9145
2005-12-20,3.45,3.60,3.29,3.35,143800,2.9145
2005-12-19,3.25,3.39,3.25,3.32,24900,2.8884
2005-12-16,3.27,3.37,3.00,3.32,20100,2.8884
2005-12-15,3.42,3.42,3.26,3.34,8500,2.9058
2005-12-14,3.36,3.43,3.22,3.37,18800,2.9319
2005-12-13,3.35,3.44,3.19,3.34,23100,2.9058
2005-12-12,3.29,3.40,3.28,3.36,25800,2.9232
2005-12-09,3.18,3.38,3.18,3.30,39000,2.871
2005-12-08,3.30,3.30,3.20,3.20,17700,2.784
2005-12-07,3.29,3.36,3.12,3.24,47400,2.8188
2005-12-06,3.38,3.40,3.16,3.25,27800,2.8275
2005-12-05,3.21,3.38,3.21,3.27,15000,2.8449
2005-12-02,3.24,3.39,3.09,3.31,29000,2.8797
2005-12-01,3.18,3.22,3.10,3.13,26500,2.7231
2005-11-30,3.22,3.22,3.10,3.17,4400,2.7579
2005-11-29,3.13,3.16,3.00,3.16,38700,2.7492
2005-11-28,3.20,3.34,3.10,3.18,15900,2.7666
2005-11-25,3.11,3.24,3.11,3.24,11700,2.8188
2005-11-23,3.27,3.27,3.12,3.13,18300,2.7231
2005-11-22,3.22,3.39,3.04,3.21,37800,2.7927
2005-11-21,3.40,3.40,3.21,3.28,46800,2.8536
2005-11-18,3.03,3.35,2.96,3.23,32200,2.8101
2005-11-17,3.04,3.10,2.95,3.10,78000,2.697
2005-11-16,3.15,3.17,2.98,3.11,46700,2.7057
2005-11-15,3.40,3.40,3.10,3.19,40900,2.7753
2005-11-14,3.35,3.42,3.26,3.34,15100,2.9058
2005-11-11,3.42,3.44,3.26,3.35,22000,2.9145
2005-11-10,3.32,3.45,3.31,3.41,6200,2.9667
2005-11-09,3.45,3.45,3.27,3.39,26200,2.9493
2005-11-08,3.38,3.49,3.259,3.33,37200,2.8971
2005-11-07,3.41,3.50,3.29,3.45,31800,3.0015
2005-11-04,3.27,3.49,3.27,3.48,27800,3.0276
2005-11-03,3.50,3.50,3.25,3.34,12700,2.9058
2005-11-02,3.18,3.76,3.15,3.39,123200,2.9493
2005-11-01,3.35,3.43,3.25,3.43,23700,2.9841
2005-10-31,3.50,3.57,3.36,3.37,58200,2.9319
2005-10-28,3.70,3.78,3.40,3.54,41000,3.0798
2005-10-27,3.78,3.83,3.63,3.75,18600,3.2625
2005-10-26,3.64,3.96,3.64,3.96,50500,3.4451
2005-10-25,3.52,3.74,3.45,3.63,23500,3.1581
2005-10-24,3.45,3.62,3.45,3.52,21400,3.0624
2005-10-21,3.36,3.53,3.36,3.53,28000,3.0711
2005-10-20,3.35,3.38,3.35,3.36,65500,2.9232
2005-10-19,3.40,3.40,3.22,3.35,38800,2.9145
2005-10-18,3.64,3.64,3.34,3.38,40500,2.9406
2005-10-17,3.32,3.60,3.32,3.60,22500,3.132
2005-10-14,3.603,3.603,3.35,3.603,65800,3.1346
2005-10-13,3.60,3.67,3.58,3.60,15700,3.132
2005-10-12,3.85,3.85,3.60,3.68,31900,3.2016
2005-10-11,3.71,3.86,3.51,3.75,51000,3.2625
2005-10-10,3.48,3.55,3.25,3.50,35800,3.045
2005-10-07,3.17,3.44,3.17,3.32,90700,2.8884
2005-10-06,3.95,4.00,2.94,3.16,153400,2.7492
2005-10-05,3.95,3.97,3.91,3.95,15500,3.4364
2005-10-04,4.05,4.15,3.92,3.95,35900,3.4364
2005-10-03,3.93,4.07,3.93,4.05,15200,3.5234
2005-09-30,4.00,4.15,3.91,3.92,52600,3.4104
2005-09-29,4.05,4.13,3.91,3.94,29000,3.4278
2005-09-28,4.03,4.15,3.97,4.046,20600,3.52
2005-09-27,4.03,4.25,3.90,3.97,40200,3.4538
2005-09-26,4.04,4.29,4.01,4.12,62500,3.5843
2005-09-23,4.29,4.29,4.09,4.15,50100,3.6104
2005-09-22,4.25,4.40,4.16,4.27,128600,3.7148
2005-09-21,4.00,4.25,3.95,4.16,186700,3.6191
2005-09-20,4.17,4.17,3.96,4.01,25700,3.4886
2005-09-19,4.10,4.14,4.068,4.10,49200,3.5669
2005-09-16,4.15,4.17,3.96,4.11,15900,3.5756
2005-09-15,4.12,4.17,4.08,4.10,25100,3.5669
2005-09-14,4.11,4.30,4.06,4.21,49400,3.6626
2005-09-13,4.25,4.40,4.09,4.20,34300,3.6539
2005-09-12,4.36,4.40,4.28,4.29,12500,3.7322
2005-09-09,4.27,4.40,4.26,4.27,32600,3.7148
2005-09-08,4.45,4.49,4.27,4.39,29600,3.8192
2005-09-07,4.40,4.50,4.37,4.40,69200,3.8279
2005-09-06,4.24,4.75,4.21,4.40,239400,3.8279
2005-09-02,3.82,3.98,3.65,3.98,31400,3.4625
2005-09-01,3.65,3.79,3.65,3.70,12900,3.219
2005-08-31,3.90,3.90,3.67,3.75,11200,3.2625
2005-08-30,4.00,4.014,3.65,3.84,27900,3.3408
2005-08-29,4.02,4.03,3.91,3.96,14300,3.4451
2005-08-26,4.20,4.20,4.00,4.02,13200,3.4973
2005-08-25,4.11,4.30,4.10,4.21,26700,3.6626
2005-08-24,3.98,4.12,3.95,4.10,32200,3.5669
2005-08-23,4.09,4.09,4.02,4.05,29400,3.5234
2005-08-22,4.15,4.19,4.00,4.02,39200,3.4973
2005-08-19,4.37,4.37,3.96,4.14,60000,3.6017
2005-08-18,4.54,4.55,4.13,4.34,158300,3.7757
2005-08-17,3.56,5.10,3.55,4.50,673800,3.9149
2005-08-16,3.55,3.61,3.448,3.56,6600,3.0972
2005-08-15,3.50,3.57,3.45,3.51,29500,3.0537
2005-08-12,3.90,3.90,3.42,3.60,31800,3.132
2005-08-11,3.95,3.95,3.80,3.89,24400,3.3843
2005-08-10,3.95,4.00,3.70,3.92,26600,3.4104
2005-08-09,4.14,4.14,3.95,3.95,12500,3.4364
2005-08-08,4.17,4.20,3.90,4.00,66700,3.4799
2005-08-05,4.05,4.43,3.91,4.15,36800,3.6104
2005-08-04,3.76,4.05,3.75,3.98,63000,3.4625
2005-08-03,3.56,3.94,3.518,3.84,34500,3.3408
2005-08-02,3.16,3.64,3.16,3.49,42700,3.0363
2005-08-01,3.07,3.29,2.95,3.25,52500,2.8275
2005-07-29,3.07,3.07,2.94,3.05,31100,2.6535
2005-07-28,2.68,3.10,2.68,3.07,149600,2.6709
2005-07-27,2.87,2.89,2.70,2.78,76400,2.4186
2005-07-26,2.95,2.96,2.63,2.81,82300,2.4447
2005-07-25,2.85,3.07,2.85,3.00,18500,2.61
2005-07-22,2.90,3.07,2.87,2.89,20700,2.5143
2005-07-21,3.09,3.11,2.85,2.96,61200,2.5752
2005-07-20,3.02,3.06,2.91,3.01,30100,2.6187
2005-07-19,3.10,3.20,3.02,3.03,42400,2.6361
2005-07-18,3.01,3.15,3.01,3.04,5700,2.6448
2005-07-15,3.05,3.21,3.05,3.10,17400,2.697
2005-07-14,3.04,3.17,3.04,3.14,6100,2.7318
2005-07-13,3.13,3.18,3.04,3.11,26900,2.7057
2005-07-12,3.06,3.12,2.90,3.03,26300,2.6361
2005-07-11,3.15,3.20,3.00,3.19,15200,2.7753
2005-07-08,3.00,3.29,2.97,3.09,27500,2.6883
2005-07-07,3.19,3.19,3.064,3.08,11600,2.6796
2005-07-06,3.39,3.39,3.14,3.17,10700,2.7579
2005-07-05,3.09,3.36,3.09,3.24,15200,2.8188
2005-07-01,3.00,3.30,3.00,3.30,23000,2.871
2005-06-30,3.20,3.26,3.00,3.00,31200,2.61
2005-06-29,3.35,3.35,3.21,3.25,16500,2.8275
2005-06-28,3.34,3.349,3.29,3.34,3400,2.9058
2005-06-27,3.43,3.43,3.26,3.30,15800,2.871
2005-06-24,3.37,3.42,3.27,3.36,2900,2.9232
2005-06-23,3.55,3.55,3.30,3.46,38300,3.0102
2005-06-22,3.60,3.60,3.50,3.51,20100,3.0537
2005-06-21,3.50,3.59,3.50,3.51,11900,3.0537
2005-06-20,3.73,3.73,3.50,3.50,23700,3.045
2005-06-17,3.93,3.93,3.53,3.64,83300,3.1668
2005-06-16,2.94,3.60,2.85,3.53,132500,3.0711
2005-06-15,2.82,2.99,2.80,2.99,40900,2.6013
2005-06-14,3.08,3.10,2.80,2.85,82600,2.4795
2005-06-13,3.15,3.15,2.52,3.00,166400,2.61
2005-06-10,3.42,3.42,3.07,3.23,111000,2.8101
2005-06-09,3.70,3.70,3.44,3.47,32400,3.0189
2005-06-08,3.71,3.84,3.66,3.69,13100,3.2103
2005-06-07,3.79,3.86,3.74,3.81,18100,3.3147
2005-06-06,3.75,3.92,3.70,3.74,54600,3.2538
2005-06-03,3.70,3.75,3.70,3.74,11100,3.2538
2005-06-02,3.74,3.80,3.70,3.73,13100,3.2451
2005-06-01,3.77,4.00,3.77,3.84,17400,3.3408
2005-05-31,3.85,4.09,3.74,3.90,31100,3.393
2005-05-27,3.77,3.82,3.70,3.76,35300,3.2712
2005-05-26,3.75,3.77,3.677,3.70,40900,3.219
2005-05-25,3.75,4.00,3.61,3.76,43700,3.2712
2005-05-24,3.64,3.80,3.64,3.70,14100,3.219
2005-05-23,3.70,3.96,3.70,3.77,59900,3.2799
2005-05-20,3.86,3.96,3.771,3.85,13700,3.3495
2005-05-19,3.84,3.999,3.80,3.80,41300,3.306
2005-05-18,3.71,3.95,3.50,3.83,49600,3.3321
2005-05-17,3.73,4.06,3.71,3.77,25400,3.2799
2005-05-16,3.60,3.65,3.50,3.63,14900,3.1581
2005-05-13,3.80,3.91,3.50,3.54,51300,3.0798
2005-05-12,3.73,3.78,3.68,3.74,41400,3.2538
2005-05-11,4.01,4.01,3.74,3.75,34800,3.2625
2005-05-10,4.01,4.13,3.86,3.90,67400,3.393
2005-05-09,4.29,4.29,4.10,4.13,32200,3.593
2005-05-06,4.39,4.39,4.00,4.14,57400,3.6017
2005-05-05,3.99,4.00,3.75,3.94,70100,3.4278
2005-05-04,3.82,4.04,3.76,3.90,26300,3.393
2005-05-03,3.92,3.96,3.70,3.90,116000,3.393
2005-05-02,3.84,3.86,3.75,3.82,37200,3.3234
2005-04-29,3.81,3.82,3.50,3.78,80400,3.2886
2005-04-28,4.59,4.65,3.87,3.87,250100,3.3669
2005-04-27,5.05,5.05,4.79,4.80,32800,4.1759
2005-04-26,4.85,5.20,4.85,5.02,20900,4.3673
2005-04-25,5.01,5.08,4.841,4.87,21000,4.2368
2005-04-22,5.09,5.09,4.99,5.02,27700,4.3673
2005-04-21,5.25,5.25,4.94,4.99,25900,4.3412
2005-04-20,5.05,5.05,4.94,4.96,35100,4.3151
2005-04-19,5.10,5.10,4.92,4.92,74000,4.2803
2005-04-18,5.55,5.579,5.03,5.12,39800,4.4543
2005-04-15,5.51,5.55,5.46,5.53,14500,4.811
2005-04-14,5.611,5.79,5.50,5.79,37800,5.0372
2005-04-13,5.799,5.799,5.60,5.63,12700,4.898
2005-04-12,5.70,5.82,5.60,5.73,25800,4.985
2005-04-11,5.98,5.98,5.77,5.77,19400,5.0198
2005-04-08,5.95,5.98,5.86,5.94,11400,5.1677
2005-04-07,6.00,6.10,5.95,5.95,22700,5.1764
2005-04-06,5.91,6.20,5.87,6.09,11800,5.2982
2005-04-05,5.72,6.10,5.69,5.93,24000,5.159
2005-04-04,5.85,6.00,5.63,5.70,57800,4.9589
2005-04-01,6.34,6.59,5.77,5.97,49000,5.1938
2005-03-31,5.96,6.39,5.96,6.29,34400,5.4722
2005-03-30,5.61,6.09,5.61,6.00,35600,5.2199
2005-03-29,5.72,6.15,5.60,5.61,57800,4.8806
2005-03-28,5.62,5.76,5.62,5.712,23700,4.9694
2005-03-24,5.64,5.748,5.64,5.69,4400,4.9502
2005-03-23,5.85,5.93,5.66,5.684,46100,4.945
2005-03-22,5.94,6.09,5.72,5.75,79100,5.0024
2005-03-21,6.26,6.37,5.93,5.94,76100,5.1677
2005-03-18,6.19,6.29,6.19,6.26,27700,5.4461
2005-03-17,6.22,6.37,6.22,6.24,51100,5.4287
2005-03-16,6.31,6.44,6.26,6.26,31900,5.4461
2005-03-15,6.28,6.47,6.28,6.32,71800,5.4983
2005-03-14,6.36,6.553,6.35,6.35,35600,5.5244
2005-03-11,6.41,6.53,6.37,6.37,31900,5.5418
2005-03-10,6.46,6.68,6.38,6.40,55300,5.5679
2005-03-09,6.42,6.55,6.41,6.51,37400,5.6636
2005-03-08,6.49,6.56,6.43,6.46,57500,5.6201
2005-03-07,6.51,6.96,6.51,6.57,45400,5.7158
2005-03-04,6.79,7.07,6.45,6.51,106000,5.6636
2005-03-03,6.35,6.83,6.23,6.79,143700,5.9072
2005-03-02,5.74,6.35,5.63,6.28,92900,5.4635
2005-03-01,5.51,5.65,5.50,5.59,44400,4.8632
2005-02-28,5.38,5.54,5.30,5.48,33600,4.7675
2005-02-25,5.37,5.69,5.30,5.36,85400,4.6631
2005-02-24,5.37,5.49,5.34,5.34,97200,4.6457
2005-02-23,5.43,5.69,5.41,5.41,54200,4.7066
2005-02-22,5.50,5.84,5.43,5.44,130800,4.7327
2005-02-18,5.62,5.63,5.48,5.48,23900,4.7675
2005-02-17,5.55,5.57,5.50,5.57,86600,4.8458
2005-02-16,5.57,5.60,5.54,5.55,43900,4.8284
2005-02-15,5.79,5.79,5.56,5.56,77600,4.8371
2005-02-14,5.76,5.87,5.60,5.83,47300,5.072
2005-02-11,5.61,5.87,5.61,5.62,38600,4.8893
2005-02-10,5.72,5.72,5.50,5.67,75100,4.9328
2005-02-09,5.82,5.82,5.70,5.71,192900,4.9676
2005-02-08,5.90,6.02,5.82,5.83,36400,5.072
2005-02-07,5.85,5.88,5.80,5.81,22600,5.0546
2005-02-04,5.96,5.96,5.83,5.88,126100,5.1155
2005-02-03,5.96,6.13,5.83,5.95,45100,5.1764
2005-02-02,5.86,6.05,5.86,6.01,138200,5.2286
2005-02-01,6.10,6.23,5.96,6.01,147100,5.2286
2005-01-31,5.87,6.22,5.85,6.12,140800,5.3243
2005-01-28,5.50,5.94,5.43,5.92,182900,5.1503
2005-01-27,5.48,5.82,5.13,5.48,354400,4.7675
2005-01-26,7.08,7.089,6.47,6.51,93400,5.6636
2005-01-25,7.03,7.13,6.99,7.01,31100,6.0986
2005-01-24,7.16,7.173,6.94,7.00,106200,6.0899
2005-01-21,7.19,7.47,7.10,7.17,33800,6.2378
2005-01-20,7.34,7.45,7.00,7.01,39900,6.0986
2005-01-19,7.83,7.83,7.41,7.48,58100,6.5075
2005-01-18,7.49,7.76,7.21,7.70,72700,6.6989
2005-01-14,7.22,7.47,7.06,7.11,98300,6.1856
2005-01-13,7.18,7.18,6.98,7.05,31000,6.1334
2005-01-12,6.79,7.05,6.79,6.98,33600,6.0725
2005-01-11,7.13,7.19,6.73,6.88,133400,5.9855
2005-01-10,7.40,7.60,7.16,7.20,90300,6.2639
2005-01-07,7.60,7.76,7.47,7.63,91600,6.638
2005-01-06,7.62,7.94,7.62,7.65,143200,6.6554
2005-01-05,8.34,8.50,7.33,7.70,318200,6.6989
2005-01-04,8.52,8.86,8.41,8.50,130100,7.3949
2005-01-03,8.71,8.73,8.50,8.60,123300,7.4819
2004-12-31,8.57,8.60,8.13,8.51,142900,7.4036
2004-12-30,8.60,8.74,8.351,8.50,137600,7.3949
2004-12-29,8.37,8.62,8.27,8.51,187500,7.4036
2004-12-28,7.75,8.48,7.61,8.37,226300,7.2818
2004-12-27,7.51,7.75,7.506,7.68,59700,6.6815
2004-12-23,7.60,7.74,7.55,7.61,71000,6.6206
2004-12-22,7.25,7.70,7.25,7.61,94600,6.6206
2004-12-21,7.65,7.65,7.27,7.40,127100,6.4379
2004-12-20,7.45,7.66,7.25,7.45,189600,6.4814
2004-12-17,7.35,7.45,7.31,7.31,123300,6.3596
2004-12-16,7.00,7.50,7.00,7.37,294000,6.4118
2004-12-15,7.06,7.10,6.86,7.04,95100,6.1247
2004-12-14,6.92,7.09,6.69,6.88,185100,5.9855
2004-12-13,6.60,6.95,6.54,6.88,114900,5.9855
2004-12-10,6.49,6.69,6.49,6.52,47400,5.6723
2004-12-09,6.38,6.71,6.38,6.53,61000,5.681
2004-12-08,6.70,6.70,6.38,6.42,139300,5.5853
2004-12-07,6.73,6.73,6.40,6.412,87600,5.5784
2004-12-06,6.58,6.67,6.44,6.54,104900,5.6897
2004-12-03,6.58,6.58,6.35,6.40,52800,5.5679
2004-12-02,6.54,6.75,6.43,6.50,59200,5.6549
2004-12-01,6.37,6.75,6.37,6.64,70100,5.7767
2004-11-30,6.90,6.90,6.35,6.37,87300,5.5418
2004-11-29,6.75,7.02,6.534,6.58,74600,5.7245
2004-11-26,6.60,6.79,6.60,6.70,35500,5.8289
2004-11-24,6.32,6.78,6.32,6.66,56100,5.7941
2004-11-23,6.36,6.75,6.36,6.45,74400,5.6114
2004-11-22,6.49,6.60,6.16,6.44,173200,5.6027
2004-11-19,6.51,6.82,6.49,6.51,104300,5.6636
2004-11-18,6.76,6.88,6.56,6.60,197600,5.7419
2004-11-17,6.89,7.09,6.66,6.78,295000,5.8985
2004-11-16,7.07,7.18,6.83,6.85,128000,5.9594
2004-11-15,7.40,7.40,7.07,7.19,105500,6.2552
2004-11-12,7.40,7.40,7.02,7.13,121400,6.203
2004-11-11,7.60,7.66,7.14,7.20,169300,6.2639
2004-11-10,7.34,7.67,7.34,7.60,138800,6.6119
2004-11-09,7.70,7.70,7.16,7.499,98700,6.524
2004-11-08,7.30,7.74,7.30,7.50,211900,6.5249
2004-11-05,7.54,7.54,7.05,7.26,206800,6.3161
2004-11-04,7.00,7.50,7.00,7.31,180400,6.3596
2004-11-03,7.25,7.25,7.10,7.21,212600,6.2726
2004-11-02,6.92,7.25,6.89,6.991,255600,6.0821
2004-11-01,7.23,7.23,6.83,6.84,382900,5.9507
2004-10-29,7.00,7.65,6.71,6.87,427500,5.9768
2004-10-28,7.56,8.10,7.04,7.04,1017200,6.1247
2004-10-27,6.79,6.79,6.40,6.53,354800,5.681
2004-10-26,7.15,7.43,6.22,6.67,1024800,5.8028
2004-10-25,9.25,9.40,6.55,6.599,1787400,5.741
2004-10-22,9.77,10.11,9.44,9.48,146400,8.2475
2004-10-21,9.65,10.01,9.65,9.93,92600,8.639
2004-10-20,10.25,10.33,9.63,9.719,307300,8.4554
2004-10-19,10.41,10.59,9.77,10.20,175600,8.8739
2004-10-18,10.14,10.23,9.85,10.00,91200,8.6999
2004-10-15,9.77,10.50,9.77,10.05,126300,8.7434
2004-10-14,10.66,10.72,9.79,9.869,177000,8.5859
2004-10-13,10.23,10.60,9.41,10.41,540800,9.0566
2004-10-12,10.32,10.50,10.03,10.08,161800,8.7695
2004-10-11,10.72,10.73,10.15,10.60,72500,9.2219
2004-10-08,10.70,11.08,10.17,10.45,192400,9.0914
2004-10-07,11.10,11.10,10.71,10.99,236400,9.5612
2004-10-06,11.23,11.34,10.36,10.94,423200,9.5177
2004-10-05,11.30,11.61,10.62,11.23,526900,9.77
2004-10-04,11.10,11.70,10.40,11.47,938400,9.9788
2004-10-01,11.05,11.10,10.50,10.921,634800,9.5011
2004-09-30,9.62,10.55,9.58,10.51,564800,9.1436
2004-09-29,9.36,9.80,9.22,9.57,396400,8.3258
2004-09-28,8.26,9.38,8.26,9.24,607200,8.0387
2004-09-27,7.66,8.30,7.61,8.24,436300,7.1687
2004-09-24,7.30,7.59,7.30,7.56,115000,6.5771
2004-09-23,7.468,7.71,7.467,7.71,62900,6.7076
2004-09-22,7.82,7.84,7.49,7.58,77300,6.5945
2004-09-21,7.75,7.89,7.45,7.64,109900,6.6467
2004-09-20,7.56,7.74,7.39,7.58,286300,6.5945
2004-09-17,7.51,7.74,7.30,7.50,193800,6.5249
2004-09-16,7.17,7.57,7.07,7.34,356000,6.3857
2004-09-15,6.95,7.35,6.83,6.99,349100,6.0812
2004-09-14,7.37,7.59,6.89,6.98,301900,6.0725
2004-09-13,5.75,7.27,5.71,7.24,645200,6.2987
2004-09-10,5.70,5.87,5.37,5.56,48700,4.8371
2004-09-09,5.73,5.73,5.52,5.55,29300,4.8284
2004-09-08,5.72,5.91,5.49,5.55,35500,4.8284
2004-09-07,5.70,6.05,5.70,6.05,61400,5.2634
2004-09-03,5.91,6.02,5.70,5.92,96400,5.1503
2004-09-02,5.90,6.07,5.85,5.87,183200,5.1068
2004-09-01,5.91,6.13,5.68,5.72,103000,4.9763
2004-08-31,6.02,6.49,5.65,5.79,338300,5.0372
2004-08-30,6.21,6.27,5.98,5.99,79400,5.2112
2004-08-27,6.57,6.64,5.95,6.27,257800,5.4548
2004-08-26,6.21,6.51,6.11,6.45,500600,5.6114
2004-08-25,5.04,6.30,5.04,6.18,706900,5.3765
2004-08-24,4.51,5.30,4.51,5.22,218600,4.5413
2004-08-23,4.76,4.87,4.60,4.64,44900,4.0367
2004-08-20,4.95,4.96,4.91,4.92,37100,4.2803
2004-08-19,5.10,5.16,4.80,4.91,119900,4.2716
