Date,Open,High,Low,Close,Volume,Adj Close
2016-04-15,21.52,21.98,21.469999,21.85,405700,21.85
2016-04-14,21.629999,21.889999,21.42,21.629999,823600,21.629999
2016-04-13,20.85,21.639999,20.691999,21.629999,657000,21.629999
2016-04-12,20.00,20.74,19.99,20.68,1020800,20.68
2016-04-11,21.09,21.27,19.629999,19.940001,1358200,19.940001
2016-04-08,20.860001,21.219999,20.57,21.09,1792500,21.09
2016-04-07,21.190001,21.290001,20.700001,20.73,1341200,20.73
2016-04-06,21.209999,22.00,20.049999,21.26,2287000,21.26
2016-04-05,21.73,21.870001,20.870001,21.08,2099500,21.08
2016-04-04,23.25,23.43,22.00,22.09,1438000,22.09
2016-04-01,23.950001,23.950001,22.860001,23.450001,1407500,23.450001
2016-03-31,23.049999,23.995001,22.809999,23.73,1454100,23.73
2016-03-30,23.49,23.969999,23.040001,23.049999,772300,23.049999
2016-03-29,22.26,23.559999,22.26,23.34,1279700,23.34
2016-03-28,22.35,22.780001,22.040001,22.41,715900,22.41
2016-03-24,22.129999,22.684999,22.02,22.530001,845300,22.530001
2016-03-23,22.83,23.469999,22.09,22.360001,1535400,22.360001
2016-03-22,23.60,24.50,22.809999,23.02,2375700,23.02
2016-03-21,22.16,23.09,22.013,22.76,834500,22.76
2016-03-18,22.459999,22.860001,22.09,22.32,1311100,22.32
2016-03-17,22.60,22.93,22.17,22.200001,814100,22.200001
2016-03-16,21.65,22.98,21.620001,22.77,598700,22.77
2016-03-15,22.639999,22.639999,21.690001,21.809999,1095200,21.809999
2016-03-14,22.700001,23.02,22.559999,22.870001,637400,22.870001
2016-03-11,22.719999,23.120001,22.459999,23.08,745300,23.08
2016-03-10,22.67,22.75,21.860001,22.52,1141800,22.52
2016-03-09,24.10,24.129999,22.290001,22.440001,2079800,22.440001
2016-03-08,23.299999,24.639999,23.23,24.27,1592600,24.27
2016-03-07,23.00,24.190001,23.00,23.549999,1180700,23.549999
2016-03-04,23.370001,24.16,22.75,23.280001,1244400,23.280001
2016-03-03,22.370001,24.01,22.299999,23.370001,2311500,23.370001
2016-03-02,21.83,22.52,21.82,22.379999,1620600,22.379999
2016-03-01,22.27,22.65,21.08,21.459999,2234200,21.459999
2016-02-29,21.10,22.02,20.969999,21.60,2389000,21.60
2016-02-26,21.00,21.26,20.309999,21.01,1594900,21.01
2016-02-25,20.34,21.25,20.34,21.00,1736200,21.00
2016-02-24,20.50,20.77,19.27,20.200001,2010600,20.200001
2016-02-23,20.50,22.139999,20.450001,20.77,2906700,20.77
2016-02-22,20.370001,20.82,19.50,20.00,2617300,20.00
2016-02-19,19.73,20.48,19.120001,20.309999,1798300,20.309999
2016-02-18,19.290001,19.950001,18.84,19.549999,1584300,19.549999
2016-02-17,18.940001,20.34,18.65,19.379999,1829000,19.379999
2016-02-16,17.92,19.40,17.209999,18.83,2665500,18.83
2016-02-12,18.00,18.559999,16.610001,17.809999,6568000,17.809999
2016-02-11,16.33,18.780001,16.280001,17.969999,4842000,17.969999
2016-02-10,16.200001,17.07,16.09,16.780001,1989800,16.780001
2016-02-09,15.67,16.610001,15.62,16.200001,2995700,16.200001
2016-02-08,16.65,16.83,15.36,16.01,4617900,16.01
2016-02-05,18.34,18.34,16.709999,16.92,3164700,16.92
2016-02-04,17.620001,18.459999,17.16,18.43,1812000,18.43
2016-02-03,18.00,18.639999,17.280001,17.65,1603000,17.65
2016-02-02,19.059999,19.370001,17.67,17.92,1383400,17.92
2016-02-01,20.469999,20.51,19.059999,19.25,2038800,19.25
2016-01-29,19.52,20.52,19.52,20.50,1325300,20.50
2016-01-28,19.99,20.32,19.475,19.50,1376300,19.50
2016-01-27,20.01,20.549999,19.584999,19.65,982200,19.65
2016-01-26,19.65,20.17,19.15,20.120001,2061300,20.120001
2016-01-25,20.08,20.74,19.66,19.75,1191200,19.75
2016-01-22,19.120001,20.309999,19.120001,20.18,1685900,20.18
2016-01-21,19.690001,19.73,18.85,18.940001,2047800,18.940001
2016-01-20,20.59,20.719999,19.08,19.530001,2842900,19.530001
2016-01-19,20.93,21.059999,20.190001,20.67,3169000,20.67
2016-01-15,20.40,21.200001,20.16,20.83,3363000,20.83
2016-01-14,21.40,21.49,19.83,20.77,2615800,20.77
2016-01-13,22.33,23.00,21.309999,21.450001,2379400,21.450001
2016-01-12,22.17,22.51,21.73,22.34,1226000,22.34
2016-01-11,22.280001,22.35,21.889999,22.16,1213500,22.16
2016-01-08,21.66,22.395,21.591,22.10,1056500,22.10
2016-01-07,21.49,22.02,21.43,21.50,1176400,21.50
2016-01-06,21.719999,22.334999,21.50,21.959999,1087800,21.959999
2016-01-05,22.209999,22.870001,21.35,21.99,1250300,21.99
2016-01-04,23.08,23.33,22.07,22.110001,1502500,22.110001
2015-12-31,24.209999,24.24,23.48,23.48,1046100,23.48
2015-12-30,24.18,24.82,24.17,24.24,535800,24.24
2015-12-29,23.93,24.51,23.879999,24.17,526600,24.17
2015-12-28,24.27,24.459999,23.82,23.950001,344500,23.950001
2015-12-24,24.00,24.60,23.93,24.41,297500,24.41
2015-12-23,23.92,24.23,23.620001,24.08,978200,24.08
2015-12-22,24.049999,24.49,23.360001,23.950001,847100,23.950001
2015-12-21,24.860001,25.059999,24.049999,24.09,914800,24.09
2015-12-18,24.389999,24.934,24.09,24.610001,1105000,24.610001
2015-12-17,25.459999,25.459999,24.030001,24.43,1356100,24.43
2015-12-16,24.799999,25.59,24.629999,25.459999,1367900,25.459999
2015-12-15,23.719999,24.870001,23.49,24.559999,1739500,24.559999
2015-12-14,23.15,24.049999,22.799999,23.549999,1106400,23.549999
2015-12-11,23.35,24.389999,23.139999,23.280001,1493600,23.280001
2015-12-10,23.549999,23.74,23.00,23.459999,1114200,23.459999
2015-12-09,24.629999,24.889999,23.26,23.57,1802500,23.57
2015-12-08,24.42,25.059999,24.25,24.709999,1153100,24.709999
2015-12-07,24.50,25.190001,24.25,24.950001,839500,24.950001
2015-12-04,24.58,24.799999,23.91,24.66,663200,24.66
2015-12-03,24.76,25.00,23.59,24.50,785500,24.50
2015-12-02,24.200001,24.870001,24.18,24.65,673600,24.65
2015-12-01,24.51,24.83,24.09,24.10,1206700,24.10
2015-11-30,24.82,25.25,24.16,24.65,1253600,24.65
2015-11-27,24.77,24.93,24.25,24.549999,272400,24.549999
2015-11-25,24.74,25.059999,24.379999,24.940001,604700,24.940001
2015-11-24,23.99,24.85,23.85,24.809999,508100,24.809999
2015-11-23,25.040001,25.33,24.23,24.48,929000,24.48
2015-11-20,25.200001,25.799999,25.01,25.290001,625500,25.290001
2015-11-19,25.18,25.559999,25.049999,25.23,654700,25.23
2015-11-18,24.709999,25.459999,24.59,25.280001,758400,25.280001
2015-11-17,23.67,24.860001,23.379999,24.709999,1362100,24.709999
2015-11-16,23.18,24.110001,23.16,23.73,766900,23.73
2015-11-13,23.66,23.870001,23.110001,23.27,1078500,23.27
2015-11-12,24.33,24.389999,23.639999,23.790001,1118700,23.790001
2015-11-11,24.57,24.75,24.07,24.360001,840200,24.360001
2015-11-10,25.309999,25.309999,24.200001,24.40,1747500,24.40
2015-11-09,25.530001,25.92,25.25,25.299999,792000,25.299999
2015-11-06,26.049999,26.25,24.83,25.48,1946000,25.48
2015-11-05,27.639999,27.639999,25.309999,25.790001,2527000,25.790001
2015-11-04,27.799999,28.33,26.51,27.65,6257700,27.65
2015-11-03,28.290001,30.25,28.219999,29.50,3770200,29.50
2015-11-02,27.75,29.426001,27.75,28.459999,2002400,28.459999
2015-10-30,27.49,28.030001,26.389999,27.690001,1850200,27.690001
2015-10-29,28.57,28.93,27.40,27.57,960900,27.57
2015-10-28,28.620001,28.700001,27.83,28.23,1211000,28.23
2015-10-27,29.370001,29.666,27.85,28.459999,1659600,28.459999
2015-10-26,30.030001,30.24,29.40,29.43,1001400,29.43
2015-10-23,30.58,30.799999,29.90,29.99,539700,29.99
2015-10-22,30.07,30.85,29.870001,29.950001,991200,29.950001
2015-10-21,30.90,31.700001,29.110001,29.889999,1368700,29.889999
2015-10-20,30.620001,31.58,30.620001,31.16,613300,31.16
2015-10-19,30.469999,31.120001,30.32,30.66,852000,30.66
2015-10-16,31.35,31.59,30.129999,30.450001,1237700,30.450001
2015-10-15,31.99,32.630001,30.809999,31.15,1157500,31.15
2015-10-14,31.75,32.355,31.379999,31.870001,790000,31.870001
2015-10-13,31.540001,32.969002,31.360001,31.65,1066000,31.65
2015-10-12,33.369999,33.619999,31.110001,32.00,1386500,32.00
2015-10-09,31.610001,33.52,31.51,33.450001,2462900,33.450001
2015-10-08,29.780001,31.75,29.662001,31.60,2383400,31.60
2015-10-07,28.719999,30.129999,28.120001,29.99,976700,29.99
2015-10-06,26.889999,28.959999,26.889999,28.549999,1141900,28.549999
2015-10-05,26.549999,27.469999,26.42,27.120001,515600,27.120001
2015-10-02,25.84,26.90,25.700001,26.559999,1114400,26.559999
2015-10-01,27.030001,27.120001,25.67,26.110001,1632900,26.110001
2015-09-30,27.700001,27.870001,26.530001,27.00,1524800,27.00
2015-09-29,27.559999,28.01,27.18,27.50,987000,27.50
2015-09-28,27.629999,28.334999,26.790001,27.58,1530600,27.58
2015-09-25,27.58,28.51,27.57,27.90,1277500,27.90
2015-09-24,27.41,27.51,27.049999,27.26,678000,27.26
2015-09-23,27.35,27.610001,27.00,27.49,490000,27.49
2015-09-22,27.08,27.67,26.879999,27.26,1014400,27.26
2015-09-21,28.15,28.35,27.27,27.360001,1082900,27.360001
2015-09-18,27.50,28.540001,26.756001,28.07,2974100,28.07
2015-09-17,27.610001,28.059999,27.27,27.91,1120000,27.91
2015-09-16,27.620001,27.950001,27.35,27.450001,1229900,27.450001
2015-09-15,26.33,27.788,26.120001,27.65,1745000,27.65
2015-09-14,25.90,26.50,25.75,26.120001,602600,26.120001
2015-09-11,25.33,26.00,24.700001,25.870001,1554500,25.870001
2015-09-10,24.98,26.059999,24.90,25.450001,1082900,25.450001
2015-09-09,25.49,26.10,24.870001,25.07,1404700,25.07
2015-09-08,25.48,25.85,25.23,25.24,712300,25.24
2015-09-04,25.17,25.49,24.84,25.07,733000,25.07
2015-09-03,25.26,25.73,24.629999,25.51,903600,25.51
2015-09-02,24.83,26.200001,24.83,25.32,1687300,25.32
2015-09-01,24.049999,24.889999,24.01,24.43,915200,24.43
2015-08-31,24.66,24.92,24.24,24.66,1157600,24.66
2015-08-28,25.120001,25.719999,24.709999,24.860001,829300,24.860001
2015-08-27,25.290001,25.450001,24.639999,25.16,1641500,25.16
2015-08-26,25.049999,26.25,24.209999,25.00,2088700,25.00
2015-08-25,25.49,25.540001,24.290001,24.60,2027500,24.60
2015-08-24,23.93,25.18,23.00,24.370001,3408200,24.370001
2015-08-21,24.889999,26.85,24.50,25.18,3243600,25.18
2015-08-20,26.40,26.50,25.025999,25.17,1584900,25.17
2015-08-19,25.60,27.09,25.49,26.77,1750200,26.77
2015-08-18,24.65,26.950001,24.50,26.059999,3140300,26.059999
2015-08-17,26.58,26.719999,24.35,24.799999,2090200,24.799999
2015-08-14,26.129999,26.209999,24.66,25.190001,103300,25.190001
2015-08-13,26.00,26.60,25.76,26.200001,229600,26.200001
2015-08-12,25.00,26.209999,25.00,25.99,172600,25.99
2015-08-11,25.440001,26.02,24.559999,25.379999,141000,25.379999
2015-08-10,25.76,26.50,25.459999,26.139999,51400,26.139999
2015-08-07,27.50,27.50,24.200001,26.50,52200,26.50
2015-08-06,24.809999,26.950001,22.99,26.950001,73100,26.950001
2015-08-05,27.110001,27.469999,24.559999,25.24,107700,25.24
2015-08-04,27.00,27.030001,24.610001,25.799999,129100,25.799999
2015-08-03,27.65,28.82,25.719999,27.74,144700,27.74
