Date,Open,High,Low,Close,Volume,Adj Close
2012-12-31,0.03,0.0433,0.03,0.03,11900,0.03
2012-12-28,0.03,0.03,0.03,0.03,3100,0.03
2012-12-27,0.039,0.039,0.039,0.039,1100,0.039
2012-12-26,0.06,0.06,0.03,0.03,2400,0.03
2012-12-24,0.135,0.1461,0.06,0.06,1500,0.06
2012-12-21,0.14,0.14,0.1201,0.1201,900,0.1201
2012-12-20,0.28,0.28,0.1201,0.1201,900,0.1201
2012-12-19,0.1539,0.4377,0.1208,0.1208,1900,0.1208
2012-12-18,0.13,0.13,0.13,0.13,300,0.13
2012-12-13,0.1701,0.18,0.13,0.13,3200,0.13
2012-12-11,0.17,0.17,0.17,0.17,200,0.17
2012-12-10,0.15,0.15,0.15,0.15,100,0.15
2012-12-06,0.16,0.16,0.16,0.16,100,0.16
2012-12-05,0.16,0.16,0.15,0.15,200,0.15
2012-12-03,0.15,0.15,0.15,0.15,200,0.15
2012-11-20,0.15,0.15,0.15,0.15,1400,0.15
2012-11-16,0.14,0.14,0.14,0.14,300,0.14
2012-11-14,0.1548,0.1548,0.1448,0.1448,400,0.1448
2012-10-26,0.30,0.30,0.30,0.30,400,0.30
2012-10-24,0.3555,0.3556,0.3555,0.3556,200,0.3556
2012-10-23,0.37,0.38,0.37,0.37,1900,0.37
2012-10-22,0.50,0.70,0.37,0.4055,2100,0.4055
2012-10-19,0.31,0.31,0.30,0.30,800,0.30
2012-10-16,0.36,0.36,0.36,0.36,800,0.36
2012-10-12,0.2934,0.3599,0.2934,0.3599,400,0.3599
2012-10-10,0.36,0.36,0.32,0.3201,700,0.3201
2012-10-09,0.36,0.36,0.32,0.36,2100,0.36
2012-10-08,0.134,0.134,0.134,0.134,100,0.134
2012-10-05,0.25,0.25,0.113,0.113,1600,0.113
2012-10-01,0.3054,0.3054,0.3054,0.3054,200,0.3054
2012-09-26,0.34,0.36,0.34,0.36,1600,0.36
2012-09-24,0.33,0.33,0.3016,0.3016,200,0.3016
2012-09-18,0.24,0.24,0.24,0.24,1000,0.24
2012-09-12,0.30,0.40,0.30,0.38,8100,0.38
2012-09-04,0.16,0.16,0.14,0.14,600,0.14
2012-08-31,0.20,0.20,0.20,0.20,300,0.20
2012-08-20,0.22,0.22,0.20,0.20,300,0.20
2012-08-17,0.30,0.30,0.22,0.22,500,0.22
2012-08-13,0.35,0.35,0.245,0.34,5500,0.34
2012-08-10,0.36,0.36,0.35,0.35,1500,0.35
2012-07-25,0.46,0.37,0.3501,0.3501,2300,0.3501
2012-07-24,0.37,0.37,0.3501,0.37,400,0.37
2012-07-19,0.3501,0.3501,0.3501,0.3501,500,0.3501
2012-07-11,0.40,0.40,0.40,0.40,100,0.40
2012-07-02,0.35,0.35,0.35,0.35,200,0.35
2012-06-27,0.40,0.40,0.40,0.40,100,0.40
2012-06-25,0.5017,0.5017,0.5017,0.5017,100,0.5017
2012-06-21,0.5117,0.5517,0.5117,0.5517,200,0.5517
2012-06-15,0.7265,0.7265,0.7166,0.7166,800,0.7166
2012-06-14,0.65,0.7166,0.60,0.7166,2200,0.7166
2012-06-11,0.36,0.3601,0.35,0.3501,2000,0.3501
2012-06-04,0.38,0.40,0.38,0.40,700,0.40
2012-05-31,0.40,0.40,0.35,0.35,3500,0.35
2012-05-29,0.45,0.45,0.45,0.45,900,0.45
2012-05-21,0.42,0.42,0.42,0.42,500,0.42
2012-05-18,0.45,0.45,0.45,0.45,000,0.45
2012-05-16,0.45,0.45,0.37,0.40,1300,0.40
2012-05-15,0.5548,0.5548,0.5225,0.5499,1000,0.5499
2012-05-11,0.46,0.4629,0.35,0.4629,800,0.4629
2012-05-08,0.5555,0.5555,0.5555,0.5555,1000,0.5555
2012-05-07,0.56,0.56,0.56,0.56,500,0.56
2012-05-04,0.38,0.39,0.38,0.39,200,0.39
2012-05-03,0.37,0.37,0.3501,0.37,300,0.37
2012-04-30,0.35,0.35,0.35,0.35,100,0.35
2012-04-26,0.46,0.47,0.42,0.42,1900,0.42
2012-04-25,0.56,0.56,0.56,0.56,200,0.56
2012-04-24,0.6099,0.6099,0.6099,0.6099,300,0.6099
2012-04-17,0.43,0.48,0.42,0.42,1300,0.42
2012-04-16,0.46,0.49,0.46,0.49,300,0.49
2012-04-12,0.78,0.78,0.40,0.46,3300,0.46
2012-04-11,0.52,0.52,0.4901,0.4901,2200,0.4901
2012-04-09,0.4801,0.4801,0.4801,0.4801,100,0.4801
2012-04-05,0.45,0.47,0.45,0.47,600,0.47
2012-03-28,0.50,0.50,0.50,0.50,100,0.50
2012-03-27,0.49,0.49,0.49,0.49,400,0.49
2012-03-23,0.55,0.55,0.55,0.55,700,0.55
2012-03-21,0.57,0.57,0.55,0.552,2000,0.552
2012-03-20,0.55,0.55,0.55,0.55,200,0.55
2012-03-19,0.55,0.55,0.55,0.55,300,0.55
2012-03-16,0.59,0.60,0.59,0.60,2400,0.60
2012-03-14,0.49,0.49,0.44,0.44,300,0.44
2012-03-13,0.599,0.599,0.599,0.599,200,0.599
2012-03-12,0.60,0.60,0.60,0.60,100,0.60
2012-03-09,0.56,0.60,0.56,0.60,1800,0.60
2012-03-07,0.56,0.56,0.56,0.56,200,0.56
2012-03-06,0.36,0.5599,0.34,0.5599,1600,0.5599
2012-03-05,0.55,0.60,0.41,0.41,4900,0.41
2012-03-02,0.53,0.53,0.53,0.53,200,0.53
2012-02-29,0.611,0.611,0.611,0.611,500,0.611
2012-02-28,0.7175,0.7175,0.7175,0.7175,100,0.7175
2012-02-27,0.75,0.75,0.75,0.75,100,0.75
2012-02-24,0.79,0.79,0.60,0.69,1500,0.69
2012-02-23,0.82,0.82,0.82,0.82,5000,0.82
2012-02-22,0.8838,0.90,0.75,0.80,3000,0.80
2012-02-21,0.65,0.83,0.60,0.65,10600,0.65
2012-02-10,0.58,0.58,0.58,0.58,100,0.58
2012-02-09,0.50,0.52,0.50,0.52,500,0.52
2012-02-07,0.45,0.45,0.45,0.45,100,0.45
2012-01-30,0.50,0.50,0.45,0.45,10100,0.45
2012-01-27,0.52,0.52,0.52,0.52,200,0.52
2012-01-25,0.501,0.501,0.501,0.501,500,0.501
2012-01-24,0.501,0.501,0.501,0.501,1300,0.501
2012-01-23,0.65,0.65,0.65,0.65,100,0.65
2012-01-19,0.66,0.66,0.66,0.66,000,0.66
2012-01-18,0.65,0.65,0.65,0.65,1200,0.65
2012-01-13,0.65,0.65,0.65,0.65,1800,0.65
2012-01-12,0.66,0.66,0.65,0.65,500,0.65
2012-01-10,0.6682,0.6682,0.6682,0.6682,800,0.6682
2012-01-06,0.65,0.65,0.65,0.65,200,0.65
2012-01-04,0.84,0.86,0.84,0.86,4100,0.86
2012-01-03,0.5348,0.85,0.5348,0.81,2000,0.81
2011-12-30,0.65,0.65,0.65,0.65,500,0.65
2011-12-29,1.10,1.10,0.72,0.7501,7800,0.7501
2011-12-28,0.6609,0.75,0.60,0.74,1300,0.74
2011-12-27,0.77,0.77,0.59,0.59,4000,0.59
2011-12-23,0.54,0.54,0.40,0.42,3300,0.42
2011-12-22,0.45,0.45,0.35,0.35,1400,0.35
2011-12-21,0.62,0.62,0.53,0.53,6600,0.53
2011-12-20,0.74,0.74,0.57,0.57,200,0.57
2011-12-19,0.565,0.565,0.565,0.565,100,0.565
2011-12-14,0.55,0.55,0.55,0.55,100,0.55
2011-12-12,0.7935,0.7935,0.478,0.478,800,0.478
2011-12-06,0.83,0.83,0.83,0.83,100,0.83
2011-12-05,0.54,0.54,0.54,0.54,200,0.54
2011-12-02,0.563,0.563,0.46,0.5039,1400,0.5039
2011-11-29,1.00,1.00,0.6701,0.6701,1300,0.6701
2011-11-28,0.9899,0.9899,0.9899,0.9899,1000,0.9899
2011-11-25,0.947,0.96,0.947,0.96,700,0.96
2011-11-21,0.99,1.00,0.982,0.982,1300,0.982
2011-11-18,0.64,0.97,0.623,0.97,400,0.97
2011-11-16,1.02,1.1699,1.02,1.0401,5600,1.0401
2011-11-15,0.86,0.96,0.86,0.94,3400,0.94
2011-11-11,0.813,0.8201,0.5904,0.61,3400,0.61
2011-11-10,1.20,1.20,0.8501,0.8501,2400,0.8501
2011-11-09,0.75,1.43,0.75,1.00,16600,1.00
2011-11-08,0.30,0.806,0.28,0.80,9800,0.80
2011-11-04,0.23,0.295,0.285,0.295,1000,0.295
2011-11-03,0.24,0.35,0.20,0.2005,1400,0.2005
2011-10-28,0.245,0.245,0.20,0.20,700,0.20
2011-10-27,0.22,0.24,0.22,0.24,1100,0.24
2011-10-26,0.24,0.24,0.24,0.24,000,0.24
2011-10-20,0.21,0.21,0.21,0.21,1900,0.21
2011-10-19,0.26,0.28,0.201,0.201,1000,0.201
2011-10-14,0.32,0.32,0.32,0.32,700,0.32
2011-10-12,0.31,0.34,0.29,0.32,2600,0.32
2011-10-11,0.48,0.48,0.29,0.374,1000,0.374
2011-10-10,0.51,0.80,0.50,0.59,1000,0.59
2011-10-07,0.55,0.6012,0.2009,0.23,8400,0.23
2011-09-29,0.78,0.78,0.525,0.55,800,0.55
2011-09-27,1.02,1.12,0.95,0.95,2300,0.95
2011-09-26,1.05,1.06,1.05,1.06,700,1.06
2011-09-22,1.06,1.06,1.06,1.06,100,1.06
2011-09-19,1.06,1.06,1.0599,1.06,300,1.06
2011-09-16,1.06,1.06,1.00,1.00,800,1.00
2011-09-07,1.07,1.07,1.07,1.07,200,1.07
2011-09-06,1.45,1.49,1.0601,1.0601,900,1.0601
2011-09-01,1.32,1.4999,1.10,1.26,3100,1.26
2011-08-30,1.30,1.578,1.08,1.578,1200,1.578
2011-08-29,1.55,1.60,0.98,1.57,4600,1.57
2011-08-18,1.82,1.92,1.39,1.50,1500,1.50
2011-08-16,1.85,1.85,1.85,1.85,400,1.85
2011-08-12,1.95,1.95,1.80,1.80,300,1.80
2011-08-08,1.95,2.4655,1.85,1.85,1300,1.85
2011-08-05,2.4899,2.4899,2.2499,2.2499,300,2.2499
2011-08-03,2.04,2.06,2.04,2.05,1100,2.05
2011-08-02,2.50,2.50,1.9201,2.08,1300,2.08
2011-08-01,2.47,2.78,1.87,1.87,9100,1.87
2011-07-27,2.26,2.29,2.20,2.20,1000,2.20
2011-07-26,2.35,2.68,2.35,2.3501,2400,2.3501
2011-07-25,2.30,2.30,2.30,2.30,200,2.30
2011-07-22,2.58,2.58,2.58,2.58,300,2.58
2011-07-21,2.57,2.70,2.16,2.63,6300,2.63
2011-07-20,3.00,3.00,2.65,2.70,600,2.70
2011-07-19,2.90,2.90,2.90,2.90,100,2.90
2011-07-15,2.83,2.85,2.83,2.85,1000,2.85
2011-07-13,2.78,2.87,2.76,2.87,400,2.87
2011-07-11,2.90,3.21,2.87,3.21,2800,3.21
2011-07-08,3.19,3.25,3.08,3.20,1400,3.20
2011-07-07,3.07,3.56,2.86,2.87,3400,2.87
2011-07-06,3.07,3.08,2.7999,3.08,3200,3.08
2011-07-05,3.01,3.01,2.82,3.00,1900,3.00
2011-07-01,3.42,3.43,3.42,3.43,500,3.43
2011-06-30,3.16,3.50,3.11,3.17,1600,3.17
2011-06-29,3.14,3.66,2.44,3.66,10900,3.66
2011-06-28,3.31,3.3701,3.21,3.2101,700,3.2101
2011-06-27,3.68,3.71,3.1501,3.36,1800,3.36
2011-06-24,3.71,3.71,3.14,3.15,900,3.15
2011-06-23,3.04,3.78,3.04,3.73,4100,3.73
2011-06-22,3.20,3.94,3.20,3.94,2900,3.94
2011-06-21,3.04,3.23,3.04,3.23,800,3.23
2011-06-20,2.89,2.9799,2.75,2.75,2200,2.75
2011-06-17,2.38,2.7799,2.1001,2.6299,2000,2.6299
2011-06-15,2.51,2.8899,2.31,2.8899,5200,2.8899
2011-06-13,3.20,3.00,3.00,3.00,100,3.00
2011-06-10,2.75,3.20,2.09,3.20,10400,3.20
2011-06-09,3.32,3.32,3.32,3.32,000,3.32
2011-06-08,3.43,3.43,3.10,3.32,1600,3.32
2011-06-07,3.75,3.75,3.40,3.40,500,3.40
2011-06-06,3.86,4.70,3.48,3.60,10200,3.60
2011-06-03,3.73,3.73,3.73,3.73,000,3.73
2011-06-02,3.80,3.89,3.36,3.89,700,3.89
2011-06-01,3.89,3.43,3.43,3.43,100,3.43
2011-05-31,3.95,3.95,3.37,3.89,1400,3.89
2011-05-27,3.30,3.36,3.30,3.36,900,3.36
2011-05-26,3.76,3.76,3.76,3.76,100,3.76
2011-05-25,3.35,3.99,3.08,3.79,4800,3.79
2011-05-24,2.8801,2.92,2.8801,2.92,1200,2.92
2011-05-23,3.60,3.26,2.80,2.80,1000,2.80
2011-05-20,3.26,3.26,3.26,3.26,100,3.26
2011-05-18,3.50,3.55,3.50,3.50,1100,3.50
2011-05-17,3.25,3.5101,3.25,3.25,300,3.25
2011-05-13,3.54,4.198,3.50,3.50,2200,3.50
2011-05-12,3.51,3.55,3.50,3.50,1100,3.50
2011-05-10,3.83,3.85,3.6619,3.84,1300,3.84
2011-05-09,3.9899,3.9899,3.85,3.85,300,3.85
2011-05-06,4.15,4.22,3.7801,3.7801,1200,3.7801
2011-05-05,4.31,4.31,3.53,3.9034,1700,3.9034
2011-05-04,4.32,4.366,3.70,3.97,900,3.97
2011-05-02,4.47,4.47,3.62,4.33,5000,4.33
2011-04-29,4.29,4.5899,4.03,4.564,1200,4.564
2011-04-28,4.275,4.4999,4.00,4.00,8300,4.00
2011-04-27,4.06,4.21,4.04,4.21,600,4.21
2011-04-26,4.40,4.49,4.40,4.49,300,4.49
2011-04-25,4.55,4.57,4.55,4.55,800,4.55
2011-04-21,4.01,4.73,4.01,4.5943,2000,4.5943
2011-04-20,4.25,4.25,4.25,4.25,100,4.25
2011-04-19,4.36,4.36,4.00,4.25,4600,4.25
2011-04-18,4.49,4.65,4.31,4.35,4400,4.35
2011-04-15,4.75,4.75,4.3294,4.49,2000,4.49
2011-04-14,4.75,4.888,4.30,4.30,4700,4.30
2011-04-13,4.87,4.87,4.28,4.46,2700,4.46
2011-04-12,5.67,5.67,4.53,4.53,24700,4.53
2011-04-11,5.75,5.75,4.50,4.81,6900,4.81
2011-04-08,5.50,5.978,5.00,5.00,12500,5.00
2011-04-07,6.69,6.70,5.3201,5.51,16400,5.51
2011-04-06,6.09,6.70,5.8101,6.70,9400,6.70
2011-04-05,5.85,6.00,5.0701,5.50,10600,5.50
2011-04-04,4.70,6.01,4.3301,4.80,15500,4.80
2011-03-31,3.8501,3.89,3.8501,3.89,200,3.89
2011-03-30,4.30,4.69,4.30,4.67,1600,4.67
2011-03-29,4.00,4.00,4.00,4.00,000,4.00
2011-03-28,4.00,4.00,4.00,4.00,600,4.00
2011-03-25,4.00,4.00,3.97,3.97,1100,3.97
2011-03-24,3.90,3.90,3.90,3.90,300,3.90
2011-03-23,3.69,4.00,4.00,4.00,800,4.00
2011-03-22,3.998,4.00,3.998,4.00,300,4.00
2011-03-21,4.73,4.05,4.05,4.05,900,4.05
2011-03-18,4.06,4.30,4.05,4.07,1600,4.07
2011-03-17,4.30,4.32,4.30,4.30,700,4.30
2011-03-16,4.48,4.53,4.30,4.31,3200,4.31
2011-03-15,4.50,5.35,4.50,4.50,2100,4.50
2011-03-14,4.75,4.77,4.51,4.51,1900,4.51
2011-03-11,4.88,4.88,4.76,4.76,200,4.76
2011-03-10,5.51,4.98,4.75,4.75,2400,4.75
2011-03-09,4.86,4.86,4.8101,4.8101,400,4.8101
